Survey,CSA,CBSA,HHEADER,CBSA,,1-unit,,,2-units,,,3-4 units,,,5+ units,,,1-unit rep,,,2-units rep,,,3-4 units rep,,,5+ units rep
Date,Code,Code,,Name,Bldgs,Units,Value,Bldgs,Units,Value,Bldgs,Units,Value,Bldgs,Units,Value,Bldgs,Units,Value,Bldgs,Units,Value,      Bldgs,Units,Value,Bldgs,Units,Value
 
202501,101,10180,2,Abilene  TX ,78,78,22234,2,4,621,0,0,0,0,0,0,75,75,21569,2,4,621,0,0,0,0,0,0
202501,101,45020,5,Sweetwater  TX ,1,1,143,0,0,0,0,0,0,0,0,0,0,0,0,0,0,0,0,0,0,0,0,0
202501,104,10580,2,Albany-Schenectady-Troy  NY ,81,81,34020,0,0,0,1,3,524,7,86,11641,45,45,22562,0,0,0,0,0,0,5,76,10652
202501,104,11220,5,Amsterdam  NY ,4,4,899,0,0,0,0,0,0,0,0,0,1,1,350,0,0,0,0,0,0,0,0,0
202501,104,24020,2,Glens Falls  NY ,10,10,3252,0,0,0,0,0,0,0,0,0,9,9,2960,0,0,0,0,0,0,0,0,0
202501,104,24100,5,Gloversville  NY ,16,16,5297,0,0,0,0,0,0,1,5,1333,13,13,4315,0,0,0,0,0,0,0,0,0
202501,104,26460,5,Hudson  NY ,9,9,4417,0,0,0,0,0,0,0,0,0,2,2,680,0,0,0,0,0,0,0,0,0
202501,105,10740,2,Albuquerque  NM ,116,116,32936,15,30,2773,0,0,0,0,0,0,92,92,25812,15,30,2773,0,0,0,0,0,0
202501,105,29780,5,Las Vegas  NM ,0,0,0,0,0,0,0,0,0,0,0,0,0,0,0,0,0,0,0,0,0,0,0,0
202501,105,31060,5,Los Alamos  NM ,3,3,769,0,0,0,0,0,0,0,0,0,0,0,0,0,0,0,0,0,0,0,0,0
202501,105,42140,2,Santa Fe  NM ,29,29,10178,0,0,0,0,0,0,0,0,0,29,29,10178,0,0,0,0,0,0,0,0,0
202501,106,10900,2,Allentown-Bethlehem-Easton  PA-NJ ,62,62,17302,7,14,2215,0,0,0,1,5,1647,27,27,8065,6,12,2140,0,0,0,0,0,0
202501,106,20700,5,East Stroudsburg  PA ,23,23,8139,0,0,0,0,0,0,0,0,0,17,17,6264,0,0,0,0,0,0,0,0,0
202501,107,11020,2,Altoona  PA ,13,13,5710,0,0,0,1,3,285,0,0,0,9,9,4725,0,0,0,0,0,0,0,0,0
202501,107,26500,5,Huntingdon  PA ,2,2,580,0,0,0,0,0,0,0,0,0,0,0,0,0,0,0,0,0,0,0,0,0
202501,108,11100,2,Amarillo  TX ,42,42,12016,0,0,0,0,0,0,0,0,0,40,40,11504,0,0,0,0,0,0,0,0,0
202501,108,14420,5,Borger  TX ,1,1,209,0,0,0,0,0,0,0,0,0,0,0,0,0,0,0,0,0,0,0,0,0
202501,118,11540,2,Appleton  WI ,57,57,19485,0,0,0,0,0,0,0,0,0,52,52,17843,0,0,0,0,0,0,0,0,0
202501,118,36780,2,Oshkosh-Neenah  WI ,13,13,4782,1,2,420,0,0,0,0,0,0,10,10,3751,1,2,420,0,0,0,0,0,0
202501,120,11700,2,Asheville  NC ,166,166,83696,0,0,0,0,0,0,4,128,32811,118,118,71194,0,0,0,0,0,0,3,120,30978
202501,120,14820,5,Brevard  NC ,17,17,10045,0,0,0,0,0,0,1,5,1327,0,0,0,0,0,0,0,0,0,0,0,0
202501,120,48200,5,Waynesville  NC ,24,24,9399,1,2,257,0,0,0,0,0,0,8,8,2086,0,0,0,0,0,0,0,0,0
202501,122,12020,2,Athens-Clarke County  GA ,76,76,21989,0,0,0,0,0,0,0,0,0,55,55,16050,0,0,0,0,0,0,0,0,0
202501,122,12060,2,Atlanta-Sandy Springs-Roswell  GA ,1859,1859,562637,11,22,3851,15,53,6979,76,1199,177508,1682,1682,514543,11,22,3851,14,50,6390,73,1157,169661
202501,122,15660,5,Calhoun  GA ,24,24,5005,0,0,0,0,0,0,0,0,0,14,14,2167,0,0,0,0,0,0,0,0,0
202501,122,16340,5,Cedartown  GA ,5,5,2107,0,0,0,0,0,0,0,0,0,0,0,0,0,0,0,0,0,0,0,0,0
202501,122,18460,5,Cornelia  GA ,24,24,7093,0,0,0,0,0,0,1,5,1476,13,13,2810,0,0,0,0,0,0,0,0,0
202501,122,23580,2,Gainesville  GA ,103,103,22242,0,0,0,1,3,234,1,5,403,46,46,9436,0,0,0,0,0,0,0,0,0
202501,122,27600,5,Jefferson  GA ,127,127,46213,0,0,0,0,0,0,1,5,870,110,110,41431,0,0,0,0,0,0,1,5,870
202501,122,29300,5,LaGrange  GA-AL ,46,46,15459,2,4,668,0,0,0,0,0,0,41,41,14481,2,4,668,0,0,0,0,0,0
202501,122,40660,2,Rome  GA ,13,13,392,0,0,0,0,0,0,0,0,0,13,13,392,0,0,0,0,0,0,0,0,0
202501,122,45580,5,Thomaston  GA ,12,12,2336,0,0,0,0,0,0,0,0,0,0,0,0,0,0,0,0,0,0,0,0,0
202501,132,12940,2,Baton Rouge  LA ,261,261,76536,0,0,0,0,0,0,1,12,1227,40,40,20199,0,0,0,0,0,0,0,0,0
202501,132,25220,2,Hammond  LA ,65,65,11565,0,0,0,0,0,0,1,21,1999,0,0,0,0,0,0,0,0,0,0,0,0
202501,142,13820,2,Birmingham  AL ,241,241,77317,0,0,0,0,0,0,2,20,3167,175,175,58356,0,0,0,0,0,0,0,0,0
202501,142,18980,5,Cullman  AL ,25,25,4526,0,0,0,0,0,0,0,0,0,24,24,4386,0,0,0,0,0,0,0,0,0
202501,142,45180,5,Talladega-Sylacauga  AL ,9,9,2121,0,0,0,0,0,0,0,0,0,9,9,2121,0,0,0,0,0,0,0,0,0
202501,144,13260,5,Bedford  IN ,1,1,120,0,0,0,0,0,0,0,0,0,0,0,0,0,0,0,0,0,0,0,0,0
202501,144,14020,2,Bloomington  IN ,16,16,5297,3,6,1200,1,3,984,0,0,0,15,15,5089,3,6,1200,1,3,984,0,0,0
202501,145,14010,2,Bloomington  IL ,6,6,2211,0,0,0,0,0,0,0,0,0,6,6,2211,0,0,0,0,0,0,0,0,0
202501,145,38700,5,Pontiac  IL ,0,0,0,0,0,0,0,0,0,0,0,0,0,0,0,0,0,0,0,0,0,0,0,0
202501,146,14100,5,Bloomsburg-Berwick  PA ,9,9,2434,0,0,0,0,0,0,0,0,0,4,4,1111,0,0,0,0,0,0,0,0,0
202501,146,30260,5,Lewisburg  PA ,4,4,1971,0,0,0,0,0,0,0,0,0,2,2,484,0,0,0,0,0,0,0,0,0
202501,146,42780,5,Selinsgrove  PA ,3,3,1036,0,0,0,0,0,0,0,0,0,0,0,0,0,0,0,0,0,0,0,0,0
202501,146,44980,5,Sunbury  PA ,4,4,1024,0,0,0,0,0,0,0,0,0,1,1,333,0,0,0,0,0,0,0,0,0
202501,147,14260,2,Boise City  ID ,593,593,164306,5,10,1367,2,8,1558,4,80,11608,589,589,163359,5,10,1367,2,8,1558,4,80,11608
202501,147,34300,5,Mountain Home  ID ,8,8,1622,0,0,0,0,0,0,0,0,0,7,7,1386,0,0,0,0,0,0,0,0,0
202501,147,36620,5,Ontario  OR-ID ,7,7,1881,0,0,0,1,3,338,0,0,0,0,0,0,0,0,0,0,0,0,0,0,0
202501,148,12700,2,Barnstable Town  MA ,18,18,13322,1,2,452,0,0,0,0,0,0,11,11,9185,1,2,452,0,0,0,0,0,0
202501,148,14460,2,Boston-Cambridge-Newton  MA-NH ,254,254,121778,17,34,9211,5,15,2260,27,486,145245,145,145,77335,10,20,5150,3,9,874,11,375,126172
202501,148,18180,5,Concord  NH ,12,12,4049,0,0,0,0,0,0,0,0,0,3,3,1020,0,0,0,0,0,0,0,0,0
202501,148,29060,5,Laconia  NH ,20,20,9987,2,4,1160,0,0,0,0,0,0,14,14,7340,2,4,1160,0,0,0,0,0,0
202501,148,31700,2,Manchester-Nashua  NH ,31,31,11670,3,6,1689,0,0,0,2,37,7424,11,11,5922,1,2,500,0,0,0,0,0,0
202501,148,39300,2,Providence-Warwick  RI-MA ,93,93,31154,19,38,4565,4,14,1815,1,5,308,49,49,19056,15,30,3784,3,11,1290,0,0,0
202501,148,49340,2,Worcester  MA ,54,54,21240,3,6,628,0,0,0,0,0,0,36,36,15122,3,6,628,0,0,0,0,0,0
202501,150,14540,2,Bowling Green  KY ,36,36,10416,0,0,0,0,0,0,0,0,0,36,36,10416,0,0,0,0,0,0,0,0,0
202501,150,23190,5,Franklin  KY ,14,14,2595,2,4,580,0,0,0,0,0,0,14,14,2595,2,4,580,0,0,0,0,0,0
202501,150,23980,5,Glasgow  KY ,15,15,4500,0,0,0,0,0,0,0,0,0,15,15,4500,0,0,0,0,0,0,0,0,0
202501,152,15060,5,Brookings  OR ,2,2,765,0,0,0,0,0,0,0,0,0,2,2,765,0,0,0,0,0,0,0,0,0
202501,152,18860,5,Crescent City  CA ,1,1,321,0,0,0,0,0,0,0,0,0,0,0,0,0,0,0,0,0,0,0,0,0
202501,154,15180,2,Brownsville-Harlingen  TX ,153,153,35385,6,12,1768,2,6,738,2,10,1768,73,73,19982,1,2,280,0,0,0,0,0,0
202501,154,39700,5,Raymondville  TX ,5,5,2669,0,0,0,0,0,0,0,0,0,4,4,669,0,0,0,0,0,0,0,0,0
202501,160,15380,2,Buffalo-Cheektowaga  NY ,39,39,15741,1,2,275,1,3,473,1,8,1794,24,24,11350,0,0,0,0,0,0,0,0,0
202501,160,36460,5,Olean  NY ,4,4,680,0,0,0,0,0,0,0,0,0,0,0,0,0,0,0,0,0,0,0,0,0
202501,161,15460,5,Burlington  IA-IL ,2,2,864,0,0,0,0,0,0,0,0,0,0,0,0,0,0,0,0,0,0,0,0,0
202501,161,22800,5,Fort Madison  IA ,2,2,577,0,0,0,0,0,0,0,0,0,0,0,0,0,0,0,0,0,0,0,0,0
202501,162,12740,5,Barre  VT ,6,6,3125,1,2,475,0,0,0,0,0,0,1,1,1675,0,0,0,0,0,0,0,0,0
202501,162,15540,2,Burlington-South Burlington  VT ,51,51,16647,4,8,1423,2,8,1364,3,94,10768,42,42,13831,2,4,674,2,8,1364,3,94,10768
202501,163,15980,2,Cape Coral-Fort Myers  FL ,979,979,274763,10,20,3376,0,0,0,6,390,66478,956,956,268336,10,20,3376,0,0,0,6,390,66478
202501,163,17500,5,Clewiston  FL ,39,39,7819,0,0,0,0,0,0,0,0,0,35,35,7066,0,0,0,0,0,0,0,0,0
202501,163,34940,2,Naples-Marco Island  FL ,225,225,108148,1,2,703,1,4,612,4,63,75940,8,8,9215,0,0,0,0,0,0,0,0,0
202501,164,16020,2,Cape Girardeau  MO-IL ,3,3,1354,0,0,0,0,0,0,0,0,0,1,1,600,0,0,0,0,0,0,0,0,0
202501,164,43460,5,Sikeston  MO ,2,2,238,0,0,0,0,0,0,0,0,0,0,0,0,0,0,0,0,0,0,0,0,0
202501,166,16060,5,Carbondale  IL ,0,0,0,0,0,0,0,0,0,0,0,0,0,0,0,0,0,0,0,0,0,0,0,0
202501,166,32060,5,Marion-Herrin  IL ,4,4,557,1,2,143,1,3,220,0,0,0,0,0,0,0,0,0,0,0,0,0,0,0
202501,168,16300,2,Cedar Rapids  IA ,14,14,3968,0,0,0,1,3,408,1,10,1025,2,2,806,0,0,0,0,0,0,0,0,0
202501,168,26980,2,Iowa City  IA ,16,16,3925,1,2,329,0,0,0,0,0,0,9,9,1870,0,0,0,0,0,0,0,0,0
202501,169,16580,2,Champaign-Urbana  IL ,18,18,4616,1,2,340,0,0,0,0,0,0,13,13,3228,0,0,0,0,0,0,0,0,0
202501,169,19180,5,Danville  IL ,0,0,0,0,0,0,0,0,0,0,0,0,0,0,0,0,0,0,0,0,0,0,0,0
202501,170,16620,2,Charleston  WV ,13,13,1687,0,0,0,0,0,0,0,0,0,0,0,0,0,0,0,0,0,0,0,0,0
202501,170,26580,2,Huntington-Ashland  WV-KY-OH ,15,15,2907,0,0,0,0,0,0,0,0,0,1,1,200,0,0,0,0,0,0,0,0,0
202501,170,39020,5,Portsmouth  OH ,0,0,0,0,0,0,0,0,0,0,0,0,0,0,0,0,0,0,0,0,0,0,0,0
202501,172,10620,5,Albemarle  NC ,29,29,4883,0,0,0,0,0,0,0,0,0,0,0,0,0,0,0,0,0,0,0,0,0
202501,172,16740,2,Charlotte-Concord-Gastonia  NC-SC ,1423,1423,429227,3,6,802,0,0,0,22,875,79204,1275,1275,372285,3,6,802,0,0,0,20,855,76818
202501,172,25860,2,Hickory-Lenoir-Morganton  NC ,185,185,41105,3,6,480,0,0,0,3,66,6357,150,150,32626,3,6,480,0,0,0,1,54,5535
202501,172,32000,5,Marion  NC ,15,15,6874,0,0,0,0,0,0,0,0,0,0,0,0,0,0,0,0,0,0,0,0,0
202501,172,43140,5,Shelby-Kings Mountain  NC ,25,25,5064,0,0,0,0,0,0,1,24,3494,14,14,3477,0,0,0,0,0,0,0,0,0
202501,174,11940,5,Athens  TN ,11,11,2455,0,0,0,0,0,0,0,0,0,2,2,235,0,0,0,0,0,0,0,0,0
202501,174,16860,2,Chattanooga  TN-GA ,165,165,44131,2,4,424,3,10,976,2,33,3297,109,109,31644,0,0,0,1,4,408,0,0,0
202501,174,17420,2,Cleveland  TN ,82,82,20664,0,0,0,0,0,0,0,0,0,67,67,17947,0,0,0,0,0,0,0,0,0
202501,174,19140,2,Dalton  GA ,47,47,10497,3,6,391,1,3,417,1,5,382,23,23,6615,0,0,0,0,0,0,0,0,0
202501,174,42460,5,Scottsboro  AL ,3,3,940,0,0,0,0,0,0,0,0,0,0,0,0,0,0,0,0,0,0,0,0,0
202501,174,44900,5,Summerville  GA ,0,0,0,0,0,0,0,0,0,0,0,0,0,0,0,0,0,0,0,0,0,0,0,0
202501,176,16980,2,Chicago-Naperville-Elgin  IL-IN ,580,580,215718,8,16,3470,17,51,17525,15,172,49350,493,493,183013,8,16,3470,15,45,17106,11,151,45706
202501,176,28100,2,Kankakee  IL ,2,2,379,0,0,0,0,0,0,0,0,0,0,0,0,0,0,0,0,0,0,0,0,0
202501,176,28450,2,Kenosha  WI ,14,14,4490,18,36,5927,0,0,0,1,158,33157,13,13,3636,18,36,5927,0,0,0,1,158,33157
202501,176,33140,2,Michigan City-La Porte  IN ,11,11,3552,0,0,0,0,0,0,1,6,760,0,0,0,0,0,0,0,0,0,0,0,0
202501,176,36837,5,Ottawa  IL ,3,3,844,0,0,0,0,0,0,0,0,0,0,0,0,0,0,0,0,0,0,0,0,0
202501,178,17140,2,Cincinnati  OH-KY-IN ,324,324,100341,10,20,3145,6,21,3381,15,99,12263,293,293,90874,9,18,2763,6,21,3381,12,72,9096
202501,178,48940,5,Wilmington  OH ,8,8,2385,0,0,0,0,0,0,0,0,0,4,4,838,0,0,0,0,0,0,0,0,0
202501,184,10420,2,Akron  OH ,42,42,15303,0,0,0,0,0,0,2,14,1164,38,38,13300,0,0,0,0,0,0,2,14,1164
202501,184,15940,2,Canton-Massillon  OH ,26,26,10659,0,0,0,1,3,529,1,6,461,21,21,9777,0,0,0,0,0,0,0,0,0
202501,184,17410,2,Cleveland  OH ,204,204,66173,0,0,0,1,3,185,2,55,6702,156,156,51642,0,0,0,0,0,0,0,0,0
202501,184,18740,5,Coshocton  OH ,0,0,0,0,0,0,0,0,0,0,0,0,0,0,0,0,0,0,0,0,0,0,0,0
202501,184,23380,5,Fremont  OH ,2,2,548,0,0,0,0,0,0,0,0,0,0,0,0,0,0,0,0,0,0,0,0,0
202501,184,35420,5,New Philadelphia-Dover  OH ,19,19,5676,0,0,0,0,0,0,0,0,0,0,0,0,0,0,0,0,0,0,0,0,0
202501,184,35940,5,Norwalk  OH ,1,1,592,0,0,0,0,0,0,0,0,0,1,1,592,0,0,0,0,0,0,0,0,0
202501,184,41780,2,Sandusky  OH ,19,19,7372,0,0,0,0,0,0,0,0,0,16,16,6760,0,0,0,0,0,0,0,0,0
202501,184,49300,5,Wooster  OH ,8,8,2148,0,0,0,0,0,0,0,0,0,8,8,2148,0,0,0,0,0,0,0,0,0
202501,190,17860,2,Columbia  MO ,51,51,18271,0,0,0,0,0,0,0,0,0,51,51,18271,0,0,0,0,0,0,0,0,0
202501,190,27620,2,Jefferson City  MO ,8,8,2592,0,0,0,0,0,0,0,0,0,6,6,2121,0,0,0,0,0,0,0,0,0
202501,190,33020,5,Mexico  MO ,0,0,0,0,0,0,0,0,0,0,0,0,0,0,0,0,0,0,0,0,0,0,0,0
202501,190,33620,5,Moberly  MO ,2,2,487,1,2,414,0,0,0,0,0,0,0,0,0,0,0,0,0,0,0,0,0,0
202501,192,17900,2,Columbia  SC ,382,382,118633,7,14,2813,10,38,5236,0,0,0,259,259,91806,7,14,2813,10,38,5236,0,0,0
202501,192,35140,5,Newberry  SC ,13,13,5437,0,0,0,0,0,0,0,0,0,13,13,5437,0,0,0,0,0,0,0,0,0
202501,192,36700,5,Orangeburg  SC ,7,7,1066,0,0,0,0,0,0,0,0,0,0,0,0,0,0,0,0,0,0,0,0,0
202501,192,44940,2,Sumter  SC ,28,28,4625,2,4,381,0,0,0,0,0,0,0,0,0,0,0,0,0,0,0,0,0,0
202501,194,10760,5,Alexander City  AL ,8,8,6116,0,0,0,0,0,0,0,0,0,8,8,6116,0,0,0,0,0,0,0,0,0
202501,194,12220,2,Auburn-Opelika  AL ,141,141,40473,0,0,0,0,0,0,0,0,0,141,141,40473,0,0,0,0,0,0,0,0,0
202501,194,17980,2,Columbus  GA-AL ,44,44,12539,0,0,0,0,0,0,1,5,515,6,6,1439,0,0,0,0,0,0,0,0,0
202501,198,11900,5,Athens  OH ,0,0,0,0,0,0,0,0,0,0,0,0,0,0,0,0,0,0,0,0,0,0,0,0
202501,198,13340,5,Bellefontaine  OH ,5,5,1377,0,0,0,0,0,0,0,0,0,5,5,1377,0,0,0,0,0,0,0,0,0
202501,198,15740,5,Cambridge  OH ,7,7,2446,0,0,0,0,0,0,0,0,0,7,7,2446,0,0,0,0,0,0,0,0,0
202501,198,17060,5,Chillicothe  OH ,1,1,343,1,2,162,0,0,0,0,0,0,0,0,0,0,0,0,0,0,0,0,0,0
202501,198,18140,2,Columbus  OH ,406,406,172273,3,6,802,3,9,1616,2,236,19226,358,358,154912,2,4,559,2,6,1499,2,236,19226
202501,198,32020,5,Marion  OH ,1,1,175,0,0,0,0,0,0,0,0,0,0,0,0,0,0,0,0,0,0,0,0,0
202501,198,34540,5,Mount Vernon  OH ,8,8,3336,0,0,0,0,0,0,0,0,0,1,1,353,0,0,0,0,0,0,0,0,0
202501,198,47920,5,Washington Court House  OH ,1,1,399,0,0,0,0,0,0,0,0,0,1,1,399,0,0,0,0,0,0,0,0,0
202501,198,49780,5,Zanesville  OH ,2,2,553,1,2,340,0,0,0,1,11,1329,0,0,0,0,0,0,0,0,0,0,0,0
202501,204,10860,5,Alice  TX ,1,1,205,0,0,0,0,0,0,0,0,0,0,0,0,0,0,0,0,0,0,0,0,0
202501,204,18580,2,Corpus Christi  TX ,147,147,40195,1,2,310,1,3,438,1,5,372,24,24,6709,0,0,0,0,0,0,0,0,0
202501,204,28780,5,Kingsville  TX ,3,3,447,0,0,0,0,0,0,0,0,0,3,3,447,0,0,0,0,0,0,0,0,0
202501,206,11980,5,Athens  TX ,18,18,4651,0,0,0,0,0,0,0,0,0,6,6,1400,0,0,0,0,0,0,0,0,0
202501,206,14300,5,Bonham  TX ,1,1,219,0,0,0,0,0,0,0,0,0,0,0,0,0,0,0,0,0,0,0,0,0
202501,206,18620,5,Corsicana  TX ,39,39,9789,1,2,230,0,0,0,0,0,0,0,0,0,0,0,0,0,0,0,0,0,0
202501,206,19100,2,Dallas-Fort Worth-Arlington  TX ,3411,3411,1023367,46,92,13662,12,43,5583,121,1330,208269,2686,2686,811310,27,54,8257,8,29,4234,117,1277,202540
202501,206,20460,5,Durant  OK ,2,2,224,0,0,0,0,0,0,0,0,0,2,2,224,0,0,0,0,0,0,0,0,0
202501,206,23620,5,Gainesville  TX ,7,7,2058,0,0,0,0,0,0,0,0,0,3,3,1028,0,0,0,0,0,0,0,0,0
202501,206,24180,5,Granbury  TX ,20,20,6386,0,0,0,0,0,0,0,0,0,19,19,6130,0,0,0,0,0,0,0,0,0
202501,206,33420,5,Mineral Wells  TX ,2,2,573,0,0,0,0,0,0,0,0,0,0,0,0,0,0,0,0,0,0,0,0,0
202501,206,43300,2,Sherman-Denison  TX ,127,127,37463,2,4,535,0,0,0,4,300,42245,125,125,36938,1,2,310,0,0,0,4,300,42245
202501,206,44860,5,Sulphur Springs  TX ,6,6,1179,0,0,0,0,0,0,0,0,0,0,0,0,0,0,0,0,0,0,0,0,0
202501,209,17540,5,Clinton  IA ,2,2,603,1,2,446,0,0,0,0,0,0,0,0,0,0,0,0,0,0,0,0,0,0
202501,209,19340,2,Davenport-Moline-Rock Island  IA-IL ,11,11,3494,0,0,0,2,8,1680,0,0,0,7,7,2597,0,0,0,2,8,1680,0,0,0
202501,209,34700,5,Muscatine  IA ,1,1,353,0,0,0,0,0,0,0,0,0,1,1,353,0,0,0,0,0,0,0,0,0
202501,212,19430,2,Dayton-Kettering-Beavercreek  OH ,108,108,36874,0,0,0,8,25,4531,3,42,7196,102,102,35173,0,0,0,7,22,4233,2,21,4649
202501,212,24820,5,Greenville  OH ,2,2,400,0,0,0,0,0,0,0,0,0,2,2,400,0,0,0,0,0,0,0,0,0
202501,212,43380,5,Sidney  OH ,6,6,2380,0,0,0,0,0,0,0,0,0,6,6,2380,0,0,0,0,0,0,0,0,0
202501,212,44220,2,Springfield  OH ,7,7,1835,0,0,0,0,0,0,0,0,0,7,7,1835,0,0,0,0,0,0,0,0,0
202501,212,46500,5,Urbana  OH ,3,3,958,0,0,0,0,0,0,0,0,0,3,3,958,0,0,0,0,0,0,0,0,0
202501,216,14500,2,Boulder  CO ,52,52,29605,0,0,0,0,0,0,2,24,4869,23,23,19179,0,0,0,0,0,0,1,5,1682
202501,216,19740,2,Denver-Aurora-Centennial  CO ,703,703,239566,0,0,0,2,7,1992,5,275,58074,633,633,218800,0,0,0,2,7,1992,3,257,55194
202501,216,24540,2,Greeley  CO ,176,176,65343,2,4,759,2,6,1200,1,8,923,61,61,24392,0,0,0,0,0,0,0,0,0
202501,218,11180,2,Ames  IA ,3,3,744,0,0,0,0,0,0,1,25,4299,2,2,544,0,0,0,0,0,0,1,25,4299
202501,218,19780,2,Des Moines-West Des Moines  IA ,211,211,76212,2,4,1116,0,0,0,3,408,113901,210,210,75985,2,4,1116,0,0,0,3,408,113901
202501,218,36820,5,Oskaloosa  IA ,0,0,0,0,0,0,0,0,0,0,0,0,0,0,0,0,0,0,0,0,0,0,0,0
202501,218,37800,5,Pella  IA ,3,3,904,0,0,0,0,0,0,0,0,0,0,0,0,0,0,0,0,0,0,0,0,0
202501,220,10300,5,Adrian  MI ,8,8,3498,0,0,0,0,0,0,0,0,0,3,3,2516,0,0,0,0,0,0,0,0,0
202501,220,11460,2,Ann Arbor  MI ,23,23,8989,0,0,0,0,0,0,1,24,24854,22,22,8442,0,0,0,0,0,0,0,0,0
202501,220,19820,2,Detroit-Warren-Dearborn  MI ,296,296,105378,17,34,1638,0,0,0,3,64,3160,222,222,83370,17,34,1638,0,0,0,1,49,1150
202501,220,22420,2,Flint  MI ,24,24,6131,0,0,0,0,0,0,0,0,0,18,18,4648,0,0,0,0,0,0,0,0,0
202501,220,33780,2,Monroe  MI ,8,8,2021,0,0,0,0,0,0,0,0,0,3,3,751,0,0,0,0,0,0,0,0,0
202501,221,19940,5,Dixon  IL ,0,0,0,0,0,0,0,0,0,0,0,0,0,0,0,0,0,0,0,0,0,0,0,0
202501,221,44580,5,Sterling  IL ,1,1,300,0,0,0,0,0,0,0,0,0,1,1,300,0,0,0,0,0,0,0,0,0
202501,222,20020,2,Dothan  AL ,33,33,6705,0,0,0,0,0,0,0,0,0,21,21,4053,0,0,0,0,0,0,0,0,0
202501,222,21460,5,Enterprise  AL ,12,12,2828,0,0,0,0,0,0,0,0,0,12,12,2828,0,0,0,0,0,0,0,0,0
202501,222,37120,5,Ozark  AL ,1,1,174,0,0,0,0,0,0,0,0,0,1,1,174,0,0,0,0,0,0,0,0,0
202501,228,20260,2,Duluth  MN-WI ,4,4,1722,1,2,410,0,0,0,0,0,0,2,2,707,1,2,410,0,0,0,0,0,0
202501,228,24330,5,Grand Rapids  MN ,3,3,880,0,0,0,0,0,0,0,0,0,0,0,0,0,0,0,0,0,0,0,0,0
202501,232,20740,2,Eau Claire  WI ,9,9,2958,0,0,0,0,0,0,0,0,0,7,7,2220,0,0,0,0,0,0,0,0,0
202501,232,32860,5,Menomonie  WI ,6,6,1717,0,0,0,0,0,0,0,0,0,4,4,1110,0,0,0,0,0,0,0,0,0
202501,233,20780,5,Edwards  CO ,17,17,20802,0,0,0,0,0,0,1,5,1857,16,16,20442,0,0,0,0,0,0,0,0,0
202501,233,40090,5,Rifle  CO ,13,13,19298,0,0,0,0,0,0,0,0,0,10,10,18282,0,0,0,0,0,0,0,0,0
202501,236,18500,5,Corning  NY ,11,11,1620,0,0,0,0,0,0,0,0,0,0,0,0,0,0,0,0,0,0,0,0,0
202501,236,21300,2,Elmira  NY ,7,7,1421,0,0,0,0,0,0,1,5,560,0,0,0,0,0,0,0,0,0,0,0,0
202501,238,21340,2,El Paso  TX ,161,161,38488,3,6,777,1,3,395,2,10,1179,2,2,663,0,0,0,0,0,0,0,0,0
202501,238,29740,2,Las Cruces  NM ,64,64,19325,0,0,0,0,0,0,0,0,0,47,47,14065,0,0,0,0,0,0,0,0,0
202501,240,21500,2,Erie  PA ,11,11,3206,0,0,0,0,0,0,0,0,0,4,4,1411,0,0,0,0,0,0,0,0,0
202501,240,32740,5,Meadville  PA ,7,7,1857,0,0,0,0,0,0,0,0,0,0,0,0,0,0,0,0,0,0,0,0,0
202501,241,21780,2,Evansville  IN ,46,46,19060,2,4,561,0,0,0,0,0,0,16,16,9520,0,0,0,0,0,0,0,0,0
202501,241,25775,5,Henderson  KY ,5,5,1714,0,0,0,0,0,0,2,48,6954,5,5,1714,0,0,0,0,0,0,2,48,6954
202501,242,17220,5,Clarksburg  WV ,2,2,692,0,0,0,0,0,0,0,0,0,2,2,692,0,0,0,0,0,0,0,0,0
202501,242,21900,5,Fairmont  WV ,1,1,71,0,0,0,0,0,0,0,0,0,0,0,0,0,0,0,0,0,0,0,0,0
202501,244,22020,2,Fargo  ND-MN ,9,9,4343,0,0,0,0,0,0,0,0,0,9,9,4343,0,0,0,0,0,0,0,0,0
202501,244,47420,5,Wahpeton  ND-MN ,3,3,1001,0,0,0,0,0,0,0,0,0,0,0,0,0,0,0,0,0,0,0,0,0
202501,246,22180,2,Fayetteville  NC ,98,98,27450,0,0,0,0,0,0,1,312,11234,98,98,27450,0,0,0,0,0,0,1,312,11234
202501,246,29900,5,Laurinburg  NC ,3,3,128,0,0,0,0,0,0,0,0,0,3,3,128,0,0,0,0,0,0,0,0,0
202501,246,31300,5,Lumberton  NC ,29,29,6112,1,2,180,0,0,0,0,0,0,1,1,300,0,0,0,0,0,0,0,0,0
202501,246,38240,2,Pinehurst-Southern Pines  NC ,90,90,18206,0,0,0,0,0,0,0,0,0,76,76,14436,0,0,0,0,0,0,0,0,0
202501,246,40460,5,Rockingham  NC ,3,3,799,0,0,0,0,0,0,0,0,0,0,0,0,0,0,0,0,0,0,0,0,0
202501,248,22300,5,Findlay  OH ,4,4,1060,0,0,0,1,4,604,3,17,2892,0,0,0,0,0,0,1,4,604,3,17,2892
202501,248,45660,5,Tiffin  OH ,1,1,83,0,0,0,0,0,0,0,0,0,0,0,0,0,0,0,0,0,0,0,0,0
202501,250,22520,2,Florence-Muscle Shoals  AL ,13,13,1153,0,0,0,0,0,0,5,27,3700,10,10,828,0,0,0,0,0,0,5,27,3700
202501,250,40770,5,Russellville  AL ,2,2,400,0,0,0,0,0,0,0,0,0,0,0,0,0,0,0,0,0,0,0,0,0
202501,258,11420,5,Angola  IN ,4,4,1959,0,0,0,0,0,0,0,0,0,4,4,1959,0,0,0,0,0,0,0,0,0
202501,258,12140,5,Auburn  IN ,8,8,2743,0,0,0,0,0,0,0,0,0,8,8,2743,0,0,0,0,0,0,0,0,0
202501,258,19540,5,Decatur  IN ,4,4,734,0,0,0,0,0,0,1,5,334,4,4,734,0,0,0,0,0,0,0,0,0
202501,258,23060,2,Fort Wayne  IN ,83,83,28562,0,0,0,0,0,0,0,0,0,82,82,28514,0,0,0,0,0,0,0,0,0
202501,258,26540,5,Huntington  IN ,4,4,1302,0,0,0,0,0,0,0,0,0,1,1,311,0,0,0,0,0,0,0,0,0
202501,258,28340,5,Kendallville  IN ,10,10,2842,0,0,0,0,0,0,0,0,0,6,6,1763,0,0,0,0,0,0,0,0,0
202501,260,23420,2,Fresno  CA ,250,250,92106,1,2,328,0,0,0,9,80,42575,238,238,87222,1,2,328,0,0,0,9,80,42575
202501,260,25260,2,Hanford-Corcoran  CA ,42,42,11998,2,4,1150,1,3,600,1,5,544,12,12,1885,2,4,1150,0,0,0,0,0,0
202501,264,23540,2,Gainesville  FL ,99,99,31825,0,0,0,0,0,0,2,73,7738,41,41,13011,0,0,0,0,0,0,0,0,0
202501,264,29380,5,Lake City  FL ,14,14,2943,0,0,0,0,0,0,0,0,0,0,0,0,0,0,0,0,0,0,0,0,0
202501,266,13660,5,Big Rapids  MI ,3,3,941,0,0,0,0,0,0,0,0,0,1,1,341,0,0,0,0,0,0,0,0,0
202501,266,24340,2,Grand Rapids-Wyoming-Kentwood  MI ,177,177,76865,2,4,936,8,30,8729,4,88,12446,130,130,60796,1,2,579,7,27,7838,2,72,10195
202501,266,26090,5,Holland  MI ,23,23,12587,1,2,35,0,0,0,0,0,0,11,11,8525,0,0,0,0,0,0,0,0,0
202501,266,34740,2,Muskegon-Norton Shores  MI ,15,15,3486,0,0,0,0,0,0,0,0,0,7,7,1414,0,0,0,0,0,0,0,0,0
202501,267,24580,2,Green Bay  WI ,34,34,14643,6,12,2144,0,0,0,3,38,5458,26,26,11107,0,0,0,0,0,0,3,38,5458
202501,267,43020,5,Shawano  WI ,6,6,2149,0,0,0,0,0,0,0,0,0,5,5,1805,0,0,0,0,0,0,0,0,0
202501,268,15500,2,Burlington  NC ,132,132,23968,0,0,0,0,0,0,1,6,795,132,132,23968,0,0,0,0,0,0,1,6,795
202501,268,24660,2,Greensboro-High Point  NC ,191,191,71196,0,0,0,0,0,0,0,0,0,190,190,70987,0,0,0,0,0,0,0,0,0
202501,268,34340,5,Mount Airy  NC ,12,12,3651,0,0,0,0,0,0,0,0,0,12,12,3651,0,0,0,0,0,0,0,0,0
202501,268,49180,2,Winston-Salem  NC ,222,222,64853,0,0,0,0,0,0,1,5,197,183,183,55802,0,0,0,0,0,0,0,0,0
202501,273,23500,5,Gaffney  SC ,12,12,2994,0,0,0,0,0,0,0,0,0,11,11,2894,0,0,0,0,0,0,0,0,0
202501,273,24860,2,Greenville-Anderson-Greer  SC ,620,620,203941,8,16,1798,1,3,231,4,334,68694,572,572,190961,7,14,1662,0,0,0,4,334,68694
202501,273,24940,5,Greenwood  SC ,38,38,8370,0,0,0,0,0,0,0,0,0,38,38,8370,0,0,0,0,0,0,0,0,0
202501,273,42860,5,Seneca  SC ,70,70,27241,0,0,0,0,0,0,0,0,0,70,70,27241,0,0,0,0,0,0,0,0,0
202501,273,43900,2,Spartanburg  SC ,267,267,55162,0,0,0,0,0,0,1,5,600,45,45,16687,0,0,0,0,0,0,0,0,0
202501,274,24780,2,Greenville  NC ,36,36,8932,12,24,2360,0,0,0,0,0,0,7,7,2973,12,24,2360,0,0,0,0,0,0
202501,274,47820,5,Washington  NC ,7,7,3201,0,0,0,0,0,0,0,0,0,7,7,3201,0,0,0,0,0,0,0,0,0
202501,276,23900,2,Gettysburg  PA ,47,47,15336,0,0,0,0,0,0,0,0,0,47,47,15336,0,0,0,0,0,0,0,0,0
202501,276,25420,2,Harrisburg-Carlisle  PA ,67,67,18715,0,0,0,1,4,579,2,13,1592,43,43,12174,0,0,0,1,4,579,1,6,480
202501,276,30140,2,Lebanon  PA ,22,22,4596,0,0,0,0,0,0,0,0,0,6,6,2559,0,0,0,0,0,0,0,0,0
202501,276,49620,2,York-Hanover  PA ,77,77,26146,1,2,346,0,0,0,0,0,0,43,43,15198,0,0,0,0,0,0,0,0,0
202501,277,25500,2,Harrisonburg  VA ,83,83,17076,5,10,1910,0,0,0,0,0,0,83,83,17076,5,10,1910,0,0,0,0,0,0
202501,277,44420,2,Staunton-Stuarts Draft  VA ,40,40,11407,0,0,0,0,0,0,0,0,0,40,40,11407,0,0,0,0,0,0,0,0,0
202501,279,25620,2,Hattiesburg  MS ,10,10,2024,0,0,0,0,0,0,1,5,597,0,0,0,0,0,0,0,0,0,0,0,0
202501,279,29860,5,Laurel  MS ,2,2,575,0,0,0,0,0,0,0,0,0,2,2,575,0,0,0,0,0,0,0,0,0
202501,284,26300,2,Hot Springs  AR ,8,8,2262,0,0,0,0,0,0,0,0,0,7,7,1977,0,0,0,0,0,0,0,0,0
202501,284,31680,5,Malvern  AR ,0,0,0,0,0,0,0,0,0,0,0,0,0,0,0,0,0,0,0,0,0,0,0,0
202501,288,13060,5,Bay City  TX ,31,31,10055,0,0,0,0,0,0,0,0,0,31,31,10055,0,0,0,0,0,0,0,0,0
202501,288,14780,5,Brenham  TX ,8,8,1425,0,0,0,1,3,500,0,0,0,8,8,1425,0,0,0,1,3,500,0,0,0
202501,288,20900,5,El Campo  TX ,18,18,5219,0,0,0,0,0,0,1,5,351,17,17,4889,0,0,0,0,0,0,0,0,0
202501,288,26420,2,Houston-Pasadena-The Woodlands  TX ,4180,4180,1199728,84,168,30371,14,50,7300,45,1333,196759,3740,3740,1094531,84,168,30371,14,50,7300,44,1314,193782
202501,288,26660,5,Huntsville  TX ,58,58,12601,0,0,0,0,0,0,0,0,0,26,26,6045,0,0,0,0,0,0,0,0,0
202501,290,10700,5,Albertville  AL ,8,8,2190,0,0,0,0,0,0,0,0,0,3,3,1295,0,0,0,0,0,0,0,0,0
202501,290,19460,2,Decatur  AL ,26,26,5110,0,0,0,0,0,0,0,0,0,25,25,4862,0,0,0,0,0,0,0,0,0
202501,290,22190,5,Fayetteville  TN ,10,10,2557,0,0,0,0,0,0,0,0,0,10,10,2557,0,0,0,0,0,0,0,0,0
202501,290,22840,5,Fort Payne  AL ,6,6,1249,0,0,0,0,0,0,1,5,364,4,4,847,0,0,0,0,0,0,0,0,0
202501,290,26620,2,Huntsville  AL ,291,291,80764,0,0,0,0,0,0,2,264,11393,173,173,52116,0,0,0,0,0,0,2,264,11393
202501,292,13940,5,Blackfoot  ID ,5,5,1964,0,0,0,0,0,0,0,0,0,5,5,1964,0,0,0,0,0,0,0,0,0
202501,292,26820,2,Idaho Falls  ID ,72,72,15480,0,0,0,0,0,0,1,24,1700,71,71,15374,0,0,0,0,0,0,1,24,1700
202501,292,39940,5,Rexburg  ID ,60,60,6065,0,0,0,2,8,1717,0,0,0,48,48,3551,0,0,0,2,8,1717,0,0,0
202501,294,18020,2,Columbus  IN ,7,7,1857,0,0,0,0,0,0,0,0,0,7,7,1857,0,0,0,0,0,0,0,0,0
202501,294,18820,5,Crawfordsville  IN ,3,3,715,1,2,312,0,0,0,0,0,0,0,0,0,1,2,312,0,0,0,0,0,0
202501,294,24600,5,Greencastle  IN ,2,2,699,0,0,0,0,0,0,0,0,0,2,2,699,0,0,0,0,0,0,0,0,0
202501,294,24700,5,Greensburg  IN ,4,4,965,0,0,0,0,0,0,0,0,0,0,0,0,0,0,0,0,0,0,0,0,0
202501,294,26900,2,Indianapolis-Carmel-Greenwood  IN ,748,748,280450,5,10,1480,2,7,918,1,8,1006,714,714,269706,5,10,1480,2,7,918,0,0,0
202501,294,29020,2,Kokomo  IN ,6,6,1971,0,0,0,0,0,0,0,0,0,5,5,1665,0,0,0,0,0,0,0,0,0
202501,294,34620,2,Muncie  IN ,8,8,3602,0,0,0,0,0,0,0,0,0,5,5,2053,0,0,0,0,0,0,0,0,0
202501,294,35220,5,New Castle  IN ,2,2,697,0,0,0,0,0,0,0,0,0,0,0,0,0,0,0,0,0,0,0,0,0
202501,294,37940,5,Peru  IN ,2,2,500,0,0,0,0,0,0,0,0,0,2,2,500,0,0,0,0,0,0,0,0,0
202501,294,42980,5,Seymour  IN ,5,5,1814,0,0,0,0,0,0,0,0,0,5,5,1814,0,0,0,0,0,0,0,0,0
202501,296,18660,5,Cortland  NY ,1,1,102,0,0,0,0,0,0,0,0,0,0,0,0,0,0,0,0,0,0,0,0,0
202501,296,27060,2,Ithaca  NY ,12,12,3757,0,0,0,0,0,0,3,15,3164,0,0,0,0,0,0,0,0,0,0,0,0
202501,298,15020,5,Brookhaven  MS ,2,2,512,0,0,0,0,0,0,0,0,0,2,2,512,0,0,0,0,0,0,0,0,0
202501,298,27140,2,Jackson  MS ,67,67,21304,0,0,0,0,0,0,0,0,0,45,45,14289,0,0,0,0,0,0,0,0,0
202501,298,46980,5,Vicksburg  MS ,1,1,127,0,0,0,0,0,0,0,0,0,0,0,0,0,0,0,0,0,0,0,0,0
202501,300,27260,2,Jacksonville  FL ,1002,1002,257961,16,32,2674,0,0,0,1,31,5727,907,907,220098,15,30,2252,0,0,0,0,0,0
202501,300,28680,5,Kingsland  GA ,36,36,9843,0,0,0,0,0,0,0,0,0,36,36,9843,0,0,0,0,0,0,0,0,0
202501,300,37260,5,Palatka  FL ,4,4,2023,0,0,0,0,0,0,0,0,0,3,3,1787,0,0,0,0,0,0,0,0,0
202501,304,24620,5,Greeneville  TN ,17,17,5128,0,0,0,0,0,0,0,0,0,17,17,5128,0,0,0,0,0,0,0,0,0
202501,304,27740,2,Johnson City  TN ,78,78,24730,0,0,0,0,0,0,0,0,0,64,64,22562,0,0,0,0,0,0,0,0,0
202501,304,28700,2,Kingsport-Bristol  TN-VA ,52,52,11088,0,0,0,0,0,0,0,0,0,33,33,8750,0,0,0,0,0,0,0,0,0
202501,306,27780,2,Johnstown  PA ,2,2,666,0,0,0,0,0,0,0,0,0,0,0,0,0,0,0,0,0,0,0,0,0
202501,306,43740,5,Somerset  PA ,5,5,1670,0,0,0,0,0,0,0,0,0,1,1,341,0,0,0,0,0,0,0,0,0
202501,308,27860,2,Jonesboro  AR ,48,48,7609,6,12,1014,7,22,1113,1,5,284,2,2,533,1,2,326,1,4,180,0,0,0
202501,308,37500,5,Paragould  AR ,2,2,550,0,0,0,0,0,0,0,0,0,2,2,550,0,0,0,0,0,0,0,0,0
202501,309,27900,2,Joplin  MO-KS ,37,37,7870,0,0,0,0,0,0,0,0,0,28,28,6207,0,0,0,0,0,0,0,0,0
202501,309,33060,5,Miami  OK ,0,0,0,0,0,0,0,0,0,0,0,0,0,0,0,0,0,0,0,0,0,0,0,0
202501,310,12980,2,Battle Creek  MI ,11,11,2233,0,0,0,0,0,0,0,0,0,1,1,353,0,0,0,0,0,0,0,0,0
202501,310,28020,2,Kalamazoo-Portage  MI ,22,22,6084,0,0,0,0,0,0,0,0,0,20,20,5206,0,0,0,0,0,0,0,0,0
202501,310,44780,5,Sturgis  MI ,8,8,2439,0,0,0,0,0,0,0,0,0,3,3,742,0,0,0,0,0,0,0,0,0
202501,312,11860,5,Atchison  KS ,1,1,180,0,0,0,0,0,0,0,0,0,0,0,0,0,0,0,0,0,0,0,0,0
202501,312,28140,2,Kansas City  MO-KS ,261,261,108622,3,6,1671,0,0,0,19,473,61478,223,223,96024,3,6,1671,0,0,0,17,415,49852
202501,312,29940,2,Lawrence  KS ,11,11,3460,0,0,0,0,0,0,0,0,0,0,0,0,0,0,0,0,0,0,0,0,0
202501,312,36840,5,Ottawa  KS ,2,2,360,0,0,0,0,0,0,0,0,0,2,2,360,0,0,0,0,0,0,0,0,0
202501,312,41140,2,St. Joseph  MO-KS ,4,4,717,1,2,350,0,0,0,0,0,0,1,1,95,0,0,0,0,0,0,0,0,0
202501,312,47660,5,Warrensburg  MO ,3,3,950,0,0,0,0,0,0,0,0,0,3,3,950,0,0,0,0,0,0,0,0,0
202501,313,14710,5,Brattleboro  VT ,18,18,5493,0,0,0,0,0,0,0,0,0,10,10,3401,0,0,0,0,0,0,0,0,0
202501,313,28300,5,Keene  NH ,8,8,2196,0,0,0,0,0,0,0,0,0,2,2,590,0,0,0,0,0,0,0,0,0
202501,314,28420,2,Kennewick-Richland  WA ,100,100,34637,1,2,296,0,0,0,2,41,6013,48,48,16816,0,0,0,0,0,0,0,0,0
202501,314,47460,2,Walla Walla  WA ,9,9,3245,0,0,0,0,0,0,1,5,754,9,9,3245,0,0,0,0,0,0,0,0,0
202501,315,28940,2,Knoxville  TN ,330,330,99053,3,6,1159,2,7,1453,3,59,9260,284,284,88274,1,2,400,1,4,900,0,0,0
202501,315,34100,2,Morristown  TN ,38,38,12780,0,0,0,0,0,0,0,0,0,11,11,4187,0,0,0,0,0,0,0,0,0
202501,315,35460,5,Newport  TN ,0,0,0,0,0,0,0,0,0,0,0,0,0,0,0,0,0,0,0,0,0,0,0,0
202501,315,42940,5,Sevierville  TN ,75,75,22423,0,0,0,0,0,0,2,14,1922,74,74,22204,0,0,0,0,0,0,1,6,783
202501,317,29100,2,La Crosse-Onalaska  WI-MN ,17,17,6485,2,4,1060,0,0,0,0,0,0,4,4,1993,0,0,0,0,0,0,0,0,0
202501,317,43890,5,Sparta  WI ,6,6,1733,0,0,0,0,0,0,0,0,0,3,3,1020,0,0,0,0,0,0,0,0,0
202501,318,29180,2,Lafayette  LA ,155,155,32126,0,0,0,0,0,0,1,10,1261,35,35,5771,0,0,0,0,0,0,0,0,0
202501,318,35340,5,New Iberia  LA ,9,9,1390,0,0,0,0,0,0,0,0,0,8,8,1134,0,0,0,0,0,0,0,0,0
202501,318,36660,5,Opelousas  LA ,8,8,1518,0,0,0,0,0,0,0,0,0,0,0,0,0,0,0,0,0,0,0,0,0
202501,320,23140,5,Frankfort  IN ,3,3,928,0,0,0,0,0,0,0,0,0,1,1,400,0,0,0,0,0,0,0,0,0
202501,320,29200,2,Lafayette-West Lafayette  IN ,34,34,11880,0,0,0,0,0,0,4,1304,279132,33,33,11741,0,0,0,0,0,0,3,1264,274615
202501,320,33900,5,Monticello  IN ,3,3,1205,0,0,0,0,0,0,0,0,0,3,3,1205,0,0,0,0,0,0,0,0,0
202501,324,19760,5,DeRidder  LA ,10,10,1970,0,0,0,0,0,0,0,0,0,9,9,1793,0,0,0,0,0,0,0,0,0
202501,324,29340,2,Lake Charles  LA ,41,41,11011,0,0,0,0,0,0,0,0,0,37,37,10174,0,0,0,0,0,0,0,0,0
202501,330,29620,2,Lansing-East Lansing  MI ,35,35,11668,0,0,0,0,0,0,1,15,1665,23,23,7905,0,0,0,0,0,0,0,0,0
202501,330,37020,5,Owosso  MI ,3,3,727,0,0,0,0,0,0,0,0,0,0,0,0,0,0,0,0,0,0,0,0,0
202501,332,29820,2,Las Vegas-Henderson-North Las Vegas  NV ,987,987,330288,0,0,0,4,16,1115,6,289,49047,986,986,329383,0,0,0,4,16,1115,6,289,49047
202501,334,20340,5,Duncan  OK ,0,0,0,0,0,0,0,0,0,0,0,0,0,0,0,0,0,0,0,0,0,0,0,0
202501,334,30020,2,Lawton  OK ,14,14,2914,0,0,0,0,0,0,0,0,0,10,10,2496,0,0,0,0,0,0,0,0,0
202501,336,23180,5,Frankfort  KY ,11,11,2800,0,0,0,0,0,0,0,0,0,4,4,1150,0,0,0,0,0,0,0,0,0
202501,336,30460,2,Lexington-Fayette  KY ,96,96,30354,0,0,0,1,3,440,3,62,6204,45,45,19030,0,0,0,0,0,0,1,9,973
202501,336,34460,5,Mount Sterling  KY ,3,3,659,0,0,0,0,0,0,0,0,0,0,0,0,0,0,0,0,0,0,0,0,0
202501,336,40080,5,Richmond-Berea  KY ,10,10,2613,2,4,560,0,0,0,1,7,350,10,10,2613,2,4,560,0,0,0,1,7,350
202501,338,16380,5,Celina  OH ,5,5,1704,0,0,0,0,0,0,0,0,0,1,1,550,0,0,0,0,0,0,0,0,0
202501,338,30620,2,Lima  OH ,4,4,950,0,0,0,0,0,0,0,0,0,0,0,0,0,0,0,0,0,0,0,0,0
202501,338,46780,5,Van Wert  OH ,3,3,876,0,0,0,0,0,0,0,0,0,0,0,0,0,0,0,0,0,0,0,0,0
202501,338,47540,5,Wapakoneta  OH ,6,6,1403,0,0,0,1,3,1000,0,0,0,0,0,0,0,0,0,0,0,0,0,0,0
202501,339,13100,5,Beatrice  NE ,1,1,252,0,0,0,0,0,0,0,0,0,0,0,0,0,0,0,0,0,0,0,0,0
202501,339,30700,2,Lincoln  NE ,53,53,17578,0,0,0,0,0,0,0,0,0,50,50,16533,0,0,0,0,0,0,0,0,0
202501,340,30780,2,Little Rock-North Little Rock-Conway  AR ,186,186,51440,6,12,890,8,31,1994,8,192,18995,177,177,49501,6,12,890,8,31,1994,8,192,18995
202501,340,38220,5,Pine Bluff  AR ,1,1,149,4,8,660,0,0,0,0,0,0,0,0,0,4,8,660,0,0,0,0,0,0
202501,340,42620,5,Searcy  AR ,17,17,2557,0,0,0,0,0,0,0,0,0,14,14,2308,0,0,0,0,0,0,0,0,0
202501,348,31080,2,Los Angeles-Long Beach-Anaheim  CA ,955,955,265631,62,124,32397,4,13,2407,35,583,97804,757,757,215637,59,118,30463,2,7,1557,27,480,76278
202501,348,37100,2,Oxnard-Thousand Oaks-Ventura  CA ,27,27,7946,0,0,0,0,0,0,1,5,520,8,8,1212,0,0,0,0,0,0,0,0,0
202501,348,40140,2,Riverside-San Bernardino-Ontario  CA ,978,978,272118,8,16,649,7,25,4260,10,142,27430,585,585,154306,8,16,649,7,25,4260,10,142,27430
202501,350,21060,2,Elizabethtown  KY ,28,28,6137,0,0,0,0,0,0,4,28,1680,24,24,5034,0,0,0,0,0,0,4,28,1680
202501,350,31140,2,Louisville-Jefferson County  KY-IN ,207,207,62728,2,4,1100,0,0,0,3,44,6907,199,199,60857,2,4,1100,0,0,0,3,44,6907
202501,352,31180,2,Lubbock  TX ,153,153,45895,0,0,0,6,24,3654,24,238,23203,151,151,45436,0,0,0,6,24,3654,24,238,23203
202501,352,38380,5,Plainview  TX ,2,2,561,0,0,0,0,0,0,0,0,0,0,0,0,0,0,0,0,0,0,0,0,0
202501,356,31420,2,Macon-Bibb County  GA ,39,39,9888,0,0,0,0,0,0,0,0,0,5,5,1090,0,0,0,0,0,0,0,0,0
202501,356,47580,2,Warner Robins  GA ,116,116,22428,0,0,0,0,0,0,0,0,0,91,91,17170,0,0,0,0,0,0,0,0,0
202501,357,12660,5,Baraboo  WI ,13,13,7404,1,2,400,0,0,0,0,0,0,5,5,4240,0,0,0,0,0,0,0,0,0
202501,357,27500,2,Janesville-Beloit  WI ,16,16,4710,1,2,400,0,0,0,0,0,0,12,12,3651,1,2,400,0,0,0,0,0,0
202501,357,31540,2,Madison  WI ,103,103,60037,6,12,3576,0,0,0,7,343,37044,80,80,52025,2,4,1298,0,0,0,4,304,30400
202501,359,31860,2,Mankato  MN ,2,2,897,0,0,0,0,0,0,0,0,0,1,1,500,0,0,0,0,0,0,0,0,0
202501,359,35580,5,New Ulm  MN ,0,0,0,0,0,0,0,0,0,0,0,0,0,0,0,0,0,0,0,0,0,0,0,0
202501,360,11740,5,Ashland  OH ,5,5,1120,1,2,300,0,0,0,0,0,0,0,0,0,0,0,0,0,0,0,0,0,0
202501,360,15340,5,Bucyrus  OH ,1,1,281,0,0,0,0,0,0,0,0,0,0,0,0,0,0,0,0,0,0,0,0,0
202501,360,31900,2,Mansfield  OH ,8,8,2651,0,0,0,0,0,0,0,0,0,0,0,0,0,0,0,0,0,0,0,0,0
202501,361,27020,5,Iron Mountain  MI-WI ,4,4,1203,0,0,0,0,0,0,0,0,0,0,0,0,0,0,0,0,0,0,0,0,0
202501,361,31940,5,Marinette  WI-MI ,7,7,1891,0,0,0,0,0,0,0,0,0,0,0,0,0,0,0,0,0,0,0,0,0
202501,365,32580,2,McAllen-Edinburg-Mission  TX ,397,397,104877,30,60,4046,52,204,18462,7,37,1930,354,354,94167,30,60,4046,42,168,13282,7,37,1930
202501,365,40100,5,Rio Grande City-Roma  TX ,0,0,0,0,0,0,0,0,0,0,0,0,0,0,0,0,0,0,0,0,0,0,0,0
202501,366,24420,2,Grants Pass  OR ,14,14,3533,1,2,494,1,3,539,0,0,0,0,0,0,0,0,0,0,0,0,0,0,0
202501,366,32780,2,Medford  OR ,83,83,24058,0,0,0,0,0,0,0,0,0,79,79,23425,0,0,0,0,0,0,0,0,0
202501,368,17260,5,Clarksdale  MS ,2,2,356,0,0,0,0,0,0,0,0,0,0,0,0,0,0,0,0,0,0,0,0,0
202501,368,22620,5,Forrest City  AR ,0,0,0,0,0,0,0,0,0,0,0,0,0,0,0,0,0,0,0,0,0,0,0,0
202501,368,32820,2,Memphis  TN-MS-AR ,237,237,62991,0,0,0,0,0,0,0,0,0,203,203,55146,0,0,0,0,0,0,0,0,0
202501,370,28580,5,Key West-Key Largo  FL ,26,26,20360,0,0,0,0,0,0,0,0,0,12,12,11382,0,0,0,0,0,0,0,0,0
202501,370,33100,2,Miami-Fort Lauderdale-West Palm Beach  FL ,345,345,181751,19,38,9818,4,16,3648,27,719,107281,253,253,123603,19,38,9818,4,16,3648,15,382,70645
202501,370,36380,5,Okeechobee  FL ,2,2,761,0,0,0,0,0,0,0,0,0,2,2,761,0,0,0,0,0,0,0,0,0
202501,370,38940,2,Port St. Lucie  FL ,409,409,139195,0,0,0,0,0,0,35,442,45419,409,409,139195,0,0,0,0,0,0,35,442,45419
202501,370,42680,2,Sebastian-Vero Beach-West Vero Corridor  FL ,10,10,5112,0,0,0,0,0,0,0,0,0,8,8,2194,0,0,0,0,0,0,0,0,0
202501,371,18340,5,Corbin  KY ,3,3,327,3,6,700,0,0,0,1,11,700,3,3,327,3,6,700,0,0,0,1,11,700
202501,371,33180,5,Middlesborough  KY ,3,3,301,0,0,0,0,0,0,0,0,0,0,0,0,0,0,0,0,0,0,0,0,0
202501,372,11380,5,Andrews  TX ,3,3,702,0,0,0,0,0,0,0,0,0,0,0,0,0,0,0,0,0,0,0,0,0
202501,372,33260,2,Midland  TX ,121,121,27944,0,0,0,0,0,0,0,0,0,121,121,27944,0,0,0,0,0,0,0,0,0
202501,372,36220,2,Odessa  TX ,107,107,27779,0,0,0,0,0,0,0,0,0,107,107,27779,0,0,0,0,0,0,0,0,0
202501,376,13180,5,Beaver Dam  WI ,16,16,5628,2,4,877,0,0,0,0,0,0,9,9,3122,0,0,0,0,0,0,0,0,0
202501,376,33340,2,Milwaukee-Waukesha  WI ,107,107,55245,4,8,1994,0,0,0,3,107,19844,75,75,42272,3,6,1446,0,0,0,2,83,16140
202501,376,39540,2,Racine-Mount Pleasant  WI ,21,21,10414,0,0,0,0,0,0,2,29,9149,17,17,8947,0,0,0,0,0,0,0,0,0
202501,376,48020,5,Watertown-Fort Atkinson  WI ,13,13,2530,1,2,499,0,0,0,0,0,0,10,10,1644,1,2,499,0,0,0,0,0,0
202501,376,48580,5,Whitewater-Elkhorn  WI ,32,32,20928,0,0,0,0,0,0,0,0,0,25,25,18587,0,0,0,0,0,0,0,0,0
202501,378,22060,5,Faribault-Northfield  MN ,5,5,1835,1,2,470,0,0,0,0,0,0,2,2,1065,0,0,0,0,0,0,0,0,0
202501,378,26780,5,Hutchinson  MN ,2,2,690,0,0,0,0,0,0,0,0,0,0,0,0,0,0,0,0,0,0,0,0,0
202501,378,33460,2,Minneapolis-St. Paul-Bloomington  MN-WI ,526,526,220272,3,6,2632,0,0,0,7,166,29868,470,470,201430,2,4,2275,0,0,0,1,54,8696
202501,378,36940,5,Owatonna  MN ,0,0,0,0,0,0,0,0,0,0,0,0,0,0,0,0,0,0,0,0,0,0,0,0
202501,378,39860,5,Red Wing  MN ,4,4,735,0,0,0,0,0,0,0,0,0,3,3,534,0,0,0,0,0,0,0,0,0
202501,378,41060,2,St. Cloud  MN ,12,12,2831,0,0,0,0,0,0,2,101,20968,9,9,2159,0,0,0,0,0,0,1,95,20000
202501,380,19300,2,Daphne-Fairhope-Foley  AL ,250,250,82063,0,0,0,0,0,0,0,0,0,219,219,72846,0,0,0,0,0,0,0,0,0
202501,380,33660,2,Mobile  AL ,74,74,15020,5,10,1552,0,0,0,9,52,8000,71,71,14242,5,10,1552,0,0,0,9,52,8000
202501,384,33740,2,Monroe  LA ,40,40,7365,0,0,0,0,0,0,0,0,0,24,24,3045,0,0,0,0,0,0,0,0,0
202501,384,40820,5,Ruston  LA ,8,8,2150,0,0,0,0,0,0,0,0,0,1,1,250,0,0,0,0,0,0,0,0,0
202501,388,33860,2,Montgomery  AL ,45,45,12859,0,0,0,0,0,0,1,7,1139,24,24,8423,0,0,0,0,0,0,0,0,0
202501,388,42820,5,Selma  AL ,1,1,125,0,0,0,0,0,0,0,0,0,0,0,0,0,0,0,0,0,0,0,0,0
202501,393,34180,5,Moses Lake  WA ,38,38,12907,1,2,460,0,0,0,0,0,0,24,24,9840,0,0,0,0,0,0,0,0,0
202501,393,36830,5,Othello  WA ,5,5,1317,0,0,0,1,3,276,0,0,0,1,1,552,0,0,0,0,0,0,0,0,0
202501,394,10940,5,Alma  MI ,2,2,429,0,0,0,0,0,0,0,0,0,0,0,0,0,0,0,0,0,0,0,0,0
202501,394,34380,5,Mount Pleasant  MI ,1,1,268,0,0,0,0,0,0,0,0,0,1,1,268,0,0,0,0,0,0,0,0,0
202501,396,34680,5,Murrells Inlet  SC ,24,24,12782,0,0,0,0,0,0,1,5,557,22,22,12005,0,0,0,0,0,0,0,0,0
202501,396,34820,2,Myrtle Beach-Conway-North Myrtle Beach  SC ,578,578,113204,0,0,0,3,12,2041,2,11,1634,136,136,37851,0,0,0,3,12,2041,1,6,1384
202501,400,29980,5,Lawrenceburg  TN ,2,2,417,0,0,0,0,0,0,0,0,0,0,0,0,0,0,0,0,0,0,0,0,0
202501,400,30280,5,Lewisburg  TN ,21,21,5640,0,0,0,0,0,0,1,5,511,0,0,0,0,0,0,0,0,0,0,0,0
202501,400,34980,2,Nashville-Davidson--Murfreesboro--Franklin  TN ,1011,1011,374575,0,0,0,0,0,0,20,558,130061,862,862,340577,0,0,0,0,0,0,15,520,125983
202501,400,43180,5,Shelbyville  TN ,18,18,4536,0,0,0,0,0,0,0,0,0,18,18,4536,0,0,0,0,0,0,0,0,0
202501,400,46100,5,Tullahoma-Manchester  TN ,42,42,11786,1,2,182,1,3,273,3,17,1547,40,40,11312,1,2,182,1,3,273,3,17,1547
202501,400,49010,5,Winchester  TN ,29,29,7578,0,0,0,0,0,0,0,0,0,15,15,4487,0,0,0,0,0,0,0,0,0
202501,404,33980,5,Morehead City  NC ,41,41,15942,0,0,0,0,0,0,0,0,0,39,39,15667,0,0,0,0,0,0,0,0,0
202501,404,35100,5,New Bern  NC ,30,30,7110,0,0,0,0,0,0,0,0,0,15,15,4259,0,0,0,0,0,0,0,0,0
202501,405,25540,2,Hartford-West Hartford-East Hartford  CT ,32,32,10702,0,0,0,0,0,0,3,18,1421,17,17,6384,0,0,0,0,0,0,0,0,0
202501,405,35300,2,New Haven  CT ,14,14,4983,4,8,2778,2,7,1500,1,6,385,10,10,4289,4,8,2778,1,4,300,0,0,0
202501,405,35980,2,Norwich-New London-Willimantic  CT ,11,11,3187,0,0,0,0,0,0,0,0,0,4,4,1275,0,0,0,0,0,0,0,0,0
202501,405,39480,5,Putnam  CT ,8,8,2391,0,0,0,0,0,0,0,0,0,5,5,1544,0,0,0,0,0,0,0,0,0
202501,405,45860,5,Torrington  CT ,8,8,5394,0,0,0,0,0,0,0,0,0,5,5,4467,0,0,0,0,0,0,0,0,0
202501,405,47930,2,Waterbury-Shelton  CT ,22,22,5016,1,2,250,1,3,285,1,12,820,7,7,1747,1,2,250,0,0,0,0,0,0
202501,406,14220,5,Bogalusa  LA ,0,0,0,0,0,0,0,0,0,0,0,0,0,0,0,0,0,0,0,0,0,0,0,0
202501,406,35380,2,New Orleans-Metairie  LA ,75,75,25218,24,48,6201,0,0,0,1,18,5032,29,29,11164,4,8,963,0,0,0,0,0,0
202501,406,38100,5,Picayune  MS ,28,28,5039,0,0,0,0,0,0,0,0,0,24,24,4144,0,0,0,0,0,0,0,0,0
202501,406,43640,2,Slidell-Mandeville-Covington  LA ,89,89,27715,1,2,207,0,0,0,0,0,0,87,87,27298,0,0,0,0,0,0,0,0,0
202501,408,14860,2,Bridgeport-Stamford-Danbury  CT ,34,34,48081,2,4,388,1,4,185,2,97,15795,31,31,46787,1,2,175,1,4,185,1,77,13388
202501,408,25770,5,Hemlock Farms  PA ,17,17,5792,0,0,0,0,0,0,0,0,0,16,16,5458,0,0,0,0,0,0,0,0,0
202501,408,28740,2,Kingston  NY ,17,17,9111,0,0,0,0,0,0,0,0,0,8,8,6230,0,0,0,0,0,0,0,0,0
202501,408,28880,2,Kiryas Joel-Poughkeepsie-Newburgh  NY ,93,93,34805,2,4,691,0,0,0,6,60,11512,61,61,18740,0,0,0,0,0,0,2,21,5522
202501,408,33910,5,Monticello  NY ,34,34,9116,3,6,655,0,0,0,0,0,0,11,11,2540,0,0,0,0,0,0,0,0,0
202501,408,35620,2,New York-Newark-Jersey City  NY-NJ ,908,908,303307,58,116,16974,20,69,9209,98,3107,441512,547,547,193136,39,78,9921,14,50,8096,46,2528,369025
202501,408,45940,2,Trenton-Princeton  NJ ,145,145,18500,0,0,0,0,0,0,3,30,2879,129,129,16743,0,0,0,0,0,0,1,19,2382
202501,412,11580,5,Arcadia  FL ,5,5,1162,0,0,0,0,0,0,0,0,0,5,5,1162,0,0,0,0,0,0,0,0,0
202501,412,35840,2,North Port-Bradenton-Sarasota  FL ,694,694,227672,6,12,1297,6,23,5981,20,741,39872,684,684,223954,5,10,1000,5,20,5651,17,696,34012
202501,412,39460,2,Punta Gorda  FL ,205,205,66991,7,14,1924,1,3,347,2,36,8082,199,199,63238,6,12,1564,1,3,347,1,30,7003
202501,416,36420,2,Oklahoma City  OK ,553,553,160251,29,58,6701,6,20,2834,2,13,1054,213,213,70755,11,22,2528,0,0,0,0,0,0
202501,416,43060,5,Shawnee  OK ,9,9,2164,3,6,900,0,0,0,0,0,0,6,6,1130,3,6,900,0,0,0,0,0,0
202501,420,23340,5,Fremont  NE ,1,1,400,0,0,0,0,0,0,0,0,0,1,1,400,0,0,0,0,0,0,0,0,0
202501,420,36540,2,Omaha  NE-IA ,337,337,54803,3,6,522,15,48,13744,4,375,28089,312,312,48550,2,4,297,15,48,13744,4,375,28089
202501,422,19660,2,Deltona-Daytona Beach-Ormond Beach  FL ,346,346,143717,6,12,2936,1,4,448,2,60,8071,300,300,129369,5,10,2420,1,4,448,2,60,8071
202501,422,29460,2,Lakeland-Winter Haven  FL ,696,696,226749,5,10,1219,0,0,0,14,351,47986,630,630,210557,4,8,1082,0,0,0,12,312,43833
202501,422,36740,2,Orlando-Kissimmee-Sanford  FL ,1393,1393,468224,12,24,5520,3,12,2524,64,2203,364014,1224,1224,409005,12,24,5520,3,12,2524,61,2081,344566
202501,422,48680,2,Wildwood-The Villages  FL ,258,258,62909,0,0,0,0,0,0,0,0,0,0,0,0,0,0,0,0,0,0,0,0,0
202501,424,32460,5,Mayfield  KY ,1,1,218,0,0,0,0,0,0,0,0,0,0,0,0,0,0,0,0,0,0,0,0,0
202501,424,37140,2,Paducah  KY-IL ,17,17,4092,1,2,280,0,0,0,0,0,0,17,17,4092,1,2,280,0,0,0,0,0,0
202501,425,31930,5,Marietta  OH ,0,0,0,0,0,0,0,0,0,0,0,0,0,0,0,0,0,0,0,0,0,0,0,0
202501,425,37620,2,Parkersburg-Vienna  WV ,7,7,2621,0,0,0,0,0,0,0,0,0,6,6,2469,0,0,0,0,0,0,0,0,0
202501,427,15900,5,Canton  IL ,0,0,0,0,0,0,0,0,0,0,0,0,0,0,0,0,0,0,0,0,0,0,0,0
202501,427,37900,2,Peoria  IL ,9,9,3181,0,0,0,0,0,0,0,0,0,2,2,768,0,0,0,0,0,0,0,0,0
202501,428,12100,2,Atlantic City-Hammonton  NJ ,89,89,31789,16,32,5871,1,3,509,1,5,622,69,69,23118,14,28,5407,0,0,0,0,0,0
202501,428,20100,2,Dover  DE ,68,68,9761,2,4,549,0,0,0,0,0,0,64,64,8640,2,4,549,0,0,0,0,0,0
202501,428,37980,2,Philadelphia-Camden-Wilmington  PA-NJ-DE-MD ,648,648,149718,3,6,710,11,38,5090,20,239,17053,396,396,88669,3,6,710,9,30,4526,12,184,10261
202501,428,39740,2,Reading  PA ,23,23,6534,0,0,0,0,0,0,0,0,0,12,12,3189,0,0,0,0,0,0,0,0,0
202501,428,47220,2,Vineland  NJ ,13,13,1776,0,0,0,0,0,0,1,10,159,8,8,1197,0,0,0,0,0,0,1,10,159
202501,429,37740,5,Payson  AZ ,27,27,6423,0,0,0,0,0,0,0,0,0,19,19,3866,0,0,0,0,0,0,0,0,0
202501,429,38060,2,Phoenix-Mesa-Chandler  AZ ,2493,2493,734439,51,102,12961,1,4,222,7,88,12756,2362,2362,701147,49,98,12501,1,4,222,5,32,3602
202501,430,25850,5,Hermitage  PA ,6,6,1582,0,0,0,0,0,0,0,0,0,1,1,340,0,0,0,0,0,0,0,0,0
202501,430,26860,5,Indiana  PA ,1,1,275,0,0,0,0,0,0,0,0,0,0,0,0,0,0,0,0,0,0,0,0,0
202501,430,38300,2,Pittsburgh  PA ,277,277,80049,0,0,0,2,6,925,3,145,14952,155,155,44893,0,0,0,0,0,0,0,0,0
202501,430,48260,2,Weirton-Steubenville  WV-OH ,0,0,0,0,0,0,0,0,0,0,0,0,0,0,0,0,0,0,0,0,0,0,0,0
202501,438,30340,2,Lewiston-Auburn  ME ,24,24,4972,5,10,1741,0,0,0,0,0,0,17,17,3300,4,8,1400,0,0,0,0,0,0
202501,438,38860,2,Portland-South Portland  ME ,117,117,39615,6,12,1950,1,3,250,6,183,41427,57,57,22233,4,8,1350,0,0,0,4,170,40705
202501,440,10540,2,Albany  OR ,8,8,2436,1,2,583,0,0,0,0,0,0,8,8,2436,1,2,583,0,0,0,0,0,0
202501,440,18700,2,Corvallis  OR ,10,10,3443,0,0,0,0,0,0,0,0,0,10,10,3443,0,0,0,0,0,0,0,0,0
202501,440,31020,2,Longview-Kelso  WA ,25,25,9018,1,2,325,0,0,0,0,0,0,25,25,9018,0,0,0,0,0,0,0,0,0
202501,440,38900,2,Portland-Vancouver-Hillsboro  OR-WA ,572,572,224866,10,20,3142,3,11,1508,5,205,27276,429,429,151214,9,18,3102,2,8,838,2,157,19142
202501,440,41420,2,Salem  OR ,74,74,24305,2,4,906,0,0,0,1,5,801,71,71,23531,1,2,400,0,0,0,0,0,0
202501,444,15860,5,Cañon City  CO ,8,8,2311,0,0,0,0,0,0,0,0,0,7,7,1894,0,0,0,0,0,0,0,0,0
202501,444,39380,2,Pueblo  CO ,13,13,1997,0,0,0,0,0,0,0,0,0,13,13,1997,0,0,0,0,0,0,0,0,0
202501,446,34140,5,Moscow  ID ,6,6,2108,0,0,0,0,0,0,1,12,2044,6,6,2108,0,0,0,0,0,0,1,12,2044
202501,446,39420,5,Pullman  WA ,4,4,1565,0,0,0,0,0,0,0,0,0,1,1,289,0,0,0,0,0,0,0,0,0
202501,448,25300,5,Hannibal  MO ,0,0,0,0,0,0,0,0,0,0,0,0,0,0,0,0,0,0,0,0,0,0,0,0
202501,448,39500,5,Quincy  IL-MO ,4,4,877,0,0,0,0,0,0,0,0,0,0,0,0,0,0,0,0,0,0,0,0,0
202501,450,11360,5,Anderson Creek  NC ,92,92,13902,0,0,0,0,0,0,0,0,0,5,5,895,0,0,0,0,0,0,0,0,0
202501,450,20500,2,Durham-Chapel Hill  NC ,231,231,88047,4,8,1153,0,0,0,6,277,48008,71,71,37779,0,0,0,0,0,0,0,0,0
202501,450,25780,5,Henderson  NC ,6,6,2038,0,0,0,0,0,0,0,0,0,0,0,0,0,0,0,0,0,0,0,0,0
202501,450,39580,2,Raleigh-Cary  NC ,997,997,278947,1,2,310,0,0,0,2,68,9784,958,958,272418,1,2,310,0,0,0,2,68,9784
202501,450,41820,5,Sanford  NC ,56,56,10421,0,0,0,0,0,0,0,0,0,56,56,10421,0,0,0,0,0,0,0,0,0
202501,452,39660,2,Rapid City  SD ,64,64,18873,3,6,949,0,0,0,0,0,0,61,61,17797,3,6,949,0,0,0,0,0,0
202501,452,43940,5,Spearfish  SD ,12,12,4528,1,2,223,0,0,0,1,8,1329,5,5,1920,0,0,0,0,0,0,0,0,0
202501,454,39780,5,Red Bluff  CA ,13,13,2385,0,0,0,0,0,0,0,0,0,1,1,200,0,0,0,0,0,0,0,0,0
202501,454,39820,2,Redding  CA ,38,38,12470,0,0,0,0,0,0,0,0,0,30,30,10169,0,0,0,0,0,0,0,0,0
202501,456,16180,2,Carson City  NV ,9,9,3964,0,0,0,0,0,0,5,210,38875,9,9,3964,0,0,0,0,0,0,5,210,38875
202501,456,21980,5,Fallon  NV ,4,4,1271,0,0,0,0,0,0,0,0,0,3,3,997,0,0,0,0,0,0,0,0,0
202501,456,23820,5,Gardnerville Ranchos  NV-CA ,20,20,12425,0,0,0,0,0,0,0,0,0,20,20,12425,0,0,0,0,0,0,0,0,0
202501,456,39900,2,Reno  NV ,213,213,57989,1,2,209,1,3,396,9,234,56603,60,60,15118,0,0,0,0,0,0,5,158,46946
202501,458,18220,5,Connersville  IN ,1,1,856,0,0,0,0,0,0,0,0,0,1,1,856,0,0,0,0,0,0,0,0,0
202501,458,39980,5,Richmond  IN ,3,3,1175,0,0,0,0,0,0,0,0,0,3,3,1175,0,0,0,0,0,0,0,0,0
202501,462,12380,5,Austin  MN ,2,2,520,0,0,0,0,0,0,0,0,0,1,1,300,0,0,0,0,0,0,0,0,0
202501,462,40340,2,Rochester  MN ,33,33,10329,0,0,0,0,0,0,0,0,0,21,21,6906,0,0,0,0,0,0,0,0,0
202501,462,49100,5,Winona  MN ,2,2,527,0,0,0,0,0,0,0,0,0,0,0,0,0,0,0,0,0,0,0,0,0
202501,464,12860,5,Batavia  NY ,4,4,696,0,0,0,0,0,0,0,0,0,0,0,0,0,0,0,0,0,0,0,0,0
202501,464,40380,2,Rochester  NY ,93,93,30621,1,2,220,1,4,200,1,5,658,73,73,25252,1,2,220,1,4,200,0,0,0
202501,464,42900,5,Seneca Falls  NY ,2,2,1340,0,0,0,0,0,0,0,0,0,2,2,1340,0,0,0,0,0,0,0,0,0
202501,466,23300,5,Freeport  IL ,0,0,0,0,0,0,0,0,0,0,0,0,0,0,0,0,0,0,0,0,0,0,0,0
202501,466,40300,5,Rochelle  IL ,3,3,384,0,0,0,0,0,0,1,7,202,3,3,384,0,0,0,0,0,0,0,0,0
202501,466,40420,2,Rockford  IL ,22,22,6994,0,0,0,0,0,0,0,0,0,21,21,6906,0,0,0,0,0,0,0,0,0
202501,468,40260,5,Roanoke Rapids  NC ,6,6,2139,0,0,0,0,0,0,0,0,0,1,1,220,0,0,0,0,0,0,0,0,0
202501,468,40580,2,Rocky Mount  NC ,46,46,9822,0,0,0,0,0,0,0,0,0,2,2,580,0,0,0,0,0,0,0,0,0
202501,468,48980,5,Wilson  NC ,31,31,6815,0,0,0,0,0,0,0,0,0,31,31,6815,0,0,0,0,0,0,0,0,0
202501,472,40900,2,Sacramento-Roseville-Folsom  CA ,687,687,243572,14,28,3027,1,4,800,4,82,12323,675,675,240248,14,28,3027,1,4,800,4,82,12323
202501,472,46020,5,Truckee-Grass Valley  CA ,11,11,4962,0,0,0,0,0,0,0,0,0,11,11,4962,0,0,0,0,0,0,0,0,0
202501,472,49700,2,Yuba City  CA ,70,70,30063,0,0,0,0,0,0,0,0,0,65,65,28238,0,0,0,0,0,0,0,0,0
202501,474,13020,2,Bay City  MI ,2,2,854,0,0,0,0,0,0,0,0,0,2,2,854,0,0,0,0,0,0,0,0,0
202501,474,33220,2,Midland  MI ,6,6,1687,0,0,0,0,0,0,0,0,0,3,3,647,0,0,0,0,0,0,0,0,0
202501,474,40980,2,Saginaw  MI ,10,10,3576,0,0,0,0,0,0,0,0,0,2,2,1175,0,0,0,0,0,0,0,0,0
202501,476,16460,5,Centralia  IL ,0,0,0,0,0,0,0,0,0,0,0,0,0,0,0,0,0,0,0,0,0,0,0,0
202501,476,22100,5,Farmington  MO ,7,7,1874,1,2,219,0,0,0,1,25,2361,5,5,1380,0,0,0,0,0,0,0,0,0
202501,476,41180,2,St. Louis  MO-IL ,263,263,111340,20,40,6707,2,8,2256,7,74,11280,221,221,97019,20,40,6707,2,8,2256,1,28,4480
202501,480,36180,5,Ocean Pines  MD ,23,23,6022,0,0,0,0,0,0,0,0,0,23,23,6022,0,0,0,0,0,0,0,0,0
202501,480,41540,2,Salisbury  MD ,8,8,1914,0,0,0,2,8,1105,0,0,0,6,6,1601,0,0,0,2,8,1105,0,0,0
202501,482,14940,5,Brigham City  UT-ID ,30,30,10350,0,0,0,0,0,0,1,5,654,24,24,8898,0,0,0,0,0,0,0,0,0
202501,482,25720,5,Heber  UT ,101,101,95703,0,0,0,0,0,0,0,0,0,100,100,95064,0,0,0,0,0,0,0,0,0
202501,482,36260,2,Ogden  UT ,135,135,47027,1,2,600,5,17,1766,6,40,7758,84,84,33128,1,2,600,4,14,1200,4,21,5074
202501,482,39340,2,Provo-Orem-Lehi  UT ,448,448,144390,0,0,0,1,4,823,6,42,4363,431,431,137370,0,0,0,1,4,823,6,42,4363
202501,482,41620,2,Salt Lake City-Murray  UT ,332,332,96962,2,4,958,4,14,3312,4,593,142478,305,305,85909,1,2,600,3,11,2873,3,584,140325
202501,484,23240,5,Fredericksburg  TX ,5,5,1043,0,0,0,0,0,0,0,0,0,0,0,0,0,0,0,0,0,0,0,0,0
202501,484,28500,5,Kerrville  TX ,4,4,1150,0,0,0,0,0,0,0,0,0,4,4,1150,0,0,0,0,0,0,0,0,0
202501,484,41700,2,San Antonio-New Braunfels  TX ,813,813,227448,0,0,0,6,24,10228,7,39,116040,709,709,204245,0,0,0,6,24,10228,6,30,114934
202501,488,32900,2,Merced  CA ,34,34,10578,0,0,0,0,0,0,0,0,0,22,22,6886,0,0,0,0,0,0,0,0,0
202501,488,33700,2,Modesto  CA ,77,77,14463,0,0,0,0,0,0,2,12,850,70,70,13223,0,0,0,0,0,0,2,12,850
202501,488,34900,2,Napa  CA ,27,27,11713,0,0,0,0,0,0,0,0,0,27,27,11713,0,0,0,0,0,0,0,0,0
202501,488,41860,2,San Francisco-Oakland-Fremont  CA ,174,174,69186,4,8,1870,2,6,567,16,377,122944,122,122,47464,2,4,984,1,3,417,11,346,117837
202501,488,41940,2,San Jose-Sunnyvale-Santa Clara  CA ,192,192,76259,0,0,0,0,0,0,4,23,5827,175,175,66104,0,0,0,0,0,0,3,18,4790
202501,488,42100,2,Santa Cruz-Watsonville  CA ,12,12,1472,1,2,837,0,0,0,0,0,0,8,8,873,0,0,0,0,0,0,0,0,0
202501,488,44700,2,Stockton-Lodi  CA ,207,207,90477,0,0,0,0,0,0,0,0,0,138,138,61545,0,0,0,0,0,0,0,0,0
202501,488,46700,2,Vallejo  CA ,56,56,13430,0,0,0,0,0,0,1,6,792,28,28,7520,0,0,0,0,0,0,0,0,0
202501,496,25980,2,Hinesville  GA ,50,50,11949,0,0,0,0,0,0,0,0,0,26,26,6241,0,0,0,0,0,0,0,0,0
202501,496,27700,5,Jesup  GA ,4,4,699,0,0,0,0,0,0,0,0,0,4,4,699,0,0,0,0,0,0,0,0,0
202501,496,42340,2,Savannah  GA ,274,274,67329,1,2,247,0,0,0,3,95,13449,176,176,42684,0,0,0,0,0,0,2,89,12600
202501,496,44340,5,Statesboro  GA ,92,92,13507,0,0,0,0,0,0,0,0,0,62,62,8322,0,0,0,0,0,0,0,0,0
202501,500,14740,2,Bremerton-Silverdale-Port Orchard  WA ,47,47,17876,1,2,537,0,0,0,1,18,2955,47,47,17876,1,2,537,0,0,0,1,18,2955
202501,500,16500,5,Centralia  WA ,15,15,3783,0,0,0,0,0,0,0,0,0,15,15,3783,0,0,0,0,0,0,0,0,0
202501,500,34580,2,Mount Vernon-Anacortes  WA ,12,12,5219,0,0,0,0,0,0,2,18,1974,11,11,4931,0,0,0,0,0,0,0,0,0
202501,500,36020,5,Oak Harbor  WA ,17,17,5803,0,0,0,0,0,0,0,0,0,1,1,430,0,0,0,0,0,0,0,0,0
202501,500,36500,2,Olympia-Lacey-Tumwater  WA ,53,53,16117,0,0,0,0,0,0,10,203,29584,44,44,14078,0,0,0,0,0,0,9,193,28949
202501,500,42660,2,Seattle-Tacoma-Bellevue  WA ,528,528,225888,34,68,17480,24,78,16257,24,529,84342,490,490,203758,34,68,17480,24,78,16257,22,504,80146
202501,500,43220,5,Shelton  WA ,9,9,3022,0,0,0,0,0,0,0,0,0,9,9,3022,0,0,0,0,0,0,0,0,0
202501,508,33380,5,Minden  LA ,5,5,1004,0,0,0,0,0,0,0,0,0,3,3,452,0,0,0,0,0,0,0,0,0
202501,508,43340,2,Shreveport-Bossier City  LA ,73,73,22117,0,0,0,0,0,0,0,0,0,59,59,18441,0,0,0,0,0,0,0,0,0
202501,512,30180,5,Le Mars  IA ,3,3,1568,0,0,0,0,0,0,0,0,0,2,2,993,0,0,0,0,0,0,0,0,0
202501,512,43580,2,Sioux City  IA-NE-SD ,12,12,4035,0,0,0,0,0,0,0,0,0,10,10,3460,0,0,0,0,0,0,0,0,0
202501,515,21140,2,Elkhart-Goshen  IN ,13,13,5159,0,0,0,0,0,0,0,0,0,13,13,5159,0,0,0,0,0,0,0,0,0
202501,515,35660,2,Niles  MI ,9,9,2731,0,0,0,0,0,0,1,5,885,5,5,1623,0,0,0,0,0,0,0,0,0
202501,515,38500,5,Plymouth  IN ,7,7,3643,0,0,0,0,0,0,0,0,0,0,0,0,0,0,0,0,0,0,0,0,0
202501,515,43780,2,South Bend-Mishawaka  IN-MI ,23,23,9408,1,2,300,0,0,0,0,0,0,18,18,6223,1,2,300,0,0,0,0,0,0
202501,515,47700,5,Warsaw  IN ,18,18,7890,1,2,472,0,0,0,0,0,0,14,14,6254,0,0,0,0,0,0,0,0,0
202501,517,43980,5,Spencer  IA ,1,1,200,0,0,0,0,0,0,0,0,0,0,0,0,0,0,0,0,0,0,0,0,0
202501,517,44020,5,Spirit Lake  IA ,10,10,2454,0,0,0,0,0,0,0,0,0,0,0,0,0,0,0,0,0,0,0,0,0
202501,518,17660,2,Coeur dAlene  ID ,74,74,27019,1,2,312,0,0,0,1,6,651,51,51,21058,1,2,312,0,0,0,0,0,0
202501,518,44060,2,Spokane-Spokane Valley  WA ,88,88,26879,3,6,1318,2,7,1893,1,18,1007,31,31,11726,2,4,970,2,7,1893,0,0,0
202501,521,11200,2,Amherst Town-Northampton  MA ,6,6,2383,0,0,0,0,0,0,2,10,840,2,2,970,0,0,0,0,0,0,0,0,0
202501,521,24640,5,Greenfield  MA ,3,3,754,0,0,0,0,0,0,0,0,0,0,0,0,0,0,0,0,0,0,0,0,0
202501,521,44140,2,Springfield  MA ,16,16,4825,1,2,184,0,0,0,0,0,0,4,4,1314,0,0,0,0,0,0,0,0,0
202501,522,27300,5,Jacksonville  IL ,0,0,0,0,0,0,0,0,0,0,0,0,0,0,0,0,0,0,0,0,0,0,0,0
202501,522,30660,5,Lincoln  IL ,0,0,0,0,0,0,0,0,0,0,0,0,0,0,0,0,0,0,0,0,0,0,0,0
202501,522,44100,2,Springfield  IL ,8,8,2592,1,2,303,0,0,0,0,0,0,1,1,220,0,0,0,0,0,0,0,0,0
202501,522,45380,5,Taylorville  IL ,1,1,297,0,0,0,0,0,0,0,0,0,0,0,0,0,0,0,0,0,0,0,0,0
202501,523,18060,5,Columbus  MS ,10,10,1555,0,0,0,0,0,0,0,0,0,3,3,690,0,0,0,0,0,0,0,0,0
202501,523,44260,5,Starkville  MS ,6,6,2355,0,0,0,0,0,0,0,0,0,5,5,2069,0,0,0,0,0,0,0,0,0
202501,524,20180,5,DuBois  PA ,6,6,1809,0,0,0,0,0,0,0,0,0,0,0,0,0,0,0,0,0,0,0,0,0
202501,524,44300,2,State College  PA ,20,20,5894,3,6,868,0,0,0,0,0,0,13,13,4122,3,6,868,0,0,0,0,0,0
202501,532,12180,5,Auburn  NY ,6,6,1591,0,0,0,1,3,459,1,5,735,0,0,0,0,0,0,0,0,0,0,0,0
202501,532,45060,2,Syracuse  NY ,24,24,6883,0,0,0,0,0,0,2,17,2970,6,6,1923,0,0,0,0,0,0,1,12,1800
202501,533,12460,5,Bainbridge  GA ,6,6,1184,0,0,0,0,0,0,1,5,438,0,0,0,0,0,0,0,0,0,0,0,0
202501,533,45220,2,Tallahassee  FL ,90,90,17445,0,0,0,0,0,0,4,131,16760,23,23,3300,0,0,0,0,0,0,0,0,0
202501,536,35700,5,Nogales  AZ ,45,45,10448,0,0,0,0,0,0,0,0,0,45,45,10448,0,0,0,0,0,0,0,0,0
202501,536,46060,2,Tucson  AZ ,292,292,107924,1,2,238,0,0,0,4,59,8347,216,216,88549,0,0,0,0,0,0,3,30,3995
202501,538,12780,5,Bartlesville  OK ,1,1,300,0,0,0,0,0,0,0,0,0,1,1,300,0,0,0,0,0,0,0,0,0
202501,538,34780,5,Muskogee  OK ,11,11,2928,0,0,0,0,0,0,0,0,0,8,8,2301,0,0,0,0,0,0,0,0,0
202501,538,46140,2,Tulsa  OK ,310,310,76083,4,8,771,0,0,0,1,5,385,264,264,62667,4,8,771,0,0,0,0,0,0
202501,539,18420,5,Corinth  MS ,2,2,801,0,0,0,0,0,0,0,0,0,2,2,801,0,0,0,0,0,0,0,0,0
202501,539,46180,5,Tupelo  MS ,9,9,2139,0,0,0,0,0,0,0,0,0,0,0,0,0,0,0,0,0,0,0,0,0
202501,540,27380,5,Jacksonville  TX ,3,3,788,0,0,0,0,0,0,0,0,0,0,0,0,0,0,0,0,0,0,0,0,0
202501,540,46340,2,Tyler  TX ,26,26,7457,0,0,0,0,0,0,0,0,0,18,18,5177,0,0,0,0,0,0,0,0,0
202501,542,32280,5,Martin  TN ,7,7,620,0,0,0,0,0,0,0,0,0,4,4,176,0,0,0,0,0,0,0,0,0
202501,542,46460,5,Union City  TN ,0,0,0,0,0,0,0,0,0,0,0,0,0,0,0,0,0,0,0,0,0,0,0,0
202501,544,38920,5,Port Lavaca  TX ,5,5,1611,0,0,0,0,0,0,0,0,0,3,3,1038,0,0,0,0,0,0,0,0,0
202501,544,47020,2,Victoria  TX ,0,0,0,0,0,0,0,0,0,0,0,0,0,0,0,0,0,0,0,0,0,0,0,0
202501,545,21020,5,Elizabeth City  NC ,11,11,2390,0,0,0,0,0,0,0,0,0,6,6,1220,0,0,0,0,0,0,0,0,0
202501,545,28620,5,Kill Devil Hills  NC ,29,29,13296,0,0,0,0,0,0,0,0,0,25,25,11779,0,0,0,0,0,0,0,0,0
202501,545,47260,2,Virginia Beach-Chesapeake-Norfolk  VA-NC ,308,308,102145,0,0,0,0,0,0,5,208,28381,270,270,87754,0,0,0,0,0,0,5,208,28381
202501,548,12580,2,Baltimore-Columbia-Towson  MD ,247,247,58956,2,4,360,0,0,0,7,457,93894,247,247,58956,2,4,360,0,0,0,7,457,93894
202501,548,15700,5,Cambridge  MD ,4,4,992,0,0,0,0,0,0,0,0,0,2,2,648,0,0,0,0,0,0,0,0,0
202501,548,16540,2,Chambersburg  PA ,59,59,20102,20,40,5840,0,0,0,1,7,560,24,24,8573,20,40,5840,0,0,0,1,7,560
202501,548,20660,5,Easton  MD ,22,22,8759,0,0,0,0,0,0,0,0,0,17,17,4843,0,0,0,0,0,0,0,0,0
202501,548,25180,2,Hagerstown-Martinsburg  MD-WV ,98,98,23936,0,0,0,0,0,0,0,0,0,93,93,22790,0,0,0,0,0,0,0,0,0
202501,548,29470,5,Lake of the Woods  VA ,31,31,8413,0,0,0,0,0,0,0,0,0,31,31,8413,0,0,0,0,0,0,0,0,0
202501,548,30500,2,Lexington Park  MD ,56,56,19132,0,0,0,0,0,0,1,35,5023,56,56,19132,0,0,0,0,0,0,1,35,5023
202501,548,47900,2,Washington-Arlington-Alexandria  DC-VA-MD-WV ,1127,1127,329297,6,12,3630,0,0,0,25,1041,112598,1105,1105,316446,6,12,3630,0,0,0,23,945,95056
202501,548,49020,2,Winchester  VA-WV ,86,86,17589,0,0,0,0,0,0,0,0,0,86,86,17589,0,0,0,0,0,0,0,0,0
202501,554,44620,5,Stevens Point-Plover  WI ,6,6,2476,1,2,297,0,0,0,0,0,0,4,4,1865,0,0,0,0,0,0,0,0,0
202501,554,48140,2,Wausau  WI ,16,16,6754,0,0,0,0,0,0,0,0,0,11,11,4982,0,0,0,0,0,0,0,0,0
202501,554,49220,5,Wisconsin Rapids-Marshfield  WI ,3,3,1217,0,0,0,0,0,0,0,0,0,0,0,0,0,0,0,0,0,0,0,0,0
202501,555,21120,5,Elk City  OK ,1,1,240,0,0,0,0,0,0,0,0,0,0,0,0,0,0,0,0,0,0,0,0,0
202501,555,48220,5,Weatherford  OK ,0,0,0,0,0,0,0,0,0,0,0,0,0,0,0,0,0,0,0,0,0,0,0,0
202501,556,11680,5,Arkansas City-Winfield  KS ,1,1,142,2,4,656,0,0,0,0,0,0,0,0,0,0,0,0,0,0,0,0,0,0
202501,556,48620,2,Wichita  KS ,82,82,27329,48,96,14530,1,4,400,0,0,0,72,72,24293,44,88,13045,1,4,400,0,0,0
202501,558,30820,5,Lock Haven  PA ,2,2,551,0,0,0,0,0,0,0,0,0,0,0,0,0,0,0,0,0,0,0,0,0
202501,558,48700,2,Williamsport  PA ,6,6,1968,0,0,0,0,0,0,0,0,0,0,0,0,0,0,0,0,0,0,0,0,0
202501,566,41400,5,Salem  OH ,3,3,1154,0,0,0,0,0,0,0,0,0,3,3,1154,0,0,0,0,0,0,0,0,0
202501,566,49660,2,Youngstown-Warren  OH ,19,19,6277,0,0,0,0,0,0,0,0,0,18,18,6071,0,0,0,0,0,0,0,0,0
202501,999,10100,5,Aberdeen  SD ,0,0,0,0,0,0,0,0,0,0,0,0,0,0,0,0,0,0,0,0,0,0,0,0
202501,999,10140,5,Aberdeen  WA ,24,24,4868,0,0,0,0,0,0,0,0,0,24,24,4868,0,0,0,0,0,0,0,0,0
202501,999,10220,5,Ada  OK ,0,0,0,2,4,400,0,0,0,0,0,0,0,0,0,2,4,400,0,0,0,0,0,0
202501,999,10460,5,Alamogordo  NM ,1,1,382,0,0,0,0,0,0,0,0,0,0,0,0,0,0,0,0,0,0,0,0,0
202501,999,10480,5,Alamosa  CO ,6,6,1670,2,4,650,0,0,0,0,0,0,0,0,0,2,4,650,0,0,0,0,0,0
202501,999,10500,4,Albany  GA ,6,6,1554,0,0,0,0,0,0,0,0,0,2,2,330,0,0,0,0,0,0,0,0,0
202501,999,10660,5,Albert Lea  MN ,0,0,0,0,0,0,0,0,0,0,0,0,0,0,0,0,0,0,0,0,0,0,0,0
202501,999,10780,4,Alexandria  LA ,23,23,6092,1,2,145,0,0,0,0,0,0,4,4,1314,0,0,0,0,0,0,0,0,0
202501,999,10820,5,Alexandria  MN ,7,7,2112,0,0,0,0,0,0,0,0,0,0,0,0,0,0,0,0,0,0,0,0,0
202501,999,10980,5,Alpena  MI ,3,3,475,0,0,0,0,0,0,0,0,0,0,0,0,0,0,0,0,0,0,0,0,0
202501,999,11060,5,Altus  OK ,3,3,750,0,0,0,0,0,0,0,0,0,3,3,750,0,0,0,0,0,0,0,0,0
202501,999,11140,5,Americus  GA ,4,4,854,0,0,0,0,0,0,0,0,0,0,0,0,0,0,0,0,0,0,0,0,0
202501,999,11260,4,Anchorage  AK ,10,10,4055,1,2,413,0,0,0,1,7,1291,7,7,2914,0,0,0,0,0,0,1,7,1291
202501,999,11500,4,Anniston-Oxford  AL ,7,7,789,0,0,0,0,0,0,0,0,0,7,7,789,0,0,0,0,0,0,0,0,0
202501,999,11620,5,Ardmore  OK ,4,4,1380,0,0,0,0,0,0,0,0,0,4,4,1380,0,0,0,0,0,0,0,0,0
202501,999,11660,5,Arkadelphia  AR ,1,1,553,0,0,0,0,0,0,0,0,0,1,1,553,0,0,0,0,0,0,0,0,0
202501,999,11820,5,Astoria  OR ,6,6,2731,0,0,0,0,0,0,0,0,0,5,5,2467,0,0,0,0,0,0,0,0,0
202501,999,12260,4,Augusta-Richmond County  GA-SC ,278,278,73993,0,0,0,1,4,712,0,0,0,107,107,30181,0,0,0,1,4,712,0,0,0
202501,999,12300,5,Augusta-Waterville  ME ,26,26,6327,0,0,0,0,0,0,0,0,0,5,5,1180,0,0,0,0,0,0,0,0,0
202501,999,12420,4,Austin-Round Rock-San Marcos  TX ,1159,1159,373077,7,14,1701,2,6,597,20,729,137467,841,841,284138,3,6,749,1,3,297,14,639,126513
202501,999,12520,5,Baker City  OR ,4,4,1652,0,0,0,0,0,0,0,0,0,4,4,1652,0,0,0,0,0,0,0,0,0
202501,999,12540,4,Bakersfield-Delano  CA ,215,215,55160,2,4,204,1,4,367,0,0,0,61,61,14366,1,2,83,1,4,367,0,0,0
202501,999,12620,4,Bangor  ME ,20,20,4642,0,0,0,3,12,1436,1,8,1228,3,3,1021,0,0,0,3,12,1436,1,8,1228
202501,999,12900,5,Batesville  AR ,1,1,262,0,0,0,0,0,0,0,0,0,0,0,0,0,0,0,0,0,0,0,0,0
202501,999,13140,4,Beaumont-Port Arthur  TX ,74,74,21398,0,0,0,1,4,983,2,10,1095,56,56,17239,0,0,0,1,4,983,0,0,0
202501,999,13220,4,Beckley  WV ,2,2,651,0,0,0,0,0,0,0,0,0,0,0,0,0,0,0,0,0,0,0,0,0
202501,999,13300,5,Beeville  TX ,1,1,135,0,0,0,0,0,0,0,0,0,1,1,135,0,0,0,0,0,0,0,0,0
202501,999,13380,4,Bellingham  WA ,57,57,16106,1,2,331,5,19,4264,0,0,0,26,26,7073,1,2,331,5,19,4264,0,0,0
202501,999,13420,5,Bemidji  MN ,1,1,195,0,0,0,0,0,0,1,5,141,0,0,0,0,0,0,0,0,0,0,0,0
202501,999,13460,4,Bend  OR ,146,146,60245,3,6,1201,1,3,661,1,6,1200,146,146,60245,3,6,1201,1,3,661,1,6,1200
202501,999,13540,5,Bennington  VT ,3,3,2109,0,0,0,0,0,0,0,0,0,1,1,1180,0,0,0,0,0,0,0,0,0
202501,999,13700,5,Big Spring  TX ,1,1,315,0,0,0,0,0,0,0,0,0,0,0,0,0,0,0,0,0,0,0,0,0
202501,999,13740,4,Billings  MT ,35,35,6705,8,16,2514,0,0,0,0,0,0,32,32,6009,8,16,2514,0,0,0,0,0,0
202501,999,13780,4,Binghamton  NY ,6,6,1485,0,0,0,0,0,0,3,17,1989,0,0,0,0,0,0,0,0,0,0,0,0
202501,999,13860,5,Bishop  CA ,1,1,197,0,0,0,0,0,0,0,0,0,0,0,0,0,0,0,0,0,0,0,0,0
202501,999,13900,4,Bismarck  ND ,5,5,1923,0,0,0,1,4,809,1,6,1085,3,3,1250,0,0,0,1,4,809,1,6,1085
202501,999,13980,4,Blacksburg-Christiansburg-Radford  VA ,27,27,7656,1,2,200,0,0,0,0,0,0,11,11,2940,1,2,200,0,0,0,0,0,0
202501,999,14140,5,Bluefield  WV-VA ,2,2,225,0,0,0,0,0,0,0,0,0,1,1,150,0,0,0,0,0,0,0,0,0
202501,999,14180,5,Blytheville  AR ,4,4,525,0,0,0,0,0,0,0,0,0,0,0,0,0,0,0,0,0,0,0,0,0
202501,999,14380,5,Boone  NC ,9,9,6629,1,2,320,0,0,0,0,0,0,5,5,4651,1,2,320,0,0,0,0,0,0
202501,999,14580,4,Bozeman  MT ,59,59,18482,2,4,723,1,4,694,2,28,2927,25,25,10406,0,0,0,0,0,0,0,0,0
202501,999,14620,5,Bradford  PA ,2,2,441,0,0,0,0,0,0,0,0,0,0,0,0,0,0,0,0,0,0,0,0,0
202501,999,14660,5,Brainerd  MN ,24,24,7649,0,0,0,1,3,648,0,0,0,17,17,5564,0,0,0,0,0,0,0,0,0
202501,999,14700,5,Branson  MO ,11,11,2873,0,0,0,0,0,0,0,0,0,7,7,2166,0,0,0,0,0,0,0,0,0
202501,999,14720,5,Breckenridge  CO ,15,15,6682,0,0,0,0,0,0,1,5,851,4,4,2202,0,0,0,0,0,0,0,0,0
202501,999,15100,5,Brookings  SD ,0,0,0,0,0,0,0,0,0,0,0,0,0,0,0,0,0,0,0,0,0,0,0,0
202501,999,15220,5,Brownwood  TX ,12,12,3317,0,0,0,0,0,0,5,49,6500,2,2,453,0,0,0,0,0,0,5,49,6500
202501,999,15260,4,Brunswick-St.Simons  GA ,42,42,17246,3,6,642,2,6,1138,1,8,959,0,0,0,0,0,0,0,0,0,0,0,0
202501,999,15420,5,Burley  ID ,22,22,6691,0,0,0,0,0,0,0,0,0,10,10,4162,0,0,0,0,0,0,0,0,0
202501,999,15580,5,Butte-Silver Bow  MT ,5,5,694,1,2,159,0,0,0,0,0,0,0,0,0,0,0,0,0,0,0,0,0,0
202501,999,15620,5,Cadillac  MI ,5,5,1630,0,0,0,0,0,0,1,5,1565,1,1,600,0,0,0,0,0,0,0,0,0
202501,999,15780,5,Camden  AR ,1,1,84,0,0,0,0,0,0,0,0,0,0,0,0,0,0,0,0,0,0,0,0,0
202501,999,15820,5,Campbellsville  KY ,1,1,317,0,0,0,0,0,0,0,0,0,0,0,0,0,0,0,0,0,0,0,0,0
202501,999,16100,5,Carlsbad-Artesia  NM ,19,19,5079,0,0,0,0,0,0,0,0,0,19,19,5079,0,0,0,0,0,0,0,0,0
202501,999,16140,5,Carroll  IA ,0,0,0,0,0,0,0,0,0,0,0,0,0,0,0,0,0,0,0,0,0,0,0,0
202501,999,16220,4,Casper  WY ,10,10,1956,0,0,0,0,0,0,0,0,0,10,10,1956,0,0,0,0,0,0,0,0,0
202501,999,16260,5,Cedar City  UT ,61,61,19138,0,0,0,0,0,0,0,0,0,61,61,19138,0,0,0,0,0,0,0,0,0
202501,999,16660,5,Charleston-Mattoon  IL ,0,0,0,0,0,0,0,0,0,0,0,0,0,0,0,0,0,0,0,0,0,0,0,0
202501,999,16700,4,Charleston-North Charleston  SC ,532,532,192989,4,8,712,8,24,863,17,159,11174,189,189,85318,0,0,0,0,0,0,0,0,0
202501,999,16820,4,Charlottesville  VA ,101,101,32159,0,0,0,1,3,238,2,24,2806,47,47,12087,0,0,0,0,0,0,0,0,0
202501,999,16940,4,Cheyenne  WY ,35,35,9241,0,0,0,1,3,333,0,0,0,35,35,9241,0,0,0,1,3,333,0,0,0
202501,999,17020,4,Chico  CA ,32,32,10512,1,2,198,0,0,0,0,0,0,14,14,7095,1,2,198,0,0,0,0,0,0
202501,999,17300,4,Clarksville  TN-KY ,174,174,33299,1,2,320,1,4,400,15,259,21332,172,172,32996,1,2,320,1,4,400,15,259,21332
202501,999,17340,5,Clearlake  CA ,5,5,1141,0,0,0,0,0,0,1,5,564,2,2,356,0,0,0,0,0,0,0,0,0
202501,999,17380,5,Cleveland  MS ,1,1,120,0,0,0,0,0,0,0,0,0,1,1,120,0,0,0,0,0,0,0,0,0
202501,999,17580,5,Clovis  NM ,5,5,2646,2,4,764,0,0,0,0,0,0,5,5,2646,2,4,764,0,0,0,0,0,0
202501,999,17650,5,Cody  WY ,15,15,5369,0,0,0,0,0,0,0,0,0,3,3,866,0,0,0,0,0,0,0,0,0
202501,999,17740,5,Coldwater  MI ,2,2,619,0,0,0,0,0,0,0,0,0,0,0,0,0,0,0,0,0,0,0,0,0
202501,999,17780,4,College Station-Bryan  TX ,160,160,39582,13,26,4016,0,0,0,0,0,0,158,158,39010,13,26,4016,0,0,0,0,0,0
202501,999,17820,4,Colorado Springs  CO ,226,226,124865,0,0,0,0,0,0,2,196,41736,218,218,122476,0,0,0,0,0,0,2,196,41736
202501,999,18100,5,Columbus  NE ,3,3,993,0,0,0,0,0,0,0,0,0,1,1,224,0,0,0,0,0,0,0,0,0
202501,999,18260,5,Cookeville  TN ,36,36,10203,0,0,0,0,0,0,0,0,0,35,35,10058,0,0,0,0,0,0,0,0,0
202501,999,18300,5,Coos Bay-North Bend  OR ,7,7,2243,0,0,0,0,0,0,0,0,0,1,1,180,0,0,0,0,0,0,0,0,0
202501,999,18380,5,Cordele  GA ,1,1,447,0,0,0,0,0,0,0,0,0,1,1,447,0,0,0,0,0,0,0,0,0
202501,999,18880,4,Crestview-Fort Walton Beach-Destin  FL ,171,171,93426,0,0,0,0,0,0,20,303,94394,171,171,93426,0,0,0,0,0,0,20,303,94394
202501,999,18900,5,Crossville  TN ,5,5,118,0,0,0,0,0,0,0,0,0,5,5,118,0,0,0,0,0,0,0,0,0
202501,999,19060,5,Cumberland  MD-WV ,3,3,626,0,0,0,0,0,0,0,0,0,2,2,350,0,0,0,0,0,0,0,0,0
202501,999,19220,5,Danville  KY ,18,18,4571,0,0,0,0,0,0,0,0,0,11,11,3329,0,0,0,0,0,0,0,0,0
202501,999,19260,5,Danville  VA ,7,7,1804,0,0,0,0,0,0,0,0,0,1,1,350,0,0,0,0,0,0,0,0,0
202501,999,19500,4,Decatur  IL ,0,0,0,0,0,0,0,0,0,0,0,0,0,0,0,0,0,0,0,0,0,0,0,0
202501,999,19580,5,Defiance  OH ,3,3,650,0,0,0,0,0,0,0,0,0,1,1,85,0,0,0,0,0,0,0,0,0
202501,999,19620,5,Del Rio  TX ,6,6,1330,0,0,0,0,0,0,0,0,0,0,0,0,0,0,0,0,0,0,0,0,0
202501,999,19700,5,Deming  NM ,0,0,0,0,0,0,0,0,0,0,0,0,0,0,0,0,0,0,0,0,0,0,0,0
202501,999,19810,5,Detroit Lakes  MN ,2,2,511,0,0,0,0,0,0,0,0,0,0,0,0,0,0,0,0,0,0,0,0,0
202501,999,19860,5,Dickinson  ND ,6,6,3488,0,0,0,0,0,0,0,0,0,0,0,0,0,0,0,0,0,0,0,0,0
202501,999,19980,5,Dodge City  KS ,12,12,2523,0,0,0,0,0,0,0,0,0,12,12,2523,0,0,0,0,0,0,0,0,0
202501,999,20060,5,Douglas  GA ,6,6,795,0,0,0,0,0,0,0,0,0,0,0,0,0,0,0,0,0,0,0,0,0
202501,999,20140,5,Dublin  GA ,7,7,1473,0,0,0,0,0,0,0,0,0,6,6,1256,0,0,0,0,0,0,0,0,0
202501,999,20220,4,Dubuque  IA ,5,5,2185,0,0,0,0,0,0,0,0,0,4,4,1835,0,0,0,0,0,0,0,0,0
202501,999,20300,5,Dumas  TX ,1,1,218,0,0,0,0,0,0,0,0,0,0,0,0,0,0,0,0,0,0,0,0,0
202501,999,20420,5,Durango  CO ,9,9,5301,0,0,0,0,0,0,0,0,0,7,7,4565,0,0,0,0,0,0,0,0,0
202501,999,20540,5,Dyersburg  TN ,4,4,1077,0,0,0,0,0,0,0,0,0,4,4,1077,0,0,0,0,0,0,0,0,0
202501,999,20580,4,Eagle Pass  TX ,5,5,1450,0,0,0,0,0,0,0,0,0,5,5,1450,0,0,0,0,0,0,0,0,0
202501,999,20820,5,Effingham  IL ,1,1,148,0,0,0,0,0,0,1,8,400,0,0,0,0,0,0,0,0,0,1,8,400
202501,999,20940,4,El Centro  CA ,13,13,2153,1,2,201,0,0,0,1,5,821,1,1,100,0,0,0,0,0,0,0,0,0
202501,999,20980,5,El Dorado  AR ,1,1,175,0,0,0,0,0,0,0,0,0,0,0,0,0,0,0,0,0,0,0,0,0
202501,999,21180,5,Elkins  WV ,0,0,0,0,0,0,0,0,0,0,0,0,0,0,0,0,0,0,0,0,0,0,0,0
202501,999,21220,5,Elko  NV ,10,10,7574,0,0,0,0,0,0,0,0,0,10,10,7574,0,0,0,0,0,0,0,0,0
202501,999,21260,5,Ellensburg  WA ,22,22,7193,0,0,0,0,0,0,0,0,0,21,21,6904,0,0,0,0,0,0,0,0,0
202501,999,21380,5,Emporia  KS ,1,1,180,0,0,0,0,0,0,0,0,0,0,0,0,0,0,0,0,0,0,0,0,0
202501,999,21420,4,Enid  OK ,0,0,0,0,0,0,0,0,0,0,0,0,0,0,0,0,0,0,0,0,0,0,0,0
202501,999,21540,5,Escanaba  MI ,3,3,776,0,0,0,0,0,0,0,0,0,0,0,0,0,0,0,0,0,0,0,0,0
202501,999,21640,5,Eufaula  AL-GA ,1,1,72,0,0,0,0,0,0,0,0,0,0,0,0,0,0,0,0,0,0,0,0,0
202501,999,21660,4,Eugene-Springfield  OR ,67,67,17893,0,0,0,0,0,0,0,0,0,33,33,8377,0,0,0,0,0,0,0,0,0
202501,999,21700,5,Eureka-Arcata  CA ,10,10,2358,1,2,230,0,0,0,0,0,0,9,9,1951,1,2,230,0,0,0,0,0,0
202501,999,21740,5,Evanston  WY-UT ,20,20,9376,0,0,0,0,0,0,0,0,0,14,14,7395,0,0,0,0,0,0,0,0,0
202501,999,21820,4,Fairbanks-College  AK ,0,0,0,0,0,0,0,0,0,0,0,0,0,0,0,0,0,0,0,0,0,0,0,0
202501,999,21860,5,Fairmont  MN ,1,1,125,0,0,0,0,0,0,0,0,0,1,1,125,0,0,0,0,0,0,0,0,0
202501,999,22140,4,Farmington  NM ,8,8,2285,0,0,0,0,0,0,0,0,0,8,8,2285,0,0,0,0,0,0,0,0,0
202501,999,22220,4,Fayetteville-Springdale-Rogers  AR ,447,447,144835,2,4,930,0,0,0,1,5,281,370,370,126093,1,2,465,0,0,0,0,0,0
202501,999,22260,5,Fergus Falls  MN ,1,1,265,0,0,0,0,0,0,1,5,833,0,0,0,0,0,0,0,0,0,0,0,0
202501,999,22340,5,Fitzgerald  GA ,2,2,484,0,0,0,0,0,0,0,0,0,1,1,350,0,0,0,0,0,0,0,0,0
202501,999,22380,4,Flagstaff  AZ ,18,18,8915,4,8,1676,0,0,0,0,0,0,6,6,4749,4,8,1676,0,0,0,0,0,0
202501,999,22500,4,Florence  SC ,53,53,8730,1,2,225,0,0,0,0,0,0,27,27,3868,0,0,0,0,0,0,0,0,0
202501,999,22540,4,Fond du Lac  WI ,12,12,4351,0,0,0,0,0,0,0,0,0,2,2,883,0,0,0,0,0,0,0,0,0
202501,999,22580,5,Forest City  NC ,13,13,4168,1,2,200,0,0,0,0,0,0,13,13,4168,1,2,200,0,0,0,0,0,0
202501,999,22660,4,Fort Collins  CO ,111,111,42684,2,4,84,0,0,0,2,72,10000,111,111,42684,2,4,84,0,0,0,2,72,10000
202501,999,22700,5,Fort Dodge  IA ,1,1,214,0,0,0,0,0,0,0,0,0,0,0,0,0,0,0,0,0,0,0,0,0
202501,999,22780,5,Fort Leonard Wood  MO ,3,3,485,0,0,0,0,0,0,0,0,0,0,0,0,0,0,0,0,0,0,0,0,0
202501,999,22820,5,Fort Morgan  CO ,4,4,1802,0,0,0,0,0,0,0,0,0,3,3,1670,0,0,0,0,0,0,0,0,0
202501,999,22900,4,Fort Smith  AR-OK ,21,21,6586,28,56,9980,0,0,0,0,0,0,12,12,5258,28,56,9980,0,0,0,0,0,0
202501,999,23460,4,Gadsden  AL ,3,3,679,0,0,0,0,0,0,0,0,0,3,3,679,0,0,0,0,0,0,0,0,0
202501,999,23660,5,Galesburg  IL ,0,0,0,0,0,0,0,0,0,0,0,0,0,0,0,0,0,0,0,0,0,0,0,0
202501,999,23680,5,Gallipolis  OH ,0,0,0,0,0,0,0,0,0,0,0,0,0,0,0,0,0,0,0,0,0,0,0,0
202501,999,23700,5,Gallup  NM ,0,0,0,0,0,0,0,0,0,0,0,0,0,0,0,0,0,0,0,0,0,0,0,0
202501,999,23780,5,Garden City  KS ,2,2,413,0,0,0,0,0,0,0,0,0,0,0,0,0,0,0,0,0,0,0,0,0
202501,999,23940,5,Gillette  WY ,0,0,0,0,0,0,0,0,0,0,0,0,0,0,0,0,0,0,0,0,0,0,0,0
202501,999,24140,4,Goldsboro  NC ,51,51,9583,0,0,0,0,0,0,0,0,0,51,51,9583,0,0,0,0,0,0,0,0,0
202501,999,24220,4,Grand Forks  ND-MN ,0,0,0,1,2,600,0,0,0,0,0,0,0,0,0,0,0,0,0,0,0,0,0,0
202501,999,24260,4,Grand Island  NE ,4,4,899,1,2,267,1,3,580,0,0,0,0,0,0,0,0,0,1,3,580,0,0,0
202501,999,24300,4,Grand Junction  CO ,56,56,10104,0,0,0,0,0,0,1,31,1131,56,56,10104,0,0,0,0,0,0,1,31,1131
202501,999,24460,5,Great Bend  KS ,0,0,0,0,0,0,0,0,0,0,0,0,0,0,0,0,0,0,0,0,0,0,0,0
202501,999,24500,4,Great Falls  MT ,14,14,6147,1,2,240,0,0,0,0,0,0,14,14,6147,1,2,240,0,0,0,0,0,0
202501,999,24740,5,Greenville  MS ,0,0,0,0,0,0,0,0,0,0,0,0,0,0,0,0,0,0,0,0,0,0,0,0
202501,999,24900,5,Greenwood  MS ,1,1,388,0,0,0,0,0,0,0,0,0,0,0,0,0,0,0,0,0,0,0,0,0
202501,999,24980,5,Grenada  MS ,1,1,39,0,0,0,0,0,0,1,7,175,0,0,0,0,0,0,0,0,0,0,0,0
202501,999,25060,4,Gulfport-Biloxi  MS ,212,212,35655,2,4,470,0,0,0,0,0,0,116,116,29635,2,4,470,0,0,0,0,0,0
202501,999,25100,5,Guymon  OK ,0,0,0,0,0,0,0,0,0,0,0,0,0,0,0,0,0,0,0,0,0,0,0,0
202501,999,25200,5,Hailey  ID ,4,4,4135,0,0,0,0,0,0,0,0,0,3,3,3970,0,0,0,0,0,0,0,0,0
202501,999,25460,5,Harrison  AR ,1,1,102,0,0,0,0,0,0,0,0,0,0,0,0,0,0,0,0,0,0,0,0,0
202501,999,25580,5,Hastings  NE ,2,2,1172,0,0,0,0,0,0,0,0,0,2,2,1172,0,0,0,0,0,0,0,0,0
202501,999,25700,5,Hays  KS ,1,1,321,0,0,0,0,0,0,0,0,0,1,1,321,0,0,0,0,0,0,0,0,0
202501,999,25740,4,Helena  MT ,10,10,3496,0,0,0,0,0,0,0,0,0,3,3,1105,0,0,0,0,0,0,0,0,0
202501,999,25820,5,Hereford  TX ,1,1,286,0,0,0,0,0,0,0,0,0,0,0,0,0,0,0,0,0,0,0,0,0
202501,999,25840,5,Hermiston-Pendleton  OR ,14,14,4240,1,2,140,0,0,0,0,0,0,8,8,2715,1,2,140,0,0,0,0,0,0
202501,999,25880,5,Hillsdale  MI ,4,4,1087,0,0,0,0,0,0,1,7,700,4,4,1087,0,0,0,0,0,0,1,7,700
202501,999,25900,5,Hilo-Kailua  HI ,154,154,69941,0,0,0,0,0,0,0,0,0,154,154,69941,0,0,0,0,0,0,0,0,0
202501,999,25940,4,Hilton Head Island-Bluffton-Port Royal  SC ,216,216,106787,0,0,0,0,0,0,0,0,0,215,215,106526,0,0,0,0,0,0,0,0,0
202501,999,26020,5,Hobbs  NM ,17,17,4777,0,0,0,0,0,0,0,0,0,0,0,0,0,0,0,0,0,0,0,0,0
202501,999,26140,4,Homosassa Springs  FL ,168,168,38115,0,0,0,0,0,0,0,0,0,1,1,400,0,0,0,0,0,0,0,0,0
202501,999,26220,5,Hood River  OR ,0,0,0,0,0,0,0,0,0,0,0,0,0,0,0,0,0,0,0,0,0,0,0,0
202501,999,26340,5,Houghton  MI ,2,2,367,0,0,0,0,0,0,0,0,0,1,1,200,0,0,0,0,0,0,0,0,0
202501,999,26380,4,Houma-Bayou Cane-Thibodaux  LA ,61,61,13892,0,0,0,0,0,0,0,0,0,61,61,13892,0,0,0,0,0,0,0,0,0
202501,999,26700,5,Huron  SD ,0,0,0,0,0,0,0,0,0,0,0,0,0,0,0,0,0,0,0,0,0,0,0,0
202501,999,26740,5,Hutchinson  KS ,2,2,865,0,0,0,0,0,0,0,0,0,1,1,642,0,0,0,0,0,0,0,0,0
202501,999,27100,4,Jackson  MI ,8,8,2437,0,0,0,0,0,0,0,0,0,0,0,0,0,0,0,0,0,0,0,0,0
202501,999,27180,4,Jackson  TN ,39,39,13766,0,0,0,0,0,0,0,0,0,18,18,9043,0,0,0,0,0,0,0,0,0
202501,999,27220,5,Jackson  WY-ID ,20,20,16796,0,0,0,0,0,0,0,0,0,8,8,2322,0,0,0,0,0,0,0,0,0
202501,999,27340,4,Jacksonville  NC ,85,85,19886,3,6,669,0,0,0,0,0,0,11,11,4687,0,0,0,0,0,0,0,0,0
202501,999,27420,5,Jamestown  ND ,0,0,0,0,0,0,0,0,0,0,0,0,0,0,0,0,0,0,0,0,0,0,0,0
202501,999,27460,5,Jamestown-Dunkirk  NY ,8,8,2073,0,0,0,0,0,0,0,0,0,0,0,0,0,0,0,0,0,0,0,0,0
202501,999,27540,5,Jasper  IN ,6,6,1146,0,0,0,0,0,0,0,0,0,6,6,1146,0,0,0,0,0,0,0,0,0
202501,999,27940,5,Juneau  AK ,0,0,0,0,0,0,0,0,0,0,0,0,0,0,0,0,0,0,0,0,0,0,0,0
202501,999,27980,4,Kahului-Wailuku  HI ,74,74,30801,2,4,550,0,0,0,0,0,0,74,74,30801,2,4,550,0,0,0,0,0,0
202501,999,28060,5,Kalispell  MT ,7,7,2937,0,0,0,0,0,0,0,0,0,7,7,2937,0,0,0,0,0,0,0,0,0
202501,999,28180,5,Kapaa  HI ,7,7,4737,0,0,0,0,0,0,0,0,0,7,7,4737,0,0,0,0,0,0,0,0,0
202501,999,28260,5,Kearney  NE ,6,6,2967,0,0,0,0,0,0,0,0,0,6,6,2967,0,0,0,0,0,0,0,0,0
202501,999,28380,5,Kennett  MO ,1,1,183,0,0,0,0,0,0,0,0,0,0,0,0,0,0,0,0,0,0,0,0,0
202501,999,28540,5,Ketchikan  AK ,3,3,1500,0,0,0,0,0,0,0,0,0,0,0,0,0,0,0,0,0,0,0,0,0
202501,999,28660,4,Killeen-Temple  TX ,167,167,45412,12,24,2968,0,0,0,0,0,0,159,159,43306,12,24,2968,0,0,0,0,0,0
202501,999,28820,5,Kinston  NC ,8,8,1310,0,0,0,0,0,0,0,0,0,8,8,1310,0,0,0,0,0,0,0,0,0
202501,999,28860,5,Kirksville  MO ,1,1,238,0,0,0,0,0,0,0,0,0,0,0,0,0,0,0,0,0,0,0,0,0
202501,999,28900,5,Klamath Falls  OR ,5,5,1641,0,0,0,0,0,0,0,0,0,5,5,1641,0,0,0,0,0,0,0,0,0
202501,999,29260,5,La Grande  OR ,2,2,529,0,0,0,0,0,0,0,0,0,2,2,529,0,0,0,0,0,0,0,0,0
202501,999,29420,4,Lake Havasu City-Kingman  AZ ,233,233,42434,1,2,147,1,3,193,0,0,0,229,229,41804,1,2,147,1,3,193,0,0,0
202501,999,29540,4,Lancaster  PA ,114,114,37283,1,2,380,2,8,1400,2,12,2280,44,44,16166,1,2,380,2,8,1400,2,12,2280
202501,999,29660,5,Laramie  WY ,4,4,1126,0,0,0,0,0,0,0,0,0,4,4,1126,0,0,0,0,0,0,0,0,0
202501,999,29700,4,Laredo  TX ,90,90,25779,1,2,230,1,3,284,4,22,2250,0,0,0,0,0,0,0,0,0,0,0,0
202501,999,30060,5,Lebanon  MO ,4,4,632,0,0,0,0,0,0,0,0,0,0,0,0,0,0,0,0,0,0,0,0,0
202501,999,30150,5,Lebanon-Claremont  NH-VT ,27,27,9590,0,0,0,1,3,250,1,5,902,4,4,1285,0,0,0,0,0,0,0,0,0
202501,999,30300,4,Lewiston  ID-WA ,17,17,3968,0,0,0,0,0,0,0,0,0,14,14,3218,0,0,0,0,0,0,0,0,0
202501,999,30380,5,Lewistown  PA ,4,4,1143,0,0,0,0,0,0,0,0,0,0,0,0,0,0,0,0,0,0,0,0,0
202501,999,30420,5,Lexington  NE ,1,1,125,0,0,0,0,0,0,0,0,0,0,0,0,0,0,0,0,0,0,0,0,0
202501,999,30580,5,Liberal  KS ,6,6,680,0,0,0,0,0,0,0,0,0,6,6,680,0,0,0,0,0,0,0,0,0
202501,999,30860,4,Logan  UT-ID ,54,54,16828,0,0,0,0,0,0,0,0,0,45,45,14227,0,0,0,0,0,0,0,0,0
202501,999,30900,5,Logansport  IN ,1,1,350,0,0,0,0,0,0,0,0,0,1,1,350,0,0,0,0,0,0,0,0,0
202501,999,30980,4,Longview  TX ,25,25,7158,2,4,480,0,0,0,0,0,0,17,17,5145,1,2,250,0,0,0,0,0,0
202501,999,31220,5,Ludington  MI ,5,5,1191,0,0,0,0,0,0,0,0,0,5,5,1191,0,0,0,0,0,0,0,0,0
202501,999,31260,5,Lufkin  TX ,7,7,1851,0,0,0,0,0,0,0,0,0,2,2,445,0,0,0,0,0,0,0,0,0
202501,999,31340,4,Lynchburg  VA ,80,80,25123,0,0,0,0,0,0,0,0,0,80,80,25123,0,0,0,0,0,0,0,0,0
202501,999,31380,5,Macomb  IL ,1,1,450,0,0,0,0,0,0,0,0,0,0,0,0,0,0,0,0,0,0,0,0,0
202501,999,31500,5,Madison  IN ,3,3,934,0,0,0,0,0,0,0,0,0,1,1,500,0,0,0,0,0,0,0,0,0
202501,999,31580,5,Madisonville  KY ,9,9,2145,0,0,0,0,0,0,0,0,0,9,9,2145,0,0,0,0,0,0,0,0,0
202501,999,31620,5,Magnolia  AR ,2,2,222,0,0,0,0,0,0,0,0,0,0,0,0,0,0,0,0,0,0,0,0,0
202501,999,31740,4,Manhattan  KS ,11,11,3759,0,0,0,0,0,0,1,8,1100,4,4,1419,0,0,0,0,0,0,1,8,1100
202501,999,31820,5,Manitowoc  WI ,4,4,1548,0,0,0,0,0,0,0,0,0,0,0,0,0,0,0,0,0,0,0,0,0
202501,999,31980,5,Marion  IN ,7,7,2062,0,0,0,0,0,0,0,0,0,0,0,0,0,0,0,0,0,0,0,0,0
202501,999,32100,5,Marquette  MI ,0,0,0,0,0,0,0,0,0,0,0,0,0,0,0,0,0,0,0,0,0,0,0,0
202501,999,32140,5,Marshall  MN ,2,2,603,0,0,0,0,0,0,0,0,0,0,0,0,0,0,0,0,0,0,0,0,0
202501,999,32180,5,Marshall  MO ,0,0,0,0,0,0,0,0,0,0,0,0,0,0,0,0,0,0,0,0,0,0,0,0
202501,999,32260,5,Marshalltown  IA ,1,1,355,0,0,0,0,0,0,0,0,0,0,0,0,0,0,0,0,0,0,0,0,0
202501,999,32300,5,Martinsville  VA ,7,7,1762,0,0,0,0,0,0,0,0,0,7,7,1762,0,0,0,0,0,0,0,0,0
202501,999,32340,5,Maryville  MO ,3,3,670,0,0,0,0,0,0,0,0,0,0,0,0,0,0,0,0,0,0,0,0,0
202501,999,32380,5,Mason City  IA ,1,1,400,0,0,0,0,0,0,0,0,0,1,1,400,0,0,0,0,0,0,0,0,0
202501,999,32390,5,Massena-Ogdensburg  NY ,13,13,2317,0,0,0,0,0,0,0,0,0,5,5,905,0,0,0,0,0,0,0,0,0
202501,999,32540,5,McAlester  OK ,2,2,466,0,0,0,0,0,0,0,0,0,0,0,0,0,0,0,0,0,0,0,0,0
202501,999,32620,5,McComb  MS ,0,0,0,0,0,0,0,0,0,0,0,0,0,0,0,0,0,0,0,0,0,0,0,0
202501,999,32660,5,McMinnville  TN ,16,16,4124,0,0,0,0,0,0,0,0,0,0,0,0,0,0,0,0,0,0,0,0,0
202501,999,32700,5,McPherson  KS ,2,2,476,1,2,319,0,0,0,0,0,0,0,0,0,0,0,0,0,0,0,0,0,0
202501,999,32940,5,Meridian  MS ,1,1,291,0,0,0,0,0,0,0,0,0,0,0,0,0,0,0,0,0,0,0,0,0
202501,999,33300,5,Milledgeville  GA ,3,3,1189,0,0,0,0,0,0,0,0,0,3,3,1189,0,0,0,0,0,0,0,0,0
202501,999,33500,4,Minot  ND ,4,4,576,0,0,0,0,0,0,0,0,0,3,3,324,0,0,0,0,0,0,0,0,0
202501,999,33540,4,Missoula  MT ,71,71,12359,0,0,0,0,0,0,0,0,0,70,70,11977,0,0,0,0,0,0,0,0,0
202501,999,33580,5,Mitchell  SD ,4,4,917,0,0,0,0,0,0,0,0,0,2,2,499,0,0,0,0,0,0,0,0,0
202501,999,33940,5,Montrose  CO ,18,18,3040,4,8,1361,0,0,0,0,0,0,18,18,3040,4,8,1361,0,0,0,0,0,0
202501,999,34020,5,Morgan City  LA ,2,2,425,0,0,0,0,0,0,0,0,0,0,0,0,0,0,0,0,0,0,0,0,0
202501,999,34060,4,Morgantown  WV ,5,5,1573,0,0,0,0,0,0,0,0,0,5,5,1573,0,0,0,0,0,0,0,0,0
202501,999,34220,5,Moultrie  GA ,6,6,1407,1,2,200,0,0,0,0,0,0,3,3,908,0,0,0,0,0,0,0,0,0
202501,999,34260,5,Mountain Home  AR ,1,1,390,0,0,0,0,0,0,1,5,365,1,1,390,0,0,0,0,0,0,1,5,365
202501,999,34420,5,Mount Pleasant  TX ,2,2,573,0,0,0,0,0,0,1,5,682,0,0,0,0,0,0,0,0,0,0,0,0
202501,999,34500,5,Mount Vernon  IL ,1,1,80,0,0,0,0,0,0,0,0,0,1,1,80,0,0,0,0,0,0,0,0,0
202501,999,34660,5,Murray  KY ,1,1,1850,0,0,0,0,0,0,0,0,0,1,1,1850,0,0,0,0,0,0,0,0,0
202501,999,34860,5,Nacogdoches  TX ,3,3,716,0,0,0,0,0,0,0,0,0,0,0,0,0,0,0,0,0,0,0,0,0
202501,999,34880,5,Nantucket  MA ,14,14,15172,1,2,577,0,0,0,1,5,729,0,0,0,0,0,0,0,0,0,0,0,0
202501,999,35020,5,Natchez  MS-LA ,4,4,587,0,0,0,0,0,0,0,0,0,0,0,0,0,0,0,0,0,0,0,0,0
202501,999,35060,5,Natchitoches  LA ,11,11,2653,0,0,0,0,0,0,0,0,0,5,5,1513,0,0,0,0,0,0,0,0,0
202501,999,35440,5,Newport  OR ,13,13,4486,0,0,0,0,0,0,0,0,0,13,13,4486,0,0,0,0,0,0,0,0,0
202501,999,35740,5,Norfolk  NE ,0,0,0,0,0,0,0,0,0,0,0,0,0,0,0,0,0,0,0,0,0,0,0,0
202501,999,35820,5,North Platte  NE ,1,1,110,0,0,0,0,0,0,0,0,0,1,1,110,0,0,0,0,0,0,0,0,0
202501,999,35900,5,North Wilkesboro  NC ,16,16,4946,0,0,0,0,0,0,0,0,0,16,16,4946,0,0,0,0,0,0,0,0,0
202501,999,36100,4,Ocala  FL ,597,597,118557,20,40,3495,2,8,2314,0,0,0,597,597,118557,20,40,3495,2,8,2314,0,0,0
202501,999,36340,5,Oil City  PA ,2,2,580,0,0,0,0,0,0,0,0,0,0,0,0,0,0,0,0,0,0,0,0,0
202501,999,36580,5,Oneonta  NY ,10,10,2534,0,0,0,0,0,0,0,0,0,0,0,0,0,0,0,0,0,0,0,0,0
202501,999,36900,5,Ottumwa  IA ,2,2,526,0,0,0,0,0,0,0,0,0,0,0,0,0,0,0,0,0,0,0,0,0
202501,999,36980,4,Owensboro  KY ,12,12,1321,0,0,0,0,0,0,0,0,0,12,12,1321,0,0,0,0,0,0,0,0,0
202501,999,37060,5,Oxford  MS ,36,36,10844,1,2,435,0,0,0,0,0,0,0,0,0,0,0,0,0,0,0,0,0,0
202501,999,37300,5,Palestine  TX ,2,2,312,0,0,0,0,0,0,0,0,0,1,1,72,0,0,0,0,0,0,0,0,0
202501,999,37340,4,Palm Bay-Melbourne-Titusville  FL ,278,278,109787,0,0,0,4,12,2600,1,156,10584,267,267,107221,0,0,0,4,12,2600,1,156,10584
202501,999,37420,5,Pampa  TX ,1,1,286,0,0,0,0,0,0,0,0,0,0,0,0,0,0,0,0,0,0,0,0,0
202501,999,37460,4,Panama City-Panama City Beach  FL ,144,144,53033,0,0,0,0,0,0,6,54,10227,14,14,7085,0,0,0,0,0,0,0,0,0
202501,999,37540,5,Paris  TN ,2,2,165,0,0,0,0,0,0,0,0,0,0,0,0,0,0,0,0,0,0,0,0,0
202501,999,37580,5,Paris  TX ,7,7,547,0,0,0,0,0,0,0,0,0,6,6,447,0,0,0,0,0,0,0,0,0
202501,999,37860,4,Pensacola-Ferry Pass-Brent  FL ,301,301,91095,0,0,0,0,0,0,0,0,0,301,301,91095,0,0,0,0,0,0,0,0,0
202501,999,37950,5,Petoskey  MI ,5,5,3427,0,0,0,0,0,0,0,0,0,5,5,3427,0,0,0,0,0,0,0,0,0
202501,999,38180,5,Pierre  SD ,1,1,350,0,0,0,0,0,0,0,0,0,1,1,350,0,0,0,0,0,0,0,0,0
202501,999,38210,5,Pikeville  KY ,1,1,375,0,0,0,0,0,0,0,0,0,0,0,0,0,0,0,0,0,0,0,0,0
202501,999,38260,5,Pittsburg  KS ,2,2,712,0,0,0,0,0,0,0,0,0,0,0,0,0,0,0,0,0,0,0,0,0
202501,999,38340,4,Pittsfield  MA ,8,8,4449,1,2,107,0,0,0,0,0,0,0,0,0,0,0,0,0,0,0,0,0,0
202501,999,38420,5,Platteville  WI ,7,7,1788,0,0,0,0,0,0,0,0,0,1,1,120,0,0,0,0,0,0,0,0,0
202501,999,38460,5,Plattsburgh  NY ,6,6,1570,0,0,0,0,0,0,1,5,693,1,1,235,0,0,0,0,0,0,0,0,0
202501,999,38540,4,Pocatello  ID ,17,17,3827,1,2,428,0,0,0,0,0,0,5,5,837,0,0,0,0,0,0,0,0,0
202501,999,38620,5,Ponca City  OK ,0,0,0,0,0,0,0,0,0,0,0,0,0,0,0,0,0,0,0,0,0,0,0,0
202501,999,38740,5,Poplar Bluff  MO ,2,2,50,0,0,0,0,0,0,0,0,0,2,2,50,0,0,0,0,0,0,0,0,0
202501,999,38820,5,Port Angeles  WA ,16,16,4433,2,4,800,0,0,0,0,0,0,14,14,3757,2,4,800,0,0,0,0,0,0
202501,999,39040,5,Port Townsend  WA ,20,20,4615,0,0,0,0,0,0,0,0,0,20,20,4615,0,0,0,0,0,0,0,0,0
202501,999,39060,5,Pottsville  PA ,9,9,2359,0,0,0,0,0,0,0,0,0,1,1,240,0,0,0,0,0,0,0,0,0
202501,999,39150,4,Prescott Valley-Prescott  AZ ,93,93,30747,7,14,1708,0,0,0,0,0,0,90,90,30179,7,14,1708,0,0,0,0,0,0
202501,999,39220,5,Price  UT ,1,1,407,0,0,0,0,0,0,0,0,0,1,1,407,0,0,0,0,0,0,0,0,0
202501,999,39960,5,Rice Lake  WI ,1,1,605,0,0,0,0,0,0,1,5,609,0,0,0,0,0,0,0,0,0,0,0,0
202501,999,40060,4,Richmond  VA ,507,507,112514,13,26,3536,5,17,3844,9,763,125343,495,495,109833,13,26,3536,5,17,3844,9,763,125343
202501,999,40180,5,Riverton  WY ,1,1,234,0,0,0,0,0,0,0,0,0,0,0,0,0,0,0,0,0,0,0,0,0
202501,999,40220,4,Roanoke  VA ,41,41,14389,0,0,0,0,0,0,0,0,0,24,24,7041,0,0,0,0,0,0,0,0,0
202501,999,40540,5,Rock Springs  WY ,8,8,2840,0,0,0,0,0,0,0,0,0,8,8,2840,0,0,0,0,0,0,0,0,0
202501,999,40620,5,Rolla  MO ,1,1,280,0,0,0,0,0,0,0,0,0,1,1,280,0,0,0,0,0,0,0,0,0
202501,999,40700,5,Roseburg  OR ,11,11,3809,0,0,0,0,0,0,0,0,0,11,11,3809,0,0,0,0,0,0,0,0,0
202501,999,40740,5,Roswell  NM ,7,7,1343,0,0,0,0,0,0,0,0,0,0,0,0,0,0,0,0,0,0,0,0,0
202501,999,40760,5,Ruidoso  NM ,6,6,4345,0,0,0,0,0,0,0,0,0,6,6,4345,0,0,0,0,0,0,0,0,0
202501,999,40780,5,Russellville  AR ,5,5,1510,0,0,0,0,0,0,0,0,0,4,4,1374,0,0,0,0,0,0,0,0,0
202501,999,40860,5,Rutland  VT ,2,2,560,0,0,0,0,0,0,0,0,0,0,0,0,0,0,0,0,0,0,0,0,0
202501,999,40940,5,Safford  AZ ,20,20,8135,2,4,838,1,4,597,0,0,0,20,20,8135,2,4,838,1,4,597,0,0,0
202501,999,41100,4,St. George  UT ,182,182,47832,0,0,0,0,0,0,0,0,0,142,142,38572,0,0,0,0,0,0,0,0,0
202501,999,41260,5,St. Marys  PA ,3,3,828,0,0,0,0,0,0,0,0,0,1,1,408,0,0,0,0,0,0,0,0,0
202501,999,41460,5,Salina  KS ,2,2,411,0,0,0,0,0,0,0,0,0,2,2,411,0,0,0,0,0,0,0,0,0
202501,999,41500,4,Salinas  CA ,60,60,13584,0,0,0,0,0,0,0,0,0,53,53,11524,0,0,0,0,0,0,0,0,0
202501,999,41660,4,San Angelo  TX ,26,26,7869,0,0,0,0,0,0,0,0,0,26,26,7869,0,0,0,0,0,0,0,0,0
202501,999,41740,4,San Diego-Chula Vista-Carlsbad  CA ,248,248,67371,29,58,14121,9,33,5311,15,204,22235,236,236,64984,28,56,13810,8,30,4834,15,204,22235
202501,999,41760,5,Sandpoint  ID ,4,4,969,0,0,0,0,0,0,0,0,0,3,3,720,0,0,0,0,0,0,0,0,0
202501,999,42020,4,San Luis Obispo-Paso Robles  CA ,41,41,13913,0,0,0,0,0,0,1,5,1034,37,37,12403,0,0,0,0,0,0,0,0,0
202501,999,42200,4,Santa Maria-Santa Barbara  CA ,37,37,25728,0,0,0,0,0,0,0,0,0,19,19,22895,0,0,0,0,0,0,0,0,0
202501,999,42220,4,Santa Rosa-Petaluma  CA ,80,80,19786,0,0,0,0,0,0,1,5,833,67,67,17195,0,0,0,0,0,0,0,0,0
202501,999,42300,5,Sault Ste. Marie  MI ,2,2,275,0,0,0,0,0,0,1,5,1117,1,1,105,0,0,0,0,0,0,0,0,0
202501,999,42380,5,Sayre  PA ,2,2,571,0,0,0,0,0,0,0,0,0,0,0,0,0,0,0,0,0,0,0,0,0
202501,999,42420,5,Scottsbluff  NE ,1,1,375,0,0,0,0,0,0,0,0,0,0,0,0,0,0,0,0,0,0,0,0,0
202501,999,42540,4,Scranton--Wilkes-Barre  PA ,34,34,13488,0,0,0,0,0,0,0,0,0,5,5,1847,0,0,0,0,0,0,0,0,0
202501,999,42580,5,Seaford  DE ,312,312,48067,6,12,1383,0,0,0,0,0,0,312,312,48067,6,12,1383,0,0,0,0,0,0
202501,999,42700,4,Sebring-  FL ,54,54,11908,0,0,0,0,0,0,0,0,0,54,54,11908,0,0,0,0,0,0,0,0,0
202501,999,42740,5,Sedalia  MO ,1,1,155,0,0,0,0,0,0,1,5,580,0,0,0,0,0,0,0,0,0,0,0,0
202501,999,43100,4,Sheboygan  WI ,11,11,7482,1,2,343,0,0,0,0,0,0,7,7,6188,1,2,343,0,0,0,0,0,0
202501,999,43260,5,Sheridan  WY ,13,13,4852,0,0,0,1,4,504,0,0,0,6,6,2178,0,0,0,1,4,504,0,0,0
202501,999,43320,5,Show Low  AZ ,37,37,13477,1,2,419,0,0,0,0,0,0,19,19,7927,1,2,419,0,0,0,0,0,0
202501,999,43420,4,Sierra Vista-Douglas  AZ ,37,37,6560,0,0,0,0,0,0,0,0,0,34,34,6255,0,0,0,0,0,0,0,0,0
202501,999,43620,4,Sioux Falls  SD-MN ,19,19,6030,1,2,500,0,0,0,11,195,18185,15,15,4967,1,2,500,0,0,0,10,190,17537
202501,999,43660,5,Snyder  TX ,0,0,0,0,0,0,0,0,0,0,0,0,0,0,0,0,0,0,0,0,0,0,0,0
202501,999,43700,5,Somerset  KY ,1,1,250,0,0,0,0,0,0,3,24,2958,0,0,0,0,0,0,0,0,0,3,24,2958
202501,999,43760,5,Sonora  CA ,4,4,2173,0,0,0,0,0,0,0,0,0,4,4,2173,0,0,0,0,0,0,0,0,0
202501,999,44180,4,Springfield  MO ,123,123,45292,5,10,2011,1,3,188,0,0,0,111,111,42530,5,10,2011,0,0,0,0,0,0
202501,999,44460,5,Steamboat Springs  CO ,6,6,7937,0,0,0,0,0,0,0,0,0,5,5,7698,0,0,0,0,0,0,0,0,0
202501,999,44500,5,Stephenville  TX ,0,0,0,0,0,0,0,0,0,0,0,0,0,0,0,0,0,0,0,0,0,0,0,0
202501,999,44540,5,Sterling  CO ,0,0,0,0,0,0,0,0,0,0,0,0,0,0,0,0,0,0,0,0,0,0,0,0
202501,999,44660,5,Stillwater  OK ,15,15,4111,2,4,247,0,0,0,0,0,0,0,0,0,0,0,0,0,0,0,0,0,0
202501,999,44740,5,Storm Lake  IA ,1,1,500,0,0,0,0,0,0,0,0,0,0,0,0,0,0,0,0,0,0,0,0,0
202501,999,45000,5,Susanville  CA ,3,3,988,0,0,0,0,0,0,0,0,0,2,2,750,0,0,0,0,0,0,0,0,0
202501,999,45140,5,Tahlequah  OK ,8,8,1358,0,0,0,0,0,0,0,0,0,0,0,0,0,0,0,0,0,0,0,0,0
202501,999,45300,4,Tampa-St. Petersburg-Clearwater  FL ,1091,1091,323773,10,20,3596,0,0,0,24,1061,120824,1087,1087,320401,9,18,3316,0,0,0,22,1046,116942
202501,999,45340,5,Taos  NM ,10,10,2654,0,0,0,0,0,0,0,0,0,0,0,0,0,0,0,0,0,0,0,0,0
202501,999,45460,4,Terre Haute  IN ,5,5,927,1,2,485,0,0,0,0,0,0,0,0,0,1,2,485,0,0,0,0,0,0
202501,999,45500,4,Texarkana  TX-AR ,10,10,4142,8,16,2931,0,0,0,0,0,0,6,6,3013,4,8,2002,0,0,0,0,0,0
202501,999,45520,5,The Dalles  OR ,0,0,0,0,0,0,0,0,0,0,0,0,0,0,0,0,0,0,0,0,0,0,0,0
202501,999,45620,5,Thomasville  GA ,15,15,4130,0,0,0,0,0,0,0,0,0,14,14,3918,0,0,0,0,0,0,0,0,0
202501,999,45700,5,Tifton  GA ,11,11,1386,0,0,0,0,0,0,1,6,509,0,0,0,0,0,0,0,0,0,0,0,0
202501,999,45740,5,Toccoa  GA ,2,2,342,0,0,0,0,0,0,0,0,0,1,1,150,0,0,0,0,0,0,0,0,0
202501,999,45780,4,Toledo  OH ,31,31,10365,0,0,0,0,0,0,0,0,0,13,13,4594,0,0,0,0,0,0,0,0,0
202501,999,45820,4,Topeka  KS ,17,17,5019,0,0,0,0,0,0,0,0,0,14,14,4501,0,0,0,0,0,0,0,0,0
202501,999,45880,5,Town of Pecos  TX ,1,1,369,0,0,0,0,0,0,0,0,0,0,0,0,0,0,0,0,0,0,0,0,0
202501,999,45900,4,Traverse City  MI ,33,33,7058,0,0,0,0,0,0,1,24,2370,14,14,3343,0,0,0,0,0,0,0,0,0
202501,999,45980,5,Troy  AL ,0,0,0,0,0,0,0,0,0,0,0,0,0,0,0,0,0,0,0,0,0,0,0,0
202501,999,46220,4,Tuscaloosa  AL ,41,41,11695,1,2,171,0,0,0,1,5,769,12,12,3019,0,0,0,0,0,0,0,0,0
202501,999,46300,4,Twin Falls  ID ,51,51,16899,0,0,0,0,0,0,0,0,0,50,50,16546,0,0,0,0,0,0,0,0,0
202501,999,46380,5,Ukiah  CA ,1,1,382,0,0,0,0,0,0,0,0,0,0,0,0,0,0,0,0,0,0,0,0,0
202501,999,46520,4,Urban Honolulu  HI ,55,55,19957,6,12,1613,0,0,0,1,57,17270,0,0,0,0,0,0,0,0,0,0,0,0
202501,999,46540,4,Utica-Rome  NY ,16,16,6681,0,0,0,0,0,0,1,5,781,0,0,0,0,0,0,0,0,0,0,0,0
202501,999,46620,5,Uvalde  TX ,0,0,0,0,0,0,0,0,0,0,0,0,0,0,0,0,0,0,0,0,0,0,0,0
202501,999,46660,4,Valdosta  GA ,70,70,16046,0,0,0,0,0,0,0,0,0,0,0,0,0,0,0,0,0,0,0,0,0
202501,999,46820,5,Vermillion  SD ,2,2,641,0,0,0,0,0,0,0,0,0,2,2,641,0,0,0,0,0,0,0,0,0
202501,999,46860,5,Vernal  UT ,1,1,750,0,0,0,0,0,0,0,0,0,1,1,750,0,0,0,0,0,0,0,0,0
202501,999,46900,5,Vernon  TX ,0,0,0,0,0,0,0,0,0,0,0,0,0,0,0,0,0,0,0,0,0,0,0,0
202501,999,47080,5,Vidalia  GA ,3,3,446,1,2,141,0,0,0,0,0,0,0,0,0,0,0,0,0,0,0,0,0,0
202501,999,47180,5,Vincennes  IN ,3,3,942,0,0,0,0,0,0,0,0,0,2,2,641,0,0,0,0,0,0,0,0,0
202501,999,47240,5,Vineyard Haven  MA ,6,6,8953,0,0,0,0,0,0,0,0,0,3,3,6500,0,0,0,0,0,0,0,0,0
202501,999,47300,4,Visalia  CA ,139,139,33180,4,8,1482,0,0,0,0,0,0,135,135,32521,3,6,1321,0,0,0,0,0,0
202501,999,47340,5,Wabash  IN ,7,7,1945,0,0,0,0,0,0,0,0,0,6,6,1641,0,0,0,0,0,0,0,0,0
202501,999,47380,4,Waco  TX ,90,90,26142,11,22,2748,0,0,0,2,10,1029,79,79,24368,11,22,2748,0,0,0,0,0,0
202501,999,47620,5,Warren  PA ,2,2,178,0,0,0,0,0,0,1,5,1250,2,2,178,0,0,0,0,0,0,0,0,0
202501,999,47780,5,Washington  IN ,4,4,862,0,0,0,0,0,0,3,36,7349,4,4,862,0,0,0,0,0,0,3,36,7349
202501,999,47940,4,Waterloo-Cedar Falls  IA ,3,3,1392,0,0,0,0,0,0,0,0,0,2,2,911,0,0,0,0,0,0,0,0,0
202501,999,47980,5,Watertown  SD ,5,5,1240,0,0,0,0,0,0,0,0,0,5,5,1240,0,0,0,0,0,0,0,0,0
202501,999,48060,4,Watertown-Fort Drum  NY ,15,15,2240,0,0,0,0,0,0,0,0,0,0,0,0,0,0,0,0,0,0,0,0,0
202501,999,48180,5,Waycross  GA ,3,3,748,0,0,0,0,0,0,0,0,0,3,3,748,0,0,0,0,0,0,0,0,0
202501,999,48300,4,Wenatchee-East Wenatchee  WA ,29,29,11096,0,0,0,0,0,0,1,212,54333,12,12,4602,0,0,0,0,0,0,1,212,54333
202501,999,48460,5,West Plains  MO ,1,1,153,0,0,0,1,3,510,0,0,0,0,0,0,0,0,0,0,0,0,0,0,0
202501,999,48540,4,Wheeling  WV-OH ,1,1,286,1,2,230,0,0,0,0,0,0,0,0,0,0,0,0,0,0,0,0,0,0
202501,999,48660,4,Wichita Falls  TX ,11,11,3329,1,2,250,0,0,0,0,0,0,11,11,3329,1,2,250,0,0,0,0,0,0
202501,999,48780,5,Williston  ND ,3,3,1395,0,0,0,0,0,0,0,0,0,3,3,1395,0,0,0,0,0,0,0,0,0
202501,999,48820,5,Willmar  MN ,1,1,321,0,0,0,0,0,0,0,0,0,1,1,321,0,0,0,0,0,0,0,0,0
202501,999,48900,4,Wilmington  NC ,469,469,139599,3,6,1334,3,9,2146,3,121,14723,349,349,98489,0,0,0,0,0,0,0,0,0
202501,999,49080,5,Winnemucca  NV ,1,1,242,0,0,0,0,0,0,0,0,0,1,1,242,0,0,0,0,0,0,0,0,0
202501,999,49260,5,Woodward  OK ,1,1,170,0,0,0,0,0,0,0,0,0,0,0,0,0,0,0,0,0,0,0,0,0
202501,999,49380,5,Worthington  MN ,1,1,44,0,0,0,0,0,0,0,0,0,0,0,0,0,0,0,0,0,0,0,0,0
202501,999,49420,4,Yakima  WA ,33,33,10427,0,0,0,0,0,0,1,73,11002,23,23,7810,0,0,0,0,0,0,1,73,11002
202501,999,49460,5,Yankton  SD ,1,1,200,0,0,0,0,0,0,0,0,0,1,1,200,0,0,0,0,0,0,0,0,0
202501,999,49740,4,Yuma  AZ ,75,75,14930,0,0,0,0,0,0,0,0,0,75,75,14930,0,0,0,0,0,0,0,0,0
