Survey,CSA,CBSA,HHEADER,CBSA,,1-unit,,,2-units,,,3-4 units,,,5+ units,,,1-unit rep,,,2-units rep,,,3-4 units rep,,,5+ units rep
Date,Code,Code,,Name,Bldgs,Units,Value,Bldgs,Units,Value,Bldgs,Units,Value,Bldgs,Units,Value,Bldgs,Units,Value,Bldgs,Units,Value,      Bldgs,Units,Value,Bldgs,Units,Value
 
202405,101,10180,2,Abilene  TX ,33,33,9490,0,0,0,0,0,0,0,0,0,33,33,9490,0,0,0,0,0,0,0,0,0
202405,101,45020,5,Sweetwater  TX ,2,2,286,0,0,0,0,0,0,0,0,0,0,0,0,0,0,0,0,0,0,0,0,0
202405,104,10580,2,Albany-Schenectady-Troy  NY ,104,104,37941,2,4,1100,1,3,524,4,70,11502,62,62,23645,1,2,800,0,0,0,1,54,9570
202405,104,11220,5,Amsterdam  NY ,3,3,437,0,0,0,0,0,0,0,0,0,0,0,0,0,0,0,0,0,0,0,0,0
202405,104,24020,2,Glens Falls  NY ,36,36,10773,0,0,0,0,0,0,0,0,0,33,33,9987,0,0,0,0,0,0,0,0,0
202405,104,24100,5,Gloversville  NY ,9,9,3237,0,0,0,0,0,0,1,5,1333,6,6,2200,0,0,0,0,0,0,0,0,0
202405,104,26460,5,Hudson  NY ,13,13,6952,0,0,0,0,0,0,0,0,0,3,3,675,0,0,0,0,0,0,0,0,0
202405,105,10740,2,Albuquerque  NM ,186,186,45137,2,4,425,0,0,0,0,0,0,158,158,36826,2,4,425,0,0,0,0,0,0
202405,105,29780,5,Las Vegas  NM ,0,0,0,0,0,0,0,0,0,0,0,0,0,0,0,0,0,0,0,0,0,0,0,0
202405,105,31060,5,Los Alamos  NM ,3,3,769,0,0,0,0,0,0,0,0,0,0,0,0,0,0,0,0,0,0,0,0,0
202405,105,42140,2,Santa Fe  NM ,29,29,10714,0,0,0,0,0,0,0,0,0,29,29,10714,0,0,0,0,0,0,0,0,0
202405,106,10900,2,Allentown-Bethlehem-Easton  PA-NJ ,145,145,39316,0,0,0,0,0,0,4,93,16114,100,100,28520,0,0,0,0,0,0,2,82,13607
202405,106,20700,5,East Stroudsburg  PA ,18,18,7261,0,0,0,0,0,0,0,0,0,13,13,5525,0,0,0,0,0,0,0,0,0
202405,107,11020,2,Altoona  PA ,5,5,2407,0,0,0,1,4,381,0,0,0,2,2,1044,0,0,0,0,0,0,0,0,0
202405,107,26500,5,Huntingdon  PA ,6,6,1514,0,0,0,0,0,0,0,0,0,0,0,0,0,0,0,0,0,0,0,0,0
202405,108,11100,2,Amarillo  TX ,52,52,14858,0,0,0,0,0,0,0,0,0,48,48,13804,0,0,0,0,0,0,0,0,0
202405,108,14420,5,Borger  TX ,0,0,0,0,0,0,0,0,0,0,0,0,0,0,0,0,0,0,0,0,0,0,0,0
202405,118,11540,2,Appleton  WI ,64,64,22466,3,6,1400,0,0,0,2,12,1665,56,56,19589,3,6,1400,0,0,0,2,12,1665
202405,118,36780,2,Oshkosh-Neenah  WI ,23,23,7764,0,0,0,0,0,0,1,5,800,23,23,7764,0,0,0,0,0,0,1,5,800
202405,120,11700,2,Asheville  NC ,246,246,99071,0,0,0,0,0,0,6,113,18745,187,187,83705,0,0,0,0,0,0,5,106,17141
202405,120,14820,5,Brevard  NC ,20,20,11817,0,0,0,0,0,0,1,5,1327,0,0,0,0,0,0,0,0,0,0,0,0
202405,120,48200,5,Waynesville  NC ,21,21,8970,1,2,257,0,0,0,0,0,0,2,2,285,0,0,0,0,0,0,0,0,0
202405,122,12020,2,Athens-Clarke County  GA ,79,79,28583,0,0,0,0,0,0,2,12,1769,37,37,16467,0,0,0,0,0,0,2,12,1769
202405,122,12060,2,Atlanta-Sandy Springs-Roswell  GA ,2378,2378,677848,26,52,9212,14,50,11208,108,1107,210395,2164,2164,625105,26,52,9212,14,50,11208,103,1027,197174
202405,122,15660,5,Calhoun  GA ,21,21,4915,0,0,0,0,0,0,0,0,0,9,9,1510,0,0,0,0,0,0,0,0,0
202405,122,16340,5,Cedartown  GA ,8,8,2950,0,0,0,0,0,0,0,0,0,0,0,0,0,0,0,0,0,0,0,0,0
202405,122,18460,5,Cornelia  GA ,26,26,10309,0,0,0,1,4,1357,0,0,0,22,22,9834,0,0,0,1,4,1357,0,0,0
202405,122,23580,2,Gainesville  GA ,118,118,25074,1,2,170,1,3,234,1,5,403,48,48,9366,0,0,0,0,0,0,0,0,0
202405,122,27600,5,Jefferson  GA ,219,219,71847,0,0,0,1,3,512,2,12,1808,133,133,47718,0,0,0,0,0,0,0,0,0
202405,122,29300,5,LaGrange  GA-AL ,42,42,11262,1,2,300,0,0,0,0,0,0,37,37,10283,1,2,300,0,0,0,0,0,0
202405,122,40660,2,Rome  GA ,52,52,10290,0,0,0,0,0,0,0,0,0,52,52,10290,0,0,0,0,0,0,0,0,0
202405,122,45580,5,Thomaston  GA ,12,12,2480,0,0,0,0,0,0,0,0,0,5,5,1470,0,0,0,0,0,0,0,0,0
202405,132,12940,2,Baton Rouge  LA ,324,324,79564,0,0,0,0,0,0,1,16,1636,51,51,11304,0,0,0,0,0,0,0,0,0
202405,132,25220,2,Hammond  LA ,74,74,13155,1,2,100,0,0,0,1,30,2856,0,0,0,0,0,0,0,0,0,0,0,0
202405,142,13820,2,Birmingham  AL ,310,310,96970,1,2,1182,0,0,0,1,20,3167,250,250,77101,0,0,0,0,0,0,0,0,0
202405,142,18980,5,Cullman  AL ,22,22,4321,0,0,0,0,0,0,0,0,0,20,20,3667,0,0,0,0,0,0,0,0,0
202405,142,45180,5,Talladega-Sylacauga  AL ,8,8,1135,0,0,0,0,0,0,0,0,0,8,8,1135,0,0,0,0,0,0,0,0,0
202405,144,13260,5,Bedford  IN ,0,0,0,0,0,0,0,0,0,0,0,0,0,0,0,0,0,0,0,0,0,0,0,0
202405,144,14020,2,Bloomington  IN ,17,17,5397,0,0,0,0,0,0,0,0,0,7,7,2255,0,0,0,0,0,0,0,0,0
202405,145,14010,2,Bloomington  IL ,11,11,3636,0,0,0,0,0,0,0,0,0,10,10,3292,0,0,0,0,0,0,0,0,0
202405,145,38700,5,Pontiac  IL ,4,4,1579,0,0,0,0,0,0,0,0,0,3,3,1270,0,0,0,0,0,0,0,0,0
202405,146,14100,5,Bloomsburg-Berwick  PA ,9,9,2833,0,0,0,0,0,0,0,0,0,5,5,1680,0,0,0,0,0,0,0,0,0
202405,146,30260,5,Lewisburg  PA ,3,3,1018,0,0,0,0,0,0,0,0,0,2,2,686,0,0,0,0,0,0,0,0,0
202405,146,42780,5,Selinsgrove  PA ,4,4,1337,0,0,0,0,0,0,0,0,0,0,0,0,0,0,0,0,0,0,0,0,0
202405,146,44980,5,Sunbury  PA ,8,8,2704,1,2,254,0,0,0,0,0,0,0,0,0,0,0,0,0,0,0,0,0,0
202405,147,14260,2,Boise City  ID ,782,782,186490,6,12,1573,6,24,3150,1,24,2790,751,751,172008,6,12,1573,6,24,3150,1,24,2790
202405,147,34300,5,Mountain Home  ID ,18,18,3425,0,0,0,0,0,0,0,0,0,16,16,2954,0,0,0,0,0,0,0,0,0
202405,147,36620,5,Ontario  OR-ID ,22,22,3846,1,2,425,0,0,0,0,0,0,12,12,1189,0,0,0,0,0,0,0,0,0
202405,148,12700,2,Barnstable Town  MA ,39,39,33656,2,4,600,0,0,0,2,17,1200,28,28,27058,2,4,600,0,0,0,2,17,1200
202405,148,14460,2,Boston-Cambridge-Newton  MA-NH ,370,370,156058,31,62,12447,7,22,7261,27,508,157385,225,225,102429,22,44,7637,5,16,5911,18,442,147251
202405,148,18180,5,Concord  NH ,32,32,11185,1,2,337,1,3,495,0,0,0,16,16,5981,1,2,337,0,0,0,0,0,0
202405,148,29060,5,Laconia  NH ,20,20,10324,1,2,785,0,0,0,1,12,1911,9,9,6315,0,0,0,0,0,0,1,12,1911
202405,148,31700,2,Manchester-Nashua  NH ,46,46,17376,3,6,1689,1,3,473,1,13,2871,24,24,11544,0,0,0,0,0,0,0,0,0
202405,148,39300,2,Providence-Warwick  RI-MA ,120,120,35126,10,20,3128,2,6,744,0,0,0,51,51,15718,4,8,1424,2,6,744,0,0,0
202405,148,49340,2,Worcester  MA ,79,79,29088,3,6,1183,0,0,0,0,0,0,35,35,14872,2,4,930,0,0,0,0,0,0
202405,150,14540,2,Bowling Green  KY ,57,57,19183,0,0,0,0,0,0,0,0,0,57,57,19183,0,0,0,0,0,0,0,0,0
202405,150,23190,5,Franklin  KY ,36,36,8040,1,2,190,0,0,0,0,0,0,36,36,8040,1,2,190,0,0,0,0,0,0
202405,150,23980,5,Glasgow  KY ,17,17,6300,0,0,0,0,0,0,0,0,0,17,17,6300,0,0,0,0,0,0,0,0,0
202405,152,15060,5,Brookings  OR ,9,9,4240,0,0,0,0,0,0,0,0,0,9,9,4240,0,0,0,0,0,0,0,0,0
202405,152,18860,5,Crescent City  CA ,2,2,642,0,0,0,0,0,0,0,0,0,0,0,0,0,0,0,0,0,0,0,0,0
202405,154,15180,2,Brownsville-Harlingen  TX ,178,178,31066,16,32,4500,2,7,759,2,11,911,72,72,11487,13,26,3618,1,4,330,1,6,500
202405,154,39700,5,Raymondville  TX ,4,4,2333,0,0,0,0,0,0,0,0,0,3,3,333,0,0,0,0,0,0,0,0,0
202405,160,15380,2,Buffalo-Cheektowaga  NY ,81,81,32903,0,0,0,2,7,1113,4,59,5844,67,67,29653,0,0,0,1,4,640,3,51,4050
202405,160,36460,5,Olean  NY ,13,13,3036,1,2,250,0,0,0,0,0,0,1,1,400,0,0,0,0,0,0,0,0,0
202405,161,15460,5,Burlington  IA-IL ,0,0,0,0,0,0,0,0,0,1,5,699,0,0,0,0,0,0,0,0,0,0,0,0
202405,161,22800,5,Fort Madison  IA ,2,2,577,0,0,0,0,0,0,0,0,0,0,0,0,0,0,0,0,0,0,0,0,0
202405,162,12740,5,Barre  VT ,14,14,5152,0,0,0,0,0,0,0,0,0,4,4,1970,0,0,0,0,0,0,0,0,0
202405,162,15540,2,Burlington-South Burlington  VT ,49,49,22698,6,12,2261,0,0,0,6,111,30879,32,32,17417,3,6,1270,0,0,0,5,106,30567
202405,163,15980,2,Cape Coral-Fort Myers  FL ,810,810,211864,1,2,250,1,4,2100,6,95,26395,810,810,211864,1,2,250,1,4,2100,6,95,26395
202405,163,17500,5,Clewiston  FL ,51,51,9454,0,0,0,0,0,0,0,0,0,51,51,9454,0,0,0,0,0,0,0,0,0
202405,163,34940,2,Naples-Marco Island  FL ,288,288,138248,1,2,703,2,7,1071,3,37,47622,6,6,9668,0,0,0,0,0,0,0,0,0
202405,164,16020,2,Cape Girardeau  MO-IL ,8,8,2417,0,0,0,0,0,0,0,0,0,0,0,0,0,0,0,0,0,0,0,0,0
202405,164,43460,5,Sikeston  MO ,2,2,288,0,0,0,0,0,0,0,0,0,0,0,0,0,0,0,0,0,0,0,0,0
202405,166,16060,5,Carbondale  IL ,0,0,0,0,0,0,0,0,0,0,0,0,0,0,0,0,0,0,0,0,0,0,0,0
202405,166,32060,5,Marion-Herrin  IL ,6,6,1121,0,0,0,1,3,220,0,0,0,2,2,450,0,0,0,0,0,0,0,0,0
202405,168,16300,2,Cedar Rapids  IA ,57,57,16992,2,4,900,3,12,2447,1,12,1736,53,53,15662,1,2,400,3,12,2447,1,12,1736
202405,168,26980,2,Iowa City  IA ,41,41,14848,0,0,0,0,0,0,2,17,2066,29,29,11437,0,0,0,0,0,0,1,12,1100
202405,169,16580,2,Champaign-Urbana  IL ,32,32,12189,0,0,0,0,0,0,0,0,0,29,29,11344,0,0,0,0,0,0,0,0,0
202405,169,19180,5,Danville  IL ,2,2,363,0,0,0,0,0,0,0,0,0,0,0,0,0,0,0,0,0,0,0,0,0
202405,170,16620,2,Charleston  WV ,12,12,1426,0,0,0,0,0,0,0,0,0,10,10,898,0,0,0,0,0,0,0,0,0
202405,170,26580,2,Huntington-Ashland  WV-KY-OH ,22,22,4375,0,0,0,0,0,0,0,0,0,0,0,0,0,0,0,0,0,0,0,0,0
202405,170,39020,5,Portsmouth  OH ,1,1,303,0,0,0,0,0,0,0,0,0,0,0,0,0,0,0,0,0,0,0,0,0
202405,172,10620,5,Albemarle  NC ,35,35,5893,0,0,0,0,0,0,0,0,0,0,0,0,0,0,0,0,0,0,0,0,0
202405,172,16740,2,Charlotte-Concord-Gastonia  NC-SC ,1830,1830,523329,9,18,1703,0,0,0,25,1065,56086,1655,1655,459501,9,18,1703,0,0,0,22,1049,54155
202405,172,25860,2,Hickory-Lenoir-Morganton  NC ,272,272,54515,1,2,180,0,0,0,1,6,334,229,229,44185,1,2,180,0,0,0,0,0,0
202405,172,32000,5,Marion  NC ,10,10,9301,0,0,0,0,0,0,0,0,0,10,10,9301,0,0,0,0,0,0,0,0,0
202405,172,43140,5,Shelby-Kings Mountain  NC ,34,34,7118,1,2,350,0,0,0,1,19,2766,20,20,5098,1,2,350,0,0,0,0,0,0
202405,174,11940,5,Athens  TN ,13,13,3285,0,0,0,0,0,0,0,0,0,1,1,212,0,0,0,0,0,0,0,0,0
202405,174,16860,2,Chattanooga  TN-GA ,233,233,55625,5,10,719,3,10,823,2,31,3097,177,177,40968,0,0,0,2,7,649,0,0,0
202405,174,17420,2,Cleveland  TN ,87,87,25342,0,0,0,1,4,647,0,0,0,67,67,21720,0,0,0,1,4,647,0,0,0
202405,174,19140,2,Dalton  GA ,37,37,7158,3,6,391,1,3,417,1,5,382,0,0,0,0,0,0,0,0,0,0,0,0
202405,174,42460,5,Scottsboro  AL ,4,4,1253,0,0,0,0,0,0,0,0,0,0,0,0,0,0,0,0,0,0,0,0,0
202405,174,44900,5,Summerville  GA ,0,0,0,0,0,0,0,0,0,0,0,0,0,0,0,0,0,0,0,0,0,0,0,0
202405,176,16980,2,Chicago-Naperville-Elgin  IL-IN ,882,882,326781,4,8,2079,14,45,7516,26,602,129431,742,742,278550,2,4,1550,11,36,6664,20,571,124195
202405,176,28100,2,Kankakee  IL ,11,11,3323,0,0,0,0,0,0,0,0,0,7,7,1945,0,0,0,0,0,0,0,0,0
202405,176,28450,2,Kenosha  WI ,19,19,7345,2,4,1414,0,0,0,0,0,0,16,16,6306,2,4,1414,0,0,0,0,0,0
202405,176,33140,2,Michigan City-La Porte  IN ,16,16,5052,0,0,0,0,0,0,1,6,760,0,0,0,0,0,0,0,0,0,0,0,0
202405,176,36837,5,Ottawa  IL ,11,11,3381,0,0,0,0,0,0,0,0,0,7,7,2044,0,0,0,0,0,0,0,0,0
202405,178,17140,2,Cincinnati  OH-KY-IN ,366,366,122659,14,28,3973,7,24,2191,17,417,56583,337,337,116056,13,26,3592,6,21,1620,16,406,55212
202405,178,48940,5,Wilmington  OH ,7,7,2493,0,0,0,0,0,0,1,5,313,0,0,0,0,0,0,0,0,0,0,0,0
202405,184,10420,2,Akron  OH ,67,67,25071,9,18,3163,5,18,5250,0,0,0,52,52,18595,9,18,3163,5,18,5250,0,0,0
202405,184,15940,2,Canton-Massillon  OH ,33,33,14430,4,8,2186,1,3,841,1,7,538,27,27,13307,3,6,1795,1,3,841,0,0,0
202405,184,17410,2,Cleveland  OH ,255,255,95761,3,6,1350,1,3,650,2,57,6906,161,161,69171,3,6,1350,1,3,650,0,0,0
202405,184,18740,5,Coshocton  OH ,0,0,0,0,0,0,0,0,0,0,0,0,0,0,0,0,0,0,0,0,0,0,0,0
202405,184,23380,5,Fremont  OH ,3,3,910,0,0,0,0,0,0,0,0,0,0,0,0,0,0,0,0,0,0,0,0,0
202405,184,35420,5,New Philadelphia-Dover  OH ,29,29,8388,1,2,340,0,0,0,0,0,0,3,3,650,0,0,0,0,0,0,0,0,0
202405,184,35940,5,Norwalk  OH ,5,5,1660,0,0,0,0,0,0,0,0,0,1,1,237,0,0,0,0,0,0,0,0,0
202405,184,41780,2,Sandusky  OH ,18,18,7605,0,0,0,0,0,0,1,5,471,11,11,5841,0,0,0,0,0,0,0,0,0
202405,184,49300,5,Wooster  OH ,13,13,4125,0,0,0,0,0,0,0,0,0,13,13,4125,0,0,0,0,0,0,0,0,0
202405,190,17860,2,Columbia  MO ,79,79,28544,0,0,0,0,0,0,2,34,3828,77,77,28109,0,0,0,0,0,0,2,34,3828
202405,190,27620,2,Jefferson City  MO ,10,10,2198,0,0,0,2,7,533,0,0,0,5,5,800,0,0,0,1,4,250,0,0,0
202405,190,33020,5,Mexico  MO ,4,4,775,0,0,0,0,0,0,0,0,0,4,4,775,0,0,0,0,0,0,0,0,0
202405,190,33620,5,Moberly  MO ,4,4,974,1,2,414,0,0,0,0,0,0,0,0,0,0,0,0,0,0,0,0,0,0
202405,192,17900,2,Columbia  SC ,423,423,108475,4,8,1242,5,20,2693,15,314,49424,293,293,82793,4,8,1242,5,20,2693,15,314,49424
202405,192,35140,5,Newberry  SC ,13,13,4718,0,0,0,0,0,0,0,0,0,13,13,4718,0,0,0,0,0,0,0,0,0
202405,192,36700,5,Orangeburg  SC ,8,8,1152,0,0,0,0,0,0,0,0,0,0,0,0,0,0,0,0,0,0,0,0,0
202405,192,44940,2,Sumter  SC ,35,35,5781,2,4,381,0,0,0,0,0,0,0,0,0,0,0,0,0,0,0,0,0,0
202405,194,10760,5,Alexander City  AL ,13,13,9267,0,0,0,0,0,0,0,0,0,12,12,8980,0,0,0,0,0,0,0,0,0
202405,194,12220,2,Auburn-Opelika  AL ,161,161,50245,1,2,135,0,0,0,0,0,0,101,101,35213,0,0,0,0,0,0,0,0,0
202405,194,17980,2,Columbus  GA-AL ,54,54,14659,0,0,0,0,0,0,1,5,515,7,7,883,0,0,0,0,0,0,0,0,0
202405,198,11900,5,Athens  OH ,0,0,0,0,0,0,0,0,0,0,0,0,0,0,0,0,0,0,0,0,0,0,0,0
202405,198,13340,5,Bellefontaine  OH ,6,6,1819,0,0,0,0,0,0,0,0,0,0,0,0,0,0,0,0,0,0,0,0,0
202405,198,15740,5,Cambridge  OH ,2,2,90,0,0,0,0,0,0,0,0,0,2,2,90,0,0,0,0,0,0,0,0,0
202405,198,17060,5,Chillicothe  OH ,2,2,502,0,0,0,0,0,0,0,0,0,0,0,0,0,0,0,0,0,0,0,0,0
202405,198,18140,2,Columbus  OH ,490,490,184687,6,12,2365,4,13,917,16,494,43929,378,378,142751,6,12,2365,3,10,800,16,494,43929
202405,198,32020,5,Marion  OH ,7,7,1579,0,0,0,0,0,0,0,0,0,4,4,900,0,0,0,0,0,0,0,0,0
202405,198,34540,5,Mount Vernon  OH ,11,11,3245,1,2,233,0,0,0,0,0,0,2,2,743,1,2,233,0,0,0,0,0,0
202405,198,47920,5,Washington Court House  OH ,4,4,1450,0,0,0,0,0,0,0,0,0,4,4,1450,0,0,0,0,0,0,0,0,0
202405,198,49780,5,Zanesville  OH ,2,2,587,0,0,0,0,0,0,1,11,1329,0,0,0,0,0,0,0,0,0,0,0,0
202405,204,10860,5,Alice  TX ,1,1,324,0,0,0,0,0,0,0,0,0,0,0,0,0,0,0,0,0,0,0,0,0
202405,204,18580,2,Corpus Christi  TX ,191,191,47367,0,0,0,0,0,0,1,5,372,22,22,6139,0,0,0,0,0,0,0,0,0
202405,204,28780,5,Kingsville  TX ,2,2,361,0,0,0,0,0,0,0,0,0,0,0,0,0,0,0,0,0,0,0,0,0
202405,206,11980,5,Athens  TX ,17,17,4856,1,2,220,0,0,0,0,0,0,3,3,1065,1,2,220,0,0,0,0,0,0
202405,206,14300,5,Bonham  TX ,1,1,219,0,0,0,0,0,0,0,0,0,0,0,0,0,0,0,0,0,0,0,0,0
202405,206,18620,5,Corsicana  TX ,49,49,12282,0,0,0,0,0,0,0,0,0,0,0,0,0,0,0,0,0,0,0,0,0
202405,206,19100,2,Dallas-Fort Worth-Arlington  TX ,4447,4447,1326345,96,192,28669,8,28,4857,45,1436,236854,3433,3433,969105,76,152,22889,4,15,3588,42,1407,233929
202405,206,20460,5,Durant  OK ,9,9,6239,0,0,0,0,0,0,0,0,0,9,9,6239,0,0,0,0,0,0,0,0,0
202405,206,23620,5,Gainesville  TX ,11,11,3053,0,0,0,0,0,0,0,0,0,4,4,1150,0,0,0,0,0,0,0,0,0
202405,206,24180,5,Granbury  TX ,12,12,3347,0,0,0,0,0,0,0,0,0,11,11,3091,0,0,0,0,0,0,0,0,0
202405,206,33420,5,Mineral Wells  TX ,2,2,573,0,0,0,0,0,0,0,0,0,0,0,0,0,0,0,0,0,0,0,0,0
202405,206,43300,2,Sherman-Denison  TX ,177,177,50899,1,2,225,0,0,0,0,0,0,139,139,39962,0,0,0,0,0,0,0,0,0
202405,206,44860,5,Sulphur Springs  TX ,8,8,1662,0,0,0,0,0,0,0,0,0,0,0,0,0,0,0,0,0,0,0,0,0
202405,209,17540,5,Clinton  IA ,2,2,453,0,0,0,0,0,0,1,5,833,1,1,150,0,0,0,0,0,0,0,0,0
202405,209,19340,2,Davenport-Moline-Rock Island  IA-IL ,40,40,10792,0,0,0,2,6,1180,2,15,1119,15,15,3169,0,0,0,0,0,0,0,0,0
202405,209,34700,5,Muscatine  IA ,1,1,353,0,0,0,0,0,0,0,0,0,1,1,353,0,0,0,0,0,0,0,0,0
202405,212,19430,2,Dayton-Kettering-Beavercreek  OH ,105,105,52186,0,0,0,1,3,875,1,21,2547,101,101,51137,0,0,0,1,3,875,0,0,0
202405,212,24820,5,Greenville  OH ,3,3,1775,0,0,0,0,0,0,0,0,0,3,3,1775,0,0,0,0,0,0,0,0,0
202405,212,43380,5,Sidney  OH ,9,9,3627,1,2,767,0,0,0,10,216,6000,8,8,2727,0,0,0,0,0,0,10,216,6000
202405,212,44220,2,Springfield  OH ,11,11,3917,0,0,0,1,3,750,0,0,0,11,11,3917,0,0,0,1,3,750,0,0,0
202405,212,46500,5,Urbana  OH ,6,6,2457,0,0,0,0,0,0,0,0,0,6,6,2457,0,0,0,0,0,0,0,0,0
202405,216,14500,2,Boulder  CO ,37,37,26795,6,12,2426,2,7,2448,4,31,6849,33,33,23129,6,12,2426,1,4,1632,3,18,3361
202405,216,19740,2,Denver-Aurora-Centennial  CO ,762,762,257924,1,2,384,1,4,378,11,617,115153,688,688,235327,1,2,384,1,4,378,9,574,108278
202405,216,24540,2,Greeley  CO ,195,195,72175,2,4,884,2,6,1067,2,13,2291,148,148,56872,0,0,0,0,0,0,1,8,1288
202405,218,11180,2,Ames  IA ,21,21,6832,0,0,0,0,0,0,0,0,0,18,18,6060,0,0,0,0,0,0,0,0,0
202405,218,19780,2,Des Moines-West Des Moines  IA ,308,308,124394,15,30,2098,0,0,0,0,0,0,299,299,120353,15,30,2098,0,0,0,0,0,0
202405,218,36820,5,Oskaloosa  IA ,2,2,695,0,0,0,0,0,0,0,0,0,2,2,695,0,0,0,0,0,0,0,0,0
202405,218,37800,5,Pella  IA ,8,8,2863,0,0,0,0,0,0,0,0,0,5,5,1976,0,0,0,0,0,0,0,0,0
202405,220,10300,5,Adrian  MI ,12,12,5741,0,0,0,0,0,0,0,0,0,3,3,3350,0,0,0,0,0,0,0,0,0
202405,220,11460,2,Ann Arbor  MI ,69,69,23612,1,2,346,0,0,0,3,29,25654,39,39,14167,0,0,0,0,0,0,0,0,0
202405,220,19820,2,Detroit-Warren-Dearborn  MI ,449,449,166274,6,12,3373,6,21,4888,7,48,12997,354,354,138437,5,10,3158,6,21,4888,5,29,9293
202405,220,22420,2,Flint  MI ,50,50,13384,0,0,0,1,3,1400,1,13,3760,45,45,12144,0,0,0,1,3,1400,1,13,3760
202405,220,33780,2,Monroe  MI ,9,9,2076,0,0,0,0,0,0,1,5,359,3,3,686,0,0,0,0,0,0,0,0,0
202405,221,19940,5,Dixon  IL ,1,1,450,0,0,0,0,0,0,0,0,0,1,1,450,0,0,0,0,0,0,0,0,0
202405,221,44580,5,Sterling  IL ,1,1,425,0,0,0,0,0,0,0,0,0,1,1,425,0,0,0,0,0,0,0,0,0
202405,222,20020,2,Dothan  AL ,35,35,10214,0,0,0,0,0,0,3,48,4080,20,20,6775,0,0,0,0,0,0,3,48,4080
202405,222,21460,5,Enterprise  AL ,7,7,1943,0,0,0,0,0,0,0,0,0,7,7,1943,0,0,0,0,0,0,0,0,0
202405,222,37120,5,Ozark  AL ,6,6,985,0,0,0,0,0,0,0,0,0,5,5,780,0,0,0,0,0,0,0,0,0
202405,228,20260,2,Duluth  MN-WI ,68,68,20924,2,4,1155,0,0,0,4,38,14340,61,61,18690,1,2,755,0,0,0,4,38,14340
202405,228,24330,5,Grand Rapids  MN ,28,28,9666,0,0,0,0,0,0,0,0,0,24,24,8483,0,0,0,0,0,0,0,0,0
202405,232,20740,2,Eau Claire  WI ,50,50,20520,6,12,2565,0,0,0,1,8,1377,47,47,19489,5,10,2165,0,0,0,1,8,1377
202405,232,32860,5,Menomonie  WI ,10,10,2924,0,0,0,0,0,0,0,0,0,8,8,2240,0,0,0,0,0,0,0,0,0
202405,233,20780,5,Edwards  CO ,12,12,31935,0,0,0,1,4,1500,0,0,0,10,10,28634,0,0,0,1,4,1500,0,0,0
202405,233,40090,5,Rifle  CO ,18,18,11324,0,0,0,0,0,0,0,0,0,13,13,4698,0,0,0,0,0,0,0,0,0
202405,236,18500,5,Corning  NY ,16,16,2691,1,2,12,1,3,95,0,0,0,0,0,0,0,0,0,0,0,0,0,0,0
202405,236,21300,2,Elmira  NY ,1,1,96,0,0,0,0,0,0,1,5,560,0,0,0,0,0,0,0,0,0,0,0,0
202405,238,21340,2,El Paso  TX ,198,198,47345,3,6,777,1,3,395,1,11,1296,22,22,6327,0,0,0,0,0,0,0,0,0
202405,238,29740,2,Las Cruces  NM ,116,116,31735,0,0,0,0,0,0,0,0,0,86,86,23410,0,0,0,0,0,0,0,0,0
202405,240,21500,2,Erie  PA ,20,20,7178,0,0,0,0,0,0,0,0,0,10,10,4239,0,0,0,0,0,0,0,0,0
202405,240,32740,5,Meadville  PA ,8,8,2681,0,0,0,0,0,0,0,0,0,0,0,0,0,0,0,0,0,0,0,0,0
202405,241,21780,2,Evansville  IN ,70,70,25892,4,8,801,0,0,0,0,0,0,26,26,11636,2,4,240,0,0,0,0,0,0
202405,241,25775,5,Henderson  KY ,2,2,426,0,0,0,0,0,0,0,0,0,1,1,140,0,0,0,0,0,0,0,0,0
202405,242,17220,5,Clarksburg  WV ,12,12,2543,0,0,0,0,0,0,0,0,0,11,11,2368,0,0,0,0,0,0,0,0,0
202405,242,21900,5,Fairmont  WV ,1,1,71,0,0,0,0,0,0,0,0,0,0,0,0,0,0,0,0,0,0,0,0,0
202405,244,22020,2,Fargo  ND-MN ,105,105,34671,0,0,0,0,0,0,0,0,0,104,104,33960,0,0,0,0,0,0,0,0,0
202405,244,47420,5,Wahpeton  ND-MN ,8,8,2915,0,0,0,0,0,0,0,0,0,0,0,0,0,0,0,0,0,0,0,0,0
202405,246,22180,2,Fayetteville  NC ,189,189,52605,0,0,0,0,0,0,0,0,0,189,189,52605,0,0,0,0,0,0,0,0,0
202405,246,29900,5,Laurinburg  NC ,13,13,2530,0,0,0,0,0,0,0,0,0,13,13,2530,0,0,0,0,0,0,0,0,0
202405,246,31300,5,Lumberton  NC ,34,34,7068,1,2,180,0,0,0,0,0,0,0,0,0,0,0,0,0,0,0,0,0,0
202405,246,38240,2,Pinehurst-Southern Pines  NC ,94,94,18821,0,0,0,0,0,0,0,0,0,78,78,14512,0,0,0,0,0,0,0,0,0
202405,246,40460,5,Rockingham  NC ,5,5,1331,0,0,0,0,0,0,0,0,0,0,0,0,0,0,0,0,0,0,0,0,0
202405,248,22300,5,Findlay  OH ,10,10,3373,2,4,400,0,0,0,0,0,0,3,3,1341,2,4,400,0,0,0,0,0,0
202405,248,45660,5,Tiffin  OH ,5,5,1335,0,0,0,0,0,0,0,0,0,0,0,0,0,0,0,0,0,0,0,0,0
202405,250,22520,2,Florence-Muscle Shoals  AL ,25,25,3221,0,0,0,0,0,0,9,72,17254,20,20,2632,0,0,0,0,0,0,9,72,17254
202405,250,40770,5,Russellville  AL ,1,1,114,0,0,0,0,0,0,0,0,0,0,0,0,0,0,0,0,0,0,0,0,0
202405,258,11420,5,Angola  IN ,10,10,5737,0,0,0,0,0,0,0,0,0,10,10,5737,0,0,0,0,0,0,0,0,0
202405,258,12140,5,Auburn  IN ,13,13,7255,0,0,0,0,0,0,0,0,0,13,13,7255,0,0,0,0,0,0,0,0,0
202405,258,19540,5,Decatur  IN ,9,9,1830,1,2,180,0,0,0,1,5,334,3,3,793,1,2,180,0,0,0,0,0,0
202405,258,23060,2,Fort Wayne  IN ,147,147,51364,2,4,681,0,0,0,5,86,6495,141,141,49596,0,0,0,0,0,0,5,86,6495
202405,258,26540,5,Huntington  IN ,8,8,2722,0,0,0,0,0,0,0,0,0,4,4,1400,0,0,0,0,0,0,0,0,0
202405,258,28340,5,Kendallville  IN ,11,11,3578,0,0,0,0,0,0,0,0,0,5,5,2063,0,0,0,0,0,0,0,0,0
202405,260,23420,2,Fresno  CA ,307,307,79579,0,0,0,1,3,300,4,22,3932,275,275,70657,0,0,0,0,0,0,2,12,2232
202405,260,25260,2,Hanford-Corcoran  CA ,41,41,13769,0,0,0,1,3,600,1,8,870,0,0,0,0,0,0,0,0,0,0,0,0
202405,264,23540,2,Gainesville  FL ,117,117,35870,0,0,0,0,0,0,2,42,4428,31,31,8095,0,0,0,0,0,0,0,0,0
202405,264,29380,5,Lake City  FL ,17,17,3574,0,0,0,0,0,0,0,0,0,0,0,0,0,0,0,0,0,0,0,0,0
202405,266,13660,5,Big Rapids  MI ,8,8,1854,0,0,0,0,0,0,0,0,0,4,4,717,0,0,0,0,0,0,0,0,0
202405,266,24340,2,Grand Rapids-Wyoming-Kentwood  MI ,246,246,86629,2,4,785,0,0,0,7,328,81544,182,182,64777,1,2,400,0,0,0,3,291,74210
202405,266,26090,5,Holland  MI ,41,41,16542,0,0,0,0,0,0,0,0,0,26,26,11203,0,0,0,0,0,0,0,0,0
202405,266,34740,2,Muskegon-Norton Shores  MI ,32,32,8954,0,0,0,0,0,0,0,0,0,26,26,7351,0,0,0,0,0,0,0,0,0
202405,267,24580,2,Green Bay  WI ,58,58,23403,8,16,3172,0,0,0,4,67,8478,51,51,20457,1,2,671,0,0,0,4,67,8478
202405,267,43020,5,Shawano  WI ,8,8,3109,0,0,0,0,0,0,0,0,0,6,6,2371,0,0,0,0,0,0,0,0,0
202405,268,15500,2,Burlington  NC ,198,198,29371,0,0,0,0,0,0,0,0,0,198,198,29371,0,0,0,0,0,0,0,0,0
202405,268,24660,2,Greensboro-High Point  NC ,169,169,58293,4,8,1351,0,0,0,2,80,14384,168,168,58085,4,8,1351,0,0,0,2,80,14384
202405,268,34340,5,Mount Airy  NC ,22,22,5178,0,0,0,0,0,0,0,0,0,22,22,5178,0,0,0,0,0,0,0,0,0
202405,268,49180,2,Winston-Salem  NC ,310,310,86530,13,26,6595,0,0,0,4,57,6220,274,274,77992,13,26,6595,0,0,0,3,52,6022
202405,273,23500,5,Gaffney  SC ,20,20,4081,0,0,0,0,0,0,0,0,0,18,18,3881,0,0,0,0,0,0,0,0,0
202405,273,24860,2,Greenville-Anderson-Greer  SC ,588,588,247234,13,26,2705,0,0,0,0,0,0,514,514,230754,13,26,2705,0,0,0,0,0,0
202405,273,24940,5,Greenwood  SC ,27,27,7676,0,0,0,0,0,0,0,0,0,27,27,7676,0,0,0,0,0,0,0,0,0
202405,273,42860,5,Seneca  SC ,52,52,18758,0,0,0,0,0,0,0,0,0,52,52,18758,0,0,0,0,0,0,0,0,0
202405,273,43900,2,Spartanburg  SC ,304,304,58502,0,0,0,0,0,0,1,5,600,34,34,11644,0,0,0,0,0,0,0,0,0
202405,274,24780,2,Greenville  NC ,78,78,18410,0,0,0,0,0,0,0,0,0,44,44,11419,0,0,0,0,0,0,0,0,0
202405,274,47820,5,Washington  NC ,28,28,5762,0,0,0,0,0,0,0,0,0,10,10,2893,0,0,0,0,0,0,0,0,0
202405,276,23900,2,Gettysburg  PA ,29,29,9285,0,0,0,0,0,0,0,0,0,29,29,9285,0,0,0,0,0,0,0,0,0
202405,276,25420,2,Harrisburg-Carlisle  PA ,123,123,35012,1,2,30,1,3,655,4,25,2312,79,79,23636,0,0,0,0,0,0,2,13,1040
202405,276,30140,2,Lebanon  PA ,25,25,4132,0,0,0,0,0,0,1,5,517,4,4,1158,0,0,0,0,0,0,0,0,0
202405,276,49620,2,York-Hanover  PA ,89,89,27353,5,10,1626,0,0,0,3,19,2910,38,38,11224,4,8,1280,0,0,0,3,19,2910
202405,277,25500,2,Harrisonburg  VA ,70,70,14829,5,10,1690,0,0,0,0,0,0,70,70,14829,5,10,1690,0,0,0,0,0,0
202405,277,44420,2,Staunton-Stuarts Draft  VA ,40,40,12985,0,0,0,1,4,616,0,0,0,40,40,12985,0,0,0,1,4,616,0,0,0
202405,279,25620,2,Hattiesburg  MS ,13,13,2645,0,0,0,0,0,0,1,5,597,0,0,0,0,0,0,0,0,0,0,0,0
202405,279,29860,5,Laurel  MS ,1,1,35,0,0,0,0,0,0,0,0,0,0,0,0,0,0,0,0,0,0,0,0,0
202405,284,26300,2,Hot Springs  AR ,4,4,4650,0,0,0,0,0,0,0,0,0,3,3,4365,0,0,0,0,0,0,0,0,0
202405,284,31680,5,Malvern  AR ,0,0,0,0,0,0,0,0,0,0,0,0,0,0,0,0,0,0,0,0,0,0,0,0
202405,288,13060,5,Bay City  TX ,21,21,3863,0,0,0,0,0,0,0,0,0,21,21,3863,0,0,0,0,0,0,0,0,0
202405,288,14780,5,Brenham  TX ,13,13,1936,0,0,0,0,0,0,0,0,0,13,13,1936,0,0,0,0,0,0,0,0,0
202405,288,20900,5,El Campo  TX ,7,7,2056,0,0,0,0,0,0,1,5,351,6,6,1726,0,0,0,0,0,0,0,0,0
202405,288,26420,2,Houston-Pasadena-The Woodlands  TX ,4610,4610,1332434,44,88,18672,0,0,0,3,90,10983,4223,4223,1232288,44,88,18672,0,0,0,3,90,10983
202405,288,26660,5,Huntsville  TX ,48,48,10040,1,2,319,0,0,0,0,0,0,0,0,0,0,0,0,0,0,0,0,0,0
202405,290,10700,5,Albertville  AL ,17,17,3312,0,0,0,0,0,0,0,0,0,12,12,2498,0,0,0,0,0,0,0,0,0
202405,290,19460,2,Decatur  AL ,20,20,4242,0,0,0,1,3,135,0,0,0,18,18,3851,0,0,0,0,0,0,0,0,0
202405,290,22190,5,Fayetteville  TN ,16,16,3334,0,0,0,0,0,0,0,0,0,16,16,3334,0,0,0,0,0,0,0,0,0
202405,290,22840,5,Fort Payne  AL ,2,2,436,0,0,0,0,0,0,0,0,0,1,1,150,0,0,0,0,0,0,0,0,0
202405,290,26620,2,Huntsville  AL ,448,448,85655,0,0,0,0,0,0,3,169,24460,292,292,47727,0,0,0,0,0,0,3,169,24460
202405,292,13940,5,Blackfoot  ID ,44,44,8068,0,0,0,0,0,0,0,0,0,44,44,8068,0,0,0,0,0,0,0,0,0
202405,292,26820,2,Idaho Falls  ID ,195,195,35976,0,0,0,0,0,0,5,131,20213,195,195,35976,0,0,0,0,0,0,5,131,20213
202405,292,39940,5,Rexburg  ID ,28,28,8158,0,0,0,0,0,0,0,0,0,28,28,8158,0,0,0,0,0,0,0,0,0
202405,294,18020,2,Columbus  IN ,16,16,4198,1,2,440,0,0,0,0,0,0,16,16,4198,1,2,440,0,0,0,0,0,0
202405,294,18820,5,Crawfordsville  IN ,4,4,954,0,0,0,0,0,0,0,0,0,0,0,0,0,0,0,0,0,0,0,0,0
202405,294,24600,5,Greencastle  IN ,8,8,2828,0,0,0,0,0,0,0,0,0,8,8,2828,0,0,0,0,0,0,0,0,0
202405,294,24700,5,Greensburg  IN ,6,6,1330,0,0,0,0,0,0,0,0,0,6,6,1330,0,0,0,0,0,0,0,0,0
202405,294,26900,2,Indianapolis-Carmel-Greenwood  IN ,707,707,265233,27,54,13837,3,12,2400,8,72,23019,672,672,252704,27,54,13837,3,12,2400,8,72,23019
202405,294,29020,2,Kokomo  IN ,28,28,9225,0,0,0,0,0,0,0,0,0,26,26,8614,0,0,0,0,0,0,0,0,0
202405,294,34620,2,Muncie  IN ,12,12,3721,0,0,0,0,0,0,0,0,0,7,7,1140,0,0,0,0,0,0,0,0,0
202405,294,35220,5,New Castle  IN ,4,4,1394,0,0,0,0,0,0,0,0,0,0,0,0,0,0,0,0,0,0,0,0,0
202405,294,37940,5,Peru  IN ,5,5,687,0,0,0,0,0,0,0,0,0,5,5,687,0,0,0,0,0,0,0,0,0
202405,294,42980,5,Seymour  IN ,5,5,2004,0,0,0,0,0,0,0,0,0,2,2,1100,0,0,0,0,0,0,0,0,0
202405,296,18660,5,Cortland  NY ,3,3,919,0,0,0,0,0,0,0,0,0,0,0,0,0,0,0,0,0,0,0,0,0
202405,296,27060,2,Ithaca  NY ,14,14,3868,1,2,250,2,6,1927,2,10,1355,1,1,220,1,2,250,1,3,350,0,0,0
202405,298,15020,5,Brookhaven  MS ,1,1,180,0,0,0,0,0,0,0,0,0,1,1,180,0,0,0,0,0,0,0,0,0
202405,298,27140,2,Jackson  MS ,99,99,31226,1,2,230,1,3,131,0,0,0,71,71,24292,0,0,0,0,0,0,0,0,0
202405,298,46980,5,Vicksburg  MS ,1,1,127,0,0,0,0,0,0,0,0,0,0,0,0,0,0,0,0,0,0,0,0,0
202405,300,27260,2,Jacksonville  FL ,1410,1410,370729,6,12,1046,12,48,2560,0,0,0,1392,1392,360708,6,12,1046,12,48,2560,0,0,0
202405,300,28680,5,Kingsland  GA ,49,49,12333,0,0,0,0,0,0,0,0,0,10,10,4100,0,0,0,0,0,0,0,0,0
202405,300,37260,5,Palatka  FL ,7,7,2631,0,0,0,0,0,0,0,0,0,6,6,2395,0,0,0,0,0,0,0,0,0
202405,304,24620,5,Greeneville  TN ,28,28,6138,0,0,0,0,0,0,0,0,0,27,27,5942,0,0,0,0,0,0,0,0,0
202405,304,27740,2,Johnson City  TN ,84,84,26018,0,0,0,0,0,0,0,0,0,66,66,23184,0,0,0,0,0,0,0,0,0
202405,304,28700,2,Kingsport-Bristol  TN-VA ,60,60,17813,0,0,0,0,0,0,1,5,292,42,42,15509,0,0,0,0,0,0,0,0,0
202405,306,27780,2,Johnstown  PA ,7,7,2353,0,0,0,0,0,0,0,0,0,1,1,350,0,0,0,0,0,0,0,0,0
202405,306,43740,5,Somerset  PA ,6,6,1501,0,0,0,0,0,0,0,0,0,0,0,0,0,0,0,0,0,0,0,0,0
202405,308,27860,2,Jonesboro  AR ,59,59,9274,5,10,700,6,21,1161,1,6,340,4,4,723,1,2,150,1,4,280,0,0,0
202405,308,37500,5,Paragould  AR ,6,6,1825,2,4,500,0,0,0,0,0,0,6,6,1825,2,4,500,0,0,0,0,0,0
202405,309,27900,2,Joplin  MO-KS ,39,39,8446,1,2,342,0,0,0,1,5,225,19,19,4289,0,0,0,0,0,0,0,0,0
202405,309,33060,5,Miami  OK ,0,0,0,0,0,0,0,0,0,0,0,0,0,0,0,0,0,0,0,0,0,0,0,0
202405,310,12980,2,Battle Creek  MI ,13,13,2931,0,0,0,0,0,0,0,0,0,2,2,717,0,0,0,0,0,0,0,0,0
202405,310,28020,2,Kalamazoo-Portage  MI ,35,35,10654,0,0,0,1,3,789,1,10,1327,24,24,5242,0,0,0,0,0,0,0,0,0
202405,310,44780,5,Sturgis  MI ,9,9,3349,0,0,0,0,0,0,0,0,0,1,1,850,0,0,0,0,0,0,0,0,0
202405,312,11860,5,Atchison  KS ,1,1,180,0,0,0,0,0,0,0,0,0,0,0,0,0,0,0,0,0,0,0,0,0
202405,312,28140,2,Kansas City  MO-KS ,404,404,162104,4,8,2167,2,8,1440,3,65,12119,361,361,144295,4,8,2167,2,8,1440,2,36,6541
202405,312,29940,2,Lawrence  KS ,20,20,6415,1,2,402,0,0,0,0,0,0,7,7,2506,0,0,0,0,0,0,0,0,0
202405,312,36840,5,Ottawa  KS ,11,11,2406,1,2,336,0,0,0,0,0,0,6,6,1381,0,0,0,0,0,0,0,0,0
202405,312,41140,2,St. Joseph  MO-KS ,5,5,1183,0,0,0,0,0,0,0,0,0,0,0,0,0,0,0,0,0,0,0,0,0
202405,312,47660,5,Warrensburg  MO ,2,2,430,2,4,450,0,0,0,0,0,0,1,1,300,2,4,450,0,0,0,0,0,0
202405,313,14710,5,Brattleboro  VT ,17,17,4040,1,2,254,0,0,0,0,0,0,5,5,976,0,0,0,0,0,0,0,0,0
202405,313,28300,5,Keene  NH ,17,17,4274,0,0,0,0,0,0,0,0,0,3,3,375,0,0,0,0,0,0,0,0,0
202405,314,28420,2,Kennewick-Richland  WA ,96,96,33953,1,2,500,0,0,0,1,12,1447,64,64,20992,1,2,500,0,0,0,0,0,0
202405,314,47460,2,Walla Walla  WA ,22,22,6359,1,2,363,0,0,0,1,5,754,20,20,6006,0,0,0,0,0,0,0,0,0
202405,315,28940,2,Knoxville  TN ,431,431,115988,4,8,1518,3,11,1943,7,104,19124,348,348,91954,0,0,0,0,0,0,4,47,9893
202405,315,34100,2,Morristown  TN ,62,62,18108,0,0,0,1,3,180,1,12,1200,25,25,6197,0,0,0,0,0,0,1,12,1200
202405,315,35460,5,Newport  TN ,0,0,0,0,0,0,0,0,0,0,0,0,0,0,0,0,0,0,0,0,0,0,0,0
202405,315,42940,5,Sevierville  TN ,92,92,37465,0,0,0,0,0,0,10,238,32922,15,15,6790,0,0,0,0,0,0,9,230,31783
202405,317,29100,2,La Crosse-Onalaska  WI-MN ,38,38,14069,0,0,0,0,0,0,0,0,0,27,27,10557,0,0,0,0,0,0,0,0,0
202405,317,43890,5,Sparta  WI ,5,5,928,1,2,340,0,0,0,0,0,0,3,3,694,0,0,0,0,0,0,0,0,0
202405,318,29180,2,Lafayette  LA ,186,186,42591,0,0,0,0,0,0,0,0,0,61,61,15572,0,0,0,0,0,0,0,0,0
202405,318,35340,5,New Iberia  LA ,16,16,3131,0,0,0,0,0,0,0,0,0,16,16,3131,0,0,0,0,0,0,0,0,0
202405,318,36660,5,Opelousas  LA ,10,10,1827,0,0,0,0,0,0,0,0,0,0,0,0,0,0,0,0,0,0,0,0,0
202405,320,23140,5,Frankfort  IN ,3,3,792,0,0,0,0,0,0,0,0,0,0,0,0,0,0,0,0,0,0,0,0,0
202405,320,29200,2,Lafayette-West Lafayette  IN ,48,48,17402,0,0,0,0,0,0,4,126,15780,6,6,2655,0,0,0,0,0,0,1,70,9000
202405,320,33900,5,Monticello  IN ,7,7,2333,0,0,0,0,0,0,0,0,0,7,7,2333,0,0,0,0,0,0,0,0,0
202405,324,19760,5,DeRidder  LA ,6,6,1815,0,0,0,0,0,0,0,0,0,0,0,0,0,0,0,0,0,0,0,0,0
202405,324,29340,2,Lake Charles  LA ,75,75,17479,0,0,0,0,0,0,0,0,0,71,71,16615,0,0,0,0,0,0,0,0,0
202405,330,29620,2,Lansing-East Lansing  MI ,30,30,9556,0,0,0,0,0,0,1,17,1887,13,13,4325,0,0,0,0,0,0,0,0,0
202405,330,37020,5,Owosso  MI ,6,6,1460,0,0,0,0,0,0,0,0,0,0,0,0,0,0,0,0,0,0,0,0,0
202405,332,29820,2,Las Vegas-Henderson-North Las Vegas  NV ,1050,1050,325992,3,6,1439,5,16,3435,7,282,48353,1050,1050,325992,3,6,1439,5,16,3435,7,282,48353
202405,334,20340,5,Duncan  OK ,2,2,492,0,0,0,0,0,0,0,0,0,1,1,325,0,0,0,0,0,0,0,0,0
202405,334,30020,2,Lawton  OK ,5,5,1042,0,0,0,0,0,0,0,0,0,2,2,800,0,0,0,0,0,0,0,0,0
202405,336,23180,5,Frankfort  KY ,18,18,6119,0,0,0,0,0,0,0,0,0,9,9,3999,0,0,0,0,0,0,0,0,0
202405,336,30460,2,Lexington-Fayette  KY ,138,138,37635,1,2,600,1,3,440,3,57,5566,66,66,21332,1,2,600,0,0,0,0,0,0
202405,336,34460,5,Mount Sterling  KY ,9,9,1809,0,0,0,0,0,0,0,0,0,5,5,930,0,0,0,0,0,0,0,0,0
202405,336,40080,5,Richmond-Berea  KY ,36,36,7246,2,4,260,1,4,380,0,0,0,36,36,7246,2,4,260,1,4,380,0,0,0
202405,338,16380,5,Celina  OH ,5,5,1375,0,0,0,0,0,0,0,0,0,0,0,0,0,0,0,0,0,0,0,0,0
202405,338,30620,2,Lima  OH ,7,7,1939,0,0,0,0,0,0,0,0,0,1,1,600,0,0,0,0,0,0,0,0,0
202405,338,46780,5,Van Wert  OH ,3,3,548,0,0,0,0,0,0,0,0,0,1,1,45,0,0,0,0,0,0,0,0,0
202405,338,47540,5,Wapakoneta  OH ,11,11,3089,0,0,0,0,0,0,0,0,0,1,1,300,0,0,0,0,0,0,0,0,0
202405,339,13100,5,Beatrice  NE ,2,2,605,0,0,0,0,0,0,0,0,0,1,1,353,0,0,0,0,0,0,0,0,0
202405,339,30700,2,Lincoln  NE ,72,72,20288,0,0,0,0,0,0,2,52,5800,69,69,19661,0,0,0,0,0,0,2,52,5800
202405,340,30780,2,Little Rock-North Little Rock-Conway  AR ,177,177,46278,6,12,833,0,0,0,0,0,0,172,172,45285,6,12,833,0,0,0,0,0,0
202405,340,38220,5,Pine Bluff  AR ,3,3,396,0,0,0,0,0,0,0,0,0,2,2,248,0,0,0,0,0,0,0,0,0
202405,340,42620,5,Searcy  AR ,22,22,3986,0,0,0,0,0,0,0,0,0,11,11,2380,0,0,0,0,0,0,0,0,0
202405,348,31080,2,Los Angeles-Long Beach-Anaheim  CA ,1244,1244,328582,76,152,33145,6,19,4736,45,1568,263210,939,939,263604,68,136,29761,2,7,1929,30,1343,215749
202405,348,37100,2,Oxnard-Thousand Oaks-Ventura  CA ,69,69,22836,0,0,0,3,11,3220,5,105,19162,38,38,12742,0,0,0,2,8,2763,4,98,18409
202405,348,40140,2,Riverside-San Bernardino-Ontario  CA ,1144,1144,338880,26,52,9880,3,10,878,29,242,18088,606,606,188896,25,50,9413,2,6,149,8,116,8025
202405,350,21060,2,Elizabethtown  KY ,38,38,9678,5,10,1316,2,8,1635,0,0,0,32,32,8024,4,8,1028,2,8,1635,0,0,0
202405,350,31140,2,Louisville-Jefferson County  KY-IN ,327,327,104302,10,20,3317,2,6,851,7,166,23264,186,186,67305,7,14,2286,0,0,0,1,8,650
202405,352,31180,2,Lubbock  TX ,168,168,46984,1,2,419,0,0,0,0,0,0,166,166,46608,1,2,419,0,0,0,0,0,0
202405,352,38380,5,Plainview  TX ,1,1,186,0,0,0,0,0,0,0,0,0,0,0,0,0,0,0,0,0,0,0,0,0
202405,356,31420,2,Macon-Bibb County  GA ,55,55,15190,0,0,0,0,0,0,0,0,0,13,13,4345,0,0,0,0,0,0,0,0,0
202405,356,47580,2,Warner Robins  GA ,110,110,21165,0,0,0,0,0,0,0,0,0,81,81,14997,0,0,0,0,0,0,0,0,0
202405,357,12660,5,Baraboo  WI ,18,18,8091,1,2,400,0,0,0,1,48,6500,5,5,2216,0,0,0,0,0,0,1,48,6500
202405,357,27500,2,Janesville-Beloit  WI ,23,23,6885,0,0,0,0,0,0,6,120,15000,17,17,5139,0,0,0,0,0,0,6,120,15000
202405,357,31540,2,Madison  WI ,184,184,81094,5,10,3416,1,3,2152,5,312,42858,126,126,60139,3,6,2257,0,0,0,1,91,12000
202405,359,31860,2,Mankato  MN ,13,13,4173,0,0,0,0,0,0,1,59,18900,11,11,3379,0,0,0,0,0,0,1,59,18900
202405,359,35580,5,New Ulm  MN ,3,3,823,0,0,0,0,0,0,0,0,0,2,2,500,0,0,0,0,0,0,0,0,0
202405,360,11740,5,Ashland  OH ,4,4,732,0,0,0,0,0,0,0,0,0,1,1,250,0,0,0,0,0,0,0,0,0
202405,360,15340,5,Bucyrus  OH ,0,0,0,0,0,0,0,0,0,0,0,0,0,0,0,0,0,0,0,0,0,0,0,0
202405,360,31900,2,Mansfield  OH ,14,14,4923,1,2,351,1,3,286,0,0,0,11,11,3888,1,2,351,0,0,0,0,0,0
202405,361,27020,5,Iron Mountain  MI-WI ,6,6,1805,0,0,0,1,3,375,0,0,0,0,0,0,0,0,0,0,0,0,0,0,0
202405,361,31940,5,Marinette  WI-MI ,13,13,3285,0,0,0,0,0,0,0,0,0,0,0,0,0,0,0,0,0,0,0,0,0
202405,365,32580,2,McAllen-Edinburg-Mission  TX ,366,366,93813,50,100,7958,30,114,10703,3,19,1568,303,303,78927,50,100,7958,20,80,6139,3,19,1568
202405,365,40100,5,Rio Grande City-Roma  TX ,0,0,0,0,0,0,0,0,0,0,0,0,0,0,0,0,0,0,0,0,0,0,0,0
202405,366,24420,2,Grants Pass  OR ,11,11,2265,0,0,0,0,0,0,0,0,0,0,0,0,0,0,0,0,0,0,0,0,0
202405,366,32780,2,Medford  OR ,81,81,28942,0,0,0,1,3,192,2,11,1322,73,73,27049,0,0,0,0,0,0,1,6,757
202405,368,17260,5,Clarksdale  MS ,2,2,356,0,0,0,0,0,0,0,0,0,0,0,0,0,0,0,0,0,0,0,0,0
202405,368,22620,5,Forrest City  AR ,1,1,288,0,0,0,0,0,0,0,0,0,1,1,288,0,0,0,0,0,0,0,0,0
202405,368,32820,2,Memphis  TN-MS-AR ,322,322,96704,0,0,0,0,0,0,10,296,37282,279,279,85587,0,0,0,0,0,0,10,296,37282
202405,370,28580,5,Key West-Key Largo  FL ,22,22,14608,0,0,0,0,0,0,0,0,0,4,4,3065,0,0,0,0,0,0,0,0,0
202405,370,33100,2,Miami-Fort Lauderdale-West Palm Beach  FL ,505,505,219621,28,56,16818,11,38,13586,39,568,113633,390,390,149780,27,54,15718,11,38,13586,30,370,92167
202405,370,36380,5,Okeechobee  FL ,1,1,972,0,0,0,0,0,0,0,0,0,1,1,972,0,0,0,0,0,0,0,0,0
202405,370,38940,2,Port St. Lucie  FL ,581,581,170605,0,0,0,1,3,181,1,8,1400,579,579,163837,0,0,0,0,0,0,1,8,1400
202405,370,42680,2,Sebastian-Vero Beach-West Vero Corridor  FL ,13,13,10037,0,0,0,0,0,0,2,72,14489,10,10,4653,0,0,0,0,0,0,2,72,14489
202405,371,18340,5,Corbin  KY ,10,10,1960,1,2,185,0,0,0,0,0,0,8,8,1604,0,0,0,0,0,0,0,0,0
202405,371,33180,5,Middlesborough  KY ,6,6,778,0,0,0,0,0,0,0,0,0,0,0,0,0,0,0,0,0,0,0,0,0
202405,372,11380,5,Andrews  TX ,4,4,936,0,0,0,0,0,0,0,0,0,0,0,0,0,0,0,0,0,0,0,0,0
202405,372,33260,2,Midland  TX ,120,120,19253,0,0,0,0,0,0,0,0,0,120,120,19253,0,0,0,0,0,0,0,0,0
202405,372,36220,2,Odessa  TX ,81,81,20415,0,0,0,0,0,0,0,0,0,81,81,20415,0,0,0,0,0,0,0,0,0
202405,376,13180,5,Beaver Dam  WI ,12,12,4087,2,4,967,0,0,0,0,0,0,5,5,1574,1,2,400,0,0,0,0,0,0
202405,376,33340,2,Milwaukee-Waukesha  WI ,155,155,74644,18,36,9081,0,0,0,10,235,33690,121,121,61982,15,30,7496,0,0,0,9,210,29831
202405,376,39540,2,Racine-Mount Pleasant  WI ,14,14,5273,2,4,618,0,0,0,1,24,6358,11,11,4186,2,4,618,0,0,0,0,0,0
202405,376,48020,5,Watertown-Fort Atkinson  WI ,6,6,1976,1,2,585,0,0,0,0,0,0,4,4,1295,1,2,585,0,0,0,0,0,0
202405,376,48580,5,Whitewater-Elkhorn  WI ,32,32,13342,1,2,451,0,0,0,0,0,0,28,28,11431,1,2,451,0,0,0,0,0,0
202405,378,22060,5,Faribault-Northfield  MN ,11,11,3427,1,2,470,0,0,0,0,0,0,7,7,2392,0,0,0,0,0,0,0,0,0
202405,378,26780,5,Hutchinson  MN ,2,2,636,0,0,0,0,0,0,0,0,0,2,2,636,0,0,0,0,0,0,0,0,0
202405,378,33460,2,Minneapolis-St. Paul-Bloomington  MN-WI ,900,900,337871,10,20,4188,3,9,1050,13,372,67585,806,806,302314,9,18,3830,3,9,1050,6,275,47297
202405,378,36940,5,Owatonna  MN ,0,0,0,0,0,0,0,0,0,0,0,0,0,0,0,0,0,0,0,0,0,0,0,0
202405,378,39860,5,Red Wing  MN ,12,12,3905,2,4,540,0,0,0,0,0,0,12,12,3905,2,4,540,0,0,0,0,0,0
202405,378,41060,2,St. Cloud  MN ,42,42,15232,3,6,825,0,0,0,1,8,1290,35,35,13201,3,6,825,0,0,0,0,0,0
202405,380,19300,2,Daphne-Fairhope-Foley  AL ,326,326,107338,0,0,0,0,0,0,5,186,33694,193,193,79749,0,0,0,0,0,0,2,146,27892
202405,380,33660,2,Mobile  AL ,141,141,31633,0,0,0,0,0,0,0,0,0,135,135,30603,0,0,0,0,0,0,0,0,0
202405,384,33740,2,Monroe  LA ,94,94,14120,0,0,0,0,0,0,0,0,0,74,74,8755,0,0,0,0,0,0,0,0,0
202405,384,40820,5,Ruston  LA ,10,10,2643,0,0,0,1,3,300,0,0,0,2,2,320,0,0,0,1,3,300,0,0,0
202405,388,33860,2,Montgomery  AL ,73,73,18377,0,0,0,0,0,0,1,7,1139,45,45,12464,0,0,0,0,0,0,0,0,0
202405,388,42820,5,Selma  AL ,1,1,125,0,0,0,0,0,0,0,0,0,0,0,0,0,0,0,0,0,0,0,0,0
202405,393,34180,5,Moses Lake  WA ,30,30,9437,2,4,1008,0,0,0,0,0,0,14,14,5952,1,2,547,0,0,0,0,0,0
202405,393,36830,5,Othello  WA ,5,5,956,0,0,0,0,0,0,0,0,0,0,0,0,0,0,0,0,0,0,0,0,0
202405,394,10940,5,Alma  MI ,4,4,1126,0,0,0,0,0,0,0,0,0,0,0,0,0,0,0,0,0,0,0,0,0
202405,394,34380,5,Mount Pleasant  MI ,6,6,551,0,0,0,0,0,0,0,0,0,6,6,551,0,0,0,0,0,0,0,0,0
202405,396,34680,5,Murrells Inlet  SC ,29,29,15468,0,0,0,0,0,0,1,5,557,0,0,0,0,0,0,0,0,0,0,0,0
202405,396,34820,2,Myrtle Beach-Conway-North Myrtle Beach  SC ,813,813,155397,1,2,225,0,0,0,1,5,250,812,812,155012,1,2,225,0,0,0,0,0,0
202405,400,29980,5,Lawrenceburg  TN ,1,1,209,0,0,0,0,0,0,0,0,0,0,0,0,0,0,0,0,0,0,0,0,0
202405,400,30280,5,Lewisburg  TN ,28,28,7521,0,0,0,0,0,0,1,5,511,0,0,0,0,0,0,0,0,0,0,0,0
202405,400,34980,2,Nashville-Davidson--Murfreesboro--Franklin  TN ,1462,1462,481609,7,14,2490,1,3,167,24,866,75653,1213,1213,427354,7,14,2490,0,0,0,21,847,73952
202405,400,43180,5,Shelbyville  TN ,48,48,13260,0,0,0,0,0,0,0,0,0,32,32,8912,0,0,0,0,0,0,0,0,0
202405,400,46100,5,Tullahoma-Manchester  TN ,26,26,7234,0,0,0,1,4,453,0,0,0,3,3,923,0,0,0,1,4,453,0,0,0
202405,400,49010,5,Winchester  TN ,34,34,9780,0,0,0,6,24,6903,1,5,380,19,19,6014,0,0,0,6,24,6903,1,5,380
202405,404,33980,5,Morehead City  NC ,46,46,22565,4,8,2000,0,0,0,3,60,7417,46,46,22565,4,8,2000,0,0,0,3,60,7417
202405,404,35100,5,New Bern  NC ,45,45,9856,0,0,0,0,0,0,0,0,0,28,28,6625,0,0,0,0,0,0,0,0,0
202405,405,25540,2,Hartford-West Hartford-East Hartford  CT ,67,67,19212,0,0,0,3,12,2700,4,39,7472,37,37,11012,0,0,0,3,12,2700,1,6,1282
202405,405,35300,2,New Haven  CT ,15,15,5300,3,6,1384,3,10,2154,3,42,3246,5,5,2859,1,2,577,0,0,0,0,0,0
202405,405,35980,2,Norwich-New London-Willimantic  CT ,16,16,7035,1,2,315,0,0,0,0,0,0,10,10,5317,0,0,0,0,0,0,0,0,0
202405,405,39480,5,Putnam  CT ,12,12,2933,0,0,0,0,0,0,0,0,0,10,10,2518,0,0,0,0,0,0,0,0,0
202405,405,45860,5,Torrington  CT ,13,13,5616,0,0,0,0,0,0,0,0,0,12,12,5253,0,0,0,0,0,0,0,0,0
202405,405,47930,2,Waterbury-Shelton  CT ,32,32,6240,0,0,0,1,3,285,1,11,752,14,14,2464,0,0,0,0,0,0,0,0,0
202405,406,14220,5,Bogalusa  LA ,0,0,0,0,0,0,0,0,0,0,0,0,0,0,0,0,0,0,0,0,0,0,0,0
202405,406,35380,2,New Orleans-Metairie  LA ,83,83,24992,16,32,4389,2,6,388,2,17,2039,59,59,18907,15,30,4044,2,6,388,2,17,2039
202405,406,38100,5,Picayune  MS ,29,29,5227,1,2,278,0,0,0,0,0,0,25,25,4416,0,0,0,0,0,0,0,0,0
202405,406,43640,2,Slidell-Mandeville-Covington  LA ,103,103,27743,0,0,0,0,0,0,0,0,0,101,101,27276,0,0,0,0,0,0,0,0,0
202405,408,14860,2,Bridgeport-Stamford-Danbury  CT ,45,45,38843,1,2,625,0,0,0,3,79,21020,34,34,32111,1,2,625,0,0,0,2,74,20270
202405,408,25770,5,Hemlock Farms  PA ,25,25,8725,0,0,0,0,0,0,0,0,0,13,13,4747,0,0,0,0,0,0,0,0,0
202405,408,28740,2,Kingston  NY ,23,23,8811,0,0,0,0,0,0,0,0,0,11,11,4753,0,0,0,0,0,0,0,0,0
202405,408,28880,2,Kiryas Joel-Poughkeepsie-Newburgh  NY ,69,69,29061,3,6,1037,1,3,1554,11,186,35027,25,25,7501,0,0,0,0,0,0,7,149,29195
202405,408,33910,5,Monticello  NY ,31,31,8738,6,12,1362,1,3,347,0,0,0,3,3,1020,0,0,0,0,0,0,0,0,0
202405,408,35620,2,New York-Newark-Jersey City  NY-NJ ,1078,1078,345379,185,370,40236,34,107,13595,91,1775,248162,698,698,203947,152,304,32707,21,67,9300,30,1140,167295
202405,408,45940,2,Trenton-Princeton  NJ ,77,77,13433,1,2,368,0,0,0,4,97,13580,73,73,13064,0,0,0,0,0,0,4,97,13580
202405,412,11580,5,Arcadia  FL ,1,1,2155,0,0,0,0,0,0,0,0,0,1,1,2155,0,0,0,0,0,0,0,0,0
202405,412,35840,2,North Port-Bradenton-Sarasota  FL ,1270,1270,379636,8,16,720,1,4,320,7,498,267113,1270,1270,379636,8,16,720,1,4,320,7,498,267113
202405,412,39460,2,Punta Gorda  FL ,401,401,120390,7,14,2585,3,12,3250,2,17,1895,394,394,116011,6,12,2224,3,12,3250,1,12,996
202405,416,36420,2,Oklahoma City  OK ,528,528,164838,26,52,9525,5,18,2551,2,18,1459,153,153,65965,13,26,6442,0,0,0,0,0,0
202405,416,43060,5,Shawnee  OK ,14,14,2839,0,0,0,0,0,0,0,0,0,0,0,0,0,0,0,0,0,0,0,0,0
202405,420,23340,5,Fremont  NE ,3,3,936,0,0,0,0,0,0,0,0,0,1,1,420,0,0,0,0,0,0,0,0,0
202405,420,36540,2,Omaha  NE-IA ,254,254,62756,7,14,672,2,7,1527,12,621,37905,192,192,46034,7,14,672,2,7,1527,11,616,37322
202405,422,19660,2,Deltona-Daytona Beach-Ormond Beach  FL ,508,508,198277,7,14,3330,0,0,0,5,29,6856,438,438,174324,6,12,2814,0,0,0,5,29,6856
202405,422,29460,2,Lakeland-Winter Haven  FL ,955,955,306483,7,14,2528,0,0,0,6,109,6176,870,870,285632,6,12,2392,0,0,0,4,84,3311
202405,422,36740,2,Orlando-Kissimmee-Sanford  FL ,1626,1626,498715,2,4,667,1,4,933,8,748,66647,1391,1391,419071,1,2,272,1,4,933,5,677,55392
202405,422,48680,2,Wildwood-The Villages  FL ,336,336,81944,0,0,0,0,0,0,0,0,0,0,0,0,0,0,0,0,0,0,0,0,0
202405,424,32460,5,Mayfield  KY ,0,0,0,0,0,0,0,0,0,0,0,0,0,0,0,0,0,0,0,0,0,0,0,0
202405,424,37140,2,Paducah  KY-IL ,6,6,757,1,2,781,0,0,0,0,0,0,6,6,757,1,2,781,0,0,0,0,0,0
202405,425,31930,5,Marietta  OH ,0,0,0,0,0,0,0,0,0,0,0,0,0,0,0,0,0,0,0,0,0,0,0,0
202405,425,37620,2,Parkersburg-Vienna  WV ,16,16,3575,0,0,0,0,0,0,0,0,0,14,14,3271,0,0,0,0,0,0,0,0,0
202405,427,15900,5,Canton  IL ,2,2,445,0,0,0,0,0,0,0,0,0,1,1,350,0,0,0,0,0,0,0,0,0
202405,427,37900,2,Peoria  IL ,18,18,6518,0,0,0,0,0,0,0,0,0,10,10,4024,0,0,0,0,0,0,0,0,0
202405,428,12100,2,Atlantic City-Hammonton  NJ ,80,80,34753,4,8,1669,1,4,69,0,0,0,68,68,31331,3,6,1390,1,4,69,0,0,0
202405,428,20100,2,Dover  DE ,118,118,18122,1,2,357,0,0,0,0,0,0,113,113,16721,1,2,357,0,0,0,0,0,0
202405,428,37980,2,Philadelphia-Camden-Wilmington  PA-NJ-DE-MD ,716,716,171601,7,14,1921,22,75,9679,23,639,103379,439,439,100658,6,12,1789,16,56,7867,16,601,100174
202405,428,39740,2,Reading  PA ,21,21,5800,0,0,0,0,0,0,0,0,0,6,6,1355,0,0,0,0,0,0,0,0,0
202405,428,47220,2,Vineland  NJ ,7,7,901,0,0,0,0,0,0,0,0,0,5,5,663,0,0,0,0,0,0,0,0,0
202405,429,37740,5,Payson  AZ ,21,21,6812,1,2,198,0,0,0,0,0,0,12,12,3936,1,2,198,0,0,0,0,0,0
202405,429,38060,2,Phoenix-Mesa-Chandler  AZ ,2740,2740,790509,111,222,31613,3,10,2433,17,235,41358,2279,2279,665782,103,206,29595,3,10,2433,13,132,22833
202405,430,25850,5,Hermitage  PA ,6,6,1684,0,0,0,0,0,0,0,0,0,3,3,784,0,0,0,0,0,0,0,0,0
202405,430,26860,5,Indiana  PA ,5,5,1696,0,0,0,0,0,0,0,0,0,4,4,1421,0,0,0,0,0,0,0,0,0
202405,430,38300,2,Pittsburgh  PA ,327,327,109114,2,4,837,5,18,3364,3,125,12449,171,171,62049,2,4,837,2,8,1691,0,0,0
202405,430,48260,2,Weirton-Steubenville  WV-OH ,1,1,349,0,0,0,0,0,0,0,0,0,0,0,0,0,0,0,0,0,0,0,0,0
202405,438,30340,2,Lewiston-Auburn  ME ,30,30,6722,1,2,341,0,0,0,0,0,0,16,16,3205,0,0,0,0,0,0,0,0,0
202405,438,38860,2,Portland-South Portland  ME ,187,187,62999,7,14,2559,5,19,12973,11,113,16202,87,87,33721,5,10,1989,4,16,12552,8,96,14839
202405,440,10540,2,Albany  OR ,8,8,3328,5,10,2277,0,0,0,1,5,819,6,6,2534,5,10,2277,0,0,0,0,0,0
202405,440,18700,2,Corvallis  OR ,21,21,5360,1,2,502,0,0,0,0,0,0,17,17,3588,1,2,502,0,0,0,0,0,0
202405,440,31020,2,Longview-Kelso  WA ,30,30,9360,1,2,325,0,0,0,0,0,0,24,24,7821,0,0,0,0,0,0,0,0,0
202405,440,38900,2,Portland-Vancouver-Hillsboro  OR-WA ,661,661,271286,1,2,384,2,6,1032,13,365,65427,539,539,199965,1,2,384,2,6,1032,12,350,63385
202405,440,41420,2,Salem  OR ,75,75,28071,4,8,1991,6,24,5560,12,84,17334,57,57,22588,1,2,585,6,24,5560,8,51,12516
202405,444,15860,5,Cañon City  CO ,14,14,3429,0,0,0,0,0,0,0,0,0,13,13,3013,0,0,0,0,0,0,0,0,0
202405,444,39380,2,Pueblo  CO ,25,25,4247,0,0,0,0,0,0,0,0,0,25,25,4247,0,0,0,0,0,0,0,0,0
202405,446,34140,5,Moscow  ID ,12,12,3746,0,0,0,0,0,0,0,0,0,12,12,3746,0,0,0,0,0,0,0,0,0
202405,446,39420,5,Pullman  WA ,5,5,1324,0,0,0,0,0,0,0,0,0,3,3,1011,0,0,0,0,0,0,0,0,0
202405,448,25300,5,Hannibal  MO ,4,4,1074,0,0,0,0,0,0,0,0,0,3,3,1005,0,0,0,0,0,0,0,0,0
202405,448,39500,5,Quincy  IL-MO ,5,5,1096,0,0,0,0,0,0,0,0,0,0,0,0,0,0,0,0,0,0,0,0,0
202405,450,11360,5,Anderson Creek  NC ,109,109,16247,0,0,0,0,0,0,0,0,0,0,0,0,0,0,0,0,0,0,0,0,0
202405,450,20500,2,Durham-Chapel Hill  NC ,254,254,94829,4,8,1156,0,0,0,6,215,37306,58,58,33127,0,0,0,0,0,0,0,0,0
202405,450,25780,5,Henderson  NC ,7,7,2377,0,0,0,0,0,0,0,0,0,0,0,0,0,0,0,0,0,0,0,0,0
202405,450,39580,2,Raleigh-Cary  NC ,1422,1422,357746,2,4,621,0,0,0,3,36,5172,1396,1396,350673,2,4,621,0,0,0,3,36,5172
202405,450,41820,5,Sanford  NC ,76,76,15320,0,0,0,0,0,0,0,0,0,76,76,15320,0,0,0,0,0,0,0,0,0
202405,452,39660,2,Rapid City  SD ,84,84,27814,2,4,651,0,0,0,2,20,2860,81,81,26763,2,4,651,0,0,0,2,20,2860
202405,452,43940,5,Spearfish  SD ,21,21,8725,1,2,223,1,3,456,1,10,1661,11,11,4707,0,0,0,0,0,0,0,0,0
202405,454,39780,5,Red Bluff  CA ,15,15,2731,0,0,0,0,0,0,0,0,0,0,0,0,0,0,0,0,0,0,0,0,0
202405,454,39820,2,Redding  CA ,16,16,4934,0,0,0,0,0,0,0,0,0,4,4,1623,0,0,0,0,0,0,0,0,0
202405,456,16180,2,Carson City  NV ,28,28,10692,0,0,0,0,0,0,2,66,9671,28,28,10692,0,0,0,0,0,0,2,66,9671
202405,456,21980,5,Fallon  NV ,2,2,546,0,0,0,0,0,0,0,0,0,1,1,272,0,0,0,0,0,0,0,0,0
202405,456,23820,5,Gardnerville Ranchos  NV-CA ,39,39,13587,0,0,0,0,0,0,0,0,0,39,39,13587,0,0,0,0,0,0,0,0,0
202405,456,39900,2,Reno  NV ,238,238,65364,9,18,2486,1,4,528,7,121,15376,61,61,15744,6,12,1858,0,0,0,0,0,0
202405,458,18220,5,Connersville  IN ,1,1,243,0,0,0,0,0,0,0,0,0,0,0,0,0,0,0,0,0,0,0,0,0
202405,458,39980,5,Richmond  IN ,4,4,1038,0,0,0,0,0,0,0,0,0,4,4,1038,0,0,0,0,0,0,0,0,0
202405,462,12380,5,Austin  MN ,3,3,717,0,0,0,0,0,0,0,0,0,0,0,0,0,0,0,0,0,0,0,0,0
202405,462,40340,2,Rochester  MN ,54,54,17730,1,2,351,0,0,0,0,0,0,32,32,12116,1,2,351,0,0,0,0,0,0
202405,462,49100,5,Winona  MN ,7,7,1501,0,0,0,0,0,0,0,0,0,5,5,1084,0,0,0,0,0,0,0,0,0
202405,464,12860,5,Batavia  NY ,3,3,450,0,0,0,0,0,0,0,0,0,0,0,0,0,0,0,0,0,0,0,0,0
202405,464,40380,2,Rochester  NY ,102,102,42295,1,2,42,0,0,0,4,29,3471,67,67,30475,1,2,42,0,0,0,2,19,2177
202405,464,42900,5,Seneca Falls  NY ,2,2,560,0,0,0,0,0,0,0,0,0,2,2,560,0,0,0,0,0,0,0,0,0
202405,466,23300,5,Freeport  IL ,0,0,0,0,0,0,0,0,0,0,0,0,0,0,0,0,0,0,0,0,0,0,0,0
202405,466,40300,5,Rochelle  IL ,6,6,1292,0,0,0,0,0,0,1,7,202,5,5,1062,0,0,0,0,0,0,0,0,0
202405,466,40420,2,Rockford  IL ,22,22,4899,0,0,0,2,6,924,0,0,0,20,20,4686,0,0,0,2,6,924,0,0,0
202405,468,40260,5,Roanoke Rapids  NC ,8,8,3150,0,0,0,0,0,0,0,0,0,3,3,1364,0,0,0,0,0,0,0,0,0
202405,468,40580,2,Rocky Mount  NC ,57,57,11839,0,0,0,0,0,0,0,0,0,3,3,502,0,0,0,0,0,0,0,0,0
202405,468,48980,5,Wilson  NC ,41,41,11309,0,0,0,0,0,0,0,0,0,41,41,11309,0,0,0,0,0,0,0,0,0
202405,472,40900,2,Sacramento-Roseville-Folsom  CA ,915,915,292161,10,20,4673,0,0,0,1,52,10899,898,898,287083,10,20,4673,0,0,0,1,52,10899
202405,472,46020,5,Truckee-Grass Valley  CA ,20,20,10146,0,0,0,0,0,0,0,0,0,20,20,10146,0,0,0,0,0,0,0,0,0
202405,472,49700,2,Yuba City  CA ,74,74,27293,0,0,0,0,0,0,0,0,0,69,69,25097,0,0,0,0,0,0,0,0,0
202405,474,13020,2,Bay City  MI ,8,8,2339,0,0,0,0,0,0,0,0,0,4,4,1382,0,0,0,0,0,0,0,0,0
202405,474,33220,2,Midland  MI ,13,13,3679,2,4,463,0,0,0,0,0,0,5,5,1227,2,4,463,0,0,0,0,0,0
202405,474,40980,2,Saginaw  MI ,14,14,3704,1,2,328,0,0,0,0,0,0,9,9,2228,1,2,328,0,0,0,0,0,0
202405,476,16460,5,Centralia  IL ,0,0,0,0,0,0,0,0,0,0,0,0,0,0,0,0,0,0,0,0,0,0,0,0
202405,476,22100,5,Farmington  MO ,3,3,619,1,2,219,0,0,0,2,33,3117,1,1,125,0,0,0,0,0,0,0,0,0
202405,476,41180,2,St. Louis  MO-IL ,488,488,175803,2,4,901,0,0,0,10,96,12294,307,307,99313,0,0,0,0,0,0,0,0,0
202405,480,36180,5,Ocean Pines  MD ,24,24,7375,0,0,0,0,0,0,0,0,0,24,24,7375,0,0,0,0,0,0,0,0,0
202405,480,41540,2,Salisbury  MD ,13,13,2473,0,0,0,0,0,0,2,10,1267,11,11,2160,0,0,0,0,0,0,2,10,1267
202405,482,14940,5,Brigham City  UT-ID ,28,28,11102,0,0,0,0,0,0,0,0,0,15,15,7242,0,0,0,0,0,0,0,0,0
202405,482,25720,5,Heber  UT ,151,151,100633,0,0,0,0,0,0,0,0,0,151,151,100633,0,0,0,0,0,0,0,0,0
202405,482,36260,2,Ogden  UT ,210,210,75028,4,8,1582,6,22,4356,5,44,7506,185,185,69169,4,8,1582,4,16,3225,3,16,3446
202405,482,39340,2,Provo-Orem-Lehi  UT ,521,521,180340,0,0,0,3,11,2729,6,45,8140,513,513,174086,0,0,0,3,11,2729,6,45,8140
202405,482,41620,2,Salt Lake City-Murray  UT ,299,299,98087,2,4,727,7,24,5662,7,136,11088,290,290,93619,1,2,316,6,20,5077,7,136,11088
202405,484,23240,5,Fredericksburg  TX ,7,7,1461,0,0,0,0,0,0,0,0,0,0,0,0,0,0,0,0,0,0,0,0,0
202405,484,28500,5,Kerrville  TX ,13,13,3623,0,0,0,0,0,0,1,6,614,0,0,0,0,0,0,0,0,0,0,0,0
202405,484,41700,2,San Antonio-New Braunfels  TX ,1265,1265,353170,0,0,0,0,0,0,5,341,52411,1147,1147,326582,0,0,0,0,0,0,4,331,51183
202405,488,32900,2,Merced  CA ,66,66,20561,0,0,0,0,0,0,0,0,0,48,48,15024,0,0,0,0,0,0,0,0,0
202405,488,33700,2,Modesto  CA ,99,99,20820,0,0,0,0,0,0,0,0,0,76,76,15556,0,0,0,0,0,0,0,0,0
202405,488,34900,2,Napa  CA ,11,11,8968,0,0,0,0,0,0,0,0,0,11,11,8968,0,0,0,0,0,0,0,0,0
202405,488,41860,2,San Francisco-Oakland-Fremont  CA ,321,321,143951,5,10,4962,1,4,859,9,232,94652,274,274,121538,4,8,4655,1,4,859,4,174,80618
202405,488,41940,2,San Jose-Sunnyvale-Santa Clara  CA ,231,231,86875,0,0,0,0,0,0,10,780,97467,215,215,74507,0,0,0,0,0,0,10,780,97467
202405,488,42100,2,Santa Cruz-Watsonville  CA ,14,14,2839,1,2,441,1,3,992,1,5,386,8,8,1849,1,2,441,0,0,0,0,0,0
202405,488,44700,2,Stockton-Lodi  CA ,354,354,143619,0,0,0,0,0,0,0,0,0,324,324,135171,0,0,0,0,0,0,0,0,0
202405,488,46700,2,Vallejo  CA ,136,136,44576,0,0,0,0,0,0,0,0,0,135,135,44290,0,0,0,0,0,0,0,0,0
202405,496,25980,2,Hinesville  GA ,48,48,12373,0,0,0,0,0,0,0,0,0,20,20,5713,0,0,0,0,0,0,0,0,0
202405,496,27700,5,Jesup  GA ,12,12,2536,2,4,396,0,0,0,0,0,0,1,1,225,2,4,396,0,0,0,0,0,0
202405,496,42340,2,Savannah  GA ,290,290,65836,1,2,575,0,0,0,2,10,1407,171,171,35958,0,0,0,0,0,0,1,5,700
202405,496,44340,5,Statesboro  GA ,88,88,17987,16,32,2640,0,0,0,0,0,0,85,85,17426,16,32,2640,0,0,0,0,0,0
202405,500,14740,2,Bremerton-Silverdale-Port Orchard  WA ,55,55,22999,2,4,642,0,0,0,0,0,0,55,55,22999,2,4,642,0,0,0,0,0,0
202405,500,16500,5,Centralia  WA ,16,16,3773,2,4,411,2,7,933,0,0,0,16,16,3773,2,4,411,2,7,933,0,0,0
202405,500,34580,2,Mount Vernon-Anacortes  WA ,25,25,7478,0,0,0,0,0,0,2,28,2498,25,25,7478,0,0,0,0,0,0,1,15,1285
202405,500,36020,5,Oak Harbor  WA ,22,22,8183,1,2,700,0,0,0,0,0,0,2,2,1467,1,2,700,0,0,0,0,0,0
202405,500,36500,2,Olympia-Lacey-Tumwater  WA ,76,76,20440,0,0,0,1,3,736,1,11,699,65,65,17947,0,0,0,0,0,0,0,0,0
202405,500,42660,2,Seattle-Tacoma-Bellevue  WA ,535,535,223903,33,66,18695,17,58,13021,33,962,186891,471,471,187680,33,66,18695,17,58,13021,31,935,182363
202405,500,43220,5,Shelton  WA ,28,28,10017,0,0,0,0,0,0,0,0,0,28,28,10017,0,0,0,0,0,0,0,0,0
202405,508,33380,5,Minden  LA ,3,3,827,0,0,0,0,0,0,0,0,0,0,0,0,0,0,0,0,0,0,0,0,0
202405,508,43340,2,Shreveport-Bossier City  LA ,89,89,18488,0,0,0,0,0,0,0,0,0,71,71,13790,0,0,0,0,0,0,0,0,0
202405,512,30180,5,Le Mars  IA ,3,3,2004,0,0,0,0,0,0,0,0,0,2,2,1500,0,0,0,0,0,0,0,0,0
202405,512,43580,2,Sioux City  IA-NE-SD ,20,20,6186,1,2,123,0,0,0,0,0,0,8,8,2765,0,0,0,0,0,0,0,0,0
202405,515,21140,2,Elkhart-Goshen  IN ,35,35,12158,0,0,0,0,0,0,0,0,0,34,34,11872,0,0,0,0,0,0,0,0,0
202405,515,35660,2,Niles  MI ,27,27,10800,0,0,0,0,0,0,1,5,885,16,16,7547,0,0,0,0,0,0,0,0,0
202405,515,38500,5,Plymouth  IN ,12,12,3703,0,0,0,0,0,0,0,0,0,9,9,2457,0,0,0,0,0,0,0,0,0
202405,515,43780,2,South Bend-Mishawaka  IN-MI ,32,32,14554,1,2,80,0,0,0,0,0,0,24,24,9982,1,2,80,0,0,0,0,0,0
202405,515,47700,5,Warsaw  IN ,26,26,8715,0,0,0,0,0,0,0,0,0,0,0,0,0,0,0,0,0,0,0,0,0
202405,517,43980,5,Spencer  IA ,0,0,0,0,0,0,0,0,0,0,0,0,0,0,0,0,0,0,0,0,0,0,0,0
202405,517,44020,5,Spirit Lake  IA ,24,24,6794,0,0,0,3,9,1710,0,0,0,3,3,1820,0,0,0,3,9,1710,0,0,0
202405,518,17660,2,Coeur dAlene  ID ,146,146,52753,1,2,500,2,6,1922,1,9,976,118,118,44690,1,2,500,1,3,665,0,0,0
202405,518,44060,2,Spokane-Spokane Valley  WA ,166,166,52053,5,10,2207,0,0,0,5,97,10076,92,92,32276,3,6,1511,0,0,0,4,78,9013
202405,521,11200,2,Amherst Town-Northampton  MA ,17,17,7637,1,2,302,0,0,0,1,5,630,10,10,4334,0,0,0,0,0,0,0,0,0
202405,521,24640,5,Greenfield  MA ,8,8,2730,1,2,355,0,0,0,0,0,0,3,3,954,1,2,355,0,0,0,0,0,0
202405,521,44140,2,Springfield  MA ,28,28,9230,3,6,1444,0,0,0,0,0,0,14,14,5309,2,4,1260,0,0,0,0,0,0
202405,522,27300,5,Jacksonville  IL ,0,0,0,0,0,0,0,0,0,0,0,0,0,0,0,0,0,0,0,0,0,0,0,0
202405,522,30660,5,Lincoln  IL ,1,1,170,0,0,0,0,0,0,0,0,0,0,0,0,0,0,0,0,0,0,0,0,0
202405,522,44100,2,Springfield  IL ,15,15,5879,1,2,303,0,0,0,1,5,707,3,3,1792,0,0,0,0,0,0,0,0,0
202405,522,45380,5,Taylorville  IL ,1,1,214,0,0,0,0,0,0,0,0,0,0,0,0,0,0,0,0,0,0,0,0,0
202405,523,18060,5,Columbus  MS ,9,9,1068,0,0,0,0,0,0,0,0,0,9,9,1068,0,0,0,0,0,0,0,0,0
202405,523,44260,5,Starkville  MS ,3,3,1127,0,0,0,0,0,0,0,0,0,2,2,841,0,0,0,0,0,0,0,0,0
202405,524,20180,5,DuBois  PA ,5,5,1627,0,0,0,0,0,0,0,0,0,0,0,0,0,0,0,0,0,0,0,0,0
202405,524,44300,2,State College  PA ,25,25,7957,2,4,483,5,20,3141,1,5,1125,19,19,6014,2,4,483,5,20,3141,1,5,1125
202405,532,12180,5,Auburn  NY ,5,5,1101,1,2,175,0,0,0,1,5,735,0,0,0,0,0,0,0,0,0,0,0,0
202405,532,45060,2,Syracuse  NY ,65,65,17806,0,0,0,0,0,0,1,5,1170,47,47,13468,0,0,0,0,0,0,0,0,0
202405,533,12460,5,Bainbridge  GA ,8,8,1582,0,0,0,0,0,0,1,5,438,0,0,0,0,0,0,0,0,0,0,0,0
202405,533,45220,2,Tallahassee  FL ,136,136,26802,1,2,222,0,0,0,3,75,9595,56,56,10442,0,0,0,0,0,0,0,0,0
202405,536,35700,5,Nogales  AZ ,36,36,9709,0,0,0,0,0,0,0,0,0,36,36,9709,0,0,0,0,0,0,0,0,0
202405,536,46060,2,Tucson  AZ ,375,375,127908,4,8,1344,0,0,0,6,82,12568,193,193,69147,1,2,330,0,0,0,0,0,0
202405,538,12780,5,Bartlesville  OK ,2,2,968,0,0,0,0,0,0,0,0,0,0,0,0,0,0,0,0,0,0,0,0,0
202405,538,34780,5,Muskogee  OK ,10,10,2561,0,0,0,0,0,0,0,0,0,5,5,1438,0,0,0,0,0,0,0,0,0
202405,538,46140,2,Tulsa  OK ,313,313,80086,3,6,741,0,0,0,2,105,17546,268,268,67501,3,6,741,0,0,0,1,100,17162
202405,539,18420,5,Corinth  MS ,1,1,325,0,0,0,0,0,0,0,0,0,1,1,325,0,0,0,0,0,0,0,0,0
202405,539,46180,5,Tupelo  MS ,14,14,3137,0,0,0,0,0,0,0,0,0,13,13,2797,0,0,0,0,0,0,0,0,0
202405,540,27380,5,Jacksonville  TX ,3,3,788,0,0,0,0,0,0,0,0,0,0,0,0,0,0,0,0,0,0,0,0,0
202405,540,46340,2,Tyler  TX ,39,39,11118,1,2,310,1,4,584,0,0,0,36,36,10353,1,2,310,1,4,584,0,0,0
202405,542,32280,5,Martin  TN ,11,11,2563,0,0,0,0,0,0,0,0,0,8,8,2119,0,0,0,0,0,0,0,0,0
202405,542,46460,5,Union City  TN ,3,3,316,0,0,0,0,0,0,0,0,0,2,2,150,0,0,0,0,0,0,0,0,0
202405,544,38920,5,Port Lavaca  TX ,8,8,2416,0,0,0,0,0,0,0,0,0,6,6,1843,0,0,0,0,0,0,0,0,0
202405,544,47020,2,Victoria  TX ,4,4,902,0,0,0,0,0,0,0,0,0,3,3,863,0,0,0,0,0,0,0,0,0
202405,545,21020,5,Elizabeth City  NC ,11,11,2951,0,0,0,0,0,0,0,0,0,5,5,1547,0,0,0,0,0,0,0,0,0
202405,545,28620,5,Kill Devil Hills  NC ,41,41,22997,0,0,0,0,0,0,0,0,0,12,12,8504,0,0,0,0,0,0,0,0,0
202405,545,47260,2,Virginia Beach-Chesapeake-Norfolk  VA-NC ,370,370,114889,0,0,0,0,0,0,2,55,2944,316,316,95614,0,0,0,0,0,0,2,55,2944
202405,548,12580,2,Baltimore-Columbia-Towson  MD ,321,321,88128,0,0,0,0,0,0,7,225,33669,147,147,42396,0,0,0,0,0,0,2,38,6644
202405,548,15700,5,Cambridge  MD ,8,8,1942,0,0,0,0,0,0,0,0,0,0,0,0,0,0,0,0,0,0,0,0,0
202405,548,16540,2,Chambersburg  PA ,65,65,20733,0,0,0,0,0,0,0,0,0,25,25,7403,0,0,0,0,0,0,0,0,0
202405,548,20660,5,Easton  MD ,14,14,8703,0,0,0,0,0,0,0,0,0,8,8,7204,0,0,0,0,0,0,0,0,0
202405,548,25180,2,Hagerstown-Martinsburg  MD-WV ,163,163,36761,1,2,310,0,0,0,0,0,0,157,157,35421,1,2,310,0,0,0,0,0,0
202405,548,29470,5,Lake of the Woods  VA ,42,42,7426,0,0,0,0,0,0,0,0,0,0,0,0,0,0,0,0,0,0,0,0,0
202405,548,30500,2,Lexington Park  MD ,39,39,10252,0,0,0,0,0,0,0,0,0,39,39,10252,0,0,0,0,0,0,0,0,0
202405,548,47900,2,Washington-Arlington-Alexandria  DC-VA-MD-WV ,1003,1003,295131,6,12,1863,2,7,801,15,1210,173120,958,958,275628,6,12,1863,2,7,801,12,1109,158697
202405,548,49020,2,Winchester  VA-WV ,121,121,27706,0,0,0,1,3,263,0,0,0,107,107,25009,0,0,0,0,0,0,0,0,0
202405,554,44620,5,Stevens Point-Plover  WI ,11,11,3068,1,2,297,0,0,0,0,0,0,8,8,2226,0,0,0,0,0,0,0,0,0
202405,554,48140,2,Wausau  WI ,17,17,5412,0,0,0,0,0,0,0,0,0,6,6,1555,0,0,0,0,0,0,0,0,0
202405,554,49220,5,Wisconsin Rapids-Marshfield  WI ,6,6,1853,0,0,0,0,0,0,0,0,0,1,1,30,0,0,0,0,0,0,0,0,0
202405,555,21120,5,Elk City  OK ,2,2,451,0,0,0,0,0,0,0,0,0,0,0,0,0,0,0,0,0,0,0,0,0
202405,555,48220,5,Weatherford  OK ,2,2,683,0,0,0,0,0,0,0,0,0,2,2,683,0,0,0,0,0,0,0,0,0
202405,556,11680,5,Arkansas City-Winfield  KS ,3,3,425,0,0,0,0,0,0,0,0,0,0,0,0,0,0,0,0,0,0,0,0,0
202405,556,48620,2,Wichita  KS ,128,128,45724,27,54,7802,0,0,0,2,240,41459,110,110,40867,23,46,6705,0,0,0,2,240,41459
202405,558,30820,5,Lock Haven  PA ,3,3,809,0,0,0,0,0,0,0,0,0,0,0,0,0,0,0,0,0,0,0,0,0
202405,558,48700,2,Williamsport  PA ,8,8,2520,0,0,0,0,0,0,0,0,0,0,0,0,0,0,0,0,0,0,0,0,0
202405,566,41400,5,Salem  OH ,1,1,395,0,0,0,1,3,450,0,0,0,1,1,395,0,0,0,0,0,0,0,0,0
202405,566,49660,2,Youngstown-Warren  OH ,26,26,6696,0,0,0,0,0,0,0,0,0,26,26,6696,0,0,0,0,0,0,0,0,0
202405,999,10100,5,Aberdeen  SD ,1,1,500,0,0,0,0,0,0,0,0,0,0,0,0,0,0,0,0,0,0,0,0,0
202405,999,10140,5,Aberdeen  WA ,27,27,7494,0,0,0,0,0,0,0,0,0,25,25,6903,0,0,0,0,0,0,0,0,0
202405,999,10220,5,Ada  OK ,2,2,499,0,0,0,0,0,0,0,0,0,0,0,0,0,0,0,0,0,0,0,0,0
202405,999,10460,5,Alamogordo  NM ,1,1,382,0,0,0,0,0,0,0,0,0,0,0,0,0,0,0,0,0,0,0,0,0
202405,999,10480,5,Alamosa  CO ,9,9,2636,0,0,0,0,0,0,0,0,0,2,2,589,0,0,0,0,0,0,0,0,0
202405,999,10500,4,Albany  GA ,18,18,2931,0,0,0,0,0,0,1,5,554,12,12,1224,0,0,0,0,0,0,0,0,0
202405,999,10660,5,Albert Lea  MN ,1,1,304,0,0,0,0,0,0,0,0,0,1,1,304,0,0,0,0,0,0,0,0,0
202405,999,10780,4,Alexandria  LA ,20,20,4917,0,0,0,0,0,0,0,0,0,0,0,0,0,0,0,0,0,0,0,0,0
202405,999,10820,5,Alexandria  MN ,23,23,8766,0,0,0,0,0,0,0,0,0,20,20,7856,0,0,0,0,0,0,0,0,0
202405,999,10980,5,Alpena  MI ,2,2,369,0,0,0,0,0,0,0,0,0,0,0,0,0,0,0,0,0,0,0,0,0
202405,999,11060,5,Altus  OK ,3,3,750,0,0,0,0,0,0,0,0,0,3,3,750,0,0,0,0,0,0,0,0,0
202405,999,11140,5,Americus  GA ,4,4,854,0,0,0,0,0,0,0,0,0,0,0,0,0,0,0,0,0,0,0,0,0
202405,999,11260,4,Anchorage  AK ,32,32,12370,1,2,413,0,0,0,1,5,778,2,2,639,0,0,0,0,0,0,0,0,0
202405,999,11500,4,Anniston-Oxford  AL ,13,13,1576,0,0,0,0,0,0,0,0,0,12,12,1236,0,0,0,0,0,0,0,0,0
202405,999,11620,5,Ardmore  OK ,3,3,460,0,0,0,0,0,0,0,0,0,2,2,255,0,0,0,0,0,0,0,0,0
202405,999,11660,5,Arkadelphia  AR ,0,0,0,0,0,0,0,0,0,0,0,0,0,0,0,0,0,0,0,0,0,0,0,0
202405,999,11820,5,Astoria  OR ,5,5,2053,0,0,0,0,0,0,0,0,0,3,3,1426,0,0,0,0,0,0,0,0,0
202405,999,12260,4,Augusta-Richmond County  GA-SC ,307,307,78491,0,0,0,1,3,364,1,60,7582,98,98,25088,0,0,0,1,3,364,1,60,7582
202405,999,12300,5,Augusta-Waterville  ME ,47,47,11267,2,4,775,0,0,0,0,0,0,20,20,4839,1,2,250,0,0,0,0,0,0
202405,999,12420,4,Austin-Round Rock-San Marcos  TX ,1775,1775,515953,14,28,3470,9,35,7834,10,731,144613,1326,1326,390661,11,22,2748,9,35,7834,6,661,140157
202405,999,12520,5,Baker City  OR ,3,3,720,0,0,0,0,0,0,0,0,0,3,3,720,0,0,0,0,0,0,0,0,0
202405,999,12540,4,Bakersfield-Delano  CA ,226,226,58356,2,4,201,0,0,0,1,5,630,77,77,15264,2,4,201,0,0,0,0,0,0
202405,999,12620,4,Bangor  ME ,44,44,8511,0,0,0,0,0,0,0,0,0,24,24,4401,0,0,0,0,0,0,0,0,0
202405,999,12900,5,Batesville  AR ,0,0,0,0,0,0,0,0,0,0,0,0,0,0,0,0,0,0,0,0,0,0,0,0
202405,999,13140,4,Beaumont-Port Arthur  TX ,67,67,18734,1,2,230,1,4,340,1,5,511,37,37,11802,0,0,0,1,4,340,0,0,0
202405,999,13220,4,Beckley  WV ,5,5,2757,0,0,0,0,0,0,0,0,0,5,5,2757,0,0,0,0,0,0,0,0,0
202405,999,13300,5,Beeville  TX ,2,2,361,0,0,0,0,0,0,0,0,0,0,0,0,0,0,0,0,0,0,0,0,0
202405,999,13380,4,Bellingham  WA ,51,51,15929,1,2,286,1,3,698,0,0,0,36,36,11687,1,2,286,0,0,0,0,0,0
202405,999,13420,5,Bemidji  MN ,6,6,1241,0,0,0,0,0,0,1,6,169,3,3,626,0,0,0,0,0,0,0,0,0
202405,999,13460,4,Bend  OR ,130,130,52987,4,8,2025,0,0,0,1,24,4800,130,130,52987,4,8,2025,0,0,0,1,24,4800
202405,999,13540,5,Bennington  VT ,3,3,1260,0,0,0,0,0,0,0,0,0,1,1,330,0,0,0,0,0,0,0,0,0
202405,999,13700,5,Big Spring  TX ,2,2,519,0,0,0,0,0,0,0,0,0,0,0,0,0,0,0,0,0,0,0,0,0
202405,999,13740,4,Billings  MT ,54,54,18241,5,10,1628,0,0,0,0,0,0,25,25,8007,5,10,1628,0,0,0,0,0,0
202405,999,13780,4,Binghamton  NY ,15,15,3339,0,0,0,0,0,0,3,16,1943,1,1,170,0,0,0,0,0,0,0,0,0
202405,999,13860,5,Bishop  CA ,2,2,394,0,0,0,0,0,0,0,0,0,0,0,0,0,0,0,0,0,0,0,0,0
202405,999,13900,4,Bismarck  ND ,33,33,12840,1,2,522,0,0,0,0,0,0,30,30,11798,1,2,522,0,0,0,0,0,0
202405,999,13980,4,Blacksburg-Christiansburg-Radford  VA ,30,30,9124,0,0,0,0,0,0,0,0,0,19,19,6472,0,0,0,0,0,0,0,0,0
202405,999,14140,5,Bluefield  WV-VA ,2,2,579,0,0,0,0,0,0,0,0,0,1,1,375,0,0,0,0,0,0,0,0,0
202405,999,14180,5,Blytheville  AR ,4,4,525,0,0,0,0,0,0,0,0,0,0,0,0,0,0,0,0,0,0,0,0,0
202405,999,14380,5,Boone  NC ,28,28,15876,2,4,820,0,0,0,1,8,2800,22,22,12569,2,4,820,0,0,0,1,8,2800
202405,999,14580,4,Bozeman  MT ,69,69,20948,5,10,2237,4,13,2159,3,42,4400,27,27,11092,1,2,750,1,4,597,0,0,0
202405,999,14620,5,Bradford  PA ,1,1,46,0,0,0,0,0,0,0,0,0,0,0,0,0,0,0,0,0,0,0,0,0
202405,999,14660,5,Brainerd  MN ,69,69,23549,0,0,0,0,0,0,0,0,0,55,55,18827,0,0,0,0,0,0,0,0,0
202405,999,14700,5,Branson  MO ,20,20,5302,0,0,0,0,0,0,1,5,375,12,12,3848,0,0,0,0,0,0,0,0,0
202405,999,14720,5,Breckenridge  CO ,22,22,14502,0,0,0,0,0,0,1,7,1192,6,6,4497,0,0,0,0,0,0,0,0,0
202405,999,15100,5,Brookings  SD ,33,33,7171,0,0,0,0,0,0,0,0,0,31,31,6734,0,0,0,0,0,0,0,0,0
202405,999,15220,5,Brownwood  TX ,15,15,4186,0,0,0,0,0,0,0,0,0,3,3,749,0,0,0,0,0,0,0,0,0
202405,999,15260,4,Brunswick-St.Simons  GA ,57,57,21439,3,6,642,1,4,759,1,5,600,12,12,2084,0,0,0,0,0,0,0,0,0
202405,999,15420,5,Burley  ID ,25,25,7112,0,0,0,2,6,731,0,0,0,12,12,4387,0,0,0,2,6,731,0,0,0
202405,999,15580,5,Butte-Silver Bow  MT ,6,6,833,1,2,159,0,0,0,0,0,0,0,0,0,0,0,0,0,0,0,0,0,0
202405,999,15620,5,Cadillac  MI ,14,14,3338,0,0,0,0,0,0,1,5,1565,7,7,1581,0,0,0,0,0,0,0,0,0
202405,999,15780,5,Camden  AR ,0,0,0,1,2,250,0,0,0,0,0,0,0,0,0,0,0,0,0,0,0,0,0,0
202405,999,15820,5,Campbellsville  KY ,1,1,317,0,0,0,0,0,0,0,0,0,0,0,0,0,0,0,0,0,0,0,0,0
202405,999,16100,5,Carlsbad-Artesia  NM ,16,16,5236,0,0,0,0,0,0,0,0,0,16,16,5236,0,0,0,0,0,0,0,0,0
202405,999,16140,5,Carroll  IA ,5,5,2028,0,0,0,0,0,0,0,0,0,2,2,917,0,0,0,0,0,0,0,0,0
202405,999,16220,4,Casper  WY ,18,18,2557,0,0,0,0,0,0,0,0,0,18,18,2557,0,0,0,0,0,0,0,0,0
202405,999,16260,5,Cedar City  UT ,60,60,16900,0,0,0,0,0,0,0,0,0,45,45,11170,0,0,0,0,0,0,0,0,0
202405,999,16660,5,Charleston-Mattoon  IL ,1,1,272,0,0,0,0,0,0,0,0,0,0,0,0,0,0,0,0,0,0,0,0,0
202405,999,16700,4,Charleston-North Charleston  SC ,567,567,200798,4,8,712,7,21,755,14,128,8928,228,228,115923,0,0,0,0,0,0,0,0,0
202405,999,16820,4,Charlottesville  VA ,96,96,33603,0,0,0,0,0,0,2,20,2299,29,29,8704,0,0,0,0,0,0,0,0,0
202405,999,16940,4,Cheyenne  WY ,23,23,5450,1,2,279,3,11,1285,1,5,540,15,15,3122,0,0,0,0,0,0,0,0,0
202405,999,17020,4,Chico  CA ,61,61,12159,0,0,0,0,0,0,0,0,0,37,37,7603,0,0,0,0,0,0,0,0,0
202405,999,17300,4,Clarksville  TN-KY ,130,130,31476,1,2,20,4,14,1680,19,129,11320,128,128,31289,1,2,20,4,14,1680,19,129,11320
202405,999,17340,5,Clearlake  CA ,4,4,1047,0,0,0,0,0,0,0,0,0,0,0,0,0,0,0,0,0,0,0,0,0
202405,999,17380,5,Cleveland  MS ,0,0,0,0,0,0,0,0,0,0,0,0,0,0,0,0,0,0,0,0,0,0,0,0
202405,999,17580,5,Clovis  NM ,7,7,2283,0,0,0,0,0,0,0,0,0,5,5,1977,0,0,0,0,0,0,0,0,0
202405,999,17650,5,Cody  WY ,20,20,6720,1,2,20,0,0,0,0,0,0,20,20,6720,1,2,20,0,0,0,0,0,0
202405,999,17740,5,Coldwater  MI ,3,3,929,0,0,0,0,0,0,0,0,0,0,0,0,0,0,0,0,0,0,0,0,0
202405,999,17780,4,College Station-Bryan  TX ,128,128,29144,2,4,715,0,0,0,0,0,0,126,126,28572,2,4,715,0,0,0,0,0,0
202405,999,17820,4,Colorado Springs  CO ,379,379,206567,7,14,3299,1,3,910,0,0,0,369,369,203514,7,14,3299,1,3,910,0,0,0
202405,999,18100,5,Columbus  NE ,9,9,3162,0,0,0,0,0,0,0,0,0,8,8,2859,0,0,0,0,0,0,0,0,0
202405,999,18260,5,Cookeville  TN ,86,86,19590,0,0,0,0,0,0,0,0,0,65,65,17346,0,0,0,0,0,0,0,0,0
202405,999,18300,5,Coos Bay-North Bend  OR ,0,0,0,0,0,0,0,0,0,0,0,0,0,0,0,0,0,0,0,0,0,0,0,0
202405,999,18380,5,Cordele  GA ,0,0,0,0,0,0,0,0,0,0,0,0,0,0,0,0,0,0,0,0,0,0,0,0
202405,999,18880,4,Crestview-Fort Walton Beach-Destin  FL ,285,285,170461,0,0,0,0,0,0,6,373,54987,252,252,162506,0,0,0,0,0,0,5,343,53115
202405,999,18900,5,Crossville  TN ,1,1,380,0,0,0,0,0,0,0,0,0,1,1,380,0,0,0,0,0,0,0,0,0
202405,999,19060,5,Cumberland  MD-WV ,8,8,2337,0,0,0,0,0,0,0,0,0,8,8,2337,0,0,0,0,0,0,0,0,0
202405,999,19220,5,Danville  KY ,18,18,4195,0,0,0,0,0,0,0,0,0,8,8,2421,0,0,0,0,0,0,0,0,0
202405,999,19260,5,Danville  VA ,7,7,1696,0,0,0,0,0,0,0,0,0,0,0,0,0,0,0,0,0,0,0,0,0
202405,999,19500,4,Decatur  IL ,9,9,3367,0,0,0,0,0,0,0,0,0,6,6,2647,0,0,0,0,0,0,0,0,0
202405,999,19580,5,Defiance  OH ,2,2,565,0,0,0,0,0,0,0,0,0,0,0,0,0,0,0,0,0,0,0,0,0
202405,999,19620,5,Del Rio  TX ,8,8,1972,0,0,0,0,0,0,0,0,0,3,3,908,0,0,0,0,0,0,0,0,0
202405,999,19700,5,Deming  NM ,1,1,204,0,0,0,0,0,0,0,0,0,0,0,0,0,0,0,0,0,0,0,0,0
202405,999,19810,5,Detroit Lakes  MN ,22,22,11835,0,0,0,0,0,0,0,0,0,19,19,11068,0,0,0,0,0,0,0,0,0
202405,999,19860,5,Dickinson  ND ,3,3,1477,0,0,0,0,0,0,0,0,0,2,2,770,0,0,0,0,0,0,0,0,0
202405,999,19980,5,Dodge City  KS ,17,17,3608,0,0,0,0,0,0,0,0,0,16,16,3485,0,0,0,0,0,0,0,0,0
202405,999,20060,5,Douglas  GA ,10,10,2045,0,0,0,0,0,0,0,0,0,4,4,1250,0,0,0,0,0,0,0,0,0
202405,999,20140,5,Dublin  GA ,3,3,534,0,0,0,0,0,0,0,0,0,0,0,0,0,0,0,0,0,0,0,0,0
202405,999,20220,4,Dubuque  IA ,8,8,4074,0,0,0,0,0,0,0,0,0,8,8,4074,0,0,0,0,0,0,0,0,0
202405,999,20300,5,Dumas  TX ,0,0,0,0,0,0,0,0,0,0,0,0,0,0,0,0,0,0,0,0,0,0,0,0
202405,999,20420,5,Durango  CO ,23,23,11211,1,2,284,0,0,0,1,8,1109,21,21,10782,0,0,0,0,0,0,0,0,0
202405,999,20540,5,Dyersburg  TN ,6,6,1069,0,0,0,0,0,0,0,0,0,6,6,1069,0,0,0,0,0,0,0,0,0
202405,999,20580,4,Eagle Pass  TX ,6,6,1870,1,2,301,0,0,0,0,0,0,0,0,0,0,0,0,0,0,0,0,0,0
202405,999,20820,5,Effingham  IL ,3,3,1667,0,0,0,0,0,0,0,0,0,2,2,1250,0,0,0,0,0,0,0,0,0
202405,999,20940,4,El Centro  CA ,17,17,2363,0,0,0,0,0,0,1,5,821,3,3,139,0,0,0,0,0,0,0,0,0
202405,999,20980,5,El Dorado  AR ,3,3,434,0,0,0,0,0,0,0,0,0,0,0,0,0,0,0,0,0,0,0,0,0
202405,999,21180,5,Elkins  WV ,1,1,303,0,0,0,0,0,0,0,0,0,1,1,303,0,0,0,0,0,0,0,0,0
202405,999,21220,5,Elko  NV ,7,7,2089,0,0,0,0,0,0,0,0,0,7,7,2089,0,0,0,0,0,0,0,0,0
202405,999,21260,5,Ellensburg  WA ,36,36,13297,4,8,1066,0,0,0,0,0,0,34,34,12700,4,8,1066,0,0,0,0,0,0
202405,999,21380,5,Emporia  KS ,2,2,361,0,0,0,0,0,0,0,0,0,0,0,0,0,0,0,0,0,0,0,0,0
202405,999,21420,4,Enid  OK ,0,0,0,0,0,0,0,0,0,0,0,0,0,0,0,0,0,0,0,0,0,0,0,0
202405,999,21540,5,Escanaba  MI ,3,3,776,0,0,0,0,0,0,0,0,0,0,0,0,0,0,0,0,0,0,0,0,0
202405,999,21640,5,Eufaula  AL-GA ,7,7,1732,0,0,0,0,0,0,0,0,0,6,6,1660,0,0,0,0,0,0,0,0,0
202405,999,21660,4,Eugene-Springfield  OR ,63,63,18486,1,2,496,0,0,0,0,0,0,23,23,7321,1,2,496,0,0,0,0,0,0
202405,999,21700,5,Eureka-Arcata  CA ,16,16,3900,1,2,400,0,0,0,1,5,250,9,9,2222,1,2,400,0,0,0,0,0,0
202405,999,21740,5,Evanston  WY-UT ,14,14,5398,1,2,200,0,0,0,0,0,0,7,7,2556,1,2,200,0,0,0,0,0,0
202405,999,21820,4,Fairbanks-College  AK ,3,3,817,0,0,0,0,0,0,0,0,0,0,0,0,0,0,0,0,0,0,0,0,0
202405,999,21860,5,Fairmont  MN ,1,1,300,0,0,0,0,0,0,0,0,0,1,1,300,0,0,0,0,0,0,0,0,0
202405,999,22140,4,Farmington  NM ,5,5,1567,0,0,0,0,0,0,0,0,0,5,5,1567,0,0,0,0,0,0,0,0,0
202405,999,22220,4,Fayetteville-Springdale-Rogers  AR ,471,471,137184,16,32,6822,0,0,0,2,21,1637,390,390,118843,16,32,6822,0,0,0,0,0,0
202405,999,22260,5,Fergus Falls  MN ,11,11,3140,2,4,78,0,0,0,1,5,833,4,4,1065,2,4,78,0,0,0,0,0,0
202405,999,22340,5,Fitzgerald  GA ,1,1,134,0,0,0,0,0,0,0,0,0,0,0,0,0,0,0,0,0,0,0,0,0
202405,999,22380,4,Flagstaff  AZ ,39,39,16709,0,0,0,0,0,0,2,40,6215,26,26,12114,0,0,0,0,0,0,2,40,6215
202405,999,22500,4,Florence  SC ,83,83,13943,1,2,172,1,3,201,2,40,5375,35,35,4685,0,0,0,0,0,0,2,40,5375
202405,999,22540,4,Fond du Lac  WI ,14,14,4348,0,0,0,0,0,0,0,0,0,3,3,882,0,0,0,0,0,0,0,0,0
202405,999,22580,5,Forest City  NC ,16,16,7800,0,0,0,0,0,0,0,0,0,16,16,7800,0,0,0,0,0,0,0,0,0
202405,999,22660,4,Fort Collins  CO ,146,146,65423,0,0,0,0,0,0,6,72,19450,146,146,65423,0,0,0,0,0,0,6,72,19450
202405,999,22700,5,Fort Dodge  IA ,2,2,429,0,0,0,0,0,0,0,0,0,0,0,0,0,0,0,0,0,0,0,0,0
202405,999,22780,5,Fort Leonard Wood  MO ,5,5,732,0,0,0,0,0,0,0,0,0,0,0,0,0,0,0,0,0,0,0,0,0
202405,999,22820,5,Fort Morgan  CO ,4,4,1211,0,0,0,1,4,316,0,0,0,1,1,344,0,0,0,0,0,0,0,0,0
202405,999,22900,4,Fort Smith  AR-OK ,30,30,6132,10,20,3684,1,3,255,0,0,0,23,23,5182,8,16,3291,0,0,0,0,0,0
202405,999,23460,4,Gadsden  AL ,8,8,1805,0,0,0,0,0,0,0,0,0,4,4,1244,0,0,0,0,0,0,0,0,0
202405,999,23660,5,Galesburg  IL ,0,0,0,0,0,0,0,0,0,0,0,0,0,0,0,0,0,0,0,0,0,0,0,0
202405,999,23680,5,Gallipolis  OH ,0,0,0,0,0,0,0,0,0,0,0,0,0,0,0,0,0,0,0,0,0,0,0,0
202405,999,23700,5,Gallup  NM ,0,0,0,0,0,0,0,0,0,0,0,0,0,0,0,0,0,0,0,0,0,0,0,0
202405,999,23780,5,Garden City  KS ,3,3,620,0,0,0,0,0,0,0,0,0,0,0,0,0,0,0,0,0,0,0,0,0
202405,999,23940,5,Gillette  WY ,2,2,600,0,0,0,0,0,0,0,0,0,2,2,600,0,0,0,0,0,0,0,0,0
202405,999,24140,4,Goldsboro  NC ,51,51,11932,0,0,0,0,0,0,0,0,0,35,35,7451,0,0,0,0,0,0,0,0,0
202405,999,24220,4,Grand Forks  ND-MN ,26,26,9644,0,0,0,0,0,0,0,0,0,25,25,9418,0,0,0,0,0,0,0,0,0
202405,999,24260,4,Grand Island  NE ,23,23,5686,1,2,267,9,27,4639,0,0,0,18,18,4443,0,0,0,9,27,4639,0,0,0
202405,999,24300,4,Grand Junction  CO ,62,62,11288,0,0,0,1,4,505,0,0,0,62,62,11288,0,0,0,1,4,505,0,0,0
202405,999,24460,5,Great Bend  KS ,0,0,0,0,0,0,0,0,0,0,0,0,0,0,0,0,0,0,0,0,0,0,0,0
202405,999,24500,4,Great Falls  MT ,12,12,4011,0,0,0,0,0,0,0,0,0,1,1,150,0,0,0,0,0,0,0,0,0
202405,999,24740,5,Greenville  MS ,2,2,468,0,0,0,0,0,0,0,0,0,0,0,0,0,0,0,0,0,0,0,0,0
202405,999,24900,5,Greenwood  MS ,1,1,388,0,0,0,0,0,0,0,0,0,0,0,0,0,0,0,0,0,0,0,0,0
202405,999,24980,5,Grenada  MS ,1,1,39,0,0,0,0,0,0,1,7,175,0,0,0,0,0,0,0,0,0,0,0,0
202405,999,25060,4,Gulfport-Biloxi  MS ,287,287,47464,0,0,0,0,0,0,0,0,0,141,141,35782,0,0,0,0,0,0,0,0,0
202405,999,25100,5,Guymon  OK ,0,0,0,0,0,0,0,0,0,0,0,0,0,0,0,0,0,0,0,0,0,0,0,0
202405,999,25200,5,Hailey  ID ,12,12,18845,1,2,250,0,0,0,2,12,7720,6,6,16223,0,0,0,0,0,0,1,7,6067
202405,999,25460,5,Harrison  AR ,1,1,102,0,0,0,0,0,0,2,72,8000,0,0,0,0,0,0,0,0,0,2,72,8000
202405,999,25580,5,Hastings  NE ,12,12,4161,0,0,0,0,0,0,0,0,0,11,11,3961,0,0,0,0,0,0,0,0,0
202405,999,25700,5,Hays  KS ,0,0,0,0,0,0,0,0,0,0,0,0,0,0,0,0,0,0,0,0,0,0,0,0
202405,999,25740,4,Helena  MT ,13,13,5063,1,2,774,2,6,1177,1,8,1246,1,1,416,0,0,0,0,0,0,0,0,0
202405,999,25820,5,Hereford  TX ,1,1,286,0,0,0,0,0,0,0,0,0,0,0,0,0,0,0,0,0,0,0,0,0
202405,999,25840,5,Hermiston-Pendleton  OR ,20,20,6447,1,2,469,0,0,0,0,0,0,3,3,1236,1,2,469,0,0,0,0,0,0
202405,999,25880,5,Hillsdale  MI ,6,6,1624,0,0,0,0,0,0,0,0,0,6,6,1624,0,0,0,0,0,0,0,0,0
202405,999,25900,5,Hilo-Kailua  HI ,109,109,37854,0,0,0,0,0,0,0,0,0,109,109,37854,0,0,0,0,0,0,0,0,0
202405,999,25940,4,Hilton Head Island-Bluffton-Port Royal  SC ,401,401,127779,0,0,0,0,0,0,1,5,450,331,331,93259,0,0,0,0,0,0,0,0,0
202405,999,26020,5,Hobbs  NM ,20,20,5620,0,0,0,0,0,0,0,0,0,0,0,0,0,0,0,0,0,0,0,0,0
202405,999,26140,4,Homosassa Springs  FL ,219,219,49680,0,0,0,0,0,0,0,0,0,1,1,298,0,0,0,0,0,0,0,0,0
202405,999,26220,5,Hood River  OR ,4,4,2435,1,2,706,0,0,0,0,0,0,4,4,2435,1,2,706,0,0,0,0,0,0
202405,999,26340,5,Houghton  MI ,12,12,3089,1,2,242,0,0,0,0,0,0,0,0,0,0,0,0,0,0,0,0,0,0
202405,999,26380,4,Houma-Bayou Cane-Thibodaux  LA ,44,44,9819,0,0,0,0,0,0,0,0,0,44,44,9819,0,0,0,0,0,0,0,0,0
202405,999,26700,5,Huron  SD ,2,2,904,0,0,0,0,0,0,0,0,0,2,2,904,0,0,0,0,0,0,0,0,0
202405,999,26740,5,Hutchinson  KS ,2,2,510,0,0,0,0,0,0,0,0,0,2,2,510,0,0,0,0,0,0,0,0,0
202405,999,27100,4,Jackson  MI ,17,17,5088,0,0,0,0,0,0,0,0,0,6,6,1822,0,0,0,0,0,0,0,0,0
202405,999,27180,4,Jackson  TN ,35,35,8379,0,0,0,0,0,0,0,0,0,8,8,2175,0,0,0,0,0,0,0,0,0
202405,999,27220,5,Jackson  WY-ID ,38,38,15321,0,0,0,1,3,485,1,5,632,29,29,12780,0,0,0,0,0,0,0,0,0
202405,999,27340,4,Jacksonville  NC ,104,104,22290,4,8,892,0,0,0,0,0,0,14,14,3804,0,0,0,0,0,0,0,0,0
202405,999,27420,5,Jamestown  ND ,2,2,499,0,0,0,0,0,0,0,0,0,0,0,0,0,0,0,0,0,0,0,0,0
202405,999,27460,5,Jamestown-Dunkirk  NY ,13,13,3898,0,0,0,0,0,0,0,0,0,2,2,800,0,0,0,0,0,0,0,0,0
202405,999,27540,5,Jasper  IN ,21,21,4482,0,0,0,0,0,0,0,0,0,21,21,4482,0,0,0,0,0,0,0,0,0
202405,999,27940,5,Juneau  AK ,3,3,638,2,4,643,0,0,0,0,0,0,3,3,638,2,4,643,0,0,0,0,0,0
202405,999,27980,4,Kahului-Wailuku  HI ,40,40,17064,0,0,0,0,0,0,0,0,0,40,40,17064,0,0,0,0,0,0,0,0,0
202405,999,28060,5,Kalispell  MT ,22,22,10067,3,6,2010,0,0,0,1,24,3400,21,21,9812,3,6,2010,0,0,0,1,24,3400
202405,999,28180,5,Kapaa  HI ,8,8,1900,0,0,0,0,0,0,0,0,0,8,8,1900,0,0,0,0,0,0,0,0,0
202405,999,28260,5,Kearney  NE ,10,10,4468,0,0,0,0,0,0,0,0,0,10,10,4468,0,0,0,0,0,0,0,0,0
202405,999,28380,5,Kennett  MO ,3,3,550,0,0,0,0,0,0,0,0,0,0,0,0,0,0,0,0,0,0,0,0,0
202405,999,28540,5,Ketchikan  AK ,5,5,2500,0,0,0,0,0,0,0,0,0,0,0,0,0,0,0,0,0,0,0,0,0
202405,999,28660,4,Killeen-Temple  TX ,204,204,55202,23,46,5681,0,0,0,0,0,0,184,184,48711,22,44,5450,0,0,0,0,0,0
202405,999,28820,5,Kinston  NC ,6,6,861,0,0,0,0,0,0,0,0,0,6,6,861,0,0,0,0,0,0,0,0,0
202405,999,28860,5,Kirksville  MO ,2,2,749,0,0,0,0,0,0,0,0,0,1,1,511,0,0,0,0,0,0,0,0,0
202405,999,28900,5,Klamath Falls  OR ,14,14,4596,0,0,0,0,0,0,12,72,11254,14,14,4596,0,0,0,0,0,0,12,72,11254
202405,999,29260,5,La Grande  OR ,2,2,778,0,0,0,0,0,0,0,0,0,2,2,778,0,0,0,0,0,0,0,0,0
202405,999,29420,4,Lake Havasu City-Kingman  AZ ,263,263,55488,2,4,572,1,3,235,0,0,0,259,259,54858,2,4,572,0,0,0,0,0,0
202405,999,29540,4,Lancaster  PA ,131,131,45566,2,4,531,0,0,0,1,6,1290,50,50,21108,2,4,531,0,0,0,1,6,1290
202405,999,29660,5,Laramie  WY ,15,15,4571,0,0,0,0,0,0,0,0,0,15,15,4571,0,0,0,0,0,0,0,0,0
202405,999,29700,4,Laredo  TX ,110,110,31508,1,2,230,1,3,284,3,25,2557,0,0,0,0,0,0,0,0,0,0,0,0
202405,999,30060,5,Lebanon  MO ,7,7,1107,0,0,0,0,0,0,0,0,0,0,0,0,0,0,0,0,0,0,0,0,0
202405,999,30150,5,Lebanon-Claremont  NH-VT ,55,55,18745,0,0,0,1,3,250,0,0,0,16,16,6529,0,0,0,0,0,0,0,0,0
202405,999,30300,4,Lewiston  ID-WA ,18,18,4437,1,2,1157,0,0,0,0,0,0,13,13,3069,1,2,1157,0,0,0,0,0,0
202405,999,30380,5,Lewistown  PA ,4,4,946,0,0,0,0,0,0,0,0,0,1,1,65,0,0,0,0,0,0,0,0,0
202405,999,30420,5,Lexington  NE ,2,2,584,0,0,0,0,0,0,0,0,0,1,1,200,0,0,0,0,0,0,0,0,0
202405,999,30580,5,Liberal  KS ,2,2,552,0,0,0,0,0,0,0,0,0,0,0,0,0,0,0,0,0,0,0,0,0
202405,999,30860,4,Logan  UT-ID ,112,112,35094,1,2,500,0,0,0,0,0,0,101,101,32327,1,2,500,0,0,0,0,0,0
202405,999,30900,5,Logansport  IN ,4,4,2733,0,0,0,0,0,0,0,0,0,4,4,2733,0,0,0,0,0,0,0,0,0
202405,999,30980,4,Longview  TX ,13,13,3304,0,0,0,0,0,0,0,0,0,6,6,1816,0,0,0,0,0,0,0,0,0
202405,999,31220,5,Ludington  MI ,16,16,6565,0,0,0,0,0,0,0,0,0,15,15,5552,0,0,0,0,0,0,0,0,0
202405,999,31260,5,Lufkin  TX ,10,10,2778,0,0,0,0,0,0,0,0,0,2,2,605,0,0,0,0,0,0,0,0,0
202405,999,31340,4,Lynchburg  VA ,64,64,34168,1,2,483,0,0,0,2,108,13500,37,37,22658,0,0,0,0,0,0,2,108,13500
202405,999,31380,5,Macomb  IL ,0,0,0,0,0,0,0,0,0,0,0,0,0,0,0,0,0,0,0,0,0,0,0,0
202405,999,31500,5,Madison  IN ,7,7,1380,0,0,0,0,0,0,0,0,0,0,0,0,0,0,0,0,0,0,0,0,0
202405,999,31580,5,Madisonville  KY ,10,10,1696,0,0,0,0,0,0,0,0,0,0,0,0,0,0,0,0,0,0,0,0,0
202405,999,31620,5,Magnolia  AR ,2,2,222,0,0,0,0,0,0,0,0,0,0,0,0,0,0,0,0,0,0,0,0,0
202405,999,31740,4,Manhattan  KS ,20,20,6814,1,2,300,0,0,0,0,0,0,6,6,1796,1,2,300,0,0,0,0,0,0
202405,999,31820,5,Manitowoc  WI ,10,10,4952,0,0,0,0,0,0,0,0,0,9,9,4643,0,0,0,0,0,0,0,0,0
202405,999,31980,5,Marion  IN ,3,3,208,0,0,0,0,0,0,0,0,0,3,3,208,0,0,0,0,0,0,0,0,0
202405,999,32100,5,Marquette  MI ,12,12,3848,0,0,0,0,0,0,0,0,0,12,12,3848,0,0,0,0,0,0,0,0,0
202405,999,32140,5,Marshall  MN ,2,2,983,0,0,0,0,0,0,0,0,0,1,1,680,0,0,0,0,0,0,0,0,0
202405,999,32180,5,Marshall  MO ,0,0,0,0,0,0,0,0,0,0,0,0,0,0,0,0,0,0,0,0,0,0,0,0
202405,999,32260,5,Marshalltown  IA ,0,0,0,0,0,0,0,0,0,0,0,0,0,0,0,0,0,0,0,0,0,0,0,0
202405,999,32300,5,Martinsville  VA ,1,1,250,0,0,0,0,0,0,0,0,0,1,1,250,0,0,0,0,0,0,0,0,0
202405,999,32340,5,Maryville  MO ,5,5,1122,0,0,0,0,0,0,0,0,0,0,0,0,0,0,0,0,0,0,0,0,0
202405,999,32380,5,Mason City  IA ,1,1,350,0,0,0,0,0,0,1,6,2000,1,1,350,0,0,0,0,0,0,1,6,2000
202405,999,32390,5,Massena-Ogdensburg  NY ,31,31,5478,0,0,0,0,0,0,0,0,0,15,15,2761,0,0,0,0,0,0,0,0,0
202405,999,32540,5,McAlester  OK ,4,4,2536,0,0,0,0,0,0,0,0,0,0,0,0,0,0,0,0,0,0,0,0,0
202405,999,32620,5,McComb  MS ,1,1,144,0,0,0,0,0,0,0,0,0,0,0,0,0,0,0,0,0,0,0,0,0
202405,999,32660,5,McMinnville  TN ,22,22,5843,1,2,210,0,0,0,1,5,567,1,1,430,0,0,0,0,0,0,0,0,0
202405,999,32700,5,McPherson  KS ,6,6,1274,1,2,319,0,0,0,0,0,0,3,3,595,0,0,0,0,0,0,0,0,0
202405,999,32940,5,Meridian  MS ,1,1,340,0,0,0,0,0,0,0,0,0,0,0,0,0,0,0,0,0,0,0,0,0
202405,999,33300,5,Milledgeville  GA ,10,10,3274,6,12,2054,17,68,5590,0,0,0,10,10,3274,6,12,2054,17,68,5590,0,0,0
202405,999,33500,4,Minot  ND ,8,8,2451,0,0,0,0,0,0,0,0,0,7,7,2199,0,0,0,0,0,0,0,0,0
202405,999,33540,4,Missoula  MT ,39,39,13241,1,2,81,0,0,0,2,24,1135,38,38,12859,1,2,81,0,0,0,2,24,1135
202405,999,33580,5,Mitchell  SD ,5,5,1503,1,2,296,0,0,0,0,0,0,1,1,400,0,0,0,0,0,0,0,0,0
202405,999,33940,5,Montrose  CO ,21,21,3250,0,0,0,0,0,0,0,0,0,21,21,3250,0,0,0,0,0,0,0,0,0
202405,999,34020,5,Morgan City  LA ,1,1,212,0,0,0,0,0,0,0,0,0,0,0,0,0,0,0,0,0,0,0,0,0
202405,999,34060,4,Morgantown  WV ,1,1,137,0,0,0,0,0,0,0,0,0,0,0,0,0,0,0,0,0,0,0,0,0
202405,999,34220,5,Moultrie  GA ,6,6,1120,1,2,259,0,0,0,0,0,0,6,6,1120,1,2,259,0,0,0,0,0,0
202405,999,34260,5,Mountain Home  AR ,1,1,286,0,0,0,0,0,0,0,0,0,0,0,0,0,0,0,0,0,0,0,0,0
202405,999,34420,5,Mount Pleasant  TX ,5,5,1406,0,0,0,0,0,0,0,0,0,4,4,1211,0,0,0,0,0,0,0,0,0
202405,999,34500,5,Mount Vernon  IL ,1,1,200,0,0,0,0,0,0,0,0,0,1,1,200,0,0,0,0,0,0,0,0,0
202405,999,34660,5,Murray  KY ,2,2,794,0,0,0,0,0,0,0,0,0,2,2,794,0,0,0,0,0,0,0,0,0
202405,999,34860,5,Nacogdoches  TX ,3,3,716,0,0,0,0,0,0,0,0,0,0,0,0,0,0,0,0,0,0,0,0,0
202405,999,34880,5,Nantucket  MA ,20,20,21674,2,4,1154,0,0,0,1,5,729,0,0,0,0,0,0,0,0,0,0,0,0
202405,999,35020,5,Natchez  MS-LA ,3,3,456,0,0,0,0,0,0,0,0,0,0,0,0,0,0,0,0,0,0,0,0,0
202405,999,35060,5,Natchitoches  LA ,8,8,1780,0,0,0,0,0,0,0,0,0,1,1,450,0,0,0,0,0,0,0,0,0
202405,999,35440,5,Newport  OR ,11,11,3935,2,4,840,2,8,1689,0,0,0,4,4,1102,1,2,489,2,8,1689,0,0,0
202405,999,35740,5,Norfolk  NE ,4,4,1923,0,0,0,0,0,0,1,30,4188,2,2,1433,0,0,0,0,0,0,1,30,4188
202405,999,35820,5,North Platte  NE ,6,6,1572,0,0,0,0,0,0,0,0,0,4,4,868,0,0,0,0,0,0,0,0,0
202405,999,35900,5,North Wilkesboro  NC ,17,17,4035,0,0,0,0,0,0,0,0,0,17,17,4035,0,0,0,0,0,0,0,0,0
202405,999,36100,4,Ocala  FL ,635,635,108654,4,8,1183,0,0,0,11,246,41802,635,635,108654,4,8,1183,0,0,0,11,246,41802
202405,999,36340,5,Oil City  PA ,3,3,865,0,0,0,0,0,0,0,0,0,0,0,0,0,0,0,0,0,0,0,0,0
202405,999,36580,5,Oneonta  NY ,10,10,2482,0,0,0,0,0,0,0,0,0,0,0,0,0,0,0,0,0,0,0,0,0
202405,999,36900,5,Ottumwa  IA ,4,4,1052,0,0,0,0,0,0,0,0,0,0,0,0,0,0,0,0,0,0,0,0,0
202405,999,36980,4,Owensboro  KY ,18,18,1744,0,0,0,0,0,0,0,0,0,18,18,1744,0,0,0,0,0,0,0,0,0
202405,999,37060,5,Oxford  MS ,49,49,14590,1,2,435,0,0,0,0,0,0,0,0,0,0,0,0,0,0,0,0,0,0
202405,999,37300,5,Palestine  TX ,1,1,212,0,0,0,0,0,0,0,0,0,1,1,212,0,0,0,0,0,0,0,0,0
202405,999,37340,4,Palm Bay-Melbourne-Titusville  FL ,333,333,139240,0,0,0,0,0,0,0,0,0,316,316,134978,0,0,0,0,0,0,0,0,0
202405,999,37420,5,Pampa  TX ,1,1,286,0,0,0,0,0,0,0,0,0,0,0,0,0,0,0,0,0,0,0,0,0
202405,999,37460,4,Panama City-Panama City Beach  FL ,182,182,65475,0,0,0,0,0,0,2,14,2946,23,23,8118,0,0,0,0,0,0,1,6,1661
202405,999,37540,5,Paris  TN ,2,2,165,0,0,0,0,0,0,0,0,0,0,0,0,0,0,0,0,0,0,0,0,0
202405,999,37580,5,Paris  TX ,5,5,1203,2,4,537,0,0,0,0,0,0,0,0,0,0,0,0,0,0,0,0,0,0
202405,999,37860,4,Pensacola-Ferry Pass-Brent  FL ,251,251,75963,0,0,0,0,0,0,0,0,0,251,251,75963,0,0,0,0,0,0,0,0,0
202405,999,37950,5,Petoskey  MI ,17,17,5104,0,0,0,0,0,0,0,0,0,17,17,5104,0,0,0,0,0,0,0,0,0
202405,999,38180,5,Pierre  SD ,2,2,563,0,0,0,0,0,0,0,0,0,1,1,240,0,0,0,0,0,0,0,0,0
202405,999,38210,5,Pikeville  KY ,0,0,0,0,0,0,0,0,0,0,0,0,0,0,0,0,0,0,0,0,0,0,0,0
202405,999,38260,5,Pittsburg  KS ,4,4,583,0,0,0,0,0,0,0,0,0,4,4,583,0,0,0,0,0,0,0,0,0
202405,999,38340,4,Pittsfield  MA ,10,10,5154,1,2,107,0,0,0,0,0,0,0,0,0,0,0,0,0,0,0,0,0,0
202405,999,38420,5,Platteville  WI ,11,11,2846,0,0,0,0,0,0,0,0,0,3,3,1004,0,0,0,0,0,0,0,0,0
202405,999,38460,5,Plattsburgh  NY ,14,14,3822,0,0,0,0,0,0,1,5,693,6,6,1730,0,0,0,0,0,0,0,0,0
202405,999,38540,4,Pocatello  ID ,22,22,4892,1,2,128,1,3,311,0,0,0,6,6,754,1,2,128,0,0,0,0,0,0
202405,999,38620,5,Ponca City  OK ,7,7,891,0,0,0,0,0,0,0,0,0,0,0,0,0,0,0,0,0,0,0,0,0
202405,999,38740,5,Poplar Bluff  MO ,0,0,0,0,0,0,0,0,0,6,48,1350,0,0,0,0,0,0,0,0,0,6,48,1350
202405,999,38820,5,Port Angeles  WA ,12,12,4126,2,4,321,1,4,350,0,0,0,10,10,3450,2,4,321,1,4,350,0,0,0
202405,999,39040,5,Port Townsend  WA ,19,19,5470,0,0,0,0,0,0,0,0,0,19,19,5470,0,0,0,0,0,0,0,0,0
202405,999,39060,5,Pottsville  PA ,20,20,5036,0,0,0,0,0,0,0,0,0,7,7,1461,0,0,0,0,0,0,0,0,0
202405,999,39150,4,Prescott Valley-Prescott  AZ ,168,168,46373,6,12,731,1,4,500,0,0,0,158,158,43019,6,12,731,1,4,500,0,0,0
202405,999,39220,5,Price  UT ,3,3,1437,0,0,0,0,0,0,0,0,0,3,3,1437,0,0,0,0,0,0,0,0,0
202405,999,39960,5,Rice Lake  WI ,29,29,10809,1,2,464,0,0,0,0,0,0,26,26,9804,1,2,464,0,0,0,0,0,0
202405,999,40060,4,Richmond  VA ,453,453,105143,20,40,5880,0,0,0,2,313,33262,438,438,101924,20,40,5880,0,0,0,2,313,33262
202405,999,40180,5,Riverton  WY ,2,2,607,0,0,0,1,3,275,0,0,0,0,0,0,0,0,0,0,0,0,0,0,0
202405,999,40220,4,Roanoke  VA ,54,54,17299,0,0,0,0,0,0,0,0,0,39,39,10299,0,0,0,0,0,0,0,0,0
202405,999,40540,5,Rock Springs  WY ,5,5,1999,0,0,0,0,0,0,0,0,0,5,5,1999,0,0,0,0,0,0,0,0,0
202405,999,40620,5,Rolla  MO ,3,3,806,0,0,0,0,0,0,0,0,0,2,2,689,0,0,0,0,0,0,0,0,0
202405,999,40700,5,Roseburg  OR ,18,18,5883,0,0,0,0,0,0,0,0,0,18,18,5883,0,0,0,0,0,0,0,0,0
202405,999,40740,5,Roswell  NM ,8,8,1735,0,0,0,0,0,0,0,0,0,2,2,779,0,0,0,0,0,0,0,0,0
202405,999,40760,5,Ruidoso  NM ,3,3,1942,0,0,0,0,0,0,0,0,0,3,3,1942,0,0,0,0,0,0,0,0,0
202405,999,40780,5,Russellville  AR ,6,6,1350,0,0,0,0,0,0,0,0,0,4,4,953,0,0,0,0,0,0,0,0,0
202405,999,40860,5,Rutland  VT ,9,9,2648,1,2,265,1,3,347,0,0,0,4,4,1321,1,2,265,0,0,0,0,0,0
202405,999,40940,5,Safford  AZ ,12,12,4497,0,0,0,0,0,0,0,0,0,12,12,4497,0,0,0,0,0,0,0,0,0
202405,999,41100,4,St. George  UT ,248,248,52089,1,2,308,2,8,984,2,17,1225,236,236,48318,0,0,0,2,8,984,2,17,1225
202405,999,41260,5,St. Marys  PA ,6,6,1148,0,0,0,0,0,0,0,0,0,2,2,400,0,0,0,0,0,0,0,0,0
202405,999,41460,5,Salina  KS ,18,18,2453,0,0,0,0,0,0,0,0,0,18,18,2453,0,0,0,0,0,0,0,0,0
202405,999,41500,4,Salinas  CA ,51,51,12513,0,0,0,0,0,0,0,0,0,50,50,12075,0,0,0,0,0,0,0,0,0
202405,999,41660,4,San Angelo  TX ,26,26,7869,0,0,0,0,0,0,0,0,0,26,26,7869,0,0,0,0,0,0,0,0,0
202405,999,41740,4,San Diego-Chula Vista-Carlsbad  CA ,327,327,106038,38,76,17995,5,18,4809,22,755,131245,310,310,101616,37,74,17685,5,18,4809,22,755,131245
202405,999,41760,5,Sandpoint  ID ,7,7,1623,0,0,0,0,0,0,0,0,0,6,6,1375,0,0,0,0,0,0,0,0,0
202405,999,42020,4,San Luis Obispo-Paso Robles  CA ,67,67,25066,0,0,0,0,0,0,0,0,0,67,67,25066,0,0,0,0,0,0,0,0,0
202405,999,42200,4,Santa Maria-Santa Barbara  CA ,30,30,10183,0,0,0,0,0,0,1,5,429,28,28,9222,0,0,0,0,0,0,0,0,0
202405,999,42220,4,Santa Rosa-Petaluma  CA ,96,96,31120,3,6,1514,0,0,0,10,98,31650,73,73,25528,3,6,1514,0,0,0,8,83,28863
202405,999,42300,5,Sault Ste. Marie  MI ,5,5,661,0,0,0,0,0,0,1,5,1117,5,5,661,0,0,0,0,0,0,0,0,0
202405,999,42380,5,Sayre  PA ,7,7,2000,0,0,0,0,0,0,0,0,0,2,2,660,0,0,0,0,0,0,0,0,0
202405,999,42420,5,Scottsbluff  NE ,2,2,554,0,0,0,0,0,0,0,0,0,0,0,0,0,0,0,0,0,0,0,0,0
202405,999,42540,4,Scranton--Wilkes-Barre  PA ,49,49,19619,1,2,500,0,0,0,0,0,0,9,9,4749,0,0,0,0,0,0,0,0,0
202405,999,42580,5,Seaford  DE ,385,385,56250,0,0,0,0,0,0,2,48,3700,385,385,56250,0,0,0,0,0,0,2,48,3700
202405,999,42700,4,Sebring-  FL ,111,111,23149,8,16,1972,0,0,0,0,0,0,111,111,23149,8,16,1972,0,0,0,0,0,0
202405,999,42740,5,Sedalia  MO ,2,2,311,1,2,242,1,3,198,1,5,580,0,0,0,0,0,0,0,0,0,0,0,0
202405,999,43100,4,Sheboygan  WI ,17,17,7427,0,0,0,0,0,0,2,19,2629,6,6,1930,0,0,0,0,0,0,0,0,0
202405,999,43260,5,Sheridan  WY ,24,24,7798,4,8,873,0,0,0,1,8,1290,15,15,4361,4,8,873,0,0,0,1,8,1290
202405,999,43320,5,Show Low  AZ ,42,42,14965,1,2,413,0,0,0,1,5,708,31,31,11105,0,0,0,0,0,0,0,0,0
202405,999,43420,4,Sierra Vista-Douglas  AZ ,39,39,6267,0,0,0,0,0,0,0,0,0,37,37,6070,0,0,0,0,0,0,0,0,0
202405,999,43620,4,Sioux Falls  SD-MN ,115,115,31557,4,8,1961,0,0,0,7,142,18685,106,106,28625,4,8,1961,0,0,0,6,137,18037
202405,999,43660,5,Snyder  TX ,1,1,267,0,0,0,0,0,0,0,0,0,0,0,0,0,0,0,0,0,0,0,0,0
202405,999,43700,5,Somerset  KY ,1,1,286,0,0,0,0,0,0,3,24,2958,0,0,0,0,0,0,0,0,0,3,24,2958
202405,999,43760,5,Sonora  CA ,5,5,2251,0,0,0,0,0,0,0,0,0,4,4,1900,0,0,0,0,0,0,0,0,0
202405,999,44180,4,Springfield  MO ,136,136,45541,3,6,789,0,0,0,0,0,0,95,95,33621,2,4,500,0,0,0,0,0,0
202405,999,44460,5,Steamboat Springs  CO ,23,23,30179,6,12,1800,0,0,0,4,152,52805,22,22,29956,6,12,1800,0,0,0,4,152,52805
202405,999,44500,5,Stephenville  TX ,2,2,313,1,2,250,0,0,0,0,0,0,1,1,303,1,2,250,0,0,0,0,0,0
202405,999,44540,5,Sterling  CO ,1,1,382,0,0,0,0,0,0,0,0,0,0,0,0,0,0,0,0,0,0,0,0,0
202405,999,44660,5,Stillwater  OK ,17,17,4657,1,2,124,0,0,0,0,0,0,0,0,0,0,0,0,0,0,0,0,0,0
202405,999,44740,5,Storm Lake  IA ,3,3,930,0,0,0,0,0,0,0,0,0,1,1,265,0,0,0,0,0,0,0,0,0
202405,999,45000,5,Susanville  CA ,0,0,0,0,0,0,0,0,0,0,0,0,0,0,0,0,0,0,0,0,0,0,0,0
202405,999,45140,5,Tahlequah  OK ,9,9,1528,0,0,0,0,0,0,0,0,0,0,0,0,0,0,0,0,0,0,0,0,0
202405,999,45300,4,Tampa-St. Petersburg-Clearwater  FL ,1506,1506,496949,4,8,904,0,0,0,49,1209,164949,1474,1474,484709,4,8,904,0,0,0,47,1199,162237
202405,999,45340,5,Taos  NM ,13,13,3450,0,0,0,0,0,0,0,0,0,0,0,0,0,0,0,0,0,0,0,0,0
202405,999,45460,4,Terre Haute  IN ,17,17,3097,0,0,0,0,0,0,0,0,0,14,14,2590,0,0,0,0,0,0,0,0,0
202405,999,45500,4,Texarkana  TX-AR ,11,11,3022,4,8,929,0,0,0,0,0,0,4,4,1190,0,0,0,0,0,0,0,0,0
202405,999,45520,5,The Dalles  OR ,4,4,759,2,4,1062,0,0,0,0,0,0,4,4,759,2,4,1062,0,0,0,0,0,0
202405,999,45620,5,Thomasville  GA ,15,15,3098,0,0,0,0,0,0,2,72,5822,9,9,1851,0,0,0,0,0,0,2,72,5822
202405,999,45700,5,Tifton  GA ,11,11,1890,0,0,0,0,0,0,1,5,424,7,7,1226,0,0,0,0,0,0,0,0,0
202405,999,45740,5,Toccoa  GA ,8,8,1962,0,0,0,0,0,0,0,0,0,7,7,1770,0,0,0,0,0,0,0,0,0
202405,999,45780,4,Toledo  OH ,37,37,13485,0,0,0,0,0,0,3,20,7000,35,35,12944,0,0,0,0,0,0,3,20,7000
202405,999,45820,4,Topeka  KS ,30,30,6612,1,2,300,0,0,0,0,0,0,28,28,6092,1,2,300,0,0,0,0,0,0
202405,999,45880,5,Town of Pecos  TX ,3,3,369,0,0,0,0,0,0,0,0,0,3,3,369,0,0,0,0,0,0,0,0,0
202405,999,45900,4,Traverse City  MI ,63,63,13399,0,0,0,0,0,0,0,0,0,60,60,12905,0,0,0,0,0,0,0,0,0
202405,999,45980,5,Troy  AL ,6,6,1969,0,0,0,0,0,0,0,0,0,6,6,1969,0,0,0,0,0,0,0,0,0
202405,999,46220,4,Tuscaloosa  AL ,60,60,18857,1,2,171,1,3,343,1,5,769,20,20,6843,0,0,0,0,0,0,0,0,0
202405,999,46300,4,Twin Falls  ID ,49,49,12180,6,12,1179,0,0,0,0,0,0,37,37,8879,6,12,1179,0,0,0,0,0,0
202405,999,46380,5,Ukiah  CA ,1,1,382,0,0,0,0,0,0,0,0,0,0,0,0,0,0,0,0,0,0,0,0,0
202405,999,46520,4,Urban Honolulu  HI ,69,69,25037,8,16,2151,0,0,0,1,61,18482,0,0,0,0,0,0,0,0,0,0,0,0
202405,999,46540,4,Utica-Rome  NY ,15,15,4614,0,0,0,0,0,0,1,5,781,3,3,2000,0,0,0,0,0,0,0,0,0
202405,999,46620,5,Uvalde  TX ,1,1,205,0,0,0,0,0,0,0,0,0,1,1,205,0,0,0,0,0,0,0,0,0
202405,999,46660,4,Valdosta  GA ,88,88,19588,0,0,0,0,0,0,1,5,304,6,6,825,0,0,0,0,0,0,0,0,0
202405,999,46820,5,Vermillion  SD ,4,4,1260,0,0,0,0,0,0,0,0,0,3,3,962,0,0,0,0,0,0,0,0,0
202405,999,46860,5,Vernal  UT ,8,8,3083,0,0,0,1,4,660,0,0,0,8,8,3083,0,0,0,1,4,660,0,0,0
202405,999,46900,5,Vernon  TX ,0,0,0,0,0,0,0,0,0,0,0,0,0,0,0,0,0,0,0,0,0,0,0,0
202405,999,47080,5,Vidalia  GA ,3,3,446,0,0,0,0,0,0,0,0,0,0,0,0,0,0,0,0,0,0,0,0,0
202405,999,47180,5,Vincennes  IN ,4,4,1242,0,0,0,0,0,0,0,0,0,2,2,641,0,0,0,0,0,0,0,0,0
202405,999,47240,5,Vineyard Haven  MA ,7,7,8100,0,0,0,0,0,0,0,0,0,4,4,5647,0,0,0,0,0,0,0,0,0
202405,999,47300,4,Visalia  CA ,111,111,26853,2,4,822,0,0,0,0,0,0,107,107,26194,2,4,822,0,0,0,0,0,0
202405,999,47340,5,Wabash  IN ,2,2,624,0,0,0,0,0,0,0,0,0,1,1,321,0,0,0,0,0,0,0,0,0
202405,999,47380,4,Waco  TX ,68,68,18318,7,14,1729,0,0,0,1,5,514,49,49,14752,6,12,1499,0,0,0,0,0,0
202405,999,47620,5,Warren  PA ,1,1,102,0,0,0,0,0,0,0,0,0,0,0,0,0,0,0,0,0,0,0,0,0
202405,999,47780,5,Washington  IN ,0,0,0,3,6,808,0,0,0,0,0,0,0,0,0,3,6,808,0,0,0,0,0,0
202405,999,47940,4,Waterloo-Cedar Falls  IA ,28,28,9291,0,0,0,0,0,0,0,0,0,26,26,8696,0,0,0,0,0,0,0,0,0
202405,999,47980,5,Watertown  SD ,7,7,3024,0,0,0,2,8,900,0,0,0,7,7,3024,0,0,0,2,8,900,0,0,0
202405,999,48060,4,Watertown-Fort Drum  NY ,19,19,4241,0,0,0,0,0,0,0,0,0,17,17,3671,0,0,0,0,0,0,0,0,0
202405,999,48180,5,Waycross  GA ,8,8,1717,0,0,0,0,0,0,0,0,0,4,4,1175,0,0,0,0,0,0,0,0,0
202405,999,48300,4,Wenatchee-East Wenatchee  WA ,72,72,29926,1,2,575,0,0,0,0,0,0,42,42,18931,1,2,575,0,0,0,0,0,0
202405,999,48460,5,West Plains  MO ,2,2,306,0,0,0,1,3,510,0,0,0,0,0,0,0,0,0,0,0,0,0,0,0
202405,999,48540,4,Wheeling  WV-OH ,1,1,229,0,0,0,0,0,0,0,0,0,0,0,0,0,0,0,0,0,0,0,0,0
202405,999,48660,4,Wichita Falls  TX ,27,27,7807,0,0,0,0,0,0,1,5,511,16,16,4842,0,0,0,0,0,0,0,0,0
202405,999,48780,5,Williston  ND ,12,12,4748,1,2,434,0,0,0,0,0,0,12,12,4748,1,2,434,0,0,0,0,0,0
202405,999,48820,5,Willmar  MN ,4,4,1037,0,0,0,0,0,0,1,118,25457,3,3,675,0,0,0,0,0,0,1,118,25457
202405,999,48900,4,Wilmington  NC ,627,627,178328,5,10,1486,3,9,2487,5,121,14494,181,181,48261,0,0,0,0,0,0,0,0,0
202405,999,49080,5,Winnemucca  NV ,1,1,126,0,0,0,0,0,0,0,0,0,1,1,126,0,0,0,0,0,0,0,0,0
202405,999,49260,5,Woodward  OK ,0,0,0,0,0,0,0,0,0,0,0,0,0,0,0,0,0,0,0,0,0,0,0,0
202405,999,49380,5,Worthington  MN ,4,4,959,0,0,0,0,0,0,0,0,0,2,2,675,0,0,0,0,0,0,0,0,0
202405,999,49420,4,Yakima  WA ,42,42,11059,2,4,729,0,0,0,0,0,0,30,30,7915,2,4,729,0,0,0,0,0,0
202405,999,49460,5,Yankton  SD ,4,4,1230,0,0,0,1,4,750,0,0,0,4,4,1230,0,0,0,1,4,750,0,0,0
202405,999,49740,4,Yuma  AZ ,112,112,17378,0,0,0,0,0,0,0,0,0,101,101,15894,0,0,0,0,0,0,0,0,0
