Survey,CSA,CBSA,HHEADER,CBSA,,1-unit,,,2-units,,,3-4 units,,,5+ units,,,1-unit rep,,,2-units rep,,,3-4 units rep,,,5+ units rep
Date,Code,Code,,Name,Bldgs,Units,Value,Bldgs,Units,Value,Bldgs,Units,Value,Bldgs,Units,Value,Bldgs,Units,Value,Bldgs,Units,Value,      Bldgs,Units,Value,Bldgs,Units,Value
 
202604,101,10180,2,Abilene  TX ,117,117,36220,14,28,4223,0,0,0,0,0,0,115,115,35628,14,28,4223,0,0,0,0,0,0
202604,101,45020,5,Sweetwater  TX ,1,1,170,0,0,0,0,0,0,0,0,0,0,0,0,0,0,0,0,0,0,0,0,0
202604,104,10580,2,Albany-Schenectady-Troy  NY ,99,99,37107,4,8,1818,5,15,5102,4,72,10555,58,58,22037,3,6,1513,4,12,4586,2,62,8583
202604,104,11220,5,Amsterdam  NY ,3,3,641,0,0,0,0,0,0,0,0,0,0,0,0,0,0,0,0,0,0,0,0,0
202604,104,24020,2,Glens Falls  NY ,26,26,10181,0,0,0,0,0,0,0,0,0,25,25,10026,0,0,0,0,0,0,0,0,0
202604,104,24100,5,Gloversville  NY ,5,5,1543,0,0,0,0,0,0,0,0,0,1,1,150,0,0,0,0,0,0,0,0,0
202604,104,26460,5,Hudson  NY ,12,12,5242,0,0,0,0,0,0,0,0,0,4,4,1471,0,0,0,0,0,0,0,0,0
202604,105,10740,2,Albuquerque  NM ,178,178,48754,0,0,0,0,0,0,2,49,5715,132,132,38706,0,0,0,0,0,0,0,0,0
202604,105,29780,5,Las Vegas  NM ,0,0,0,0,0,0,0,0,0,0,0,0,0,0,0,0,0,0,0,0,0,0,0,0
202604,105,31060,5,Los Alamos  NM ,1,1,200,0,0,0,0,0,0,0,0,0,0,0,0,0,0,0,0,0,0,0,0,0
202604,105,42140,2,Santa Fe  NM ,26,26,9239,0,0,0,0,0,0,0,0,0,26,26,9239,0,0,0,0,0,0,0,0,0
202604,106,10900,2,Allentown-Bethlehem-Easton  PA-NJ ,103,103,30794,1,2,400,1,3,103,4,41,7009,72,72,21622,0,0,0,0,0,0,3,36,6392
202604,106,20700,5,East Stroudsburg  PA ,19,19,6581,0,0,0,1,3,564,1,5,1473,11,11,3921,0,0,0,0,0,0,0,0,0
202604,107,11020,2,Altoona  PA ,5,5,1881,1,2,550,0,0,0,0,0,0,0,0,0,0,0,0,0,0,0,0,0,0
202604,107,26500,5,Huntingdon  PA ,5,5,1541,0,0,0,0,0,0,0,0,0,0,0,0,0,0,0,0,0,0,0,0,0
202604,108,11100,2,Amarillo  TX ,59,59,18373,0,0,0,0,0,0,3,137,23591,54,54,16817,0,0,0,0,0,0,3,137,23591
202604,108,14420,5,Borger  TX ,0,0,0,0,0,0,0,0,0,0,0,0,0,0,0,0,0,0,0,0,0,0,0,0
202604,118,11540,2,Appleton  WI ,60,60,21127,2,4,1055,0,0,0,7,98,10300,49,49,16800,1,2,700,0,0,0,7,98,10300
202604,118,36780,2,Oshkosh-Neenah  WI ,30,30,9787,0,0,0,0,0,0,0,0,0,25,25,7951,0,0,0,0,0,0,0,0,0
202604,120,11700,2,Asheville  NC ,212,212,90481,1,2,290,0,0,0,14,476,67413,186,186,82305,0,0,0,0,0,0,13,404,54965
202604,120,14820,5,Brevard  NC ,16,16,11919,0,0,0,0,0,0,0,0,0,0,0,0,0,0,0,0,0,0,0,0,0
202604,120,48200,5,Waynesville  NC ,19,19,10919,1,2,350,0,0,0,0,0,0,19,19,10919,1,2,350,0,0,0,0,0,0
202604,122,12020,2,Athens-Clarke County  GA ,59,59,20376,0,0,0,0,0,0,2,83,11649,31,31,13811,0,0,0,0,0,0,0,0,0
202604,122,12060,2,Atlanta-Sandy Springs-Roswell  GA ,2085,2085,694745,6,12,1930,7,25,3600,46,1993,243790,1850,1850,621535,6,12,1930,6,22,3375,41,1864,223243
202604,122,15660,5,Calhoun  GA ,30,30,10474,0,0,0,0,0,0,0,0,0,30,30,10474,0,0,0,0,0,0,0,0,0
202604,122,16340,5,Cedartown  GA ,11,11,3209,0,0,0,0,0,0,1,15,2734,0,0,0,0,0,0,0,0,0,0,0,0
202604,122,18460,5,Cornelia  GA ,27,27,8379,0,0,0,0,0,0,1,5,286,1,1,250,0,0,0,0,0,0,0,0,0
202604,122,23580,2,Gainesville  GA ,167,167,55995,0,0,0,0,0,0,1,10,1535,45,45,11459,0,0,0,0,0,0,0,0,0
202604,122,27600,5,Jefferson  GA ,183,183,61685,0,0,0,0,0,0,0,0,0,82,82,22991,0,0,0,0,0,0,0,0,0
202604,122,29300,5,LaGrange  GA-AL ,41,41,12675,0,0,0,1,4,298,0,0,0,29,29,8988,0,0,0,1,4,298,0,0,0
202604,122,40660,2,Rome  GA ,33,33,9134,0,0,0,0,0,0,0,0,0,33,33,9134,0,0,0,0,0,0,0,0,0
202604,122,45580,5,Thomaston  GA ,14,14,4112,0,0,0,0,0,0,0,0,0,7,7,2156,0,0,0,0,0,0,0,0,0
202604,132,12940,2,Baton Rouge  LA ,252,252,65929,1,2,323,0,0,0,1,62,4030,53,53,12632,0,0,0,0,0,0,0,0,0
202604,132,25220,2,Hammond  LA ,63,63,14489,0,0,0,0,0,0,1,24,2276,0,0,0,0,0,0,0,0,0,0,0,0
202604,142,13820,2,Birmingham  AL ,316,316,120912,1,2,1032,0,0,0,2,49,8854,258,258,106126,0,0,0,0,0,0,0,0,0
202604,142,18980,5,Cullman  AL ,22,22,3640,0,0,0,0,0,0,0,0,0,21,21,3487,0,0,0,0,0,0,0,0,0
202604,142,45180,5,Talladega-Sylacauga  AL ,4,4,924,0,0,0,0,0,0,2,16,2515,4,4,924,0,0,0,0,0,0,2,16,2515
202604,144,13260,5,Bedford  IN ,2,2,350,0,0,0,0,0,0,0,0,0,1,1,200,0,0,0,0,0,0,0,0,0
202604,144,14020,2,Bloomington  IN ,27,27,8532,0,0,0,0,0,0,0,0,0,15,15,4403,0,0,0,0,0,0,0,0,0
202604,145,14010,2,Bloomington  IL ,25,25,7215,0,0,0,0,0,0,0,0,0,16,16,4840,0,0,0,0,0,0,0,0,0
202604,145,38700,5,Pontiac  IL ,3,3,535,2,4,699,0,0,0,0,0,0,2,2,235,0,0,0,0,0,0,0,0,0
202604,146,14100,5,Bloomsburg-Berwick  PA ,16,16,2994,0,0,0,0,0,0,0,0,0,12,12,1869,0,0,0,0,0,0,0,0,0
202604,146,30260,5,Lewisburg  PA ,6,6,2147,0,0,0,0,0,0,0,0,0,3,3,1141,0,0,0,0,0,0,0,0,0
202604,146,42780,5,Selinsgrove  PA ,8,8,2742,0,0,0,0,0,0,0,0,0,0,0,0,0,0,0,0,0,0,0,0,0
202604,146,44980,5,Sunbury  PA ,3,3,1015,0,0,0,0,0,0,0,0,0,0,0,0,0,0,0,0,0,0,0,0,0
202604,147,14260,2,Boise City  ID ,727,727,221694,8,16,2351,9,34,5155,5,157,22246,617,617,200412,6,12,1801,8,31,4559,4,138,19191
202604,147,34300,5,Mountain Home  ID ,23,23,4395,0,0,0,0,0,0,0,0,0,21,21,4035,0,0,0,0,0,0,0,0,0
202604,147,36620,5,Ontario  OR-ID ,23,23,6923,5,10,930,0,0,0,0,0,0,23,23,6923,5,10,930,0,0,0,0,0,0
202604,148,12700,2,Barnstable Town  MA ,19,19,14097,0,0,0,1,4,900,1,5,1786,14,14,10765,0,0,0,1,4,900,0,0,0
202604,148,14460,2,Boston-Cambridge-Newton  MA-NH ,394,394,167271,17,34,7232,2,7,933,25,449,121272,201,201,97135,12,24,5075,2,7,933,10,349,102711
202604,148,18180,5,Concord  NH ,28,28,13362,2,4,688,0,0,0,1,8,1420,12,12,5733,2,4,688,0,0,0,1,8,1420
202604,148,29060,5,Laconia  NH ,42,42,17586,0,0,0,0,0,0,1,5,1000,34,34,14898,0,0,0,0,0,0,0,0,0
202604,148,31700,2,Manchester-Nashua  NH ,32,32,18738,1,2,497,2,6,1094,2,15,3179,16,16,12800,0,0,0,0,0,0,0,0,0
202604,148,39300,2,Providence-Warwick  RI-MA ,97,97,33676,13,26,3625,5,17,1435,3,15,629,50,50,19142,12,24,3075,5,17,1435,1,5,180
202604,148,49340,2,Worcester  MA ,73,73,24787,2,4,830,0,0,0,2,10,1744,35,35,12123,2,4,830,0,0,0,0,0,0
202604,150,14540,2,Bowling Green  KY ,74,74,22012,0,0,0,0,0,0,2,16,2540,74,74,22012,0,0,0,0,0,0,2,16,2540
202604,150,23190,5,Franklin  KY ,14,14,5230,0,0,0,0,0,0,0,0,0,14,14,5230,0,0,0,0,0,0,0,0,0
202604,150,23980,5,Glasgow  KY ,4,4,1246,1,2,302,0,0,0,0,0,0,4,4,1246,1,2,302,0,0,0,0,0,0
202604,152,15060,5,Brookings  OR ,3,3,2754,0,0,0,0,0,0,0,0,0,3,3,2754,0,0,0,0,0,0,0,0,0
202604,152,18860,5,Crescent City  CA ,0,0,0,0,0,0,0,0,0,1,5,253,0,0,0,0,0,0,0,0,0,0,0,0
202604,154,15180,2,Brownsville-Harlingen  TX ,174,174,39632,6,12,1516,1,3,461,3,43,5835,19,19,4057,0,0,0,0,0,0,0,0,0
202604,154,39700,5,Raymondville  TX ,5,5,1663,0,0,0,0,0,0,0,0,0,5,5,1663,0,0,0,0,0,0,0,0,0
202604,160,15380,2,Buffalo-Cheektowaga  NY ,90,90,85415,0,0,0,8,31,4500,3,24,3647,69,69,80077,0,0,0,8,31,4500,1,6,600
202604,160,36460,5,Olean  NY ,11,11,2778,2,4,350,0,0,0,0,0,0,0,0,0,0,0,0,0,0,0,0,0,0
202604,161,15460,5,Burlington  IA-IL ,2,2,953,0,0,0,0,0,0,1,5,699,0,0,0,0,0,0,0,0,0,0,0,0
202604,161,22800,5,Fort Madison  IA ,2,2,373,0,0,0,0,0,0,1,5,338,0,0,0,0,0,0,0,0,0,0,0,0
202604,162,12740,5,Barre  VT ,14,14,5107,1,2,479,0,0,0,0,0,0,5,5,1777,0,0,0,0,0,0,0,0,0
202604,162,15540,2,Burlington-South Burlington  VT ,33,33,12695,1,2,337,0,0,0,1,5,231,21,21,8445,0,0,0,0,0,0,0,0,0
202604,163,15980,2,Cape Coral-Fort Myers  FL ,678,678,192758,10,20,5274,0,0,0,13,684,118026,678,678,192758,10,20,5274,0,0,0,13,684,118026
202604,163,17500,5,Clewiston  FL ,43,43,9270,0,0,0,0,0,0,0,0,0,43,43,9270,0,0,0,0,0,0,0,0,0
202604,163,34940,2,Naples-Marco Island  FL ,200,200,48783,0,0,0,0,0,0,6,241,47370,190,190,13882,0,0,0,0,0,0,5,236,26230
202604,164,16020,2,Cape Girardeau  MO-IL ,10,10,2952,0,0,0,0,0,0,0,0,0,6,6,1455,0,0,0,0,0,0,0,0,0
202604,164,43460,5,Sikeston  MO ,4,4,866,0,0,0,0,0,0,0,0,0,2,2,550,0,0,0,0,0,0,0,0,0
202604,166,16060,5,Carbondale  IL ,0,0,0,0,0,0,0,0,0,0,0,0,0,0,0,0,0,0,0,0,0,0,0,0
202604,166,32060,5,Marion-Herrin  IL ,5,5,1214,1,2,143,1,4,298,0,0,0,1,1,376,0,0,0,0,0,0,0,0,0
202604,168,16300,2,Cedar Rapids  IA ,56,56,20957,2,4,720,1,4,971,4,104,12760,52,52,19754,2,4,720,1,4,971,4,104,12760
202604,168,26980,2,Iowa City  IA ,61,61,21137,1,2,604,0,0,0,2,299,63162,46,46,15750,0,0,0,0,0,0,1,291,62000
202604,169,16580,2,Champaign-Urbana  IL ,19,19,6367,0,0,0,0,0,0,0,0,0,13,13,4414,0,0,0,0,0,0,0,0,0
202604,169,19180,5,Danville  IL ,2,2,302,0,0,0,0,0,0,0,0,0,0,0,0,0,0,0,0,0,0,0,0,0
202604,170,16620,2,Charleston  WV ,10,10,1125,0,0,0,0,0,0,0,0,0,0,0,0,0,0,0,0,0,0,0,0,0
202604,170,26580,2,Huntington-Ashland  WV-KY-OH ,25,25,6022,1,2,97,0,0,0,0,0,0,7,7,2321,0,0,0,0,0,0,0,0,0
202604,170,39020,5,Portsmouth  OH ,0,0,0,0,0,0,0,0,0,0,0,0,0,0,0,0,0,0,0,0,0,0,0,0
202604,172,10620,5,Albemarle  NC ,31,31,5220,0,0,0,0,0,0,0,0,0,0,0,0,0,0,0,0,0,0,0,0,0
202604,172,16740,2,Charlotte-Concord-Gastonia  NC-SC ,1236,1236,395039,1,2,311,0,0,0,18,1156,82750,1159,1159,367235,1,2,311,0,0,0,17,1139,80820
202604,172,25860,2,Hickory-Lenoir-Morganton  NC ,205,205,53248,18,36,4878,0,0,0,3,120,11739,151,151,38652,17,34,4555,0,0,0,2,108,11070
202604,172,32000,5,Marion  NC ,15,15,7291,0,0,0,0,0,0,0,0,0,0,0,0,0,0,0,0,0,0,0,0,0
202604,172,43140,5,Shelby-Kings Mountain  NC ,28,28,7787,1,2,330,0,0,0,1,16,2320,13,13,4315,0,0,0,0,0,0,0,0,0
202604,174,11940,5,Athens  TN ,20,20,4027,0,0,0,1,3,520,0,0,0,0,0,0,0,0,0,0,0,0,0,0,0
202604,174,16860,2,Chattanooga  TN-GA ,283,283,73961,6,12,1686,1,4,386,2,27,3102,166,166,43232,1,2,590,0,0,0,1,5,915
202604,174,17420,2,Cleveland  TN ,88,88,22543,1,2,185,0,0,0,0,0,0,52,52,12934,0,0,0,0,0,0,0,0,0
202604,174,19140,2,Dalton  GA ,44,44,8794,2,4,410,0,0,0,0,0,0,31,31,5247,2,4,410,0,0,0,0,0,0
202604,174,42460,5,Scottsboro  AL ,5,5,1434,0,0,0,0,0,0,0,0,0,0,0,0,0,0,0,0,0,0,0,0,0
202604,174,44900,5,Summerville  GA ,0,0,0,0,0,0,0,0,0,0,0,0,0,0,0,0,0,0,0,0,0,0,0,0
202604,176,16980,2,Chicago-Naperville-Elgin  IL-IN ,942,942,343277,7,14,3175,21,70,12082,28,594,129502,812,812,286566,7,14,3175,18,61,10412,19,509,108798
202604,176,28100,2,Kankakee  IL ,6,6,1550,0,0,0,0,0,0,0,0,0,5,5,1434,0,0,0,0,0,0,0,0,0
202604,176,28450,2,Kenosha  WI ,9,9,3882,0,0,0,0,0,0,0,0,0,3,3,887,0,0,0,0,0,0,0,0,0
202604,176,33140,2,Michigan City-La Porte  IN ,19,19,7436,0,0,0,0,0,0,2,11,1393,0,0,0,0,0,0,0,0,0,0,0,0
202604,176,36837,5,Ottawa  IL ,15,15,7101,0,0,0,0,0,0,0,0,0,10,10,5154,0,0,0,0,0,0,0,0,0
202604,178,17140,2,Cincinnati  OH-KY-IN ,475,475,141570,5,10,1492,18,68,10414,32,622,55784,404,404,122651,2,4,667,17,65,10019,31,585,52691
202604,178,48940,5,Wilmington  OH ,13,13,5793,0,0,0,3,9,821,0,0,0,13,13,5793,0,0,0,3,9,821,0,0,0
202604,184,10420,2,Akron  OH ,62,62,31989,0,0,0,0,0,0,0,0,0,53,53,29213,0,0,0,0,0,0,0,0,0
202604,184,15940,2,Canton-Massillon  OH ,50,50,28230,2,4,843,2,6,1457,2,12,922,42,42,26538,1,2,450,1,3,660,0,0,0
202604,184,17410,2,Cleveland  OH ,262,262,88097,1,2,288,6,18,3158,11,197,35752,161,161,59502,1,2,288,5,15,2408,8,61,6959
202604,184,18740,5,Coshocton  OH ,1,1,20,1,2,113,0,0,0,0,0,0,0,0,0,0,0,0,0,0,0,0,0,0
202604,184,23380,5,Fremont  OH ,0,0,0,2,4,480,0,0,0,0,0,0,0,0,0,2,4,480,0,0,0,0,0,0
202604,184,35420,5,New Philadelphia-Dover  OH ,11,11,4497,0,0,0,0,0,0,0,0,0,7,7,2710,0,0,0,0,0,0,0,0,0
202604,184,35940,5,Norwalk  OH ,7,7,2466,0,0,0,0,0,0,0,0,0,2,2,565,0,0,0,0,0,0,0,0,0
202604,184,41780,2,Sandusky  OH ,31,31,16868,0,0,0,0,0,0,0,0,0,24,24,14540,0,0,0,0,0,0,0,0,0
202604,184,49300,5,Wooster  OH ,20,20,7175,0,0,0,0,0,0,0,0,0,20,20,7175,0,0,0,0,0,0,0,0,0
202604,190,17860,2,Columbia  MO ,61,61,22201,0,0,0,0,0,0,1,38,4838,57,57,20914,0,0,0,0,0,0,1,38,4838
202604,190,27620,2,Jefferson City  MO ,16,16,5770,2,4,685,0,0,0,0,0,0,0,0,0,1,2,335,0,0,0,0,0,0
202604,190,33020,5,Mexico  MO ,3,3,512,1,2,250,0,0,0,0,0,0,2,2,371,1,2,250,0,0,0,0,0,0
202604,190,33620,5,Moberly  MO ,9,9,3186,0,0,0,0,0,0,0,0,0,0,0,0,0,0,0,0,0,0,0,0,0
202604,192,17900,2,Columbia  SC ,439,439,116241,1,2,333,2,8,1055,2,137,23399,210,210,74042,0,0,0,0,0,0,0,0,0
202604,192,35140,5,Newberry  SC ,15,15,5809,0,0,0,0,0,0,0,0,0,2,2,420,0,0,0,0,0,0,0,0,0
202604,192,36700,5,Orangeburg  SC ,7,7,1008,0,0,0,0,0,0,1,5,833,0,0,0,0,0,0,0,0,0,0,0,0
202604,192,44940,2,Sumter  SC ,30,30,5032,1,2,191,0,0,0,0,0,0,0,0,0,0,0,0,0,0,0,0,0,0
202604,194,10760,5,Alexander City  AL ,18,18,14114,0,0,0,0,0,0,0,0,0,17,17,13814,0,0,0,0,0,0,0,0,0
202604,194,12220,2,Auburn-Opelika  AL ,170,170,48266,0,0,0,0,0,0,0,0,0,138,138,38881,0,0,0,0,0,0,0,0,0
202604,194,17980,2,Columbus  GA-AL ,63,63,18314,0,0,0,0,0,0,1,5,515,24,24,6159,0,0,0,0,0,0,0,0,0
202604,198,11900,5,Athens  OH ,0,0,0,0,0,0,0,0,0,1,13,2030,0,0,0,0,0,0,0,0,0,0,0,0
202604,198,13340,5,Bellefontaine  OH ,11,11,3110,0,0,0,0,0,0,0,0,0,0,0,0,0,0,0,0,0,0,0,0,0
202604,198,15740,5,Cambridge  OH ,3,3,1220,0,0,0,0,0,0,0,0,0,3,3,1220,0,0,0,0,0,0,0,0,0
202604,198,17060,5,Chillicothe  OH ,3,3,1100,1,2,150,0,0,0,0,0,0,0,0,0,0,0,0,0,0,0,0,0,0
202604,198,18140,2,Columbus  OH ,538,538,175200,5,10,1694,1,3,150,21,1518,183684,434,434,136996,3,6,1180,1,3,150,21,1518,183684
202604,198,32020,5,Marion  OH ,13,13,4014,0,0,0,0,0,0,0,0,0,4,4,730,0,0,0,0,0,0,0,0,0
202604,198,34540,5,Mount Vernon  OH ,10,10,3460,0,0,0,0,0,0,0,0,0,0,0,0,0,0,0,0,0,0,0,0,0
202604,198,47920,5,Washington Court House  OH ,16,16,4603,0,0,0,0,0,0,0,0,0,16,16,4603,0,0,0,0,0,0,0,0,0
202604,198,49780,5,Zanesville  OH ,3,3,1014,1,2,349,0,0,0,2,19,2967,0,0,0,0,0,0,0,0,0,0,0,0
202604,204,10860,5,Alice  TX ,0,0,0,0,0,0,0,0,0,0,0,0,0,0,0,0,0,0,0,0,0,0,0,0
202604,204,18580,2,Corpus Christi  TX ,194,194,51224,0,0,0,0,0,0,1,6,861,36,36,6589,0,0,0,0,0,0,0,0,0
202604,204,28780,5,Kingsville  TX ,2,2,335,0,0,0,0,0,0,0,0,0,0,0,0,0,0,0,0,0,0,0,0,0
202604,206,11980,5,Athens  TX ,14,14,4606,0,0,0,0,0,0,0,0,0,2,2,550,0,0,0,0,0,0,0,0,0
202604,206,14300,5,Bonham  TX ,20,20,5353,0,0,0,0,0,0,0,0,0,15,15,4417,0,0,0,0,0,0,0,0,0
202604,206,18620,5,Corsicana  TX ,45,45,12686,1,2,323,0,0,0,0,0,0,0,0,0,0,0,0,0,0,0,0,0,0
202604,206,19100,2,Dallas-Fort Worth-Arlington  TX ,3811,3811,1140534,70,140,18143,10,39,4960,23,1498,247655,2966,2966,905826,46,92,10889,9,35,4411,20,1464,242311
202604,206,20460,5,Durant  OK ,2,2,270,1,2,320,0,0,0,6,144,19000,2,2,270,1,2,320,0,0,0,6,144,19000
202604,206,23620,5,Gainesville  TX ,6,6,1654,0,0,0,0,0,0,0,0,0,3,3,811,0,0,0,0,0,0,0,0,0
202604,206,24180,5,Granbury  TX ,37,37,10606,0,0,0,0,0,0,0,0,0,35,35,10014,0,0,0,0,0,0,0,0,0
202604,206,33420,5,Mineral Wells  TX ,2,2,592,0,0,0,0,0,0,0,0,0,0,0,0,0,0,0,0,0,0,0,0,0
202604,206,43300,2,Sherman-Denison  TX ,64,64,18940,1,2,302,0,0,0,0,0,0,42,42,12609,1,2,302,0,0,0,0,0,0
202604,206,44860,5,Sulphur Springs  TX ,6,6,1201,0,0,0,0,0,0,0,0,0,0,0,0,0,0,0,0,0,0,0,0,0
202604,209,17540,5,Clinton  IA ,3,3,1229,0,0,0,0,0,0,1,5,833,0,0,0,0,0,0,0,0,0,0,0,0
202604,209,19340,2,Davenport-Moline-Rock Island  IA-IL ,40,40,12228,1,2,300,0,0,0,2,10,1049,32,32,9826,0,0,0,0,0,0,0,0,0
202604,209,34700,5,Muscatine  IA ,7,7,857,0,0,0,0,0,0,0,0,0,6,6,557,0,0,0,0,0,0,0,0,0
202604,212,19430,2,Dayton-Kettering-Beavercreek  OH ,153,153,54480,3,6,1150,2,7,1875,2,36,4367,134,134,48716,3,6,1150,2,7,1875,0,0,0
202604,212,24820,5,Greenville  OH ,4,4,2543,0,0,0,0,0,0,0,0,0,4,4,2543,0,0,0,0,0,0,0,0,0
202604,212,43380,5,Sidney  OH ,10,10,3322,0,0,0,0,0,0,0,0,0,10,10,3322,0,0,0,0,0,0,0,0,0
202604,212,44220,2,Springfield  OH ,30,30,6431,0,0,0,0,0,0,0,0,0,30,30,6431,0,0,0,0,0,0,0,0,0
202604,212,46500,5,Urbana  OH ,3,3,975,0,0,0,0,0,0,0,0,0,3,3,975,0,0,0,0,0,0,0,0,0
202604,216,14500,2,Boulder  CO ,51,51,29392,0,0,0,0,0,0,0,0,0,51,51,29392,0,0,0,0,0,0,0,0,0
202604,216,19740,2,Denver-Aurora-Centennial  CO ,761,761,280681,12,24,8221,8,27,6142,27,1377,305136,732,732,270973,11,22,7844,8,27,6142,26,1372,304306
202604,216,24540,2,Greeley  CO ,246,246,87801,0,0,0,0,0,0,1,5,1485,235,235,84353,0,0,0,0,0,0,1,5,1485
202604,218,11180,2,Ames  IA ,28,28,11158,0,0,0,1,3,440,0,0,0,24,24,9763,0,0,0,0,0,0,0,0,0
202604,218,19780,2,Des Moines-West Des Moines  IA ,303,303,116219,2,4,656,0,0,0,3,149,25847,283,283,110437,2,4,656,0,0,0,3,149,25847
202604,218,36820,5,Oskaloosa  IA ,1,1,513,0,0,0,0,0,0,0,0,0,0,0,0,0,0,0,0,0,0,0,0,0
202604,218,37800,5,Pella  IA ,25,25,5784,0,0,0,0,0,0,1,9,1394,10,10,3365,0,0,0,0,0,0,0,0,0
202604,220,10300,5,Adrian  MI ,15,15,5842,0,0,0,0,0,0,0,0,0,4,4,2725,0,0,0,0,0,0,0,0,0
202604,220,11460,2,Ann Arbor  MI ,45,45,22801,0,0,0,1,4,676,4,98,28537,32,32,17741,0,0,0,1,4,676,3,37,6608
202604,220,19820,2,Detroit-Warren-Dearborn  MI ,434,434,173511,12,24,1338,8,28,5757,10,96,18366,342,342,137732,12,24,1338,7,25,5172,7,77,15289
202604,220,22420,2,Flint  MI ,27,27,7491,2,4,800,0,0,0,1,7,1938,19,19,5400,2,4,800,0,0,0,0,0,0
202604,220,33780,2,Monroe  MI ,22,22,7262,1,2,280,0,0,0,0,0,0,7,7,2713,0,0,0,0,0,0,0,0,0
202604,221,19940,5,Dixon  IL ,5,5,629,0,0,0,0,0,0,0,0,0,5,5,629,0,0,0,0,0,0,0,0,0
202604,221,44580,5,Sterling  IL ,2,2,722,0,0,0,0,0,0,0,0,0,2,2,722,0,0,0,0,0,0,0,0,0
202604,222,20020,2,Dothan  AL ,56,56,18624,0,0,0,0,0,0,0,0,0,32,32,12140,0,0,0,0,0,0,0,0,0
202604,222,21460,5,Enterprise  AL ,19,19,5000,0,0,0,0,0,0,0,0,0,0,0,0,0,0,0,0,0,0,0,0,0
202604,222,37120,5,Ozark  AL ,3,3,427,0,0,0,0,0,0,0,0,0,3,3,427,0,0,0,0,0,0,0,0,0
202604,228,20260,2,Duluth  MN-WI ,38,38,13497,0,0,0,0,0,0,1,5,357,33,33,11713,0,0,0,0,0,0,0,0,0
202604,228,24330,5,Grand Rapids  MN ,11,11,4053,0,0,0,0,0,0,1,14,2295,8,8,3010,0,0,0,0,0,0,0,0,0
202604,232,20740,2,Eau Claire  WI ,34,34,12497,2,4,880,0,0,0,3,32,3290,32,32,11780,2,4,880,0,0,0,3,32,3290
202604,232,32860,5,Menomonie  WI ,11,11,3599,0,0,0,0,0,0,0,0,0,8,8,2615,0,0,0,0,0,0,0,0,0
202604,233,20780,5,Edwards  CO ,16,16,12398,0,0,0,1,3,700,1,5,1857,14,14,10164,0,0,0,0,0,0,0,0,0
202604,233,40090,5,Rifle  CO ,17,17,41671,1,2,632,0,0,0,1,5,857,15,15,41012,1,2,632,0,0,0,0,0,0
202604,236,18500,5,Corning  NY ,8,8,2127,0,0,0,0,0,0,0,0,0,0,0,0,0,0,0,0,0,0,0,0,0
202604,236,21300,2,Elmira  NY ,4,4,1622,0,0,0,0,0,0,1,5,560,0,0,0,0,0,0,0,0,0,0,0,0
202604,238,21340,2,El Paso  TX ,193,193,48671,3,6,777,1,4,527,1,6,707,48,48,14731,0,0,0,0,0,0,0,0,0
202604,238,29740,2,Las Cruces  NM ,46,46,13721,2,4,808,0,0,0,0,0,0,29,29,8804,2,4,808,0,0,0,0,0,0
202604,240,21500,2,Erie  PA ,11,11,4500,0,0,0,0,0,0,0,0,0,7,7,3285,0,0,0,0,0,0,0,0,0
202604,240,32740,5,Meadville  PA ,6,6,1740,0,0,0,0,0,0,0,0,0,0,0,0,0,0,0,0,0,0,0,0,0
202604,241,21780,2,Evansville  IN ,59,59,21204,1,2,292,0,0,0,0,0,0,39,39,14949,0,0,0,0,0,0,0,0,0
202604,241,25775,5,Henderson  KY ,12,12,4170,1,2,180,0,0,0,0,0,0,11,11,3874,1,2,180,0,0,0,0,0,0
202604,242,17220,5,Clarksburg  WV ,8,8,2517,0,0,0,0,0,0,0,0,0,8,8,2517,0,0,0,0,0,0,0,0,0
202604,242,21900,5,Fairmont  WV ,2,2,257,0,0,0,0,0,0,0,0,0,2,2,257,0,0,0,0,0,0,0,0,0
202604,244,22020,2,Fargo  ND-MN ,78,78,33181,0,0,0,1,4,500,1,44,8726,75,75,32003,0,0,0,1,4,500,1,44,8726
202604,244,47420,5,Wahpeton  ND-MN ,4,4,1425,0,0,0,0,0,0,0,0,0,0,0,0,0,0,0,0,0,0,0,0,0
202604,246,22180,2,Fayetteville  NC ,65,65,15319,0,0,0,0,0,0,0,0,0,65,65,15319,0,0,0,0,0,0,0,0,0
202604,246,29900,5,Laurinburg  NC ,5,5,943,0,0,0,0,0,0,0,0,0,5,5,943,0,0,0,0,0,0,0,0,0
202604,246,31300,5,Lumberton  NC ,30,30,6953,1,2,140,0,0,0,0,0,0,6,6,1850,1,2,140,0,0,0,0,0,0
202604,246,38240,2,Pinehurst-Southern Pines  NC ,85,85,23307,0,0,0,0,0,0,0,0,0,71,71,19536,0,0,0,0,0,0,0,0,0
202604,246,40460,5,Rockingham  NC ,7,7,2083,0,0,0,0,0,0,1,8,960,6,6,1869,0,0,0,0,0,0,0,0,0
202604,248,22300,5,Findlay  OH ,5,5,1466,0,0,0,0,0,0,0,0,0,2,2,480,0,0,0,0,0,0,0,0,0
202604,248,45660,5,Tiffin  OH ,2,2,324,0,0,0,0,0,0,0,0,0,0,0,0,0,0,0,0,0,0,0,0,0
202604,250,22520,2,Florence-Muscle Shoals  AL ,17,17,5485,0,0,0,8,31,4709,0,0,0,10,10,4283,0,0,0,8,31,4709,0,0,0
202604,250,40770,5,Russellville  AL ,2,2,592,0,0,0,0,0,0,0,0,0,0,0,0,0,0,0,0,0,0,0,0,0
202604,258,11420,5,Angola  IN ,17,17,6119,0,0,0,0,0,0,0,0,0,17,17,6119,0,0,0,0,0,0,0,0,0
202604,258,12140,5,Auburn  IN ,9,9,3669,0,0,0,0,0,0,0,0,0,4,4,1578,0,0,0,0,0,0,0,0,0
202604,258,19540,5,Decatur  IN ,9,9,2124,0,0,0,0,0,0,0,0,0,0,0,0,0,0,0,0,0,0,0,0,0
202604,258,23060,2,Fort Wayne  IN ,153,153,57595,1,2,349,1,3,547,5,69,6781,146,146,55041,0,0,0,0,0,0,4,64,6000
202604,258,26540,5,Huntington  IN ,3,3,930,0,0,0,0,0,0,0,0,0,3,3,930,0,0,0,0,0,0,0,0,0
202604,258,28340,5,Kendallville  IN ,11,11,3045,0,0,0,0,0,0,0,0,0,7,7,2317,0,0,0,0,0,0,0,0,0
202604,260,23420,2,Fresno  CA ,151,151,70742,0,0,0,0,0,0,0,0,0,135,135,64191,0,0,0,0,0,0,0,0,0
202604,260,25260,2,Hanford-Corcoran  CA ,58,58,16908,0,0,0,0,0,0,1,6,652,22,22,4266,0,0,0,0,0,0,0,0,0
202604,264,23540,2,Gainesville  FL ,85,85,27749,0,0,0,0,0,0,3,182,23638,6,6,1660,0,0,0,0,0,0,0,0,0
202604,264,29380,5,Lake City  FL ,15,15,4224,0,0,0,0,0,0,0,0,0,0,0,0,0,0,0,0,0,0,0,0,0
202604,266,13660,5,Big Rapids  MI ,13,13,2818,0,0,0,0,0,0,0,0,0,8,8,1483,0,0,0,0,0,0,0,0,0
202604,266,24340,2,Grand Rapids-Wyoming-Kentwood  MI ,226,226,79790,1,2,733,1,3,867,6,38,4806,148,148,50726,1,2,733,0,0,0,1,6,60
202604,266,26090,5,Holland  MI ,50,50,15398,0,0,0,0,0,0,0,0,0,36,36,11665,0,0,0,0,0,0,0,0,0
202604,266,34740,2,Muskegon-Norton Shores  MI ,37,37,11689,0,0,0,0,0,0,0,0,0,22,22,7941,0,0,0,0,0,0,0,0,0
202604,267,24580,2,Green Bay  WI ,69,69,32268,6,12,2117,0,0,0,6,66,10480,42,42,18952,0,0,0,0,0,0,4,53,8253
202604,267,43020,5,Shawano  WI ,12,12,4685,0,0,0,0,0,0,0,0,0,10,10,3911,0,0,0,0,0,0,0,0,0
202604,268,15500,2,Burlington  NC ,174,174,30825,0,0,0,0,0,0,0,0,0,174,174,30825,0,0,0,0,0,0,0,0,0
202604,268,24660,2,Greensboro-High Point  NC ,231,231,69550,3,6,744,0,0,0,5,105,5097,216,216,66602,3,6,744,0,0,0,4,96,4437
202604,268,34340,5,Mount Airy  NC ,25,25,6318,0,0,0,0,0,0,0,0,0,25,25,6318,0,0,0,0,0,0,0,0,0
202604,268,49180,2,Winston-Salem  NC ,429,429,122772,0,0,0,0,0,0,1,10,394,390,390,112724,0,0,0,0,0,0,0,0,0
202604,273,23500,5,Gaffney  SC ,24,24,6597,1,2,165,1,3,75,1,10,1971,19,19,5851,0,0,0,0,0,0,0,0,0
202604,273,24860,2,Greenville-Anderson-Greer  SC ,610,610,237505,0,0,0,0,0,0,7,180,53475,576,576,229093,0,0,0,0,0,0,7,180,53475
202604,273,24940,5,Greenwood  SC ,50,50,9553,0,0,0,0,0,0,0,0,0,21,21,4214,0,0,0,0,0,0,0,0,0
202604,273,42860,5,Seneca  SC ,63,63,30449,0,0,0,0,0,0,1,5,767,56,56,28082,0,0,0,0,0,0,0,0,0
202604,273,43900,2,Spartanburg  SC ,503,503,106956,1,2,283,0,0,0,1,43,1251,491,491,104992,0,0,0,0,0,0,0,0,0
202604,274,24780,2,Greenville  NC ,51,51,16106,18,36,3714,0,0,0,14,312,58780,11,11,4345,18,36,3714,0,0,0,14,312,58780
202604,274,47820,5,Washington  NC ,3,3,2477,0,0,0,0,0,0,0,0,0,3,3,2477,0,0,0,0,0,0,0,0,0
202604,276,23900,2,Gettysburg  PA ,43,43,16281,0,0,0,0,0,0,0,0,0,43,43,16281,0,0,0,0,0,0,0,0,0
202604,276,25420,2,Harrisburg-Carlisle  PA ,100,100,27632,1,2,680,1,4,765,1,6,1240,76,76,20044,1,2,680,1,4,765,1,6,1240
202604,276,30140,2,Lebanon  PA ,22,22,5518,2,4,528,0,0,0,1,5,800,17,17,4373,1,2,390,0,0,0,0,0,0
202604,276,49620,2,York-Hanover  PA ,94,94,27404,0,0,0,0,0,0,3,65,4509,56,56,15730,0,0,0,0,0,0,2,60,3940
202604,277,25500,2,Harrisonburg  VA ,42,42,11013,0,0,0,0,0,0,0,0,0,42,42,11013,0,0,0,0,0,0,0,0,0
202604,277,44420,2,Staunton-Stuarts Draft  VA ,84,84,19310,0,0,0,0,0,0,0,0,0,84,84,19310,0,0,0,0,0,0,0,0,0
202604,279,25620,2,Hattiesburg  MS ,7,7,1624,0,0,0,0,0,0,0,0,0,0,0,0,0,0,0,0,0,0,0,0,0
202604,279,29860,5,Laurel  MS ,0,0,0,0,0,0,0,0,0,0,0,0,0,0,0,0,0,0,0,0,0,0,0,0
202604,284,26300,2,Hot Springs  AR ,5,5,524,0,0,0,0,0,0,0,0,0,5,5,524,0,0,0,0,0,0,0,0,0
202604,284,31680,5,Malvern  AR ,0,0,0,0,0,0,0,0,0,0,0,0,0,0,0,0,0,0,0,0,0,0,0,0
202604,288,13060,5,Bay City  TX ,20,20,4387,0,0,0,0,0,0,0,0,0,19,19,4075,0,0,0,0,0,0,0,0,0
202604,288,14780,5,Brenham  TX ,16,16,2311,0,0,0,0,0,0,0,0,0,16,16,2311,0,0,0,0,0,0,0,0,0
202604,288,20900,5,El Campo  TX ,15,15,4584,0,0,0,0,0,0,0,0,0,10,10,3114,0,0,0,0,0,0,0,0,0
202604,288,26420,2,Houston-Pasadena-The Woodlands  TX ,4251,4251,1141028,125,250,44814,3,9,360,27,519,100468,3897,3897,1044401,125,250,44814,3,9,360,25,496,97414
202604,288,26660,5,Huntsville  TX ,47,47,9816,0,0,0,0,0,0,0,0,0,13,13,2849,0,0,0,0,0,0,0,0,0
202604,290,10700,5,Albertville  AL ,17,17,3779,0,0,0,0,0,0,0,0,0,13,13,3080,0,0,0,0,0,0,0,0,0
202604,290,19460,2,Decatur  AL ,32,32,8248,0,0,0,0,0,0,0,0,0,29,29,7518,0,0,0,0,0,0,0,0,0
202604,290,22190,5,Fayetteville  TN ,15,15,2433,0,0,0,0,0,0,0,0,0,15,15,2433,0,0,0,0,0,0,0,0,0
202604,290,22840,5,Fort Payne  AL ,3,3,797,0,0,0,0,0,0,0,0,0,3,3,797,0,0,0,0,0,0,0,0,0
202604,290,26620,2,Huntsville  AL ,387,387,110570,0,0,0,0,0,0,1,42,7232,241,241,74557,0,0,0,0,0,0,1,42,7232
202604,292,13940,5,Blackfoot  ID ,21,21,5443,0,0,0,0,0,0,0,0,0,16,16,3302,0,0,0,0,0,0,0,0,0
202604,292,26820,2,Idaho Falls  ID ,106,106,27437,0,0,0,0,0,0,0,0,0,106,106,27437,0,0,0,0,0,0,0,0,0
202604,292,39940,5,Rexburg  ID ,29,29,8024,0,0,0,5,19,4357,2,12,3807,29,29,8024,0,0,0,4,16,3835,2,12,3807
202604,294,18020,2,Columbus  IN ,15,15,7273,0,0,0,0,0,0,0,0,0,14,14,7223,0,0,0,0,0,0,0,0,0
202604,294,18820,5,Crawfordsville  IN ,6,6,1605,0,0,0,0,0,0,0,0,0,2,2,630,0,0,0,0,0,0,0,0,0
202604,294,24600,5,Greencastle  IN ,12,12,4364,0,0,0,0,0,0,0,0,0,12,12,4364,0,0,0,0,0,0,0,0,0
202604,294,24700,5,Greensburg  IN ,5,5,1578,0,0,0,0,0,0,0,0,0,1,1,250,0,0,0,0,0,0,0,0,0
202604,294,26900,2,Indianapolis-Carmel-Greenwood  IN ,828,828,338705,16,32,2843,2,8,1253,18,437,70984,696,696,291727,16,32,2843,2,8,1253,16,390,63977
202604,294,29020,2,Kokomo  IN ,7,7,1946,0,0,0,0,0,0,1,96,18000,7,7,1946,0,0,0,0,0,0,1,96,18000
202604,294,34620,2,Muncie  IN ,12,12,3502,0,0,0,0,0,0,1,14,1965,9,9,2126,0,0,0,0,0,0,0,0,0
202604,294,35220,5,New Castle  IN ,5,5,1632,0,0,0,0,0,0,0,0,0,2,2,636,0,0,0,0,0,0,0,0,0
202604,294,37940,5,Peru  IN ,4,4,793,0,0,0,0,0,0,0,0,0,3,3,490,0,0,0,0,0,0,0,0,0
202604,294,42980,5,Seymour  IN ,10,10,3698,1,2,325,0,0,0,0,0,0,10,10,3698,0,0,0,0,0,0,0,0,0
202604,296,18660,5,Cortland  NY ,4,4,988,0,0,0,0,0,0,0,0,0,0,0,0,0,0,0,0,0,0,0,0,0
202604,296,27060,2,Ithaca  NY ,11,11,3540,1,2,200,0,0,0,2,18,3565,2,2,699,0,0,0,0,0,0,0,0,0
202604,298,15020,5,Brookhaven  MS ,0,0,0,0,0,0,0,0,0,0,0,0,0,0,0,0,0,0,0,0,0,0,0,0
202604,298,27140,2,Jackson  MS ,180,180,56551,2,4,312,0,0,0,1,7,562,146,146,51744,0,0,0,0,0,0,0,0,0
202604,298,46980,5,Vicksburg  MS ,2,2,424,0,0,0,0,0,0,0,0,0,2,2,424,0,0,0,0,0,0,0,0,0
202604,300,27260,2,Jacksonville  FL ,867,867,257331,11,22,5242,0,0,0,2,543,146770,861,861,254804,11,22,5242,0,0,0,2,543,146770
202604,300,28680,5,Kingsland  GA ,31,31,9768,0,0,0,0,0,0,0,0,0,30,30,9657,0,0,0,0,0,0,0,0,0
202604,300,37260,5,Palatka  FL ,9,9,2631,0,0,0,0,0,0,0,0,0,8,8,2408,0,0,0,0,0,0,0,0,0
202604,304,24620,5,Greeneville  TN ,37,37,12604,0,0,0,0,0,0,0,0,0,37,37,12604,0,0,0,0,0,0,0,0,0
202604,304,27740,2,Johnson City  TN ,62,62,23253,3,6,1600,0,0,0,2,10,1233,43,43,17783,3,6,1600,0,0,0,2,10,1233
202604,304,28700,2,Kingsport-Bristol  TN-VA ,64,64,14595,1,2,352,0,0,0,3,22,2550,28,28,7749,1,2,352,0,0,0,2,10,1350
202604,306,27780,2,Johnstown  PA ,8,8,2962,0,0,0,0,0,0,0,0,0,0,0,0,0,0,0,0,0,0,0,0,0
202604,306,43740,5,Somerset  PA ,7,7,2279,0,0,0,0,0,0,0,0,0,0,0,0,0,0,0,0,0,0,0,0,0
202604,308,27860,2,Jonesboro  AR ,57,57,9507,3,6,586,3,9,466,1,5,284,8,8,1411,0,0,0,0,0,0,0,0,0
202604,308,37500,5,Paragould  AR ,20,20,4058,2,4,400,0,0,0,0,0,0,20,20,4058,2,4,400,0,0,0,0,0,0
202604,309,27900,2,Joplin  MO-KS ,43,43,10492,5,10,1588,0,0,0,0,0,0,28,28,6448,5,10,1588,0,0,0,0,0,0
202604,309,33060,5,Miami  OK ,1,1,195,0,0,0,0,0,0,0,0,0,0,0,0,0,0,0,0,0,0,0,0,0
202604,310,12980,2,Battle Creek  MI ,14,14,2778,0,0,0,0,0,0,0,0,0,7,7,1142,0,0,0,0,0,0,0,0,0
202604,310,28020,2,Kalamazoo-Portage  MI ,53,53,14236,0,0,0,1,3,791,0,0,0,39,39,8673,0,0,0,1,3,791,0,0,0
202604,310,44780,5,Sturgis  MI ,16,16,6371,0,0,0,0,0,0,2,11,1724,7,7,2474,0,0,0,0,0,0,0,0,0
202604,312,11860,5,Atchison  KS ,2,2,515,0,0,0,0,0,0,0,0,0,0,0,0,0,0,0,0,0,0,0,0,0
202604,312,28140,2,Kansas City  MO-KS ,583,583,237078,11,22,4391,6,21,3671,13,360,70821,510,510,214247,11,22,4391,6,21,3671,11,318,64083
202604,312,29940,2,Lawrence  KS ,21,21,9014,1,2,402,0,0,0,1,5,656,6,6,4140,0,0,0,0,0,0,0,0,0
202604,312,36840,5,Ottawa  KS ,15,15,4350,0,0,0,0,0,0,0,0,0,14,14,4125,0,0,0,0,0,0,0,0,0
202604,312,41140,2,St. Joseph  MO-KS ,4,4,829,0,0,0,0,0,0,0,0,0,0,0,0,0,0,0,0,0,0,0,0,0
202604,312,47660,5,Warrensburg  MO ,3,3,807,0,0,0,0,0,0,0,0,0,2,2,616,0,0,0,0,0,0,0,0,0
202604,313,14710,5,Brattleboro  VT ,11,11,2947,0,0,0,1,3,499,0,0,0,2,2,557,0,0,0,0,0,0,0,0,0
202604,313,28300,5,Keene  NH ,15,15,5008,0,0,0,0,0,0,1,5,891,2,2,950,0,0,0,0,0,0,0,0,0
202604,314,28420,2,Kennewick-Richland  WA ,139,139,46226,1,2,311,1,3,540,5,69,10539,71,71,26007,0,0,0,0,0,0,0,0,0
202604,314,47460,2,Walla Walla  WA ,12,12,4587,0,0,0,0,0,0,4,84,14218,10,10,4125,0,0,0,0,0,0,4,84,14218
202604,315,28940,2,Knoxville  TN ,468,468,139911,3,6,1720,0,0,0,12,267,47630,324,324,97668,2,4,1200,0,0,0,10,164,29720
202604,315,34100,2,Morristown  TN ,52,52,22103,1,2,550,0,0,0,0,0,0,47,47,21293,1,2,550,0,0,0,0,0,0
202604,315,35460,5,Newport  TN ,0,0,0,0,0,0,0,0,0,0,0,0,0,0,0,0,0,0,0,0,0,0,0,0
202604,315,42940,5,Sevierville  TN ,73,73,24976,1,2,340,0,0,0,12,305,29913,72,72,24637,0,0,0,0,0,0,12,305,29913
202604,317,29100,2,La Crosse-Onalaska  WI-MN ,48,48,21295,0,0,0,0,0,0,0,0,0,29,29,14834,0,0,0,0,0,0,0,0,0
202604,317,43890,5,Sparta  WI ,14,14,3807,1,2,434,0,0,0,0,0,0,8,8,1257,0,0,0,0,0,0,0,0,0
202604,318,29180,2,Lafayette  LA ,191,191,44588,0,0,0,0,0,0,0,0,0,106,106,25227,0,0,0,0,0,0,0,0,0
202604,318,35340,5,New Iberia  LA ,8,8,1755,0,0,0,0,0,0,0,0,0,0,0,0,0,0,0,0,0,0,0,0,0
202604,318,36660,5,Opelousas  LA ,11,11,2361,0,0,0,0,0,0,0,0,0,2,2,623,0,0,0,0,0,0,0,0,0
202604,320,23140,5,Frankfort  IN ,0,0,0,0,0,0,0,0,0,0,0,0,0,0,0,0,0,0,0,0,0,0,0,0
202604,320,29200,2,Lafayette-West Lafayette  IN ,63,63,23421,1,2,235,0,0,0,5,187,26201,14,14,5917,0,0,0,0,0,0,1,44,7200
202604,320,33900,5,Monticello  IN ,6,6,1961,0,0,0,0,0,0,0,0,0,6,6,1961,0,0,0,0,0,0,0,0,0
202604,324,19760,5,DeRidder  LA ,7,7,1747,0,0,0,0,0,0,0,0,0,0,0,0,0,0,0,0,0,0,0,0,0
202604,324,29340,2,Lake Charles  LA ,70,70,12358,5,10,610,0,0,0,0,0,0,65,65,11115,5,10,610,0,0,0,0,0,0
202604,330,29620,2,Lansing-East Lansing  MI ,47,47,17985,0,0,0,0,0,0,3,34,3864,20,20,10169,0,0,0,0,0,0,0,0,0
202604,330,37020,5,Owosso  MI ,5,5,1063,0,0,0,0,0,0,0,0,0,0,0,0,0,0,0,0,0,0,0,0,0
202604,332,29820,2,Las Vegas-Henderson-North Las Vegas  NV ,598,598,196915,1,2,615,0,0,0,0,0,0,596,596,194972,0,0,0,0,0,0,0,0,0
202604,332,37220,5,Pahrump  NV ,34,34,11196,1,2,377,1,4,826,0,0,0,0,0,0,0,0,0,0,0,0,0,0,0
202604,334,20340,5,Duncan  OK ,1,1,147,0,0,0,0,0,0,0,0,0,1,1,147,0,0,0,0,0,0,0,0,0
202604,334,30020,2,Lawton  OK ,12,12,1812,5,10,1153,0,0,0,0,0,0,8,8,1330,5,10,1153,0,0,0,0,0,0
202604,336,23180,5,Frankfort  KY ,8,8,2296,0,0,0,0,0,0,0,0,0,8,8,2296,0,0,0,0,0,0,0,0,0
202604,336,30460,2,Lexington-Fayette  KY ,138,138,39416,2,4,330,1,4,586,2,57,4694,76,76,24796,0,0,0,0,0,0,0,0,0
202604,336,34460,5,Mount Sterling  KY ,5,5,1155,0,0,0,0,0,0,0,0,0,0,0,0,0,0,0,0,0,0,0,0,0
202604,336,40080,5,Richmond-Berea  KY ,59,59,16475,0,0,0,0,0,0,0,0,0,59,59,16475,0,0,0,0,0,0,0,0,0
202604,338,16380,5,Celina  OH ,11,11,3986,1,2,475,0,0,0,0,0,0,4,4,960,1,2,475,0,0,0,0,0,0
202604,338,30620,2,Lima  OH ,11,11,3396,0,0,0,0,0,0,1,5,294,0,0,0,0,0,0,0,0,0,0,0,0
202604,338,46780,5,Van Wert  OH ,6,6,1931,0,0,0,0,0,0,0,0,0,1,1,290,0,0,0,0,0,0,0,0,0
202604,338,47540,5,Wapakoneta  OH ,9,9,2495,0,0,0,0,0,0,0,0,0,2,2,440,0,0,0,0,0,0,0,0,0
202604,339,13100,5,Beatrice  NE ,1,1,255,0,0,0,0,0,0,0,0,0,0,0,0,0,0,0,0,0,0,0,0,0
202604,339,30700,2,Lincoln  NE ,98,98,34430,1,2,429,2,8,1414,3,102,10093,91,91,32515,1,2,429,2,8,1414,3,102,10093
202604,340,30780,2,Little Rock-North Little Rock-Conway  AR ,186,186,55934,16,32,4318,0,0,0,0,0,0,167,167,51922,16,32,4318,0,0,0,0,0,0
202604,340,38220,5,Pine Bluff  AR ,4,4,786,0,0,0,0,0,0,0,0,0,3,3,638,0,0,0,0,0,0,0,0,0
202604,340,42620,5,Searcy  AR ,18,18,3280,0,0,0,0,0,0,0,0,0,17,17,3155,0,0,0,0,0,0,0,0,0
202604,348,31080,2,Los Angeles-Long Beach-Anaheim  CA ,1204,1204,352321,58,116,36191,6,18,3748,33,815,138758,857,857,267499,51,102,32914,2,6,1630,21,702,117423
202604,348,37100,2,Oxnard-Thousand Oaks-Ventura  CA ,105,105,52621,0,0,0,1,3,1107,2,23,3417,88,88,47319,0,0,0,0,0,0,0,0,0
202604,348,40140,2,Riverside-San Bernardino-Ontario  CA ,1206,1206,396726,12,24,2486,1,3,620,4,36,7629,1059,1059,343119,12,24,2486,0,0,0,4,36,7629
202604,350,21060,2,Elizabethtown  KY ,62,62,13987,1,2,264,1,3,348,0,0,0,52,52,11789,0,0,0,0,0,0,0,0,0
202604,350,31140,2,Louisville-Jefferson County  KY-IN ,367,367,110916,2,4,881,0,0,0,12,241,37561,239,239,75745,1,2,604,0,0,0,6,72,7200
202604,352,31180,2,Lubbock  TX ,207,207,56049,0,0,0,0,0,0,30,255,21494,205,205,55354,0,0,0,0,0,0,30,255,21494
202604,352,38380,5,Plainview  TX ,0,0,0,0,0,0,0,0,0,0,0,0,0,0,0,0,0,0,0,0,0,0,0,0
202604,356,31420,2,Macon-Bibb County  GA ,45,45,11640,0,0,0,0,0,0,0,0,0,8,8,1991,0,0,0,0,0,0,0,0,0
202604,356,47580,2,Warner Robins  GA ,106,106,19482,0,0,0,0,0,0,0,0,0,71,71,11890,0,0,0,0,0,0,0,0,0
202604,357,12660,5,Baraboo  WI ,30,30,10231,0,0,0,0,0,0,1,56,10896,15,15,3846,0,0,0,0,0,0,1,56,10896
202604,357,27500,2,Janesville-Beloit  WI ,17,17,5217,1,2,380,0,0,0,0,0,0,8,8,2513,1,2,380,0,0,0,0,0,0
202604,357,31540,2,Madison  WI ,169,169,89626,3,6,1539,0,0,0,8,736,151692,132,132,74804,0,0,0,0,0,0,7,695,144945
202604,359,31860,2,Mankato  MN ,34,34,11576,0,0,0,0,0,0,1,38,4750,30,30,9806,0,0,0,0,0,0,1,38,4750
202604,359,35580,5,New Ulm  MN ,2,2,720,0,0,0,0,0,0,0,0,0,2,2,720,0,0,0,0,0,0,0,0,0
202604,360,11740,5,Ashland  OH ,7,7,2079,0,0,0,0,0,0,0,0,0,0,0,0,0,0,0,0,0,0,0,0,0
202604,360,15340,5,Bucyrus  OH ,3,3,1028,0,0,0,0,0,0,0,0,0,0,0,0,0,0,0,0,0,0,0,0,0
202604,360,31900,2,Mansfield  OH ,10,10,3376,0,0,0,0,0,0,0,0,0,0,0,0,0,0,0,0,0,0,0,0,0
202604,361,27020,5,Iron Mountain  MI-WI ,6,6,1777,0,0,0,0,0,0,0,0,0,0,0,0,0,0,0,0,0,0,0,0,0
202604,361,31940,5,Marinette  WI-MI ,16,16,3701,0,0,0,0,0,0,1,5,746,3,3,380,0,0,0,0,0,0,0,0,0
202604,365,32580,2,McAllen-Edinburg-Mission  TX ,387,387,47027,36,72,7851,25,95,9515,0,0,0,319,319,28574,35,70,7527,12,48,2831,0,0,0
202604,365,40100,5,Rio Grande City-Roma  TX ,0,0,0,0,0,0,0,0,0,0,0,0,0,0,0,0,0,0,0,0,0,0,0,0
202604,366,24420,2,Grants Pass  OR ,11,11,3936,1,2,359,0,0,0,1,16,2833,6,6,2370,0,0,0,0,0,0,0,0,0
202604,366,32780,2,Medford  OR ,35,35,10813,2,4,778,0,0,0,0,0,0,29,29,8108,2,4,778,0,0,0,0,0,0
202604,368,17260,5,Clarksdale  MS ,1,1,33,0,0,0,0,0,0,0,0,0,0,0,0,0,0,0,0,0,0,0,0,0
202604,368,22620,5,Forrest City  AR ,0,0,0,0,0,0,0,0,0,0,0,0,0,0,0,0,0,0,0,0,0,0,0,0
202604,368,32820,2,Memphis  TN-MS-AR ,302,302,54012,0,0,0,0,0,0,0,0,0,275,275,47544,0,0,0,0,0,0,0,0,0
202604,370,28580,5,Key West-Key Largo  FL ,24,24,17551,1,2,500,0,0,0,0,0,0,6,6,2577,0,0,0,0,0,0,0,0,0
202604,370,33100,2,Miami-Fort Lauderdale-West Palm Beach  FL ,553,553,276723,34,68,17598,3,10,2307,40,1404,285959,399,399,187632,33,66,17322,3,10,2307,30,1222,243373
202604,370,36380,5,Okeechobee  FL ,9,9,2897,0,0,0,0,0,0,0,0,0,9,9,2897,0,0,0,0,0,0,0,0,0
202604,370,38940,2,Port St. Lucie  FL ,372,372,161115,0,0,0,0,0,0,0,0,0,372,372,161115,0,0,0,0,0,0,0,0,0
202604,370,42680,2,Sebastian-Vero Beach-West Vero Corridor  FL ,11,11,8865,0,0,0,0,0,0,0,0,0,10,10,8412,0,0,0,0,0,0,0,0,0
202604,371,18340,5,Corbin  KY ,1,1,96,2,4,353,0,0,0,0,0,0,0,0,0,0,0,0,0,0,0,0,0,0
202604,371,33180,5,Middlesborough  KY ,4,4,411,0,0,0,0,0,0,0,0,0,0,0,0,0,0,0,0,0,0,0,0,0
202604,372,11380,5,Andrews  TX ,6,6,1419,0,0,0,0,0,0,0,0,0,0,0,0,0,0,0,0,0,0,0,0,0
202604,372,33260,2,Midland  TX ,64,64,22207,0,0,0,0,0,0,0,0,0,64,64,22207,0,0,0,0,0,0,0,0,0
202604,372,36220,2,Odessa  TX ,105,105,23502,0,0,0,0,0,0,0,0,0,105,105,23502,0,0,0,0,0,0,0,0,0
202604,376,13180,5,Beaver Dam  WI ,11,11,4915,0,0,0,0,0,0,0,0,0,4,4,2237,0,0,0,0,0,0,0,0,0
202604,376,33340,2,Milwaukee-Waukesha  WI ,144,144,78958,6,12,2874,0,0,0,5,84,13660,88,88,44669,4,8,2175,0,0,0,1,20,2800
202604,376,39540,2,Racine-Mount Pleasant  WI ,62,62,21241,1,2,652,0,0,0,3,41,2626,59,59,20191,0,0,0,0,0,0,0,0,0
202604,376,48020,5,Watertown-Fort Atkinson  WI ,12,12,5334,0,0,0,0,0,0,0,0,0,10,10,4528,0,0,0,0,0,0,0,0,0
202604,376,48580,5,Whitewater-Elkhorn  WI ,31,31,22829,0,0,0,0,0,0,0,0,0,21,21,19497,0,0,0,0,0,0,0,0,0
202604,378,22060,5,Faribault-Northfield  MN ,12,12,4718,0,0,0,0,0,0,0,0,0,6,6,2880,0,0,0,0,0,0,0,0,0
202604,378,26780,5,Hutchinson  MN ,9,9,3547,0,0,0,0,0,0,3,89,13879,9,9,3547,0,0,0,0,0,0,2,82,12855
202604,378,33460,2,Minneapolis-St. Paul-Bloomington  MN-WI ,836,836,312263,6,12,2870,1,3,1100,9,653,95028,698,698,262549,3,6,1596,1,3,1100,2,588,83731
202604,378,36940,5,Owatonna  MN ,8,8,2518,0,0,0,1,4,1000,1,5,612,6,6,1784,0,0,0,1,4,1000,0,0,0
202604,378,39860,5,Red Wing  MN ,6,6,1950,1,2,250,0,0,0,0,0,0,6,6,1950,1,2,250,0,0,0,0,0,0
202604,378,41060,2,St. Cloud  MN ,43,43,17313,0,0,0,0,0,0,3,25,4339,30,30,12170,0,0,0,0,0,0,0,0,0
202604,380,19300,2,Daphne-Fairhope-Foley  AL ,281,281,91528,0,0,0,0,0,0,1,5,573,237,237,78327,0,0,0,0,0,0,0,0,0
202604,380,33660,2,Mobile  AL ,95,95,30000,0,0,0,0,0,0,0,0,0,92,92,29191,0,0,0,0,0,0,0,0,0
202604,384,33740,2,Monroe  LA ,56,56,10899,0,0,0,0,0,0,0,0,0,27,27,3500,0,0,0,0,0,0,0,0,0
202604,384,40820,5,Ruston  LA ,10,10,2692,0,0,0,0,0,0,0,0,0,3,3,668,0,0,0,0,0,0,0,0,0
202604,388,33860,2,Montgomery  AL ,64,64,18487,0,0,0,0,0,0,0,0,0,62,62,17985,0,0,0,0,0,0,0,0,0
202604,388,42820,5,Selma  AL ,1,1,188,0,0,0,0,0,0,0,0,0,0,0,0,0,0,0,0,0,0,0,0,0
202604,393,34180,5,Moses Lake  WA ,33,33,11010,2,4,733,1,4,980,0,0,0,15,15,7068,0,0,0,1,4,980,0,0,0
202604,393,36830,5,Othello  WA ,3,3,933,0,0,0,0,0,0,0,0,0,1,1,484,0,0,0,0,0,0,0,0,0
202604,394,10940,5,Alma  MI ,3,3,644,0,0,0,0,0,0,0,0,0,0,0,0,0,0,0,0,0,0,0,0,0
202604,394,34380,5,Mount Pleasant  MI ,6,6,1103,0,0,0,0,0,0,0,0,0,5,5,775,0,0,0,0,0,0,0,0,0
202604,396,34680,5,Murrells Inlet  SC ,35,35,21056,0,0,0,0,0,0,0,0,0,0,0,0,0,0,0,0,0,0,0,0,0
202604,396,34820,2,Myrtle Beach-Conway-North Myrtle Beach  SC ,510,510,111098,0,0,0,0,0,0,2,10,500,489,489,103278,0,0,0,0,0,0,0,0,0
202604,400,29980,5,Lawrenceburg  TN ,2,2,418,0,0,0,0,0,0,0,0,0,0,0,0,0,0,0,0,0,0,0,0,0
202604,400,30280,5,Lewisburg  TN ,29,29,7094,0,0,0,0,0,0,1,5,630,0,0,0,0,0,0,0,0,0,0,0,0
202604,400,34980,2,Nashville-Davidson--Murfreesboro--Franklin  TN ,1165,1165,368713,14,28,6630,2,6,859,16,742,100046,990,990,330227,14,28,6630,0,0,0,15,734,99443
202604,400,43180,5,Shelbyville  TN ,36,36,8739,0,0,0,0,0,0,0,0,0,36,36,8739,0,0,0,0,0,0,0,0,0
202604,400,46100,5,Tullahoma-Manchester  TN ,52,52,13954,0,0,0,0,0,0,0,0,0,31,31,7911,0,0,0,0,0,0,0,0,0
202604,400,49010,5,Winchester  TN ,38,38,8440,0,0,0,0,0,0,0,0,0,25,25,4938,0,0,0,0,0,0,0,0,0
202604,404,33980,5,Morehead City  NC ,46,46,13121,0,0,0,0,0,0,0,0,0,45,45,12784,0,0,0,0,0,0,0,0,0
202604,404,35100,5,New Bern  NC ,51,51,14744,0,0,0,0,0,0,0,0,0,51,51,14744,0,0,0,0,0,0,0,0,0
202604,405,25540,2,Hartford-West Hartford-East Hartford  CT ,53,53,18428,4,8,1510,1,3,650,5,84,12439,35,35,12532,1,2,200,1,3,650,2,58,9209
202604,405,35300,2,New Haven  CT ,14,14,5647,2,4,667,2,6,1155,2,38,4973,7,7,3946,0,0,0,0,0,0,0,0,0
202604,405,35980,2,Norwich-New London-Willimantic  CT ,23,23,7897,0,0,0,2,6,1200,1,5,485,16,16,5903,0,0,0,2,6,1200,0,0,0
202604,405,39480,5,Putnam  CT ,28,28,7407,0,0,0,0,0,0,0,0,0,20,20,5582,0,0,0,0,0,0,0,0,0
202604,405,45860,5,Torrington  CT ,7,7,3071,0,0,0,1,3,338,0,0,0,1,1,200,0,0,0,0,0,0,0,0,0
202604,405,47930,2,Waterbury-Shelton  CT ,36,36,8877,0,0,0,1,4,1000,2,40,6994,19,19,5495,0,0,0,1,4,1000,1,35,6661
202604,406,14220,5,Bogalusa  LA ,0,0,0,0,0,0,0,0,0,0,0,0,0,0,0,0,0,0,0,0,0,0,0,0
202604,406,35380,2,New Orleans-Metairie  LA ,83,83,27910,10,20,2919,1,3,416,1,17,1072,54,54,18501,2,4,540,0,0,0,0,0,0
202604,406,38100,5,Picayune  MS ,27,27,6693,0,0,0,0,0,0,0,0,0,24,24,6124,0,0,0,0,0,0,0,0,0
202604,406,43640,2,Slidell-Mandeville-Covington  LA ,109,109,35337,1,2,290,0,0,0,0,0,0,106,106,34012,1,2,290,0,0,0,0,0,0
202604,408,14860,2,Bridgeport-Stamford-Danbury  CT ,41,41,37251,3,6,1850,5,18,5315,4,31,5147,27,27,24477,3,6,1850,5,18,5315,3,26,4448
202604,408,25770,5,Hemlock Farms  PA ,10,10,3866,0,0,0,0,0,0,0,0,0,5,5,1870,0,0,0,0,0,0,0,0,0
202604,408,28740,2,Kingston  NY ,19,19,7872,3,6,1115,1,3,600,0,0,0,10,10,5143,0,0,0,0,0,0,0,0,0
202604,408,28880,2,Kiryas Joel-Poughkeepsie-Newburgh  NY ,66,66,29645,1,2,250,0,0,0,8,117,22322,22,22,11427,0,0,0,0,0,0,1,44,7313
202604,408,33910,5,Monticello  NY ,28,28,9305,0,0,0,0,0,0,1,5,763,6,6,2323,0,0,0,0,0,0,0,0,0
202604,408,35620,2,New York-Newark-Jersey City  NY-NJ ,838,838,329844,90,180,28828,28,88,12358,86,2180,389503,488,488,198422,66,132,22827,19,60,9176,33,1581,301947
202604,408,45940,2,Trenton-Princeton  NJ ,45,45,13363,0,0,0,0,0,0,3,34,4280,30,30,12114,0,0,0,0,0,0,1,24,3792
202604,412,11580,5,Arcadia  FL ,16,16,5007,0,0,0,0,0,0,0,0,0,16,16,5007,0,0,0,0,0,0,0,0,0
202604,412,35840,2,North Port-Bradenton-Sarasota  FL ,1040,1040,356667,0,0,0,1,4,1711,0,0,0,1038,1038,356075,0,0,0,1,4,1711,0,0,0
202604,412,39460,2,Punta Gorda  FL ,288,288,92589,2,4,658,1,3,300,1,15,1863,288,288,92589,2,4,658,1,3,300,1,15,1863
202604,416,36420,2,Oklahoma City  OK ,574,574,166795,13,26,2639,2,8,578,3,41,4154,139,139,52163,0,0,0,0,0,0,0,0,0
202604,416,43060,5,Shawnee  OK ,9,9,2287,0,0,0,0,0,0,0,0,0,7,7,1652,0,0,0,0,0,0,0,0,0
202604,420,23340,5,Fremont  NE ,8,8,3326,0,0,0,1,4,940,0,0,0,6,6,2778,0,0,0,1,4,940,0,0,0
202604,420,36540,2,Omaha  NE-IA ,271,271,65743,7,14,2581,1,3,728,6,159,20296,151,151,31572,7,14,2581,1,3,728,4,120,16037
202604,422,19660,2,Deltona-Daytona Beach-Ormond Beach  FL ,371,371,154595,1,2,541,0,0,0,3,21,2202,290,290,116683,1,2,541,0,0,0,2,16,1700
202604,422,29460,2,Lakeland-Winter Haven  FL ,588,588,152868,2,4,233,0,0,0,1,18,1657,522,522,136785,1,2,97,0,0,0,0,0,0
202604,422,36740,2,Orlando-Kissimmee-Sanford  FL ,1124,1124,408891,3,6,1308,9,36,3330,26,760,135531,909,909,344770,2,4,828,9,36,3330,23,681,123872
202604,422,48680,2,Wildwood-The Villages  FL ,275,275,66666,6,12,1214,0,0,0,1,16,1315,0,0,0,0,0,0,0,0,0,0,0,0
202604,424,32460,5,Mayfield  KY ,8,8,2368,0,0,0,0,0,0,0,0,0,0,0,0,0,0,0,0,0,0,0,0,0
202604,424,37140,2,Paducah  KY-IL ,3,3,1655,2,4,655,1,3,399,1,6,798,2,2,1493,2,4,655,1,3,399,1,6,798
202604,425,31930,5,Marietta  OH ,1,1,100,0,0,0,0,0,0,0,0,0,0,0,0,0,0,0,0,0,0,0,0,0
202604,425,37620,2,Parkersburg-Vienna  WV ,13,13,2350,0,0,0,0,0,0,0,0,0,12,12,2198,0,0,0,0,0,0,0,0,0
202604,427,15900,5,Canton  IL ,1,1,379,0,0,0,0,0,0,0,0,0,0,0,0,0,0,0,0,0,0,0,0,0
202604,427,37900,2,Peoria  IL ,13,13,4709,0,0,0,1,3,540,2,16,2622,6,6,2310,0,0,0,1,3,540,2,16,2622
202604,428,12100,2,Atlantic City-Hammonton  NJ ,113,113,40195,4,8,3207,0,0,0,0,0,0,85,85,29994,4,8,3207,0,0,0,0,0,0
202604,428,20100,2,Dover  DE ,65,65,11665,0,0,0,0,0,0,3,36,3540,65,65,11665,0,0,0,0,0,0,3,36,3540
202604,428,37980,2,Philadelphia-Camden-Wilmington  PA-NJ-DE-MD ,753,753,153014,14,28,4191,11,36,4090,29,715,103411,553,553,96415,14,28,4191,9,30,3135,17,626,89717
202604,428,39740,2,Reading  PA ,21,21,7184,0,0,0,1,3,531,3,16,1679,5,5,2621,0,0,0,0,0,0,0,0,0
202604,428,47220,2,Vineland  NJ ,18,18,4901,0,0,0,0,0,0,0,0,0,12,12,4024,0,0,0,0,0,0,0,0,0
202604,429,37740,5,Payson  AZ ,11,11,3233,0,0,0,0,0,0,0,0,0,4,4,2088,0,0,0,0,0,0,0,0,0
202604,429,38060,2,Phoenix-Mesa-Chandler  AZ ,1911,1911,601585,73,146,24424,0,0,0,9,462,78428,1783,1783,565948,71,142,23955,0,0,0,7,376,63461
202604,430,25850,5,Hermitage  PA ,6,6,1667,0,0,0,0,0,0,0,0,0,0,0,0,0,0,0,0,0,0,0,0,0
202604,430,26860,5,Indiana  PA ,5,5,1444,0,0,0,0,0,0,0,0,0,4,4,1089,0,0,0,0,0,0,0,0,0
202604,430,38300,2,Pittsburgh  PA ,272,272,92512,1,2,595,1,4,234,5,198,18142,169,169,59697,1,2,595,0,0,0,2,45,1606
202604,430,48260,2,Weirton-Steubenville  WV-OH ,1,1,387,0,0,0,0,0,0,0,0,0,1,1,387,0,0,0,0,0,0,0,0,0
202604,438,30340,2,Lewiston-Auburn  ME ,18,18,5936,2,4,745,1,4,612,1,5,1000,5,5,2472,2,4,745,1,4,612,1,5,1000
202604,438,38860,2,Portland-South Portland  ME ,198,198,80322,8,16,3460,2,6,854,15,227,32660,101,101,47341,6,12,2744,0,0,0,10,192,27979
202604,440,10540,2,Albany  OR ,11,11,4505,1,2,558,1,4,831,0,0,0,9,9,3980,1,2,558,1,4,831,0,0,0
202604,440,18700,2,Corvallis  OR ,19,19,6243,0,0,0,0,0,0,0,0,0,15,15,4363,0,0,0,0,0,0,0,0,0
202604,440,31020,2,Longview-Kelso  WA ,19,19,4998,0,0,0,0,0,0,0,0,0,14,14,3351,0,0,0,0,0,0,0,0,0
202604,440,38900,2,Portland-Vancouver-Hillsboro  OR-WA ,407,407,161523,1,2,225,1,3,702,9,331,43639,300,300,98318,1,2,225,1,3,702,7,305,40096
202604,440,41420,2,Salem  OR ,120,120,40671,2,4,1126,0,0,0,7,70,9897,94,94,32601,0,0,0,0,0,0,5,60,8647
202604,444,15860,5,Cañon City  CO ,15,15,3715,0,0,0,0,0,0,0,0,0,14,14,3524,0,0,0,0,0,0,0,0,0
202604,444,39380,2,Pueblo  CO ,6,6,735,0,0,0,0,0,0,0,0,0,6,6,735,0,0,0,0,0,0,0,0,0
202604,446,34140,5,Moscow  ID ,10,10,4010,1,2,645,0,0,0,1,5,602,5,5,2105,0,0,0,0,0,0,0,0,0
202604,446,39420,5,Pullman  WA ,1,1,111,0,0,0,0,0,0,0,0,0,0,0,0,0,0,0,0,0,0,0,0,0
202604,448,25300,5,Hannibal  MO ,7,7,3400,0,0,0,0,0,0,0,0,0,3,3,2050,0,0,0,0,0,0,0,0,0
202604,448,39500,5,Quincy  IL-MO ,4,4,1080,0,0,0,1,3,210,0,0,0,0,0,0,0,0,0,0,0,0,0,0,0
202604,450,11360,5,Anderson Creek  NC ,204,204,66991,0,0,0,0,0,0,0,0,0,0,0,0,0,0,0,0,0,0,0,0,0
202604,450,20500,2,Durham-Chapel Hill  NC ,356,356,133197,1,2,272,1,4,2073,5,311,59235,86,86,33382,0,0,0,0,0,0,0,0,0
202604,450,25780,5,Henderson  NC ,11,11,3391,0,0,0,0,0,0,0,0,0,0,0,0,0,0,0,0,0,0,0,0,0
202604,450,39580,2,Raleigh-Cary  NC ,1224,1224,306252,6,12,1131,1,4,553,24,1176,120725,1104,1104,281119,6,12,1131,1,4,553,24,1176,120725
202604,450,41820,5,Sanford  NC ,70,70,12329,0,0,0,0,0,0,0,0,0,70,70,12329,0,0,0,0,0,0,0,0,0
202604,452,39660,2,Rapid City  SD ,87,87,29375,1,2,618,0,0,0,0,0,0,83,83,27945,1,2,618,0,0,0,0,0,0
202604,452,43940,5,Spearfish  SD ,9,9,6497,1,2,605,0,0,0,0,0,0,9,9,6497,1,2,605,0,0,0,0,0,0
202604,454,39780,5,Red Bluff  CA ,4,4,1291,0,0,0,0,0,0,0,0,0,2,2,632,0,0,0,0,0,0,0,0,0
202604,454,39820,2,Redding  CA ,27,27,10948,0,0,0,0,0,0,0,0,0,27,27,10948,0,0,0,0,0,0,0,0,0
202604,456,16180,2,Carson City  NV ,28,28,10472,0,0,0,0,0,0,1,13,2339,0,0,0,0,0,0,0,0,0,0,0,0
202604,456,21980,5,Fallon  NV ,5,5,1814,0,0,0,0,0,0,0,0,0,5,5,1814,0,0,0,0,0,0,0,0,0
202604,456,23820,5,Gardnerville Ranchos  NV-CA ,27,27,15381,0,0,0,0,0,0,0,0,0,0,0,0,0,0,0,0,0,0,0,0,0
202604,456,39900,2,Reno  NV ,163,163,55185,2,4,765,0,0,0,13,297,42557,101,101,37433,2,4,765,0,0,0,12,288,39622
202604,458,18220,5,Connersville  IN ,1,1,251,0,0,0,0,0,0,0,0,0,0,0,0,0,0,0,0,0,0,0,0,0
202604,458,39980,5,Richmond  IN ,7,7,2399,0,0,0,0,0,0,1,27,1788,0,0,0,0,0,0,0,0,0,0,0,0
202604,462,12380,5,Austin  MN ,3,3,1061,0,0,0,0,0,0,0,0,0,2,2,950,0,0,0,0,0,0,0,0,0
202604,462,40340,2,Rochester  MN ,56,56,16382,0,0,0,0,0,0,0,0,0,47,47,14258,0,0,0,0,0,0,0,0,0
202604,462,49100,5,Winona  MN ,21,21,18430,0,0,0,0,0,0,0,0,0,21,21,18430,0,0,0,0,0,0,0,0,0
202604,464,12860,5,Batavia  NY ,7,7,1801,0,0,0,0,0,0,0,0,0,0,0,0,0,0,0,0,0,0,0,0,0
202604,464,40380,2,Rochester  NY ,93,93,38750,0,0,0,8,32,4894,1,5,606,58,58,29078,0,0,0,8,32,4894,0,0,0
202604,464,42900,5,Seneca Falls  NY ,5,5,2261,0,0,0,0,0,0,0,0,0,5,5,2261,0,0,0,0,0,0,0,0,0
202604,466,23300,5,Freeport  IL ,2,2,710,0,0,0,0,0,0,0,0,0,0,0,0,0,0,0,0,0,0,0,0,0
202604,466,40300,5,Rochelle  IL ,8,8,2478,0,0,0,0,0,0,0,0,0,4,4,1410,0,0,0,0,0,0,0,0,0
202604,466,40420,2,Rockford  IL ,14,14,3673,4,8,2150,0,0,0,0,0,0,12,12,3092,4,8,2150,0,0,0,0,0,0
202604,468,40260,5,Roanoke Rapids  NC ,19,19,8446,1,2,300,0,0,0,0,0,0,18,18,8034,1,2,300,0,0,0,0,0,0
202604,468,40580,2,Rocky Mount  NC ,47,47,9191,0,0,0,0,0,0,0,0,0,3,3,434,0,0,0,0,0,0,0,0,0
202604,468,48980,5,Wilson  NC ,34,34,6460,0,0,0,0,0,0,0,0,0,34,34,6460,0,0,0,0,0,0,0,0,0
202604,472,40900,2,Sacramento-Roseville-Folsom  CA ,959,959,347426,19,38,6422,0,0,0,11,391,61057,953,953,345852,19,38,6422,0,0,0,10,386,60200
202604,472,46020,5,Truckee-Grass Valley  CA ,15,15,8890,0,0,0,0,0,0,0,0,0,15,15,8890,0,0,0,0,0,0,0,0,0
202604,472,49700,2,Yuba City  CA ,44,44,19463,4,8,702,0,0,0,1,14,2554,31,31,14449,4,8,702,0,0,0,0,0,0
202604,474,13020,2,Bay City  MI ,3,3,870,0,0,0,0,0,0,1,5,781,0,0,0,0,0,0,0,0,0,0,0,0
202604,474,33220,2,Midland  MI ,12,12,4126,0,0,0,0,0,0,0,0,0,4,4,967,0,0,0,0,0,0,0,0,0
202604,474,40980,2,Saginaw  MI ,11,11,3002,4,8,1642,0,0,0,1,5,183,4,4,1286,3,6,1312,0,0,0,0,0,0
202604,476,16460,5,Centralia  IL ,1,1,45,0,0,0,0,0,0,0,0,0,0,0,0,0,0,0,0,0,0,0,0,0
202604,476,22100,5,Farmington  MO ,9,9,2569,1,2,371,1,3,512,0,0,0,4,4,1043,0,0,0,0,0,0,0,0,0
202604,476,41180,2,St. Louis  MO-IL ,435,435,185619,11,22,2798,0,0,0,11,143,20396,349,349,147833,5,10,1197,0,0,0,3,46,5278
202604,480,36180,5,Ocean Pines  MD ,12,12,5778,1,2,500,0,0,0,0,0,0,11,11,5623,1,2,500,0,0,0,0,0,0
202604,480,41540,2,Salisbury  MD ,16,16,3615,0,0,0,0,0,0,0,0,0,16,16,3615,0,0,0,0,0,0,0,0,0
202604,482,14940,5,Brigham City  UT-ID ,33,33,16985,0,0,0,0,0,0,0,0,0,27,27,14541,0,0,0,0,0,0,0,0,0
202604,482,25720,5,Heber  UT ,95,95,95053,0,0,0,0,0,0,0,0,0,83,83,86773,0,0,0,0,0,0,0,0,0
202604,482,36260,2,Ogden  UT ,194,194,69292,1,2,380,8,29,3181,4,65,8840,165,165,58997,0,0,0,8,29,3181,3,46,5908
202604,482,39340,2,Provo-Orem-Lehi  UT ,457,457,116909,0,0,0,2,7,1442,2,15,2223,452,452,113027,0,0,0,2,7,1442,2,15,2223
202604,482,41620,2,Salt Lake City-Murray  UT ,228,228,86636,1,2,384,1,4,771,5,59,10556,205,205,75563,0,0,0,1,4,771,4,43,8030
202604,484,23240,5,Fredericksburg  TX ,4,4,847,0,0,0,0,0,0,0,0,0,0,0,0,0,0,0,0,0,0,0,0,0
202604,484,28500,5,Kerrville  TX ,9,9,2646,0,0,0,0,0,0,1,5,905,0,0,0,0,0,0,0,0,0,0,0,0
202604,484,41700,2,San Antonio-New Braunfels  TX ,840,840,132468,1,2,255,0,0,0,4,115,5364,688,688,95816,0,0,0,0,0,0,3,110,4750
202604,488,32900,2,Merced  CA ,48,48,15601,0,0,0,0,0,0,0,0,0,23,23,7755,0,0,0,0,0,0,0,0,0
202604,488,33700,2,Modesto  CA ,97,97,21436,0,0,0,0,0,0,0,0,0,76,76,17889,0,0,0,0,0,0,0,0,0
202604,488,34900,2,Napa  CA ,19,19,12522,1,2,1050,0,0,0,2,11,2002,12,12,11010,0,0,0,0,0,0,0,0,0
202604,488,41860,2,San Francisco-Oakland-Fremont  CA ,210,210,124204,8,16,8873,0,0,0,13,617,115041,168,168,105408,4,8,5672,0,0,0,7,563,104490
202604,488,41940,2,San Jose-Sunnyvale-Santa Clara  CA ,203,203,75123,3,6,1220,0,0,0,1,10,4706,179,179,59399,3,6,1220,0,0,0,0,0,0
202604,488,42100,2,Santa Cruz-Watsonville  CA ,39,39,11127,0,0,0,0,0,0,1,83,15350,32,32,8714,0,0,0,0,0,0,1,83,15350
202604,488,44700,2,Stockton-Lodi  CA ,275,275,118445,0,0,0,0,0,0,0,0,0,162,162,73756,0,0,0,0,0,0,0,0,0
202604,488,46700,2,Vallejo  CA ,64,64,16155,2,4,800,0,0,0,0,0,0,63,63,15870,2,4,800,0,0,0,0,0,0
202604,496,25980,2,Hinesville  GA ,73,73,19839,0,0,0,0,0,0,0,0,0,48,48,13895,0,0,0,0,0,0,0,0,0
202604,496,27700,5,Jesup  GA ,10,10,2689,1,2,198,0,0,0,0,0,0,8,8,2280,0,0,0,0,0,0,0,0,0
202604,496,42340,2,Savannah  GA ,240,240,57288,7,14,1485,0,0,0,5,101,12611,176,176,39323,7,14,1485,0,0,0,4,29,3357
202604,496,44340,5,Statesboro  GA ,72,72,16169,6,12,1946,0,0,0,0,0,0,63,63,13768,4,8,1300,0,0,0,0,0,0
202604,500,14740,2,Bremerton-Silverdale-Port Orchard  WA ,52,52,19068,1,2,293,1,4,587,2,72,10473,52,52,19068,1,2,293,1,4,587,2,72,10473
202604,500,16500,5,Centralia  WA ,24,24,5561,0,0,0,1,3,850,0,0,0,24,24,5561,0,0,0,1,3,850,0,0,0
202604,500,34580,2,Mount Vernon-Anacortes  WA ,11,11,4397,0,0,0,0,0,0,2,21,1960,11,11,4397,0,0,0,0,0,0,0,0,0
202604,500,36020,5,Oak Harbor  WA ,15,15,5659,0,0,0,0,0,0,0,0,0,1,1,650,0,0,0,0,0,0,0,0,0
202604,500,36500,2,Olympia-Lacey-Tumwater  WA ,83,83,29705,0,0,0,0,0,0,3,107,16756,75,75,27860,0,0,0,0,0,0,1,87,15478
202604,500,42660,2,Seattle-Tacoma-Bellevue  WA ,627,627,218053,41,82,24216,10,36,8470,49,1456,178451,572,572,191705,41,82,24216,10,36,8470,43,1340,159985
202604,500,43220,5,Shelton  WA ,14,14,5046,0,0,0,0,0,0,0,0,0,13,13,4828,0,0,0,0,0,0,0,0,0
202604,508,33380,5,Minden  LA ,3,3,662,0,0,0,0,0,0,0,0,0,1,1,110,0,0,0,0,0,0,0,0,0
202604,508,43340,2,Shreveport-Bossier City  LA ,100,100,22616,0,0,0,0,0,0,0,0,0,92,92,20191,0,0,0,0,0,0,0,0,0
202604,512,30180,5,Le Mars  IA ,9,9,4177,0,0,0,0,0,0,0,0,0,7,7,3420,0,0,0,0,0,0,0,0,0
202604,512,43580,2,Sioux City  IA-NE-SD ,19,19,7971,1,2,180,0,0,0,1,23,2801,12,12,4120,0,0,0,0,0,0,0,0,0
202604,515,21140,2,Elkhart-Goshen  IN ,50,50,18101,0,0,0,0,0,0,1,8,2000,50,50,18101,0,0,0,0,0,0,1,8,2000
202604,515,35660,2,Niles  MI ,35,35,19794,1,2,500,0,0,0,0,0,0,24,24,15825,0,0,0,0,0,0,0,0,0
202604,515,38500,5,Plymouth  IN ,12,12,4371,0,0,0,0,0,0,0,0,0,8,8,2710,0,0,0,0,0,0,0,0,0
202604,515,43780,2,South Bend-Mishawaka  IN-MI ,48,48,17960,0,0,0,0,0,0,0,0,0,44,44,15914,0,0,0,0,0,0,0,0,0
202604,515,47700,5,Warsaw  IN ,39,39,15716,0,0,0,0,0,0,0,0,0,39,39,15716,0,0,0,0,0,0,0,0,0
202604,517,43980,5,Spencer  IA ,0,0,0,0,0,0,0,0,0,0,0,0,0,0,0,0,0,0,0,0,0,0,0,0
202604,517,44020,5,Spirit Lake  IA ,16,16,9926,2,4,1110,0,0,0,0,0,0,14,14,7938,2,4,1110,0,0,0,0,0,0
202604,518,17660,2,Coeur dAlene  ID ,105,105,40908,3,6,1469,1,3,1257,4,55,6387,68,68,29430,0,0,0,0,0,0,2,36,3600
202604,518,44060,2,Spokane-Spokane Valley  WA ,136,136,40894,6,12,2579,3,12,2542,16,434,53827,78,78,25925,5,10,2223,3,12,2542,15,384,49492
202604,521,11200,2,Amherst Town-Northampton  MA ,7,7,2882,3,6,1531,0,0,0,2,10,840,1,1,400,0,0,0,0,0,0,0,0,0
202604,521,24640,5,Greenfield  MA ,6,6,2106,0,0,0,0,0,0,0,0,0,0,0,0,0,0,0,0,0,0,0,0,0
202604,521,44140,2,Springfield  MA ,29,29,8830,0,0,0,0,0,0,0,0,0,5,5,1762,0,0,0,0,0,0,0,0,0
202604,522,27300,5,Jacksonville  IL ,1,1,69,0,0,0,0,0,0,0,0,0,0,0,0,0,0,0,0,0,0,0,0,0
202604,522,30660,5,Lincoln  IL ,1,1,275,0,0,0,0,0,0,1,7,1216,0,0,0,0,0,0,0,0,0,0,0,0
202604,522,44100,2,Springfield  IL ,21,21,9183,0,0,0,0,0,0,0,0,0,17,17,7723,0,0,0,0,0,0,0,0,0
202604,522,45380,5,Taylorville  IL ,6,6,2117,0,0,0,0,0,0,0,0,0,0,0,0,0,0,0,0,0,0,0,0,0
202604,523,18060,5,Columbus  MS ,18,18,1946,0,0,0,0,0,0,0,0,0,18,18,1946,0,0,0,0,0,0,0,0,0
202604,523,44260,5,Starkville  MS ,7,7,2527,0,0,0,0,0,0,0,0,0,0,0,0,0,0,0,0,0,0,0,0,0
202604,524,20180,5,DuBois  PA ,4,4,968,0,0,0,0,0,0,0,0,0,0,0,0,0,0,0,0,0,0,0,0,0
202604,524,44300,2,State College  PA ,19,19,8203,5,10,1960,0,0,0,0,0,0,15,15,6898,5,10,1960,0,0,0,0,0,0
202604,532,12180,5,Auburn  NY ,6,6,1675,0,0,0,0,0,0,0,0,0,1,1,120,0,0,0,0,0,0,0,0,0
202604,532,45060,2,Syracuse  NY ,44,44,11404,0,0,0,0,0,0,0,0,0,29,29,5304,0,0,0,0,0,0,0,0,0
202604,533,12460,5,Bainbridge  GA ,7,7,1382,0,0,0,0,0,0,2,10,917,0,0,0,0,0,0,0,0,0,0,0,0
202604,533,45220,2,Tallahassee  FL ,98,98,22756,1,2,279,0,0,0,3,96,20557,39,39,9515,0,0,0,0,0,0,0,0,0
202604,536,35700,5,Nogales  AZ ,26,26,7769,1,2,341,0,0,0,0,0,0,26,26,7769,1,2,341,0,0,0,0,0,0
202604,536,46060,2,Tucson  AZ ,387,387,146093,1,2,238,0,0,0,2,38,5703,318,318,128503,0,0,0,0,0,0,0,0,0
202604,538,12780,5,Bartlesville  OK ,3,3,2543,0,0,0,0,0,0,0,0,0,3,3,2543,0,0,0,0,0,0,0,0,0
202604,538,34780,5,Muskogee  OK ,1,1,296,0,0,0,0,0,0,0,0,0,0,0,0,0,0,0,0,0,0,0,0,0
202604,538,46140,2,Tulsa  OK ,289,289,77697,0,0,0,0,0,0,1,5,385,252,252,62886,0,0,0,0,0,0,0,0,0
202604,539,18420,5,Corinth  MS ,3,3,865,0,0,0,0,0,0,0,0,0,0,0,0,0,0,0,0,0,0,0,0,0
202604,539,46180,5,Tupelo  MS ,19,19,6257,0,0,0,0,0,0,0,0,0,1,1,347,0,0,0,0,0,0,0,0,0
202604,540,27380,5,Jacksonville  TX ,2,2,592,0,0,0,0,0,0,0,0,0,0,0,0,0,0,0,0,0,0,0,0,0
202604,540,46340,2,Tyler  TX ,36,36,10844,0,0,0,0,0,0,0,0,0,25,25,7704,0,0,0,0,0,0,0,0,0
202604,542,32280,5,Martin  TN ,13,13,3272,0,0,0,0,0,0,0,0,0,10,10,2830,0,0,0,0,0,0,0,0,0
202604,542,46460,5,Union City  TN ,2,2,823,0,0,0,0,0,0,0,0,0,2,2,823,0,0,0,0,0,0,0,0,0
202604,544,38920,5,Port Lavaca  TX ,5,5,1294,0,0,0,0,0,0,0,0,0,4,4,1050,0,0,0,0,0,0,0,0,0
202604,544,47020,2,Victoria  TX ,5,5,1542,0,0,0,0,0,0,0,0,0,4,4,1246,0,0,0,0,0,0,0,0,0
202604,545,21020,5,Elizabeth City  NC ,35,35,6631,0,0,0,0,0,0,0,0,0,35,35,6631,0,0,0,0,0,0,0,0,0
202604,545,28620,5,Kill Devil Hills  NC ,31,31,20582,0,0,0,0,0,0,0,0,0,6,6,7458,0,0,0,0,0,0,0,0,0
202604,545,47260,2,Virginia Beach-Chesapeake-Norfolk  VA-NC ,308,308,85534,0,0,0,0,0,0,0,0,0,277,277,73884,0,0,0,0,0,0,0,0,0
202604,548,12580,2,Baltimore-Columbia-Towson  MD ,343,343,105870,1,2,302,0,0,0,6,451,40987,315,315,97000,1,2,302,0,0,0,2,352,11600
202604,548,15700,5,Cambridge  MD ,9,9,3180,0,0,0,0,0,0,0,0,0,7,7,2836,0,0,0,0,0,0,0,0,0
202604,548,16540,2,Chambersburg  PA ,52,52,17241,5,10,1690,0,0,0,1,5,438,29,29,9366,5,10,1690,0,0,0,0,0,0
202604,548,20660,5,Easton  MD ,30,30,10031,0,0,0,0,0,0,0,0,0,26,26,7247,0,0,0,0,0,0,0,0,0
202604,548,25180,2,Hagerstown-Martinsburg  MD-WV ,177,177,47343,4,8,1590,0,0,0,0,0,0,176,176,47047,4,8,1590,0,0,0,0,0,0
202604,548,29470,5,Lake of the Woods  VA ,15,15,3842,0,0,0,0,0,0,0,0,0,15,15,3842,0,0,0,0,0,0,0,0,0
202604,548,30500,2,Lexington Park  MD ,18,18,5057,0,0,0,1,4,1200,0,0,0,18,18,5057,0,0,0,1,4,1200,0,0,0
202604,548,47900,2,Washington-Arlington-Alexandria  DC-VA-MD-WV ,949,949,274833,12,24,2903,0,0,0,9,1158,240767,842,842,244990,12,24,2903,0,0,0,8,1095,238399
202604,548,49020,2,Winchester  VA-WV ,88,88,19930,0,0,0,0,0,0,0,0,0,88,88,19930,0,0,0,0,0,0,0,0,0
202604,554,44620,5,Stevens Point-Plover  WI ,21,21,9614,1,2,600,0,0,0,0,0,0,20,20,9296,0,0,0,0,0,0,0,0,0
202604,554,48140,2,Wausau  WI ,12,12,5918,0,0,0,0,0,0,1,6,763,7,7,3473,0,0,0,0,0,0,0,0,0
202604,554,49220,5,Wisconsin Rapids-Marshfield  WI ,11,11,3803,0,0,0,0,0,0,0,0,0,0,0,0,0,0,0,0,0,0,0,0,0
202604,555,21120,5,Elk City  OK ,0,0,0,0,0,0,0,0,0,0,0,0,0,0,0,0,0,0,0,0,0,0,0,0
202604,555,48220,5,Weatherford  OK ,17,17,2982,0,0,0,0,0,0,0,0,0,15,15,2715,0,0,0,0,0,0,0,0,0
202604,556,11680,5,Arkansas City-Winfield  KS ,3,3,425,0,0,0,0,0,0,0,0,0,0,0,0,0,0,0,0,0,0,0,0,0
202604,556,48620,2,Wichita  KS ,164,164,56805,93,186,29921,16,57,6360,2,30,2896,129,129,46540,77,154,25431,15,54,6060,1,18,1500
202604,558,30820,5,Lock Haven  PA ,6,6,1611,0,0,0,0,0,0,0,0,0,4,4,1123,0,0,0,0,0,0,0,0,0
202604,558,48700,2,Williamsport  PA ,7,7,2829,0,0,0,0,0,0,0,0,0,1,1,405,0,0,0,0,0,0,0,0,0
202604,566,41400,5,Salem  OH ,4,4,796,2,4,800,0,0,0,0,0,0,3,3,450,2,4,800,0,0,0,0,0,0
202604,566,49660,2,Youngstown-Warren  OH ,27,27,8723,1,2,471,0,0,0,0,0,0,27,27,8723,1,2,471,0,0,0,0,0,0
202604,999,10100,5,Aberdeen  SD ,5,5,874,0,0,0,0,0,0,0,0,0,5,5,874,0,0,0,0,0,0,0,0,0
202604,999,10140,5,Aberdeen  WA ,18,18,5288,0,0,0,0,0,0,0,0,0,16,16,4796,0,0,0,0,0,0,0,0,0
202604,999,10220,5,Ada  OK ,4,4,750,0,0,0,0,0,0,0,0,0,4,4,750,0,0,0,0,0,0,0,0,0
202604,999,10460,5,Alamogordo  NM ,1,1,297,0,0,0,0,0,0,0,0,0,0,0,0,0,0,0,0,0,0,0,0,0
202604,999,10480,5,Alamosa  CO ,16,16,4382,1,2,306,0,0,0,0,0,0,2,2,659,0,0,0,0,0,0,0,0,0
202604,999,10500,4,Albany  GA ,16,16,2963,0,0,0,0,0,0,1,6,850,10,10,1243,0,0,0,0,0,0,0,0,0
202604,999,10660,5,Albert Lea  MN ,4,4,649,0,0,0,0,0,0,0,0,0,4,4,649,0,0,0,0,0,0,0,0,0
202604,999,10780,4,Alexandria  LA ,28,28,6330,0,0,0,0,0,0,0,0,0,9,9,1641,0,0,0,0,0,0,0,0,0
202604,999,10820,5,Alexandria  MN ,22,22,8247,0,0,0,0,0,0,1,17,2791,18,18,6232,0,0,0,0,0,0,0,0,0
202604,999,10980,5,Alpena  MI ,6,6,1635,0,0,0,0,0,0,1,5,294,3,3,715,0,0,0,0,0,0,0,0,0
202604,999,11060,5,Altus  OK ,1,1,300,0,0,0,0,0,0,0,0,0,1,1,300,0,0,0,0,0,0,0,0,0
202604,999,11140,5,Americus  GA ,3,3,788,0,0,0,0,0,0,0,0,0,1,1,363,0,0,0,0,0,0,0,0,0
202604,999,11260,4,Anchorage  AK ,19,19,9433,1,2,606,0,0,0,1,5,1038,6,6,1745,0,0,0,0,0,0,0,0,0
202604,999,11500,4,Anniston-Oxford  AL ,4,4,811,1,2,269,0,0,0,0,0,0,2,2,261,0,0,0,0,0,0,0,0,0
202604,999,11620,5,Ardmore  OK ,5,5,1116,0,0,0,0,0,0,0,0,0,0,0,0,0,0,0,0,0,0,0,0,0
202604,999,11660,5,Arkadelphia  AR ,2,2,755,0,0,0,0,0,0,0,0,0,2,2,755,0,0,0,0,0,0,0,0,0
202604,999,11820,5,Astoria  OR ,7,7,1055,0,0,0,0,0,0,0,0,0,7,7,1055,0,0,0,0,0,0,0,0,0
202604,999,12260,4,Augusta-Richmond County  GA-SC ,313,313,84524,0,0,0,1,4,543,1,7,1641,212,212,63907,0,0,0,1,4,543,0,0,0
202604,999,12300,5,Augusta-Waterville  ME ,40,40,10792,0,0,0,0,0,0,2,10,1561,9,9,2897,0,0,0,0,0,0,0,0,0
202604,999,12420,4,Austin-Round Rock-San Marcos  TX ,1386,1386,288249,36,72,2112,5,17,1201,1,36,5100,1027,1027,195195,33,66,1372,5,17,1201,0,0,0
202604,999,12520,5,Baker City  OR ,6,6,2186,0,0,0,0,0,0,0,0,0,6,6,2186,0,0,0,0,0,0,0,0,0
202604,999,12540,4,Bakersfield-Delano  CA ,240,240,54521,10,20,2721,0,0,0,2,10,1188,9,9,2977,0,0,0,0,0,0,0,0,0
202604,999,12620,4,Bangor  ME ,59,59,14217,0,0,0,0,0,0,0,0,0,33,33,7865,0,0,0,0,0,0,0,0,0
202604,999,12900,5,Batesville  AR ,1,1,446,0,0,0,0,0,0,0,0,0,0,0,0,0,0,0,0,0,0,0,0,0
202604,999,13140,4,Beaumont-Port Arthur  TX ,78,78,20149,1,2,221,0,0,0,2,14,1211,68,68,17134,0,0,0,0,0,0,1,9,700
202604,999,13220,4,Beckley  WV ,11,11,2079,0,0,0,0,0,0,0,0,0,10,10,1705,0,0,0,0,0,0,0,0,0
202604,999,13300,5,Beeville  TX ,2,2,592,0,0,0,0,0,0,0,0,0,0,0,0,0,0,0,0,0,0,0,0,0
202604,999,13380,4,Bellingham  WA ,55,55,17013,6,12,2485,0,0,0,0,0,0,33,33,9603,6,12,2485,0,0,0,0,0,0
202604,999,13420,5,Bemidji  MN ,6,6,1378,0,0,0,0,0,0,1,9,253,2,2,496,0,0,0,0,0,0,0,0,0
202604,999,13460,4,Bend  OR ,147,147,55101,8,16,3797,1,3,747,2,27,4192,147,147,55101,8,16,3797,1,3,747,2,27,4192
202604,999,13540,5,Bennington  VT ,9,9,5579,0,0,0,0,0,0,0,0,0,5,5,3954,0,0,0,0,0,0,0,0,0
202604,999,13700,5,Big Spring  TX ,1,1,296,0,0,0,0,0,0,0,0,0,0,0,0,0,0,0,0,0,0,0,0,0
202604,999,13740,4,Billings  MT ,45,45,16307,0,0,0,5,19,2436,0,0,0,43,43,15823,0,0,0,5,19,2436,0,0,0
202604,999,13780,4,Binghamton  NY ,14,14,3040,0,0,0,0,0,0,4,22,2724,3,3,862,0,0,0,0,0,0,0,0,0
202604,999,13860,5,Bishop  CA ,1,1,335,0,0,0,0,0,0,0,0,0,0,0,0,0,0,0,0,0,0,0,0,0
202604,999,13900,4,Bismarck  ND ,46,46,17040,0,0,0,0,0,0,0,0,0,41,41,15290,0,0,0,0,0,0,0,0,0
202604,999,13980,4,Blacksburg-Christiansburg-Radford  VA ,32,32,9918,0,0,0,0,0,0,0,0,0,5,5,1691,0,0,0,0,0,0,0,0,0
202604,999,14140,5,Bluefield  WV-VA ,3,3,775,0,0,0,0,0,0,0,0,0,3,3,775,0,0,0,0,0,0,0,0,0
202604,999,14180,5,Blytheville  AR ,4,4,726,0,0,0,0,0,0,0,0,0,0,0,0,0,0,0,0,0,0,0,0,0
202604,999,14380,5,Boone  NC ,28,28,16782,1,2,300,0,0,0,0,0,0,23,23,14564,1,2,300,0,0,0,0,0,0
202604,999,14580,4,Bozeman  MT ,59,59,16678,4,8,1535,2,7,1215,1,30,3168,37,37,11205,1,2,388,0,0,0,0,0,0
202604,999,14620,5,Bradford  PA ,1,1,311,0,0,0,0,0,0,0,0,0,0,0,0,0,0,0,0,0,0,0,0,0
202604,999,14660,5,Brainerd  MN ,92,92,32716,0,0,0,1,3,475,3,142,14250,71,71,25872,0,0,0,0,0,0,3,142,14250
202604,999,14700,5,Branson  MO ,97,97,32810,0,0,0,0,0,0,0,0,0,24,24,7889,0,0,0,0,0,0,0,0,0
202604,999,14720,5,Breckenridge  CO ,16,16,10158,0,0,0,0,0,0,1,5,1122,7,7,6899,0,0,0,0,0,0,0,0,0
202604,999,15100,5,Brookings  SD ,40,40,9520,0,0,0,1,3,625,0,0,0,39,39,9237,0,0,0,0,0,0,0,0,0
202604,999,15220,5,Brownwood  TX ,11,11,3090,0,0,0,0,0,0,0,0,0,1,1,343,0,0,0,0,0,0,0,0,0
202604,999,15260,4,Brunswick-St.Simons  GA ,53,53,21039,1,2,44,0,0,0,0,0,0,39,39,17496,0,0,0,0,0,0,0,0,0
202604,999,15420,5,Burley  ID ,22,22,6437,0,0,0,0,0,0,0,0,0,20,20,5772,0,0,0,0,0,0,0,0,0
202604,999,15580,5,Butte-Silver Bow  MT ,7,7,668,0,0,0,1,3,424,0,0,0,0,0,0,0,0,0,0,0,0,0,0,0
202604,999,15620,5,Cadillac  MI ,8,8,1840,0,0,0,0,0,0,2,15,3598,4,4,875,0,0,0,0,0,0,0,0,0
202604,999,15780,5,Camden  AR ,0,0,0,0,0,0,0,0,0,0,0,0,0,0,0,0,0,0,0,0,0,0,0,0
202604,999,15820,5,Campbellsville  KY ,1,1,317,0,0,0,0,0,0,0,0,0,0,0,0,0,0,0,0,0,0,0,0,0
202604,999,16100,5,Carlsbad-Artesia  NM ,29,29,9547,0,0,0,0,0,0,0,0,0,29,29,9547,0,0,0,0,0,0,0,0,0
202604,999,16140,5,Carroll  IA ,1,1,500,0,0,0,0,0,0,0,0,0,1,1,500,0,0,0,0,0,0,0,0,0
202604,999,16220,4,Casper  WY ,13,13,5163,0,0,0,0,0,0,0,0,0,11,11,4488,0,0,0,0,0,0,0,0,0
202604,999,16260,5,Cedar City  UT ,100,100,26124,0,0,0,1,4,650,0,0,0,100,100,26124,0,0,0,1,4,650,0,0,0
202604,999,16660,5,Charleston-Mattoon  IL ,2,2,520,0,0,0,0,0,0,0,0,0,0,0,0,0,0,0,0,0,0,0,0,0
202604,999,16700,4,Charleston-North Charleston  SC ,611,611,220199,1,2,178,2,8,288,10,210,21884,286,286,132029,0,0,0,0,0,0,0,0,0
202604,999,16820,4,Charlottesville  VA ,87,87,33628,0,0,0,1,3,238,3,30,4337,30,30,12090,0,0,0,0,0,0,1,5,1250
202604,999,16940,4,Cheyenne  WY ,21,21,4924,0,0,0,5,20,2315,0,0,0,8,8,2138,0,0,0,5,20,2315,0,0,0
202604,999,17020,4,Chico  CA ,64,64,12985,1,2,189,0,0,0,1,7,445,7,7,1695,0,0,0,0,0,0,0,0,0
202604,999,17300,4,Clarksville  TN-KY ,145,145,32199,2,4,500,2,8,679,7,41,4648,142,142,31406,1,2,266,2,8,679,6,36,4148
202604,999,17340,5,Clearlake  CA ,3,3,743,0,0,0,0,0,0,1,5,564,0,0,0,0,0,0,0,0,0,0,0,0
202604,999,17380,5,Cleveland  MS ,2,2,302,0,0,0,0,0,0,0,0,0,1,1,150,0,0,0,0,0,0,0,0,0
202604,999,17580,5,Clovis  NM ,5,5,1638,4,8,1505,1,3,707,0,0,0,5,5,1638,4,8,1505,1,3,707,0,0,0
202604,999,17650,5,Cody  WY ,21,21,5834,0,0,0,0,0,0,1,24,4128,10,10,2317,0,0,0,0,0,0,1,24,4128
202604,999,17740,5,Coldwater  MI ,5,5,1501,0,0,0,0,0,0,0,0,0,0,0,0,0,0,0,0,0,0,0,0,0
202604,999,17780,4,College Station-Bryan  TX ,200,200,45708,0,0,0,0,0,0,0,0,0,196,196,44254,0,0,0,0,0,0,0,0,0
202604,999,17820,4,Colorado Springs  CO ,279,279,144372,4,8,2135,0,0,0,0,0,0,270,270,142072,4,8,2135,0,0,0,0,0,0
202604,999,18100,5,Columbus  NE ,8,8,3051,0,0,0,0,0,0,0,0,0,6,6,2309,0,0,0,0,0,0,0,0,0
202604,999,18260,5,Cookeville  TN ,73,73,19774,0,0,0,0,0,0,0,0,0,71,71,19483,0,0,0,0,0,0,0,0,0
202604,999,18300,5,Coos Bay-North Bend  OR ,4,4,1614,0,0,0,0,0,0,0,0,0,0,0,0,0,0,0,0,0,0,0,0,0
202604,999,18380,5,Cordele  GA ,3,3,521,0,0,0,0,0,0,0,0,0,2,2,481,0,0,0,0,0,0,0,0,0
202604,999,18880,4,Crestview-Fort Walton Beach-Destin  FL ,273,273,106187,0,0,0,0,0,0,0,0,0,266,266,103138,0,0,0,0,0,0,0,0,0
202604,999,18900,5,Crossville  TN ,7,7,1015,2,4,498,0,0,0,0,0,0,7,7,1015,2,4,498,0,0,0,0,0,0
202604,999,19060,5,Cumberland  MD-WV ,10,10,2810,0,0,0,0,0,0,0,0,0,7,7,1949,0,0,0,0,0,0,0,0,0
202604,999,19220,5,Danville  KY ,18,18,4962,0,0,0,0,0,0,0,0,0,10,10,3629,0,0,0,0,0,0,0,0,0
202604,999,19260,5,Danville  VA ,7,7,1700,0,0,0,0,0,0,0,0,0,0,0,0,0,0,0,0,0,0,0,0,0
202604,999,19500,4,Decatur  IL ,5,5,2691,0,0,0,0,0,0,0,0,0,4,4,2291,0,0,0,0,0,0,0,0,0
202604,999,19580,5,Defiance  OH ,4,4,1509,0,0,0,0,0,0,0,0,0,0,0,0,0,0,0,0,0,0,0,0,0
202604,999,19620,5,Del Rio  TX ,7,7,1630,0,0,0,0,0,0,0,0,0,0,0,0,0,0,0,0,0,0,0,0,0
202604,999,19700,5,Deming  NM ,0,0,0,0,0,0,0,0,0,0,0,0,0,0,0,0,0,0,0,0,0,0,0,0
202604,999,19810,5,Detroit Lakes  MN ,6,6,2601,0,0,0,0,0,0,1,5,1042,4,4,1616,0,0,0,0,0,0,0,0,0
202604,999,19860,5,Dickinson  ND ,6,6,4883,0,0,0,0,0,0,0,0,0,5,5,4701,0,0,0,0,0,0,0,0,0
202604,999,19980,5,Dodge City  KS ,14,14,2517,0,0,0,0,0,0,0,0,0,13,13,2128,0,0,0,0,0,0,0,0,0
202604,999,20060,5,Douglas  GA ,8,8,1459,0,0,0,1,3,240,0,0,0,0,0,0,0,0,0,0,0,0,0,0,0
202604,999,20140,5,Dublin  GA ,4,4,815,0,0,0,0,0,0,1,11,1388,0,0,0,0,0,0,0,0,0,0,0,0
202604,999,20220,4,Dubuque  IA ,15,15,8482,0,0,0,2,8,2023,3,42,4797,12,12,7292,0,0,0,2,8,2023,3,42,4797
202604,999,20300,5,Dumas  TX ,1,1,140,0,0,0,1,3,200,0,0,0,1,1,140,0,0,0,1,3,200,0,0,0
202604,999,20420,5,Durango  CO ,25,25,15466,0,0,0,0,0,0,0,0,0,24,24,15170,0,0,0,0,0,0,0,0,0
202604,999,20540,5,Dyersburg  TN ,7,7,3039,0,0,0,0,0,0,0,0,0,7,7,3039,0,0,0,0,0,0,0,0,0
202604,999,20580,4,Eagle Pass  TX ,6,6,1977,1,2,395,0,0,0,0,0,0,0,0,0,0,0,0,0,0,0,0,0,0
202604,999,20820,5,Effingham  IL ,3,3,1575,0,0,0,0,0,0,0,0,0,3,3,1575,0,0,0,0,0,0,0,0,0
202604,999,20940,4,El Centro  CA ,21,21,3866,0,0,0,0,0,0,0,0,0,9,9,2011,0,0,0,0,0,0,0,0,0
202604,999,20980,5,El Dorado  AR ,2,2,350,0,0,0,0,0,0,0,0,0,0,0,0,0,0,0,0,0,0,0,0,0
202604,999,21180,5,Elkins  WV ,0,0,0,0,0,0,0,0,0,0,0,0,0,0,0,0,0,0,0,0,0,0,0,0
202604,999,21220,5,Elko  NV ,3,3,746,0,0,0,0,0,0,0,0,0,2,2,446,0,0,0,0,0,0,0,0,0
202604,999,21260,5,Ellensburg  WA ,24,24,10811,0,0,0,0,0,0,0,0,0,23,23,10522,0,0,0,0,0,0,0,0,0
202604,999,21380,5,Emporia  KS ,3,3,677,0,0,0,0,0,0,0,0,0,0,0,0,0,0,0,0,0,0,0,0,0
202604,999,21420,4,Enid  OK ,1,1,319,1,2,225,0,0,0,0,0,0,0,0,0,0,0,0,0,0,0,0,0,0
202604,999,21540,5,Escanaba  MI ,6,6,1588,0,0,0,0,0,0,0,0,0,0,0,0,0,0,0,0,0,0,0,0,0
202604,999,21640,5,Eufaula  AL-GA ,2,2,213,0,0,0,0,0,0,0,0,0,0,0,0,0,0,0,0,0,0,0,0,0
202604,999,21660,4,Eugene-Springfield  OR ,49,49,14852,1,2,488,1,3,747,2,18,2974,14,14,5014,0,0,0,0,0,0,0,0,0
202604,999,21700,5,Eureka-Arcata  CA ,15,15,3082,2,4,569,1,3,442,0,0,0,2,2,493,2,4,569,0,0,0,0,0,0
202604,999,21740,5,Evanston  WY-UT ,11,11,4772,0,0,0,0,0,0,0,0,0,6,6,1875,0,0,0,0,0,0,0,0,0
202604,999,21820,4,Fairbanks-College  AK ,0,0,0,0,0,0,0,0,0,0,0,0,0,0,0,0,0,0,0,0,0,0,0,0
202604,999,21860,5,Fairmont  MN ,1,1,1000,0,0,0,0,0,0,0,0,0,1,1,1000,0,0,0,0,0,0,0,0,0
202604,999,22140,4,Farmington  NM ,4,4,1990,0,0,0,0,0,0,0,0,0,4,4,1990,0,0,0,0,0,0,0,0,0
202604,999,22220,4,Fayetteville-Springdale-Rogers  AR ,509,509,171527,1,2,269,0,0,0,3,158,20123,440,440,153784,0,0,0,0,0,0,1,140,18768
202604,999,22260,5,Fergus Falls  MN ,5,5,1313,0,0,0,0,0,0,0,0,0,2,2,416,0,0,0,0,0,0,0,0,0
202604,999,22340,5,Fitzgerald  GA ,2,2,309,0,0,0,0,0,0,0,0,0,1,1,175,0,0,0,0,0,0,0,0,0
202604,999,22380,4,Flagstaff  AZ ,55,55,14709,0,0,0,0,0,0,0,0,0,43,43,10758,0,0,0,0,0,0,0,0,0
202604,999,22500,4,Florence  SC ,73,73,12778,0,0,0,0,0,0,1,20,3468,21,21,3827,0,0,0,0,0,0,0,0,0
202604,999,22540,4,Fond du Lac  WI ,15,15,5493,1,2,349,0,0,0,0,0,0,1,1,600,0,0,0,0,0,0,0,0,0
202604,999,22580,5,Forest City  NC ,16,16,2723,0,0,0,0,0,0,0,0,0,16,16,2723,0,0,0,0,0,0,0,0,0
202604,999,22660,4,Fort Collins  CO ,100,100,37292,0,0,0,0,0,0,5,89,17852,77,77,29310,0,0,0,0,0,0,4,84,16691
202604,999,22700,5,Fort Dodge  IA ,3,3,770,0,0,0,0,0,0,0,0,0,0,0,0,0,0,0,0,0,0,0,0,0
202604,999,22780,5,Fort Leonard Wood  MO ,11,11,2557,0,0,0,0,0,0,0,0,0,0,0,0,0,0,0,0,0,0,0,0,0
202604,999,22820,5,Fort Morgan  CO ,1,1,350,0,0,0,0,0,0,0,0,0,1,1,350,0,0,0,0,0,0,0,0,0
202604,999,22900,4,Fort Smith  AR-OK ,23,23,5408,2,4,526,0,0,0,0,0,0,16,16,4304,1,2,291,0,0,0,0,0,0
202604,999,23460,4,Gadsden  AL ,12,12,2875,0,0,0,0,0,0,0,0,0,7,7,1856,0,0,0,0,0,0,0,0,0
202604,999,23660,5,Galesburg  IL ,0,0,0,0,0,0,0,0,0,0,0,0,0,0,0,0,0,0,0,0,0,0,0,0
202604,999,23680,5,Gallipolis  OH ,0,0,0,0,0,0,0,0,0,0,0,0,0,0,0,0,0,0,0,0,0,0,0,0
202604,999,23700,5,Gallup  NM ,0,0,0,0,0,0,0,0,0,0,0,0,0,0,0,0,0,0,0,0,0,0,0,0
202604,999,23780,5,Garden City  KS ,9,9,1789,1,2,200,0,0,0,0,0,0,9,9,1789,1,2,200,0,0,0,0,0,0
202604,999,23940,5,Gillette  WY ,8,8,3175,0,0,0,0,0,0,0,0,0,8,8,3175,0,0,0,0,0,0,0,0,0
202604,999,24140,4,Goldsboro  NC ,66,66,7501,0,0,0,0,0,0,1,8,837,60,60,6302,0,0,0,0,0,0,0,0,0
202604,999,24220,4,Grand Forks  ND-MN ,38,38,11715,0,0,0,0,0,0,1,7,130,36,36,11285,0,0,0,0,0,0,0,0,0
202604,999,24260,4,Grand Island  NE ,30,30,7526,3,6,968,0,0,0,0,0,0,25,25,6346,3,6,968,0,0,0,0,0,0
202604,999,24300,4,Grand Junction  CO ,47,47,6853,0,0,0,0,0,0,0,0,0,47,47,6853,0,0,0,0,0,0,0,0,0
202604,999,24460,5,Great Bend  KS ,0,0,0,0,0,0,0,0,0,0,0,0,0,0,0,0,0,0,0,0,0,0,0,0
202604,999,24500,4,Great Falls  MT ,12,12,4809,0,0,0,0,0,0,0,0,0,2,2,620,0,0,0,0,0,0,0,0,0
202604,999,24740,5,Greenville  MS ,1,1,519,0,0,0,0,0,0,0,0,0,0,0,0,0,0,0,0,0,0,0,0,0
202604,999,24900,5,Greenwood  MS ,1,1,388,0,0,0,0,0,0,0,0,0,0,0,0,0,0,0,0,0,0,0,0,0
202604,999,24980,5,Grenada  MS ,1,1,39,0,0,0,0,0,0,2,13,935,0,0,0,0,0,0,0,0,0,0,0,0
202604,999,25060,4,Gulfport-Biloxi  MS ,276,276,41995,3,6,417,0,0,0,1,24,1081,136,136,29374,1,2,126,0,0,0,0,0,0
202604,999,25100,5,Guymon  OK ,2,2,280,0,0,0,0,0,0,0,0,0,0,0,0,0,0,0,0,0,0,0,0,0
202604,999,25200,5,Hailey  ID ,10,10,13175,0,0,0,0,0,0,0,0,0,5,5,11183,0,0,0,0,0,0,0,0,0
202604,999,25460,5,Harrison  AR ,1,1,296,1,2,319,0,0,0,1,6,688,0,0,0,0,0,0,0,0,0,0,0,0
202604,999,25580,5,Hastings  NE ,10,10,4372,1,2,250,0,0,0,0,0,0,9,9,3872,0,0,0,0,0,0,0,0,0
202604,999,25700,5,Hays  KS ,1,1,258,1,2,373,0,0,0,0,0,0,0,0,0,0,0,0,0,0,0,0,0,0
202604,999,25740,4,Helena  MT ,7,7,2526,1,2,655,0,0,0,0,0,0,7,7,2526,1,2,655,0,0,0,0,0,0
202604,999,25820,5,Hereford  TX ,1,1,296,1,2,234,0,0,0,0,0,0,0,0,0,0,0,0,0,0,0,0,0,0
202604,999,25840,5,Hermiston-Pendleton  OR ,19,19,5530,0,0,0,0,0,0,0,0,0,5,5,1621,0,0,0,0,0,0,0,0,0
202604,999,25880,5,Hillsdale  MI ,17,17,5441,0,0,0,0,0,0,0,0,0,17,17,5441,0,0,0,0,0,0,0,0,0
202604,999,25900,5,Hilo-Kailua  HI ,59,59,28184,0,0,0,0,0,0,0,0,0,59,59,28184,0,0,0,0,0,0,0,0,0
202604,999,25940,4,Hilton Head Island-Bluffton-Port Royal  SC ,231,231,107996,0,0,0,0,0,0,0,0,0,175,175,77723,0,0,0,0,0,0,0,0,0
202604,999,26020,5,Hobbs  NM ,12,12,3558,0,0,0,0,0,0,0,0,0,0,0,0,0,0,0,0,0,0,0,0,0
202604,999,26140,4,Homosassa Springs  FL ,172,172,43256,1,2,290,0,0,0,0,0,0,169,169,42324,1,2,290,0,0,0,0,0,0
202604,999,26220,5,Hood River  OR ,6,6,3621,0,0,0,0,0,0,0,0,0,6,6,3621,0,0,0,0,0,0,0,0,0
202604,999,26340,5,Houghton  MI ,11,11,2952,1,2,311,0,0,0,1,5,689,0,0,0,0,0,0,0,0,0,0,0,0
202604,999,26380,4,Houma-Bayou Cane-Thibodaux  LA ,51,51,13320,0,0,0,0,0,0,0,0,0,50,50,13203,0,0,0,0,0,0,0,0,0
202604,999,26700,5,Huron  SD ,3,3,1075,0,0,0,0,0,0,0,0,0,3,3,1075,0,0,0,0,0,0,0,0,0
202604,999,26740,5,Hutchinson  KS ,3,3,570,0,0,0,0,0,0,0,0,0,3,3,570,0,0,0,0,0,0,0,0,0
202604,999,27100,4,Jackson  MI ,20,20,6316,0,0,0,0,0,0,1,11,1174,5,5,2316,0,0,0,0,0,0,0,0,0
202604,999,27180,4,Jackson  TN ,46,46,12672,2,4,500,0,0,0,0,0,0,13,13,4068,2,4,500,0,0,0,0,0,0
202604,999,27220,5,Jackson  WY-ID ,34,34,32845,0,0,0,1,3,900,0,0,0,23,23,14763,0,0,0,1,3,900,0,0,0
202604,999,27340,4,Jacksonville  NC ,185,185,37469,0,0,0,0,0,0,0,0,0,182,182,35449,0,0,0,0,0,0,0,0,0
202604,999,27420,5,Jamestown  ND ,2,2,355,0,0,0,0,0,0,0,0,0,0,0,0,0,0,0,0,0,0,0,0,0
202604,999,27460,5,Jamestown-Dunkirk  NY ,16,16,4833,0,0,0,0,0,0,0,0,0,2,2,980,0,0,0,0,0,0,0,0,0
202604,999,27540,5,Jasper  IN ,5,5,3407,2,4,480,0,0,0,0,0,0,4,4,3081,2,4,480,0,0,0,0,0,0
202604,999,27940,5,Juneau  AK ,3,3,577,1,2,320,1,3,245,1,9,794,0,0,0,0,0,0,0,0,0,0,0,0
202604,999,27980,4,Kahului-Wailuku  HI ,45,45,15925,4,8,1819,0,0,0,2,40,10982,0,0,0,0,0,0,0,0,0,0,0,0
202604,999,28060,5,Kalispell  MT ,22,22,9380,0,0,0,0,0,0,2,41,5332,18,18,4774,0,0,0,0,0,0,1,24,2253
202604,999,28180,5,Kapaa  HI ,8,8,7842,0,0,0,0,0,0,0,0,0,8,8,7842,0,0,0,0,0,0,0,0,0
202604,999,28260,5,Kearney  NE ,18,18,6943,0,0,0,0,0,0,0,0,0,14,14,5500,0,0,0,0,0,0,0,0,0
202604,999,28380,5,Kennett  MO ,3,3,550,0,0,0,0,0,0,0,0,0,0,0,0,0,0,0,0,0,0,0,0,0
202604,999,28540,5,Ketchikan  AK ,2,2,582,0,0,0,0,0,0,0,0,0,2,2,582,0,0,0,0,0,0,0,0,0
202604,999,28660,4,Killeen-Temple  TX ,231,231,67527,21,42,4501,0,0,0,1,5,675,108,108,29320,16,32,3267,0,0,0,0,0,0
202604,999,28820,5,Kinston  NC ,13,13,3098,0,0,0,0,0,0,0,0,0,13,13,3098,0,0,0,0,0,0,0,0,0
202604,999,28860,5,Kirksville  MO ,4,4,1180,0,0,0,0,0,0,0,0,0,3,3,1080,0,0,0,0,0,0,0,0,0
202604,999,28900,5,Klamath Falls  OR ,14,14,5593,1,2,320,1,4,411,0,0,0,14,14,5593,1,2,320,1,4,411,0,0,0
202604,999,29260,5,La Grande  OR ,1,1,42,0,0,0,0,0,0,0,0,0,1,1,42,0,0,0,0,0,0,0,0,0
202604,999,29420,4,Lake Havasu City-Kingman  AZ ,68,68,18201,1,2,224,0,0,0,0,0,0,67,67,17969,1,2,224,0,0,0,0,0,0
202604,999,29540,4,Lancaster  PA ,67,67,26557,1,2,130,0,0,0,2,32,2560,49,49,19829,1,2,130,0,0,0,2,32,2560
202604,999,29660,5,Laramie  WY ,6,6,3580,0,0,0,0,0,0,0,0,0,6,6,3580,0,0,0,0,0,0,0,0,0
202604,999,29700,4,Laredo  TX ,96,96,26951,0,0,0,2,6,702,1,12,1227,0,0,0,0,0,0,0,0,0,0,0,0
202604,999,30060,5,Lebanon  MO ,6,6,1170,0,0,0,0,0,0,0,0,0,6,6,1170,0,0,0,0,0,0,0,0,0
202604,999,30150,5,Lebanon-Claremont  NH-VT ,59,59,23895,1,2,254,0,0,0,1,6,1083,15,15,5914,0,0,0,0,0,0,0,0,0
202604,999,30300,4,Lewiston  ID-WA ,14,14,4980,0,0,0,0,0,0,0,0,0,11,11,4234,0,0,0,0,0,0,0,0,0
202604,999,30380,5,Lewistown  PA ,3,3,847,0,0,0,0,0,0,0,0,0,0,0,0,0,0,0,0,0,0,0,0,0
202604,999,30420,5,Lexington  NE ,6,6,2355,0,0,0,0,0,0,0,0,0,4,4,1880,0,0,0,0,0,0,0,0,0
202604,999,30580,5,Liberal  KS ,1,1,239,0,0,0,0,0,0,0,0,0,0,0,0,0,0,0,0,0,0,0,0,0
202604,999,30860,4,Logan  UT-ID ,87,87,33561,0,0,0,0,0,0,1,104,11902,82,82,32378,0,0,0,0,0,0,1,104,11902
202604,999,30900,5,Logansport  IN ,2,2,601,0,0,0,0,0,0,0,0,0,0,0,0,0,0,0,0,0,0,0,0,0
202604,999,30980,4,Longview  TX ,26,26,8094,0,0,0,0,0,0,0,0,0,17,17,5265,0,0,0,0,0,0,0,0,0
202604,999,31220,5,Ludington  MI ,8,8,1789,0,0,0,0,0,0,0,0,0,8,8,1789,0,0,0,0,0,0,0,0,0
202604,999,31260,5,Lufkin  TX ,15,15,4242,1,2,230,0,0,0,0,0,0,5,5,1304,0,0,0,0,0,0,0,0,0
202604,999,31340,4,Lynchburg  VA ,127,127,35482,1,2,386,0,0,0,0,0,0,96,96,23487,0,0,0,0,0,0,0,0,0
202604,999,31380,5,Macomb  IL ,0,0,0,0,0,0,0,0,0,0,0,0,0,0,0,0,0,0,0,0,0,0,0,0
202604,999,31500,5,Madison  IN ,7,7,1431,0,0,0,0,0,0,0,0,0,5,5,933,0,0,0,0,0,0,0,0,0
202604,999,31580,5,Madisonville  KY ,9,9,1857,2,4,550,0,0,0,1,5,521,0,0,0,0,0,0,0,0,0,0,0,0
202604,999,31620,5,Magnolia  AR ,1,1,200,0,0,0,0,0,0,0,0,0,0,0,0,0,0,0,0,0,0,0,0,0
202604,999,31740,4,Manhattan  KS ,35,35,10696,2,4,600,0,0,0,1,16,3211,12,12,3299,2,4,600,0,0,0,0,0,0
202604,999,31820,5,Manitowoc  WI ,16,16,5854,1,2,200,0,0,0,0,0,0,13,13,4785,0,0,0,0,0,0,0,0,0
202604,999,31980,5,Marion  IN ,2,2,652,0,0,0,0,0,0,0,0,0,0,0,0,0,0,0,0,0,0,0,0,0
202604,999,32100,5,Marquette  MI ,4,4,1164,1,2,500,0,0,0,0,0,0,4,4,1164,1,2,500,0,0,0,0,0,0
202604,999,32140,5,Marshall  MN ,1,1,346,0,0,0,0,0,0,0,0,0,0,0,0,0,0,0,0,0,0,0,0,0
202604,999,32180,5,Marshall  MO ,1,1,342,0,0,0,0,0,0,0,0,0,0,0,0,0,0,0,0,0,0,0,0,0
202604,999,32260,5,Marshalltown  IA ,3,3,784,0,0,0,0,0,0,0,0,0,3,3,784,0,0,0,0,0,0,0,0,0
202604,999,32300,5,Martinsville  VA ,4,4,685,0,0,0,0,0,0,0,0,0,4,4,685,0,0,0,0,0,0,0,0,0
202604,999,32340,5,Maryville  MO ,5,5,1118,1,2,267,0,0,0,0,0,0,0,0,0,0,0,0,0,0,0,0,0,0
202604,999,32380,5,Mason City  IA ,3,3,1183,0,0,0,0,0,0,0,0,0,1,1,400,0,0,0,0,0,0,0,0,0
202604,999,32390,5,Massena-Ogdensburg  NY ,19,19,3899,0,0,0,0,0,0,0,0,0,8,8,1997,0,0,0,0,0,0,0,0,0
202604,999,32540,5,McAlester  OK ,2,2,937,0,0,0,0,0,0,0,0,0,1,1,90,0,0,0,0,0,0,0,0,0
202604,999,32620,5,McComb  MS ,0,0,0,0,0,0,0,0,0,0,0,0,0,0,0,0,0,0,0,0,0,0,0,0
202604,999,32660,5,McMinnville  TN ,23,23,5779,0,0,0,1,3,443,0,0,0,0,0,0,0,0,0,0,0,0,0,0,0
202604,999,32700,5,McPherson  KS ,9,9,1246,1,2,319,0,0,0,0,0,0,0,0,0,0,0,0,0,0,0,0,0,0
202604,999,32940,5,Meridian  MS ,2,2,589,0,0,0,0,0,0,0,0,0,0,0,0,0,0,0,0,0,0,0,0,0
202604,999,33300,5,Milledgeville  GA ,16,16,4190,0,0,0,0,0,0,0,0,0,15,15,3894,0,0,0,0,0,0,0,0,0
202604,999,33500,4,Minot  ND ,17,17,4659,1,2,242,0,0,0,0,0,0,13,13,3705,1,2,242,0,0,0,0,0,0
202604,999,33540,4,Missoula  MT ,21,21,4930,2,4,130,0,0,0,1,13,738,21,21,4930,2,4,130,0,0,0,1,13,738
202604,999,33580,5,Mitchell  SD ,8,8,2518,1,2,295,0,0,0,0,0,0,4,4,1553,0,0,0,0,0,0,0,0,0
202604,999,33940,5,Montrose  CO ,21,21,4743,1,2,228,1,4,303,0,0,0,21,21,4743,1,2,228,1,4,303,0,0,0
202604,999,34020,5,Morgan City  LA ,3,3,1226,0,0,0,0,0,0,0,0,0,2,2,726,0,0,0,0,0,0,0,0,0
202604,999,34060,4,Morgantown  WV ,4,4,976,0,0,0,0,0,0,0,0,0,0,0,0,0,0,0,0,0,0,0,0,0
202604,999,34220,5,Moultrie  GA ,10,10,3422,1,2,232,0,0,0,0,0,0,7,7,2540,0,0,0,0,0,0,0,0,0
202604,999,34260,5,Mountain Home  AR ,8,8,1884,0,0,0,0,0,0,0,0,0,6,6,1600,0,0,0,0,0,0,0,0,0
202604,999,34420,5,Mount Pleasant  TX ,1,1,296,0,0,0,0,0,0,0,0,0,0,0,0,0,0,0,0,0,0,0,0,0
202604,999,34500,5,Mount Vernon  IL ,0,0,0,0,0,0,0,0,0,0,0,0,0,0,0,0,0,0,0,0,0,0,0,0
202604,999,34660,5,Murray  KY ,1,1,330,0,0,0,0,0,0,0,0,0,1,1,330,0,0,0,0,0,0,0,0,0
202604,999,34860,5,Nacogdoches  TX ,2,2,484,0,0,0,0,0,0,0,0,0,0,0,0,0,0,0,0,0,0,0,0,0
202604,999,34880,5,Nantucket  MA ,20,20,22225,1,2,571,0,0,0,0,0,0,0,0,0,0,0,0,0,0,0,0,0,0
202604,999,35020,5,Natchez  MS-LA ,0,0,0,0,0,0,0,0,0,0,0,0,0,0,0,0,0,0,0,0,0,0,0,0
202604,999,35060,5,Natchitoches  LA ,6,6,1355,0,0,0,0,0,0,0,0,0,5,5,1222,0,0,0,0,0,0,0,0,0
202604,999,35440,5,Newport  OR ,6,6,2058,0,0,0,0,0,0,1,18,2767,6,6,2058,0,0,0,0,0,0,1,18,2767
202604,999,35740,5,Norfolk  NE ,5,5,2430,1,2,500,0,0,0,0,0,0,4,4,1930,1,2,500,0,0,0,0,0,0
202604,999,35820,5,North Platte  NE ,0,0,0,5,10,2600,0,0,0,0,0,0,0,0,0,5,10,2600,0,0,0,0,0,0
202604,999,35900,5,North Wilkesboro  NC ,13,13,4447,0,0,0,0,0,0,0,0,0,13,13,4447,0,0,0,0,0,0,0,0,0
202604,999,36100,4,Ocala  FL ,588,588,104821,0,0,0,0,0,0,0,0,0,588,588,104821,0,0,0,0,0,0,0,0,0
202604,999,36340,5,Oil City  PA ,4,4,960,0,0,0,0,0,0,0,0,0,4,4,960,0,0,0,0,0,0,0,0,0
202604,999,36580,5,Oneonta  NY ,11,11,2844,0,0,0,0,0,0,0,0,0,0,0,0,0,0,0,0,0,0,0,0,0
202604,999,36900,5,Ottumwa  IA ,1,1,265,0,0,0,0,0,0,1,5,125,0,0,0,0,0,0,0,0,0,0,0,0
202604,999,36980,4,Owensboro  KY ,24,24,2790,0,0,0,0,0,0,0,0,0,24,24,2790,0,0,0,0,0,0,0,0,0
202604,999,37060,5,Oxford  MS ,45,45,14178,2,4,935,1,3,822,0,0,0,0,0,0,0,0,0,0,0,0,0,0,0
202604,999,37300,5,Palestine  TX ,4,4,814,0,0,0,0,0,0,0,0,0,3,3,518,0,0,0,0,0,0,0,0,0
202604,999,37340,4,Palm Bay-Melbourne-Titusville  FL ,303,303,135097,0,0,0,0,0,0,0,0,0,292,292,133023,0,0,0,0,0,0,0,0,0
202604,999,37420,5,Pampa  TX ,1,1,296,0,0,0,0,0,0,0,0,0,0,0,0,0,0,0,0,0,0,0,0,0
202604,999,37460,4,Panama City-Panama City Beach  FL ,174,174,67618,2,4,857,1,3,443,1,8,1313,43,43,19988,0,0,0,0,0,0,0,0,0
202604,999,37540,5,Paris  TN ,2,2,165,0,0,0,0,0,0,0,0,0,0,0,0,0,0,0,0,0,0,0,0,0
202604,999,37580,5,Paris  TX ,5,5,983,0,0,0,0,0,0,0,0,0,0,0,0,0,0,0,0,0,0,0,0,0
202604,999,37860,4,Pensacola-Ferry Pass-Brent  FL ,314,314,92439,3,6,750,0,0,0,0,0,0,314,314,92439,3,6,750,0,0,0,0,0,0
202604,999,37950,5,Petoskey  MI ,13,13,4818,0,0,0,0,0,0,0,0,0,13,13,4818,0,0,0,0,0,0,0,0,0
202604,999,38180,5,Pierre  SD ,3,3,1426,0,0,0,0,0,0,0,0,0,2,2,1100,0,0,0,0,0,0,0,0,0
202604,999,38210,5,Pikeville  KY ,0,0,0,0,0,0,0,0,0,0,0,0,0,0,0,0,0,0,0,0,0,0,0,0
202604,999,38260,5,Pittsburg  KS ,3,3,884,3,6,715,0,0,0,0,0,0,0,0,0,3,6,715,0,0,0,0,0,0
202604,999,38340,4,Pittsfield  MA ,9,9,5773,0,0,0,0,0,0,1,5,379,0,0,0,0,0,0,0,0,0,0,0,0
202604,999,38420,5,Platteville  WI ,17,17,4623,0,0,0,0,0,0,0,0,0,13,13,3297,0,0,0,0,0,0,0,0,0
202604,999,38460,5,Plattsburgh  NY ,11,11,2662,0,0,0,0,0,0,1,5,693,2,2,674,0,0,0,0,0,0,0,0,0
202604,999,38540,4,Pocatello  ID ,30,30,6748,0,0,0,5,20,2658,0,0,0,16,16,1592,0,0,0,3,12,1216,0,0,0
202604,999,38620,5,Ponca City  OK ,1,1,77,0,0,0,0,0,0,0,0,0,0,0,0,0,0,0,0,0,0,0,0,0
202604,999,38740,5,Poplar Bluff  MO ,1,1,195,0,0,0,2,8,400,0,0,0,1,1,195,0,0,0,2,8,400,0,0,0
202604,999,38820,5,Port Angeles  WA ,16,16,4598,0,0,0,1,3,928,0,0,0,16,16,4598,0,0,0,1,3,928,0,0,0
202604,999,39040,5,Port Townsend  WA ,17,17,6127,1,2,50,0,0,0,0,0,0,8,8,2296,1,2,50,0,0,0,0,0,0
202604,999,39060,5,Pottsville  PA ,14,14,4190,0,0,0,0,0,0,1,5,450,3,3,1421,0,0,0,0,0,0,0,0,0
202604,999,39150,4,Prescott Valley-Prescott  AZ ,96,96,44828,1,2,464,0,0,0,0,0,0,85,85,39141,1,2,464,0,0,0,0,0,0
202604,999,39220,5,Price  UT ,5,5,2661,0,0,0,0,0,0,0,0,0,5,5,2661,0,0,0,0,0,0,0,0,0
202604,999,39960,5,Rice Lake  WI ,20,20,8149,0,0,0,0,0,0,0,0,0,14,14,5389,0,0,0,0,0,0,0,0,0
202604,999,40060,4,Richmond  VA ,386,386,94264,20,40,4217,0,0,0,21,526,37545,372,372,91794,20,40,4217,0,0,0,21,526,37545
202604,999,40180,5,Riverton  WY ,1,1,244,0,0,0,0,0,0,0,0,0,0,0,0,0,0,0,0,0,0,0,0,0
202604,999,40220,4,Roanoke  VA ,58,58,21209,0,0,0,0,0,0,4,176,13249,35,35,12230,0,0,0,0,0,0,3,126,8400
202604,999,40540,5,Rock Springs  WY ,1,1,540,0,0,0,0,0,0,0,0,0,1,1,540,0,0,0,0,0,0,0,0,0
202604,999,40620,5,Rolla  MO ,0,0,0,0,0,0,1,3,540,0,0,0,0,0,0,0,0,0,0,0,0,0,0,0
202604,999,40700,5,Roseburg  OR ,14,14,5448,0,0,0,0,0,0,0,0,0,14,14,5448,0,0,0,0,0,0,0,0,0
202604,999,40740,5,Roswell  NM ,6,6,1119,0,0,0,0,0,0,0,0,0,0,0,0,0,0,0,0,0,0,0,0,0
202604,999,40760,5,Ruidoso  NM ,9,9,4426,0,0,0,0,0,0,0,0,0,0,0,0,0,0,0,0,0,0,0,0,0
202604,999,40780,5,Russellville  AR ,1,1,296,0,0,0,0,0,0,1,5,339,0,0,0,0,0,0,0,0,0,1,5,339
202604,999,40860,5,Rutland  VT ,7,7,1379,0,0,0,0,0,0,0,0,0,2,2,0,0,0,0,0,0,0,0,0,0
202604,999,40940,5,Safford  AZ ,19,19,5778,0,0,0,0,0,0,0,0,0,19,19,5778,0,0,0,0,0,0,0,0,0
202604,999,41100,4,St. George  UT ,168,168,45434,0,0,0,0,0,0,8,42,9092,115,115,34372,0,0,0,0,0,0,7,37,8760
202604,999,41260,5,St. Marys  PA ,3,3,955,0,0,0,0,0,0,0,0,0,2,2,750,0,0,0,0,0,0,0,0,0
202604,999,41460,5,Salina  KS ,8,8,1466,0,0,0,0,0,0,0,0,0,8,8,1466,0,0,0,0,0,0,0,0,0
202604,999,41500,4,Salinas  CA ,62,62,12169,3,6,1786,0,0,0,0,0,0,56,56,11426,3,6,1786,0,0,0,0,0,0
202604,999,41660,4,San Angelo  TX ,44,44,15966,0,0,0,0,0,0,0,0,0,44,44,15966,0,0,0,0,0,0,0,0,0
202604,999,41740,4,San Diego-Chula Vista-Carlsbad  CA ,271,271,88126,51,102,20507,9,30,5716,30,615,110635,239,239,79301,50,100,20205,9,30,5716,27,589,106088
202604,999,41760,5,Sandpoint  ID ,4,4,916,0,0,0,0,0,0,0,0,0,3,3,554,0,0,0,0,0,0,0,0,0
202604,999,42020,4,San Luis Obispo-Paso Robles  CA ,82,82,28812,0,0,0,0,0,0,2,27,2165,60,60,20616,0,0,0,0,0,0,2,27,2165
202604,999,42200,4,Santa Maria-Santa Barbara  CA ,56,56,17842,0,0,0,0,0,0,2,39,3556,48,48,11930,0,0,0,0,0,0,1,24,575
202604,999,42220,4,Santa Rosa-Petaluma  CA ,66,66,15587,0,0,0,0,0,0,3,19,3857,43,43,9881,0,0,0,0,0,0,1,6,1387
202604,999,42300,5,Sault Ste. Marie  MI ,1,1,105,0,0,0,0,0,0,0,0,0,1,1,105,0,0,0,0,0,0,0,0,0
202604,999,42380,5,Sayre  PA ,6,6,849,0,0,0,0,0,0,0,0,0,3,3,0,0,0,0,0,0,0,0,0,0
202604,999,42420,5,Scottsbluff  NE ,4,4,1373,0,0,0,0,0,0,0,0,0,0,0,0,0,0,0,0,0,0,0,0,0
202604,999,42540,4,Scranton--Wilkes-Barre  PA ,49,49,16233,2,4,504,0,0,0,1,5,1459,14,14,6238,0,0,0,0,0,0,0,0,0
202604,999,42580,5,Seaford  DE ,276,276,42002,0,0,0,0,0,0,0,0,0,276,276,42002,0,0,0,0,0,0,0,0,0
202604,999,42700,4,Sebring-  FL ,58,58,13484,3,6,899,0,0,0,0,0,0,58,58,13484,3,6,899,0,0,0,0,0,0
202604,999,42740,5,Sedalia  MO ,3,3,568,1,2,242,0,0,0,1,6,696,0,0,0,0,0,0,0,0,0,0,0,0
202604,999,43100,4,Sheboygan  WI ,20,20,14096,0,0,0,0,0,0,1,23,4376,7,7,7720,0,0,0,0,0,0,0,0,0
202604,999,43260,5,Sheridan  WY ,28,28,8632,0,0,0,3,9,1113,0,0,0,17,17,4983,0,0,0,2,6,925,0,0,0
202604,999,43320,5,Show Low  AZ ,42,42,12615,0,0,0,0,0,0,0,0,0,35,35,10038,0,0,0,0,0,0,0,0,0
202604,999,43420,4,Sierra Vista-Douglas  AZ ,30,30,4473,0,0,0,0,0,0,0,0,0,22,22,3315,0,0,0,0,0,0,0,0,0
202604,999,43620,4,Sioux Falls  SD-MN ,137,137,40923,4,8,1400,1,4,550,0,0,0,129,129,38261,4,8,1400,1,4,550,0,0,0
202604,999,43660,5,Snyder  TX ,0,0,0,0,0,0,0,0,0,0,0,0,0,0,0,0,0,0,0,0,0,0,0,0
202604,999,43700,5,Somerset  KY ,0,0,0,0,0,0,0,0,0,0,0,0,0,0,0,0,0,0,0,0,0,0,0,0
202604,999,43760,5,Sonora  CA ,5,5,2852,0,0,0,0,0,0,0,0,0,5,5,2852,0,0,0,0,0,0,0,0,0
202604,999,44180,4,Springfield  MO ,154,154,53353,1,2,350,1,3,420,1,7,910,97,97,34231,1,2,350,0,0,0,0,0,0
202604,999,44460,5,Steamboat Springs  CO ,11,11,29009,0,0,0,0,0,0,0,0,0,10,10,28506,0,0,0,0,0,0,0,0,0
202604,999,44500,5,Stephenville  TX ,2,2,409,0,0,0,0,0,0,0,0,0,0,0,0,0,0,0,0,0,0,0,0,0
202604,999,44540,5,Sterling  CO ,0,0,0,0,0,0,0,0,0,0,0,0,0,0,0,0,0,0,0,0,0,0,0,0
202604,999,44660,5,Stillwater  OK ,12,12,3950,1,2,383,1,3,1083,0,0,0,0,0,0,0,0,0,0,0,0,0,0,0
202604,999,44740,5,Storm Lake  IA ,1,1,476,0,0,0,0,0,0,0,0,0,0,0,0,0,0,0,0,0,0,0,0,0
202604,999,45000,5,Susanville  CA ,3,3,635,0,0,0,0,0,0,0,0,0,3,3,635,0,0,0,0,0,0,0,0,0
202604,999,45140,5,Tahlequah  OK ,1,1,270,0,0,0,0,0,0,0,0,0,1,1,270,0,0,0,0,0,0,0,0,0
202604,999,45300,4,Tampa-St. Petersburg-Clearwater  FL ,1198,1198,432340,7,14,3077,6,18,2064,10,369,80314,1191,1191,425887,7,14,3077,6,18,2064,9,364,79882
202604,999,45340,5,Taos  NM ,8,8,2298,0,0,0,0,0,0,0,0,0,0,0,0,0,0,0,0,0,0,0,0,0
202604,999,45460,4,Terre Haute  IN ,11,11,3484,0,0,0,0,0,0,1,22,2861,6,6,1775,0,0,0,0,0,0,0,0,0
202604,999,45500,4,Texarkana  TX-AR ,13,13,3563,1,2,234,0,0,0,1,5,708,1,1,160,0,0,0,0,0,0,0,0,0
202604,999,45520,5,The Dalles  OR ,5,5,2627,0,0,0,0,0,0,0,0,0,5,5,2627,0,0,0,0,0,0,0,0,0
202604,999,45620,5,Thomasville  GA ,15,15,4542,0,0,0,0,0,0,0,0,0,9,9,1982,0,0,0,0,0,0,0,0,0
202604,999,45700,5,Tifton  GA ,12,12,1735,0,0,0,0,0,0,0,0,0,5,5,813,0,0,0,0,0,0,0,0,0
202604,999,45740,5,Toccoa  GA ,5,5,886,0,0,0,0,0,0,0,0,0,4,4,694,0,0,0,0,0,0,0,0,0
202604,999,45780,4,Toledo  OH ,33,33,13040,0,0,0,0,0,0,2,13,1968,11,11,4388,0,0,0,0,0,0,2,13,1968
202604,999,45820,4,Topeka  KS ,37,37,8106,1,2,450,0,0,0,1,48,10000,34,34,7533,1,2,450,0,0,0,1,48,10000
202604,999,45880,5,Town of Pecos  TX ,4,4,780,0,0,0,0,0,0,0,0,0,4,4,780,0,0,0,0,0,0,0,0,0
202604,999,45900,4,Traverse City  MI ,90,90,20524,0,0,0,0,0,0,2,75,9252,86,86,19865,0,0,0,0,0,0,2,75,9252
202604,999,45980,5,Troy  AL ,1,1,250,0,0,0,0,0,0,0,0,0,1,1,250,0,0,0,0,0,0,0,0,0
202604,999,46220,4,Tuscaloosa  AL ,44,44,13730,1,2,255,1,3,527,1,6,923,6,6,2984,0,0,0,0,0,0,0,0,0
202604,999,46300,4,Twin Falls  ID ,41,41,12790,0,0,0,0,0,0,2,32,5055,39,39,12198,0,0,0,0,0,0,2,32,5055
202604,999,46380,5,Ukiah  CA ,1,1,109,0,0,0,0,0,0,0,0,0,0,0,0,0,0,0,0,0,0,0,0,0
202604,999,46520,4,Urban Honolulu  HI ,52,52,20083,5,10,1401,0,0,0,4,98,29177,0,0,0,0,0,0,0,0,0,0,0,0
202604,999,46540,4,Utica-Rome  NY ,19,19,5750,0,0,0,0,0,0,1,5,781,2,2,710,0,0,0,0,0,0,0,0,0
202604,999,46620,5,Uvalde  TX ,10,10,998,0,0,0,0,0,0,0,0,0,10,10,998,0,0,0,0,0,0,0,0,0
202604,999,46660,4,Valdosta  GA ,85,85,19829,0,0,0,0,0,0,0,0,0,4,4,1451,0,0,0,0,0,0,0,0,0
202604,999,46820,5,Vermillion  SD ,0,0,0,1,2,600,0,0,0,0,0,0,0,0,0,1,2,600,0,0,0,0,0,0
202604,999,46860,5,Vernal  UT ,4,4,1527,0,0,0,0,0,0,0,0,0,4,4,1527,0,0,0,0,0,0,0,0,0
202604,999,46900,5,Vernon  TX ,1,1,296,0,0,0,0,0,0,0,0,0,0,0,0,0,0,0,0,0,0,0,0,0
202604,999,47080,5,Vidalia  GA ,0,0,0,0,0,0,0,0,0,0,0,0,0,0,0,0,0,0,0,0,0,0,0,0
202604,999,47180,5,Vincennes  IN ,2,2,647,0,0,0,0,0,0,0,0,0,1,1,346,0,0,0,0,0,0,0,0,0
202604,999,47240,5,Vineyard Haven  MA ,11,11,12524,1,2,588,1,3,344,0,0,0,8,8,10410,0,0,0,0,0,0,0,0,0
202604,999,47300,4,Visalia  CA ,228,228,65383,2,4,1120,0,0,0,0,0,0,224,224,64728,2,4,1120,0,0,0,0,0,0
202604,999,47340,5,Wabash  IN ,4,4,1278,0,0,0,0,0,0,0,0,0,3,3,1039,0,0,0,0,0,0,0,0,0
202604,999,47380,4,Waco  TX ,82,82,28215,1,2,237,0,0,0,1,5,514,72,72,26310,1,2,237,0,0,0,0,0,0
202604,999,47620,5,Warren  PA ,2,2,402,0,0,0,0,0,0,0,0,0,2,2,402,0,0,0,0,0,0,0,0,0
202604,999,47780,5,Washington  IN ,2,2,485,0,0,0,0,0,0,1,5,1053,0,0,0,0,0,0,0,0,0,0,0,0
202604,999,47940,4,Waterloo-Cedar Falls  IA ,22,22,6058,2,4,640,0,0,0,1,27,4461,14,14,3621,0,0,0,0,0,0,0,0,0
202604,999,47980,5,Watertown  SD ,7,7,3101,0,0,0,1,4,200,0,0,0,6,6,2759,0,0,0,1,4,200,0,0,0
202604,999,48060,4,Watertown-Fort Drum  NY ,20,20,3548,0,0,0,0,0,0,1,5,736,1,1,235,0,0,0,0,0,0,0,0,0
202604,999,48180,5,Waycross  GA ,9,9,3999,0,0,0,0,0,0,1,12,800,6,6,3581,0,0,0,0,0,0,0,0,0
202604,999,48300,4,Wenatchee-East Wenatchee  WA ,38,38,14371,0,0,0,0,0,0,0,0,0,23,23,7335,0,0,0,0,0,0,0,0,0
202604,999,48460,5,West Plains  MO ,1,1,199,0,0,0,0,0,0,0,0,0,1,1,199,0,0,0,0,0,0,0,0,0
202604,999,48540,4,Wheeling  WV-OH ,0,0,0,0,0,0,0,0,0,0,0,0,0,0,0,0,0,0,0,0,0,0,0,0
202604,999,48660,4,Wichita Falls  TX ,11,11,3991,0,0,0,0,0,0,0,0,0,11,11,3991,0,0,0,0,0,0,0,0,0
202604,999,48780,5,Williston  ND ,15,15,5647,0,0,0,0,0,0,0,0,0,5,5,2020,0,0,0,0,0,0,0,0,0
202604,999,48820,5,Willmar  MN ,7,7,2328,0,0,0,0,0,0,0,0,0,2,2,624,0,0,0,0,0,0,0,0,0
202604,999,48900,4,Wilmington  NC ,645,645,162761,2,4,879,2,6,1431,4,169,20126,470,470,105854,0,0,0,0,0,0,0,0,0
202604,999,49080,5,Winnemucca  NV ,16,16,2692,0,0,0,0,0,0,0,0,0,15,15,2500,0,0,0,0,0,0,0,0,0
202604,999,49260,5,Woodward  OK ,1,1,201,0,0,0,0,0,0,0,0,0,0,0,0,0,0,0,0,0,0,0,0,0
202604,999,49380,5,Worthington  MN ,1,1,344,1,2,417,0,0,0,1,8,1000,0,0,0,0,0,0,0,0,0,0,0,0
202604,999,49420,4,Yakima  WA ,40,40,12747,2,4,864,0,0,0,1,14,1607,27,27,9065,0,0,0,0,0,0,1,14,1607
202604,999,49460,5,Yankton  SD ,4,4,1007,0,0,0,0,0,0,3,81,9216,4,4,1007,0,0,0,0,0,0,3,81,9216
202604,999,49740,4,Yuma  AZ ,101,101,20802,3,6,967,0,0,0,0,0,0,91,91,19519,3,6,967,0,0,0,0,0,0
