Survey,CSA,CBSA,HHEADER,CBSA,,1-unit,,,2-units,,,3-4 units,,,5+ units,,,1-unit rep,,,2-units rep,,,3-4 units rep,,,5+ units rep
Date,Code,Code,,Name,Bldgs,Units,Value,Bldgs,Units,Value,Bldgs,Units,Value,Bldgs,Units,Value,Bldgs,Units,Value,Bldgs,Units,Value,      Bldgs,Units,Value,Bldgs,Units,Value
 
202404,101,10180,2,Abilene  TX ,43,43,11923,4,8,1242,0,0,0,0,0,0,43,43,11923,4,8,1242,0,0,0,0,0,0
202404,101,45020,5,Sweetwater  TX ,2,2,286,0,0,0,0,0,0,0,0,0,0,0,0,0,0,0,0,0,0,0,0,0
202404,104,10580,2,Albany-Schenectady-Troy  NY ,92,92,33913,3,6,926,0,0,0,2,10,989,57,57,20875,3,6,926,0,0,0,0,0,0
202404,104,11220,5,Amsterdam  NY ,4,4,899,0,0,0,0,0,0,0,0,0,1,1,350,0,0,0,0,0,0,0,0,0
202404,104,24020,2,Glens Falls  NY ,18,18,8542,2,4,674,0,0,0,0,0,0,16,16,7947,2,4,674,0,0,0,0,0,0
202404,104,24100,5,Gloversville  NY ,9,9,2367,0,0,0,0,0,0,1,5,1333,5,5,1180,0,0,0,0,0,0,0,0,0
202404,104,26460,5,Hudson  NY ,11,11,5406,0,0,0,0,0,0,0,0,0,4,4,1188,0,0,0,0,0,0,0,0,0
202404,105,10740,2,Albuquerque  NM ,194,194,53526,0,0,0,0,0,0,0,0,0,167,167,45512,0,0,0,0,0,0,0,0,0
202404,105,29780,5,Las Vegas  NM ,0,0,0,0,0,0,0,0,0,0,0,0,0,0,0,0,0,0,0,0,0,0,0,0
202404,105,31060,5,Los Alamos  NM ,3,3,769,0,0,0,0,0,0,0,0,0,0,0,0,0,0,0,0,0,0,0,0,0
202404,105,42140,2,Santa Fe  NM ,9,9,2456,0,0,0,0,0,0,0,0,0,9,9,2456,0,0,0,0,0,0,0,0,0
202404,106,10900,2,Allentown-Bethlehem-Easton  PA-NJ ,85,85,22847,7,14,2648,0,0,0,2,14,2937,54,54,15233,7,14,2648,0,0,0,0,0,0
202404,106,20700,5,East Stroudsburg  PA ,29,29,10614,0,0,0,0,0,0,0,0,0,19,19,7310,0,0,0,0,0,0,0,0,0
202404,107,11020,2,Altoona  PA ,7,7,2076,0,0,0,1,4,381,0,0,0,2,2,806,0,0,0,0,0,0,0,0,0
202404,107,26500,5,Huntingdon  PA ,2,2,327,0,0,0,0,0,0,0,0,0,0,0,0,0,0,0,0,0,0,0,0,0
202404,108,11100,2,Amarillo  TX ,50,50,14285,0,0,0,0,0,0,0,0,0,47,47,13517,0,0,0,0,0,0,0,0,0
202404,108,14420,5,Borger  TX ,1,1,209,0,0,0,0,0,0,0,0,0,0,0,0,0,0,0,0,0,0,0,0,0
202404,118,11540,2,Appleton  WI ,66,66,25183,2,4,752,0,0,0,0,0,0,60,60,23159,2,4,752,0,0,0,0,0,0
202404,118,36780,2,Oshkosh-Neenah  WI ,35,35,11703,1,2,250,0,0,0,2,16,2140,33,33,11016,1,2,250,0,0,0,2,16,2140
202404,120,11700,2,Asheville  NC ,220,220,89518,0,0,0,0,0,0,8,226,41395,87,87,42228,0,0,0,0,0,0,6,213,38948
202404,120,14820,5,Brevard  NC ,20,20,11817,0,0,0,0,0,0,0,0,0,0,0,0,0,0,0,0,0,0,0,0,0
202404,120,48200,5,Waynesville  NC ,61,61,18261,0,0,0,0,0,0,0,0,0,61,61,18261,0,0,0,0,0,0,0,0,0
202404,122,12020,2,Athens-Clarke County  GA ,89,89,28413,0,0,0,0,0,0,1,14,497,46,46,16161,0,0,0,0,0,0,1,14,497
202404,122,12060,2,Atlanta-Sandy Springs-Roswell  GA ,2448,2448,692241,15,30,7073,6,23,3485,136,1723,220768,2186,2186,628087,15,30,7073,5,20,2896,131,1623,204174
202404,122,15660,5,Calhoun  GA ,22,22,5026,0,0,0,0,0,0,0,0,0,10,10,1621,0,0,0,0,0,0,0,0,0
202404,122,16340,5,Cedartown  GA ,7,7,2733,0,0,0,0,0,0,0,0,0,0,0,0,0,0,0,0,0,0,0,0,0
202404,122,18460,5,Cornelia  GA ,19,19,6127,0,0,0,0,0,0,0,0,0,15,15,5651,0,0,0,0,0,0,0,0,0
202404,122,23580,2,Gainesville  GA ,124,124,26706,0,0,0,1,3,234,1,5,403,55,55,11133,0,0,0,0,0,0,0,0,0
202404,122,27600,5,Jefferson  GA ,205,205,61780,0,0,0,1,3,512,1,5,1068,171,171,52311,0,0,0,0,0,0,0,0,0
202404,122,29300,5,LaGrange  GA-AL ,53,53,17484,0,0,0,0,0,0,0,0,0,47,47,16200,0,0,0,0,0,0,0,0,0
202404,122,40660,2,Rome  GA ,29,29,6183,0,0,0,0,0,0,0,0,0,29,29,6183,0,0,0,0,0,0,0,0,0
202404,122,45580,5,Thomaston  GA ,12,12,2336,0,0,0,0,0,0,0,0,0,0,0,0,0,0,0,0,0,0,0,0,0
202404,132,12940,2,Baton Rouge  LA ,310,310,76314,0,0,0,0,0,0,1,20,2045,37,37,7991,0,0,0,0,0,0,0,0,0
202404,132,25220,2,Hammond  LA ,74,74,13155,0,0,0,0,0,0,1,37,3522,0,0,0,0,0,0,0,0,0,0,0,0
202404,142,13820,2,Birmingham  AL ,250,250,82053,1,2,1182,0,0,0,2,25,3959,177,177,59599,0,0,0,0,0,0,0,0,0
202404,142,18980,5,Cullman  AL ,15,15,3969,0,0,0,0,0,0,0,0,0,13,13,3502,0,0,0,0,0,0,0,0,0
202404,142,45180,5,Talladega-Sylacauga  AL ,13,13,3382,0,0,0,0,0,0,0,0,0,13,13,3382,0,0,0,0,0,0,0,0,0
202404,144,13260,5,Bedford  IN ,1,1,120,0,0,0,0,0,0,0,0,0,0,0,0,0,0,0,0,0,0,0,0,0
202404,144,14020,2,Bloomington  IN ,26,26,8977,1,2,320,0,0,0,7,126,15785,15,15,5494,1,2,320,0,0,0,7,126,15785
202404,145,14010,2,Bloomington  IL ,16,16,5430,0,0,0,0,0,0,0,0,0,15,15,5086,0,0,0,0,0,0,0,0,0
202404,145,38700,5,Pontiac  IL ,3,3,1359,0,0,0,0,0,0,0,0,0,2,2,1050,0,0,0,0,0,0,0,0,0
202404,146,14100,5,Bloomsburg-Berwick  PA ,9,9,2204,0,0,0,0,0,0,0,0,0,3,3,648,0,0,0,0,0,0,0,0,0
202404,146,30260,5,Lewisburg  PA ,5,5,1543,0,0,0,0,0,0,0,0,0,4,4,1211,0,0,0,0,0,0,0,0,0
202404,146,42780,5,Selinsgrove  PA ,3,3,979,0,0,0,0,0,0,0,0,0,0,0,0,0,0,0,0,0,0,0,0,0
202404,146,44980,5,Sunbury  PA ,10,10,2868,1,2,254,0,0,0,0,0,0,1,1,340,0,0,0,0,0,0,0,0,0
202404,147,14260,2,Boise City  ID ,733,733,203794,1,2,364,9,36,4500,1,24,2790,642,642,171166,1,2,364,9,36,4500,1,24,2790
202404,147,34300,5,Mountain Home  ID ,13,13,2231,0,0,0,0,0,0,0,0,0,11,11,1760,0,0,0,0,0,0,0,0,0
202404,147,36620,5,Ontario  OR-ID ,19,19,7099,0,0,0,1,4,500,0,0,0,16,16,6365,0,0,0,1,4,500,0,0,0
202404,148,12700,2,Barnstable Town  MA ,34,34,29725,0,0,0,0,0,0,0,0,0,23,23,23126,0,0,0,0,0,0,0,0,0
202404,148,14460,2,Boston-Cambridge-Newton  MA-NH ,333,333,144059,19,38,10209,9,32,6892,30,311,72043,229,229,102541,13,26,6433,7,26,5219,15,167,45968
202404,148,18180,5,Concord  NH ,32,32,10221,1,2,500,0,0,0,0,0,0,17,17,5421,1,2,500,0,0,0,0,0,0
202404,148,29060,5,Laconia  NH ,15,15,5750,1,2,500,0,0,0,0,0,0,8,8,3150,1,2,500,0,0,0,0,0,0
202404,148,31700,2,Manchester-Nashua  NH ,43,43,12988,7,14,3380,2,6,1298,1,18,3975,20,20,6436,4,8,1842,1,3,825,0,0,0
202404,148,39300,2,Providence-Warwick  RI-MA ,114,114,37106,10,20,3096,4,13,1932,1,5,308,48,48,18864,4,8,1533,4,13,1932,0,0,0
202404,148,49340,2,Worcester  MA ,79,79,26640,5,10,2339,0,0,0,0,0,0,41,41,13214,2,4,1000,0,0,0,0,0,0
202404,150,14540,2,Bowling Green  KY ,41,41,11171,0,0,0,0,0,0,0,0,0,41,41,11171,0,0,0,0,0,0,0,0,0
202404,150,23190,5,Franklin  KY ,13,13,2359,1,2,102,1,4,437,4,31,3201,13,13,2359,1,2,102,1,4,437,4,31,3201
202404,150,23980,5,Glasgow  KY ,14,14,4900,0,0,0,0,0,0,7,64,7180,14,14,4900,0,0,0,0,0,0,7,64,7180
202404,152,15060,5,Brookings  OR ,6,6,2318,0,0,0,0,0,0,0,0,0,6,6,2318,0,0,0,0,0,0,0,0,0
202404,152,18860,5,Crescent City  CA ,2,2,642,0,0,0,0,0,0,0,0,0,0,0,0,0,0,0,0,0,0,0,0,0
202404,154,15180,2,Brownsville-Harlingen  TX ,160,160,30016,5,10,1113,1,3,429,3,28,2758,47,47,8047,3,6,525,0,0,0,1,18,990
202404,154,39700,5,Raymondville  TX ,9,9,1965,0,0,0,0,0,0,0,0,0,9,9,1965,0,0,0,0,0,0,0,0,0
202404,160,15380,2,Buffalo-Cheektowaga  NY ,71,71,31171,1,2,400,2,8,1280,3,21,4002,58,58,27136,1,2,400,2,8,1280,2,11,1760
202404,160,36460,5,Olean  NY ,9,9,1766,1,2,250,0,0,0,0,0,0,1,1,400,0,0,0,0,0,0,0,0,0
202404,161,15460,5,Burlington  IA-IL ,3,3,1871,0,0,0,0,0,0,0,0,0,2,2,1782,0,0,0,0,0,0,0,0,0
202404,161,22800,5,Fort Madison  IA ,1,1,303,0,0,0,0,0,0,0,0,0,0,0,0,0,0,0,0,0,0,0,0,0
202404,162,12740,5,Barre  VT ,20,20,9384,0,0,0,0,0,0,1,30,6000,8,8,5550,0,0,0,0,0,0,1,30,6000
202404,162,15540,2,Burlington-South Burlington  VT ,45,45,13981,3,6,1095,0,0,0,2,78,14000,29,29,8842,0,0,0,0,0,0,2,78,14000
202404,163,15980,2,Cape Coral-Fort Myers  FL ,857,857,291139,12,24,4737,0,0,0,12,428,64698,857,857,291139,12,24,4737,0,0,0,12,428,64698
202404,163,17500,5,Clewiston  FL ,41,41,8509,0,0,0,0,0,0,3,45,1500,41,41,8509,0,0,0,0,0,0,3,45,1500
202404,163,34940,2,Naples-Marco Island  FL ,293,293,166225,1,2,703,2,7,1071,3,40,33103,23,23,79078,0,0,0,0,0,0,0,0,0
202404,164,16020,2,Cape Girardeau  MO-IL ,9,9,2761,0,0,0,0,0,0,0,0,0,0,0,0,0,0,0,0,0,0,0,0,0
202404,164,43460,5,Sikeston  MO ,30,30,2994,0,0,0,0,0,0,0,0,0,27,27,2435,0,0,0,0,0,0,0,0,0
202404,166,16060,5,Carbondale  IL ,1,1,105,0,0,0,0,0,0,0,0,0,0,0,0,0,0,0,0,0,0,0,0,0
202404,166,32060,5,Marion-Herrin  IL ,6,6,947,0,0,0,1,4,294,0,0,0,1,1,250,0,0,0,0,0,0,0,0,0
202404,168,16300,2,Cedar Rapids  IA ,38,38,14302,7,14,2301,0,0,0,0,0,0,33,33,12628,5,10,1251,0,0,0,0,0,0
202404,168,26980,2,Iowa City  IA ,43,43,13501,3,6,1280,0,0,0,0,0,0,29,29,9621,3,6,1280,0,0,0,0,0,0
202404,169,16580,2,Champaign-Urbana  IL ,29,29,10858,1,2,284,0,0,0,0,0,0,24,24,9374,1,2,284,0,0,0,0,0,0
202404,169,19180,5,Danville  IL ,0,0,0,0,0,0,0,0,0,0,0,0,0,0,0,0,0,0,0,0,0,0,0,0
202404,170,16620,2,Charleston  WV ,8,8,1012,0,0,0,0,0,0,0,0,0,5,5,375,0,0,0,0,0,0,0,0,0
202404,170,26580,2,Huntington-Ashland  WV-KY-OH ,26,26,5642,0,0,0,1,3,286,0,0,0,0,0,0,0,0,0,0,0,0,0,0,0
202404,170,39020,5,Portsmouth  OH ,1,1,300,0,0,0,0,0,0,0,0,0,0,0,0,0,0,0,0,0,0,0,0,0
202404,172,10620,5,Albemarle  NC ,35,35,5893,0,0,0,0,0,0,0,0,0,0,0,0,0,0,0,0,0,0,0,0,0
202404,172,16740,2,Charlotte-Concord-Gastonia  NC-SC ,1792,1792,507303,8,16,3589,0,0,0,15,815,142398,1465,1465,391103,7,14,3184,0,0,0,13,796,140126
202404,172,25860,2,Hickory-Lenoir-Morganton  NC ,216,216,40855,0,0,0,1,4,528,7,46,5318,174,174,30676,0,0,0,1,4,528,5,36,4761
202404,172,32000,5,Marion  NC ,18,18,8249,0,0,0,0,0,0,0,0,0,0,0,0,0,0,0,0,0,0,0,0,0
202404,172,43140,5,Shelby-Kings Mountain  NC ,28,28,4585,0,0,0,0,0,0,2,22,3203,14,14,2565,0,0,0,0,0,0,0,0,0
202404,174,11940,5,Athens  TN ,16,16,3710,1,2,180,0,0,0,0,0,0,3,3,330,1,2,180,0,0,0,0,0,0
202404,174,16860,2,Chattanooga  TN-GA ,463,463,75178,6,12,919,11,39,3732,31,245,24496,409,409,63463,1,2,200,10,35,3500,29,206,20600
202404,174,17420,2,Cleveland  TN ,78,78,20983,2,4,720,8,30,4608,0,0,0,58,58,17361,2,4,720,8,30,4608,0,0,0
202404,174,19140,2,Dalton  GA ,37,37,6905,3,6,391,1,3,417,1,5,382,0,0,0,0,0,0,0,0,0,0,0,0
202404,174,42460,5,Scottsboro  AL ,4,4,1253,0,0,0,0,0,0,0,0,0,0,0,0,0,0,0,0,0,0,0,0,0
202404,174,44900,5,Summerville  GA ,1,1,253,0,0,0,0,0,0,0,0,0,0,0,0,0,0,0,0,0,0,0,0,0
202404,176,16980,2,Chicago-Naperville-Elgin  IL-IN ,940,940,329814,10,20,3525,15,50,9937,13,82,17245,763,763,267684,8,16,2857,12,41,8846,8,57,13479
202404,176,28100,2,Kankakee  IL ,14,14,4109,0,0,0,0,0,0,0,0,0,8,8,2317,0,0,0,0,0,0,0,0,0
202404,176,28450,2,Kenosha  WI ,25,25,10606,1,2,383,0,0,0,0,0,0,18,18,6426,1,2,383,0,0,0,0,0,0
202404,176,33140,2,Michigan City-La Porte  IN ,18,18,9476,0,0,0,0,0,0,1,5,633,0,0,0,0,0,0,0,0,0,0,0,0
202404,176,36837,5,Ottawa  IL ,11,11,3099,1,2,400,0,0,0,0,0,0,3,3,876,0,0,0,0,0,0,0,0,0
202404,178,17140,2,Cincinnati  OH-KY-IN ,368,368,117886,8,16,2057,9,29,3901,14,334,149728,328,328,108018,7,14,1675,8,26,3433,13,328,148980
202404,178,48940,5,Wilmington  OH ,6,6,2321,0,0,0,0,0,0,1,5,313,0,0,0,0,0,0,0,0,0,0,0,0
202404,184,10420,2,Akron  OH ,58,58,19651,0,0,0,0,0,0,0,0,0,43,43,13007,0,0,0,0,0,0,0,0,0
202404,184,15940,2,Canton-Massillon  OH ,40,40,19409,1,2,356,0,0,0,1,5,384,34,34,18513,1,2,356,0,0,0,0,0,0
202404,184,17410,2,Cleveland  OH ,305,305,88115,0,0,0,5,15,3250,2,34,4558,189,189,52155,0,0,0,5,15,3250,0,0,0
202404,184,18740,5,Coshocton  OH ,0,0,0,0,0,0,0,0,0,0,0,0,0,0,0,0,0,0,0,0,0,0,0,0
202404,184,23380,5,Fremont  OH ,1,1,282,0,0,0,0,0,0,0,0,0,0,0,0,0,0,0,0,0,0,0,0,0
202404,184,35420,5,New Philadelphia-Dover  OH ,28,28,8538,0,0,0,0,0,0,0,0,0,1,1,350,0,0,0,0,0,0,0,0,0
202404,184,35940,5,Norwalk  OH ,5,5,2083,0,0,0,0,0,0,0,0,0,4,4,1780,0,0,0,0,0,0,0,0,0
202404,184,41780,2,Sandusky  OH ,23,23,10547,0,0,0,0,0,0,1,5,471,4,4,2382,0,0,0,0,0,0,0,0,0
202404,184,49300,5,Wooster  OH ,23,23,7186,0,0,0,0,0,0,0,0,0,23,23,7186,0,0,0,0,0,0,0,0,0
202404,190,17860,2,Columbia  MO ,63,63,27287,1,2,300,0,0,0,0,0,0,61,61,26832,1,2,300,0,0,0,0,0,0
202404,190,27620,2,Jefferson City  MO ,22,22,6785,0,0,0,0,0,0,0,0,0,16,16,5252,0,0,0,0,0,0,0,0,0
202404,190,33020,5,Mexico  MO ,1,1,225,0,0,0,0,0,0,0,0,0,0,0,0,0,0,0,0,0,0,0,0,0
202404,190,33620,5,Moberly  MO ,4,4,974,2,4,828,0,0,0,0,0,0,0,0,0,0,0,0,0,0,0,0,0,0
202404,192,17900,2,Columbia  SC ,411,411,96684,5,10,936,10,35,3829,0,0,0,280,280,70883,5,10,936,10,35,3829,0,0,0
202404,192,35140,5,Newberry  SC ,13,13,5319,0,0,0,0,0,0,0,0,0,13,13,5319,0,0,0,0,0,0,0,0,0
202404,192,36700,5,Orangeburg  SC ,9,9,1354,0,0,0,0,0,0,0,0,0,0,0,0,0,0,0,0,0,0,0,0,0
202404,192,44940,2,Sumter  SC ,35,35,5781,2,4,381,0,0,0,0,0,0,0,0,0,0,0,0,0,0,0,0,0,0
202404,194,10760,5,Alexander City  AL ,21,21,13688,0,0,0,0,0,0,0,0,0,0,0,0,0,0,0,0,0,0,0,0,0
202404,194,12220,2,Auburn-Opelika  AL ,173,173,48978,1,2,135,0,0,0,0,0,0,115,115,34767,0,0,0,0,0,0,0,0,0
202404,194,17980,2,Columbus  GA-AL ,56,56,15731,2,4,566,0,0,0,1,5,515,15,15,3341,2,4,566,0,0,0,0,0,0
202404,198,11900,5,Athens  OH ,0,0,0,0,0,0,0,0,0,0,0,0,0,0,0,0,0,0,0,0,0,0,0,0
202404,198,13340,5,Bellefontaine  OH ,7,7,2123,0,0,0,0,0,0,0,0,0,0,0,0,0,0,0,0,0,0,0,0,0
202404,198,15740,5,Cambridge  OH ,3,3,675,0,0,0,0,0,0,0,0,0,3,3,675,0,0,0,0,0,0,0,0,0
202404,198,17060,5,Chillicothe  OH ,2,2,687,0,0,0,0,0,0,0,0,0,0,0,0,0,0,0,0,0,0,0,0,0
202404,198,18140,2,Columbus  OH ,564,564,228878,10,20,3439,2,7,367,20,647,74250,467,467,193060,8,16,3147,1,4,250,20,647,74250
202404,198,32020,5,Marion  OH ,5,5,1129,0,0,0,0,0,0,0,0,0,2,2,450,0,0,0,0,0,0,0,0,0
202404,198,34540,5,Mount Vernon  OH ,16,16,5411,0,0,0,0,0,0,0,0,0,5,5,1620,0,0,0,0,0,0,0,0,0
202404,198,47920,5,Washington Court House  OH ,3,3,480,3,6,1200,0,0,0,0,0,0,3,3,480,3,6,1200,0,0,0,0,0,0
202404,198,49780,5,Zanesville  OH ,5,5,1439,0,0,0,1,3,414,1,6,725,0,0,0,0,0,0,0,0,0,0,0,0
202404,204,10860,5,Alice  TX ,2,2,529,0,0,0,0,0,0,0,0,0,0,0,0,0,0,0,0,0,0,0,0,0
202404,204,18580,2,Corpus Christi  TX ,196,196,48843,0,0,0,0,0,0,1,6,446,29,29,6380,0,0,0,0,0,0,0,0,0
202404,204,28780,5,Kingsville  TX ,2,2,361,0,0,0,0,0,0,0,0,0,0,0,0,0,0,0,0,0,0,0,0,0
202404,206,11980,5,Athens  TX ,30,30,8323,2,4,850,0,0,0,0,0,0,18,18,5062,2,4,850,0,0,0,0,0,0
202404,206,14300,5,Bonham  TX ,10,10,2216,1,2,200,0,0,0,0,0,0,8,8,1795,1,2,200,0,0,0,0,0,0
202404,206,18620,5,Corsicana  TX ,62,62,13876,1,2,230,0,0,0,0,0,0,18,18,2881,0,0,0,0,0,0,0,0,0
202404,206,19100,2,Dallas-Fort Worth-Arlington  TX ,4423,4423,1360834,165,330,50243,9,35,4348,120,3487,490671,3604,3604,1133771,146,292,44839,5,20,2920,117,3407,482199
202404,206,20460,5,Durant  OK ,6,6,4196,1,2,200,0,0,0,2,24,3300,6,6,4196,1,2,200,0,0,0,2,24,3300
202404,206,23620,5,Gainesville  TX ,7,7,1870,0,0,0,0,0,0,0,0,0,0,0,0,0,0,0,0,0,0,0,0,0
202404,206,24180,5,Granbury  TX ,21,21,5718,0,0,0,0,0,0,0,0,0,17,17,4626,0,0,0,0,0,0,0,0,0
202404,206,33420,5,Mineral Wells  TX ,1,1,286,0,0,0,0,0,0,0,0,0,0,0,0,0,0,0,0,0,0,0,0,0
202404,206,43300,2,Sherman-Denison  TX ,226,226,64906,2,4,511,0,0,0,0,0,0,166,166,47830,0,0,0,0,0,0,0,0,0
202404,206,44860,5,Sulphur Springs  TX ,8,8,1662,0,0,0,0,0,0,0,0,0,0,0,0,0,0,0,0,0,0,0,0,0
202404,209,17540,5,Clinton  IA ,3,3,807,0,0,0,0,0,0,1,5,833,1,1,250,0,0,0,0,0,0,0,0,0
202404,209,19340,2,Davenport-Moline-Rock Island  IA-IL ,31,31,11046,0,0,0,1,4,808,1,5,524,21,21,9180,0,0,0,1,4,808,0,0,0
202404,209,34700,5,Muscatine  IA ,1,1,353,0,0,0,0,0,0,0,0,0,1,1,353,0,0,0,0,0,0,0,0,0
202404,212,19430,2,Dayton-Kettering-Beavercreek  OH ,119,119,49506,0,0,0,0,0,0,1,12,1456,82,82,36524,0,0,0,0,0,0,0,0,0
202404,212,24820,5,Greenville  OH ,4,4,2100,1,2,350,0,0,0,0,0,0,4,4,2100,1,2,350,0,0,0,0,0,0
202404,212,43380,5,Sidney  OH ,8,8,1538,0,0,0,0,0,0,0,0,0,7,7,1240,0,0,0,0,0,0,0,0,0
202404,212,44220,2,Springfield  OH ,8,8,2686,0,0,0,0,0,0,0,0,0,8,8,2686,0,0,0,0,0,0,0,0,0
202404,212,46500,5,Urbana  OH ,10,10,3531,0,0,0,0,0,0,0,0,0,10,10,3531,0,0,0,0,0,0,0,0,0
202404,216,14500,2,Boulder  CO ,33,33,23879,0,0,0,1,3,429,2,11,3762,32,32,23597,0,0,0,0,0,0,2,11,3762
202404,216,19740,2,Denver-Aurora-Centennial  CO ,987,987,291937,0,0,0,2,8,200,6,138,16102,971,971,287497,0,0,0,2,8,200,4,127,14220
202404,216,24540,2,Greeley  CO ,212,212,77463,3,6,1034,2,7,1168,6,36,8551,78,78,30021,0,0,0,0,0,0,4,22,6779
202404,218,11180,2,Ames  IA ,20,20,6138,0,0,0,0,0,0,0,0,0,15,15,4602,0,0,0,0,0,0,0,0,0
202404,218,19780,2,Des Moines-West Des Moines  IA ,373,373,140107,0,0,0,0,0,0,2,67,14180,369,369,138887,0,0,0,0,0,0,2,67,14180
202404,218,36820,5,Oskaloosa  IA ,1,1,316,0,0,0,0,0,0,0,0,0,1,1,316,0,0,0,0,0,0,0,0,0
202404,218,37800,5,Pella  IA ,37,37,3990,0,0,0,0,0,0,0,0,0,34,34,3161,0,0,0,0,0,0,0,0,0
202404,220,10300,5,Adrian  MI ,13,13,3891,0,0,0,0,0,0,0,0,0,3,3,1890,0,0,0,0,0,0,0,0,0
202404,220,11460,2,Ann Arbor  MI ,54,54,18959,1,2,346,0,0,0,1,14,14498,24,24,9977,0,0,0,0,0,0,0,0,0
202404,220,19820,2,Detroit-Warren-Dearborn  MI ,456,456,157084,8,16,2475,5,17,4585,10,95,14194,363,363,131635,7,14,2260,5,17,4585,8,85,12240
202404,220,22420,2,Flint  MI ,36,36,10615,0,0,0,0,0,0,0,0,0,31,31,9578,0,0,0,0,0,0,0,0,0
202404,220,33780,2,Monroe  MI ,23,23,6675,0,0,0,0,0,0,0,0,0,13,13,4020,0,0,0,0,0,0,0,0,0
202404,221,19940,5,Dixon  IL ,2,2,755,0,0,0,0,0,0,0,0,0,0,0,0,0,0,0,0,0,0,0,0,0
202404,221,44580,5,Sterling  IL ,2,2,650,0,0,0,0,0,0,0,0,0,1,1,500,0,0,0,0,0,0,0,0,0
202404,222,20020,2,Dothan  AL ,45,45,12628,0,0,0,0,0,0,0,0,0,8,8,2253,0,0,0,0,0,0,0,0,0
202404,222,21460,5,Enterprise  AL ,15,15,3458,0,0,0,0,0,0,0,0,0,15,15,3458,0,0,0,0,0,0,0,0,0
202404,222,37120,5,Ozark  AL ,3,3,362,0,0,0,0,0,0,0,0,0,2,2,183,0,0,0,0,0,0,0,0,0
202404,228,20260,2,Duluth  MN-WI ,54,54,17331,2,4,800,0,0,0,0,0,0,47,47,15085,2,4,800,0,0,0,0,0,0
202404,228,24330,5,Grand Rapids  MN ,17,17,5829,0,0,0,0,0,0,0,0,0,14,14,4949,0,0,0,0,0,0,0,0,0
202404,232,20740,2,Eau Claire  WI ,27,27,11133,10,20,6516,0,0,0,0,0,0,25,25,10521,10,20,6516,0,0,0,0,0,0
202404,232,32860,5,Menomonie  WI ,16,16,5446,1,2,340,0,0,0,0,0,0,12,12,4312,0,0,0,0,0,0,0,0,0
202404,233,20780,5,Edwards  CO ,13,13,12120,0,0,0,0,0,0,0,0,0,13,13,12120,0,0,0,0,0,0,0,0,0
202404,233,40090,5,Rifle  CO ,11,11,14692,0,0,0,0,0,0,1,89,215000,5,5,2151,0,0,0,0,0,0,1,89,215000
202404,236,18500,5,Corning  NY ,14,14,2299,1,2,12,1,3,95,0,0,0,0,0,0,0,0,0,0,0,0,0,0,0
202404,236,21300,2,Elmira  NY ,3,3,431,0,0,0,0,0,0,1,5,560,0,0,0,0,0,0,0,0,0,0,0,0
202404,238,21340,2,El Paso  TX ,183,183,43119,4,8,1036,1,4,527,1,14,1650,8,8,2301,0,0,0,0,0,0,0,0,0
202404,238,29740,2,Las Cruces  NM ,61,61,17337,0,0,0,0,0,0,0,0,0,50,50,14892,0,0,0,0,0,0,0,0,0
202404,240,21500,2,Erie  PA ,17,17,7466,0,0,0,0,0,0,0,0,0,10,10,5363,0,0,0,0,0,0,0,0,0
202404,240,32740,5,Meadville  PA ,6,6,1993,0,0,0,0,0,0,0,0,0,0,0,0,0,0,0,0,0,0,0,0,0
202404,241,21780,2,Evansville  IN ,77,77,28240,6,12,1841,1,3,244,0,0,0,53,53,20272,5,10,1600,0,0,0,0,0,0
202404,241,25775,5,Henderson  KY ,4,4,1424,0,0,0,0,0,0,0,0,0,4,4,1424,0,0,0,0,0,0,0,0,0
202404,242,17220,5,Clarksburg  WV ,3,3,648,0,0,0,0,0,0,0,0,0,2,2,473,0,0,0,0,0,0,0,0,0
202404,242,21900,5,Fairmont  WV ,0,0,0,0,0,0,0,0,0,0,0,0,0,0,0,0,0,0,0,0,0,0,0,0
202404,244,22020,2,Fargo  ND-MN ,111,111,37154,0,0,0,0,0,0,1,110,19200,110,110,36810,0,0,0,0,0,0,1,110,19200
202404,244,47420,5,Wahpeton  ND-MN ,6,6,1883,0,0,0,0,0,0,0,0,0,0,0,0,0,0,0,0,0,0,0,0,0
202404,246,22180,2,Fayetteville  NC ,171,171,48482,0,0,0,0,0,0,4,78,11989,171,171,48482,0,0,0,0,0,0,4,78,11989
202404,246,29900,5,Laurinburg  NC ,8,8,2121,0,0,0,0,0,0,0,0,0,8,8,2121,0,0,0,0,0,0,0,0,0
202404,246,31300,5,Lumberton  NC ,34,34,7068,1,2,180,0,0,0,0,0,0,0,0,0,0,0,0,0,0,0,0,0,0
202404,246,38240,2,Pinehurst-Southern Pines  NC ,108,108,23895,0,0,0,0,0,0,0,0,0,91,91,19317,0,0,0,0,0,0,0,0,0
202404,246,40460,5,Rockingham  NC ,3,3,863,0,0,0,0,0,0,0,0,0,3,3,863,0,0,0,0,0,0,0,0,0
202404,248,22300,5,Findlay  OH ,12,12,3402,1,2,130,0,0,0,0,0,0,3,3,900,1,2,130,0,0,0,0,0,0
202404,248,45660,5,Tiffin  OH ,1,1,303,0,0,0,0,0,0,0,0,0,0,0,0,0,0,0,0,0,0,0,0,0
202404,250,22520,2,Florence-Muscle Shoals  AL ,16,16,1893,0,0,0,0,0,0,0,0,0,11,11,1381,0,0,0,0,0,0,0,0,0
202404,250,40770,5,Russellville  AL ,2,2,400,0,0,0,0,0,0,0,0,0,0,0,0,0,0,0,0,0,0,0,0,0
202404,258,11420,5,Angola  IN ,9,9,3048,0,0,0,0,0,0,0,0,0,9,9,3048,0,0,0,0,0,0,0,0,0
202404,258,12140,5,Auburn  IN ,8,8,2985,0,0,0,0,0,0,0,0,0,8,8,2985,0,0,0,0,0,0,0,0,0
202404,258,19540,5,Decatur  IN ,10,10,2656,1,2,203,0,0,0,0,0,0,4,4,1618,1,2,203,0,0,0,0,0,0
202404,258,23060,2,Fort Wayne  IN ,206,206,71954,2,4,796,0,0,0,1,22,4000,199,199,69891,1,2,456,0,0,0,1,22,4000
202404,258,26540,5,Huntington  IN ,6,6,1682,0,0,0,0,0,0,0,0,0,1,1,30,0,0,0,0,0,0,0,0,0
202404,258,28340,5,Kendallville  IN ,13,13,4105,0,0,0,0,0,0,0,0,0,3,3,1060,0,0,0,0,0,0,0,0,0
202404,260,23420,2,Fresno  CA ,380,380,140015,0,0,0,0,0,0,1,5,741,363,363,133343,0,0,0,0,0,0,0,0,0
202404,260,25260,2,Hanford-Corcoran  CA ,41,41,13959,2,4,1250,1,3,600,1,6,652,2,2,835,2,4,1250,0,0,0,0,0,0
202404,264,23540,2,Gainesville  FL ,88,88,28778,0,0,0,0,0,0,1,41,3281,53,53,17865,0,0,0,0,0,0,0,0,0
202404,264,29380,5,Lake City  FL ,20,20,3840,2,4,400,0,0,0,0,0,0,2,2,56,2,4,400,0,0,0,0,0,0
202404,266,13660,5,Big Rapids  MI ,10,10,2279,0,0,0,0,0,0,0,0,0,7,7,1481,0,0,0,0,0,0,0,0,0
202404,266,24340,2,Grand Rapids-Wyoming-Kentwood  MI ,229,229,81599,0,0,0,0,0,0,3,19,4028,149,149,54431,0,0,0,0,0,0,0,0,0
202404,266,26090,5,Holland  MI ,43,43,16078,0,0,0,0,0,0,0,0,0,23,23,8912,0,0,0,0,0,0,0,0,0
202404,266,34740,2,Muskegon-Norton Shores  MI ,32,32,9116,0,0,0,0,0,0,0,0,0,24,24,6899,0,0,0,0,0,0,0,0,0
202404,267,24580,2,Green Bay  WI ,83,83,31006,1,2,575,0,0,0,3,39,4918,76,76,28433,1,2,575,0,0,0,2,34,4400
202404,267,43020,5,Shawano  WI ,6,6,1388,1,2,550,0,0,0,0,0,0,5,5,1095,1,2,550,0,0,0,0,0,0
202404,268,15500,2,Burlington  NC ,184,184,31948,1,2,128,0,0,0,1,49,4740,164,164,27736,0,0,0,0,0,0,0,0,0
202404,268,24660,2,Greensboro-High Point  NC ,228,228,59830,9,18,2030,0,0,0,3,120,21575,202,202,51186,9,18,2030,0,0,0,3,120,21575
202404,268,34340,5,Mount Airy  NC ,43,43,10794,0,0,0,0,0,0,0,0,0,43,43,10794,0,0,0,0,0,0,0,0,0
202404,268,49180,2,Winston-Salem  NC ,361,361,121677,11,22,5420,0,0,0,20,235,25665,326,326,113398,11,22,5420,0,0,0,18,225,25271
202404,273,23500,5,Gaffney  SC ,19,19,4472,0,0,0,0,0,0,0,0,0,18,18,4372,0,0,0,0,0,0,0,0,0
202404,273,24860,2,Greenville-Anderson-Greer  SC ,806,806,259417,2,4,372,0,0,0,1,8,2144,803,803,258774,2,4,372,0,0,0,1,8,2144
202404,273,24940,5,Greenwood  SC ,38,38,8119,0,0,0,0,0,0,0,0,0,38,38,8119,0,0,0,0,0,0,0,0,0
202404,273,42860,5,Seneca  SC ,55,55,21578,0,0,0,0,0,0,0,0,0,55,55,21578,0,0,0,0,0,0,0,0,0
202404,273,43900,2,Spartanburg  SC ,298,298,56558,0,0,0,0,0,0,1,5,600,27,27,9528,0,0,0,0,0,0,0,0,0
202404,274,24780,2,Greenville  NC ,105,105,22577,0,0,0,0,0,0,0,0,0,100,100,21577,0,0,0,0,0,0,0,0,0
202404,274,47820,5,Washington  NC ,22,22,3394,0,0,0,0,0,0,0,0,0,4,4,524,0,0,0,0,0,0,0,0,0
202404,276,23900,2,Gettysburg  PA ,49,49,16177,0,0,0,0,0,0,0,0,0,49,49,16177,0,0,0,0,0,0,0,0,0
202404,276,25420,2,Harrisburg-Carlisle  PA ,113,113,30080,2,4,189,3,9,1451,3,65,7182,55,55,15737,1,2,90,0,0,0,1,48,5550
202404,276,30140,2,Lebanon  PA ,28,28,5187,1,2,185,0,0,0,0,0,0,8,8,2329,0,0,0,0,0,0,0,0,0
202404,276,49620,2,York-Hanover  PA ,83,83,23439,1,2,346,0,0,0,3,22,3397,31,31,7264,0,0,0,0,0,0,3,22,3397
202404,277,25500,2,Harrisonburg  VA ,22,22,5208,1,2,300,0,0,0,0,0,0,22,22,5208,1,2,300,0,0,0,0,0,0
202404,277,44420,2,Staunton-Stuarts Draft  VA ,40,40,8978,0,0,0,0,0,0,0,0,0,40,40,8978,0,0,0,0,0,0,0,0,0
202404,279,25620,2,Hattiesburg  MS ,13,13,2645,0,0,0,0,0,0,1,5,597,0,0,0,0,0,0,0,0,0,0,0,0
202404,279,29860,5,Laurel  MS ,3,3,375,0,0,0,0,0,0,0,0,0,0,0,0,0,0,0,0,0,0,0,0,0
202404,284,26300,2,Hot Springs  AR ,8,8,2804,0,0,0,0,0,0,0,0,0,8,8,2804,0,0,0,0,0,0,0,0,0
202404,284,31680,5,Malvern  AR ,0,0,0,0,0,0,0,0,0,0,0,0,0,0,0,0,0,0,0,0,0,0,0,0
202404,288,13060,5,Bay City  TX ,25,25,4982,0,0,0,0,0,0,0,0,0,25,25,4982,0,0,0,0,0,0,0,0,0
202404,288,14780,5,Brenham  TX ,6,6,1314,0,0,0,0,0,0,0,0,0,6,6,1314,0,0,0,0,0,0,0,0,0
202404,288,20900,5,El Campo  TX ,5,5,1480,0,0,0,0,0,0,1,5,351,4,4,1150,0,0,0,0,0,0,0,0,0
202404,288,26420,2,Houston-Pasadena-The Woodlands  TX ,5423,5423,1580223,83,166,28490,0,0,0,17,562,72031,5057,5057,1487567,83,166,28490,0,0,0,17,562,72031
202404,288,26660,5,Huntsville  TX ,45,45,9469,0,0,0,0,0,0,0,0,0,5,5,1273,0,0,0,0,0,0,0,0,0
202404,290,10700,5,Albertville  AL ,16,16,3799,0,0,0,0,0,0,0,0,0,11,11,2984,0,0,0,0,0,0,0,0,0
202404,290,19460,2,Decatur  AL ,24,24,4823,0,0,0,1,3,135,0,0,0,23,23,4575,0,0,0,0,0,0,0,0,0
202404,290,22190,5,Fayetteville  TN ,15,15,3942,0,0,0,0,0,0,0,0,0,15,15,3942,0,0,0,0,0,0,0,0,0
202404,290,22840,5,Fort Payne  AL ,5,5,1016,0,0,0,0,0,0,0,0,0,1,1,50,0,0,0,0,0,0,0,0,0
202404,290,26620,2,Huntsville  AL ,393,393,116598,0,0,0,0,0,0,0,0,0,235,235,78232,0,0,0,0,0,0,0,0,0
202404,292,13940,5,Blackfoot  ID ,28,28,5837,0,0,0,0,0,0,0,0,0,28,28,5837,0,0,0,0,0,0,0,0,0
202404,292,26820,2,Idaho Falls  ID ,120,120,26595,0,0,0,2,8,961,1,28,3329,94,94,22441,0,0,0,0,0,0,0,0,0
202404,292,39940,5,Rexburg  ID ,21,21,5886,0,0,0,1,4,341,0,0,0,21,21,5886,0,0,0,1,4,341,0,0,0
202404,294,18020,2,Columbus  IN ,10,10,3001,0,0,0,0,0,0,0,0,0,10,10,3001,0,0,0,0,0,0,0,0,0
202404,294,18820,5,Crawfordsville  IN ,6,6,1332,0,0,0,0,0,0,0,0,0,1,1,140,0,0,0,0,0,0,0,0,0
202404,294,24600,5,Greencastle  IN ,10,10,3631,2,4,600,0,0,0,0,0,0,10,10,3631,2,4,600,0,0,0,0,0,0
202404,294,24700,5,Greensburg  IN ,5,5,1170,0,0,0,0,0,0,0,0,0,5,5,1170,0,0,0,0,0,0,0,0,0
202404,294,26900,2,Indianapolis-Carmel-Greenwood  IN ,812,812,293762,5,10,3083,0,0,0,2,12,1714,745,745,272152,5,10,3083,0,0,0,0,0,0
202404,294,29020,2,Kokomo  IN ,9,9,2601,0,0,0,0,0,0,0,0,0,7,7,1990,0,0,0,0,0,0,0,0,0
202404,294,34620,2,Muncie  IN ,7,7,3092,0,0,0,0,0,0,0,0,0,3,3,1027,0,0,0,0,0,0,0,0,0
202404,294,35220,5,New Castle  IN ,3,3,1045,0,0,0,0,0,0,0,0,0,0,0,0,0,0,0,0,0,0,0,0,0
202404,294,37940,5,Peru  IN ,2,2,419,0,0,0,0,0,0,0,0,0,1,1,116,0,0,0,0,0,0,0,0,0
202404,294,42980,5,Seymour  IN ,9,9,2678,0,0,0,0,0,0,0,0,0,9,9,2678,0,0,0,0,0,0,0,0,0
202404,296,18660,5,Cortland  NY ,1,1,450,0,0,0,0,0,0,0,0,0,0,0,0,0,0,0,0,0,0,0,0,0
202404,296,27060,2,Ithaca  NY ,9,9,1720,0,0,0,0,0,0,6,50,4169,3,3,452,0,0,0,0,0,0,4,40,1700
202404,298,15020,5,Brookhaven  MS ,2,2,861,0,0,0,0,0,0,0,0,0,2,2,861,0,0,0,0,0,0,0,0,0
202404,298,27140,2,Jackson  MS ,120,120,27980,0,0,0,1,3,375,0,0,0,101,101,24561,0,0,0,0,0,0,0,0,0
202404,298,46980,5,Vicksburg  MS ,1,1,127,0,0,0,0,0,0,0,0,0,0,0,0,0,0,0,0,0,0,0,0,0
202404,300,27260,2,Jacksonville  FL ,1337,1337,393533,39,78,11809,10,40,2250,8,453,72330,1214,1214,344669,37,74,11186,10,40,2250,7,431,68266
202404,300,28680,5,Kingsland  GA ,24,24,8154,0,0,0,2,8,1168,0,0,0,24,24,8154,0,0,0,2,8,1168,0,0,0
202404,300,37260,5,Palatka  FL ,12,12,2775,0,0,0,0,0,0,0,0,0,12,12,2775,0,0,0,0,0,0,0,0,0
202404,304,24620,5,Greeneville  TN ,35,35,11602,0,0,0,0,0,0,0,0,0,35,35,11602,0,0,0,0,0,0,0,0,0
202404,304,27740,2,Johnson City  TN ,113,113,34093,0,0,0,0,0,0,0,0,0,96,96,31544,0,0,0,0,0,0,0,0,0
202404,304,28700,2,Kingsport-Bristol  TN-VA ,46,46,10649,1,2,180,0,0,0,1,5,292,22,22,6297,0,0,0,0,0,0,0,0,0
202404,306,27780,2,Johnstown  PA ,4,4,1845,0,0,0,0,0,0,0,0,0,1,1,822,0,0,0,0,0,0,0,0,0
202404,306,43740,5,Somerset  PA ,9,9,2340,0,0,0,0,0,0,0,0,0,1,1,25,0,0,0,0,0,0,0,0,0
202404,308,27860,2,Jonesboro  AR ,59,59,9500,4,8,550,5,19,985,1,8,454,8,8,1499,0,0,0,0,0,0,0,0,0
202404,308,37500,5,Paragould  AR ,14,14,3774,0,0,0,1,3,150,1,135,9800,14,14,3774,0,0,0,1,3,150,1,135,9800
202404,309,27900,2,Joplin  MO-KS ,48,48,9668,3,6,802,1,3,143,2,10,907,5,5,907,0,0,0,0,0,0,0,0,0
202404,309,33060,5,Miami  OK ,1,1,286,0,0,0,0,0,0,0,0,0,0,0,0,0,0,0,0,0,0,0,0,0
202404,310,12980,2,Battle Creek  MI ,13,13,2249,0,0,0,0,0,0,0,0,0,1,1,190,0,0,0,0,0,0,0,0,0
202404,310,28020,2,Kalamazoo-Portage  MI ,29,29,9940,0,0,0,0,0,0,0,0,0,22,22,6611,0,0,0,0,0,0,0,0,0
202404,310,44780,5,Sturgis  MI ,16,16,4346,0,0,0,0,0,0,0,0,0,5,5,1290,0,0,0,0,0,0,0,0,0
202404,312,11860,5,Atchison  KS ,1,1,180,0,0,0,0,0,0,0,0,0,0,0,0,0,0,0,0,0,0,0,0,0
202404,312,28140,2,Kansas City  MO-KS ,385,385,152880,14,28,7415,12,46,9051,13,265,39031,349,349,139160,14,28,7415,12,46,9051,12,248,35760
202404,312,29940,2,Lawrence  KS ,19,19,6948,0,0,0,0,0,0,0,0,0,5,5,2770,0,0,0,0,0,0,0,0,0
202404,312,36840,5,Ottawa  KS ,13,13,3885,0,0,0,0,0,0,0,0,0,11,11,3279,0,0,0,0,0,0,0,0,0
202404,312,41140,2,St. Joseph  MO-KS ,5,5,1269,0,0,0,0,0,0,0,0,0,1,1,440,0,0,0,0,0,0,0,0,0
202404,312,47660,5,Warrensburg  MO ,2,2,230,0,0,0,0,0,0,0,0,0,1,1,100,0,0,0,0,0,0,0,0,0
202404,313,14710,5,Brattleboro  VT ,16,16,4040,1,2,254,0,0,0,0,0,0,5,5,954,0,0,0,0,0,0,0,0,0
202404,313,28300,5,Keene  NH ,11,11,2958,0,0,0,1,3,180,0,0,0,0,0,0,0,0,0,0,0,0,0,0,0
202404,314,28420,2,Kennewick-Richland  WA ,123,123,41077,6,12,1645,5,19,2721,2,32,4679,61,61,19652,5,10,988,4,16,2203,0,0,0
202404,314,47460,2,Walla Walla  WA ,12,12,4617,2,4,615,0,0,0,1,5,754,9,9,3964,1,2,252,0,0,0,0,0,0
202404,315,28940,2,Knoxville  TN ,448,448,130688,6,12,1978,3,10,1834,4,70,11380,384,384,116300,2,4,460,0,0,0,0,0,0
202404,315,34100,2,Morristown  TN ,65,65,19870,1,2,120,1,3,180,1,36,1210,28,28,7959,0,0,0,0,0,0,1,36,1210
202404,315,35460,5,Newport  TN ,0,0,0,0,0,0,0,0,0,0,0,0,0,0,0,0,0,0,0,0,0,0,0,0
202404,315,42940,5,Sevierville  TN ,92,92,38413,1,2,365,0,0,0,2,16,2201,16,16,7956,0,0,0,0,0,0,1,6,777
202404,317,29100,2,La Crosse-Onalaska  WI-MN ,31,31,11350,3,6,1560,0,0,0,0,0,0,14,14,5835,2,4,1030,0,0,0,0,0,0
202404,317,43890,5,Sparta  WI ,5,5,1356,1,2,340,0,0,0,0,0,0,2,2,825,0,0,0,0,0,0,0,0,0
202404,318,29180,2,Lafayette  LA ,185,185,41539,0,0,0,0,0,0,0,0,0,49,49,11164,0,0,0,0,0,0,0,0,0
202404,318,35340,5,New Iberia  LA ,16,16,2902,0,0,0,0,0,0,0,0,0,3,3,330,0,0,0,0,0,0,0,0,0
202404,318,36660,5,Opelousas  LA ,15,15,2836,0,0,0,0,0,0,0,0,0,0,0,0,0,0,0,0,0,0,0,0,0
202404,320,23140,5,Frankfort  IN ,3,3,792,0,0,0,0,0,0,0,0,0,0,0,0,0,0,0,0,0,0,0,0,0
202404,320,29200,2,Lafayette-West Lafayette  IN ,65,65,23017,0,0,0,0,0,0,3,106,15608,55,55,19441,0,0,0,0,0,0,1,83,13011
202404,320,33900,5,Monticello  IN ,6,6,1866,0,0,0,0,0,0,0,0,0,6,6,1866,0,0,0,0,0,0,0,0,0
202404,324,19760,5,DeRidder  LA ,6,6,1815,0,0,0,0,0,0,0,0,0,0,0,0,0,0,0,0,0,0,0,0,0
202404,324,29340,2,Lake Charles  LA ,69,69,16828,0,0,0,0,0,0,0,0,0,65,65,15991,0,0,0,0,0,0,0,0,0
202404,330,29620,2,Lansing-East Lansing  MI ,45,45,17044,2,4,703,0,0,0,2,17,2063,22,22,9625,2,4,703,0,0,0,0,0,0
202404,330,37020,5,Owosso  MI ,10,10,2333,0,0,0,0,0,0,0,0,0,7,7,1525,0,0,0,0,0,0,0,0,0
202404,332,29820,2,Las Vegas-Henderson-North Las Vegas  NV ,1034,1034,346422,1,2,384,0,0,0,6,100,22259,1033,1033,345518,1,2,384,0,0,0,6,100,22259
202404,334,20340,5,Duncan  OK ,3,3,692,0,0,0,0,0,0,0,0,0,2,2,525,0,0,0,0,0,0,0,0,0
202404,334,30020,2,Lawton  OK ,13,13,2494,0,0,0,0,0,0,0,0,0,10,10,2252,0,0,0,0,0,0,0,0,0
202404,336,23180,5,Frankfort  KY ,21,21,5404,0,0,0,0,0,0,0,0,0,12,12,3283,0,0,0,0,0,0,0,0,0
202404,336,30460,2,Lexington-Fayette  KY ,139,139,37052,1,2,201,3,10,1389,5,76,7582,66,66,20528,1,2,201,1,4,700,1,7,832
202404,336,34460,5,Mount Sterling  KY ,4,4,879,1,2,650,0,0,0,0,0,0,0,0,0,0,0,0,0,0,0,0,0,0
202404,336,40080,5,Richmond-Berea  KY ,26,26,4618,0,0,0,0,0,0,0,0,0,26,26,4618,0,0,0,0,0,0,0,0,0
202404,338,16380,5,Celina  OH ,9,9,3449,2,4,690,0,0,0,0,0,0,0,0,0,1,2,350,0,0,0,0,0,0
202404,338,30620,2,Lima  OH ,7,7,1575,0,0,0,0,0,0,0,0,0,3,3,690,0,0,0,0,0,0,0,0,0
202404,338,46780,5,Van Wert  OH ,4,4,685,0,0,0,0,0,0,0,0,0,2,2,150,0,0,0,0,0,0,0,0,0
202404,338,47540,5,Wapakoneta  OH ,9,9,2158,0,0,0,0,0,0,0,0,0,1,1,350,0,0,0,0,0,0,0,0,0
202404,339,13100,5,Beatrice  NE ,2,2,605,0,0,0,0,0,0,0,0,0,1,1,353,0,0,0,0,0,0,0,0,0
202404,339,30700,2,Lincoln  NE ,91,91,25546,0,0,0,0,0,0,0,0,0,86,86,24349,0,0,0,0,0,0,0,0,0
202404,340,30780,2,Little Rock-North Little Rock-Conway  AR ,160,160,52203,3,6,539,0,0,0,0,0,0,154,154,50969,3,6,539,0,0,0,0,0,0
202404,340,38220,5,Pine Bluff  AR ,2,2,329,0,0,0,0,0,0,0,0,0,1,1,180,0,0,0,0,0,0,0,0,0
202404,340,42620,5,Searcy  AR ,13,13,2783,0,0,0,0,0,0,0,0,0,9,9,2408,0,0,0,0,0,0,0,0,0
202404,348,31080,2,Los Angeles-Long Beach-Anaheim  CA ,1155,1155,312681,57,114,23289,11,36,11778,29,633,118974,827,827,235358,54,108,21724,6,21,8063,15,457,82223
202404,348,37100,2,Oxnard-Thousand Oaks-Ventura  CA ,53,53,15137,0,0,0,2,8,2316,4,37,10676,22,22,5561,0,0,0,2,8,2316,3,32,10138
202404,348,40140,2,Riverside-San Bernardino-Ontario  CA ,1008,1008,306377,3,6,800,3,9,2439,25,147,20835,748,748,226470,1,2,75,2,6,1892,6,52,13248
202404,350,21060,2,Elizabethtown  KY ,32,32,7808,9,18,3038,0,0,0,0,0,0,27,27,6430,8,16,2751,0,0,0,0,0,0
202404,350,31140,2,Louisville-Jefferson County  KY-IN ,357,357,105884,5,10,1047,1,3,344,5,330,62684,306,306,93672,4,8,690,0,0,0,5,330,62684
202404,352,31180,2,Lubbock  TX ,208,208,54313,3,6,696,0,0,0,0,0,0,205,205,53568,3,6,696,0,0,0,0,0,0
202404,352,38380,5,Plainview  TX ,2,2,561,0,0,0,0,0,0,0,0,0,0,0,0,0,0,0,0,0,0,0,0,0
202404,356,31420,2,Macon-Bibb County  GA ,52,52,14634,0,0,0,0,0,0,0,0,0,12,12,4269,0,0,0,0,0,0,0,0,0
202404,356,47580,2,Warner Robins  GA ,111,111,21332,0,0,0,0,0,0,0,0,0,81,81,15051,0,0,0,0,0,0,0,0,0
202404,357,12660,5,Baraboo  WI ,18,18,7903,3,6,900,0,0,0,3,136,15964,4,4,1601,3,6,900,0,0,0,3,136,15964
202404,357,27500,2,Janesville-Beloit  WI ,21,21,5988,2,4,745,0,0,0,0,0,0,14,14,3939,2,4,745,0,0,0,0,0,0
202404,357,31540,2,Madison  WI ,143,143,57079,7,14,3517,4,15,2694,7,144,19714,115,115,47347,5,10,2462,4,15,2694,3,113,14600
202404,359,31860,2,Mankato  MN ,6,6,2474,0,0,0,0,0,0,3,21,1677,3,3,1391,0,0,0,0,0,0,2,16,1000
202404,359,35580,5,New Ulm  MN ,3,3,790,0,0,0,0,0,0,0,0,0,3,3,790,0,0,0,0,0,0,0,0,0
202404,360,11740,5,Ashland  OH ,5,5,937,0,0,0,0,0,0,0,0,0,1,1,99,0,0,0,0,0,0,0,0,0
202404,360,15340,5,Bucyrus  OH ,1,1,281,0,0,0,0,0,0,0,0,0,0,0,0,0,0,0,0,0,0,0,0,0
202404,360,31900,2,Mansfield  OH ,14,14,7035,1,2,351,0,0,0,0,0,0,10,10,5681,1,2,351,0,0,0,0,0,0
202404,361,27020,5,Iron Mountain  MI-WI ,7,7,2168,0,0,0,0,0,0,0,0,0,0,0,0,0,0,0,0,0,0,0,0,0
202404,361,31940,5,Marinette  WI-MI ,14,14,3621,0,0,0,0,0,0,0,0,0,4,4,1059,0,0,0,0,0,0,0,0,0
202404,365,32580,2,McAllen-Edinburg-Mission  TX ,417,417,106187,37,74,7522,48,185,19652,4,26,2087,356,356,91380,35,70,7078,36,144,14085,4,26,2087
202404,365,40100,5,Rio Grande City-Roma  TX ,0,0,0,0,0,0,0,0,0,0,0,0,0,0,0,0,0,0,0,0,0,0,0,0
202404,366,24420,2,Grants Pass  OR ,20,20,4769,0,0,0,0,0,0,0,0,0,9,9,2504,0,0,0,0,0,0,0,0,0
202404,366,32780,2,Medford  OR ,78,78,22780,5,10,2678,0,0,0,2,12,1513,72,72,21462,5,10,2678,0,0,0,2,12,1513
202404,368,17260,5,Clarksdale  MS ,3,3,533,0,0,0,0,0,0,0,0,0,0,0,0,0,0,0,0,0,0,0,0,0
202404,368,22620,5,Forrest City  AR ,1,1,286,0,0,0,0,0,0,0,0,0,0,0,0,0,0,0,0,0,0,0,0,0
202404,368,32820,2,Memphis  TN-MS-AR ,301,301,82586,0,0,0,0,0,0,0,0,0,261,261,73411,0,0,0,0,0,0,0,0,0
202404,370,28580,5,Key West-Key Largo  FL ,39,39,24890,0,0,0,1,4,550,0,0,0,14,14,8326,0,0,0,1,4,550,0,0,0
202404,370,33100,2,Miami-Fort Lauderdale-West Palm Beach  FL ,535,535,220535,21,42,7864,0,0,0,26,937,166236,418,418,151336,21,42,7864,0,0,0,17,693,139714
202404,370,36380,5,Okeechobee  FL ,1,1,412,0,0,0,0,0,0,0,0,0,1,1,412,0,0,0,0,0,0,0,0,0
202404,370,38940,2,Port St. Lucie  FL ,638,638,209320,8,16,2915,2,7,1481,5,28,8655,636,636,208744,8,16,2915,1,4,1300,5,28,8655
202404,370,42680,2,Sebastian-Vero Beach-West Vero Corridor  FL ,91,91,37294,0,0,0,0,0,0,0,0,0,87,87,31458,0,0,0,0,0,0,0,0,0
202404,371,18340,5,Corbin  KY ,1,1,206,1,2,185,0,0,0,0,0,0,0,0,0,0,0,0,0,0,0,0,0,0
202404,371,33180,5,Middlesborough  KY ,5,5,491,0,0,0,0,0,0,0,0,0,0,0,0,0,0,0,0,0,0,0,0,0
202404,372,11380,5,Andrews  TX ,3,3,702,0,0,0,0,0,0,0,0,0,0,0,0,0,0,0,0,0,0,0,0,0
202404,372,33260,2,Midland  TX ,194,194,39091,0,0,0,0,0,0,0,0,0,194,194,39091,0,0,0,0,0,0,0,0,0
202404,372,36220,2,Odessa  TX ,21,21,5553,0,0,0,0,0,0,0,0,0,21,21,5553,0,0,0,0,0,0,0,0,0
202404,376,13180,5,Beaver Dam  WI ,15,15,5180,4,8,2278,0,0,0,0,0,0,6,6,1850,1,2,400,0,0,0,0,0,0
202404,376,33340,2,Milwaukee-Waukesha  WI ,150,150,69097,11,22,5395,0,0,0,3,269,57161,106,106,48697,9,18,3977,0,0,0,2,255,55000
202404,376,39540,2,Racine-Mount Pleasant  WI ,14,14,5694,0,0,0,0,0,0,2,19,6500,10,10,4263,0,0,0,0,0,0,0,0,0
202404,376,48020,5,Watertown-Fort Atkinson  WI ,10,10,5849,0,0,0,0,0,0,0,0,0,10,10,5849,0,0,0,0,0,0,0,0,0
202404,376,48580,5,Whitewater-Elkhorn  WI ,31,31,12022,1,2,250,0,0,0,0,0,0,27,27,10111,1,2,250,0,0,0,0,0,0
202404,378,22060,5,Faribault-Northfield  MN ,14,14,4548,0,0,0,0,0,0,0,0,0,10,10,3490,0,0,0,0,0,0,0,0,0
202404,378,26780,5,Hutchinson  MN ,11,11,4017,0,0,0,0,0,0,0,0,0,10,10,3674,0,0,0,0,0,0,0,0,0
202404,378,33460,2,Minneapolis-St. Paul-Bloomington  MN-WI ,945,945,337666,3,6,1050,9,36,3306,9,111,34309,835,835,301220,3,6,1050,9,36,3306,5,64,23845
202404,378,36940,5,Owatonna  MN ,0,0,0,0,0,0,0,0,0,0,0,0,0,0,0,0,0,0,0,0,0,0,0,0
202404,378,39860,5,Red Wing  MN ,9,9,3089,0,0,0,0,0,0,0,0,0,9,9,3089,0,0,0,0,0,0,0,0,0
202404,378,41060,2,St. Cloud  MN ,43,43,13821,0,0,0,0,0,0,2,53,5306,34,34,10992,0,0,0,0,0,0,1,48,4500
202404,380,19300,2,Daphne-Fairhope-Foley  AL ,294,294,93697,0,0,0,0,0,0,2,63,9742,237,237,78571,0,0,0,0,0,0,1,56,8037
202404,380,33660,2,Mobile  AL ,189,189,55193,0,0,0,0,0,0,0,0,0,183,183,53949,0,0,0,0,0,0,0,0,0
202404,384,33740,2,Monroe  LA ,29,29,7647,1,2,279,0,0,0,0,0,0,3,3,835,0,0,0,0,0,0,0,0,0
202404,384,40820,5,Ruston  LA ,12,12,2885,0,0,0,0,0,0,0,0,0,5,5,880,0,0,0,0,0,0,0,0,0
202404,388,33860,2,Montgomery  AL ,63,63,21647,0,0,0,0,0,0,1,18,1500,62,62,21361,0,0,0,0,0,0,1,18,1500
202404,388,42820,5,Selma  AL ,1,1,125,0,0,0,0,0,0,0,0,0,0,0,0,0,0,0,0,0,0,0,0,0
202404,393,34180,5,Moses Lake  WA ,31,31,9525,3,6,1372,0,0,0,0,0,0,14,14,5837,2,4,912,0,0,0,0,0,0
202404,393,36830,5,Othello  WA ,5,5,956,0,0,0,0,0,0,0,0,0,0,0,0,0,0,0,0,0,0,0,0,0
202404,394,10940,5,Alma  MI ,4,4,815,1,2,365,0,0,0,0,0,0,0,0,0,0,0,0,0,0,0,0,0,0
202404,394,34380,5,Mount Pleasant  MI ,8,8,1627,0,0,0,0,0,0,0,0,0,7,7,1240,0,0,0,0,0,0,0,0,0
202404,396,34680,5,Murrells Inlet  SC ,18,18,10078,0,0,0,0,0,0,1,5,557,16,16,9301,0,0,0,0,0,0,0,0,0
202404,396,34820,2,Myrtle Beach-Conway-North Myrtle Beach  SC ,661,661,134819,0,0,0,0,0,0,1,5,250,660,660,134434,0,0,0,0,0,0,0,0,0
202404,400,29980,5,Lawrenceburg  TN ,2,2,417,0,0,0,1,3,325,0,0,0,0,0,0,0,0,0,0,0,0,0,0,0
202404,400,30280,5,Lewisburg  TN ,39,39,11216,0,0,0,0,0,0,6,40,5741,39,39,11216,0,0,0,0,0,0,6,40,5741
202404,400,34980,2,Nashville-Davidson--Murfreesboro--Franklin  TN ,1305,1305,454145,2,4,703,2,7,457,7,705,97839,1141,1141,412284,2,4,703,1,4,291,5,688,96557
202404,400,43180,5,Shelbyville  TN ,36,36,10893,0,0,0,0,0,0,0,0,0,19,19,6274,0,0,0,0,0,0,0,0,0
202404,400,46100,5,Tullahoma-Manchester  TN ,35,35,10098,1,2,331,0,0,0,0,0,0,12,12,3787,1,2,331,0,0,0,0,0,0
202404,400,49010,5,Winchester  TN ,34,34,8724,0,0,0,0,0,0,0,0,0,19,19,4958,0,0,0,0,0,0,0,0,0
202404,404,33980,5,Morehead City  NC ,73,73,24277,0,0,0,0,0,0,0,0,0,64,64,21710,0,0,0,0,0,0,0,0,0
202404,404,35100,5,New Bern  NC ,65,65,13926,0,0,0,0,0,0,0,0,0,47,47,10505,0,0,0,0,0,0,0,0,0
202404,405,25540,2,Hartford-West Hartford-East Hartford  CT ,73,73,20871,0,0,0,0,0,0,6,129,20947,53,53,14939,0,0,0,0,0,0,2,84,12746
202404,405,35300,2,New Haven  CT ,11,11,4427,2,4,270,2,6,1571,3,99,26496,2,2,829,1,2,120,0,0,0,1,87,25242
202404,405,35980,2,Norwich-New London-Willimantic  CT ,20,20,5946,0,0,0,0,0,0,0,0,0,10,10,3398,0,0,0,0,0,0,0,0,0
202404,405,39480,5,Putnam  CT ,14,14,3315,0,0,0,0,0,0,0,0,0,11,11,2657,0,0,0,0,0,0,0,0,0
202404,405,45860,5,Torrington  CT ,14,14,5823,0,0,0,0,0,0,0,0,0,6,6,3147,0,0,0,0,0,0,0,0,0
202404,405,47930,2,Waterbury-Shelton  CT ,26,26,6348,0,0,0,1,3,285,2,19,1290,7,7,2486,0,0,0,0,0,0,0,0,0
202404,406,14220,5,Bogalusa  LA ,0,0,0,0,0,0,0,0,0,0,0,0,0,0,0,0,0,0,0,0,0,0,0,0
202404,406,35380,2,New Orleans-Metairie  LA ,102,102,28349,20,40,5238,0,0,0,1,31,8667,64,64,16560,0,0,0,0,0,0,0,0,0
202404,406,38100,5,Picayune  MS ,33,33,4627,1,2,278,0,0,0,0,0,0,28,28,3530,0,0,0,0,0,0,0,0,0
202404,406,43640,2,Slidell-Mandeville-Covington  LA ,85,85,26808,1,2,207,0,0,0,0,0,0,82,82,25994,0,0,0,0,0,0,0,0,0
202404,408,14860,2,Bridgeport-Stamford-Danbury  CT ,39,39,32932,3,6,885,1,3,599,1,91,12500,28,28,25477,3,6,885,1,3,599,1,91,12500
202404,408,25770,5,Hemlock Farms  PA ,14,14,5360,0,0,0,0,0,0,0,0,0,4,4,2049,0,0,0,0,0,0,0,0,0
202404,408,28740,2,Kingston  NY ,30,30,9272,1,2,300,1,3,422,1,6,1500,18,18,5392,1,2,300,0,0,0,1,6,1500
202404,408,28880,2,Kiryas Joel-Poughkeepsie-Newburgh  NY ,72,72,28949,2,4,691,2,6,2211,6,87,29172,29,29,8041,0,0,0,1,3,656,1,37,5188
202404,408,33910,5,Monticello  NY ,34,34,10436,6,12,1362,0,0,0,0,0,0,4,4,1820,0,0,0,0,0,0,0,0,0
202404,408,35620,2,New York-Newark-Jersey City  NY-NJ ,1166,1166,329220,181,362,36659,27,87,8069,108,3596,502805,753,753,184869,148,296,28480,17,56,4526,49,2881,409700
202404,408,45940,2,Trenton-Princeton  NJ ,125,125,27569,0,0,0,0,0,0,4,116,10338,122,122,27375,0,0,0,0,0,0,4,116,10338
202404,412,11580,5,Arcadia  FL ,7,7,1326,0,0,0,0,0,0,0,0,0,7,7,1326,0,0,0,0,0,0,0,0,0
202404,412,35840,2,North Port-Bradenton-Sarasota  FL ,1187,1187,385815,6,12,3002,0,0,0,2,151,44541,1187,1187,385815,6,12,3002,0,0,0,2,151,44541
202404,412,39460,2,Punta Gorda  FL ,362,362,110814,14,28,3723,4,16,4225,3,51,11312,355,355,106436,13,26,3362,4,16,4225,2,46,10413
202404,416,36420,2,Oklahoma City  OK ,642,642,207124,47,94,10482,0,0,0,11,268,34355,609,609,200145,46,92,10332,0,0,0,11,268,34355
202404,416,43060,5,Shawnee  OK ,11,11,2900,0,0,0,0,0,0,0,0,0,6,6,1532,0,0,0,0,0,0,0,0,0
202404,420,23340,5,Fremont  NE ,6,6,1944,1,2,445,0,0,0,0,0,0,4,4,1428,1,2,445,0,0,0,0,0,0
202404,420,36540,2,Omaha  NE-IA ,319,319,69466,2,4,1027,0,0,0,30,230,2433,246,246,48754,2,4,1027,0,0,0,30,230,2433
202404,422,19660,2,Deltona-Daytona Beach-Ormond Beach  FL ,483,483,141122,9,18,4365,1,4,741,13,366,34019,394,394,109131,8,16,3823,1,4,741,13,366,34019
202404,422,29460,2,Lakeland-Winter Haven  FL ,834,834,251422,2,4,273,0,0,0,2,30,3325,748,748,230326,0,0,0,0,0,0,0,0,0
202404,422,36740,2,Orlando-Kissimmee-Sanford  FL ,1310,1310,424871,1,2,357,0,0,0,24,989,196375,1124,1124,371561,1,2,357,0,0,0,21,900,182228
202404,422,48680,2,Wildwood-The Villages  FL ,403,403,91188,9,18,18,0,0,0,0,0,0,402,402,90998,9,18,18,0,0,0,0,0,0
202404,424,32460,5,Mayfield  KY ,0,0,0,0,0,0,0,0,0,0,0,0,0,0,0,0,0,0,0,0,0,0,0,0
202404,424,37140,2,Paducah  KY-IL ,12,12,2071,0,0,0,0,0,0,0,0,0,11,11,1952,0,0,0,0,0,0,0,0,0
202404,425,31930,5,Marietta  OH ,0,0,0,0,0,0,0,0,0,0,0,0,0,0,0,0,0,0,0,0,0,0,0,0
202404,425,37620,2,Parkersburg-Vienna  WV ,13,13,2532,0,0,0,0,0,0,0,0,0,10,10,1963,0,0,0,0,0,0,0,0,0
202404,427,15900,5,Canton  IL ,3,3,730,0,0,0,0,0,0,0,0,0,0,0,0,0,0,0,0,0,0,0,0,0
202404,427,37900,2,Peoria  IL ,23,23,8046,1,2,363,0,0,0,0,0,0,10,10,3810,0,0,0,0,0,0,0,0,0
202404,428,12100,2,Atlantic City-Hammonton  NJ ,78,78,33934,7,14,2687,3,10,1060,1,5,622,59,59,29866,3,6,1423,0,0,0,0,0,0
202404,428,20100,2,Dover  DE ,114,114,17849,2,4,667,1,3,450,0,0,0,110,110,16729,2,4,667,1,3,450,0,0,0
202404,428,37980,2,Philadelphia-Camden-Wilmington  PA-NJ-DE-MD ,583,583,137382,2,4,319,11,38,6311,16,349,31970,336,336,71469,1,2,305,8,27,5316,10,314,28596
202404,428,39740,2,Reading  PA ,29,29,7828,0,0,0,0,0,0,0,0,0,14,14,2999,0,0,0,0,0,0,0,0,0
202404,428,47220,2,Vineland  NJ ,12,12,1674,0,0,0,0,0,0,9,73,6710,9,9,1448,0,0,0,0,0,0,9,73,6710
202404,429,37740,5,Payson  AZ ,23,23,5893,0,0,0,0,0,0,0,0,0,14,14,3016,0,0,0,0,0,0,0,0,0
202404,429,38060,2,Phoenix-Mesa-Chandler  AZ ,2615,2615,785360,68,136,14403,0,0,0,34,1358,229125,2248,2248,690181,64,128,13447,0,0,0,31,1286,216171
202404,430,25850,5,Hermitage  PA ,6,6,1468,0,0,0,0,0,0,0,0,0,0,0,0,0,0,0,0,0,0,0,0,0
202404,430,26860,5,Indiana  PA ,2,2,816,0,0,0,0,0,0,0,0,0,0,0,0,0,0,0,0,0,0,0,0,0
202404,430,38300,2,Pittsburgh  PA ,327,327,106741,0,0,0,3,10,1792,3,165,16097,184,184,64785,0,0,0,1,4,867,0,0,0
202404,430,48260,2,Weirton-Steubenville  WV-OH ,3,3,685,0,0,0,0,0,0,0,0,0,3,3,685,0,0,0,0,0,0,0,0,0
202404,438,30340,2,Lewiston-Auburn  ME ,27,27,5432,1,2,341,0,0,0,0,0,0,11,11,1469,0,0,0,0,0,0,0,0,0
202404,438,38860,2,Portland-South Portland  ME ,193,193,72039,5,10,1818,1,3,250,3,20,1513,89,89,39565,2,4,773,0,0,0,0,0,0
202404,440,10540,2,Albany  OR ,15,15,5429,3,6,1532,0,0,0,6,60,7990,14,14,5084,3,6,1532,0,0,0,6,60,7990
202404,440,18700,2,Corvallis  OR ,10,10,3351,0,0,0,2,8,1780,0,0,0,6,6,1579,0,0,0,2,8,1780,0,0,0
202404,440,31020,2,Longview-Kelso  WA ,39,39,13384,1,2,149,0,0,0,0,0,0,33,33,11844,1,2,149,0,0,0,0,0,0
202404,440,38900,2,Portland-Vancouver-Hillsboro  OR-WA ,594,594,248659,4,8,1604,1,3,471,10,108,18800,432,432,164641,4,8,1604,0,0,0,7,73,12793
202404,440,41420,2,Salem  OR ,82,82,25527,2,4,970,0,0,0,4,43,6523,74,74,23199,1,2,463,0,0,0,3,38,5722
202404,444,15860,5,Cañon City  CO ,9,9,2644,0,0,0,0,0,0,0,0,0,9,9,2644,0,0,0,0,0,0,0,0,0
202404,444,39380,2,Pueblo  CO ,35,35,5928,0,0,0,0,0,0,0,0,0,35,35,5928,0,0,0,0,0,0,0,0,0
202404,446,34140,5,Moscow  ID ,8,8,2692,0,0,0,0,0,0,0,0,0,8,8,2692,0,0,0,0,0,0,0,0,0
202404,446,39420,5,Pullman  WA ,5,5,1604,2,4,1022,0,0,0,0,0,0,4,4,1424,2,4,1022,0,0,0,0,0,0
202404,448,25300,5,Hannibal  MO ,7,7,2057,0,0,0,0,0,0,0,0,0,6,6,1988,0,0,0,0,0,0,0,0,0
202404,448,39500,5,Quincy  IL-MO ,6,6,1315,0,0,0,0,0,0,0,0,0,0,0,0,0,0,0,0,0,0,0,0,0
202404,450,11360,5,Anderson Creek  NC ,111,111,17215,0,0,0,0,0,0,0,0,0,5,5,1400,0,0,0,0,0,0,0,0,0
202404,450,20500,2,Durham-Chapel Hill  NC ,275,275,97351,4,8,1153,0,0,0,6,270,46852,80,80,36169,0,0,0,0,0,0,0,0,0
202404,450,25780,5,Henderson  NC ,8,8,2717,0,0,0,0,0,0,0,0,0,0,0,0,0,0,0,0,0,0,0,0,0
202404,450,39580,2,Raleigh-Cary  NC ,1206,1206,299865,1,2,310,0,0,0,1,157,34265,1130,1130,281816,1,2,310,0,0,0,1,157,34265
202404,450,41820,5,Sanford  NC ,57,57,12767,0,0,0,0,0,0,0,0,0,57,57,12767,0,0,0,0,0,0,0,0,0
202404,452,39660,2,Rapid City  SD ,70,70,24719,1,2,521,0,0,0,0,0,0,68,68,23991,1,2,521,0,0,0,0,0,0
202404,452,43940,5,Spearfish  SD ,28,28,12669,1,2,223,0,0,0,1,6,997,16,16,8284,0,0,0,0,0,0,0,0,0
202404,454,39780,5,Red Bluff  CA ,15,15,2731,0,0,0,0,0,0,0,0,0,0,0,0,0,0,0,0,0,0,0,0,0
202404,454,39820,2,Redding  CA ,16,16,4608,0,0,0,0,0,0,0,0,0,5,5,1443,0,0,0,0,0,0,0,0,0
202404,456,16180,2,Carson City  NV ,31,31,12087,0,0,0,0,0,0,0,0,0,31,31,12087,0,0,0,0,0,0,0,0,0
202404,456,21980,5,Fallon  NV ,6,6,922,0,0,0,0,0,0,0,0,0,5,5,648,0,0,0,0,0,0,0,0,0
202404,456,23820,5,Gardnerville Ranchos  NV-CA ,35,35,20496,0,0,0,0,0,0,0,0,0,35,35,20496,0,0,0,0,0,0,0,0,0
202404,456,39900,2,Reno  NV ,234,234,65414,2,4,419,1,4,528,7,91,11731,62,62,17206,0,0,0,0,0,0,1,5,803
202404,458,18220,5,Connersville  IN ,1,1,100,0,0,0,0,0,0,0,0,0,1,1,100,0,0,0,0,0,0,0,0,0
202404,458,39980,5,Richmond  IN ,5,5,984,0,0,0,0,0,0,0,0,0,5,5,984,0,0,0,0,0,0,0,0,0
202404,462,12380,5,Austin  MN ,4,4,946,0,0,0,0,0,0,0,0,0,3,3,835,0,0,0,0,0,0,0,0,0
202404,462,40340,2,Rochester  MN ,71,71,22413,0,0,0,0,0,0,0,0,0,45,45,14509,0,0,0,0,0,0,0,0,0
202404,462,49100,5,Winona  MN ,4,4,1092,0,0,0,0,0,0,0,0,0,2,2,675,0,0,0,0,0,0,0,0,0
202404,464,12860,5,Batavia  NY ,5,5,1147,0,0,0,0,0,0,0,0,0,0,0,0,0,0,0,0,0,0,0,0,0
202404,464,40380,2,Rochester  NY ,98,98,33620,1,2,585,4,15,915,4,27,2807,53,53,20823,1,2,585,3,12,600,0,0,0
202404,464,42900,5,Seneca Falls  NY ,1,1,175,0,0,0,0,0,0,0,0,0,1,1,175,0,0,0,0,0,0,0,0,0
202404,466,23300,5,Freeport  IL ,0,0,0,0,0,0,0,0,0,0,0,0,0,0,0,0,0,0,0,0,0,0,0,0
202404,466,40300,5,Rochelle  IL ,5,5,1138,0,0,0,0,0,0,1,5,144,3,3,780,0,0,0,0,0,0,0,0,0
202404,466,40420,2,Rockford  IL ,25,25,6645,6,12,1530,0,0,0,0,0,0,23,23,6431,6,12,1530,0,0,0,0,0,0
202404,468,40260,5,Roanoke Rapids  NC ,5,5,1979,0,0,0,0,0,0,0,0,0,0,0,0,0,0,0,0,0,0,0,0,0
202404,468,40580,2,Rocky Mount  NC ,58,58,11674,0,0,0,0,0,0,0,0,0,14,14,2191,0,0,0,0,0,0,0,0,0
202404,468,48980,5,Wilson  NC ,43,43,10058,0,0,0,0,0,0,0,0,0,43,43,10058,0,0,0,0,0,0,0,0,0
202404,472,40900,2,Sacramento-Roseville-Folsom  CA ,830,830,271848,11,22,4048,0,0,0,1,49,5212,812,812,266473,11,22,4048,0,0,0,1,49,5212
202404,472,46020,5,Truckee-Grass Valley  CA ,21,21,12521,0,0,0,0,0,0,0,0,0,21,21,12521,0,0,0,0,0,0,0,0,0
202404,472,49700,2,Yuba City  CA ,53,53,24139,0,0,0,0,0,0,0,0,0,49,49,22382,0,0,0,0,0,0,0,0,0
202404,474,13020,2,Bay City  MI ,3,3,961,0,0,0,0,0,0,0,0,0,1,1,433,0,0,0,0,0,0,0,0,0
202404,474,33220,2,Midland  MI ,9,9,2436,0,0,0,0,0,0,0,0,0,3,3,550,0,0,0,0,0,0,0,0,0
202404,474,40980,2,Saginaw  MI ,15,15,3700,0,0,0,1,4,636,0,0,0,8,8,1839,0,0,0,1,4,636,0,0,0
202404,476,16460,5,Centralia  IL ,0,0,0,0,0,0,0,0,0,0,0,0,0,0,0,0,0,0,0,0,0,0,0,0
202404,476,22100,5,Farmington  MO ,5,5,1131,1,2,219,0,0,0,1,19,1794,2,2,390,0,0,0,0,0,0,0,0,0
202404,476,41180,2,St. Louis  MO-IL ,484,484,178569,10,20,4277,1,3,488,7,55,16365,392,392,142436,8,16,3710,0,0,0,2,20,10891
202404,480,36180,5,Ocean Pines  MD ,35,35,6815,0,0,0,0,0,0,0,0,0,33,33,6540,0,0,0,0,0,0,0,0,0
202404,480,41540,2,Salisbury  MD ,13,13,3275,0,0,0,0,0,0,0,0,0,10,10,2775,0,0,0,0,0,0,0,0,0
202404,482,14940,5,Brigham City  UT-ID ,57,57,17891,0,0,0,1,4,1066,4,21,5102,47,47,15187,0,0,0,1,4,1066,4,21,5102
202404,482,25720,5,Heber  UT ,126,126,87487,0,0,0,0,0,0,1,5,1517,126,126,87487,0,0,0,0,0,0,1,5,1517
202404,482,36260,2,Ogden  UT ,182,182,69472,3,6,1201,2,6,1125,14,157,33797,158,158,63594,3,6,1201,1,3,560,12,136,30806
202404,482,39340,2,Provo-Orem-Lehi  UT ,575,575,206198,3,6,2391,3,11,2634,7,59,12655,569,569,200795,3,6,2391,3,11,2634,7,59,12655
202404,482,41620,2,Salt Lake City-Murray  UT ,284,284,89637,3,6,675,4,12,2105,8,165,26021,199,199,65607,0,0,0,0,0,0,3,25,5039
202404,484,23240,5,Fredericksburg  TX ,6,6,1252,0,0,0,0,0,0,0,0,0,0,0,0,0,0,0,0,0,0,0,0,0
202404,484,28500,5,Kerrville  TX ,12,12,3407,0,0,0,0,0,0,1,8,818,0,0,0,0,0,0,0,0,0,0,0,0
202404,484,41700,2,San Antonio-New Braunfels  TX ,1016,1016,287568,1,2,400,6,22,4310,17,137,19354,898,898,261363,0,0,0,6,22,4310,15,121,17365
202404,488,32900,2,Merced  CA ,26,26,8064,0,0,0,0,0,0,0,0,0,10,10,3130,0,0,0,0,0,0,0,0,0
202404,488,33700,2,Modesto  CA ,76,76,17328,0,0,0,0,0,0,0,0,0,59,59,13461,0,0,0,0,0,0,0,0,0
202404,488,34900,2,Napa  CA ,17,17,14701,0,0,0,0,0,0,0,0,0,17,17,14701,0,0,0,0,0,0,0,0,0
202404,488,41860,2,San Francisco-Oakland-Fremont  CA ,293,293,111447,2,4,1904,0,0,0,6,244,43604,253,253,95733,1,2,1596,0,0,0,2,216,38407
202404,488,41940,2,San Jose-Sunnyvale-Santa Clara  CA ,204,204,77023,0,0,0,0,0,0,1,12,3677,180,180,62943,0,0,0,0,0,0,1,12,3677
202404,488,42100,2,Santa Cruz-Watsonville  CA ,14,14,3251,0,0,0,0,0,0,0,0,0,8,8,2276,0,0,0,0,0,0,0,0,0
202404,488,44700,2,Stockton-Lodi  CA ,270,270,107726,0,0,0,0,0,0,0,0,0,269,269,107303,0,0,0,0,0,0,0,0,0
202404,488,46700,2,Vallejo  CA ,107,107,30849,0,0,0,0,0,0,0,0,0,106,106,30563,0,0,0,0,0,0,0,0,0
202404,496,25980,2,Hinesville  GA ,95,95,20867,0,0,0,0,0,0,0,0,0,66,66,13970,0,0,0,0,0,0,0,0,0
202404,496,27700,5,Jesup  GA ,12,12,2396,0,0,0,0,0,0,0,0,0,1,1,85,0,0,0,0,0,0,0,0,0
202404,496,42340,2,Savannah  GA ,277,277,71458,1,2,247,0,0,0,3,15,2107,157,157,41308,0,0,0,0,0,0,2,10,1400
202404,496,44340,5,Statesboro  GA ,65,65,12628,1,2,165,0,0,0,0,0,0,62,62,12066,1,2,165,0,0,0,0,0,0
202404,500,14740,2,Bremerton-Silverdale-Port Orchard  WA ,86,86,37410,1,2,419,0,0,0,0,0,0,86,86,37410,1,2,419,0,0,0,0,0,0
202404,500,16500,5,Centralia  WA ,28,28,7150,0,0,0,0,0,0,0,0,0,28,28,7150,0,0,0,0,0,0,0,0,0
202404,500,34580,2,Mount Vernon-Anacortes  WA ,30,30,11903,0,0,0,0,0,0,1,10,933,30,30,11903,0,0,0,0,0,0,0,0,0
202404,500,36020,5,Oak Harbor  WA ,31,31,10999,0,0,0,0,0,0,0,0,0,31,31,10999,0,0,0,0,0,0,0,0,0
202404,500,36500,2,Olympia-Lacey-Tumwater  WA ,81,81,23081,2,4,903,0,0,0,1,8,508,70,70,20588,2,4,903,0,0,0,0,0,0
202404,500,42660,2,Seattle-Tacoma-Bellevue  WA ,601,601,246348,30,60,16721,11,35,7750,21,657,95112,543,543,210217,30,60,16721,11,35,7750,18,627,90298
202404,500,43220,5,Shelton  WA ,26,26,9294,0,0,0,0,0,0,0,0,0,25,25,9091,0,0,0,0,0,0,0,0,0
202404,508,33380,5,Minden  LA ,3,3,942,0,0,0,0,0,0,0,0,0,1,1,390,0,0,0,0,0,0,0,0,0
202404,508,43340,2,Shreveport-Bossier City  LA ,86,86,27070,0,0,0,0,0,0,0,0,0,68,68,22253,0,0,0,0,0,0,0,0,0
202404,512,30180,5,Le Mars  IA ,2,2,803,0,0,0,0,0,0,0,0,0,0,0,0,0,0,0,0,0,0,0,0,0
202404,512,43580,2,Sioux City  IA-NE-SD ,23,23,8160,0,0,0,1,3,0,0,0,0,9,9,4305,0,0,0,0,0,0,0,0,0
202404,515,21140,2,Elkhart-Goshen  IN ,29,29,11969,0,0,0,0,0,0,0,0,0,29,29,11969,0,0,0,0,0,0,0,0,0
202404,515,35660,2,Niles  MI ,19,19,9525,0,0,0,0,0,0,0,0,0,8,8,6343,0,0,0,0,0,0,0,0,0
202404,515,38500,5,Plymouth  IN ,24,24,5927,0,0,0,0,0,0,0,0,0,21,21,4681,0,0,0,0,0,0,0,0,0
202404,515,43780,2,South Bend-Mishawaka  IN-MI ,43,43,19185,0,0,0,0,0,0,0,0,0,35,35,15528,0,0,0,0,0,0,0,0,0
202404,515,47700,5,Warsaw  IN ,16,16,6199,0,0,0,0,0,0,0,0,0,13,13,4886,0,0,0,0,0,0,0,0,0
202404,517,43980,5,Spencer  IA ,1,1,336,0,0,0,0,0,0,0,0,0,0,0,0,0,0,0,0,0,0,0,0,0
202404,517,44020,5,Spirit Lake  IA ,33,33,12279,0,0,0,0,0,0,0,0,0,12,12,7160,0,0,0,0,0,0,0,0,0
202404,518,17660,2,Coeur dAlene  ID ,124,124,49925,1,2,384,0,0,0,1,6,651,97,97,42119,0,0,0,0,0,0,0,0,0
202404,518,44060,2,Spokane-Spokane Valley  WA ,184,184,57670,1,2,520,4,16,3932,1,14,783,111,111,38257,1,2,520,4,16,3932,0,0,0
202404,521,11200,2,Amherst Town-Northampton  MA ,10,10,4075,0,0,0,0,0,0,3,15,2100,4,4,1613,0,0,0,0,0,0,0,0,0
202404,521,24640,5,Greenfield  MA ,5,5,1366,0,0,0,0,0,0,0,0,0,1,1,215,0,0,0,0,0,0,0,0,0
202404,521,44140,2,Springfield  MA ,22,22,7218,11,22,2816,0,0,0,1,5,61,9,9,3749,10,20,2632,0,0,0,0,0,0
202404,522,27300,5,Jacksonville  IL ,0,0,0,0,0,0,0,0,0,0,0,0,0,0,0,0,0,0,0,0,0,0,0,0
202404,522,30660,5,Lincoln  IL ,0,0,0,0,0,0,0,0,0,0,0,0,0,0,0,0,0,0,0,0,0,0,0,0
202404,522,44100,2,Springfield  IL ,16,16,5760,2,4,903,0,0,0,0,0,0,4,4,1646,1,2,600,0,0,0,0,0,0
202404,522,45380,5,Taylorville  IL ,3,3,809,0,0,0,0,0,0,0,0,0,0,0,0,0,0,0,0,0,0,0,0,0
202404,523,18060,5,Columbus  MS ,12,12,1452,0,0,0,0,0,0,0,0,0,3,3,340,0,0,0,0,0,0,0,0,0
202404,523,44260,5,Starkville  MS ,3,3,1536,0,0,0,0,0,0,0,0,0,2,2,1250,0,0,0,0,0,0,0,0,0
202404,524,20180,5,DuBois  PA ,11,11,2765,0,0,0,0,0,0,0,0,0,2,2,220,0,0,0,0,0,0,0,0,0
202404,524,44300,2,State College  PA ,32,32,9629,4,8,945,0,0,0,0,0,0,26,26,7735,4,8,945,0,0,0,0,0,0
202404,532,12180,5,Auburn  NY ,8,8,1775,0,0,0,0,0,0,1,5,735,1,1,180,0,0,0,0,0,0,0,0,0
202404,532,45060,2,Syracuse  NY ,49,49,15976,0,0,0,0,0,0,2,15,2649,28,28,10102,0,0,0,0,0,0,1,10,1479
202404,533,12460,5,Bainbridge  GA ,7,7,1378,0,0,0,0,0,0,1,5,438,0,0,0,0,0,0,0,0,0,0,0,0
202404,533,45220,2,Tallahassee  FL ,126,126,23310,1,2,222,0,0,0,3,95,12154,44,44,6570,0,0,0,0,0,0,0,0,0
202404,536,35700,5,Nogales  AZ ,20,20,5003,1,2,344,0,0,0,0,0,0,20,20,5003,1,2,344,0,0,0,0,0,0
202404,536,46060,2,Tucson  AZ ,392,392,139051,7,14,2164,0,0,0,7,64,10279,268,268,102778,5,10,1688,0,0,0,4,32,5477
202404,538,12780,5,Bartlesville  OK ,4,4,1220,0,0,0,0,0,0,0,0,0,4,4,1220,0,0,0,0,0,0,0,0,0
202404,538,34780,5,Muskogee  OK ,9,9,2353,0,0,0,0,0,0,0,0,0,6,6,1726,0,0,0,0,0,0,0,0,0
202404,538,46140,2,Tulsa  OK ,296,296,76015,7,14,1772,0,0,0,1,7,538,253,253,63568,7,14,1772,0,0,0,0,0,0
202404,539,18420,5,Corinth  MS ,0,0,0,0,0,0,0,0,0,0,0,0,0,0,0,0,0,0,0,0,0,0,0,0
202404,539,46180,5,Tupelo  MS ,11,11,3120,1,2,131,0,0,0,0,0,0,0,0,0,0,0,0,0,0,0,0,0,0
202404,540,27380,5,Jacksonville  TX ,3,3,776,0,0,0,0,0,0,0,0,0,1,1,275,0,0,0,0,0,0,0,0,0
202404,540,46340,2,Tyler  TX ,49,49,13869,1,2,310,1,3,564,1,6,861,39,39,11216,1,2,310,0,0,0,1,6,861
202404,542,32280,5,Martin  TN ,12,12,2102,0,0,0,0,0,0,0,0,0,9,9,1658,0,0,0,0,0,0,0,0,0
202404,542,46460,5,Union City  TN ,1,1,300,0,0,0,0,0,0,0,0,0,1,1,300,0,0,0,0,0,0,0,0,0
202404,544,38920,5,Port Lavaca  TX ,9,9,2793,0,0,0,0,0,0,0,0,0,7,7,2220,0,0,0,0,0,0,0,0,0
202404,544,47020,2,Victoria  TX ,2,2,327,0,0,0,0,0,0,0,0,0,1,1,288,0,0,0,0,0,0,0,0,0
202404,545,21020,5,Elizabeth City  NC ,14,14,4563,0,0,0,0,0,0,0,0,0,7,7,2925,0,0,0,0,0,0,0,0,0
202404,545,28620,5,Kill Devil Hills  NC ,22,22,10110,0,0,0,0,0,0,0,0,0,22,22,10110,0,0,0,0,0,0,0,0,0
202404,545,47260,2,Virginia Beach-Chesapeake-Norfolk  VA-NC ,264,264,88874,9,18,3457,1,3,700,2,10,2068,219,219,71553,9,18,3457,1,3,700,2,10,2068
202404,548,12580,2,Baltimore-Columbia-Towson  MD ,348,348,98075,0,0,0,0,0,0,4,162,22124,330,330,94020,0,0,0,0,0,0,1,12,330
202404,548,15700,5,Cambridge  MD ,9,9,2114,0,0,0,0,0,0,0,0,0,0,0,0,0,0,0,0,0,0,0,0,0
202404,548,16540,2,Chambersburg  PA ,54,54,18275,3,6,1220,0,0,0,1,6,600,16,16,5768,3,6,1220,0,0,0,1,6,600
202404,548,20660,5,Easton  MD ,16,16,7378,0,0,0,0,0,0,0,0,0,3,3,925,0,0,0,0,0,0,0,0,0
202404,548,25180,2,Hagerstown-Martinsburg  MD-WV ,116,116,29334,0,0,0,0,0,0,0,0,0,110,110,27994,0,0,0,0,0,0,0,0,0
202404,548,29470,5,Lake of the Woods  VA ,43,43,7603,0,0,0,0,0,0,0,0,0,0,0,0,0,0,0,0,0,0,0,0,0
202404,548,30500,2,Lexington Park  MD ,34,34,11188,0,0,0,0,0,0,0,0,0,34,34,11188,0,0,0,0,0,0,0,0,0
202404,548,47900,2,Washington-Arlington-Alexandria  DC-VA-MD-WV ,1175,1175,310833,2,4,621,1,3,438,28,1361,245315,1133,1133,300193,2,4,621,1,3,438,25,1315,242528
202404,548,49020,2,Winchester  VA-WV ,117,117,27311,0,0,0,0,0,0,0,0,0,103,103,24614,0,0,0,0,0,0,0,0,0
202404,554,44620,5,Stevens Point-Plover  WI ,11,11,4887,1,2,297,0,0,0,3,48,7500,9,9,4276,0,0,0,0,0,0,3,48,7500
202404,554,48140,2,Wausau  WI ,27,27,8629,0,0,0,0,0,0,0,0,0,16,16,4841,0,0,0,0,0,0,0,0,0
202404,554,49220,5,Wisconsin Rapids-Marshfield  WI ,9,9,3587,0,0,0,0,0,0,0,0,0,2,2,850,0,0,0,0,0,0,0,0,0
202404,555,21120,5,Elk City  OK ,1,1,240,0,0,0,0,0,0,0,0,0,0,0,0,0,0,0,0,0,0,0,0,0
202404,555,48220,5,Weatherford  OK ,3,3,1266,0,0,0,0,0,0,0,0,0,2,2,980,0,0,0,0,0,0,0,0,0
202404,556,11680,5,Arkansas City-Winfield  KS ,4,4,1140,0,0,0,0,0,0,1,5,509,1,1,732,0,0,0,0,0,0,0,0,0
202404,556,48620,2,Wichita  KS ,129,129,47680,39,78,9385,0,0,0,2,23,3425,102,102,38116,34,68,7630,0,0,0,1,6,920
202404,558,30820,5,Lock Haven  PA ,5,5,1470,0,0,0,0,0,0,0,0,0,0,0,0,0,0,0,0,0,0,0,0,0
202404,558,48700,2,Williamsport  PA ,3,3,724,0,0,0,0,0,0,0,0,0,0,0,0,0,0,0,0,0,0,0,0,0
202404,566,41400,5,Salem  OH ,4,4,1228,0,0,0,0,0,0,0,0,0,2,2,707,0,0,0,0,0,0,0,0,0
202404,566,49660,2,Youngstown-Warren  OH ,31,31,8479,0,0,0,0,0,0,0,0,0,31,31,8479,0,0,0,0,0,0,0,0,0
202404,999,10100,5,Aberdeen  SD ,15,15,2622,0,0,0,0,0,0,0,0,0,15,15,2622,0,0,0,0,0,0,0,0,0
202404,999,10140,5,Aberdeen  WA ,22,22,6516,1,2,364,1,3,220,0,0,0,21,21,6226,1,2,364,1,3,220,0,0,0
202404,999,10220,5,Ada  OK ,2,2,499,0,0,0,0,0,0,0,0,0,0,0,0,0,0,0,0,0,0,0,0,0
202404,999,10460,5,Alamogordo  NM ,1,1,382,0,0,0,0,0,0,0,0,0,0,0,0,0,0,0,0,0,0,0,0,0
202404,999,10480,5,Alamosa  CO ,7,7,2047,0,0,0,0,0,0,0,0,0,0,0,0,0,0,0,0,0,0,0,0,0
202404,999,10500,4,Albany  GA ,22,22,3320,0,0,0,0,0,0,1,5,554,18,18,2215,0,0,0,0,0,0,0,0,0
202404,999,10660,5,Albert Lea  MN ,4,4,867,0,0,0,0,0,0,0,0,0,4,4,867,0,0,0,0,0,0,0,0,0
202404,999,10780,4,Alexandria  LA ,21,21,5144,1,2,145,0,0,0,0,0,0,0,0,0,0,0,0,0,0,0,0,0,0
202404,999,10820,5,Alexandria  MN ,24,24,7539,0,0,0,0,0,0,0,0,0,22,22,6932,0,0,0,0,0,0,0,0,0
202404,999,10980,5,Alpena  MI ,5,5,1085,0,0,0,0,0,0,0,0,0,1,1,400,0,0,0,0,0,0,0,0,0
202404,999,11060,5,Altus  OK ,1,1,286,0,0,0,0,0,0,0,0,0,0,0,0,0,0,0,0,0,0,0,0,0
202404,999,11140,5,Americus  GA ,5,5,1069,0,0,0,0,0,0,0,0,0,0,0,0,0,0,0,0,0,0,0,0,0
202404,999,11260,4,Anchorage  AK ,32,32,12199,1,2,413,0,0,0,0,0,0,3,3,860,0,0,0,0,0,0,0,0,0
202404,999,11500,4,Anniston-Oxford  AL ,9,9,2110,0,0,0,0,0,0,0,0,0,8,8,1771,0,0,0,0,0,0,0,0,0
202404,999,11620,5,Ardmore  OK ,9,9,1330,0,0,0,0,0,0,0,0,0,7,7,920,0,0,0,0,0,0,0,0,0
202404,999,11660,5,Arkadelphia  AR ,0,0,0,0,0,0,0,0,0,0,0,0,0,0,0,0,0,0,0,0,0,0,0,0
202404,999,11820,5,Astoria  OR ,7,7,3314,0,0,0,1,3,450,0,0,0,7,7,3314,0,0,0,1,3,450,0,0,0
202404,999,12260,4,Augusta-Richmond County  GA-SC ,335,335,85284,0,0,0,0,0,0,0,0,0,127,127,31737,0,0,0,0,0,0,0,0,0
202404,999,12300,5,Augusta-Waterville  ME ,43,43,11035,0,0,0,0,0,0,0,0,0,12,12,3129,0,0,0,0,0,0,0,0,0
202404,999,12420,4,Austin-Round Rock-San Marcos  TX ,1760,1760,535142,11,22,2700,2,6,1050,13,753,87272,1263,1263,405064,7,14,1749,1,3,750,6,591,74115
202404,999,12520,5,Baker City  OR ,3,3,1232,0,0,0,0,0,0,0,0,0,3,3,1232,0,0,0,0,0,0,0,0,0
202404,999,12540,4,Bakersfield-Delano  CA ,273,273,69384,0,0,0,1,3,147,0,0,0,97,97,24397,0,0,0,0,0,0,0,0,0
202404,999,12620,4,Bangor  ME ,30,30,7293,0,0,0,0,0,0,1,5,669,12,12,3381,0,0,0,0,0,0,0,0,0
202404,999,12900,5,Batesville  AR ,2,2,386,0,0,0,0,0,0,0,0,0,1,1,100,0,0,0,0,0,0,0,0,0
202404,999,13140,4,Beaumont-Port Arthur  TX ,73,73,19862,0,0,0,0,0,0,1,6,614,52,52,14853,0,0,0,0,0,0,0,0,0
202404,999,13220,4,Beckley  WV ,4,4,480,0,0,0,0,0,0,0,0,0,4,4,480,0,0,0,0,0,0,0,0,0
202404,999,13300,5,Beeville  TX ,1,1,200,0,0,0,0,0,0,0,0,0,1,1,200,0,0,0,0,0,0,0,0,0
202404,999,13380,4,Bellingham  WA ,108,108,30966,3,6,909,0,0,0,0,0,0,75,75,20877,3,6,909,0,0,0,0,0,0
202404,999,13420,5,Bemidji  MN ,6,6,1227,0,0,0,0,0,0,2,10,326,0,0,0,0,0,0,0,0,0,0,0,0
202404,999,13460,4,Bend  OR ,137,137,51665,3,6,1241,0,0,0,3,42,6056,137,137,51665,3,6,1241,0,0,0,3,42,6056
202404,999,13540,5,Bennington  VT ,6,6,2221,1,2,265,0,0,0,0,0,0,3,3,991,1,2,265,0,0,0,0,0,0
202404,999,13700,5,Big Spring  TX ,1,1,205,0,0,0,0,0,0,0,0,0,0,0,0,0,0,0,0,0,0,0,0,0
202404,999,13740,4,Billings  MT ,63,63,19387,0,0,0,0,0,0,0,0,0,35,35,9524,0,0,0,0,0,0,0,0,0
202404,999,13780,4,Binghamton  NY ,17,17,3983,0,0,0,0,0,0,3,19,2081,7,7,1747,0,0,0,0,0,0,0,0,0
202404,999,13860,5,Bishop  CA ,2,2,394,0,0,0,0,0,0,0,0,0,0,0,0,0,0,0,0,0,0,0,0,0
202404,999,13900,4,Bismarck  ND ,34,34,14505,2,4,820,0,0,0,0,0,0,33,33,14202,2,4,820,0,0,0,0,0,0
202404,999,13980,4,Blacksburg-Christiansburg-Radford  VA ,42,42,10649,0,0,0,0,0,0,0,0,0,32,32,8200,0,0,0,0,0,0,0,0,0
202404,999,14140,5,Bluefield  WV-VA ,0,0,0,0,0,0,0,0,0,0,0,0,0,0,0,0,0,0,0,0,0,0,0,0
202404,999,14180,5,Blytheville  AR ,5,5,811,0,0,0,0,0,0,0,0,0,0,0,0,0,0,0,0,0,0,0,0,0
202404,999,14380,5,Boone  NC ,23,23,20836,0,0,0,0,0,0,0,0,0,21,21,18827,0,0,0,0,0,0,0,0,0
202404,999,14580,4,Bozeman  MT ,63,63,18971,3,6,1147,2,6,1042,5,54,7485,23,23,9573,0,0,0,0,0,0,2,23,4241
202404,999,14620,5,Bradford  PA ,4,4,925,0,0,0,0,0,0,0,0,0,0,0,0,0,0,0,0,0,0,0,0,0
202404,999,14660,5,Brainerd  MN ,75,75,26382,0,0,0,0,0,0,0,0,0,57,57,21011,0,0,0,0,0,0,0,0,0
202404,999,14700,5,Branson  MO ,27,27,6954,0,0,0,0,0,0,1,5,375,17,17,5190,0,0,0,0,0,0,0,0,0
202404,999,14720,5,Breckenridge  CO ,17,17,10652,0,0,0,0,0,0,1,6,1021,1,1,648,0,0,0,0,0,0,0,0,0
202404,999,15100,5,Brookings  SD ,18,18,4749,0,0,0,1,4,1100,0,0,0,17,17,4512,0,0,0,1,4,1100,0,0,0
202404,999,15220,5,Brownwood  TX ,12,12,3437,0,0,0,0,0,0,0,0,0,0,0,0,0,0,0,0,0,0,0,0,0
202404,999,15260,4,Brunswick-St.Simons  GA ,55,55,22085,4,8,856,1,4,759,1,8,959,3,3,600,0,0,0,0,0,0,0,0,0
202404,999,15420,5,Burley  ID ,23,23,7859,0,0,0,3,9,1097,0,0,0,23,23,7859,0,0,0,3,9,1097,0,0,0
202404,999,15580,5,Butte-Silver Bow  MT ,7,7,972,0,0,0,0,0,0,0,0,0,0,0,0,0,0,0,0,0,0,0,0,0
202404,999,15620,5,Cadillac  MI ,10,10,3007,0,0,0,0,0,0,1,5,1565,3,3,1250,0,0,0,0,0,0,0,0,0
202404,999,15780,5,Camden  AR ,1,1,84,1,2,250,0,0,0,0,0,0,0,0,0,0,0,0,0,0,0,0,0,0
202404,999,15820,5,Campbellsville  KY ,1,1,317,0,0,0,0,0,0,0,0,0,0,0,0,0,0,0,0,0,0,0,0,0
202404,999,16100,5,Carlsbad-Artesia  NM ,17,17,4607,0,0,0,0,0,0,1,5,733,3,3,866,0,0,0,0,0,0,0,0,0
202404,999,16140,5,Carroll  IA ,6,6,1892,0,0,0,0,0,0,0,0,0,1,1,250,0,0,0,0,0,0,0,0,0
202404,999,16220,4,Casper  WY ,27,27,4633,0,0,0,0,0,0,0,0,0,12,12,3378,0,0,0,0,0,0,0,0,0
202404,999,16260,5,Cedar City  UT ,65,65,20033,0,0,0,0,0,0,0,0,0,49,49,13922,0,0,0,0,0,0,0,0,0
202404,999,16660,5,Charleston-Mattoon  IL ,1,1,272,0,0,0,0,0,0,1,5,1800,0,0,0,0,0,0,0,0,0,0,0,0
202404,999,16700,4,Charleston-North Charleston  SC ,684,684,245457,4,8,712,8,24,863,19,158,11048,344,344,157894,0,0,0,0,0,0,0,0,0
202404,999,16820,4,Charlottesville  VA ,88,88,31780,0,0,0,0,0,0,3,33,3035,7,7,900,0,0,0,0,0,0,0,0,0
202404,999,16940,4,Cheyenne  WY ,28,28,6408,1,2,279,2,8,935,0,0,0,21,21,4388,0,0,0,0,0,0,0,0,0
202404,999,17020,4,Chico  CA ,69,69,12756,0,0,0,0,0,0,7,91,9815,46,46,8390,0,0,0,0,0,0,7,91,9815
202404,999,17300,4,Clarksville  TN-KY ,207,207,46376,6,12,1700,0,0,0,2,14,1008,205,205,46188,6,12,1700,0,0,0,2,14,1008
202404,999,17340,5,Clearlake  CA ,4,4,1047,0,0,0,0,0,0,0,0,0,0,0,0,0,0,0,0,0,0,0,0,0
202404,999,17380,5,Cleveland  MS ,2,2,300,0,0,0,0,0,0,0,0,0,2,2,300,0,0,0,0,0,0,0,0,0
202404,999,17580,5,Clovis  NM ,6,6,1344,4,8,1207,0,0,0,0,0,0,4,4,1038,4,8,1207,0,0,0,0,0,0
202404,999,17650,5,Cody  WY ,18,18,5826,0,0,0,0,0,0,0,0,0,18,18,5826,0,0,0,0,0,0,0,0,0
202404,999,17740,5,Coldwater  MI ,4,4,1248,0,0,0,0,0,0,0,0,0,0,0,0,0,0,0,0,0,0,0,0,0
202404,999,17780,4,College Station-Bryan  TX ,131,131,30951,2,4,715,0,0,0,0,0,0,128,128,30091,2,4,715,0,0,0,0,0,0
202404,999,17820,4,Colorado Springs  CO ,338,338,187466,4,8,1976,0,0,0,2,104,18699,328,328,184413,4,8,1976,0,0,0,2,104,18699
202404,999,18100,5,Columbus  NE ,12,12,4168,0,0,0,0,0,0,0,0,0,11,11,3865,0,0,0,0,0,0,0,0,0
202404,999,18260,5,Cookeville  TN ,49,49,10397,0,0,0,0,0,0,0,0,0,29,29,8298,0,0,0,0,0,0,0,0,0
202404,999,18300,5,Coos Bay-North Bend  OR ,2,2,385,0,0,0,0,0,0,0,0,0,2,2,385,0,0,0,0,0,0,0,0,0
202404,999,18380,5,Cordele  GA ,1,1,210,0,0,0,0,0,0,0,0,0,1,1,210,0,0,0,0,0,0,0,0,0
202404,999,18880,4,Crestview-Fort Walton Beach-Destin  FL ,326,326,195261,0,0,0,1,3,476,3,97,26307,326,326,195261,0,0,0,1,3,476,3,97,26307
202404,999,18900,5,Crossville  TN ,12,12,4370,0,0,0,0,0,0,0,0,0,12,12,4370,0,0,0,0,0,0,0,0,0
202404,999,19060,5,Cumberland  MD-WV ,11,11,3290,0,0,0,0,0,0,0,0,0,10,10,3014,0,0,0,0,0,0,0,0,0
202404,999,19220,5,Danville  KY ,15,15,3287,0,0,0,0,0,0,0,0,0,5,5,1513,0,0,0,0,0,0,0,0,0
202404,999,19260,5,Danville  VA ,7,7,1696,0,0,0,0,0,0,0,0,0,0,0,0,0,0,0,0,0,0,0,0,0
202404,999,19500,4,Decatur  IL ,4,4,1477,3,6,533,0,0,0,0,0,0,3,3,1127,3,6,533,0,0,0,0,0,0
202404,999,19580,5,Defiance  OH ,4,4,1286,0,0,0,0,0,0,0,0,0,1,1,280,0,0,0,0,0,0,0,0,0
202404,999,19620,5,Del Rio  TX ,6,6,1330,0,0,0,0,0,0,0,0,0,0,0,0,0,0,0,0,0,0,0,0,0
202404,999,19700,5,Deming  NM ,0,0,0,0,0,0,0,0,0,0,0,0,0,0,0,0,0,0,0,0,0,0,0,0
202404,999,19810,5,Detroit Lakes  MN ,19,19,11068,0,0,0,0,0,0,0,0,0,16,16,10301,0,0,0,0,0,0,0,0,0
202404,999,19860,5,Dickinson  ND ,10,10,6202,0,0,0,0,0,0,0,0,0,9,9,5495,0,0,0,0,0,0,0,0,0
202404,999,19980,5,Dodge City  KS ,4,4,765,0,0,0,0,0,0,0,0,0,4,4,765,0,0,0,0,0,0,0,0,0
202404,999,20060,5,Douglas  GA ,15,15,2852,0,0,0,0,0,0,0,0,0,13,13,2616,0,0,0,0,0,0,0,0,0
202404,999,20140,5,Dublin  GA ,4,4,751,0,0,0,0,0,0,0,0,0,0,0,0,0,0,0,0,0,0,0,0,0
202404,999,20220,4,Dubuque  IA ,21,21,10110,0,0,0,1,3,800,0,0,0,21,21,10110,0,0,0,1,3,800,0,0,0
202404,999,20300,5,Dumas  TX ,1,1,208,0,0,0,0,0,0,1,12,1753,0,0,0,0,0,0,0,0,0,0,0,0
202404,999,20420,5,Durango  CO ,11,11,6495,1,2,284,0,0,0,1,7,970,9,9,6066,0,0,0,0,0,0,0,0,0
202404,999,20540,5,Dyersburg  TN ,14,14,2835,0,0,0,0,0,0,1,6,410,14,14,2835,0,0,0,0,0,0,1,6,410
202404,999,20580,4,Eagle Pass  TX ,6,6,1870,0,0,0,0,0,0,0,0,0,0,0,0,0,0,0,0,0,0,0,0,0
202404,999,20820,5,Effingham  IL ,1,1,417,0,0,0,0,0,0,0,0,0,0,0,0,0,0,0,0,0,0,0,0,0
202404,999,20940,4,El Centro  CA ,16,16,2376,0,0,0,0,0,0,2,17,1676,0,0,0,0,0,0,0,0,0,1,12,855
202404,999,20980,5,El Dorado  AR ,1,1,175,0,0,0,0,0,0,0,0,0,0,0,0,0,0,0,0,0,0,0,0,0
202404,999,21180,5,Elkins  WV ,0,0,0,0,0,0,0,0,0,0,0,0,0,0,0,0,0,0,0,0,0,0,0,0
202404,999,21220,5,Elko  NV ,18,18,4503,0,0,0,0,0,0,0,0,0,17,17,4118,0,0,0,0,0,0,0,0,0
202404,999,21260,5,Ellensburg  WA ,31,31,12476,0,0,0,0,0,0,0,0,0,30,30,12187,0,0,0,0,0,0,0,0,0
202404,999,21380,5,Emporia  KS ,4,4,1051,0,0,0,0,0,0,0,0,0,0,0,0,0,0,0,0,0,0,0,0,0
202404,999,21420,4,Enid  OK ,0,0,0,0,0,0,0,0,0,0,0,0,0,0,0,0,0,0,0,0,0,0,0,0
202404,999,21540,5,Escanaba  MI ,3,3,776,0,0,0,0,0,0,0,0,0,0,0,0,0,0,0,0,0,0,0,0,0
202404,999,21640,5,Eufaula  AL-GA ,1,1,72,0,0,0,0,0,0,0,0,0,0,0,0,0,0,0,0,0,0,0,0,0
202404,999,21660,4,Eugene-Springfield  OR ,75,75,21834,1,2,272,0,0,0,0,0,0,35,35,10669,0,0,0,0,0,0,0,0,0
202404,999,21700,5,Eureka-Arcata  CA ,21,21,4482,0,0,0,1,4,650,1,5,250,13,13,2254,0,0,0,1,4,650,0,0,0
202404,999,21740,5,Evanston  WY-UT ,10,10,3703,0,0,0,0,0,0,0,0,0,2,2,550,0,0,0,0,0,0,0,0,0
202404,999,21820,4,Fairbanks-College  AK ,0,0,0,0,0,0,0,0,0,0,0,0,0,0,0,0,0,0,0,0,0,0,0,0
202404,999,21860,5,Fairmont  MN ,1,1,150,0,0,0,0,0,0,0,0,0,1,1,150,0,0,0,0,0,0,0,0,0
202404,999,22140,4,Farmington  NM ,8,8,2369,0,0,0,0,0,0,0,0,0,8,8,2369,0,0,0,0,0,0,0,0,0
202404,999,22220,4,Fayetteville-Springdale-Rogers  AR ,456,456,139835,36,72,14051,0,0,0,4,30,2258,339,339,109246,36,72,14051,0,0,0,0,0,0
202404,999,22260,5,Fergus Falls  MN ,7,7,1857,0,0,0,0,0,0,1,5,833,0,0,0,0,0,0,0,0,0,0,0,0
202404,999,22340,5,Fitzgerald  GA ,1,1,134,0,0,0,0,0,0,0,0,0,0,0,0,0,0,0,0,0,0,0,0,0
202404,999,22380,4,Flagstaff  AZ ,43,43,19185,0,0,0,0,0,0,1,8,1160,30,30,14590,0,0,0,0,0,0,1,8,1160
202404,999,22500,4,Florence  SC ,72,72,13231,1,2,225,0,0,0,0,0,0,0,0,0,0,0,0,0,0,0,0,0,0
202404,999,22540,4,Fond du Lac  WI ,16,16,5244,0,0,0,0,0,0,0,0,0,2,2,750,0,0,0,0,0,0,0,0,0
202404,999,22580,5,Forest City  NC ,9,9,1562,0,0,0,0,0,0,0,0,0,9,9,1562,0,0,0,0,0,0,0,0,0
202404,999,22660,4,Fort Collins  CO ,93,93,36986,0,0,0,0,0,0,2,11,3112,70,70,28384,0,0,0,0,0,0,2,11,3112
202404,999,22700,5,Fort Dodge  IA ,3,3,1042,0,0,0,0,0,0,0,0,0,1,1,525,0,0,0,0,0,0,0,0,0
202404,999,22780,5,Fort Leonard Wood  MO ,6,6,971,0,0,0,0,0,0,0,0,0,0,0,0,0,0,0,0,0,0,0,0,0
202404,999,22820,5,Fort Morgan  CO ,3,3,1395,0,0,0,0,0,0,0,0,0,2,2,1013,0,0,0,0,0,0,0,0,0
202404,999,22900,4,Fort Smith  AR-OK ,42,42,8141,0,0,0,2,6,467,0,0,0,34,34,6916,0,0,0,1,3,212,0,0,0
202404,999,23460,4,Gadsden  AL ,11,11,2023,0,0,0,0,0,0,0,0,0,6,6,1259,0,0,0,0,0,0,0,0,0
202404,999,23660,5,Galesburg  IL ,0,0,0,0,0,0,0,0,0,0,0,0,0,0,0,0,0,0,0,0,0,0,0,0
202404,999,23680,5,Gallipolis  OH ,0,0,0,0,0,0,1,3,280,0,0,0,0,0,0,0,0,0,0,0,0,0,0,0
202404,999,23700,5,Gallup  NM ,0,0,0,0,0,0,0,0,0,0,0,0,0,0,0,0,0,0,0,0,0,0,0,0
202404,999,23780,5,Garden City  KS ,3,3,620,0,0,0,1,3,331,0,0,0,0,0,0,0,0,0,0,0,0,0,0,0
202404,999,23940,5,Gillette  WY ,1,1,575,0,0,0,0,0,0,0,0,0,1,1,575,0,0,0,0,0,0,0,0,0
202404,999,24140,4,Goldsboro  NC ,58,58,12969,1,2,250,0,0,0,0,0,0,58,58,12969,1,2,250,0,0,0,0,0,0
202404,999,24220,4,Grand Forks  ND-MN ,26,26,7623,0,0,0,0,0,0,0,0,0,25,25,7171,0,0,0,0,0,0,0,0,0
202404,999,24260,4,Grand Island  NE ,16,16,4008,1,2,400,0,0,0,0,0,0,11,11,2764,0,0,0,0,0,0,0,0,0
202404,999,24300,4,Grand Junction  CO ,49,49,8994,0,0,0,0,0,0,0,0,0,49,49,8994,0,0,0,0,0,0,0,0,0
202404,999,24460,5,Great Bend  KS ,1,1,350,1,2,400,0,0,0,0,0,0,1,1,350,0,0,0,0,0,0,0,0,0
202404,999,24500,4,Great Falls  MT ,28,28,10059,0,0,0,0,0,0,0,0,0,28,28,10059,0,0,0,0,0,0,0,0,0
202404,999,24740,5,Greenville  MS ,2,2,517,0,0,0,0,0,0,0,0,0,0,0,0,0,0,0,0,0,0,0,0,0
202404,999,24900,5,Greenwood  MS ,0,0,0,0,0,0,0,0,0,0,0,0,0,0,0,0,0,0,0,0,0,0,0,0
202404,999,24980,5,Grenada  MS ,1,1,39,0,0,0,0,0,0,2,10,250,0,0,0,0,0,0,0,0,0,0,0,0
202404,999,25060,4,Gulfport-Biloxi  MS ,297,297,45373,0,0,0,0,0,0,0,0,0,150,150,33510,0,0,0,0,0,0,0,0,0
202404,999,25100,5,Guymon  OK ,0,0,0,0,0,0,0,0,0,0,0,0,0,0,0,0,0,0,0,0,0,0,0,0
202404,999,25200,5,Hailey  ID ,13,13,17624,0,0,0,1,3,640,0,0,0,10,10,15530,0,0,0,0,0,0,0,0,0
202404,999,25460,5,Harrison  AR ,3,3,367,1,2,167,0,0,0,1,16,2033,0,0,0,0,0,0,0,0,0,0,0,0
202404,999,25580,5,Hastings  NE ,8,8,2648,0,0,0,0,0,0,0,0,0,7,7,2448,0,0,0,0,0,0,0,0,0
202404,999,25700,5,Hays  KS ,1,1,443,0,0,0,0,0,0,0,0,0,1,1,443,0,0,0,0,0,0,0,0,0
202404,999,25740,4,Helena  MT ,13,13,5063,1,2,774,1,4,785,1,6,934,1,1,416,0,0,0,0,0,0,0,0,0
202404,999,25820,5,Hereford  TX ,1,1,286,0,0,0,0,0,0,0,0,0,0,0,0,0,0,0,0,0,0,0,0,0
202404,999,25840,5,Hermiston-Pendleton  OR ,19,19,5920,0,0,0,0,0,0,0,0,0,2,2,709,0,0,0,0,0,0,0,0,0
202404,999,25880,5,Hillsdale  MI ,6,6,1410,3,6,1434,0,0,0,0,0,0,6,6,1410,3,6,1434,0,0,0,0,0,0
202404,999,25900,5,Hilo-Kailua  HI ,114,114,56223,1,2,1667,0,0,0,1,5,549,0,0,0,0,0,0,0,0,0,0,0,0
202404,999,25940,4,Hilton Head Island-Bluffton-Port Royal  SC ,242,242,106371,0,0,0,0,0,0,0,0,0,183,183,74655,0,0,0,0,0,0,0,0,0
202404,999,26020,5,Hobbs  NM ,20,20,5620,0,0,0,0,0,0,0,0,0,0,0,0,0,0,0,0,0,0,0,0,0
202404,999,26140,4,Homosassa Springs  FL ,228,228,52830,0,0,0,0,0,0,0,0,0,11,11,3824,0,0,0,0,0,0,0,0,0
202404,999,26220,5,Hood River  OR ,5,5,2302,0,0,0,0,0,0,0,0,0,5,5,2302,0,0,0,0,0,0,0,0,0
202404,999,26340,5,Houghton  MI ,13,13,3256,1,2,242,0,0,0,0,0,0,0,0,0,0,0,0,0,0,0,0,0,0
202404,999,26380,4,Houma-Bayou Cane-Thibodaux  LA ,45,45,9246,0,0,0,0,0,0,0,0,0,45,45,9246,0,0,0,0,0,0,0,0,0
202404,999,26700,5,Huron  SD ,4,4,1417,0,0,0,0,0,0,0,0,0,4,4,1417,0,0,0,0,0,0,0,0,0
202404,999,26740,5,Hutchinson  KS ,4,4,1439,0,0,0,0,0,0,0,0,0,4,4,1439,0,0,0,0,0,0,0,0,0
202404,999,27100,4,Jackson  MI ,15,15,4591,0,0,0,0,0,0,0,0,0,7,7,2163,0,0,0,0,0,0,0,0,0
202404,999,27180,4,Jackson  TN ,39,39,9312,0,0,0,0,0,0,0,0,0,10,10,2843,0,0,0,0,0,0,0,0,0
202404,999,27220,5,Jackson  WY-ID ,49,49,81932,0,0,0,2,8,948,5,77,4704,40,40,79434,0,0,0,2,8,948,4,72,4287
202404,999,27340,4,Jacksonville  NC ,108,108,25316,4,8,892,0,0,0,0,0,0,18,18,6830,0,0,0,0,0,0,0,0,0
202404,999,27420,5,Jamestown  ND ,3,3,455,0,0,0,0,0,0,0,0,0,1,1,208,0,0,0,0,0,0,0,0,0
202404,999,27460,5,Jamestown-Dunkirk  NY ,9,9,1832,0,0,0,0,0,0,0,0,0,4,4,730,0,0,0,0,0,0,0,0,0
202404,999,27540,5,Jasper  IN ,16,16,1959,0,0,0,0,0,0,0,0,0,16,16,1959,0,0,0,0,0,0,0,0,0
202404,999,27940,5,Juneau  AK ,3,3,406,0,0,0,0,0,0,1,6,1639,3,3,406,0,0,0,0,0,0,1,6,1639
202404,999,27980,4,Kahului-Wailuku  HI ,18,18,11123,0,0,0,0,0,0,0,0,0,18,18,11123,0,0,0,0,0,0,0,0,0
202404,999,28060,5,Kalispell  MT ,9,9,3746,0,0,0,0,0,0,0,0,0,9,9,3746,0,0,0,0,0,0,0,0,0
202404,999,28180,5,Kapaa  HI ,9,9,5093,0,0,0,0,0,0,0,0,0,9,9,5093,0,0,0,0,0,0,0,0,0
202404,999,28260,5,Kearney  NE ,15,15,6436,0,0,0,1,4,1014,0,0,0,15,15,6436,0,0,0,1,4,1014,0,0,0
202404,999,28380,5,Kennett  MO ,2,2,367,0,0,0,0,0,0,0,0,0,0,0,0,0,0,0,0,0,0,0,0,0
202404,999,28540,5,Ketchikan  AK ,4,4,2000,0,0,0,0,0,0,0,0,0,0,0,0,0,0,0,0,0,0,0,0,0
202404,999,28660,4,Killeen-Temple  TX ,234,234,59104,32,64,7121,0,0,0,2,33,4701,124,124,32744,25,50,5641,0,0,0,0,0,0
202404,999,28820,5,Kinston  NC ,11,11,2128,1,2,213,0,0,0,0,0,0,0,0,0,0,0,0,0,0,0,0,0,0
202404,999,28860,5,Kirksville  MO ,3,3,1171,0,0,0,0,0,0,0,0,0,3,3,1171,0,0,0,0,0,0,0,0,0
202404,999,28900,5,Klamath Falls  OR ,13,13,3819,0,0,0,0,0,0,0,0,0,13,13,3819,0,0,0,0,0,0,0,0,0
202404,999,29260,5,La Grande  OR ,6,6,2284,0,0,0,0,0,0,0,0,0,6,6,2284,0,0,0,0,0,0,0,0,0
202404,999,29420,4,Lake Havasu City-Kingman  AZ ,215,215,40628,1,2,121,0,0,0,0,0,0,212,212,40155,1,2,121,0,0,0,0,0,0
202404,999,29540,4,Lancaster  PA ,131,131,47322,2,4,531,2,8,375,1,24,1920,56,56,24136,2,4,531,2,8,375,1,24,1920
202404,999,29660,5,Laramie  WY ,11,11,2947,0,0,0,0,0,0,0,0,0,11,11,2947,0,0,0,0,0,0,0,0,0
202404,999,29700,4,Laredo  TX ,110,110,31508,0,0,0,1,3,284,4,31,3170,0,0,0,0,0,0,0,0,0,0,0,0
202404,999,30060,5,Lebanon  MO ,7,7,1107,0,0,0,0,0,0,0,0,0,0,0,0,0,0,0,0,0,0,0,0,0
202404,999,30150,5,Lebanon-Claremont  NH-VT ,59,59,22251,1,2,265,2,7,826,1,5,902,29,29,13462,1,2,265,1,4,479,0,0,0
202404,999,30300,4,Lewiston  ID-WA ,14,14,3864,0,0,0,0,0,0,0,0,0,10,10,2865,0,0,0,0,0,0,0,0,0
202404,999,30380,5,Lewistown  PA ,5,5,1124,0,0,0,0,0,0,0,0,0,1,1,90,0,0,0,0,0,0,0,0,0
202404,999,30420,5,Lexington  NE ,3,3,1381,0,0,0,0,0,0,1,5,772,1,1,650,0,0,0,0,0,0,0,0,0
202404,999,30580,5,Liberal  KS ,1,1,128,0,0,0,0,0,0,0,0,0,0,0,0,0,0,0,0,0,0,0,0,0
202404,999,30860,4,Logan  UT-ID ,89,89,30539,0,0,0,0,0,0,0,0,0,73,73,26545,0,0,0,0,0,0,0,0,0
202404,999,30900,5,Logansport  IN ,2,2,444,0,0,0,0,0,0,0,0,0,2,2,444,0,0,0,0,0,0,0,0,0
202404,999,30980,4,Longview  TX ,28,28,7663,0,0,0,0,0,0,0,0,0,17,17,5145,0,0,0,0,0,0,0,0,0
202404,999,31220,5,Ludington  MI ,13,13,5197,0,0,0,0,0,0,0,0,0,11,11,3173,0,0,0,0,0,0,0,0,0
202404,999,31260,5,Lufkin  TX ,10,10,2778,2,4,460,0,0,0,0,0,0,2,2,605,0,0,0,0,0,0,0,0,0
202404,999,31340,4,Lynchburg  VA ,100,100,45393,12,24,2700,0,0,0,3,132,16500,100,100,45393,12,24,2700,0,0,0,3,132,16500
202404,999,31380,5,Macomb  IL ,0,0,0,0,0,0,0,0,0,0,0,0,0,0,0,0,0,0,0,0,0,0,0,0
202404,999,31500,5,Madison  IN ,4,4,1004,0,0,0,0,0,0,0,0,0,2,2,570,0,0,0,0,0,0,0,0,0
202404,999,31580,5,Madisonville  KY ,4,4,905,0,0,0,0,0,0,0,0,0,4,4,905,0,0,0,0,0,0,0,0,0
202404,999,31620,5,Magnolia  AR ,2,2,222,0,0,0,0,0,0,0,0,0,0,0,0,0,0,0,0,0,0,0,0,0
202404,999,31740,4,Manhattan  KS ,29,29,10121,0,0,0,0,0,0,0,0,0,14,14,5098,0,0,0,0,0,0,0,0,0
202404,999,31820,5,Manitowoc  WI ,11,11,4740,0,0,0,0,0,0,0,0,0,4,4,1925,0,0,0,0,0,0,0,0,0
202404,999,31980,5,Marion  IN ,8,8,1382,0,0,0,0,0,0,0,0,0,8,8,1382,0,0,0,0,0,0,0,0,0
202404,999,32100,5,Marquette  MI ,10,10,3207,1,2,300,0,0,0,0,0,0,10,10,3207,1,2,300,0,0,0,0,0,0
202404,999,32140,5,Marshall  MN ,1,1,303,0,0,0,0,0,0,0,0,0,0,0,0,0,0,0,0,0,0,0,0,0
202404,999,32180,5,Marshall  MO ,1,1,303,0,0,0,0,0,0,0,0,0,0,0,0,0,0,0,0,0,0,0,0,0
202404,999,32260,5,Marshalltown  IA ,7,7,2321,0,0,0,0,0,0,0,0,0,6,6,1966,0,0,0,0,0,0,0,0,0
202404,999,32300,5,Martinsville  VA ,5,5,990,0,0,0,0,0,0,0,0,0,5,5,990,0,0,0,0,0,0,0,0,0
202404,999,32340,5,Maryville  MO ,4,4,896,0,0,0,0,0,0,0,0,0,0,0,0,0,0,0,0,0,0,0,0,0
202404,999,32380,5,Mason City  IA ,2,2,2090,0,0,0,0,0,0,0,0,0,2,2,2090,0,0,0,0,0,0,0,0,0
202404,999,32390,5,Massena-Ogdensburg  NY ,22,22,3084,1,2,250,0,0,0,0,0,0,6,6,440,0,0,0,0,0,0,0,0,0
202404,999,32540,5,McAlester  OK ,3,3,2250,0,0,0,0,0,0,0,0,0,0,0,0,0,0,0,0,0,0,0,0,0
202404,999,32620,5,McComb  MS ,1,1,144,0,0,0,0,0,0,0,0,0,0,0,0,0,0,0,0,0,0,0,0,0
202404,999,32660,5,McMinnville  TN ,20,20,5207,0,0,0,1,3,442,0,0,0,20,20,5207,0,0,0,1,3,442,0,0,0
202404,999,32700,5,McPherson  KS ,6,6,1581,1,2,319,0,0,0,0,0,0,0,0,0,0,0,0,0,0,0,0,0,0
202404,999,32940,5,Meridian  MS ,2,2,680,0,0,0,0,0,0,0,0,0,0,0,0,0,0,0,0,0,0,0,0,0
202404,999,33300,5,Milledgeville  GA ,24,24,5617,0,0,0,0,0,0,0,0,0,24,24,5617,0,0,0,0,0,0,0,0,0
202404,999,33500,4,Minot  ND ,42,42,8072,0,0,0,0,0,0,0,0,0,40,40,7670,0,0,0,0,0,0,0,0,0
202404,999,33540,4,Missoula  MT ,33,33,7359,2,4,369,0,0,0,0,0,0,32,32,6977,2,4,369,0,0,0,0,0,0
202404,999,33580,5,Mitchell  SD ,7,7,2227,1,2,296,0,0,0,0,0,0,2,2,649,0,0,0,0,0,0,0,0,0
202404,999,33940,5,Montrose  CO ,21,21,3494,0,0,0,0,0,0,0,0,0,21,21,3494,0,0,0,0,0,0,0,0,0
202404,999,34020,5,Morgan City  LA ,4,4,850,0,0,0,0,0,0,1,5,682,3,3,550,0,0,0,0,0,0,0,0,0
202404,999,34060,4,Morgantown  WV ,1,1,385,0,0,0,0,0,0,0,0,0,0,0,0,0,0,0,0,0,0,0,0,0
202404,999,34220,5,Moultrie  GA ,7,7,1102,0,0,0,0,0,0,0,0,0,7,7,1102,0,0,0,0,0,0,0,0,0
202404,999,34260,5,Mountain Home  AR ,2,2,672,0,0,0,0,0,0,0,0,0,0,0,0,0,0,0,0,0,0,0,0,0
202404,999,34420,5,Mount Pleasant  TX ,2,2,605,0,0,0,0,0,0,0,0,0,2,2,605,0,0,0,0,0,0,0,0,0
202404,999,34500,5,Mount Vernon  IL ,1,1,250,0,0,0,0,0,0,0,0,0,1,1,250,0,0,0,0,0,0,0,0,0
202404,999,34660,5,Murray  KY ,0,0,0,0,0,0,0,0,0,0,0,0,0,0,0,0,0,0,0,0,0,0,0,0
202404,999,34860,5,Nacogdoches  TX ,3,3,716,0,0,0,0,0,0,0,0,0,0,0,0,0,0,0,0,0,0,0,0,0
202404,999,34880,5,Nantucket  MA ,20,20,21674,1,2,577,0,0,0,0,0,0,0,0,0,0,0,0,0,0,0,0,0,0
202404,999,35020,5,Natchez  MS-LA ,4,4,587,0,0,0,0,0,0,0,0,0,0,0,0,0,0,0,0,0,0,0,0,0
202404,999,35060,5,Natchitoches  LA ,10,10,1580,0,0,0,0,0,0,0,0,0,3,3,250,0,0,0,0,0,0,0,0,0
202404,999,35440,5,Newport  OR ,20,20,8333,1,2,716,1,4,845,0,0,0,20,20,8333,1,2,716,1,4,845,0,0,0
202404,999,35740,5,Norfolk  NE ,9,9,4171,0,0,0,0,0,0,0,0,0,8,8,3905,0,0,0,0,0,0,0,0,0
202404,999,35820,5,North Platte  NE ,4,4,982,0,0,0,0,0,0,0,0,0,4,4,982,0,0,0,0,0,0,0,0,0
202404,999,35900,5,North Wilkesboro  NC ,13,13,3716,0,0,0,0,0,0,0,0,0,13,13,3716,0,0,0,0,0,0,0,0,0
202404,999,36100,4,Ocala  FL ,566,566,109050,13,26,2175,0,0,0,0,0,0,566,566,109050,13,26,2175,0,0,0,0,0,0
202404,999,36340,5,Oil City  PA ,3,3,851,0,0,0,0,0,0,0,0,0,0,0,0,0,0,0,0,0,0,0,0,0
202404,999,36580,5,Oneonta  NY ,12,12,2988,0,0,0,0,0,0,0,0,0,0,0,0,0,0,0,0,0,0,0,0,0
202404,999,36900,5,Ottumwa  IA ,4,4,1052,0,0,0,0,0,0,0,0,0,0,0,0,0,0,0,0,0,0,0,0,0
202404,999,36980,4,Owensboro  KY ,17,17,1532,0,0,0,0,0,0,0,0,0,17,17,1532,0,0,0,0,0,0,0,0,0
202404,999,37060,5,Oxford  MS ,51,51,15178,2,4,869,0,0,0,0,0,0,1,1,303,0,0,0,0,0,0,0,0,0
202404,999,37300,5,Palestine  TX ,3,3,593,0,0,0,0,0,0,0,0,0,0,0,0,0,0,0,0,0,0,0,0,0
202404,999,37340,4,Palm Bay-Melbourne-Titusville  FL ,364,364,146629,0,0,0,0,0,0,0,0,0,347,347,142019,0,0,0,0,0,0,0,0,0
202404,999,37420,5,Pampa  TX ,1,1,286,0,0,0,0,0,0,0,0,0,0,0,0,0,0,0,0,0,0,0,0,0
202404,999,37460,4,Panama City-Panama City Beach  FL ,194,194,67303,0,0,0,1,3,680,2,15,3728,36,36,10304,0,0,0,0,0,0,0,0,0
202404,999,37540,5,Paris  TN ,2,2,165,0,0,0,0,0,0,0,0,0,0,0,0,0,0,0,0,0,0,0,0,0
202404,999,37580,5,Paris  TX ,5,5,778,0,0,0,0,0,0,0,0,0,3,3,392,0,0,0,0,0,0,0,0,0
202404,999,37860,4,Pensacola-Ferry Pass-Brent  FL ,301,301,91095,0,0,0,0,0,0,8,64,1020,301,301,91095,0,0,0,0,0,0,8,64,1020
202404,999,37950,5,Petoskey  MI ,21,21,7368,0,0,0,0,0,0,0,0,0,21,21,7368,0,0,0,0,0,0,0,0,0
202404,999,38180,5,Pierre  SD ,2,2,623,0,0,0,0,0,0,0,0,0,1,1,300,0,0,0,0,0,0,0,0,0
202404,999,38210,5,Pikeville  KY ,1,1,375,0,0,0,0,0,0,0,0,0,0,0,0,0,0,0,0,0,0,0,0,0
202404,999,38260,5,Pittsburg  KS ,7,7,2121,0,0,0,0,0,0,0,0,0,3,3,750,0,0,0,0,0,0,0,0,0
202404,999,38340,4,Pittsfield  MA ,7,7,4733,1,2,107,0,0,0,0,0,0,0,0,0,0,0,0,0,0,0,0,0,0
202404,999,38420,5,Platteville  WI ,16,16,3883,1,2,375,0,0,0,0,0,0,12,12,3040,1,2,375,0,0,0,0,0,0
202404,999,38460,5,Plattsburgh  NY ,10,10,2369,0,0,0,0,0,0,1,5,693,4,4,955,0,0,0,0,0,0,0,0,0
202404,999,38540,4,Pocatello  ID ,28,28,5431,2,4,345,1,3,311,0,0,0,12,12,1516,2,4,345,0,0,0,0,0,0
202404,999,38620,5,Ponca City  OK ,8,8,1019,0,0,0,0,0,0,0,0,0,0,0,0,0,0,0,0,0,0,0,0,0
202404,999,38740,5,Poplar Bluff  MO ,0,0,0,0,0,0,0,0,0,0,0,0,0,0,0,0,0,0,0,0,0,0,0,0
202404,999,38820,5,Port Angeles  WA ,17,17,4631,0,0,0,0,0,0,0,0,0,16,16,4293,0,0,0,0,0,0,0,0,0
202404,999,39040,5,Port Townsend  WA ,18,18,6248,0,0,0,0,0,0,0,0,0,18,18,6248,0,0,0,0,0,0,0,0,0
202404,999,39060,5,Pottsville  PA ,11,11,2841,0,0,0,0,0,0,0,0,0,3,3,685,0,0,0,0,0,0,0,0,0
202404,999,39150,4,Prescott Valley-Prescott  AZ ,184,184,52238,14,28,4514,0,0,0,0,0,0,177,177,49426,14,28,4514,0,0,0,0,0,0
202404,999,39220,5,Price  UT ,2,2,1123,0,0,0,0,0,0,0,0,0,2,2,1123,0,0,0,0,0,0,0,0,0
202404,999,39960,5,Rice Lake  WI ,18,18,7285,1,2,464,0,0,0,0,0,0,15,15,6185,1,2,464,0,0,0,0,0,0
202404,999,40060,4,Richmond  VA ,453,453,98988,0,0,0,0,0,0,0,0,0,442,442,96411,0,0,0,0,0,0,0,0,0
202404,999,40180,5,Riverton  WY ,1,1,373,0,0,0,0,0,0,0,0,0,0,0,0,0,0,0,0,0,0,0,0,0
202404,999,40220,4,Roanoke  VA ,47,47,15178,0,0,0,0,0,0,1,5,313,30,30,7756,0,0,0,0,0,0,0,0,0
202404,999,40540,5,Rock Springs  WY ,4,4,1656,0,0,0,0,0,0,0,0,0,4,4,1656,0,0,0,0,0,0,0,0,0
202404,999,40620,5,Rolla  MO ,7,7,1575,0,0,0,1,4,540,0,0,0,7,7,1575,0,0,0,1,4,540,0,0,0
202404,999,40700,5,Roseburg  OR ,12,12,5280,3,6,1157,0,0,0,0,0,0,12,12,5280,3,6,1157,0,0,0,0,0,0
202404,999,40740,5,Roswell  NM ,7,7,1407,0,0,0,0,0,0,0,0,0,2,2,610,0,0,0,0,0,0,0,0,0
202404,999,40760,5,Ruidoso  NM ,8,8,3863,0,0,0,0,0,0,0,0,0,7,7,3591,0,0,0,0,0,0,0,0,0
202404,999,40780,5,Russellville  AR ,5,5,1085,0,0,0,0,0,0,0,0,0,5,5,1085,0,0,0,0,0,0,0,0,0
202404,999,40860,5,Rutland  VT ,8,8,2134,0,0,0,0,0,0,0,0,0,4,4,1321,0,0,0,0,0,0,0,0,0
202404,999,40940,5,Safford  AZ ,9,9,2888,1,2,419,0,0,0,0,0,0,9,9,2888,1,2,419,0,0,0,0,0,0
202404,999,41100,4,St. George  UT ,238,238,49994,0,0,0,0,0,0,9,135,19152,229,229,46904,0,0,0,0,0,0,9,135,19152
202404,999,41260,5,St. Marys  PA ,3,3,1529,0,0,0,0,0,0,0,0,0,2,2,1250,0,0,0,0,0,0,0,0,0
202404,999,41460,5,Salina  KS ,8,8,2001,0,0,0,0,0,0,0,0,0,6,6,1457,0,0,0,0,0,0,0,0,0
202404,999,41500,4,Salinas  CA ,30,30,8068,0,0,0,0,0,0,0,0,0,26,26,6645,0,0,0,0,0,0,0,0,0
202404,999,41660,4,San Angelo  TX ,27,27,8171,0,0,0,0,0,0,0,0,0,27,27,8171,0,0,0,0,0,0,0,0,0
202404,999,41740,4,San Diego-Chula Vista-Carlsbad  CA ,311,311,91857,39,78,12233,5,17,2969,25,459,89119,292,292,86806,39,78,12233,5,17,2969,24,454,87976
202404,999,41760,5,Sandpoint  ID ,6,6,1259,0,0,0,0,0,0,0,0,0,5,5,1010,0,0,0,0,0,0,0,0,0
202404,999,42020,4,San Luis Obispo-Paso Robles  CA ,56,56,15256,1,2,306,0,0,0,1,6,1241,50,50,12834,1,2,306,0,0,0,0,0,0
202404,999,42200,4,Santa Maria-Santa Barbara  CA ,30,30,8259,3,6,641,0,0,0,1,5,429,10,10,4270,2,4,412,0,0,0,0,0,0
202404,999,42220,4,Santa Rosa-Petaluma  CA ,119,119,36222,0,0,0,0,0,0,2,12,2201,99,99,31885,0,0,0,0,0,0,0,0,0
202404,999,42300,5,Sault Ste. Marie  MI ,4,4,738,0,0,0,0,0,0,0,0,0,4,4,738,0,0,0,0,0,0,0,0,0
202404,999,42380,5,Sayre  PA ,7,7,2076,0,0,0,0,0,0,0,0,0,0,0,0,0,0,0,0,0,0,0,0,0
202404,999,42420,5,Scottsbluff  NE ,3,3,929,0,0,0,0,0,0,0,0,0,0,0,0,0,0,0,0,0,0,0,0,0
202404,999,42540,4,Scranton--Wilkes-Barre  PA ,47,47,14308,0,0,0,1,4,320,1,6,520,11,11,3667,0,0,0,1,4,320,1,6,520
202404,999,42580,5,Seaford  DE ,334,334,47859,4,8,1520,0,0,0,0,0,0,334,334,47859,4,8,1520,0,0,0,0,0,0
202404,999,42700,4,Sebring-  FL ,75,75,17415,2,4,620,0,0,0,0,0,0,75,75,17415,2,4,620,0,0,0,0,0,0
202404,999,42740,5,Sedalia  MO ,4,4,559,0,0,0,0,0,0,0,0,0,4,4,559,0,0,0,0,0,0,0,0,0
202404,999,43100,4,Sheboygan  WI ,23,23,8717,1,2,340,0,0,0,1,8,967,10,10,3049,0,0,0,0,0,0,0,0,0
202404,999,43260,5,Sheridan  WY ,16,16,4240,1,2,363,0,0,0,0,0,0,8,8,1184,1,2,363,0,0,0,0,0,0
202404,999,43320,5,Show Low  AZ ,47,47,17196,1,2,305,0,0,0,0,0,0,28,28,11516,0,0,0,0,0,0,0,0,0
202404,999,43420,4,Sierra Vista-Douglas  AZ ,46,46,6847,0,0,0,0,0,0,0,0,0,44,44,6651,0,0,0,0,0,0,0,0,0
202404,999,43620,4,Sioux Falls  SD-MN ,103,103,30200,2,4,807,0,0,0,12,60,8362,93,93,27031,1,2,471,0,0,0,12,60,8362
202404,999,43660,5,Snyder  TX ,1,1,267,0,0,0,0,0,0,0,0,0,0,0,0,0,0,0,0,0,0,0,0,0
202404,999,43700,5,Somerset  KY ,1,1,286,1,2,228,0,0,0,0,0,0,0,0,0,0,0,0,0,0,0,0,0,0
202404,999,43760,5,Sonora  CA ,5,5,1283,0,0,0,0,0,0,0,0,0,5,5,1283,0,0,0,0,0,0,0,0,0
202404,999,44180,4,Springfield  MO ,134,134,42302,2,4,730,1,3,188,0,0,0,99,99,31166,2,4,730,0,0,0,0,0,0
202404,999,44460,5,Steamboat Springs  CO ,14,14,20313,0,0,0,0,0,0,0,0,0,14,14,20313,0,0,0,0,0,0,0,0,0
202404,999,44500,5,Stephenville  TX ,5,5,1221,0,0,0,0,0,0,0,0,0,4,4,1211,0,0,0,0,0,0,0,0,0
202404,999,44540,5,Sterling  CO ,0,0,0,0,0,0,0,0,0,0,0,0,0,0,0,0,0,0,0,0,0,0,0,0
202404,999,44660,5,Stillwater  OK ,17,17,4657,2,4,247,0,0,0,0,0,0,0,0,0,0,0,0,0,0,0,0,0,0
202404,999,44740,5,Storm Lake  IA ,0,0,0,0,0,0,0,0,0,0,0,0,0,0,0,0,0,0,0,0,0,0,0,0
202404,999,45000,5,Susanville  CA ,0,0,0,0,0,0,0,0,0,0,0,0,0,0,0,0,0,0,0,0,0,0,0,0
202404,999,45140,5,Tahlequah  OK ,9,9,1528,0,0,0,0,0,0,0,0,0,0,0,0,0,0,0,0,0,0,0,0,0
202404,999,45300,4,Tampa-St. Petersburg-Clearwater  FL ,1268,1268,460216,7,14,2735,1,4,396,41,1591,117948,1081,1081,406656,6,12,2455,1,4,396,36,1526,108920
202404,999,45340,5,Taos  NM ,12,12,3584,0,0,0,0,0,0,0,0,0,0,0,0,0,0,0,0,0,0,0,0,0
202404,999,45460,4,Terre Haute  IN ,62,62,4965,0,0,0,0,0,0,0,0,0,59,59,4458,0,0,0,0,0,0,0,0,0
202404,999,45500,4,Texarkana  TX-AR ,5,5,1213,1,2,250,0,0,0,0,0,0,3,3,640,1,2,250,0,0,0,0,0,0
202404,999,45520,5,The Dalles  OR ,2,2,570,0,0,0,0,0,0,0,0,0,2,2,570,0,0,0,0,0,0,0,0,0
202404,999,45620,5,Thomasville  GA ,12,12,3026,0,0,0,0,0,0,0,0,0,7,7,1969,0,0,0,0,0,0,0,0,0
202404,999,45700,5,Tifton  GA ,12,12,1604,0,0,0,0,0,0,1,5,424,9,9,1216,0,0,0,0,0,0,0,0,0
202404,999,45740,5,Toccoa  GA ,6,6,1632,0,0,0,0,0,0,0,0,0,5,5,1440,0,0,0,0,0,0,0,0,0
202404,999,45780,4,Toledo  OH ,40,40,12572,0,0,0,0,0,0,0,0,0,40,40,12572,0,0,0,0,0,0,0,0,0
202404,999,45820,4,Topeka  KS ,34,34,11019,0,0,0,0,0,0,0,0,0,34,34,11019,0,0,0,0,0,0,0,0,0
202404,999,45880,5,Town of Pecos  TX ,2,2,739,0,0,0,0,0,0,0,0,0,0,0,0,0,0,0,0,0,0,0,0,0
202404,999,45900,4,Traverse City  MI ,63,63,15605,1,2,380,1,3,341,1,14,1383,33,33,9769,0,0,0,0,0,0,0,0,0
202404,999,45980,5,Troy  AL ,6,6,1225,0,0,0,0,0,0,0,0,0,6,6,1225,0,0,0,0,0,0,0,0,0
202404,999,46220,4,Tuscaloosa  AL ,50,50,16004,1,2,171,1,3,343,1,5,769,9,9,3720,0,0,0,0,0,0,0,0,0
202404,999,46300,4,Twin Falls  ID ,65,65,16917,0,0,0,0,0,0,0,0,0,54,54,13891,0,0,0,0,0,0,0,0,0
202404,999,46380,5,Ukiah  CA ,1,1,382,0,0,0,0,0,0,0,0,0,0,0,0,0,0,0,0,0,0,0,0,0
202404,999,46520,4,Urban Honolulu  HI ,67,67,24311,5,10,1344,0,0,0,1,43,13029,0,0,0,0,0,0,0,0,0,0,0,0
202404,999,46540,4,Utica-Rome  NY ,19,19,5262,0,0,0,0,0,0,1,5,781,6,6,2440,0,0,0,0,0,0,0,0,0
202404,999,46620,5,Uvalde  TX ,1,1,140,0,0,0,0,0,0,0,0,0,1,1,140,0,0,0,0,0,0,0,0,0
202404,999,46660,4,Valdosta  GA ,87,87,19659,0,0,0,0,0,0,1,5,304,3,3,542,0,0,0,0,0,0,0,0,0
202404,999,46820,5,Vermillion  SD ,2,2,595,0,0,0,0,0,0,0,0,0,0,0,0,0,0,0,0,0,0,0,0,0
202404,999,46860,5,Vernal  UT ,16,16,7320,0,0,0,0,0,0,0,0,0,16,16,7320,0,0,0,0,0,0,0,0,0
202404,999,46900,5,Vernon  TX ,0,0,0,0,0,0,0,0,0,0,0,0,0,0,0,0,0,0,0,0,0,0,0,0
202404,999,47080,5,Vidalia  GA ,3,3,446,1,2,141,1,3,563,0,0,0,0,0,0,0,0,0,0,0,0,0,0,0
202404,999,47180,5,Vincennes  IN ,4,4,1242,0,0,0,0,0,0,0,0,0,2,2,641,0,0,0,0,0,0,0,0,0
202404,999,47240,5,Vineyard Haven  MA ,4,4,4608,0,0,0,0,0,0,0,0,0,1,1,1000,0,0,0,0,0,0,0,0,0
202404,999,47300,4,Visalia  CA ,74,74,26242,0,0,0,0,0,0,1,5,734,70,70,25583,0,0,0,0,0,0,1,5,734
202404,999,47340,5,Wabash  IN ,3,3,903,0,0,0,0,0,0,0,0,0,3,3,903,0,0,0,0,0,0,0,0,0
202404,999,47380,4,Waco  TX ,79,79,21981,5,10,1229,0,0,0,1,5,514,63,63,19066,4,8,999,0,0,0,0,0,0
202404,999,47620,5,Warren  PA ,4,4,1054,0,0,0,0,0,0,1,5,1250,2,2,810,0,0,0,0,0,0,0,0,0
202404,999,47780,5,Washington  IN ,0,0,0,0,0,0,0,0,0,0,0,0,0,0,0,0,0,0,0,0,0,0,0,0
202404,999,47940,4,Waterloo-Cedar Falls  IA ,25,25,8280,1,2,200,0,0,0,1,8,986,16,16,5585,0,0,0,0,0,0,0,0,0
202404,999,47980,5,Watertown  SD ,18,18,6510,0,0,0,0,0,0,0,0,0,18,18,6510,0,0,0,0,0,0,0,0,0
202404,999,48060,4,Watertown-Fort Drum  NY ,20,20,3083,0,0,0,0,0,0,0,0,0,1,1,35,0,0,0,0,0,0,0,0,0
202404,999,48180,5,Waycross  GA ,17,17,3242,4,8,600,0,0,0,0,0,0,17,17,3242,4,8,600,0,0,0,0,0,0
202404,999,48300,4,Wenatchee-East Wenatchee  WA ,62,62,23708,3,6,1478,0,0,0,5,168,24251,41,41,15686,3,6,1478,0,0,0,5,168,24251
202404,999,48460,5,West Plains  MO ,4,4,723,0,0,0,1,3,510,0,0,0,0,0,0,0,0,0,0,0,0,0,0,0
202404,999,48540,4,Wheeling  WV-OH ,0,0,0,0,0,0,0,0,0,0,0,0,0,0,0,0,0,0,0,0,0,0,0,0
202404,999,48660,4,Wichita Falls  TX ,21,21,5880,0,0,0,0,0,0,1,5,511,3,3,755,0,0,0,0,0,0,0,0,0
202404,999,48780,5,Williston  ND ,4,4,1921,0,0,0,0,0,0,0,0,0,1,1,600,0,0,0,0,0,0,0,0,0
202404,999,48820,5,Willmar  MN ,11,11,3466,0,0,0,0,0,0,0,0,0,11,11,3466,0,0,0,0,0,0,0,0,0
202404,999,48900,4,Wilmington  NC ,629,629,178135,6,12,1931,3,10,2725,7,182,21124,181,181,48353,0,0,0,0,0,0,0,0,0
202404,999,49080,5,Winnemucca  NV ,4,4,561,0,0,0,0,0,0,0,0,0,4,4,561,0,0,0,0,0,0,0,0,0
202404,999,49260,5,Woodward  OK ,0,0,0,0,0,0,0,0,0,0,0,0,0,0,0,0,0,0,0,0,0,0,0,0
202404,999,49380,5,Worthington  MN ,0,0,0,0,0,0,0,0,0,0,0,0,0,0,0,0,0,0,0,0,0,0,0,0
202404,999,49420,4,Yakima  WA ,37,37,11428,2,4,712,0,0,0,0,0,0,25,25,8284,2,4,712,0,0,0,0,0,0
202404,999,49460,5,Yankton  SD ,2,2,950,0,0,0,0,0,0,0,0,0,2,2,950,0,0,0,0,0,0,0,0,0
202404,999,49740,4,Yuma  AZ ,122,122,18223,1,2,157,0,0,0,0,0,0,118,118,17577,1,2,157,0,0,0,0,0,0
