Survey,CSA,CBSA,HHEADER,CBSA,,1-unit,,,2-units,,,3-4 units,,,5+ units,,,1-unit rep,,,2-units rep,,,3-4 units rep,,,5+ units rep
Date,Code,Code,,Name,Bldgs,Units,Value,Bldgs,Units,Value,Bldgs,Units,Value,Bldgs,Units,Value,Bldgs,Units,Value,Bldgs,Units,Value,      Bldgs,Units,Value,Bldgs,Units,Value
 
202606,101,10180,2,Abilene  TX ,116,116,35358,3,6,905,0,0,0,0,0,0,113,113,34478,3,6,905,0,0,0,0,0,0
202606,101,45020,5,Sweetwater  TX ,0,0,0,0,0,0,0,0,0,0,0,0,0,0,0,0,0,0,0,0,0,0,0,0
202606,104,10580,2,Albany-Schenectady-Troy  NY ,84,84,34234,9,18,5478,6,19,5961,4,29,3829,57,57,24463,8,16,4768,6,19,5961,1,10,922
202606,104,11220,5,Amsterdam  NY ,2,2,561,0,0,0,0,0,0,0,0,0,0,0,0,0,0,0,0,0,0,0,0,0
202606,104,24020,2,Glens Falls  NY ,46,46,20001,0,0,0,0,0,0,1,5,313,45,45,19668,0,0,0,0,0,0,0,0,0
202606,104,24100,5,Gloversville  NY ,4,4,1400,0,0,0,0,0,0,0,0,0,0,0,0,0,0,0,0,0,0,0,0,0
202606,104,26460,5,Hudson  NY ,8,8,4208,0,0,0,0,0,0,1,5,128,0,0,0,0,0,0,0,0,0,0,0,0
202606,105,10740,2,Albuquerque  NM ,183,183,47555,0,0,0,0,0,0,1,8,500,161,161,40719,0,0,0,0,0,0,1,8,500
202606,105,29780,5,Las Vegas  NM ,0,0,0,0,0,0,0,0,0,0,0,0,0,0,0,0,0,0,0,0,0,0,0,0
202606,105,31060,5,Los Alamos  NM ,1,1,200,0,0,0,0,0,0,0,0,0,0,0,0,0,0,0,0,0,0,0,0,0
202606,105,42140,2,Santa Fe  NM ,22,22,8424,0,0,0,0,0,0,1,19,2832,0,0,0,0,0,0,0,0,0,0,0,0
202606,106,10900,2,Allentown-Bethlehem-Easton  PA-NJ ,140,140,38247,2,4,575,0,0,0,12,94,16031,103,103,29296,1,2,175,0,0,0,10,84,14522
202606,106,20700,5,East Stroudsburg  PA ,30,30,11220,0,0,0,0,0,0,0,0,0,21,21,7259,0,0,0,0,0,0,0,0,0
202606,107,11020,2,Altoona  PA ,3,3,1571,1,2,550,0,0,0,0,0,0,0,0,0,0,0,0,0,0,0,0,0,0
202606,107,26500,5,Huntingdon  PA ,4,4,1367,0,0,0,0,0,0,0,0,0,0,0,0,0,0,0,0,0,0,0,0,0
202606,108,11100,2,Amarillo  TX ,94,94,29274,0,0,0,0,0,0,0,0,0,93,93,28962,0,0,0,0,0,0,0,0,0
202606,108,14420,5,Borger  TX ,1,1,296,0,0,0,0,0,0,0,0,0,0,0,0,0,0,0,0,0,0,0,0,0
202606,118,11540,2,Appleton  WI ,92,92,22627,2,4,995,0,0,0,0,0,0,80,80,18086,2,4,995,0,0,0,0,0,0
202606,118,36780,2,Oshkosh-Neenah  WI ,30,30,11334,1,2,550,0,0,0,5,212,26137,26,26,9866,1,2,550,0,0,0,5,212,26137
202606,120,11700,2,Asheville  NC ,180,180,72001,1,2,290,0,0,0,2,112,13214,144,144,60962,0,0,0,0,0,0,1,56,3532
202606,120,14820,5,Brevard  NC ,16,16,11919,0,0,0,0,0,0,0,0,0,0,0,0,0,0,0,0,0,0,0,0,0
202606,120,48200,5,Waynesville  NC ,39,39,16256,0,0,0,0,0,0,0,0,0,39,39,16256,0,0,0,0,0,0,0,0,0
202606,122,12020,2,Athens-Clarke County  GA ,64,64,21893,0,0,0,0,0,0,2,63,8842,32,32,12492,0,0,0,0,0,0,0,0,0
202606,122,12060,2,Atlanta-Sandy Springs-Roswell  GA ,1947,1947,633179,12,24,6812,13,48,8333,47,815,83129,1721,1721,565553,12,24,6812,13,48,8333,41,707,66527
202606,122,15660,5,Calhoun  GA ,46,46,14984,1,2,320,0,0,0,0,0,0,46,46,14984,1,2,320,0,0,0,0,0,0
202606,122,16340,5,Cedartown  GA ,14,14,4282,0,0,0,0,0,0,1,12,2188,12,12,3737,0,0,0,0,0,0,0,0,0
202606,122,18460,5,Cornelia  GA ,27,27,8498,0,0,0,0,0,0,0,0,0,1,1,360,0,0,0,0,0,0,0,0,0
202606,122,23580,2,Gainesville  GA ,224,224,69397,0,0,0,1,3,506,1,8,1228,103,103,25104,0,0,0,0,0,0,0,0,0
202606,122,27600,5,Jefferson  GA ,153,153,50192,0,0,0,0,0,0,0,0,0,92,92,23205,0,0,0,0,0,0,0,0,0
202606,122,29300,5,LaGrange  GA-AL ,32,32,8977,0,0,0,0,0,0,1,5,1183,14,14,4146,0,0,0,0,0,0,0,0,0
202606,122,40660,2,Rome  GA ,36,36,7147,0,0,0,0,0,0,0,0,0,36,36,7147,0,0,0,0,0,0,0,0,0
202606,122,45580,5,Thomaston  GA ,14,14,4036,0,0,0,0,0,0,0,0,0,7,7,2081,0,0,0,0,0,0,0,0,0
202606,132,12940,2,Baton Rouge  LA ,233,233,65734,0,0,0,0,0,0,1,144,9360,110,110,33989,0,0,0,0,0,0,0,0,0
202606,132,25220,2,Hammond  LA ,54,54,12519,0,0,0,0,0,0,2,55,5215,0,0,0,0,0,0,0,0,0,0,0,0
202606,142,13820,2,Birmingham  AL ,290,290,99226,11,22,4940,10,40,9695,10,253,39008,233,233,86495,10,20,3909,10,40,9695,9,228,34399
202606,142,18980,5,Cullman  AL ,24,24,5233,0,0,0,0,0,0,0,0,0,22,22,4832,0,0,0,0,0,0,0,0,0
202606,142,45180,5,Talladega-Sylacauga  AL ,11,11,2161,0,0,0,0,0,0,1,5,800,0,0,0,0,0,0,0,0,0,0,0,0
202606,144,13260,5,Bedford  IN ,6,6,1430,0,0,0,0,0,0,0,0,0,5,5,1280,0,0,0,0,0,0,0,0,0
202606,144,14020,2,Bloomington  IN ,44,44,14793,0,0,0,1,4,450,0,0,0,32,32,10664,0,0,0,1,4,450,0,0,0
202606,145,14010,2,Bloomington  IL ,19,19,6879,0,0,0,0,0,0,0,0,0,8,8,3787,0,0,0,0,0,0,0,0,0
202606,145,38700,5,Pontiac  IL ,2,2,1295,3,6,999,0,0,0,0,0,0,2,2,1295,0,0,0,0,0,0,0,0,0
202606,146,14100,5,Bloomsburg-Berwick  PA ,5,5,1535,0,0,0,0,0,0,0,0,0,2,2,818,0,0,0,0,0,0,0,0,0
202606,146,30260,5,Lewisburg  PA ,6,6,2114,0,0,0,0,0,0,0,0,0,3,3,950,0,0,0,0,0,0,0,0,0
202606,146,42780,5,Selinsgrove  PA ,2,2,622,0,0,0,0,0,0,0,0,0,0,0,0,0,0,0,0,0,0,0,0,0
202606,146,44980,5,Sunbury  PA ,3,3,1256,0,0,0,0,0,0,0,0,0,2,2,976,0,0,0,0,0,0,0,0,0
202606,147,14260,2,Boise City  ID ,799,799,223518,2,4,823,0,0,0,9,152,31433,729,729,205982,0,0,0,0,0,0,8,137,27874
202606,147,34300,5,Mountain Home  ID ,22,22,3275,0,0,0,0,0,0,0,0,0,20,20,2809,0,0,0,0,0,0,0,0,0
202606,147,36620,5,Ontario  OR-ID ,17,17,6920,5,10,1144,1,3,177,0,0,0,14,14,5823,5,10,1144,1,3,177,0,0,0
202606,148,12700,2,Barnstable Town  MA ,28,28,28570,0,0,0,0,0,0,1,5,1786,18,18,20885,0,0,0,0,0,0,0,0,0
202606,148,14460,2,Boston-Cambridge-Newton  MA-NH ,528,528,196531,10,20,5406,6,20,8173,42,1267,274781,325,325,118104,4,8,3037,5,17,7917,19,1007,233821
202606,148,18180,5,Concord  NH ,30,30,12024,0,0,0,1,3,495,3,103,16801,6,6,2110,0,0,0,0,0,0,3,103,16801
202606,148,29060,5,Laconia  NH ,65,65,20153,0,0,0,0,0,0,1,5,1000,53,53,15300,0,0,0,0,0,0,0,0,0
202606,148,31700,2,Manchester-Nashua  NH ,51,51,22638,1,2,497,1,3,473,3,40,8689,28,28,12604,0,0,0,0,0,0,1,6,1000
202606,148,39300,2,Providence-Warwick  RI-MA ,149,149,55596,16,32,4690,6,20,2225,5,125,14011,85,85,35128,16,32,4690,5,17,1726,0,0,0
202606,148,49340,2,Worcester  MA ,72,72,26716,8,16,5311,0,0,0,6,420,95091,21,21,10314,8,16,5311,0,0,0,4,400,91612
202606,150,14540,2,Bowling Green  KY ,61,61,19068,0,0,0,0,0,0,0,0,0,61,61,19068,0,0,0,0,0,0,0,0,0
202606,150,23190,5,Franklin  KY ,27,27,1026,2,4,150,0,0,0,2,16,550,27,27,1026,2,4,150,0,0,0,2,16,550
202606,150,23980,5,Glasgow  KY ,15,15,4671,0,0,0,0,0,0,0,0,0,15,15,4671,0,0,0,0,0,0,0,0,0
202606,152,15060,5,Brookings  OR ,1,1,180,0,0,0,0,0,0,0,0,0,1,1,180,0,0,0,0,0,0,0,0,0
202606,152,18860,5,Crescent City  CA ,6,6,878,0,0,0,0,0,0,1,5,253,6,6,878,0,0,0,0,0,0,0,0,0
202606,154,15180,2,Brownsville-Harlingen  TX ,185,185,42056,10,20,2041,0,0,0,3,46,5900,29,29,6445,6,12,1065,0,0,0,0,0,0
202606,154,39700,5,Raymondville  TX ,1,1,275,0,0,0,0,0,0,0,0,0,1,1,275,0,0,0,0,0,0,0,0,0
202606,160,15380,2,Buffalo-Cheektowaga  NY ,67,67,28844,1,2,350,0,0,0,4,60,7932,48,48,23781,1,2,350,0,0,0,1,25,1900
202606,160,36460,5,Olean  NY ,11,11,2908,2,4,350,0,0,0,0,0,0,1,1,400,0,0,0,0,0,0,0,0,0
202606,161,15460,5,Burlington  IA-IL ,1,1,151,0,0,0,0,0,0,1,7,979,0,0,0,0,0,0,0,0,0,0,0,0
202606,161,22800,5,Fort Madison  IA ,2,2,680,0,0,0,0,0,0,1,6,405,0,0,0,0,0,0,0,0,0,0,0,0
202606,162,12740,5,Barre  VT ,14,14,4432,1,2,479,0,0,0,0,0,0,3,3,575,0,0,0,0,0,0,0,0,0
202606,162,15540,2,Burlington-South Burlington  VT ,39,39,15172,1,2,339,0,0,0,3,21,2953,12,12,5800,0,0,0,0,0,0,0,0,0
202606,163,15980,2,Cape Coral-Fort Myers  FL ,697,697,224041,8,16,3994,1,4,1000,5,33,3185,697,697,224041,8,16,3994,1,4,1000,5,33,3185
202606,163,17500,5,Clewiston  FL ,107,107,25299,11,22,3059,0,0,0,0,0,0,107,107,25299,11,22,3059,0,0,0,0,0,0
202606,163,34940,2,Naples-Marco Island  FL ,173,173,113548,0,0,0,0,0,0,6,336,74838,163,163,78647,0,0,0,0,0,0,5,331,53698
202606,164,16020,2,Cape Girardeau  MO-IL ,9,9,2717,0,0,0,0,0,0,0,0,0,5,5,1220,0,0,0,0,0,0,0,0,0
202606,164,43460,5,Sikeston  MO ,4,4,834,0,0,0,0,0,0,0,0,0,0,0,0,0,0,0,0,0,0,0,0,0
202606,166,16060,5,Carbondale  IL ,0,0,0,0,0,0,0,0,0,0,0,0,0,0,0,0,0,0,0,0,0,0,0,0
202606,166,32060,5,Marion-Herrin  IL ,8,8,1710,1,2,143,2,6,448,0,0,0,2,2,422,0,0,0,0,0,0,0,0,0
202606,168,16300,2,Cedar Rapids  IA ,50,50,22219,2,4,847,6,24,4230,0,0,0,46,46,21233,2,4,847,6,24,4230,0,0,0
202606,168,26980,2,Iowa City  IA ,50,50,19395,1,2,604,0,0,0,3,61,15202,35,35,14030,0,0,0,0,0,0,1,44,13000
202606,169,16580,2,Champaign-Urbana  IL ,18,18,8430,0,0,0,0,0,0,4,142,23848,14,14,6944,0,0,0,0,0,0,4,142,23848
202606,169,19180,5,Danville  IL ,2,2,534,0,0,0,0,0,0,0,0,0,0,0,0,0,0,0,0,0,0,0,0,0
202606,170,16620,2,Charleston  WV ,11,11,1156,0,0,0,0,0,0,0,0,0,2,2,382,0,0,0,0,0,0,0,0,0
202606,170,26580,2,Huntington-Ashland  WV-KY-OH ,22,22,4593,2,4,303,1,4,180,1,6,304,0,0,0,0,0,0,1,4,180,1,6,304
202606,170,39020,5,Portsmouth  OH ,3,3,793,0,0,0,0,0,0,0,0,0,0,0,0,0,0,0,0,0,0,0,0,0
202606,172,10620,5,Albemarle  NC ,31,31,5220,0,0,0,0,0,0,0,0,0,0,0,0,0,0,0,0,0,0,0,0,0
202606,172,16740,2,Charlotte-Concord-Gastonia  NC-SC ,1115,1115,364350,15,30,2211,2,6,736,9,169,13416,1002,1002,330589,15,30,2211,2,6,736,7,156,11940
202606,172,25860,2,Hickory-Lenoir-Morganton  NC ,246,246,64996,14,28,3599,0,0,0,7,153,13101,192,192,50400,13,26,3276,0,0,0,6,144,12600
202606,172,32000,5,Marion  NC ,15,15,7291,0,0,0,0,0,0,0,0,0,0,0,0,0,0,0,0,0,0,0,0,0
202606,172,43140,5,Shelby-Kings Mountain  NC ,30,30,9492,1,2,330,1,3,532,1,12,1740,16,16,6251,0,0,0,0,0,0,0,0,0
202606,174,11940,5,Athens  TN ,17,17,3676,0,0,0,1,3,520,0,0,0,0,0,0,0,0,0,0,0,0,0,0,0
202606,174,16860,2,Chattanooga  TN-GA ,243,243,70159,8,16,1759,4,13,1565,2,16,1591,135,135,41795,2,4,545,2,7,986,0,0,0
202606,174,17420,2,Cleveland  TN ,84,84,25406,0,0,0,0,0,0,0,0,0,51,51,16636,0,0,0,0,0,0,0,0,0
202606,174,19140,2,Dalton  GA ,44,44,8969,6,12,1111,0,0,0,0,0,0,32,32,5689,6,12,1111,0,0,0,0,0,0
202606,174,42460,5,Scottsboro  AL ,4,4,1249,0,0,0,0,0,0,0,0,0,0,0,0,0,0,0,0,0,0,0,0,0
202606,174,44900,5,Summerville  GA ,0,0,0,0,0,0,0,0,0,0,0,0,0,0,0,0,0,0,0,0,0,0,0,0
202606,176,16980,2,Chicago-Naperville-Elgin  IL-IN ,879,879,325552,2,4,1300,17,53,9764,19,226,59484,745,745,270445,2,4,1300,16,50,9070,14,170,32366
202606,176,28100,2,Kankakee  IL ,8,8,2730,0,0,0,0,0,0,0,0,0,4,4,1637,0,0,0,0,0,0,0,0,0
202606,176,28450,2,Kenosha  WI ,18,18,11853,0,0,0,0,0,0,0,0,0,11,11,7178,0,0,0,0,0,0,0,0,0
202606,176,33140,2,Michigan City-La Porte  IN ,20,20,7803,0,0,0,0,0,0,1,5,633,0,0,0,0,0,0,0,0,0,0,0,0
202606,176,36837,5,Ottawa  IL ,13,13,4951,0,0,0,0,0,0,0,0,0,11,11,4006,0,0,0,0,0,0,0,0,0
202606,178,17140,2,Cincinnati  OH-KY-IN ,436,436,144750,3,6,845,3,10,1778,3,39,4609,338,338,117719,3,6,845,2,7,1230,2,23,2672
202606,178,48940,5,Wilmington  OH ,15,15,3818,2,4,551,0,0,0,0,0,0,9,9,1311,2,4,551,0,0,0,0,0,0
202606,184,10420,2,Akron  OH ,68,68,19774,0,0,0,0,0,0,1,5,1000,56,56,15076,0,0,0,0,0,0,0,0,0
202606,184,15940,2,Canton-Massillon  OH ,41,41,14220,0,0,0,1,3,154,1,5,384,35,35,13324,0,0,0,0,0,0,0,0,0
202606,184,17410,2,Cleveland  OH ,271,271,99806,1,2,300,13,39,6458,12,122,20555,148,148,65620,0,0,0,12,36,6011,9,60,7406
202606,184,18740,5,Coshocton  OH ,0,0,0,0,0,0,0,0,0,0,0,0,0,0,0,0,0,0,0,0,0,0,0,0
202606,184,23380,5,Fremont  OH ,2,2,721,0,0,0,0,0,0,0,0,0,0,0,0,0,0,0,0,0,0,0,0,0
202606,184,35420,5,New Philadelphia-Dover  OH ,5,5,1358,1,2,300,0,0,0,0,0,0,1,1,400,0,0,0,0,0,0,0,0,0
202606,184,35940,5,Norwalk  OH ,6,6,2211,1,2,225,0,0,0,0,0,0,1,1,332,1,2,225,0,0,0,0,0,0
202606,184,41780,2,Sandusky  OH ,30,30,13583,0,0,0,0,0,0,0,0,0,9,9,3340,0,0,0,0,0,0,0,0,0
202606,184,49300,5,Wooster  OH ,21,21,6702,0,0,0,1,3,850,0,0,0,21,21,6702,0,0,0,1,3,850,0,0,0
202606,190,17860,2,Columbia  MO ,58,58,23933,0,0,0,0,0,0,0,0,0,54,54,22647,0,0,0,0,0,0,0,0,0
202606,190,27620,2,Jefferson City  MO ,17,17,5903,1,2,349,0,0,0,0,0,0,0,0,0,0,0,0,0,0,0,0,0,0
202606,190,33020,5,Mexico  MO ,1,1,130,0,0,0,0,0,0,0,0,0,1,1,130,0,0,0,0,0,0,0,0,0
202606,190,33620,5,Moberly  MO ,8,8,2832,0,0,0,0,0,0,0,0,0,0,0,0,0,0,0,0,0,0,0,0,0
202606,192,17900,2,Columbia  SC ,391,391,113307,0,0,0,0,0,0,3,483,115614,241,241,84150,0,0,0,0,0,0,3,483,115614
202606,192,35140,5,Newberry  SC ,14,14,5539,0,0,0,0,0,0,0,0,0,1,1,150,0,0,0,0,0,0,0,0,0
202606,192,36700,5,Orangeburg  SC ,7,7,1009,0,0,0,0,0,0,1,5,833,0,0,0,0,0,0,0,0,0,0,0,0
202606,192,44940,2,Sumter  SC ,30,30,5032,2,4,381,0,0,0,0,0,0,0,0,0,0,0,0,0,0,0,0,0,0
202606,194,10760,5,Alexander City  AL ,19,19,17322,0,0,0,0,0,0,0,0,0,4,4,10705,0,0,0,0,0,0,0,0,0
202606,194,12220,2,Auburn-Opelika  AL ,130,130,37743,0,0,0,0,0,0,0,0,0,129,129,37369,0,0,0,0,0,0,0,0,0
202606,194,17980,2,Columbus  GA-AL ,70,70,16546,0,0,0,0,0,0,1,5,515,31,31,4506,0,0,0,0,0,0,0,0,0
202606,198,11900,5,Athens  OH ,0,0,0,0,0,0,0,0,0,1,7,1093,0,0,0,0,0,0,0,0,0,0,0,0
202606,198,13340,5,Bellefontaine  OH ,12,12,3409,0,0,0,0,0,0,0,0,0,0,0,0,0,0,0,0,0,0,0,0,0
202606,198,15740,5,Cambridge  OH ,3,3,768,0,0,0,0,0,0,0,0,0,3,3,768,0,0,0,0,0,0,0,0,0
202606,198,17060,5,Chillicothe  OH ,3,3,1099,2,4,300,0,0,0,0,0,0,0,0,0,0,0,0,0,0,0,0,0,0
202606,198,18140,2,Columbus  OH ,512,512,211838,3,6,1439,2,8,1000,5,360,115585,420,420,179532,2,4,800,2,8,1000,5,360,115585
202606,198,32020,5,Marion  OH ,4,4,1150,0,0,0,0,0,0,0,0,0,1,1,65,0,0,0,0,0,0,0,0,0
202606,198,34540,5,Mount Vernon  OH ,12,12,4281,0,0,0,0,0,0,0,0,0,4,4,1505,0,0,0,0,0,0,0,0,0
202606,198,47920,5,Washington Court House  OH ,8,8,2565,0,0,0,0,0,0,0,0,0,8,8,2565,0,0,0,0,0,0,0,0,0
202606,198,49780,5,Zanesville  OH ,3,3,1014,1,2,349,0,0,0,1,8,1249,0,0,0,0,0,0,0,0,0,0,0,0
202606,204,10860,5,Alice  TX ,0,0,0,0,0,0,0,0,0,0,0,0,0,0,0,0,0,0,0,0,0,0,0,0
202606,204,18580,2,Corpus Christi  TX ,192,192,49944,1,2,310,1,3,438,1,7,1005,34,34,5242,0,0,0,0,0,0,0,0,0
202606,204,28780,5,Kingsville  TX ,2,2,329,0,0,0,0,0,0,0,0,0,2,2,329,0,0,0,0,0,0,0,0,0
202606,206,11980,5,Athens  TX ,25,25,5968,0,0,0,0,0,0,0,0,0,11,11,1446,0,0,0,0,0,0,0,0,0
202606,206,14300,5,Bonham  TX ,8,8,1660,0,0,0,0,0,0,0,0,0,3,3,724,0,0,0,0,0,0,0,0,0
202606,206,18620,5,Corsicana  TX ,42,42,11764,2,4,646,0,0,0,0,0,0,0,0,0,0,0,0,0,0,0,0,0,0
202606,206,19100,2,Dallas-Fort Worth-Arlington  TX ,3633,3633,867902,56,112,13418,11,38,5332,59,1920,104952,2704,2704,606204,40,80,8615,10,34,4783,56,1883,99175
202606,206,20460,5,Durant  OK ,0,0,0,0,0,0,0,0,0,0,0,0,0,0,0,0,0,0,0,0,0,0,0,0
202606,206,23620,5,Gainesville  TX ,7,7,1991,0,0,0,0,0,0,0,0,0,1,1,311,0,0,0,0,0,0,0,0,0
202606,206,24180,5,Granbury  TX ,9,9,2749,0,0,0,0,0,0,0,0,0,7,7,2157,0,0,0,0,0,0,0,0,0
202606,206,33420,5,Mineral Wells  TX ,0,0,0,0,0,0,0,0,0,0,0,0,0,0,0,0,0,0,0,0,0,0,0,0
202606,206,43300,2,Sherman-Denison  TX ,83,83,25820,0,0,0,0,0,0,0,0,0,60,60,19148,0,0,0,0,0,0,0,0,0
202606,206,44860,5,Sulphur Springs  TX ,6,6,1201,0,0,0,0,0,0,0,0,0,0,0,0,0,0,0,0,0,0,0,0,0
202606,209,17540,5,Clinton  IA ,3,3,1373,0,0,0,0,0,0,1,7,1167,0,0,0,0,0,0,0,0,0,0,0,0
202606,209,19340,2,Davenport-Moline-Rock Island  IA-IL ,34,34,11084,0,0,0,4,14,2950,1,5,524,26,26,8719,0,0,0,3,11,2700,0,0,0
202606,209,34700,5,Muscatine  IA ,5,5,1368,0,0,0,0,0,0,0,0,0,4,4,1068,0,0,0,0,0,0,0,0,0
202606,212,19430,2,Dayton-Kettering-Beavercreek  OH ,132,132,44473,16,32,3785,2,6,1224,1,16,1941,125,125,42008,16,32,3785,1,3,925,0,0,0
202606,212,24820,5,Greenville  OH ,5,5,2760,0,0,0,1,3,468,0,0,0,5,5,2760,0,0,0,1,3,468,0,0,0
202606,212,43380,5,Sidney  OH ,9,9,2328,0,0,0,0,0,0,0,0,0,9,9,2328,0,0,0,0,0,0,0,0,0
202606,212,44220,2,Springfield  OH ,18,18,3393,0,0,0,0,0,0,0,0,0,18,18,3393,0,0,0,0,0,0,0,0,0
202606,212,46500,5,Urbana  OH ,7,7,3177,0,0,0,0,0,0,0,0,0,7,7,3177,0,0,0,0,0,0,0,0,0
202606,216,14500,2,Boulder  CO ,73,73,18987,1,2,394,1,4,810,1,20,4101,72,72,18705,1,2,394,1,4,810,1,20,4101
202606,216,19740,2,Denver-Aurora-Centennial  CO ,675,675,255813,7,14,2720,14,51,14098,10,165,27021,595,595,229353,0,0,0,14,51,14098,7,146,24426
202606,216,24540,2,Greeley  CO ,202,202,78756,0,0,0,0,0,0,13,292,44253,167,167,63146,0,0,0,0,0,0,9,258,39384
202606,218,11180,2,Ames  IA ,15,15,7924,0,0,0,0,0,0,0,0,0,11,11,6503,0,0,0,0,0,0,0,0,0
202606,218,19780,2,Des Moines-West Des Moines  IA ,298,298,120090,4,8,1904,0,0,0,3,176,13753,290,290,117573,3,6,1304,0,0,0,3,176,13753
202606,218,36820,5,Oskaloosa  IA ,48,48,7060,0,0,0,0,0,0,0,0,0,48,48,7060,0,0,0,0,0,0,0,0,0
202606,218,37800,5,Pella  IA ,19,19,4643,0,0,0,0,0,0,1,13,2014,6,6,2547,0,0,0,0,0,0,0,0,0
202606,220,10300,5,Adrian  MI ,14,14,4847,0,0,0,0,0,0,0,0,0,4,4,2418,0,0,0,0,0,0,0,0,0
202606,220,11460,2,Ann Arbor  MI ,60,60,28686,3,6,2532,8,32,2532,10,75,19347,46,46,23522,3,6,2532,8,32,2532,9,47,9281
202606,220,19820,2,Detroit-Warren-Dearborn  MI ,487,487,195349,8,16,1582,10,36,5132,18,338,41479,401,401,167939,8,16,1582,9,33,4547,17,333,41049
202606,220,22420,2,Flint  MI ,38,38,10258,0,0,0,0,0,0,1,5,1384,27,27,7118,0,0,0,0,0,0,0,0,0
202606,220,33780,2,Monroe  MI ,16,16,4716,1,2,300,0,0,0,0,0,0,4,4,1560,0,0,0,0,0,0,0,0,0
202606,221,19940,5,Dixon  IL ,4,4,1382,0,0,0,0,0,0,0,0,0,3,3,1150,0,0,0,0,0,0,0,0,0
202606,221,44580,5,Sterling  IL ,7,7,2112,0,0,0,0,0,0,0,0,0,7,7,2112,0,0,0,0,0,0,0,0,0
202606,222,20020,2,Dothan  AL ,73,73,20530,0,0,0,0,0,0,0,0,0,53,53,14831,0,0,0,0,0,0,0,0,0
202606,222,21460,5,Enterprise  AL ,28,28,5165,0,0,0,0,0,0,0,0,0,28,28,5165,0,0,0,0,0,0,0,0,0
202606,222,37120,5,Ozark  AL ,0,0,0,0,0,0,0,0,0,0,0,0,0,0,0,0,0,0,0,0,0,0,0,0
202606,228,20260,2,Duluth  MN-WI ,53,53,17826,0,0,0,0,0,0,1,52,16134,50,50,16905,0,0,0,0,0,0,1,52,16134
202606,228,24330,5,Grand Rapids  MN ,16,16,5673,0,0,0,0,0,0,1,19,3114,12,12,4515,0,0,0,0,0,0,0,0,0
202606,232,20740,2,Eau Claire  WI ,38,38,15924,1,2,757,0,0,0,0,0,0,36,36,15203,1,2,757,0,0,0,0,0,0
202606,232,32860,5,Menomonie  WI ,10,10,3528,0,0,0,0,0,0,0,0,0,9,9,3278,0,0,0,0,0,0,0,0,0
202606,233,20780,5,Edwards  CO ,13,13,21503,0,0,0,1,3,644,1,5,1857,11,11,17769,0,0,0,0,0,0,0,0,0
202606,233,40090,5,Rifle  CO ,10,10,38570,0,0,0,0,0,0,1,5,857,8,8,37912,0,0,0,0,0,0,0,0,0
202606,236,18500,5,Corning  NY ,8,8,2500,0,0,0,0,0,0,0,0,0,0,0,0,0,0,0,0,0,0,0,0,0
202606,236,21300,2,Elmira  NY ,3,3,891,0,0,0,0,0,0,2,10,1121,0,0,0,0,0,0,0,0,0,0,0,0
202606,238,21340,2,El Paso  TX ,221,221,57527,2,4,518,1,3,395,1,7,825,78,78,23932,0,0,0,0,0,0,0,0,0
202606,238,29740,2,Las Cruces  NM ,69,69,20723,0,0,0,1,4,275,0,0,0,54,54,16251,0,0,0,1,4,275,0,0,0
202606,240,21500,2,Erie  PA ,7,7,2702,0,0,0,0,0,0,0,0,0,3,3,1582,0,0,0,0,0,0,0,0,0
202606,240,32740,5,Meadville  PA ,8,8,2498,0,0,0,0,0,0,0,0,0,0,0,0,0,0,0,0,0,0,0,0,0
202606,241,21780,2,Evansville  IN ,70,70,27368,3,6,615,0,0,0,0,0,0,33,33,16878,0,0,0,0,0,0,0,0,0
202606,241,25775,5,Henderson  KY ,9,9,2688,0,0,0,0,0,0,0,0,0,9,9,2688,0,0,0,0,0,0,0,0,0
202606,242,17220,5,Clarksburg  WV ,9,9,2994,0,0,0,0,0,0,0,0,0,8,8,2908,0,0,0,0,0,0,0,0,0
202606,242,21900,5,Fairmont  WV ,0,0,0,0,0,0,0,0,0,0,0,0,0,0,0,0,0,0,0,0,0,0,0,0
202606,244,22020,2,Fargo  ND-MN ,55,55,29030,0,0,0,10,37,9250,3,89,12191,53,53,27798,0,0,0,10,37,9250,2,84,11542
202606,244,47420,5,Wahpeton  ND-MN ,4,4,1524,0,0,0,0,0,0,0,0,0,0,0,0,0,0,0,0,0,0,0,0,0
202606,246,22180,2,Fayetteville  NC ,151,151,44977,0,0,0,0,0,0,0,0,0,151,151,44977,0,0,0,0,0,0,0,0,0
202606,246,29900,5,Laurinburg  NC ,7,7,2286,0,0,0,0,0,0,0,0,0,7,7,2286,0,0,0,0,0,0,0,0,0
202606,246,31300,5,Lumberton  NC ,25,25,5315,0,0,0,0,0,0,0,0,0,0,0,0,0,0,0,0,0,0,0,0,0
202606,246,38240,2,Pinehurst-Southern Pines  NC ,95,95,21736,0,0,0,0,0,0,0,0,0,81,81,17965,0,0,0,0,0,0,0,0,0
202606,246,40460,5,Rockingham  NC ,14,14,4263,0,0,0,1,3,504,1,6,720,13,13,4049,0,0,0,1,3,504,0,0,0
202606,248,22300,5,Findlay  OH ,10,10,3347,0,0,0,3,9,1379,0,0,0,6,6,2127,0,0,0,3,9,1379,0,0,0
202606,248,45660,5,Tiffin  OH ,3,3,691,0,0,0,0,0,0,0,0,0,0,0,0,0,0,0,0,0,0,0,0,0
202606,250,22520,2,Florence-Muscle Shoals  AL ,19,19,2783,0,0,0,0,0,0,0,0,0,14,14,2014,0,0,0,0,0,0,0,0,0
202606,250,40770,5,Russellville  AL ,1,1,296,0,0,0,0,0,0,0,0,0,0,0,0,0,0,0,0,0,0,0,0,0
202606,258,11420,5,Angola  IN ,11,11,8708,1,2,300,0,0,0,0,0,0,11,11,8708,1,2,300,0,0,0,0,0,0
202606,258,12140,5,Auburn  IN ,13,13,4798,0,0,0,0,0,0,0,0,0,13,13,4798,0,0,0,0,0,0,0,0,0
202606,258,19540,5,Decatur  IN ,9,9,3063,0,0,0,0,0,0,0,0,0,9,9,3063,0,0,0,0,0,0,0,0,0
202606,258,23060,2,Fort Wayne  IN ,142,142,53809,2,4,725,2,8,2265,5,37,6921,135,135,51255,1,2,376,1,4,1535,4,32,6140
202606,258,26540,5,Huntington  IN ,6,6,1775,0,0,0,0,0,0,0,0,0,6,6,1775,0,0,0,0,0,0,0,0,0
202606,258,28340,5,Kendallville  IN ,10,10,3089,0,0,0,0,0,0,0,0,0,7,7,2599,0,0,0,0,0,0,0,0,0
202606,260,23420,2,Fresno  CA ,315,315,116669,23,46,8798,3,9,1871,5,207,35798,300,300,110473,23,46,8798,3,9,1871,5,207,35798
202606,260,25260,2,Hanford-Corcoran  CA ,80,80,15848,0,0,0,0,0,0,1,8,870,45,45,3452,0,0,0,0,0,0,0,0,0
202606,264,23540,2,Gainesville  FL ,78,78,30649,0,0,0,0,0,0,2,136,17557,42,42,17829,0,0,0,0,0,0,0,0,0
202606,264,29380,5,Lake City  FL ,15,15,4224,0,0,0,0,0,0,0,0,0,0,0,0,0,0,0,0,0,0,0,0,0
202606,266,13660,5,Big Rapids  MI ,14,14,3706,0,0,0,0,0,0,3,30,3856,10,10,2570,0,0,0,0,0,0,3,30,3856
202606,266,24340,2,Grand Rapids-Wyoming-Kentwood  MI ,245,245,92091,4,8,1980,1,4,1344,4,24,3025,165,165,63845,3,6,1621,1,4,1344,1,6,850
202606,266,26090,5,Holland  MI ,40,40,14316,0,0,0,0,0,0,0,0,0,24,24,9967,0,0,0,0,0,0,0,0,0
202606,266,34740,2,Muskegon-Norton Shores  MI ,34,34,10117,0,0,0,0,0,0,0,0,0,18,18,6046,0,0,0,0,0,0,0,0,0
202606,267,24580,2,Green Bay  WI ,75,75,30176,7,14,2470,0,0,0,2,11,1660,45,45,17658,0,0,0,0,0,0,1,6,820
202606,267,43020,5,Shawano  WI ,14,14,6034,0,0,0,0,0,0,0,0,0,11,11,4852,0,0,0,0,0,0,0,0,0
202606,268,15500,2,Burlington  NC ,169,169,29642,1,2,200,0,0,0,7,168,11200,169,169,29642,1,2,200,0,0,0,7,168,11200
202606,268,24660,2,Greensboro-High Point  NC ,218,218,64250,5,10,1528,0,0,0,4,67,13180,203,203,61303,4,8,1317,0,0,0,3,60,12667
202606,268,34340,5,Mount Airy  NC ,20,20,4794,0,0,0,0,0,0,0,0,0,20,20,4794,0,0,0,0,0,0,0,0,0
202606,268,49180,2,Winston-Salem  NC ,359,359,116010,0,0,0,0,0,0,1,8,315,319,319,105716,0,0,0,0,0,0,0,0,0
202606,273,23500,5,Gaffney  SC ,21,21,5652,0,0,0,0,0,0,1,8,1577,16,16,4906,0,0,0,0,0,0,0,0,0
202606,273,24860,2,Greenville-Anderson-Greer  SC ,858,858,374403,0,0,0,0,0,0,2,227,74556,821,821,363875,0,0,0,0,0,0,2,227,74556
202606,273,24940,5,Greenwood  SC ,33,33,6252,0,0,0,0,0,0,0,0,0,5,5,1098,0,0,0,0,0,0,0,0,0
202606,273,42860,5,Seneca  SC ,54,54,23312,0,0,0,0,0,0,1,5,767,47,47,20946,0,0,0,0,0,0,0,0,0
202606,273,43900,2,Spartanburg  SC ,206,206,48857,1,2,283,0,0,0,1,33,960,195,195,47090,0,0,0,0,0,0,0,0,0
202606,274,24780,2,Greenville  NC ,47,47,13892,41,82,7677,10,40,2377,9,288,34690,7,7,2645,41,82,7677,10,40,2377,9,288,34690
202606,274,47820,5,Washington  NC ,13,13,5316,0,0,0,0,0,0,0,0,0,13,13,5316,0,0,0,0,0,0,0,0,0
202606,276,23900,2,Gettysburg  PA ,26,26,7912,0,0,0,0,0,0,0,0,0,26,26,7912,0,0,0,0,0,0,0,0,0
202606,276,25420,2,Harrisburg-Carlisle  PA ,72,72,18988,0,0,0,2,7,1296,3,166,11094,51,51,12682,0,0,0,1,4,764,2,157,10006
202606,276,30140,2,Lebanon  PA ,43,43,13075,1,2,138,0,0,0,0,0,0,38,38,11808,0,0,0,0,0,0,0,0,0
202606,276,49620,2,York-Hanover  PA ,75,75,22988,2,4,740,0,0,0,1,9,1025,39,39,12264,2,4,740,0,0,0,0,0,0
202606,277,25500,2,Harrisonburg  VA ,20,20,6613,1,2,300,3,10,1150,0,0,0,20,20,6613,1,2,300,3,10,1150,0,0,0
202606,277,44420,2,Staunton-Stuarts Draft  VA ,39,39,14186,0,0,0,0,0,0,0,0,0,39,39,14186,0,0,0,0,0,0,0,0,0
202606,279,25620,2,Hattiesburg  MS ,6,6,1691,0,0,0,0,0,0,0,0,0,1,1,400,0,0,0,0,0,0,0,0,0
202606,279,29860,5,Laurel  MS ,0,0,0,0,0,0,0,0,0,0,0,0,0,0,0,0,0,0,0,0,0,0,0,0
202606,284,26300,2,Hot Springs  AR ,12,12,4937,0,0,0,0,0,0,0,0,0,12,12,4937,0,0,0,0,0,0,0,0,0
202606,284,31680,5,Malvern  AR ,0,0,0,0,0,0,0,0,0,0,0,0,0,0,0,0,0,0,0,0,0,0,0,0
202606,288,13060,5,Bay City  TX ,18,18,2527,0,0,0,0,0,0,0,0,0,18,18,2527,0,0,0,0,0,0,0,0,0
202606,288,14780,5,Brenham  TX ,5,5,991,0,0,0,0,0,0,1,5,730,5,5,991,0,0,0,0,0,0,1,5,730
202606,288,20900,5,El Campo  TX ,12,12,3668,0,0,0,0,0,0,0,0,0,8,8,2491,0,0,0,0,0,0,0,0,0
202606,288,26420,2,Houston-Pasadena-The Woodlands  TX ,4191,4191,1193236,94,188,36847,4,12,2014,5,382,120679,3912,3912,1112261,93,186,36524,4,12,2014,2,339,114786
202606,288,26660,5,Huntsville  TX ,45,45,9490,0,0,0,1,3,438,0,0,0,0,0,0,0,0,0,0,0,0,0,0,0
202606,290,10700,5,Albertville  AL ,11,11,3405,0,0,0,0,0,0,0,0,0,7,7,2706,0,0,0,0,0,0,0,0,0
202606,290,19460,2,Decatur  AL ,31,31,7086,0,0,0,0,0,0,0,0,0,29,29,6618,0,0,0,0,0,0,0,0,0
202606,290,22190,5,Fayetteville  TN ,12,12,1261,0,0,0,0,0,0,0,0,0,12,12,1261,0,0,0,0,0,0,0,0,0
202606,290,22840,5,Fort Payne  AL ,12,12,2117,0,0,0,0,0,0,0,0,0,12,12,2117,0,0,0,0,0,0,0,0,0
202606,290,26620,2,Huntsville  AL ,313,313,92799,0,0,0,0,0,0,0,0,0,178,178,59643,0,0,0,0,0,0,0,0,0
202606,292,13940,5,Blackfoot  ID ,13,13,4105,0,0,0,0,0,0,0,0,0,13,13,4105,0,0,0,0,0,0,0,0,0
202606,292,26820,2,Idaho Falls  ID ,87,87,21221,0,0,0,0,0,0,1,5,521,86,86,21072,0,0,0,0,0,0,0,0,0
202606,292,39940,5,Rexburg  ID ,28,28,8613,0,0,0,2,8,1450,3,56,14424,27,27,8513,0,0,0,2,8,1450,3,56,14424
202606,294,18020,2,Columbus  IN ,24,24,10882,0,0,0,0,0,0,0,0,0,24,24,10882,0,0,0,0,0,0,0,0,0
202606,294,18820,5,Crawfordsville  IN ,14,14,3921,2,4,700,0,0,0,0,0,0,10,10,2946,2,4,700,0,0,0,0,0,0
202606,294,24600,5,Greencastle  IN ,9,9,3386,0,0,0,0,0,0,0,0,0,9,9,3386,0,0,0,0,0,0,0,0,0
202606,294,24700,5,Greensburg  IN ,6,6,1928,0,0,0,0,0,0,0,0,0,2,2,600,0,0,0,0,0,0,0,0,0
202606,294,26900,2,Indianapolis-Carmel-Greenwood  IN ,897,897,352747,0,0,0,1,4,2700,9,161,49397,824,824,327466,0,0,0,1,4,2700,8,155,48286
202606,294,29020,2,Kokomo  IN ,8,8,2582,0,0,0,1,4,1333,1,42,6800,8,8,2582,0,0,0,1,4,1333,1,42,6800
202606,294,34620,2,Muncie  IN ,4,4,761,0,0,0,0,0,0,0,0,0,3,3,394,0,0,0,0,0,0,0,0,0
202606,294,35220,5,New Castle  IN ,3,3,995,0,0,0,0,0,0,0,0,0,0,0,0,0,0,0,0,0,0,0,0,0
202606,294,37940,5,Peru  IN ,3,3,2229,0,0,0,0,0,0,0,0,0,3,3,2229,0,0,0,0,0,0,0,0,0
202606,294,42980,5,Seymour  IN ,12,12,4318,0,0,0,0,0,0,0,0,0,12,12,4318,0,0,0,0,0,0,0,0,0
202606,296,18660,5,Cortland  NY ,1,1,296,0,0,0,0,0,0,0,0,0,0,0,0,0,0,0,0,0,0,0,0,0
202606,296,27060,2,Ithaca  NY ,10,10,3575,3,6,897,0,0,0,2,29,5679,2,2,900,1,2,460,0,0,0,0,0,0
202606,298,15020,5,Brookhaven  MS ,0,0,0,0,0,0,0,0,0,0,0,0,0,0,0,0,0,0,0,0,0,0,0,0
202606,298,27140,2,Jackson  MS ,121,121,32373,3,6,467,0,0,0,1,5,402,70,70,20207,0,0,0,0,0,0,0,0,0
202606,298,46980,5,Vicksburg  MS ,0,0,0,0,0,0,0,0,0,0,0,0,0,0,0,0,0,0,0,0,0,0,0,0
202606,300,27260,2,Jacksonville  FL ,916,916,265626,1,2,1282,2,6,673,11,617,182635,897,897,255070,0,0,0,1,3,287,11,617,182635
202606,300,28680,5,Kingsland  GA ,68,68,15514,0,0,0,0,0,0,0,0,0,68,68,15514,0,0,0,0,0,0,0,0,0
202606,300,37260,5,Palatka  FL ,3,3,1092,0,0,0,0,0,0,0,0,0,2,2,870,0,0,0,0,0,0,0,0,0
202606,304,24620,5,Greeneville  TN ,39,39,13663,0,0,0,0,0,0,0,0,0,39,39,13663,0,0,0,0,0,0,0,0,0
202606,304,27740,2,Johnson City  TN ,50,50,18210,1,2,382,0,0,0,0,0,0,28,28,11695,0,0,0,0,0,0,0,0,0
202606,304,28700,2,Kingsport-Bristol  TN-VA ,65,65,16894,0,0,0,0,0,0,1,9,900,32,32,10613,0,0,0,0,0,0,0,0,0
202606,306,27780,2,Johnstown  PA ,4,4,1352,0,0,0,0,0,0,0,0,0,1,1,250,0,0,0,0,0,0,0,0,0
202606,306,43740,5,Somerset  PA ,3,3,961,0,0,0,0,0,0,0,0,0,0,0,0,0,0,0,0,0,0,0,0,0
202606,308,27860,2,Jonesboro  AR ,51,51,8438,4,8,548,4,12,622,2,13,738,9,9,1698,1,2,135,0,0,0,0,0,0
202606,308,37500,5,Paragould  AR ,13,13,3076,1,2,142,0,0,0,0,0,0,13,13,3076,1,2,142,0,0,0,0,0,0
202606,309,27900,2,Joplin  MO-KS ,59,59,17340,1,2,349,0,0,0,1,5,781,34,34,12158,0,0,0,0,0,0,0,0,0
202606,309,33060,5,Miami  OK ,2,2,390,0,0,0,0,0,0,0,0,0,0,0,0,0,0,0,0,0,0,0,0,0
202606,310,12980,2,Battle Creek  MI ,13,13,3199,0,0,0,0,0,0,0,0,0,0,0,0,0,0,0,0,0,0,0,0,0
202606,310,28020,2,Kalamazoo-Portage  MI ,54,54,14299,0,0,0,0,0,0,0,0,0,40,40,9077,0,0,0,0,0,0,0,0,0
202606,310,44780,5,Sturgis  MI ,12,12,5068,1,2,180,0,0,0,0,0,0,4,4,1725,0,0,0,0,0,0,0,0,0
202606,312,11860,5,Atchison  KS ,2,2,515,0,0,0,0,0,0,0,0,0,0,0,0,0,0,0,0,0,0,0,0,0
202606,312,28140,2,Kansas City  MO-KS ,507,507,213195,6,12,2973,6,24,3890,15,337,50223,447,447,196780,5,10,2622,6,24,3890,13,278,40749
202606,312,29940,2,Lawrence  KS ,22,22,8133,1,2,402,0,0,0,1,5,656,8,8,3572,0,0,0,0,0,0,0,0,0
202606,312,36840,5,Ottawa  KS ,6,6,1613,0,0,0,0,0,0,0,0,0,5,5,1260,0,0,0,0,0,0,0,0,0
202606,312,41140,2,St. Joseph  MO-KS ,4,4,829,0,0,0,0,0,0,0,0,0,0,0,0,0,0,0,0,0,0,0,0,0
202606,312,47660,5,Warrensburg  MO ,7,7,1396,6,12,1800,0,0,0,0,0,0,6,6,1205,6,12,1800,0,0,0,0,0,0
202606,313,14710,5,Brattleboro  VT ,14,14,3785,0,0,0,0,0,0,0,0,0,1,1,90,0,0,0,0,0,0,0,0,0
202606,313,28300,5,Keene  NH ,17,17,5309,1,2,363,0,0,0,0,0,0,2,2,643,0,0,0,0,0,0,0,0,0
202606,314,28420,2,Kennewick-Richland  WA ,124,124,40691,1,2,311,0,0,0,5,121,16751,9,9,3558,0,0,0,0,0,0,0,0,0
202606,314,47460,2,Walla Walla  WA ,14,14,5224,0,0,0,0,0,0,0,0,0,12,12,4761,0,0,0,0,0,0,0,0,0
202606,315,28940,2,Knoxville  TN ,394,394,123152,1,2,235,0,0,0,6,211,39381,327,327,105902,1,2,235,0,0,0,4,150,28798
202606,315,34100,2,Morristown  TN ,35,35,15530,1,2,425,0,0,0,0,0,0,15,15,6340,1,2,425,0,0,0,0,0,0
202606,315,35460,5,Newport  TN ,0,0,0,1,2,150,0,0,0,0,0,0,0,0,0,0,0,0,0,0,0,0,0,0
202606,315,42940,5,Sevierville  TN ,79,79,30393,0,0,0,0,0,0,1,6,807,78,78,30055,0,0,0,0,0,0,1,6,807
202606,317,29100,2,La Crosse-Onalaska  WI-MN ,32,32,15027,0,0,0,0,0,0,0,0,0,15,15,8401,0,0,0,0,0,0,0,0,0
202606,317,43890,5,Sparta  WI ,8,8,3386,0,0,0,0,0,0,0,0,0,2,2,836,0,0,0,0,0,0,0,0,0
202606,318,29180,2,Lafayette  LA ,138,138,37652,0,0,0,0,0,0,0,0,0,36,36,11326,0,0,0,0,0,0,0,0,0
202606,318,35340,5,New Iberia  LA ,10,10,2025,0,0,0,0,0,0,1,6,500,2,2,270,0,0,0,0,0,0,1,6,500
202606,318,36660,5,Opelousas  LA ,11,11,2382,0,0,0,0,0,0,0,0,0,0,0,0,0,0,0,0,0,0,0,0,0
202606,320,23140,5,Frankfort  IN ,2,2,500,0,0,0,0,0,0,0,0,0,2,2,500,0,0,0,0,0,0,0,0,0
202606,320,29200,2,Lafayette-West Lafayette  IN ,61,61,22523,0,0,0,0,0,0,3,64,8506,7,7,3748,0,0,0,0,0,0,0,0,0
202606,320,33900,5,Monticello  IN ,2,2,1010,0,0,0,0,0,0,0,0,0,2,2,1010,0,0,0,0,0,0,0,0,0
202606,324,19760,5,DeRidder  LA ,7,7,2002,0,0,0,0,0,0,0,0,0,7,7,2002,0,0,0,0,0,0,0,0,0
202606,324,29340,2,Lake Charles  LA ,50,50,12323,1,2,371,0,0,0,0,0,0,48,48,11926,0,0,0,0,0,0,0,0,0
202606,330,29620,2,Lansing-East Lansing  MI ,42,42,17384,0,0,0,1,3,547,1,12,1332,15,15,9253,0,0,0,0,0,0,0,0,0
202606,330,37020,5,Owosso  MI ,6,6,1355,0,0,0,0,0,0,0,0,0,0,0,0,0,0,0,0,0,0,0,0,0
202606,332,29820,2,Las Vegas-Henderson-North Las Vegas  NV ,530,530,185714,1,2,404,2,8,1663,3,561,98535,528,528,183770,1,2,404,2,8,1663,3,561,98535
202606,332,37220,5,Pahrump  NV ,34,34,11196,1,2,377,1,4,826,0,0,0,0,0,0,0,0,0,0,0,0,0,0,0
202606,334,20340,5,Duncan  OK ,2,2,900,0,0,0,0,0,0,0,0,0,2,2,900,0,0,0,0,0,0,0,0,0
202606,334,30020,2,Lawton  OK ,13,13,2500,2,4,471,0,0,0,0,0,0,12,12,2260,2,4,471,0,0,0,0,0,0
202606,336,23180,5,Frankfort  KY ,12,12,3703,0,0,0,0,0,0,0,0,0,12,12,3703,0,0,0,0,0,0,0,0,0
202606,336,30460,2,Lexington-Fayette  KY ,137,137,35975,2,4,330,1,3,440,2,35,2906,81,81,22753,0,0,0,0,0,0,0,0,0
202606,336,34460,5,Mount Sterling  KY ,4,4,935,0,0,0,0,0,0,0,0,0,0,0,0,0,0,0,0,0,0,0,0,0
202606,336,40080,5,Richmond-Berea  KY ,39,39,8431,0,0,0,0,0,0,0,0,0,39,39,8431,0,0,0,0,0,0,0,0,0
202606,338,16380,5,Celina  OH ,6,6,2497,1,2,650,0,0,0,0,0,0,2,2,950,1,2,650,0,0,0,0,0,0
202606,338,30620,2,Lima  OH ,14,14,4048,2,4,500,6,18,3090,0,0,0,3,3,680,2,4,500,6,18,3090,0,0,0
202606,338,46780,5,Van Wert  OH ,6,6,2046,0,0,0,0,0,0,0,0,0,2,2,828,0,0,0,0,0,0,0,0,0
202606,338,47540,5,Wapakoneta  OH ,11,11,3955,0,0,0,0,0,0,0,0,0,3,3,1575,0,0,0,0,0,0,0,0,0
202606,339,13100,5,Beatrice  NE ,2,2,622,0,0,0,0,0,0,0,0,0,0,0,0,0,0,0,0,0,0,0,0,0
202606,339,30700,2,Lincoln  NE ,113,113,40148,0,0,0,0,0,0,5,156,20475,108,108,38772,0,0,0,0,0,0,5,156,20475
202606,340,30780,2,Little Rock-North Little Rock-Conway  AR ,188,188,49505,13,26,3540,1,4,300,6,66,10760,171,171,46106,13,26,3540,1,4,300,6,66,10760
202606,340,38220,5,Pine Bluff  AR ,4,4,393,0,0,0,0,0,0,0,0,0,3,3,245,0,0,0,0,0,0,0,0,0
202606,340,42620,5,Searcy  AR ,27,27,5519,1,2,180,0,0,0,0,0,0,25,25,4994,1,2,180,0,0,0,0,0,0
202606,348,31080,2,Los Angeles-Long Beach-Anaheim  CA ,1138,1138,334418,49,98,26572,9,31,7590,54,1118,221446,896,896,272572,40,80,22794,6,22,6200,41,974,195572
202606,348,37100,2,Oxnard-Thousand Oaks-Ventura  CA ,35,35,12319,2,4,1055,2,7,1895,3,32,6558,15,15,5044,2,4,1055,1,4,788,0,0,0
202606,348,40140,2,Riverside-San Bernardino-Ontario  CA ,991,991,272682,6,12,2895,4,12,1418,36,441,72221,811,811,214153,6,12,2895,4,12,1418,26,304,47482
202606,350,21060,2,Elizabethtown  KY ,38,38,7660,1,2,264,0,0,0,0,0,0,24,24,4322,0,0,0,0,0,0,0,0,0
202606,350,31140,2,Louisville-Jefferson County  KY-IN ,336,336,111240,1,2,277,0,0,0,5,109,19785,217,217,78627,0,0,0,0,0,0,1,10,2000
202606,352,31180,2,Lubbock  TX ,178,178,56613,0,0,0,0,0,0,0,0,0,177,177,56325,0,0,0,0,0,0,0,0,0
202606,352,38380,5,Plainview  TX ,0,0,0,0,0,0,0,0,0,0,0,0,0,0,0,0,0,0,0,0,0,0,0,0
202606,356,31420,2,Macon-Bibb County  GA ,49,49,12431,0,0,0,0,0,0,0,0,0,5,5,1348,0,0,0,0,0,0,0,0,0
202606,356,47580,2,Warner Robins  GA ,125,125,23130,0,0,0,0,0,0,0,0,0,89,89,15298,0,0,0,0,0,0,0,0,0
202606,357,12660,5,Baraboo  WI ,18,18,7568,0,0,0,0,0,0,0,0,0,4,4,1269,0,0,0,0,0,0,0,0,0
202606,357,27500,2,Janesville-Beloit  WI ,41,41,8182,0,0,0,0,0,0,0,0,0,33,33,5388,0,0,0,0,0,0,0,0,0
202606,357,31540,2,Madison  WI ,155,155,76531,6,12,2535,2,8,1400,3,313,50302,107,107,59318,0,0,0,2,8,1400,2,294,47175
202606,359,31860,2,Mankato  MN ,33,33,10738,0,0,0,0,0,0,0,0,0,27,27,7652,0,0,0,0,0,0,0,0,0
202606,359,35580,5,New Ulm  MN ,2,2,1019,0,0,0,0,0,0,2,72,9500,0,0,0,0,0,0,0,0,0,2,72,9500
202606,360,11740,5,Ashland  OH ,5,5,1332,0,0,0,0,0,0,0,0,0,0,0,0,0,0,0,0,0,0,0,0,0
202606,360,15340,5,Bucyrus  OH ,1,1,250,0,0,0,0,0,0,0,0,0,0,0,0,0,0,0,0,0,0,0,0,0
202606,360,31900,2,Mansfield  OH ,10,10,3376,1,2,268,0,0,0,0,0,0,0,0,0,0,0,0,0,0,0,0,0,0
202606,361,27020,5,Iron Mountain  MI-WI ,7,7,2015,0,0,0,0,0,0,0,0,0,0,0,0,0,0,0,0,0,0,0,0,0
202606,361,31940,5,Marinette  WI-MI ,21,21,6192,0,0,0,0,0,0,0,0,0,6,6,1755,0,0,0,0,0,0,0,0,0
202606,365,32580,2,McAllen-Edinburg-Mission  TX ,418,418,53341,26,52,7976,18,68,6927,6,206,24300,356,356,35852,26,52,7976,9,34,1985,6,206,24300
202606,365,40100,5,Rio Grande City-Roma  TX ,0,0,0,0,0,0,0,0,0,0,0,0,0,0,0,0,0,0,0,0,0,0,0,0
202606,366,24420,2,Grants Pass  OR ,19,19,7112,0,0,0,0,0,0,0,0,0,19,19,7112,0,0,0,0,0,0,0,0,0
202606,366,32780,2,Medford  OR ,46,46,17070,1,2,413,0,0,0,0,0,0,40,40,14365,1,2,413,0,0,0,0,0,0
202606,368,17260,5,Clarksdale  MS ,0,0,0,0,0,0,0,0,0,0,0,0,0,0,0,0,0,0,0,0,0,0,0,0
202606,368,22620,5,Forrest City  AR ,0,0,0,0,0,0,0,0,0,0,0,0,0,0,0,0,0,0,0,0,0,0,0,0
202606,368,32820,2,Memphis  TN-MS-AR ,274,274,50326,0,0,0,0,0,0,0,0,0,232,232,38724,0,0,0,0,0,0,0,0,0
202606,370,28580,5,Key West-Key Largo  FL ,18,18,12133,0,0,0,0,0,0,0,0,0,5,5,2187,0,0,0,0,0,0,0,0,0
202606,370,33100,2,Miami-Fort Lauderdale-West Palm Beach  FL ,535,535,287492,11,22,6989,3,11,2311,30,991,174927,377,377,192309,11,22,6989,3,11,2311,20,842,141497
202606,370,36380,5,Okeechobee  FL ,7,7,3171,0,0,0,0,0,0,0,0,0,7,7,3171,0,0,0,0,0,0,0,0,0
202606,370,38940,2,Port St. Lucie  FL ,407,407,184533,4,8,1747,1,3,443,0,0,0,407,407,184533,4,8,1747,1,3,443,0,0,0
202606,370,42680,2,Sebastian-Vero Beach-West Vero Corridor  FL ,16,16,7818,0,0,0,0,0,0,0,0,0,14,14,4796,0,0,0,0,0,0,0,0,0
202606,371,18340,5,Corbin  KY ,1,1,96,2,4,353,0,0,0,0,0,0,0,0,0,0,0,0,0,0,0,0,0,0
202606,371,33180,5,Middlesborough  KY ,3,3,301,0,0,0,0,0,0,0,0,0,0,0,0,0,0,0,0,0,0,0,0,0
202606,372,11380,5,Andrews  TX ,6,6,1419,0,0,0,0,0,0,0,0,0,0,0,0,0,0,0,0,0,0,0,0,0
202606,372,33260,2,Midland  TX ,92,92,25244,0,0,0,0,0,0,0,0,0,92,92,25244,0,0,0,0,0,0,0,0,0
202606,372,36220,2,Odessa  TX ,126,126,24810,0,0,0,0,0,0,0,0,0,126,126,24810,0,0,0,0,0,0,0,0,0
202606,376,13180,5,Beaver Dam  WI ,12,12,4683,1,2,349,0,0,0,0,0,0,4,4,1688,0,0,0,0,0,0,0,0,0
202606,376,33340,2,Milwaukee-Waukesha  WI ,175,175,99787,27,54,11579,0,0,0,8,215,21844,109,109,55504,23,46,10039,0,0,0,6,191,17711
202606,376,39540,2,Racine-Mount Pleasant  WI ,42,42,13550,4,8,2061,0,0,0,2,19,1277,39,39,12434,1,2,415,0,0,0,0,0,0
202606,376,48020,5,Watertown-Fort Atkinson  WI ,11,11,4587,6,12,1320,0,0,0,0,0,0,11,11,4587,6,12,1320,0,0,0,0,0,0
202606,376,48580,5,Whitewater-Elkhorn  WI ,41,41,20710,0,0,0,0,0,0,0,0,0,32,32,17601,0,0,0,0,0,0,0,0,0
202606,378,22060,5,Faribault-Northfield  MN ,9,9,3879,0,0,0,0,0,0,0,0,0,5,5,2821,0,0,0,0,0,0,0,0,0
202606,378,26780,5,Hutchinson  MN ,6,6,1889,0,0,0,0,0,0,2,54,8370,6,6,1889,0,0,0,0,0,0,1,44,6907
202606,378,33460,2,Minneapolis-St. Paul-Bloomington  MN-WI ,861,861,339642,7,14,3639,5,16,2732,16,633,125907,703,703,283755,4,8,2150,4,13,1941,8,537,108777
202606,378,36940,5,Owatonna  MN ,4,4,2090,0,0,0,1,3,930,1,5,612,4,4,2090,0,0,0,1,3,930,0,0,0
202606,378,39860,5,Red Wing  MN ,7,7,2599,0,0,0,0,0,0,0,0,0,7,7,2599,0,0,0,0,0,0,0,0,0
202606,378,41060,2,St. Cloud  MN ,37,37,11749,0,0,0,0,0,0,2,23,4031,31,31,9926,0,0,0,0,0,0,0,0,0
202606,380,19300,2,Daphne-Fairhope-Foley  AL ,252,252,94095,0,0,0,0,0,0,0,0,0,230,230,88812,0,0,0,0,0,0,0,0,0
202606,380,33660,2,Mobile  AL ,84,84,25864,0,0,0,0,0,0,0,0,0,79,79,24532,0,0,0,0,0,0,0,0,0
202606,384,33740,2,Monroe  LA ,28,28,7202,1,2,270,0,0,0,0,0,0,5,5,1488,0,0,0,0,0,0,0,0,0
202606,384,40820,5,Ruston  LA ,15,15,3604,0,0,0,0,0,0,0,0,0,7,7,1256,0,0,0,0,0,0,0,0,0
202606,388,33860,2,Montgomery  AL ,73,73,23978,0,0,0,0,0,0,0,0,0,70,70,23253,0,0,0,0,0,0,0,0,0
202606,388,42820,5,Selma  AL ,0,0,0,0,0,0,0,0,0,0,0,0,0,0,0,0,0,0,0,0,0,0,0,0
202606,393,34180,5,Moses Lake  WA ,29,29,10042,2,4,849,0,0,0,0,0,0,13,13,6642,1,2,482,0,0,0,0,0,0
202606,393,36830,5,Othello  WA ,2,2,556,0,0,0,0,0,0,0,0,0,2,2,556,0,0,0,0,0,0,0,0,0
202606,394,10940,5,Alma  MI ,4,4,858,0,0,0,0,0,0,0,0,0,0,0,0,0,0,0,0,0,0,0,0,0
202606,394,34380,5,Mount Pleasant  MI ,11,11,2310,0,0,0,0,0,0,0,0,0,8,8,1522,0,0,0,0,0,0,0,0,0
202606,396,34680,5,Murrells Inlet  SC ,41,41,22130,0,0,0,0,0,0,0,0,0,35,35,19384,0,0,0,0,0,0,0,0,0
202606,396,34820,2,Myrtle Beach-Conway-North Myrtle Beach  SC ,547,547,121475,0,0,0,0,0,0,1,8,400,93,93,32509,0,0,0,0,0,0,0,0,0
202606,400,29980,5,Lawrenceburg  TN ,2,2,418,0,0,0,1,3,325,0,0,0,0,0,0,0,0,0,0,0,0,0,0,0
202606,400,30280,5,Lewisburg  TN ,27,27,6605,0,0,0,0,0,0,1,5,630,0,0,0,0,0,0,0,0,0,0,0,0
202606,400,34980,2,Nashville-Davidson--Murfreesboro--Franklin  TN ,1205,1205,381465,2,4,667,1,3,167,5,240,38899,1012,1012,332061,2,4,667,0,0,0,4,235,38522
202606,400,43180,5,Shelbyville  TN ,38,38,8859,0,0,0,0,0,0,0,0,0,21,21,4568,0,0,0,0,0,0,0,0,0
202606,400,46100,5,Tullahoma-Manchester  TN ,40,40,11010,0,0,0,0,0,0,0,0,0,20,20,5206,0,0,0,0,0,0,0,0,0
202606,400,49010,5,Winchester  TN ,30,30,7770,0,0,0,0,0,0,2,48,12000,17,17,4367,0,0,0,0,0,0,2,48,12000
202606,404,33980,5,Morehead City  NC ,41,41,20034,0,0,0,0,0,0,0,0,0,27,27,13969,0,0,0,0,0,0,0,0,0
202606,404,35100,5,New Bern  NC ,61,61,15287,0,0,0,0,0,0,0,0,0,61,61,15287,0,0,0,0,0,0,0,0,0
202606,405,25540,2,Hartford-West Hartford-East Hartford  CT ,58,58,20392,6,12,2335,1,3,316,10,262,31801,38,38,13928,3,6,1025,0,0,0,4,174,20714
202606,405,35300,2,New Haven  CT ,15,15,4360,1,2,317,5,18,3285,3,115,15063,5,5,2012,0,0,0,3,12,2130,0,0,0
202606,405,35980,2,Norwich-New London-Willimantic  CT ,31,31,10333,1,2,255,1,3,633,3,65,11735,22,22,7462,0,0,0,1,3,633,2,60,11250
202606,405,39480,5,Putnam  CT ,15,15,3437,0,0,0,0,0,0,0,0,0,7,7,1822,0,0,0,0,0,0,0,0,0
202606,405,45860,5,Torrington  CT ,14,14,5376,0,0,0,0,0,0,0,0,0,6,6,2250,0,0,0,0,0,0,0,0,0
202606,405,47930,2,Waterbury-Shelton  CT ,31,31,8069,0,0,0,0,0,0,1,33,3465,7,7,2391,0,0,0,0,0,0,0,0,0
202606,406,14220,5,Bogalusa  LA ,0,0,0,0,0,0,0,0,0,0,0,0,0,0,0,0,0,0,0,0,0,0,0,0
202606,406,35380,2,New Orleans-Metairie  LA ,80,80,25383,12,24,3572,1,3,416,1,38,2396,52,52,16136,1,2,300,0,0,0,0,0,0
202606,406,38100,5,Picayune  MS ,32,32,4713,0,0,0,0,0,0,0,0,0,29,29,4144,0,0,0,0,0,0,0,0,0
202606,406,43640,2,Slidell-Mandeville-Covington  LA ,92,92,28799,1,2,560,0,0,0,0,0,0,89,89,27475,1,2,560,0,0,0,0,0,0
202606,408,14860,2,Bridgeport-Stamford-Danbury  CT ,50,50,41042,1,2,165,1,4,1246,3,118,12427,42,42,38248,1,2,165,1,4,1246,1,102,10130
202606,408,25770,5,Hemlock Farms  PA ,11,11,4509,0,0,0,0,0,0,0,0,0,7,7,2796,0,0,0,0,0,0,0,0,0
202606,408,28740,2,Kingston  NY ,29,29,12208,2,4,539,0,0,0,0,0,0,20,20,9671,1,2,344,0,0,0,0,0,0
202606,408,28880,2,Kiryas Joel-Poughkeepsie-Newburgh  NY ,74,74,33421,2,4,613,2,6,2163,10,100,22517,34,34,15614,0,0,0,1,3,2112,5,65,11781
202606,408,33910,5,Monticello  NY ,26,26,9008,0,0,0,2,6,1050,1,8,1221,13,13,4995,0,0,0,0,0,0,0,0,0
202606,408,35620,2,New York-Newark-Jersey City  NY-NJ ,693,693,287915,122,244,29634,26,82,8728,145,4380,700852,400,400,175049,94,188,21696,17,52,6608,75,3377,550871
202606,408,45940,2,Trenton-Princeton  NJ ,31,31,5948,7,14,327,0,0,0,3,15,254,28,28,5621,7,14,327,0,0,0,3,15,254
202606,412,11580,5,Arcadia  FL ,13,13,3270,0,0,0,0,0,0,0,0,0,13,13,3270,0,0,0,0,0,0,0,0,0
202606,412,35840,2,North Port-Bradenton-Sarasota  FL ,820,820,305246,1,2,250,3,12,4210,5,207,37902,818,818,304654,1,2,250,3,12,4210,5,207,37902
202606,412,39460,2,Punta Gorda  FL ,249,249,80821,0,0,0,0,0,0,0,0,0,249,249,80821,0,0,0,0,0,0,0,0,0
202606,416,36420,2,Oklahoma City  OK ,510,510,150620,14,28,2798,4,14,1881,9,96,9727,138,138,52266,0,0,0,1,3,797,0,0,0
202606,416,43060,5,Shawnee  OK ,7,7,1610,0,0,0,0,0,0,0,0,0,5,5,975,0,0,0,0,0,0,0,0,0
202606,420,23340,5,Fremont  NE ,6,6,2833,0,0,0,0,0,0,0,0,0,4,4,2100,0,0,0,0,0,0,0,0,0
202606,420,36540,2,Omaha  NE-IA ,358,358,86393,0,0,0,0,0,0,29,459,60832,285,285,64105,0,0,0,0,0,0,26,403,54710
202606,422,19660,2,Deltona-Daytona Beach-Ormond Beach  FL ,352,352,148053,9,18,4410,0,0,0,1,5,502,307,307,130688,9,18,4410,0,0,0,0,0,0
202606,422,29460,2,Lakeland-Winter Haven  FL ,519,519,143143,1,2,136,0,0,0,1,15,1381,451,451,126702,0,0,0,0,0,0,0,0,0
202606,422,36740,2,Orlando-Kissimmee-Sanford  FL ,1378,1378,449123,6,12,1688,0,0,0,13,467,87688,1307,1307,425278,6,12,1688,0,0,0,11,435,82588
202606,422,48680,2,Wildwood-The Villages  FL ,366,366,105169,0,0,0,0,0,0,1,5,1095,366,366,105169,0,0,0,0,0,0,1,5,1095
202606,424,32460,5,Mayfield  KY ,8,8,2368,0,0,0,0,0,0,0,0,0,0,0,0,0,0,0,0,0,0,0,0,0
202606,424,37140,2,Paducah  KY-IL ,10,10,3180,0,0,0,0,0,0,0,0,0,9,9,2838,0,0,0,0,0,0,0,0,0
202606,425,31930,5,Marietta  OH ,0,0,0,0,0,0,0,0,0,0,0,0,0,0,0,0,0,0,0,0,0,0,0,0
202606,425,37620,2,Parkersburg-Vienna  WV ,17,17,2326,0,0,0,0,0,0,0,0,0,16,16,2174,0,0,0,0,0,0,0,0,0
202606,427,15900,5,Canton  IL ,2,2,758,0,0,0,0,0,0,0,0,0,0,0,0,0,0,0,0,0,0,0,0,0
202606,427,37900,2,Peoria  IL ,11,11,4169,0,0,0,0,0,0,0,0,0,5,5,2015,0,0,0,0,0,0,0,0,0
202606,428,12100,2,Atlantic City-Hammonton  NJ ,95,95,43634,5,10,2609,1,4,457,1,5,623,71,71,34974,4,8,2397,0,0,0,0,0,0
202606,428,20100,2,Dover  DE ,103,103,16825,1,2,400,0,0,0,0,0,0,103,103,16825,1,2,400,0,0,0,0,0,0
202606,428,37980,2,Philadelphia-Camden-Wilmington  PA-NJ-DE-MD ,545,545,124757,4,8,748,15,50,7546,31,581,80722,361,361,73003,4,8,748,8,28,4749,15,447,58979
202606,428,39740,2,Reading  PA ,16,16,4902,1,2,100,1,4,708,3,22,2149,3,3,1250,0,0,0,0,0,0,0,0,0
202606,428,47220,2,Vineland  NJ ,8,8,1706,0,0,0,0,0,0,0,0,0,5,5,1136,0,0,0,0,0,0,0,0,0
202606,429,37740,5,Payson  AZ ,12,12,3836,0,0,0,0,0,0,0,0,0,5,5,2690,0,0,0,0,0,0,0,0,0
202606,429,38060,2,Phoenix-Mesa-Chandler  AZ ,2114,2114,762803,45,90,15455,1,3,795,41,1716,389077,1965,1965,722348,43,86,14649,1,3,795,37,1593,368048
202606,430,25850,5,Hermitage  PA ,3,3,701,0,0,0,0,0,0,0,0,0,0,0,0,0,0,0,0,0,0,0,0,0
202606,430,26860,5,Indiana  PA ,4,4,1567,0,0,0,0,0,0,0,0,0,3,3,1338,0,0,0,0,0,0,0,0,0
202606,430,38300,2,Pittsburgh  PA ,305,305,105316,1,2,207,5,20,2850,5,268,29151,203,203,74293,0,0,0,3,12,2381,0,0,0
202606,430,48260,2,Weirton-Steubenville  WV-OH ,1,1,170,0,0,0,0,0,0,0,0,0,1,1,170,0,0,0,0,0,0,0,0,0
202606,438,30340,2,Lewiston-Auburn  ME ,33,33,9741,1,2,450,0,0,0,0,0,0,18,18,5613,1,2,450,0,0,0,0,0,0
202606,438,38860,2,Portland-South Portland  ME ,197,197,70920,10,20,7309,0,0,0,6,102,11897,92,92,39276,9,18,6894,0,0,0,1,12,1230
202606,440,10540,2,Albany  OR ,15,15,7750,1,2,644,1,3,813,0,0,0,13,13,7224,0,0,0,0,0,0,0,0,0
202606,440,18700,2,Corvallis  OR ,16,16,6426,0,0,0,0,0,0,0,0,0,16,16,6426,0,0,0,0,0,0,0,0,0
202606,440,31020,2,Longview-Kelso  WA ,27,27,8190,0,0,0,1,4,850,0,0,0,22,22,6544,0,0,0,1,4,850,0,0,0
202606,440,38900,2,Portland-Vancouver-Hillsboro  OR-WA ,529,529,201171,1,2,393,0,0,0,14,610,95469,406,406,132555,0,0,0,0,0,0,11,582,91536
202606,440,41420,2,Salem  OR ,111,111,38866,1,2,563,0,0,0,20,278,56389,105,105,37263,0,0,0,0,0,0,19,273,55571
202606,444,15860,5,Cañon City  CO ,8,8,1638,0,0,0,0,0,0,0,0,0,8,8,1638,0,0,0,0,0,0,0,0,0
202606,444,39380,2,Pueblo  CO ,10,10,1388,0,0,0,0,0,0,0,0,0,10,10,1388,0,0,0,0,0,0,0,0,0
202606,446,34140,5,Moscow  ID ,10,10,3052,1,2,645,0,0,0,1,7,843,5,5,1146,0,0,0,0,0,0,0,0,0
202606,446,39420,5,Pullman  WA ,5,5,1391,0,0,0,0,0,0,0,0,0,5,5,1391,0,0,0,0,0,0,0,0,0
202606,448,25300,5,Hannibal  MO ,8,8,2864,1,2,335,0,0,0,0,0,0,5,5,1881,1,2,335,0,0,0,0,0,0
202606,448,39500,5,Quincy  IL-MO ,3,3,792,0,0,0,0,0,0,0,0,0,0,0,0,0,0,0,0,0,0,0,0,0
202606,450,11360,5,Anderson Creek  NC ,203,203,66818,1,2,249,0,0,0,0,0,0,0,0,0,0,0,0,0,0,0,0,0,0
202606,450,20500,2,Durham-Chapel Hill  NC ,323,323,155325,0,0,0,0,0,0,11,540,121348,311,311,151785,0,0,0,0,0,0,10,535,120487
202606,450,25780,5,Henderson  NC ,11,11,3391,0,0,0,0,0,0,0,0,0,0,0,0,0,0,0,0,0,0,0,0,0
202606,450,39580,2,Raleigh-Cary  NC ,1152,1152,354599,1,2,302,0,0,0,19,816,128166,1037,1037,331512,1,2,302,0,0,0,19,816,128166
202606,450,41820,5,Sanford  NC ,85,85,15299,0,0,0,0,0,0,0,0,0,85,85,15299,0,0,0,0,0,0,0,0,0
202606,452,39660,2,Rapid City  SD ,80,80,23949,0,0,0,0,0,0,1,12,1669,55,55,14214,0,0,0,0,0,0,0,0,0
202606,452,43940,5,Spearfish  SD ,18,18,8222,1,2,223,0,0,0,1,5,831,10,10,4676,0,0,0,0,0,0,0,0,0
202606,454,39780,5,Red Bluff  CA ,3,3,988,0,0,0,0,0,0,0,0,0,0,0,0,0,0,0,0,0,0,0,0,0
202606,454,39820,2,Redding  CA ,16,16,5345,0,0,0,0,0,0,0,0,0,15,15,5146,0,0,0,0,0,0,0,0,0
202606,456,16180,2,Carson City  NV ,5,5,2250,0,0,0,0,0,0,6,72,13328,5,5,2250,0,0,0,0,0,0,6,72,13328
202606,456,21980,5,Fallon  NV ,0,0,0,2,4,959,0,0,0,0,0,0,0,0,0,2,4,959,0,0,0,0,0,0
202606,456,23820,5,Gardnerville Ranchos  NV-CA ,11,11,11074,0,0,0,0,0,0,0,0,0,11,11,11074,0,0,0,0,0,0,0,0,0
202606,456,39900,2,Reno  NV ,145,145,48093,13,26,5772,1,4,831,26,372,55717,94,94,33923,13,26,5772,1,4,831,26,372,55717
202606,458,18220,5,Connersville  IN ,4,4,1698,0,0,0,0,0,0,0,0,0,4,4,1698,0,0,0,0,0,0,0,0,0
202606,458,39980,5,Richmond  IN ,6,6,2587,0,0,0,0,0,0,0,0,0,1,1,750,0,0,0,0,0,0,0,0,0
202606,462,12380,5,Austin  MN ,4,4,880,0,0,0,0,0,0,0,0,0,1,1,135,0,0,0,0,0,0,0,0,0
202606,462,40340,2,Rochester  MN ,68,68,22797,0,0,0,0,0,0,0,0,0,59,59,20080,0,0,0,0,0,0,0,0,0
202606,462,49100,5,Winona  MN ,5,5,1354,0,0,0,0,0,0,0,0,0,3,3,991,0,0,0,0,0,0,0,0,0
202606,464,12860,5,Batavia  NY ,6,6,1198,0,0,0,0,0,0,0,0,0,0,0,0,0,0,0,0,0,0,0,0,0
202606,464,40380,2,Rochester  NY ,87,87,35342,0,0,0,1,3,500,3,25,6287,55,55,26221,0,0,0,0,0,0,1,10,1300
202606,464,42900,5,Seneca Falls  NY ,4,4,718,0,0,0,0,0,0,0,0,0,4,4,718,0,0,0,0,0,0,0,0,0
202606,466,23300,5,Freeport  IL ,2,2,710,0,0,0,0,0,0,0,0,0,0,0,0,0,0,0,0,0,0,0,0,0
202606,466,40300,5,Rochelle  IL ,10,10,2768,0,0,0,0,0,0,0,0,0,5,5,1400,0,0,0,0,0,0,0,0,0
202606,466,40420,2,Rockford  IL ,43,43,13658,0,0,0,0,0,0,0,0,0,41,41,13077,0,0,0,0,0,0,0,0,0
202606,468,40260,5,Roanoke Rapids  NC ,10,10,3614,0,0,0,0,0,0,0,0,0,5,5,1541,0,0,0,0,0,0,0,0,0
202606,468,40580,2,Rocky Mount  NC ,50,50,10583,1,2,167,0,0,0,0,0,0,6,6,1827,1,2,167,0,0,0,0,0,0
202606,468,48980,5,Wilson  NC ,37,37,8021,1,2,34,0,0,0,0,0,0,37,37,8021,1,2,34,0,0,0,0,0,0
202606,472,40900,2,Sacramento-Roseville-Folsom  CA ,818,818,270508,15,30,4533,0,0,0,16,290,47462,813,813,269118,15,30,4533,0,0,0,15,283,46262
202606,472,46020,5,Truckee-Grass Valley  CA ,28,28,15704,0,0,0,0,0,0,0,0,0,23,23,14122,0,0,0,0,0,0,0,0,0
202606,472,49700,2,Yuba City  CA ,65,65,25233,1,2,275,0,0,0,0,0,0,65,65,25233,1,2,275,0,0,0,0,0,0
202606,474,13020,2,Bay City  MI ,2,2,622,0,0,0,0,0,0,0,0,0,0,0,0,0,0,0,0,0,0,0,0,0
202606,474,33220,2,Midland  MI ,2,2,923,3,6,888,0,0,0,0,0,0,0,0,0,3,6,888,0,0,0,0,0,0
202606,474,40980,2,Saginaw  MI ,10,10,2598,0,0,0,0,0,0,0,0,0,0,0,0,0,0,0,0,0,0,0,0,0
202606,476,16460,5,Centralia  IL ,0,0,0,0,0,0,0,0,0,0,0,0,0,0,0,0,0,0,0,0,0,0,0,0
202606,476,22100,5,Farmington  MO ,7,7,2351,1,2,371,1,3,512,0,0,0,2,2,825,0,0,0,0,0,0,0,0,0
202606,476,41180,2,St. Louis  MO-IL ,336,336,134761,10,20,3062,1,3,300,19,364,67257,217,217,84338,4,8,1111,0,0,0,9,235,47033
202606,480,36180,5,Ocean Pines  MD ,13,13,4623,1,2,651,0,0,0,0,0,0,13,13,4623,1,2,651,0,0,0,0,0,0
202606,480,41540,2,Salisbury  MD ,12,12,2334,0,0,0,0,0,0,0,0,0,12,12,2334,0,0,0,0,0,0,0,0,0
202606,482,14940,5,Brigham City  UT-ID ,34,34,11988,0,0,0,0,0,0,0,0,0,28,28,9965,0,0,0,0,0,0,0,0,0
202606,482,25720,5,Heber  UT ,83,83,75332,0,0,0,0,0,0,0,0,0,71,71,66848,0,0,0,0,0,0,0,0,0
202606,482,36260,2,Ogden  UT ,155,155,63321,0,0,0,6,24,3628,10,256,41852,121,121,53121,0,0,0,6,24,3628,8,187,32478
202606,482,39340,2,Provo-Orem-Lehi  UT ,403,403,117642,0,0,0,0,0,0,2,15,2329,396,396,111722,0,0,0,0,0,0,2,15,2329
202606,482,41620,2,Salt Lake City-Murray  UT ,236,236,89780,1,2,384,0,0,0,6,54,12529,195,195,71774,0,0,0,0,0,0,3,17,4096
202606,484,23240,5,Fredericksburg  TX ,5,5,1058,0,0,0,0,0,0,0,0,0,0,0,0,0,0,0,0,0,0,0,0,0
202606,484,28500,5,Kerrville  TX ,9,9,2646,0,0,0,0,0,0,1,5,905,0,0,0,0,0,0,0,0,0,0,0,0
202606,484,41700,2,San Antonio-New Braunfels  TX ,889,889,143048,0,0,0,0,0,0,20,279,88408,737,737,107057,0,0,0,0,0,0,19,273,87671
202606,488,32900,2,Merced  CA ,37,37,12059,0,0,0,0,0,0,0,0,0,13,13,4383,0,0,0,0,0,0,0,0,0
202606,488,33700,2,Modesto  CA ,96,96,21870,0,0,0,0,0,0,0,0,0,75,75,18606,0,0,0,0,0,0,0,0,0
202606,488,34900,2,Napa  CA ,25,25,15269,0,0,0,0,0,0,1,8,1526,16,16,12760,0,0,0,0,0,0,0,0,0
202606,488,41860,2,San Francisco-Oakland-Fremont  CA ,348,348,145122,9,18,5585,1,3,110,18,597,186170,291,291,123426,6,12,2980,1,3,110,11,522,171105
202606,488,41940,2,San Jose-Sunnyvale-Santa Clara  CA ,207,207,76638,1,2,277,0,0,0,9,267,48958,187,187,64348,0,0,0,0,0,0,9,267,48958
202606,488,42100,2,Santa Cruz-Watsonville  CA ,12,12,3669,0,0,0,0,0,0,0,0,0,2,2,847,0,0,0,0,0,0,0,0,0
202606,488,44700,2,Stockton-Lodi  CA ,271,271,122795,0,0,0,0,0,0,0,0,0,243,243,115133,0,0,0,0,0,0,0,0,0
202606,488,46700,2,Vallejo  CA ,97,97,35281,0,0,0,0,0,0,0,0,0,97,97,35281,0,0,0,0,0,0,0,0,0
202606,496,25980,2,Hinesville  GA ,68,68,18543,0,0,0,0,0,0,1,12,2216,42,42,12361,0,0,0,0,0,0,1,12,2216
202606,496,27700,5,Jesup  GA ,6,6,1414,0,0,0,0,0,0,0,0,0,4,4,1005,0,0,0,0,0,0,0,0,0
202606,496,42340,2,Savannah  GA ,182,182,53317,1,2,211,0,0,0,21,535,60303,119,119,35589,0,0,0,0,0,0,19,480,53234
202606,496,44340,5,Statesboro  GA ,56,56,13524,9,18,2275,1,3,218,0,0,0,11,11,1854,1,2,325,0,0,0,0,0,0
202606,500,14740,2,Bremerton-Silverdale-Port Orchard  WA ,74,74,31238,0,0,0,0,0,0,2,24,3786,74,74,31238,0,0,0,0,0,0,2,24,3786
202606,500,16500,5,Centralia  WA ,29,29,6986,0,0,0,1,4,300,0,0,0,29,29,6986,0,0,0,1,4,300,0,0,0
202606,500,34580,2,Mount Vernon-Anacortes  WA ,27,27,8791,0,0,0,0,0,0,1,20,1867,27,27,8791,0,0,0,0,0,0,0,0,0
202606,500,36020,5,Oak Harbor  WA ,17,17,6293,0,0,0,0,0,0,0,0,0,4,4,1743,0,0,0,0,0,0,0,0,0
202606,500,36500,2,Olympia-Lacey-Tumwater  WA ,101,101,37288,0,0,0,0,0,0,5,185,27907,92,92,35213,0,0,0,0,0,0,4,167,26756
202606,500,42660,2,Seattle-Tacoma-Bellevue  WA ,586,586,233301,39,78,19783,9,31,6082,24,1252,185485,525,525,207519,39,78,19783,9,31,6082,19,1135,167309
202606,500,43220,5,Shelton  WA ,12,12,4895,0,0,0,0,0,0,0,0,0,12,12,4895,0,0,0,0,0,0,0,0,0
202606,508,33380,5,Minden  LA ,3,3,667,0,0,0,0,0,0,0,0,0,1,1,115,0,0,0,0,0,0,0,0,0
202606,508,43340,2,Shreveport-Bossier City  LA ,113,113,25769,0,0,0,0,0,0,0,0,0,101,101,22031,0,0,0,0,0,0,0,0,0
202606,512,30180,5,Le Mars  IA ,5,5,2964,0,0,0,0,0,0,0,0,0,3,3,2200,0,0,0,0,0,0,0,0,0
202606,512,43580,2,Sioux City  IA-NE-SD ,19,19,7665,0,0,0,1,3,255,1,34,4141,12,12,4290,0,0,0,0,0,0,0,0,0
202606,515,21140,2,Elkhart-Goshen  IN ,30,30,11270,0,0,0,0,0,0,1,6,1486,29,29,10984,0,0,0,0,0,0,1,6,1486
202606,515,35660,2,Niles  MI ,26,26,12081,5,10,2746,0,0,0,0,0,0,17,17,8715,4,8,2246,0,0,0,0,0,0
202606,515,38500,5,Plymouth  IN ,20,20,8479,10,20,1592,0,0,0,0,0,0,17,17,7233,10,20,1592,0,0,0,0,0,0
202606,515,43780,2,South Bend-Mishawaka  IN-MI ,47,47,19950,3,6,1175,0,0,0,0,0,0,39,39,15231,3,6,1175,0,0,0,0,0,0
202606,515,47700,5,Warsaw  IN ,33,33,11218,1,2,332,0,0,0,0,0,0,7,7,814,0,0,0,0,0,0,0,0,0
202606,517,43980,5,Spencer  IA ,3,3,1614,0,0,0,0,0,0,0,0,0,2,2,1262,0,0,0,0,0,0,0,0,0
202606,517,44020,5,Spirit Lake  IA ,10,10,5845,0,0,0,0,0,0,0,0,0,9,9,5100,0,0,0,0,0,0,0,0,0
202606,518,17660,2,Coeur dAlene  ID ,109,109,48211,1,2,384,0,0,0,3,35,3593,90,90,43367,0,0,0,0,0,0,2,24,2400
202606,518,44060,2,Spokane-Spokane Valley  WA ,156,156,53873,4,8,1946,1,4,892,2,46,3988,90,90,36905,3,6,1591,1,4,892,0,0,0
202606,521,11200,2,Amherst Town-Northampton  MA ,8,8,3119,0,0,0,0,0,0,2,24,2183,2,2,1000,0,0,0,0,0,0,0,0,0
202606,521,24640,5,Greenfield  MA ,7,7,2077,1,2,250,0,0,0,0,0,0,3,3,354,1,2,250,0,0,0,0,0,0
202606,521,44140,2,Springfield  MA ,36,36,11075,1,2,243,0,0,0,1,5,417,4,4,1394,0,0,0,0,0,0,0,0,0
202606,522,27300,5,Jacksonville  IL ,1,1,69,1,2,349,0,0,0,0,0,0,0,0,0,0,0,0,0,0,0,0,0,0
202606,522,30660,5,Lincoln  IL ,0,0,0,0,0,0,0,0,0,1,5,868,0,0,0,0,0,0,0,0,0,0,0,0
202606,522,44100,2,Springfield  IL ,13,13,6006,1,2,349,0,0,0,0,0,0,10,10,4908,0,0,0,0,0,0,0,0,0
202606,522,45380,5,Taylorville  IL ,7,7,2452,0,0,0,0,0,0,0,0,0,0,0,0,0,0,0,0,0,0,0,0,0
202606,523,18060,5,Columbus  MS ,11,11,1083,1,2,199,0,0,0,0,0,0,0,0,0,1,2,199,0,0,0,0,0,0
202606,523,44260,5,Starkville  MS ,6,6,2379,0,0,0,0,0,0,0,0,0,0,0,0,0,0,0,0,0,0,0,0,0
202606,524,20180,5,DuBois  PA ,6,6,1640,1,2,189,0,0,0,0,0,0,0,0,0,0,0,0,0,0,0,0,0,0
202606,524,44300,2,State College  PA ,25,25,8921,2,4,837,0,0,0,1,167,44185,20,20,7703,2,4,837,0,0,0,1,167,44185
202606,532,12180,5,Auburn  NY ,9,9,2602,0,0,0,0,0,0,0,0,0,0,0,0,0,0,0,0,0,0,0,0,0
202606,532,45060,2,Syracuse  NY ,49,49,16510,0,0,0,0,0,0,2,154,7686,33,33,11497,0,0,0,0,0,0,0,0,0
202606,533,12460,5,Bainbridge  GA ,6,6,1187,0,0,0,0,0,0,1,7,642,0,0,0,0,0,0,0,0,0,0,0,0
202606,533,45220,2,Tallahassee  FL ,113,113,23979,1,2,279,0,0,0,2,77,16488,55,55,11114,0,0,0,0,0,0,0,0,0
202606,536,35700,5,Nogales  AZ ,42,42,14050,0,0,0,0,0,0,0,0,0,42,42,14050,0,0,0,0,0,0,0,0,0
202606,536,46060,2,Tucson  AZ ,377,377,144430,4,8,1074,0,0,0,3,52,7804,308,308,126840,2,4,598,0,0,0,0,0,0
202606,538,12780,5,Bartlesville  OK ,0,0,0,0,0,0,0,0,0,0,0,0,0,0,0,0,0,0,0,0,0,0,0,0
202606,538,34780,5,Muskogee  OK ,4,4,856,0,0,0,0,0,0,0,0,0,3,3,560,0,0,0,0,0,0,0,0,0
202606,538,46140,2,Tulsa  OK ,232,232,62876,0,0,0,6,22,93,17,493,30820,221,221,60216,0,0,0,6,22,93,15,480,29820
202606,539,18420,5,Corinth  MS ,2,2,576,0,0,0,0,0,0,0,0,0,0,0,0,0,0,0,0,0,0,0,0,0
202606,539,46180,5,Tupelo  MS ,18,18,5785,1,2,400,0,0,0,0,0,0,3,3,790,0,0,0,0,0,0,0,0,0
202606,540,27380,5,Jacksonville  TX ,3,3,888,0,0,0,0,0,0,0,0,0,0,0,0,0,0,0,0,0,0,0,0,0
202606,540,46340,2,Tyler  TX ,71,71,21937,1,2,302,0,0,0,0,0,0,61,61,18997,1,2,302,0,0,0,0,0,0
202606,542,32280,5,Martin  TN ,2,2,297,0,0,0,0,0,0,0,0,0,0,0,0,0,0,0,0,0,0,0,0,0
202606,542,46460,5,Union City  TN ,2,2,786,0,0,0,0,0,0,0,0,0,2,2,786,0,0,0,0,0,0,0,0,0
202606,544,38920,5,Port Lavaca  TX ,14,14,5071,0,0,0,0,0,0,0,0,0,13,13,4827,0,0,0,0,0,0,0,0,0
202606,544,47020,2,Victoria  TX ,0,0,0,0,0,0,0,0,0,0,0,0,0,0,0,0,0,0,0,0,0,0,0,0
202606,545,21020,5,Elizabeth City  NC ,26,26,6401,0,0,0,0,0,0,0,0,0,9,9,3780,0,0,0,0,0,0,0,0,0
202606,545,28620,5,Kill Devil Hills  NC ,30,30,18733,0,0,0,0,0,0,0,0,0,4,4,4948,0,0,0,0,0,0,0,0,0
202606,545,47260,2,Virginia Beach-Chesapeake-Norfolk  VA-NC ,284,284,82024,0,0,0,0,0,0,0,0,0,283,283,81839,0,0,0,0,0,0,0,0,0
202606,548,12580,2,Baltimore-Columbia-Towson  MD ,343,343,94019,0,0,0,0,0,0,3,64,18772,338,338,92049,0,0,0,0,0,0,1,24,2460
202606,548,15700,5,Cambridge  MD ,10,10,2137,0,0,0,0,0,0,0,0,0,6,6,1271,0,0,0,0,0,0,0,0,0
202606,548,16540,2,Chambersburg  PA ,55,55,20392,0,0,0,1,4,1000,1,6,525,32,32,12690,0,0,0,1,4,1000,0,0,0
202606,548,20660,5,Easton  MD ,26,26,9469,0,0,0,0,0,0,0,0,0,22,22,6686,0,0,0,0,0,0,0,0,0
202606,548,25180,2,Hagerstown-Martinsburg  MD-WV ,118,118,30529,0,0,0,0,0,0,0,0,0,114,114,30126,0,0,0,0,0,0,0,0,0
202606,548,29470,5,Lake of the Woods  VA ,27,27,5800,0,0,0,0,0,0,0,0,0,27,27,5800,0,0,0,0,0,0,0,0,0
202606,548,30500,2,Lexington Park  MD ,45,45,13599,0,0,0,0,0,0,4,20,6000,45,45,13599,0,0,0,0,0,0,4,20,6000
202606,548,47900,2,Washington-Arlington-Alexandria  DC-VA-MD-WV ,1152,1152,278917,6,12,1955,0,0,0,14,1834,297111,1152,1152,278917,6,12,1955,0,0,0,14,1834,297111
202606,548,49020,2,Winchester  VA-WV ,75,75,19728,0,0,0,0,0,0,0,0,0,75,75,19728,0,0,0,0,0,0,0,0,0
202606,554,44620,5,Stevens Point-Plover  WI ,22,22,7021,1,2,382,0,0,0,0,0,0,21,21,6704,1,2,382,0,0,0,0,0,0
202606,554,48140,2,Wausau  WI ,23,23,7324,0,0,0,0,0,0,1,5,635,14,14,4094,0,0,0,0,0,0,0,0,0
202606,554,49220,5,Wisconsin Rapids-Marshfield  WI ,11,11,3471,1,2,280,0,0,0,0,0,0,0,0,0,0,0,0,0,0,0,0,0,0
202606,555,21120,5,Elk City  OK ,0,0,0,0,0,0,0,0,0,0,0,0,0,0,0,0,0,0,0,0,0,0,0,0
202606,555,48220,5,Weatherford  OK ,6,6,2000,0,0,0,0,0,0,0,0,0,5,5,1875,0,0,0,0,0,0,0,0,0
202606,556,11680,5,Arkansas City-Winfield  KS ,2,2,283,0,0,0,0,0,0,0,0,0,0,0,0,0,0,0,0,0,0,0,0,0
202606,556,48620,2,Wichita  KS ,133,133,42049,57,114,16872,1,3,300,25,267,43732,107,107,33496,44,88,13371,0,0,0,25,267,43732
202606,558,30820,5,Lock Haven  PA ,2,2,1023,0,0,0,0,0,0,0,0,0,1,1,689,0,0,0,0,0,0,0,0,0
202606,558,48700,2,Williamsport  PA ,8,8,2894,0,0,0,0,0,0,0,0,0,0,0,0,0,0,0,0,0,0,0,0,0
202606,566,41400,5,Salem  OH ,2,2,713,0,0,0,0,0,0,0,0,0,0,0,0,0,0,0,0,0,0,0,0,0
202606,566,49660,2,Youngstown-Warren  OH ,42,42,14344,0,0,0,0,0,0,0,0,0,41,41,13788,0,0,0,0,0,0,0,0,0
202606,999,10100,5,Aberdeen  SD ,5,5,785,0,0,0,0,0,0,0,0,0,5,5,785,0,0,0,0,0,0,0,0,0
202606,999,10140,5,Aberdeen  WA ,16,16,5443,0,0,0,0,0,0,0,0,0,14,14,4728,0,0,0,0,0,0,0,0,0
202606,999,10220,5,Ada  OK ,3,3,381,2,4,496,0,0,0,0,0,0,3,3,381,2,4,496,0,0,0,0,0,0
202606,999,10460,5,Alamogordo  NM ,0,0,0,0,0,0,0,0,0,0,0,0,0,0,0,0,0,0,0,0,0,0,0,0
202606,999,10480,5,Alamosa  CO ,16,16,4426,0,0,0,0,0,0,0,0,0,2,2,662,0,0,0,0,0,0,0,0,0
202606,999,10500,4,Albany  GA ,216,216,75073,3,6,711,0,0,0,1,5,708,213,213,74418,3,6,711,0,0,0,0,0,0
202606,999,10660,5,Albert Lea  MN ,2,2,560,0,0,0,0,0,0,0,0,0,2,2,560,0,0,0,0,0,0,0,0,0
202606,999,10780,4,Alexandria  LA ,18,18,4347,1,2,145,0,0,0,0,0,0,2,2,515,0,0,0,0,0,0,0,0,0
202606,999,10820,5,Alexandria  MN ,17,17,6298,0,0,0,0,0,0,2,24,3940,14,14,4786,0,0,0,0,0,0,0,0,0
202606,999,10980,5,Alpena  MI ,6,6,1824,0,0,0,0,0,0,0,0,0,3,3,925,0,0,0,0,0,0,0,0,0
202606,999,11060,5,Altus  OK ,0,0,0,0,0,0,0,0,0,0,0,0,0,0,0,0,0,0,0,0,0,0,0,0
202606,999,11140,5,Americus  GA ,3,3,808,0,0,0,0,0,0,0,0,0,0,0,0,0,0,0,0,0,0,0,0,0
202606,999,11260,4,Anchorage  AK ,19,19,9734,2,4,994,0,0,0,1,5,1038,5,5,1455,1,2,388,0,0,0,0,0,0
202606,999,11500,4,Anniston-Oxford  AL ,8,8,1521,2,4,460,0,0,0,0,0,0,7,7,1229,2,4,460,0,0,0,0,0,0
202606,999,11620,5,Ardmore  OK ,4,4,680,11,22,307,0,0,0,0,0,0,4,4,680,11,22,307,0,0,0,0,0,0
202606,999,11660,5,Arkadelphia  AR ,0,0,0,0,0,0,0,0,0,0,0,0,0,0,0,0,0,0,0,0,0,0,0,0
202606,999,11820,5,Astoria  OR ,3,3,1807,0,0,0,0,0,0,1,6,991,3,3,1807,0,0,0,0,0,0,1,6,991
202606,999,12260,4,Augusta-Richmond County  GA-SC ,369,369,111310,0,0,0,0,0,0,1,6,1406,146,146,50201,0,0,0,0,0,0,0,0,0
202606,999,12300,5,Augusta-Waterville  ME ,47,47,12409,1,2,200,0,0,0,3,19,2921,2,2,674,0,0,0,0,0,0,0,0,0
202606,999,12420,4,Austin-Round Rock-San Marcos  TX ,1451,1451,329750,11,22,3463,0,0,0,4,66,15949,1061,1061,227598,2,4,337,0,0,0,3,26,10283
202606,999,12520,5,Baker City  OR ,5,5,1173,1,2,425,0,0,0,0,0,0,5,5,1173,1,2,425,0,0,0,0,0,0
202606,999,12540,4,Bakersfield-Delano  CA ,277,277,62815,11,22,3036,1,3,158,3,15,1831,20,20,4569,0,0,0,0,0,0,0,0,0
202606,999,12620,4,Bangor  ME ,43,43,11575,3,6,729,1,3,362,6,35,5339,9,9,3058,2,4,549,0,0,0,4,23,3910
202606,999,12900,5,Batesville  AR ,0,0,0,0,0,0,0,0,0,0,0,0,0,0,0,0,0,0,0,0,0,0,0,0
202606,999,13140,4,Beaumont-Port Arthur  TX ,68,68,18535,1,2,221,0,0,0,1,5,511,58,58,15692,0,0,0,0,0,0,0,0,0
202606,999,13220,4,Beckley  WV ,12,12,3355,0,0,0,0,0,0,0,0,0,11,11,2981,0,0,0,0,0,0,0,0,0
202606,999,13300,5,Beeville  TX ,1,1,296,0,0,0,0,0,0,0,0,0,0,0,0,0,0,0,0,0,0,0,0,0
202606,999,13380,4,Bellingham  WA ,61,61,19403,0,0,0,0,0,0,1,8,792,31,31,8946,0,0,0,0,0,0,0,0,0
202606,999,13420,5,Bemidji  MN ,8,8,1758,0,0,0,0,0,0,3,15,422,3,3,796,0,0,0,0,0,0,0,0,0
202606,999,13460,4,Bend  OR ,176,176,55199,2,4,717,0,0,0,1,9,902,176,176,55199,2,4,717,0,0,0,1,9,902
202606,999,13540,5,Bennington  VT ,5,5,1857,0,0,0,0,0,0,0,0,0,3,3,709,0,0,0,0,0,0,0,0,0
202606,999,13700,5,Big Spring  TX ,3,3,300,0,0,0,0,0,0,0,0,0,3,3,300,0,0,0,0,0,0,0,0,0
202606,999,13740,4,Billings  MT ,44,44,16953,0,0,0,0,0,0,1,8,1800,43,43,16766,0,0,0,0,0,0,1,8,1800
202606,999,13780,4,Binghamton  NY ,16,16,3894,0,0,0,0,0,0,5,42,5156,5,5,1264,0,0,0,0,0,0,0,0,0
202606,999,13860,5,Bishop  CA ,1,1,335,0,0,0,0,0,0,0,0,0,0,0,0,0,0,0,0,0,0,0,0,0
202606,999,13900,4,Bismarck  ND ,29,29,11304,1,2,525,0,0,0,0,0,0,24,24,9554,1,2,525,0,0,0,0,0,0
202606,999,13980,4,Blacksburg-Christiansburg-Radford  VA ,52,52,14646,0,0,0,0,0,0,0,0,0,31,31,8208,0,0,0,0,0,0,0,0,0
202606,999,14140,5,Bluefield  WV-VA ,0,0,0,0,0,0,0,0,0,0,0,0,0,0,0,0,0,0,0,0,0,0,0,0
202606,999,14180,5,Blytheville  AR ,5,5,857,0,0,0,0,0,0,0,0,0,0,0,0,0,0,0,0,0,0,0,0,0
202606,999,14380,5,Boone  NC ,24,24,14170,0,0,0,0,0,0,0,0,0,19,19,11951,0,0,0,0,0,0,0,0,0
202606,999,14580,4,Bozeman  MT ,100,100,23665,3,6,1153,2,6,1042,2,41,4330,59,59,17236,1,2,388,0,0,0,0,0,0
202606,999,14620,5,Bradford  PA ,1,1,311,0,0,0,0,0,0,0,0,0,0,0,0,0,0,0,0,0,0,0,0,0
202606,999,14660,5,Brainerd  MN ,84,84,29535,1,2,140,1,3,475,0,0,0,67,67,23826,1,2,140,0,0,0,0,0,0
202606,999,14700,5,Branson  MO ,81,81,27482,0,0,0,0,0,0,0,0,0,13,13,4268,0,0,0,0,0,0,0,0,0
202606,999,14720,5,Breckenridge  CO ,29,29,12359,0,0,0,0,0,0,2,10,3554,19,19,7763,0,0,0,0,0,0,0,0,0
202606,999,15100,5,Brookings  SD ,13,13,4653,0,0,0,0,0,0,0,0,0,12,12,4371,0,0,0,0,0,0,0,0,0
202606,999,15220,5,Brownwood  TX ,11,11,2907,0,0,0,0,0,0,0,0,0,1,1,160,0,0,0,0,0,0,0,0,0
202606,999,15260,4,Brunswick-St.Simons  GA ,59,59,23331,1,2,44,0,0,0,0,0,0,3,3,600,0,0,0,0,0,0,0,0,0
202606,999,15420,5,Burley  ID ,9,9,2749,0,0,0,0,0,0,0,0,0,7,7,2085,0,0,0,0,0,0,0,0,0
202606,999,15580,5,Butte-Silver Bow  MT ,7,7,668,0,0,0,1,3,424,0,0,0,0,0,0,0,0,0,0,0,0,0,0,0
202606,999,15620,5,Cadillac  MI ,8,8,1692,0,0,0,0,0,0,2,10,2215,4,4,727,0,0,0,0,0,0,0,0,0
202606,999,15780,5,Camden  AR ,1,1,175,0,0,0,0,0,0,0,0,0,0,0,0,0,0,0,0,0,0,0,0,0
202606,999,15820,5,Campbellsville  KY ,1,1,317,0,0,0,0,0,0,0,0,0,0,0,0,0,0,0,0,0,0,0,0,0
202606,999,16100,5,Carlsbad-Artesia  NM ,9,9,2770,2,4,310,0,0,0,0,0,0,9,9,2770,2,4,310,0,0,0,0,0,0
202606,999,16140,5,Carroll  IA ,1,1,250,0,0,0,0,0,0,0,0,0,0,0,0,0,0,0,0,0,0,0,0,0
202606,999,16220,4,Casper  WY ,14,14,5785,0,0,0,0,0,0,0,0,0,14,14,5785,0,0,0,0,0,0,0,0,0
202606,999,16260,5,Cedar City  UT ,55,55,15275,0,0,0,0,0,0,0,0,0,55,55,15275,0,0,0,0,0,0,0,0,0
202606,999,16660,5,Charleston-Mattoon  IL ,1,1,307,0,0,0,0,0,0,0,0,0,0,0,0,0,0,0,0,0,0,0,0,0
202606,999,16700,4,Charleston-North Charleston  SC ,627,627,248230,1,2,178,4,12,432,10,163,16948,385,385,190020,0,0,0,0,0,0,0,0,0
202606,999,16820,4,Charlottesville  VA ,97,97,35216,1,2,300,1,4,800,2,19,2346,40,40,13678,1,2,300,1,4,800,0,0,0
202606,999,16940,4,Cheyenne  WY ,36,36,9520,0,0,0,1,3,318,1,15,2854,22,22,5712,0,0,0,0,0,0,0,0,0
202606,999,17020,4,Chico  CA ,62,62,12605,1,2,189,0,0,0,1,11,700,7,7,1707,0,0,0,0,0,0,0,0,0
202606,999,17300,4,Clarksville  TN-KY ,131,131,28533,1,2,246,3,11,1860,10,68,8610,121,121,27085,0,0,0,2,8,1690,9,63,8210
202606,999,17340,5,Clearlake  CA ,5,5,1191,0,0,0,0,0,0,1,5,564,0,0,0,0,0,0,0,0,0,0,0,0
202606,999,17380,5,Cleveland  MS ,2,2,946,0,0,0,0,0,0,0,0,0,2,2,946,0,0,0,0,0,0,0,0,0
202606,999,17580,5,Clovis  NM ,4,4,2001,0,0,0,0,0,0,0,0,0,4,4,2001,0,0,0,0,0,0,0,0,0
202606,999,17650,5,Cody  WY ,14,14,3822,0,0,0,0,0,0,0,0,0,4,4,625,0,0,0,0,0,0,0,0,0
202606,999,17740,5,Coldwater  MI ,4,4,1192,0,0,0,0,0,0,0,0,0,0,0,0,0,0,0,0,0,0,0,0,0
202606,999,17780,4,College Station-Bryan  TX ,116,116,36087,13,26,1086,0,0,0,0,0,0,113,113,35199,13,26,1086,0,0,0,0,0,0
202606,999,17820,4,Colorado Springs  CO ,366,366,192996,16,32,8256,0,0,0,0,0,0,358,358,190963,16,32,8256,0,0,0,0,0,0
202606,999,18100,5,Columbus  NE ,5,5,2174,0,0,0,0,0,0,0,0,0,3,3,1166,0,0,0,0,0,0,0,0,0
202606,999,18260,5,Cookeville  TN ,52,52,12924,0,0,0,2,6,436,0,0,0,50,50,12633,0,0,0,2,6,436,0,0,0
202606,999,18300,5,Coos Bay-North Bend  OR ,12,12,5423,0,0,0,0,0,0,0,0,0,12,12,5423,0,0,0,0,0,0,0,0,0
202606,999,18380,5,Cordele  GA ,5,5,2448,0,0,0,0,0,0,0,0,0,5,5,2448,0,0,0,0,0,0,0,0,0
202606,999,18880,4,Crestview-Fort Walton Beach-Destin  FL ,289,289,132510,0,0,0,0,0,0,0,0,0,282,282,129461,0,0,0,0,0,0,0,0,0
202606,999,18900,5,Crossville  TN ,9,9,2973,0,0,0,0,0,0,0,0,0,9,9,2973,0,0,0,0,0,0,0,0,0
202606,999,19060,5,Cumberland  MD-WV ,5,5,1562,0,0,0,0,0,0,0,0,0,4,4,1368,0,0,0,0,0,0,0,0,0
202606,999,19220,5,Danville  KY ,13,13,3148,0,0,0,0,0,0,0,0,0,5,5,1814,0,0,0,0,0,0,0,0,0
202606,999,19260,5,Danville  VA ,7,7,1700,0,0,0,0,0,0,0,0,0,0,0,0,0,0,0,0,0,0,0,0,0
202606,999,19500,4,Decatur  IL ,2,2,774,0,0,0,0,0,0,0,0,0,1,1,346,0,0,0,0,0,0,0,0,0
202606,999,19580,5,Defiance  OH ,10,10,3309,0,0,0,0,0,0,0,0,0,5,5,1502,0,0,0,0,0,0,0,0,0
202606,999,19620,5,Del Rio  TX ,6,6,1417,0,0,0,0,0,0,0,0,0,0,0,0,0,0,0,0,0,0,0,0,0
202606,999,19810,5,Detroit Lakes  MN ,23,23,8361,2,4,750,0,0,0,1,6,1250,20,20,7456,1,2,500,0,0,0,0,0,0
202606,999,19860,5,Dickinson  ND ,6,6,3481,0,0,0,0,0,0,0,0,0,5,5,3299,0,0,0,0,0,0,0,0,0
202606,999,19980,5,Dodge City  KS ,2,2,574,0,0,0,0,0,0,0,0,0,1,1,185,0,0,0,0,0,0,0,0,0
202606,999,20060,5,Douglas  GA ,9,9,1705,0,0,0,0,0,0,0,0,0,0,0,0,0,0,0,0,0,0,0,0,0
202606,999,20140,5,Dublin  GA ,0,0,0,0,0,0,0,0,0,0,0,0,0,0,0,0,0,0,0,0,0,0,0,0
202606,999,20220,4,Dubuque  IA ,14,14,7190,0,0,0,0,0,0,1,102,9544,12,12,6307,0,0,0,0,0,0,1,102,9544
202606,999,20300,5,Dumas  TX ,2,2,349,0,0,0,0,0,0,0,0,0,0,0,0,0,0,0,0,0,0,0,0,0
202606,999,20420,5,Durango  CO ,10,10,6480,0,0,0,0,0,0,0,0,0,9,9,6184,0,0,0,0,0,0,0,0,0
202606,999,20540,5,Dyersburg  TN ,11,11,2201,1,2,130,0,0,0,0,0,0,11,11,2201,1,2,130,0,0,0,0,0,0
202606,999,20580,4,Eagle Pass  TX ,6,6,1977,1,2,395,0,0,0,0,0,0,0,0,0,0,0,0,0,0,0,0,0,0
202606,999,20820,5,Effingham  IL ,2,2,1025,0,0,0,0,0,0,1,5,475,0,0,0,0,0,0,0,0,0,0,0,0
202606,999,20940,4,El Centro  CA ,31,31,6376,1,2,92,0,0,0,0,0,0,20,20,5624,0,0,0,0,0,0,0,0,0
202606,999,20980,5,El Dorado  AR ,1,1,175,0,0,0,0,0,0,0,0,0,0,0,0,0,0,0,0,0,0,0,0,0
202606,999,21180,5,Elkins  WV ,0,0,0,0,0,0,0,0,0,0,0,0,0,0,0,0,0,0,0,0,0,0,0,0
202606,999,21220,5,Elko  NV ,16,16,4405,0,0,0,0,0,0,1,11,1204,16,16,4405,0,0,0,0,0,0,1,11,1204
202606,999,21260,5,Ellensburg  WA ,25,25,10413,0,0,0,0,0,0,1,5,1914,9,9,2796,0,0,0,0,0,0,1,5,1914
202606,999,21380,5,Emporia  KS ,3,3,629,0,0,0,0,0,0,0,0,0,0,0,0,0,0,0,0,0,0,0,0,0
202606,999,21420,4,Enid  OK ,0,0,0,0,0,0,0,0,0,0,0,0,0,0,0,0,0,0,0,0,0,0,0,0
202606,999,21540,5,Escanaba  MI ,5,5,1323,0,0,0,0,0,0,0,0,0,0,0,0,0,0,0,0,0,0,0,0,0
202606,999,21640,5,Eufaula  AL-GA ,3,3,319,0,0,0,0,0,0,0,0,0,0,0,0,0,0,0,0,0,0,0,0,0
202606,999,21660,4,Eugene-Springfield  OR ,36,36,11931,0,0,0,0,0,0,0,0,0,14,14,6118,0,0,0,0,0,0,0,0,0
202606,999,21700,5,Eureka-Arcata  CA ,14,14,3640,0,0,0,1,3,442,0,0,0,13,13,3496,0,0,0,0,0,0,0,0,0
202606,999,21740,5,Evanston  WY-UT ,12,12,3862,0,0,0,1,3,1050,0,0,0,7,7,1530,0,0,0,0,0,0,0,0,0
202606,999,21820,4,Fairbanks-College  AK ,2,2,994,0,0,0,0,0,0,0,0,0,2,2,994,0,0,0,0,0,0,0,0,0
202606,999,21860,5,Fairmont  MN ,1,1,319,0,0,0,0,0,0,0,0,0,0,0,0,0,0,0,0,0,0,0,0,0
202606,999,22140,4,Farmington  NM ,5,5,1092,0,0,0,0,0,0,0,0,0,5,5,1092,0,0,0,0,0,0,0,0,0
202606,999,22220,4,Fayetteville-Springdale-Rogers  AR ,437,437,147030,2,4,538,0,0,0,11,163,22982,335,335,113222,0,0,0,0,0,0,6,120,19765
202606,999,22260,5,Fergus Falls  MN ,8,8,2634,0,0,0,0,0,0,1,12,550,6,6,1890,0,0,0,0,0,0,1,12,550
202606,999,22340,5,Fitzgerald  GA ,1,1,134,0,0,0,0,0,0,0,0,0,0,0,0,0,0,0,0,0,0,0,0,0
202606,999,22380,4,Flagstaff  AZ ,27,27,9235,0,0,0,0,0,0,0,0,0,19,19,6407,0,0,0,0,0,0,0,0,0
202606,999,22500,4,Florence  SC ,73,73,12198,2,4,419,0,0,0,1,16,2774,20,20,3052,0,0,0,0,0,0,0,0,0
202606,999,22540,4,Fond du Lac  WI ,18,18,7060,0,0,0,0,0,0,0,0,0,5,5,2405,0,0,0,0,0,0,0,0,0
202606,999,22580,5,Forest City  NC ,27,27,6800,4,8,2000,0,0,0,0,0,0,27,27,6800,4,8,2000,0,0,0,0,0,0
202606,999,22660,4,Fort Collins  CO ,77,77,25631,0,0,0,0,0,0,1,12,1927,77,77,25631,0,0,0,0,0,0,1,12,1927
202606,999,22700,5,Fort Dodge  IA ,3,3,736,0,0,0,0,0,0,2,24,3168,1,1,308,0,0,0,0,0,0,2,24,3168
202606,999,22780,5,Fort Leonard Wood  MO ,9,9,2038,0,0,0,0,0,0,0,0,0,0,0,0,0,0,0,0,0,0,0,0,0
202606,999,22820,5,Fort Morgan  CO ,2,2,910,0,0,0,0,0,0,0,0,0,2,2,910,0,0,0,0,0,0,0,0,0
202606,999,22900,4,Fort Smith  AR-OK ,29,29,6117,5,10,996,1,3,255,0,0,0,23,23,5273,2,4,365,0,0,0,0,0,0
202606,999,23460,4,Gadsden  AL ,16,16,3177,0,0,0,0,0,0,0,0,0,11,11,2158,0,0,0,0,0,0,0,0,0
202606,999,23660,5,Galesburg  IL ,0,0,0,0,0,0,0,0,0,0,0,0,0,0,0,0,0,0,0,0,0,0,0,0
202606,999,23680,5,Gallipolis  OH ,0,0,0,0,0,0,0,0,0,0,0,0,0,0,0,0,0,0,0,0,0,0,0,0
202606,999,23700,5,Gallup  NM ,0,0,0,0,0,0,0,0,0,0,0,0,0,0,0,0,0,0,0,0,0,0,0,0
202606,999,23780,5,Garden City  KS ,4,4,1475,4,8,950,14,56,6650,0,0,0,4,4,1475,4,8,950,14,56,6650,0,0,0
202606,999,23940,5,Gillette  WY ,1,1,450,0,0,0,0,0,0,0,0,0,1,1,450,0,0,0,0,0,0,0,0,0
202606,999,24140,4,Goldsboro  NC ,80,80,13720,0,0,0,0,0,0,0,0,0,5,5,1285,0,0,0,0,0,0,0,0,0
202606,999,24220,4,Grand Forks  ND-MN ,31,31,9849,0,0,0,0,0,0,1,10,185,28,28,9302,0,0,0,0,0,0,0,0,0
202606,999,24260,4,Grand Island  NE ,12,12,3502,0,0,0,0,0,0,0,0,0,7,7,2322,0,0,0,0,0,0,0,0,0
202606,999,24300,4,Grand Junction  CO ,42,42,7823,0,0,0,0,0,0,2,48,3297,42,42,7823,0,0,0,0,0,0,2,48,3297
202606,999,24460,5,Great Bend  KS ,0,0,0,0,0,0,0,0,0,0,0,0,0,0,0,0,0,0,0,0,0,0,0,0
202606,999,24500,4,Great Falls  MT ,11,11,4539,1,2,552,0,0,0,0,0,0,1,1,350,0,0,0,0,0,0,0,0,0
202606,999,24740,5,Greenville  MS ,1,1,519,0,0,0,0,0,0,0,0,0,0,0,0,0,0,0,0,0,0,0,0,0
202606,999,24900,5,Greenwood  MS ,1,1,388,0,0,0,0,0,0,0,0,0,0,0,0,0,0,0,0,0,0,0,0,0
202606,999,24980,5,Grenada  MS ,1,1,39,0,0,0,0,0,0,2,10,860,0,0,0,0,0,0,0,0,0,0,0,0
202606,999,25060,4,Gulfport-Biloxi  MS ,264,264,43514,1,2,120,0,0,0,1,14,631,133,133,31695,0,0,0,0,0,0,0,0,0
202606,999,25100,5,Guymon  OK ,1,1,140,0,0,0,0,0,0,0,0,0,0,0,0,0,0,0,0,0,0,0,0,0
202606,999,25200,5,Hailey  ID ,22,22,23006,0,0,0,0,0,0,0,0,0,19,19,21266,0,0,0,0,0,0,0,0,0
202606,999,25460,5,Harrison  AR ,1,1,200,0,0,0,0,0,0,1,14,1606,0,0,0,0,0,0,0,0,0,0,0,0
202606,999,25580,5,Hastings  NE ,5,5,2103,1,2,250,0,0,0,0,0,0,4,4,1603,0,0,0,0,0,0,0,0,0
202606,999,25700,5,Hays  KS ,7,7,2374,0,0,0,0,0,0,0,0,0,7,7,2374,0,0,0,0,0,0,0,0,0
202606,999,25740,4,Helena  MT ,4,4,1381,5,10,2369,1,4,921,0,0,0,4,4,1381,5,10,2369,1,4,921,0,0,0
202606,999,25820,5,Hereford  TX ,2,2,592,1,2,234,0,0,0,0,0,0,0,0,0,0,0,0,0,0,0,0,0,0
202606,999,25840,5,Hermiston-Pendleton  OR ,20,20,5676,0,0,0,0,0,0,0,0,0,4,4,1215,0,0,0,0,0,0,0,0,0
202606,999,25880,5,Hillsdale  MI ,18,18,4908,0,0,0,0,0,0,0,0,0,18,18,4908,0,0,0,0,0,0,0,0,0
202606,999,25900,5,Hilo-Kailua  HI ,109,109,48190,0,0,0,0,0,0,1,7,849,0,0,0,0,0,0,0,0,0,0,0,0
202606,999,25940,4,Hilton Head Island-Bluffton-Port Royal  SC ,241,241,99060,0,0,0,0,0,0,0,0,0,186,186,69118,0,0,0,0,0,0,0,0,0
202606,999,26020,5,Hobbs  NM ,12,12,3558,0,0,0,0,0,0,0,0,0,0,0,0,0,0,0,0,0,0,0,0,0
202606,999,26140,4,Homosassa Springs  FL ,187,187,46086,1,2,231,0,0,0,0,0,0,7,7,2430,0,0,0,0,0,0,0,0,0
202606,999,26220,5,Hood River  OR ,3,3,2036,0,0,0,0,0,0,0,0,0,3,3,2036,0,0,0,0,0,0,0,0,0
202606,999,26340,5,Houghton  MI ,12,12,3119,1,2,311,0,0,0,0,0,0,0,0,0,0,0,0,0,0,0,0,0,0
202606,999,26380,4,Houma-Bayou Cane-Thibodaux  LA ,54,54,10853,0,0,0,0,0,0,0,0,0,53,53,10737,0,0,0,0,0,0,0,0,0
202606,999,26700,5,Huron  SD ,4,4,1650,0,0,0,0,0,0,0,0,0,4,4,1650,0,0,0,0,0,0,0,0,0
202606,999,26740,5,Hutchinson  KS ,7,7,2375,1,2,90,0,0,0,0,0,0,5,5,1650,1,2,90,0,0,0,0,0,0
202606,999,27100,4,Jackson  MI ,25,25,7693,0,0,0,0,0,0,0,0,0,10,10,3782,0,0,0,0,0,0,0,0,0
202606,999,27180,4,Jackson  TN ,44,44,12286,0,0,0,0,0,0,0,0,0,12,12,3933,0,0,0,0,0,0,0,0,0
202606,999,27220,5,Jackson  WY-ID ,36,36,37518,0,0,0,1,3,649,1,7,1210,24,24,18812,0,0,0,0,0,0,0,0,0
202606,999,27340,4,Jacksonville  NC ,146,146,32796,1,2,150,0,0,0,0,0,0,146,146,32796,1,2,150,0,0,0,0,0,0
202606,999,27420,5,Jamestown  ND ,3,3,437,0,0,0,0,0,0,0,0,0,0,0,0,0,0,0,0,0,0,0,0,0
202606,999,27460,5,Jamestown-Dunkirk  NY ,10,10,3033,0,0,0,0,0,0,0,0,0,2,2,690,0,0,0,0,0,0,0,0,0
202606,999,27540,5,Jasper  IN ,14,14,3407,1,2,294,1,3,750,0,0,0,1,1,350,0,0,0,0,0,0,0,0,0
202606,999,27940,5,Juneau  AK ,1,1,69,0,0,0,0,0,0,0,0,0,1,1,69,0,0,0,0,0,0,0,0,0
202606,999,27980,4,Kahului-Wailuku  HI ,25,25,7273,0,0,0,0,0,0,0,0,0,25,25,7273,0,0,0,0,0,0,0,0,0
202606,999,28060,5,Kalispell  MT ,45,45,13396,0,0,0,0,0,0,0,0,0,45,45,13396,0,0,0,0,0,0,0,0,0
202606,999,28180,5,Kapaa  HI ,10,10,6444,0,0,0,0,0,0,0,0,0,10,10,6444,0,0,0,0,0,0,0,0,0
202606,999,28260,5,Kearney  NE ,21,21,13105,0,0,0,0,0,0,0,0,0,20,20,12841,0,0,0,0,0,0,0,0,0
202606,999,28380,5,Kennett  MO ,3,3,550,0,0,0,0,0,0,0,0,0,0,0,0,0,0,0,0,0,0,0,0,0
202606,999,28540,5,Ketchikan  AK ,2,2,582,0,0,0,2,7,1278,0,0,0,2,2,582,0,0,0,2,7,1278,0,0,0
202606,999,28660,4,Killeen-Temple  TX ,222,222,64241,20,40,4577,0,0,0,1,5,675,99,99,26052,17,34,3827,0,0,0,0,0,0
202606,999,28820,5,Kinston  NC ,12,12,2424,0,0,0,0,0,0,0,0,0,0,0,0,0,0,0,0,0,0,0,0,0
202606,999,28860,5,Kirksville  MO ,1,1,100,0,0,0,0,0,0,0,0,0,0,0,0,0,0,0,0,0,0,0,0,0
202606,999,28900,5,Klamath Falls  OR ,9,9,3558,0,0,0,0,0,0,0,0,0,9,9,3558,0,0,0,0,0,0,0,0,0
202606,999,29260,5,La Grande  OR ,8,8,3984,0,0,0,0,0,0,0,0,0,8,8,3984,0,0,0,0,0,0,0,0,0
202606,999,29420,4,Lake Havasu City-Kingman  AZ ,69,69,16720,0,0,0,0,0,0,0,0,0,67,67,16256,0,0,0,0,0,0,0,0,0
202606,999,29540,4,Lancaster  PA ,49,49,18670,0,0,0,0,0,0,1,5,360,35,35,14053,0,0,0,0,0,0,0,0,0
202606,999,29660,5,Laramie  WY ,7,7,2556,0,0,0,0,0,0,0,0,0,2,2,992,0,0,0,0,0,0,0,0,0
202606,999,29700,4,Laredo  TX ,96,96,26951,1,2,239,1,3,351,1,12,1227,0,0,0,0,0,0,0,0,0,0,0,0
202606,999,30060,5,Lebanon  MO ,12,12,2794,0,0,0,0,0,0,0,0,0,12,12,2794,0,0,0,0,0,0,0,0,0
202606,999,30150,5,Lebanon-Claremont  NH-VT ,53,53,24645,1,2,254,0,0,0,1,17,3068,14,14,5940,0,0,0,0,0,0,0,0,0
202606,999,30300,4,Lewiston  ID-WA ,15,15,5342,0,0,0,0,0,0,0,0,0,11,11,4196,0,0,0,0,0,0,0,0,0
202606,999,30380,5,Lewistown  PA ,7,7,2114,0,0,0,0,0,0,0,0,0,3,3,1146,0,0,0,0,0,0,0,0,0
202606,999,30420,5,Lexington  NE ,1,1,183,0,0,0,0,0,0,0,0,0,0,0,0,0,0,0,0,0,0,0,0,0
202606,999,30580,5,Liberal  KS ,1,1,239,0,0,0,0,0,0,0,0,0,0,0,0,0,0,0,0,0,0,0,0,0
202606,999,30860,4,Logan  UT-ID ,122,122,40843,0,0,0,0,0,0,2,115,15861,115,115,39087,0,0,0,0,0,0,2,115,15861
202606,999,30900,5,Logansport  IN ,3,3,901,0,0,0,0,0,0,0,0,0,0,0,0,0,0,0,0,0,0,0,0,0
202606,999,30980,4,Longview  TX ,30,30,10356,1,2,230,0,0,0,0,0,0,20,20,7257,0,0,0,0,0,0,0,0,0
202606,999,31220,5,Ludington  MI ,5,5,855,0,0,0,0,0,0,0,0,0,5,5,855,0,0,0,0,0,0,0,0,0
202606,999,31260,5,Lufkin  TX ,12,12,3392,0,0,0,0,0,0,0,0,0,2,2,455,0,0,0,0,0,0,0,0,0
202606,999,31340,4,Lynchburg  VA ,93,93,27469,1,2,386,1,3,900,1,9,1265,62,62,15473,0,0,0,0,0,0,1,9,1265
202606,999,31380,5,Macomb  IL ,0,0,0,0,0,0,0,0,0,0,0,0,0,0,0,0,0,0,0,0,0,0,0,0
202606,999,31500,5,Madison  IN ,8,8,1981,0,0,0,0,0,0,0,0,0,6,6,1483,0,0,0,0,0,0,0,0,0
202606,999,31580,5,Madisonville  KY ,8,8,1663,2,4,550,0,0,0,1,5,521,0,0,0,0,0,0,0,0,0,0,0,0
202606,999,31620,5,Magnolia  AR ,0,0,0,0,0,0,0,0,0,0,0,0,0,0,0,0,0,0,0,0,0,0,0,0
202606,999,31740,4,Manhattan  KS ,26,26,8427,0,0,0,0,0,0,1,23,4616,6,6,2025,0,0,0,0,0,0,0,0,0
202606,999,31820,5,Manitowoc  WI ,13,13,5139,1,2,490,0,0,0,0,0,0,10,10,4083,0,0,0,0,0,0,0,0,0
202606,999,31980,5,Marion  IN ,4,4,1109,0,0,0,0,0,0,0,0,0,1,1,130,0,0,0,0,0,0,0,0,0
202606,999,32100,5,Marquette  MI ,9,9,3116,0,0,0,0,0,0,0,0,0,9,9,3116,0,0,0,0,0,0,0,0,0
202606,999,32140,5,Marshall  MN ,3,3,1100,0,0,0,0,0,0,0,0,0,2,2,700,0,0,0,0,0,0,0,0,0
202606,999,32180,5,Marshall  MO ,1,1,342,0,0,0,0,0,0,0,0,0,0,0,0,0,0,0,0,0,0,0,0,0
202606,999,32260,5,Marshalltown  IA ,1,1,40,0,0,0,0,0,0,0,0,0,1,1,40,0,0,0,0,0,0,0,0,0
202606,999,32300,5,Martinsville  VA ,3,3,490,0,0,0,0,0,0,0,0,0,3,3,490,0,0,0,0,0,0,0,0,0
202606,999,32340,5,Maryville  MO ,5,5,1118,0,0,0,0,0,0,0,0,0,0,0,0,0,0,0,0,0,0,0,0,0
202606,999,32380,5,Mason City  IA ,4,4,3490,0,0,0,0,0,0,0,0,0,4,4,3490,0,0,0,0,0,0,0,0,0
202606,999,32390,5,Massena-Ogdensburg  NY ,18,18,3285,0,0,0,0,0,0,0,0,0,8,8,1291,0,0,0,0,0,0,0,0,0
202606,999,32540,5,McAlester  OK ,4,4,1349,0,0,0,0,0,0,0,0,0,3,3,1163,0,0,0,0,0,0,0,0,0
202606,999,32620,5,McComb  MS ,1,1,125,0,0,0,0,0,0,0,0,0,0,0,0,0,0,0,0,0,0,0,0,0
202606,999,32660,5,McMinnville  TN ,22,22,5534,1,2,200,1,3,443,0,0,0,0,0,0,0,0,0,0,0,0,0,0,0
202606,999,32700,5,McPherson  KS ,9,9,1246,1,2,319,0,0,0,0,0,0,0,0,0,0,0,0,0,0,0,0,0,0
202606,999,32940,5,Meridian  MS ,3,3,885,0,0,0,0,0,0,0,0,0,0,0,0,0,0,0,0,0,0,0,0,0
202606,999,33300,5,Milledgeville  GA ,8,8,2231,0,0,0,0,0,0,0,0,0,8,8,2231,0,0,0,0,0,0,0,0,0
202606,999,33500,4,Minot  ND ,14,14,3283,1,2,252,0,0,0,0,0,0,11,11,2625,1,2,252,0,0,0,0,0,0
202606,999,33540,4,Missoula  MT ,26,26,7904,0,0,0,0,0,0,0,0,0,26,26,7904,0,0,0,0,0,0,0,0,0
202606,999,33580,5,Mitchell  SD ,4,4,1254,1,2,295,0,0,0,0,0,0,1,1,622,0,0,0,0,0,0,0,0,0
202606,999,33940,5,Montrose  CO ,20,20,3604,0,0,0,0,0,0,1,6,1500,20,20,3604,0,0,0,0,0,0,1,6,1500
202606,999,34020,5,Morgan City  LA ,6,6,1948,0,0,0,0,0,0,0,0,0,4,4,1451,0,0,0,0,0,0,0,0,0
202606,999,34060,4,Morgantown  WV ,5,5,1923,0,0,0,0,0,0,0,0,0,2,2,1022,0,0,0,0,0,0,0,0,0
202606,999,34220,5,Moultrie  GA ,8,8,2696,2,4,465,0,0,0,0,0,0,5,5,1814,0,0,0,0,0,0,0,0,0
202606,999,34260,5,Mountain Home  AR ,0,0,0,0,0,0,0,0,0,0,0,0,0,0,0,0,0,0,0,0,0,0,0,0
202606,999,34420,5,Mount Pleasant  TX ,4,4,1209,0,0,0,0,0,0,0,0,0,2,2,726,0,0,0,0,0,0,0,0,0
202606,999,34500,5,Mount Vernon  IL ,0,0,0,0,0,0,0,0,0,0,0,0,0,0,0,0,0,0,0,0,0,0,0,0
202606,999,34660,5,Murray  KY ,2,2,710,0,0,0,0,0,0,0,0,0,2,2,710,0,0,0,0,0,0,0,0,0
202606,999,34860,5,Nacogdoches  TX ,3,3,727,0,0,0,0,0,0,0,0,0,0,0,0,0,0,0,0,0,0,0,0,0
202606,999,34880,5,Nantucket  MA ,24,24,26670,1,2,571,0,0,0,1,5,729,0,0,0,0,0,0,0,0,0,0,0,0
202606,999,35020,5,Natchez  MS-LA ,0,0,0,0,0,0,0,0,0,0,0,0,0,0,0,0,0,0,0,0,0,0,0,0
202606,999,35060,5,Natchitoches  LA ,2,2,500,0,0,0,0,0,0,0,0,0,2,2,500,0,0,0,0,0,0,0,0,0
202606,999,35440,5,Newport  OR ,12,12,4588,0,0,0,0,0,0,0,0,0,12,12,4588,0,0,0,0,0,0,0,0,0
202606,999,35740,5,Norfolk  NE ,6,6,2462,7,14,2625,0,0,0,0,0,0,6,6,2462,7,14,2625,0,0,0,0,0,0
202606,999,35820,5,North Platte  NE ,0,0,0,0,0,0,0,0,0,0,0,0,0,0,0,0,0,0,0,0,0,0,0,0
202606,999,35900,5,North Wilkesboro  NC ,12,12,6544,0,0,0,0,0,0,0,0,0,12,12,6544,0,0,0,0,0,0,0,0,0
202606,999,36100,4,Ocala  FL ,441,441,93388,2,4,490,0,0,0,0,0,0,440,440,92968,2,4,490,0,0,0,0,0,0
202606,999,36340,5,Oil City  PA ,5,5,1212,0,0,0,0,0,0,0,0,0,2,2,280,0,0,0,0,0,0,0,0,0
202606,999,36580,5,Oneonta  NY ,9,9,2244,0,0,0,0,0,0,0,0,0,0,0,0,0,0,0,0,0,0,0,0,0
202606,999,36900,5,Ottumwa  IA ,0,0,0,0,0,0,0,0,0,1,5,125,0,0,0,0,0,0,0,0,0,0,0,0
202606,999,36980,4,Owensboro  KY ,31,31,3199,0,0,0,0,0,0,0,0,0,31,31,3199,0,0,0,0,0,0,0,0,0
202606,999,37060,5,Oxford  MS ,44,44,7655,1,2,468,1,3,822,0,0,0,20,20,14,0,0,0,0,0,0,0,0,0
202606,999,37300,5,Palestine  TX ,3,3,971,0,0,0,0,0,0,0,0,0,2,2,675,0,0,0,0,0,0,0,0,0
202606,999,37340,4,Palm Bay-Melbourne-Titusville  FL ,437,437,183535,0,0,0,0,0,0,0,0,0,415,415,176849,0,0,0,0,0,0,0,0,0
202606,999,37420,5,Pampa  TX ,1,1,296,0,0,0,0,0,0,0,0,0,0,0,0,0,0,0,0,0,0,0,0,0
202606,999,37460,4,Panama City-Panama City Beach  FL ,178,178,63284,0,0,0,0,0,0,3,22,4946,40,40,13878,0,0,0,0,0,0,0,0,0
202606,999,37540,5,Paris  TN ,1,1,82,0,0,0,0,0,0,0,0,0,0,0,0,0,0,0,0,0,0,0,0,0
202606,999,37580,5,Paris  TX ,5,5,803,0,0,0,0,0,0,0,0,0,3,3,550,0,0,0,0,0,0,0,0,0
202606,999,37860,4,Pensacola-Ferry Pass-Brent  FL ,251,251,90708,0,0,0,0,0,0,0,0,0,251,251,90708,0,0,0,0,0,0,0,0,0
202606,999,37950,5,Petoskey  MI ,15,15,5894,0,0,0,0,0,0,0,0,0,15,15,5894,0,0,0,0,0,0,0,0,0
202606,999,38180,5,Pierre  SD ,3,3,1061,0,0,0,0,0,0,0,0,0,2,2,589,0,0,0,0,0,0,0,0,0
202606,999,38210,5,Pikeville  KY ,1,1,582,0,0,0,0,0,0,0,0,0,0,0,0,0,0,0,0,0,0,0,0,0
202606,999,38260,5,Pittsburg  KS ,5,5,1397,0,0,0,0,0,0,0,0,0,4,4,1193,0,0,0,0,0,0,0,0,0
202606,999,38340,4,Pittsfield  MA ,13,13,6473,0,0,0,1,3,630,1,9,683,2,2,1600,0,0,0,0,0,0,0,0,0
202606,999,38420,5,Platteville  WI ,13,13,4285,0,0,0,0,0,0,0,0,0,8,8,2688,0,0,0,0,0,0,0,0,0
202606,999,38460,5,Plattsburgh  NY ,11,11,3321,0,0,0,0,0,0,1,8,1108,5,5,1860,0,0,0,0,0,0,0,0,0
202606,999,38540,4,Pocatello  ID ,25,25,9610,0,0,0,6,23,3200,1,18,1500,18,18,7507,0,0,0,3,12,1216,1,18,1500
202606,999,38620,5,Ponca City  OK ,1,1,293,0,0,0,0,0,0,0,0,0,1,1,293,0,0,0,0,0,0,0,0,0
202606,999,38740,5,Poplar Bluff  MO ,3,3,800,1,2,250,2,8,400,0,0,0,3,3,800,1,2,250,2,8,400,0,0,0
202606,999,38820,5,Port Angeles  WA ,20,20,7146,5,10,2447,0,0,0,0,0,0,11,11,4205,5,10,2447,0,0,0,0,0,0
202606,999,39040,5,Port Townsend  WA ,16,16,5735,0,0,0,0,0,0,0,0,0,7,7,1905,0,0,0,0,0,0,0,0,0
202606,999,39060,5,Pottsville  PA ,11,11,3019,0,0,0,0,0,0,1,5,450,5,5,1326,0,0,0,0,0,0,0,0,0
202606,999,39150,4,Prescott Valley-Prescott  AZ ,84,84,37300,17,34,6703,0,0,0,0,0,0,74,74,31251,17,34,6703,0,0,0,0,0,0
202606,999,39220,5,Price  UT ,8,8,5213,0,0,0,0,0,0,0,0,0,8,8,5213,0,0,0,0,0,0,0,0,0
202606,999,39960,5,Rice Lake  WI ,15,15,7147,0,0,0,0,0,0,0,0,0,11,11,5123,0,0,0,0,0,0,0,0,0
202606,999,40060,4,Richmond  VA ,441,441,86912,4,8,800,0,0,0,7,78,12184,424,424,83848,4,8,800,0,0,0,7,78,12184
202606,999,40180,5,Riverton  WY ,0,0,0,1,2,397,0,0,0,0,0,0,0,0,0,0,0,0,0,0,0,0,0,0
202606,999,40220,4,Roanoke  VA ,39,39,14183,1,2,309,0,0,0,3,86,8685,14,14,4497,0,0,0,0,0,0,2,48,5000
202606,999,40540,5,Rock Springs  WY ,3,3,2135,0,0,0,0,0,0,0,0,0,3,3,2135,0,0,0,0,0,0,0,0,0
202606,999,40620,5,Rolla  MO ,8,8,1730,1,2,300,0,0,0,2,62,4550,7,7,1540,1,2,300,0,0,0,2,62,4550
202606,999,40700,5,Roseburg  OR ,16,16,5736,0,0,0,0,0,0,0,0,0,16,16,5736,0,0,0,0,0,0,0,0,0
202606,999,40740,5,Roswell  NM ,6,6,1281,0,0,0,0,0,0,0,0,0,0,0,0,0,0,0,0,0,0,0,0,0
202606,999,40760,5,Ruidoso  NM ,0,0,0,0,0,0,0,0,0,0,0,0,0,0,0,0,0,0,0,0,0,0,0,0
202606,999,40780,5,Russellville  AR ,6,6,4823,0,0,0,0,0,0,0,0,0,3,3,4203,0,0,0,0,0,0,0,0,0
202606,999,40860,5,Rutland  VT ,12,12,2717,0,0,0,0,0,0,0,0,0,2,2,0,0,0,0,0,0,0,0,0,0
202606,999,40940,5,Safford  AZ ,16,16,4623,0,0,0,0,0,0,0,0,0,13,13,4171,0,0,0,0,0,0,0,0,0
202606,999,41100,4,St. George  UT ,165,165,46383,0,0,0,0,0,0,3,15,3223,153,153,42736,0,0,0,0,0,0,3,15,3223
202606,999,41260,5,St. Marys  PA ,1,1,205,1,2,461,0,0,0,0,0,0,0,0,0,0,0,0,0,0,0,0,0,0
202606,999,41460,5,Salina  KS ,6,6,1335,0,0,0,0,0,0,0,0,0,5,5,1042,0,0,0,0,0,0,0,0,0
202606,999,41500,4,Salinas  CA ,57,57,13634,0,0,0,0,0,0,0,0,0,43,43,9581,0,0,0,0,0,0,0,0,0
202606,999,41660,4,San Angelo  TX ,44,44,15966,0,0,0,0,0,0,0,0,0,44,44,15966,0,0,0,0,0,0,0,0,0
202606,999,41740,4,San Diego-Chula Vista-Carlsbad  CA ,330,330,113901,25,50,7294,3,11,1546,9,539,100114,300,300,105579,24,48,6992,3,11,1546,6,503,93661
202606,999,41760,5,Sandpoint  ID ,6,6,1621,0,0,0,0,0,0,0,0,0,5,5,1259,0,0,0,0,0,0,0,0,0
202606,999,42020,4,San Luis Obispo-Paso Robles  CA ,49,49,15461,0,0,0,1,4,871,1,8,1400,49,49,15461,0,0,0,1,4,871,1,8,1400
202606,999,42200,4,Santa Maria-Santa Barbara  CA ,43,43,21923,2,4,533,16,58,6598,10,154,100733,38,38,16280,2,4,533,16,58,6598,9,134,96759
202606,999,42220,4,Santa Rosa-Petaluma  CA ,58,58,18469,0,0,0,1,4,2000,7,69,19790,37,37,13353,0,0,0,1,4,2000,4,50,16233
202606,999,42300,5,Sault Ste. Marie  MI ,7,7,1196,0,0,0,0,0,0,0,0,0,7,7,1196,0,0,0,0,0,0,0,0,0
202606,999,42380,5,Sayre  PA ,4,4,311,0,0,0,0,0,0,0,0,0,3,3,0,0,0,0,0,0,0,0,0,0
202606,999,42420,5,Scottsbluff  NE ,4,4,1373,0,0,0,0,0,0,0,0,0,0,0,0,0,0,0,0,0,0,0,0,0
202606,999,42540,4,Scranton--Wilkes-Barre  PA ,52,52,18411,1,2,425,0,0,0,2,10,5150,20,20,8540,0,0,0,0,0,0,0,0,0
202606,999,42580,5,Seaford  DE ,362,362,58781,0,0,0,0,0,0,3,64,7203,362,362,58781,0,0,0,0,0,0,3,64,7203
202606,999,42700,4,Sebring-  FL ,36,36,7132,0,0,0,0,0,0,0,0,0,36,36,7132,0,0,0,0,0,0,0,0,0
202606,999,42740,5,Sedalia  MO ,2,2,307,0,0,0,0,0,0,2,10,1160,0,0,0,0,0,0,0,0,0,0,0,0
202606,999,43100,4,Sheboygan  WI ,24,24,8469,0,0,0,0,0,0,0,0,0,19,19,6121,0,0,0,0,0,0,0,0,0
202606,999,43260,5,Sheridan  WY ,17,17,5767,0,0,0,0,0,0,0,0,0,5,5,1879,0,0,0,0,0,0,0,0,0
202606,999,43320,5,Show Low  AZ ,32,32,10408,6,12,1870,1,3,1200,0,0,0,29,29,9257,6,12,1870,1,3,1200,0,0,0
202606,999,43420,4,Sierra Vista-Douglas  AZ ,35,35,4872,0,0,0,0,0,0,0,0,0,28,28,3817,0,0,0,0,0,0,0,0,0
202606,999,43620,4,Sioux Falls  SD-MN ,97,97,31699,0,0,0,4,16,2400,17,404,45969,89,89,29149,0,0,0,4,16,2400,17,404,45969
202606,999,43660,5,Snyder  TX ,0,0,0,0,0,0,0,0,0,0,0,0,0,0,0,0,0,0,0,0,0,0,0,0
202606,999,43700,5,Somerset  KY ,4,4,1139,0,0,0,0,0,0,1,6,825,0,0,0,0,0,0,0,0,0,0,0,0
202606,999,43760,5,Sonora  CA ,1,1,159,0,0,0,0,0,0,0,0,0,1,1,159,0,0,0,0,0,0,0,0,0
202606,999,44180,4,Springfield  MO ,114,114,43354,5,10,1709,1,3,188,6,54,10206,64,64,26504,4,8,1335,0,0,0,5,44,8905
202606,999,44460,5,Steamboat Springs  CO ,20,20,26489,0,0,0,0,0,0,0,0,0,2,2,675,0,0,0,0,0,0,0,0,0
202606,999,44500,5,Stephenville  TX ,1,1,285,0,0,0,0,0,0,0,0,0,1,1,285,0,0,0,0,0,0,0,0,0
202606,999,44540,5,Sterling  CO ,1,1,189,0,0,0,0,0,0,0,0,0,1,1,189,0,0,0,0,0,0,0,0,0
202606,999,44660,5,Stillwater  OK ,11,11,3620,0,0,0,0,0,0,1,6,707,0,0,0,0,0,0,0,0,0,0,0,0
202606,999,44740,5,Storm Lake  IA ,3,3,939,0,0,0,0,0,0,0,0,0,1,1,480,0,0,0,0,0,0,0,0,0
202606,999,45000,5,Susanville  CA ,2,2,533,0,0,0,0,0,0,0,0,0,2,2,533,0,0,0,0,0,0,0,0,0
202606,999,45140,5,Tahlequah  OK ,1,1,248,0,0,0,0,0,0,0,0,0,0,0,0,0,0,0,0,0,0,0,0,0
202606,999,45300,4,Tampa-St. Petersburg-Clearwater  FL ,1248,1248,445426,4,8,1993,4,12,2682,10,574,86921,1230,1230,436016,4,8,1993,4,12,2682,9,569,86490
202606,999,45340,5,Taos  NM ,8,8,2298,0,0,0,0,0,0,0,0,0,0,0,0,0,0,0,0,0,0,0,0,0
202606,999,45460,4,Terre Haute  IN ,9,9,3242,0,0,0,0,0,0,1,10,1300,3,3,1400,0,0,0,0,0,0,0,0,0
202606,999,45500,4,Texarkana  TX-AR ,24,24,10344,0,0,0,0,0,0,0,0,0,24,24,10344,0,0,0,0,0,0,0,0,0
202606,999,45520,5,The Dalles  OR ,3,3,1131,0,0,0,0,0,0,0,0,0,3,3,1131,0,0,0,0,0,0,0,0,0
202606,999,45620,5,Thomasville  GA ,14,14,3970,0,0,0,0,0,0,0,0,0,14,14,3970,0,0,0,0,0,0,0,0,0
202606,999,45700,5,Tifton  GA ,8,8,1285,0,0,0,0,0,0,0,0,0,1,1,363,0,0,0,0,0,0,0,0,0
202606,999,45740,5,Toccoa  GA ,5,5,638,0,0,0,0,0,0,0,0,0,4,4,446,0,0,0,0,0,0,0,0,0
202606,999,45780,4,Toledo  OH ,56,56,19056,4,8,700,0,0,0,0,0,0,54,54,18336,4,8,700,0,0,0,0,0,0
202606,999,45820,4,Topeka  KS ,30,30,7945,0,0,0,0,0,0,0,0,0,28,28,7261,0,0,0,0,0,0,0,0,0
202606,999,45880,5,Town of Pecos  TX ,2,2,484,0,0,0,0,0,0,0,0,0,0,0,0,0,0,0,0,0,0,0,0,0
202606,999,45900,4,Traverse City  MI ,89,89,25146,3,6,585,0,0,0,1,5,523,31,31,10712,2,4,357,0,0,0,0,0,0
202606,999,45980,5,Troy  AL ,4,4,919,0,0,0,0,0,0,0,0,0,4,4,919,0,0,0,0,0,0,0,0,0
202606,999,46220,4,Tuscaloosa  AL ,55,55,14396,1,2,255,1,3,527,1,5,769,24,24,5103,0,0,0,0,0,0,0,0,0
202606,999,46300,4,Twin Falls  ID ,45,45,12690,4,8,2123,0,0,0,0,0,0,36,36,9930,4,8,2123,0,0,0,0,0,0
202606,999,46380,5,Ukiah  CA ,0,0,0,0,0,0,0,0,0,0,0,0,0,0,0,0,0,0,0,0,0,0,0,0
202606,999,46520,4,Urban Honolulu  HI ,56,56,21628,4,8,1121,0,0,0,3,91,27093,0,0,0,0,0,0,0,0,0,0,0,0
202606,999,46540,4,Utica-Rome  NY ,18,18,5504,0,0,0,0,0,0,3,15,1771,2,2,425,0,0,0,0,0,0,0,0,0
202606,999,46620,5,Uvalde  TX ,1,1,100,1,2,144,0,0,0,0,0,0,1,1,100,1,2,144,0,0,0,0,0,0
202606,999,46660,4,Valdosta  GA ,82,82,18447,0,0,0,0,0,0,0,0,0,0,0,0,0,0,0,0,0,0,0,0,0
202606,999,46820,5,Vermillion  SD ,3,3,1067,0,0,0,0,0,0,0,0,0,0,0,0,0,0,0,0,0,0,0,0,0
202606,999,46860,5,Vernal  UT ,10,10,3527,0,0,0,0,0,0,0,0,0,10,10,3527,0,0,0,0,0,0,0,0,0
202606,999,46900,5,Vernon  TX ,1,1,296,0,0,0,0,0,0,0,0,0,0,0,0,0,0,0,0,0,0,0,0,0
202606,999,47080,5,Vidalia  GA ,0,0,0,1,2,225,0,0,0,0,0,0,0,0,0,1,2,225,0,0,0,0,0,0
202606,999,47180,5,Vincennes  IN ,2,2,647,0,0,0,0,0,0,0,0,0,1,1,346,0,0,0,0,0,0,0,0,0
202606,999,47240,5,Vineyard Haven  MA ,13,13,14936,0,0,0,0,0,0,0,0,0,8,8,8901,0,0,0,0,0,0,0,0,0
202606,999,47300,4,Visalia  CA ,207,207,58721,8,16,3180,0,0,0,0,0,0,202,202,57902,8,16,3180,0,0,0,0,0,0
202606,999,47340,5,Wabash  IN ,3,3,825,0,0,0,0,0,0,0,0,0,1,1,346,0,0,0,0,0,0,0,0,0
202606,999,47380,4,Waco  TX ,71,71,24512,3,6,711,0,0,0,1,5,514,59,59,21916,3,6,711,0,0,0,0,0,0
202606,999,47620,5,Warren  PA ,4,4,1088,0,0,0,0,0,0,0,0,0,4,4,1088,0,0,0,0,0,0,0,0,0
202606,999,47780,5,Washington  IN ,2,2,523,0,0,0,0,0,0,0,0,0,2,2,523,0,0,0,0,0,0,0,0,0
202606,999,47940,4,Waterloo-Cedar Falls  IA ,22,22,6595,2,4,535,0,0,0,2,44,7202,1,1,253,0,0,0,0,0,0,0,0,0
202606,999,47980,5,Watertown  SD ,15,15,8242,0,0,0,0,0,0,0,0,0,15,15,8242,0,0,0,0,0,0,0,0,0
202606,999,48060,4,Watertown-Fort Drum  NY ,17,17,2962,0,0,0,0,0,0,1,8,1177,0,0,0,0,0,0,0,0,0,0,0,0
202606,999,48180,5,Waycross  GA ,14,14,4490,1,2,133,1,3,170,1,8,533,10,10,3898,0,0,0,0,0,0,0,0,0
202606,999,48300,4,Wenatchee-East Wenatchee  WA ,30,30,12197,1,2,325,0,0,0,0,0,0,14,14,4692,1,2,325,0,0,0,0,0,0
202606,999,48460,5,West Plains  MO ,3,3,509,0,0,0,0,0,0,0,0,0,2,2,245,0,0,0,0,0,0,0,0,0
202606,999,48540,4,Wheeling  WV-OH ,0,0,0,0,0,0,0,0,0,0,0,0,0,0,0,0,0,0,0,0,0,0,0,0
202606,999,48660,4,Wichita Falls  TX ,13,13,4290,1,2,234,0,0,0,0,0,0,9,9,3103,0,0,0,0,0,0,0,0,0
202606,999,48780,5,Williston  ND ,14,14,4812,0,0,0,0,0,0,0,0,0,13,13,4470,0,0,0,0,0,0,0,0,0
202606,999,48820,5,Willmar  MN ,4,4,1362,0,0,0,0,0,0,0,0,0,0,0,0,0,0,0,0,0,0,0,0,0
202606,999,48900,4,Wilmington  NC ,619,619,173949,1,2,237,5,16,4123,4,24,3256,579,579,159075,1,2,237,5,16,4123,4,24,3256
202606,999,49080,5,Winnemucca  NV ,1,1,375,0,0,0,0,0,0,0,0,0,1,1,375,0,0,0,0,0,0,0,0,0
202606,999,49260,5,Woodward  OK ,0,0,0,0,0,0,0,0,0,0,0,0,0,0,0,0,0,0,0,0,0,0,0,0
202606,999,49380,5,Worthington  MN ,0,0,0,0,0,0,0,0,0,1,11,1375,0,0,0,0,0,0,0,0,0,0,0,0
202606,999,49420,4,Yakima  WA ,52,52,16943,3,6,1556,1,3,643,0,0,0,37,37,12710,2,4,1090,0,0,0,0,0,0
202606,999,49460,5,Yankton  SD ,6,6,1885,0,0,0,0,0,0,0,0,0,6,6,1885,0,0,0,0,0,0,0,0,0
202606,999,49740,4,Yuma  AZ ,93,93,18252,0,0,0,0,0,0,0,0,0,93,93,18252,0,0,0,0,0,0,0,0,0
