Survey,MSA/,PMSA,,MA,,1-unit,,,2-units,,,3-4 units,,,5+ units,,,1-unit rep,,,2-units rep,,,3-4 units rep,,,5+ units rep
Date,CMSA,,,Name,Bldgs,Units,Value,Bldgs,Units,Value,Bldgs,Units,Value,Bldgs,Units,Value,Bldgs,Units,Value,Bldgs,Units,Value,      Bldgs,Units,Value,Bldgs,Units,Value
 
200007,0040,9999,,Abilene  TX MSA ,14,14,2020,0,0,0,0,0,0,0,0,0,0,0,0,0,0,0,0,0,0,0,0,0
200007,0120,9999,,Albany  GA MSA ,39,39,4557,0,0,0,0,0,0,0,0,0,18,18,2151,0,0,0,0,0,0,0,0,0
200007,0160,9999,,Albany-Schenectady-Troy  NY MSA ,174,174,23278,1,2,50,0,0,0,3,34,1560,168,168,22602,1,2,50,0,0,0,1,22,915
200007,0200,9999,,Albuquerque  NM MSA ,404,404,39642,0,0,0,0,0,0,0,0,0,324,324,29450,0,0,0,0,0,0,0,0,0
200007,0220,9999,,Alexandria  LA MSA ,32,32,4251,0,0,0,0,0,0,0,0,0,32,32,4251,0,0,0,0,0,0,0,0,0
200007,0240,9999,,Allentown-Bethlehem-Easton  PA MSA ,136,136,16111,1,2,147,2,7,494,1,32,640,118,118,13425,0,0,0,1,4,312,1,32,640
200007,0280,9999,,Altoona  PA MSA ,2,2,218,0,0,0,0,0,0,0,0,0,2,2,218,0,0,0,0,0,0,0,0,0
200007,0320,9999,,Amarillo  TX MSA ,45,45,6151,0,0,0,0,0,0,0,0,0,45,45,6151,0,0,0,0,0,0,0,0,0
200007,0380,9999,,Anchorage  AK MSA ,81,81,15523,6,12,1776,2,6,971,0,0,0,81,81,15523,6,12,1776,2,6,971,0,0,0
200007,0450,9999,,Anniston  AL MSA ,14,14,1253,0,0,0,0,0,0,1,5,229,5,5,419,0,0,0,0,0,0,0,0,0
200007,0460,9999,,Appleton-Oshkosh-Neenah  WI MSA ,111,111,14843,11,22,1720,0,0,0,5,46,1639,65,65,8728,7,14,1180,0,0,0,0,0,0
200007,0480,9999,,Asheville  NC MSA ,103,103,13760,1,2,180,0,0,0,3,23,1114,103,103,13760,1,2,180,0,0,0,3,23,1114
200007,0500,9999,,Athens  GA MSA ,57,57,5460,2,4,156,0,0,0,2,35,1413,12,12,1549,0,0,0,0,0,0,0,0,0
200007,0520,9999,,Atlanta  GA MSA ,3749,3749,401100,5,10,609,14,54,2108,80,1640,75372,3496,3496,374157,5,10,609,14,54,2108,76,1586,71900
200007,0580,9999,,Auburn-Opelika  AL MSA ,21,21,2738,0,0,0,0,0,0,0,0,0,21,21,2738,0,0,0,0,0,0,0,0,0
200007,0600,9999,,Augusta-Aiken  GA-SC MSA ,186,186,22405,0,0,0,0,0,0,3,24,1250,162,162,19690,0,0,0,0,0,0,3,24,1250
200007,0640,9999,,Austin-San Marcos  TX MSA ,663,663,85085,3,6,495,9,36,2290,55,856,42595,615,615,78355,3,6,495,9,36,2290,54,844,42069
200007,0680,9999,,Bakersfield  CA MSA ,243,243,30411,0,0,0,0,0,0,0,0,0,242,242,30298,0,0,0,0,0,0,0,0,0
200007,0730,9999,,Bangor  ME MSA ,17,17,1824,0,0,0,0,0,0,0,0,0,11,11,1290,0,0,0,0,0,0,0,0,0
200007,0740,9999,,Barnstable-Yarmouth  MA MSA ,103,103,17304,1,2,255,1,3,419,0,0,0,75,75,12310,0,0,0,0,0,0,0,0,0
200007,0760,9999,,Baton Rouge  LA MSA ,89,89,7997,4,8,128,0,0,0,0,0,0,89,89,7997,4,8,128,0,0,0,0,0,0
200007,0840,9999,,Beaumont-Port Arthur  TX MSA ,35,35,4662,0,0,0,0,0,0,0,0,0,35,35,4662,0,0,0,0,0,0,0,0,0
200007,0860,9999,,Bellingham  WA MSA ,75,75,9527,3,6,685,0,0,0,2,41,2159,50,50,6031,1,2,263,0,0,0,0,0,0
200007,0870,9999,,Benton Harbor  MI MSA ,4,4,305,0,0,0,0,0,0,0,0,0,4,4,305,0,0,0,0,0,0,0,0,0
200007,0880,9999,,Billings  MT MSA ,32,32,4096,0,0,0,1,4,272,2,14,825,32,32,4096,0,0,0,1,4,272,2,14,825
200007,0920,9999,,Biloxi-Gulfport-Pascagoula  MS MSA ,156,156,14868,0,0,0,0,0,0,0,0,0,142,142,13085,0,0,0,0,0,0,0,0,0
200007,0960,9999,,Binghamton  NY MSA ,8,8,1710,0,0,0,0,0,0,0,0,0,8,8,1710,0,0,0,0,0,0,0,0,0
200007,1000,9999,,Birmingham  AL MSA ,301,301,43049,0,0,0,0,0,0,1,10,510,178,178,27148,0,0,0,0,0,0,1,10,510
200007,1010,9999,,Bismarck  ND MSA ,44,44,6051,2,4,607,1,4,484,1,8,659,41,41,5667,2,4,607,1,4,484,1,8,659
200007,1020,9999,,Bloomington  IN MSA ,35,35,4768,0,0,0,0,0,0,0,0,0,34,34,4686,0,0,0,0,0,0,0,0,0
200007,1040,9999,,Bloomington-Normal  IL MSA ,33,33,4185,0,0,0,0,0,0,3,32,655,33,33,4185,0,0,0,0,0,0,3,32,655
200007,1080,9999,,Boise City  ID MSA ,381,381,53972,1,2,114,2,8,400,4,40,2250,353,353,47010,1,2,114,2,8,400,4,40,2250
200007,1122,1120,,Boston  MA-NH PMSA ,485,485,88091,10,20,1486,7,21,2072,24,671,44283,335,335,66260,6,12,994,6,18,1705,17,605,38494
200007,1122,1200,,Brockton  MA PMSA ,65,65,8125,0,0,0,0,0,0,0,0,0,59,59,7523,0,0,0,0,0,0,0,0,0
200007,1122,2600,,Fitchburg-Leominster  MA PMSA ,31,31,3766,0,0,0,0,0,0,0,0,0,11,11,1101,0,0,0,0,0,0,0,0,0
200007,1122,4160,,Lawrence  MA-NH PMSA ,98,98,16125,0,0,0,0,0,0,1,8,640,62,62,11158,0,0,0,0,0,0,1,8,640
200007,1122,4560,,Lowell  MA-NH PMSA ,54,54,6995,0,0,0,0,0,0,2,11,437,26,26,3603,0,0,0,0,0,0,0,0,0
200007,1122,4760,,Manchester  NH PMSA ,79,79,13825,1,2,109,0,0,0,0,0,0,61,61,11809,0,0,0,0,0,0,0,0,0
200007,1122,5350,,Nashua  NH PMSA ,72,72,11072,0,0,0,0,0,0,1,5,327,34,34,6748,0,0,0,0,0,0,0,0,0
200007,1122,5400,,New Bedford  MA PMSA ,53,53,6850,1,2,380,0,0,0,0,0,0,41,41,5209,1,2,380,0,0,0,0,0,0
200007,1122,6450,,Portsmouth-Rochester  NH-ME PMSA ,106,106,16096,0,0,0,1,4,205,0,0,0,83,83,12816,0,0,0,1,4,205,0,0,0
200007,1122,9240,,Worcester  MA-CT PMSA ,123,123,16240,3,6,560,1,3,255,0,0,0,74,74,9952,1,2,133,1,3,255,0,0,0
200007,1240,9999,,Brownsville-Harlingen-San Benito  TX MSA ,137,137,9091,2,4,178,3,11,377,1,8,315,3,3,246,0,0,0,0,0,0,0,0,0
200007,1260,9999,,Bryan-College Station  TX MSA ,50,50,5056,0,0,0,0,0,0,14,336,11802,50,50,5056,0,0,0,0,0,0,14,336,11802
200007,1280,9999,,Buffalo-Niagara Falls  NY MSA ,139,139,25289,0,0,0,0,0,0,3,40,1186,110,110,20759,0,0,0,0,0,0,1,8,200
200007,1305,9999,,Burlington  VT MSA ,64,64,9087,0,0,0,0,0,0,0,0,0,42,42,5837,0,0,0,0,0,0,0,0,0
200007,1320,9999,,Canton-Massillon  OH MSA ,90,90,16177,1,2,236,0,0,0,0,0,0,79,79,14848,0,0,0,0,0,0,0,0,0
200007,1350,9999,,Casper  WY MSA ,8,8,965,0,0,0,0,0,0,0,0,0,6,6,700,0,0,0,0,0,0,0,0,0
200007,1360,9999,,Cedar Rapids  IA MSA ,59,59,7499,3,6,803,3,12,589,7,74,3175,47,47,6194,3,6,803,3,12,589,6,68,2848
200007,1400,9999,,Champaign-Urbana  IL MSA ,24,24,2876,0,0,0,0,0,0,1,60,4270,24,24,2876,0,0,0,0,0,0,1,60,4270
200007,1440,9999,,Charleston-North Charleston  SC MSA ,267,267,43401,1,2,74,0,0,0,5,77,4260,152,152,22751,0,0,0,0,0,0,0,0,0
200007,1480,9999,,Charleston  WV MSA ,27,27,3598,0,0,0,0,0,0,0,0,0,4,4,180,0,0,0,0,0,0,0,0,0
200007,1520,9999,,Charlotte-Gastonia-Rock Hill  NC-SC MSA ,998,998,112179,6,12,620,8,28,1781,43,302,15922,942,942,105650,6,12,620,8,28,1781,41,292,15785
200007,1540,9999,,Charlottesville  VA MSA ,91,91,13668,0,0,0,0,0,0,0,0,0,72,72,12062,0,0,0,0,0,0,0,0,0
200007,1560,9999,,Chattanooga  TN-GA MSA ,171,171,20608,0,0,0,0,0,0,5,29,1305,169,169,20436,0,0,0,0,0,0,4,24,1057
200007,1580,9999,,Cheyenne  WY MSA ,18,18,2450,0,0,0,0,0,0,1,5,161,6,6,1223,0,0,0,0,0,0,0,0,0
200007,1602,1600,,Chicago  IL PMSA ,2432,2432,374711,5,10,783,44,149,12008,45,812,60881,2097,2097,326550,3,6,505,41,138,11291,36,753,56154
200007,1602,2960,,Gary  IN PMSA ,210,210,31765,12,24,2277,3,12,820,1,30,1793,196,196,30104,11,22,2164,3,12,820,1,30,1793
200007,1602,3740,,Kankakee  IL PMSA ,31,31,4425,1,2,145,1,3,166,0,0,0,23,23,3582,0,0,0,0,0,0,0,0,0
200007,1602,3800,,Kenosha  WI PMSA ,46,46,6435,0,0,0,0,0,0,2,34,840,41,41,5706,0,0,0,0,0,0,2,34,840
200007,1620,9999,,Chico-Paradise  CA MSA ,60,60,7030,0,0,0,0,0,0,0,0,0,59,59,6926,0,0,0,0,0,0,0,0,0
200007,1642,1640,,Cincinnati  OH-KY-IN PMSA ,583,583,68960,7,14,823,4,16,1072,12,97,5489,483,483,57689,7,14,823,4,16,1072,8,76,4441
200007,1642,3200,,Hamilton-Middletown  OH PMSA ,145,145,17728,0,0,0,8,31,2427,31,306,15669,123,123,15539,0,0,0,8,31,2427,31,306,15669
200007,1660,9999,,Clarksville-Hopkinsville  TN-KY MSA ,95,95,6611,0,0,0,3,12,420,0,0,0,95,95,6611,0,0,0,3,12,420,0,0,0
200007,1692,0080,,Akron  OH PMSA ,267,267,41515,1,2,130,4,12,1440,1,7,239,240,240,38548,1,2,130,4,12,1440,0,0,0
200007,1692,1680,,Cleveland-Lorain-Elyria  OH PMSA ,556,556,93481,3,6,712,7,25,2292,5,46,2731,370,370,65252,0,0,0,3,11,1304,1,6,612
200007,1720,9999,,Colorado Springs  CO MSA ,329,329,41852,1,2,125,1,4,136,13,208,11727,329,329,41852,1,2,125,1,4,136,13,208,11727
200007,1740,9999,,Columbia  MO MSA ,64,64,7543,2,4,388,2,8,650,0,0,0,64,64,7543,2,4,388,2,8,650,0,0,0
200007,1760,9999,,Columbia  SC MSA ,304,304,27105,1,2,64,0,0,0,0,0,0,274,274,22661,0,0,0,0,0,0,0,0,0
200007,1800,9999,,Columbus  GA-AL MSA ,58,58,8657,0,0,0,0,0,0,12,108,5626,58,58,8657,0,0,0,0,0,0,12,108,5626
200007,1840,9999,,Columbus  OH MSA ,851,851,121106,16,32,2495,10,38,3169,43,465,17844,436,436,66855,13,26,1944,4,16,1660,0,0,0
200007,1880,9999,,Corpus Christi  TX MSA ,62,62,6465,0,0,0,1,4,344,0,0,0,62,62,6465,0,0,0,1,4,344,0,0,0
200007,1890,9999,,Corvallis OR MSA ,18,18,2766,1,2,162,0,0,0,2,18,847,8,8,1014,0,0,0,0,0,0,0,0,0
200007,1900,9999,,Cumberland  MD-WV MSA ,15,15,1761,0,0,0,0,0,0,0,0,0,15,15,1761,0,0,0,0,0,0,0,0,0
200007,1922,1920,,Dallas  TX PMSA ,2110,2110,328518,0,0,0,1,3,158,8,94,5035,1845,1845,290912,0,0,0,0,0,0,3,17,886
200007,1922,2800,,Fort Worth-Arlington  TX PMSA ,911,911,110385,2,4,375,0,0,0,14,86,5413,800,800,89037,2,4,375,0,0,0,13,78,5122
200007,1950,9999,,Danville  VA MSA ,22,22,2114,0,0,0,0,0,0,0,0,0,1,1,80,0,0,0,0,0,0,0,0,0
200007,1960,9999,,Davenport-Moline-Rock Island  IA-IL MSA ,43,43,6701,1,2,157,0,0,0,0,0,0,39,39,5890,1,2,157,0,0,0,0,0,0
200007,2000,9999,,Dayton-Springfield  OH MSA ,170,170,24994,3,6,645,0,0,0,0,0,0,149,149,22541,3,6,645,0,0,0,0,0,0
200007,2020,9999,,Daytona Beach  FL MSA ,395,395,41985,1,2,161,0,0,0,0,0,0,332,332,33558,1,2,161,0,0,0,0,0,0
200007,2030,9999,,Decatur  Al MSA ,28,28,3189,0,0,0,0,0,0,1,5,105,19,19,2386,0,0,0,0,0,0,0,0,0
200007,2040,9999,,Decatur  IL MSA ,12,12,1318,1,2,200,0,0,0,0,0,0,12,12,1318,1,2,200,0,0,0,0,0,0
200007,2082,1125,,Boulder-Longmont  CO PMSA ,162,162,20434,0,0,0,3,11,936,0,0,0,162,162,20434,0,0,0,3,11,936,0,0,0
200007,2082,2080,,Denver  CO PMSA ,1171,1171,164338,25,50,2759,15,57,3870,68,1202,78730,1095,1095,153594,18,36,2159,15,57,3870,66,1192,76720
200007,2082,3060,,Greeley  CO PMSA ,274,274,38549,0,0,0,1,3,203,3,22,1197,187,187,29575,0,0,0,0,0,0,2,12,400
200007,2120,9999,,Des Moines  IA MSA ,180,180,24941,5,10,1132,2,8,528,3,24,2604,169,169,23524,5,10,1132,2,8,528,3,24,2604
200007,2162,0440,,Ann Arbor  MI PMSA ,347,347,51167,1,2,390,3,10,1044,3,27,1905,189,189,30259,0,0,0,0,0,0,0,0,0
200007,2162,2160,,Detroit  MI PMSA ,1274,1274,193731,9,18,1639,16,62,5064,18,202,10477,1068,1068,166210,5,10,930,16,62,5064,14,182,9479
200007,2162,2640,,Flint  MI PMSA ,207,207,28196,0,0,0,3,12,1247,10,168,5622,199,199,27188,0,0,0,3,12,1247,10,168,5622
200007,2180,9999,,Dothan  AL MSA ,20,20,1147,0,0,0,0,0,0,0,0,0,20,20,1147,0,0,0,0,0,0,0,0,0
200007,2190,9999,,Dover  DE MSA ,75,75,8231,0,0,0,0,0,0,0,0,0,75,75,8231,0,0,0,0,0,0,0,0,0
200007,2200,9999,,Dubuque  IA MSA ,13,13,1818,4,8,517,0,0,0,0,0,0,2,2,216,4,8,517,0,0,0,0,0,0
200007,2240,9999,,Duluth-Superior  MN-WI MSA ,31,31,2682,2,4,221,1,3,26,1,16,796,20,20,1443,0,0,0,0,0,0,0,0,0
200007,2290,9999,,Eau Claire  WI MSA ,72,72,9429,3,6,330,4,16,880,2,17,886,71,71,9360,3,6,330,4,16,880,2,17,886
200007,2320,9999,,El Paso  TX MSA ,237,237,12535,6,12,387,1,3,130,4,26,914,3,3,269,0,0,0,0,0,0,0,0,0
200007,2330,9999,,Elkhart-Goshen  IN MSA ,72,72,8309,0,0,0,1,4,200,0,0,0,68,68,7928,0,0,0,1,4,200,0,0,0
200007,2335,9999,,Elmira  NY MSA ,4,4,440,0,0,0,0,0,0,1,16,676,0,0,0,0,0,0,0,0,0,0,0,0
200007,2340,9999,,Enid  OK MSA ,6,6,1184,0,0,0,0,0,0,0,0,0,6,6,1184,0,0,0,0,0,0,0,0,0
200007,2360,9999,,Erie  PA MSA ,33,33,4508,1,2,130,0,0,0,1,6,372,33,33,4508,1,2,130,0,0,0,1,6,372
200007,2400,9999,,Eugene-Springfield  OR MSA ,103,103,14881,1,2,149,2,8,483,0,0,0,80,80,12050,0,0,0,2,8,483,0,0,0
200007,2440,9999,,Evansville-Henderson  IN-KY MSA ,112,112,12763,1,2,194,0,0,0,0,0,0,82,82,9153,0,0,0,0,0,0,0,0,0
200007,2520,9999,,Fargo-Moorhead  ND-MN MSA ,51,51,6009,8,16,1148,7,28,2053,1,6,320,50,50,5897,8,16,1148,7,28,2053,1,6,320
200007,2560,9999,,Fayetteville  NC MSA ,67,67,6783,2,4,203,1,4,200,0,0,0,67,67,6783,2,4,203,1,4,200,0,0,0
200007,2580,9999,,Fayetteville-Springdale-Rogers  AR MSA ,138,138,15689,3,6,556,0,0,0,1,7,268,103,103,11430,2,4,431,0,0,0,0,0,0
200007,2620,9999,,Flagstaff  AZ-UT MSA ,55,55,9804,0,0,0,0,0,0,0,0,0,55,55,9804,0,0,0,0,0,0,0,0,0
200007,2650,9999,,Florence  AL MSA ,10,10,1431,1,2,76,0,0,0,0,0,0,10,10,1431,1,2,76,0,0,0,0,0,0
200007,2655,9999,,Florence  SC MSA ,41,41,3561,0,0,0,0,0,0,1,8,348,0,0,0,0,0,0,0,0,0,0,0,0
200007,2670,9999,,Fort Collins-Loveland  CO MSA ,254,254,33550,2,4,378,2,7,614,6,65,3393,167,167,22947,1,2,219,1,3,350,0,0,0
200007,2700,9999,,Fort Myers-Cape Coral  FL MSA ,382,382,53224,11,22,2207,6,24,2943,13,164,17558,161,161,16520,4,8,596,0,0,0,1,12,1174
200007,2710,9999,,Fort Pierce-Port St. Lucie  FL MSA ,178,178,29859,0,0,0,2,7,1031,3,40,1481,92,92,20431,0,0,0,2,7,1031,3,40,1481
200007,2720,9999,,Fort Smith  AR-OK MSA ,32,32,3748,2,4,262,0,0,0,1,50,1500,32,32,3748,2,4,262,0,0,0,1,50,1500
200007,2750,9999,,Fort Walton Beach  FL MSA ,108,108,11222,1,2,93,1,3,102,2,168,20515,38,38,5443,0,0,0,0,0,0,1,160,20000
200007,2760,9999,,Fort Wayne  IN MSA ,187,187,26487,0,0,0,0,0,0,0,0,0,176,176,25047,0,0,0,0,0,0,0,0,0
200007,2840,9999,,Fresno  CA MSA ,331,331,43968,0,0,0,1,3,135,0,0,0,312,312,42169,0,0,0,0,0,0,0,0,0
200007,2880,9999,,Gadsden  AL MSA ,6,6,778,0,0,0,0,0,0,0,0,0,6,6,778,0,0,0,0,0,0,0,0,0
200007,2900,9999,,Gainesville  FL MSA ,85,85,8250,0,0,0,0,0,0,6,95,4094,16,16,1152,0,0,0,0,0,0,0,0,0
200007,2975,9999,,Glens Falls  NY MSA ,27,27,3264,1,2,132,0,0,0,2,13,700,7,7,920,1,2,132,0,0,0,1,8,502
200007,2980,9999,,Goldsboro  NC MSA ,20,20,2867,0,0,0,1,4,492,0,0,0,20,20,2867,0,0,0,1,4,492,0,0,0
200007,2985,9999,,Grand Forks  ND-MN MSA ,6,6,801,0,0,0,0,0,0,0,0,0,6,6,801,0,0,0,0,0,0,0,0,0
200007,2995,9999,,Grand Junction  CO MSA ,91,91,9778,0,0,0,1,4,364,1,8,460,91,91,9778,0,0,0,1,4,364,1,8,460
200007,3000,9999,,Grand Rapids-Muskegon-Holland  MI MSA ,522,522,69997,1,2,83,3,10,936,5,35,1062,365,365,51515,0,0,0,2,7,753,0,0,0
200007,3040,9999,,Great Falls  MT MSA ,7,7,909,0,0,0,0,0,0,0,0,0,0,0,0,0,0,0,0,0,0,0,0,0
200007,3080,9999,,Green Bay  WI MSA ,67,67,14001,8,16,1142,1,4,460,1,5,215,43,43,10654,6,12,854,1,4,460,0,0,0
200007,3120,9999,,Greensboro--Winston-Salem--High Point  NC MSA ,676,676,76070,4,8,286,2,8,428,6,48,2500,646,646,72379,4,8,286,2,8,428,6,48,2500
200007,3150,9999,,Greenville  NC MSA ,55,55,6758,1,2,152,0,0,0,0,0,0,28,28,3042,0,0,0,0,0,0,0,0,0
200007,3160,9999,,Greenville-Spartanburg-Anderson  SC MSA ,486,486,47805,1,2,62,0,0,0,2,17,831,261,261,28270,1,2,62,0,0,0,0,0,0
200007,3240,9999,,Harrisburg-Lebanon-Carlisle  PA MSA ,136,136,16386,1,2,85,0,0,0,0,0,0,134,134,16237,1,2,85,0,0,0,0,0,0
200007,3280,9999,,Hartford  CT MSA ,290,290,37003,1,2,100,0,0,0,1,7,76,241,241,31712,0,0,0,0,0,0,0,0,0
200007,3285,9999,,Hattiesburg  MS MSA ,5,5,743,0,0,0,0,0,0,1,5,130,0,0,0,0,0,0,0,0,0,0,0,0
200007,3290,9999,,Hickory-Morganton-Lenoir  NC MSA ,152,152,17042,1,2,128,0,0,0,0,0,0,121,121,13418,0,0,0,0,0,0,0,0,0
200007,3320,9999,,Honolulu  HI MSA ,95,95,17152,0,0,0,0,0,0,5,48,3291,95,95,17152,0,0,0,0,0,0,5,48,3291
200007,3350,9999,,Houma  LA MSA ,55,55,5113,0,0,0,0,0,0,0,0,0,52,52,4626,0,0,0,0,0,0,0,0,0
200007,3362,1145,,Brazoria  TX PMSA ,119,119,13656,0,0,0,0,0,0,0,0,0,77,77,9528,0,0,0,0,0,0,0,0,0
200007,3362,2920,,Galveston-Texas City  TX PMSA ,143,143,19004,0,0,0,1,4,186,4,36,971,142,142,18893,0,0,0,0,0,0,4,36,971
200007,3362,3360,,Houston  TX PMSA ,2054,2054,272871,1,2,122,1,3,120,21,333,17336,2012,2012,265093,1,2,122,0,0,0,20,328,17086
200007,3400,9999,,Huntington-Ashland  WV-KY-OH MSA ,6,6,1822,0,0,0,0,0,0,0,0,0,6,6,1822,0,0,0,0,0,0,0,0,0
200007,3440,9999,,Huntsville  AL MSA ,68,68,3985,0,0,0,0,0,0,0,0,0,68,68,3985,0,0,0,0,0,0,0,0,0
200007,3480,9999,,Indianapolis  IN MSA ,991,991,140592,4,8,920,2,8,820,6,94,4239,918,918,131093,4,8,920,2,8,820,6,94,4239
200007,3500,9999,,Iowa City  IA MSA ,23,23,5682,2,4,330,0,0,0,6,72,4145,23,23,5682,2,4,330,0,0,0,6,72,4145
200007,3520,9999,,Jackson  MI MSA ,9,9,1472,0,0,0,0,0,0,3,48,3166,8,8,1364,0,0,0,0,0,0,3,48,3166
200007,3560,9999,,Jackson  MS MSA ,164,164,19413,0,0,0,0,0,0,7,54,2188,91,91,11193,0,0,0,0,0,0,0,0,0
200007,3580,9999,,Jackson  TN MSA ,53,53,6119,0,0,0,0,0,0,0,0,0,53,53,6119,0,0,0,0,0,0,0,0,0
200007,3600,9999,,Jacksonville  FL MSA ,690,690,125342,0,0,0,0,0,0,33,524,34623,688,688,125114,0,0,0,0,0,0,29,470,32232
200007,3605,9999,,Jacksonville  NC MSA ,36,36,2813,0,0,0,0,0,0,0,0,0,36,36,2813,0,0,0,0,0,0,0,0,0
200007,3610,9999,,Jamestown  NY MSA ,1,1,88,0,0,0,0,0,0,0,0,0,0,0,0,0,0,0,0,0,0,0,0,0
200007,3620,9999,,Janesville-Beloit  WI MSA ,17,17,2030,1,2,170,1,4,350,1,5,175,17,17,2030,1,2,170,1,4,350,0,0,0
200007,3660,9999,,Johnson City-Kingsport-Bristol  TN-VA MSA ,68,68,6948,0,0,0,0,0,0,1,5,198,42,42,4157,0,0,0,0,0,0,0,0,0
200007,3680,9999,,Johnstown  PA MSA ,8,8,1036,0,0,0,2,6,364,0,0,0,8,8,1036,0,0,0,2,6,364,0,0,0
200007,3700,9999,,Jonesboro  AR MSA ,12,12,1529,0,0,0,0,0,0,1,16,320,12,12,1529,0,0,0,0,0,0,1,16,320
200007,3710,9999,,Joplin  MO MSA ,12,12,1129,0,0,0,0,0,0,0,0,0,12,12,1129,0,0,0,0,0,0,0,0,0
200007,3720,9999,,Kalamazoo-Battle Creek  MI MSA ,85,85,12565,1,2,145,2,7,420,22,340,24432,52,52,8387,0,0,0,2,7,420,20,324,23460
200007,3760,9999,,Kansas City  MO-KS MSA ,672,672,92257,37,74,5093,2,7,546,4,32,1143,631,631,87051,37,74,5093,2,7,546,4,32,1143
200007,3810,9999,,Killeen-Temple  TX MSA ,127,127,12747,1,2,138,1,4,207,0,0,0,126,126,12673,1,2,138,1,4,207,0,0,0
200007,3840,9999,,Knoxville  TN MSA ,225,225,28739,0,0,0,1,4,186,3,31,625,189,189,26080,0,0,0,0,0,0,0,0,0
200007,3850,9999,,Kokomo  IN MSA ,20,20,2813,3,6,699,0,0,0,1,8,343,8,8,943,2,4,555,0,0,0,0,0,0
200007,3870,9999,,La Crosse  WI-MN MSA ,31,31,4411,1,2,170,0,0,0,1,7,322,29,29,4177,1,2,170,0,0,0,0,0,0
200007,3880,9999,,Lafayette  LA MSA ,83,83,9429,0,0,0,0,0,0,0,0,0,83,83,9429,0,0,0,0,0,0,0,0,0
200007,3920,9999,,Lafayette  IN MSA ,49,49,6648,0,0,0,0,0,0,0,0,0,49,49,6648,0,0,0,0,0,0,0,0,0
200007,3960,9999,,Lake Charles  LA MSA ,72,72,6063,2,4,122,7,22,1075,0,0,0,69,69,5596,2,4,122,7,22,1075,0,0,0
200007,3980,9999,,Lakeland-Winter Haven  FL MSA ,258,258,29763,0,0,0,0,0,0,0,0,0,258,258,29763,0,0,0,0,0,0,0,0,0
200007,4000,9999,,Lancaster  PA MSA ,101,101,11870,0,0,0,0,0,0,2,90,15327,94,94,11318,0,0,0,0,0,0,2,90,15327
200007,4040,9999,,Lansing-East Lansing  MI MSA ,83,83,11842,0,0,0,0,0,0,16,149,7296,69,69,10077,0,0,0,0,0,0,15,144,7188
200007,4080,9999,,Laredo  TX MSA ,103,103,6698,0,0,0,0,0,0,1,17,693,0,0,0,0,0,0,0,0,0,0,0,0
200007,4100,9999,,Las Cruces  NM MSA ,60,60,7731,0,0,0,0,0,0,0,0,0,55,55,7297,0,0,0,0,0,0,0,0,0
200007,4120,9999,,Las Vegas  NV-AZ MSA ,1610,1610,173368,1,2,111,1,3,317,30,282,14079,1406,1406,155551,0,0,0,0,0,0,21,204,10066
200007,4150,9999,,Lawrence  KS MSA ,34,34,3783,3,6,418,0,0,0,0,0,0,28,28,3058,3,6,418,0,0,0,0,0,0
200007,4200,9999,,Lawton  OK MSA ,9,9,1113,1,2,64,0,0,0,0,0,0,0,0,0,0,0,0,0,0,0,0,0,0
200007,4240,9999,,Lewiston-Auburn  ME MSA ,21,21,2416,0,0,0,0,0,0,0,0,0,16,16,1826,0,0,0,0,0,0,0,0,0
200007,4280,9999,,Lexington  KY MSA ,193,193,22547,1,2,80,2,7,240,2,46,2396,166,166,19421,1,2,80,2,7,240,2,46,2396
200007,4320,9999,,Lima  OH MSA ,6,6,827,0,0,0,0,0,0,0,0,0,6,6,827,0,0,0,0,0,0,0,0,0
200007,4360,9999,,Lincoln  NE MSA ,87,87,12051,2,4,278,0,0,0,4,38,1165,4,4,577,1,2,163,0,0,0,0,0,0
200007,4400,9999,,Little Rock-North Little Rock  AR MSA ,166,166,23346,2,4,150,0,0,0,0,0,0,166,166,23346,2,4,150,0,0,0,0,0,0
200007,4420,9999,,Longview-Marshall  TX MSA ,8,8,1536,0,0,0,0,0,0,0,0,0,8,8,1536,0,0,0,0,0,0,0,0,0
200007,4472,4480,,Los Angeles-Long Beach  CA PMSA ,555,555,122520,6,12,906,10,39,1794,17,1017,66059,519,519,115808,5,10,798,10,39,1794,13,993,63863
200007,4472,5945,,Orange County  CA PMSA ,554,554,132266,23,46,5824,9,36,3229,10,544,48556,526,526,123399,22,44,5522,9,36,3229,8,462,41642
200007,4472,6780,,Riverside-San Bernardino  CA PMSA ,1668,1668,291426,1,2,191,3,10,836,8,175,13210,1568,1568,275307,0,0,0,1,3,432,7,168,12717
200007,4472,8735,,Ventura  CA PMSA ,232,232,52977,0,0,0,1,4,270,1,5,355,167,167,37571,0,0,0,1,4,270,0,0,0
200007,4520,9999,,Louisville  KY-IN MSA ,441,441,48415,1,2,116,1,3,98,13,132,6866,370,370,41504,0,0,0,0,0,0,10,114,5938
200007,4600,9999,,Lubbock  TX MSA ,50,50,4872,0,0,0,0,0,0,0,0,0,50,50,4872,0,0,0,0,0,0,0,0,0
200007,4640,9999,,Lynchburg  VA MSA ,69,69,8403,1,2,93,0,0,0,0,0,0,28,28,3821,0,0,0,0,0,0,0,0,0
200007,4680,9999,,Macon  GA MSA ,137,137,12055,0,0,0,0,0,0,34,285,11044,130,130,11405,0,0,0,0,0,0,33,280,10811
200007,4720,9999,,Madison  WI MSA ,154,154,22843,9,18,1672,7,27,2075,5,59,4098,129,129,18653,6,12,1055,2,8,485,2,36,2985
200007,4800,9999,,Mansfield  OH MSA ,26,26,3062,5,10,344,0,0,0,1,5,220,4,4,280,5,10,344,0,0,0,0,0,0
200007,4880,9999,,McAllen-Edinburg-Mission  TX MSA ,358,358,18902,3,6,346,4,12,342,3,31,455,200,200,8815,0,0,0,0,0,0,1,18,65
200007,4890,9999,,Medford-Ashland  OR MSA ,95,95,13237,2,4,300,1,4,305,1,5,494,82,82,11485,2,4,300,1,4,305,0,0,0
200007,4900,9999,,Melbourne-Titusville-Palm Bay  FL MSA ,271,271,28936,0,0,0,0,0,0,6,72,3967,100,100,8484,0,0,0,0,0,0,2,32,1821
200007,4920,9999,,Memphis  TN-AR-MS MSA ,487,487,71663,0,0,0,0,0,0,33,676,35728,473,473,70253,0,0,0,0,0,0,33,676,35728
200007,4940,9999,,Merced  CA MSA ,72,72,10541,0,0,0,0,0,0,0,0,0,72,72,10541,0,0,0,0,0,0,0,0,0
200007,4992,2680,,Fort Lauderdale  FL PMSA ,758,758,118445,1,2,48,2,8,600,17,240,12779,758,758,118445,1,2,48,2,8,600,17,240,12779
200007,4992,5000,,Miami  FL PMSA ,415,415,53637,33,66,4137,7,28,1781,12,494,68563,415,415,53637,33,66,4137,7,28,1781,12,494,68563
200007,5082,5080,,Milwaukee-Waukesha  WI PMSA ,272,272,50949,12,24,2535,3,11,685,11,146,15466,220,220,41603,10,20,2193,3,11,685,5,109,13370
200007,5082,6600,,Racine  WI PMSA ,52,52,7519,1,2,136,2,7,585,1,9,311,48,48,7076,0,0,0,1,4,350,0,0,0
200007,5120,9999,,Minneapolis-St. Paul  MN-WI MSA ,1268,1268,195546,17,34,3606,11,43,2385,14,244,20615,1095,1095,172093,12,24,2558,9,36,2151,10,217,18947
200007,5140,9999,,Missoula  MT MSA ,16,16,1729,0,0,0,1,4,192,0,0,0,16,16,1729,0,0,0,1,4,192,0,0,0
200007,5160,9999,,Mobile  AL MSA ,267,267,30063,0,0,0,0,0,0,2,15,383,85,85,10412,0,0,0,0,0,0,0,0,0
200007,5170,9999,,Modesto  CA MSA ,210,210,30133,1,2,194,0,0,0,0,0,0,210,210,30133,1,2,194,0,0,0,0,0,0
200007,5200,9999,,Monroe  LA MSA ,40,40,3684,1,2,50,0,0,0,0,0,0,40,40,3684,1,2,50,0,0,0,0,0,0
200007,5240,9999,,Montgomery  AL MSA ,98,98,7633,0,0,0,0,0,0,0,0,0,82,82,6716,0,0,0,0,0,0,0,0,0
200007,5280,9999,,Muncie  IN MSA ,18,18,2520,1,2,62,0,0,0,0,0,0,5,5,436,1,2,62,0,0,0,0,0,0
200007,5330,9999,,Myrtle Beach  SC MSA ,141,141,17091,0,0,0,1,4,80,16,296,23217,141,141,17091,0,0,0,1,4,80,16,296,23217
200007,5345,9999,,Naples  FL MSA ,277,277,46174,1,2,79,11,42,3900,17,232,11448,277,277,46174,1,2,79,11,42,3900,17,232,11448
200007,5360,9999,,Nashville  TN MSA ,752,752,96179,7,14,689,5,19,968,4,78,5935,451,451,48935,4,8,325,5,19,968,0,0,0
200007,5520,9999,,New London-Norwich  CT-RI MSA ,74,74,8246,0,0,0,1,3,169,0,0,0,46,46,4851,0,0,0,0,0,0,0,0,0
200007,5560,9999,,New Orleans  LA MSA ,263,263,35231,12,24,1567,1,3,200,1,12,612,257,257,34164,11,22,1399,0,0,0,0,0,0
200007,5602,0875,,Bergen-Passaic  NJ PMSA ,88,88,17129,11,22,1733,0,0,0,4,44,2201,21,21,5948,8,16,1273,0,0,0,0,0,0
200007,5602,1160,,Bridgeport  CT PMSA ,77,77,8194,0,0,0,1,3,100,0,0,0,70,70,6861,0,0,0,1,3,100,0,0,0
200007,5602,1930,,Danbury  CT PMSA ,59,59,10451,0,0,0,1,3,224,0,0,0,48,48,7328,0,0,0,1,3,224,0,0,0
200007,5602,2281,,Dutchess County  NY PMSA ,87,87,14480,0,0,0,0,0,0,1,7,439,42,42,7510,0,0,0,0,0,0,0,0,0
200007,5602,3640,,Jersey City  NJ PMSA ,24,24,1418,6,12,747,1,4,105,2,145,11722,22,22,1155,0,0,0,0,0,0,0,0,0
200007,5602,5015,,Middlesex-Somerset-Hunterdon  NJ PMSA ,337,337,42960,0,0,0,1,3,28,5,83,2173,186,186,25875,0,0,0,0,0,0,0,0,0
200007,5602,5190,,Monmouth-Ocean  NJ PMSA ,521,521,71148,0,0,0,0,0,0,2,36,915,405,405,55879,0,0,0,0,0,0,2,36,915
200007,5602,5380,,Nassau-Suffolk  NY PMSA ,417,417,63221,1,2,94,2,8,790,2,15,2022,331,331,52936,0,0,0,0,0,0,1,10,1200
200007,5602,5480,,New Haven-Meriden  CT PMSA ,76,76,10775,1,2,215,0,0,0,1,17,796,65,65,9179,1,2,215,0,0,0,0,0,0
200007,5602,5600,,New York  NY PMSA ,277,277,55495,143,286,18931,33,105,8006,16,766,46980,204,204,35150,139,278,18448,31,98,7312,12,743,45443
200007,5602,5640,,Newark  NJ PMSA ,331,331,39898,8,16,809,0,0,0,5,57,1749,248,248,30665,8,16,809,0,0,0,4,39,1263
200007,5602,5660,,Newburgh  NY-PA PMSA ,142,142,18762,2,4,429,0,0,0,7,132,7879,118,118,16233,0,0,0,0,0,0,4,89,5000
200007,5602,8040,,Stamford-Norwalk  CT PMSA ,34,34,15695,1,2,90,0,0,0,1,160,17472,17,17,7455,1,2,90,0,0,0,1,160,17472
200007,5602,8480,,Trenton  NJ PMSA ,79,79,6048,0,0,0,0,0,0,1,6,143,54,54,4296,0,0,0,0,0,0,0,0,0
200007,5602,8880,,Waterbury  CT PMSA ,47,47,6284,0,0,0,0,0,0,0,0,0,37,37,4926,0,0,0,0,0,0,0,0,0
200007,5720,9999,,Norfolk-Virginia Beach-Newport News  VA-NC MSA ,462,462,51434,0,0,0,0,0,0,3,33,1085,304,304,35697,0,0,0,0,0,0,1,10,465
200007,5790,9999,,Ocala  FL MSA ,182,182,35853,0,0,0,1,3,124,0,0,0,180,180,35695,0,0,0,1,3,124,0,0,0
200007,5800,9999,,Odessa-Midland  TX MSA ,20,20,2434,0,0,0,0,0,0,0,0,0,13,13,1607,0,0,0,0,0,0,0,0,0
200007,5880,9999,,Oklahoma City  OK MSA ,309,309,40503,0,0,0,0,0,0,1,47,2448,304,304,39905,0,0,0,0,0,0,1,47,2448
200007,5920,9999,,Omaha  NE-IA MSA ,276,276,25527,1,2,123,0,0,0,7,144,6940,272,272,25091,0,0,0,0,0,0,7,144,6940
200007,5960,9999,,Orlando  FL MSA ,1323,1323,163322,0,0,0,2,7,466,19,288,15003,1036,1036,134596,0,0,0,1,4,160,18,280,14599
200007,5990,9999,,Owensboro  KY MSA ,50,50,3592,0,0,0,6,24,548,0,0,0,31,31,2519,0,0,0,6,24,548,0,0,0
200007,6015,9999,,Panama City  FL MSA ,54,54,6277,2,4,245,1,4,140,1,88,4584,54,54,6277,2,4,245,1,4,140,1,88,4584
200007,6020,9999,,Parkersburg-Marietta  WV-OH MSA ,21,21,1853,0,0,0,0,0,0,0,0,0,21,21,1853,0,0,0,0,0,0,0,0,0
200007,6080,9999,,Pensacola  FL MSA ,204,204,23930,3,6,322,0,0,0,0,0,0,204,204,23930,3,6,322,0,0,0,0,0,0
200007,6120,9999,,Peoria-Pekin  IL MSA ,84,84,11761,2,4,272,0,0,0,9,90,4500,52,52,7642,0,0,0,0,0,0,9,90,4500
200007,6162,0560,,Atlantic-Cape May  NJ PMSA ,144,144,11758,9,18,803,0,0,0,2,21,998,90,90,7296,7,14,400,0,0,0,1,7,500
200007,6162,6160,,Philadelphia  PA-NJ PMSA ,985,985,128527,4,8,574,2,8,945,8,72,3360,690,690,93005,3,6,396,2,8,945,1,8,513
200007,6162,8760,,Vineland-Millville-Bridgeton  NJ PMSA ,12,12,1184,0,0,0,0,0,0,1,6,304,9,9,746,0,0,0,0,0,0,0,0,0
200007,6162,9160,,Wilmington-Newark  DE-MD PMSA ,159,159,14337,0,0,0,0,0,0,1,5,80,150,150,13664,0,0,0,0,0,0,0,0,0
200007,6200,9999,,Phoenix-Mesa  AZ MSA ,2548,2548,337944,0,0,0,12,47,3667,80,711,40378,2523,2523,335810,0,0,0,10,39,3287,78,689,39082
200007,6240,9999,,Pine Bluff  AR MSA ,9,9,747,1,2,48,0,0,0,0,0,0,5,5,597,0,0,0,0,0,0,0,0,0
200007,6280,9999,,Pittsburgh  PA MSA ,377,377,51369,4,8,467,7,26,1492,7,134,8974,233,233,34450,2,4,280,4,15,906,2,83,6475
200007,6320,9999,,Pittsfield  MA MSA ,1,1,235,0,0,0,0,0,0,0,0,0,1,1,235,0,0,0,0,0,0,0,0,0
200007,6340,9999,,Pocatello  ID MSA ,9,9,1010,0,0,0,0,0,0,0,0,0,9,9,1010,0,0,0,0,0,0,0,0,0
200007,6400,9999,,Portland  ME MSA ,142,142,19101,0,0,0,0,0,0,0,0,0,112,112,15054,0,0,0,0,0,0,0,0,0
200007,6442,6440,,Portland-Vancouver  OR-WA PMSA ,782,782,113432,7,14,1242,3,10,692,5,84,5480,628,628,95625,4,8,723,1,3,245,2,30,1936
200007,6442,7080,,Salem  OR PMSA ,109,109,15048,1,2,127,0,0,0,1,5,226,74,74,10216,0,0,0,0,0,0,0,0,0
200007,6480,9999,,Providence-Fall River-Warwick  RI-MA MSA ,219,219,24253,9,18,730,3,9,493,2,13,427,120,120,14714,6,12,480,3,9,493,0,0,0
200007,6520,9999,,Provo-Orem  UT MSA ,233,233,31587,5,10,1047,1,4,274,3,33,1890,206,206,28646,4,8,883,1,4,274,3,33,1890
200007,6560,9999,,Pueblo  CO MSA ,65,65,6839,2,4,176,1,4,250,0,0,0,65,65,6839,2,4,176,1,4,250,0,0,0
200007,6580,9999,,Punta Gorda  FL MSA ,108,108,13230,2,4,338,0,0,0,1,24,1889,108,108,13230,2,4,338,0,0,0,1,24,1889
200007,6640,9999,,Raleigh-Durham-Chapel Hill  NC MSA ,1010,1010,139758,5,10,534,3,11,988,23,305,14378,521,521,72304,5,10,534,1,4,320,2,13,1149
200007,6660,9999,,Rapid City  SD MSA ,65,65,8115,0,0,0,0,0,0,0,0,0,65,65,8115,0,0,0,0,0,0,0,0,0
200007,6680,9999,,Reading  PA MSA ,72,72,8129,0,0,0,0,0,0,0,0,0,34,34,3452,0,0,0,0,0,0,0,0,0
200007,6690,9999,,Redding  CA MSA ,66,66,9280,0,0,0,0,0,0,0,0,0,63,63,8997,0,0,0,0,0,0,0,0,0
200007,6720,9999,,Reno  NV MSA ,260,260,33291,2,4,120,1,3,191,5,290,12465,211,211,27169,2,4,120,0,0,0,4,282,11976
200007,6740,9999,,Richland-Kennewick-Pasco  WA MSA ,72,72,7512,0,0,0,0,0,0,0,0,0,36,36,3316,0,0,0,0,0,0,0,0,0
200007,6760,9999,,Richmond-Petersburg  VA MSA ,473,473,54127,0,0,0,0,0,0,0,0,0,442,442,51341,0,0,0,0,0,0,0,0,0
200007,6800,9999,,Roanoke  VA MSA ,56,56,5343,1,2,121,0,0,0,1,7,247,42,42,4316,0,0,0,0,0,0,0,0,0
200007,6820,9999,,Rochester  MN MSA ,74,74,10799,5,10,1111,3,10,912,1,19,576,23,23,3813,0,0,0,0,0,0,0,0,0
200007,6840,9999,,Rochester  NY MSA ,151,151,24956,0,0,0,0,0,0,4,40,2358,103,103,17151,0,0,0,0,0,0,1,6,170
200007,6880,9999,,Rockford  IL MSA ,135,135,12231,6,12,730,0,0,0,2,13,567,135,135,12231,6,12,730,0,0,0,2,13,567
200007,6895,9999,,Rocky Mount  NC MSA ,27,27,2173,0,0,0,0,0,0,0,0,0,27,27,2173,0,0,0,0,0,0,0,0,0
200007,6922,6920,,Sacramento  CA PMSA ,1113,1113,196251,6,12,946,0,0,0,11,406,27940,1110,1110,195823,6,12,946,0,0,0,11,406,27940
200007,6922,9270,,Yolo  CA PMSA ,49,49,11017,0,0,0,0,0,0,0,0,0,49,49,11017,0,0,0,0,0,0,0,0,0
200007,6960,9999,,Saginaw-Bay City-Midland  MI MSA ,28,28,3484,0,0,0,1,3,333,1,5,328,19,19,2265,0,0,0,0,0,0,0,0,0
200007,6980,9999,,St. Cloud  MN MSA ,54,54,6552,0,0,0,0,0,0,1,5,328,11,11,1733,0,0,0,0,0,0,0,0,0
200007,7000,9999,,St. Joseph  MO MSA ,12,12,1596,2,4,269,1,3,161,1,5,229,0,0,0,0,0,0,0,0,0,0,0,0
200007,7040,9999,,St. Louis  MO-IL MSA ,773,773,101095,8,16,1052,1,4,175,6,43,4238,683,683,89657,6,12,774,1,4,175,1,6,2500
200007,7120,9999,,Salinas  CA MSA ,98,98,22080,0,0,0,0,0,0,0,0,0,96,96,21891,0,0,0,0,0,0,0,0,0
200007,7160,9999,,Salt Lake City-Ogden  UT MSA ,515,515,66782,5,10,1258,15,52,4740,2,27,1413,408,408,54263,2,4,525,13,45,4227,1,8,530
200007,7200,9999,,San Angelo  TX MSA ,17,17,1542,0,0,0,0,0,0,0,0,0,17,17,1542,0,0,0,0,0,0,0,0,0
200007,7240,9999,,San Antonio  TX MSA ,688,688,61209,0,0,0,0,0,0,3,38,1460,683,683,60648,0,0,0,0,0,0,2,22,1000
200007,7320,9999,,San Diego  CA MSA ,794,794,167185,2,4,493,1,3,315,7,44,4520,793,793,167051,2,4,493,1,3,315,7,44,4520
200007,7362,5775,,Oakland  CA PMSA ,512,512,114895,1,2,181,4,15,1223,8,71,4790,436,436,100106,1,2,181,4,15,1223,6,48,3087
200007,7362,7360,,San Francisco  CA PMSA ,100,100,32126,6,12,2463,3,11,2207,7,271,25423,82,82,25882,6,12,2463,3,11,2207,7,271,25423
200007,7362,7400,,San Jose  CA PMSA ,160,160,39885,2,4,485,1,4,633,12,102,7203,110,110,29148,1,2,181,0,0,0,7,39,2508
200007,7362,7485,,Santa Cruz-Watsonville  CA PMSA ,32,32,7474,0,0,0,0,0,0,0,0,0,32,32,7474,0,0,0,0,0,0,0,0,0
200007,7362,7500,,Santa Rosa  CA PMSA ,161,161,25452,1,2,103,0,0,0,2,29,1481,46,46,8671,0,0,0,0,0,0,0,0,0
200007,7362,8720,,Vallejo-Fairfield-Napa  CA PMSA ,187,187,37114,0,0,0,0,0,0,0,0,0,175,175,34326,0,0,0,0,0,0,0,0,0
200007,7460,9999,,San Luis Obispo-Atascadero-Paso Robles  CA MSA ,120,120,18875,0,0,0,0,0,0,1,5,239,44,44,7198,0,0,0,0,0,0,0,0,0
200007,7480,9999,,Santa Barbara-Santa Maria-Lompoc  CA MSA ,44,44,10191,1,2,223,3,11,384,2,11,1115,2,2,265,0,0,0,2,8,176,0,0,0
200007,7490,9999,,Santa Fe  NM MSA ,29,29,3288,0,0,0,1,3,157,3,34,1592,0,0,0,0,0,0,0,0,0,0,0,0
200007,7510,9999,,Sarasota-Bradenton  FL MSA ,533,533,68497,1,2,150,2,8,621,23,310,14853,522,522,67352,1,2,150,2,8,621,22,304,14772
200007,7520,9999,,Savannah  GA MSA ,86,86,10212,0,0,0,1,4,243,0,0,0,77,77,9451,0,0,0,1,4,243,0,0,0
200007,7560,9999,,Scranton--Wilkes-Barre--Hazleton  PA MSA ,35,35,4205,1,2,45,2,8,420,0,0,0,23,23,2481,1,2,45,2,8,420,0,0,0
200007,7602,1150,,Bremerton  WA PMSA ,81,81,10023,0,0,0,0,0,0,0,0,0,61,61,6179,0,0,0,0,0,0,0,0,0
200007,7602,5910,,Olympia  WA PMSA ,79,79,11473,3,6,659,1,4,275,0,0,0,75,75,10877,1,2,239,1,4,275,0,0,0
200007,7602,7600,,Seattle-Bellevue-Everett  WA PMSA ,738,738,114718,9,18,1763,10,38,3409,47,933,72167,580,580,92772,8,16,1645,8,31,2453,39,855,63932
200007,7602,8200,,Tacoma  WA PMSA ,254,254,36738,8,16,1961,16,63,5142,0,0,0,236,236,34605,7,14,1798,15,60,4892,0,0,0
200007,7610,9999,,Sharon  PA MSA ,18,18,1480,0,0,0,0,0,0,0,0,0,15,15,1163,0,0,0,0,0,0,0,0,0
200007,7620,9999,,Sheboygan  WI MSA ,2,2,364,0,0,0,0,0,0,0,0,0,1,1,190,0,0,0,0,0,0,0,0,0
200007,7640,9999,,Sherman-Denison  TX MSA ,10,10,759,0,0,0,0,0,0,0,0,0,9,9,681,0,0,0,0,0,0,0,0,0
200007,7680,9999,,Shreveport-Bossier City  LA MSA ,75,75,11165,0,0,0,0,0,0,0,0,0,62,62,9724,0,0,0,0,0,0,0,0,0
200007,7720,9999,,Sioux City  IA-NE MSA ,14,14,1469,1,2,181,1,4,160,0,0,0,10,10,963,1,2,181,1,4,160,0,0,0
200007,7760,9999,,Sioux Falls  SD MSA ,110,110,10207,1,2,173,0,0,0,1,5,212,97,97,9296,1,2,173,0,0,0,1,5,212
200007,7800,9999,,South Bend  IN MSA ,83,83,12536,1,2,210,0,0,0,11,88,3763,83,83,12536,1,2,210,0,0,0,11,88,3763
200007,7840,9999,,Spokane  WA MSA ,108,108,15157,0,0,0,4,16,146,2,12,1287,108,108,15157,0,0,0,4,16,146,2,12,1287
200007,7880,9999,,Springfield  IL MSA ,49,49,6193,7,14,930,0,0,0,1,12,734,37,37,5405,7,14,930,0,0,0,1,12,734
200007,7920,9999,,Springfield  MO MSA ,141,141,18388,2,4,260,1,3,98,1,14,419,90,90,12574,2,4,260,0,0,0,0,0,0
200007,8000,9999,,Springfield  MA MSA ,45,45,6593,0,0,0,1,4,475,1,12,467,34,34,4898,0,0,0,1,4,475,1,12,467
200007,8050,9999,,State College  PA MSA ,31,31,4132,0,0,0,2,6,840,1,5,167,5,5,500,0,0,0,0,0,0,0,0,0
200007,8080,9999,,Steubenville-Weirton  OH-WV MSA ,1,1,125,0,0,0,0,0,0,0,0,0,1,1,125,0,0,0,0,0,0,0,0,0
200007,8120,9999,,Stockton-Lodi  CA MSA ,470,470,73114,1,2,121,0,0,0,0,0,0,461,461,71591,0,0,0,0,0,0,0,0,0
200007,8140,9999,,Sumter  SC MSA ,20,20,1933,0,0,0,0,0,0,0,0,0,0,0,0,0,0,0,0,0,0,0,0,0
200007,8160,9999,,Syracuse  NY MSA ,68,68,7747,6,12,725,6,24,600,0,0,0,50,50,5791,6,12,725,6,24,600,0,0,0
200007,8240,9999,,Tallahassee  FL MSA ,82,82,10904,0,0,0,1,4,254,0,0,0,82,82,10904,0,0,0,1,4,254,0,0,0
200007,8280,9999,,Tampa-St. Petersburg-Clearwater  FL MSA ,975,975,117296,22,44,3144,6,24,1453,4,80,3847,957,957,115242,22,44,3144,6,24,1453,1,60,2500
200007,8320,9999,,Terre Haute  IN MSA ,22,22,3032,0,0,0,0,0,0,0,0,0,22,22,3032,0,0,0,0,0,0,0,0,0
200007,8360,9999,,Texarkana  TX-Texarkana  AR MSA ,16,16,1470,0,0,0,0,0,0,0,0,0,16,16,1470,0,0,0,0,0,0,0,0,0
200007,8400,9999,,Toledo  OH MSA ,105,105,15085,2,4,382,0,0,0,1,8,500,105,105,15085,2,4,382,0,0,0,1,8,500
200007,8440,9999,,Topeka  KS MSA ,56,56,7047,0,0,0,0,0,0,0,0,0,56,56,7047,0,0,0,0,0,0,0,0,0
200007,8520,9999,,Tucson  AZ MSA ,329,329,51202,0,0,0,0,0,0,0,0,0,329,329,51202,0,0,0,0,0,0,0,0,0
200007,8560,9999,,Tulsa  OK MSA ,253,253,31176,2,4,235,1,3,120,1,6,205,233,233,27950,2,4,235,1,3,120,0,0,0
200007,8600,9999,,Tuscaloosa  AL MSA ,44,44,4458,0,0,0,0,0,0,0,0,0,44,44,4458,0,0,0,0,0,0,0,0,0
200007,8640,9999,,Tyler  TX MSA ,24,24,4227,0,0,0,0,0,0,1,5,231,0,0,0,0,0,0,0,0,0,0,0,0
200007,8680,9999,,Utica-Rome  NY MSA ,9,9,1128,0,0,0,0,0,0,0,0,0,9,9,1128,0,0,0,0,0,0,0,0,0
200007,8750,9999,,Victoria  TX MSA ,14,14,1494,0,0,0,0,0,0,0,0,0,14,14,1494,0,0,0,0,0,0,0,0,0
200007,8780,9999,,Visalia-Tulare-Porterville  CA MSA ,140,140,13898,1,2,76,0,0,0,0,0,0,134,134,13449,1,2,76,0,0,0,0,0,0
200007,8800,9999,,Waco  TX MSA ,30,30,4131,0,0,0,0,0,0,0,0,0,30,30,4131,0,0,0,0,0,0,0,0,0
200007,8872,0720,,Baltimore  MD PMSA ,744,744,86361,0,0,0,0,0,0,2,35,1823,736,736,85712,0,0,0,0,0,0,2,35,1823
200007,8872,3180,,Hagerstown  MD PMSA ,53,53,5824,0,0,0,0,0,0,0,0,0,53,53,5824,0,0,0,0,0,0,0,0,0
200007,8872,8840,,Washington  DC-MD-VA-WV PMSA ,2380,2380,263618,1,2,122,8,31,1980,85,1427,70458,2184,2184,242589,1,2,122,7,28,1781,79,1367,67946
200007,8920,9999,,Waterloo-Cedar Falls  IA MSA ,7,7,1169,0,0,0,0,0,0,0,0,0,7,7,1169,0,0,0,0,0,0,0,0,0
200007,8940,9999,,Wausau  WI MSA ,29,29,3778,0,0,0,1,4,275,0,0,0,16,16,2295,0,0,0,1,4,275,0,0,0
200007,8960,9999,,West Palm Beach-Boca Raton  FL MSA ,399,399,63133,1,2,161,0,0,0,15,162,9165,394,394,60830,1,2,161,0,0,0,15,162,9165
200007,9000,9999,,Wheeling  WV-OH MSA ,1,1,139,0,0,0,0,0,0,0,0,0,0,0,0,0,0,0,0,0,0,0,0,0
200007,9040,9999,,Wichita  KS MSA ,127,127,12970,2,4,300,0,0,0,0,0,0,99,99,10489,1,2,146,0,0,0,0,0,0
200007,9080,9999,,Wichita Falls  TX MSA ,16,16,1372,0,0,0,0,0,0,0,0,0,13,13,1122,0,0,0,0,0,0,0,0,0
200007,9200,9999,,Wilmington  NC MSA ,165,165,19562,0,0,0,0,0,0,1,5,236,109,109,15447,0,0,0,0,0,0,0,0,0
200007,9260,9999,,Yakima  WA MSA ,23,23,2692,2,4,248,1,4,212,0,0,0,20,20,2470,0,0,0,0,0,0,0,0,0
200007,9280,9999,,York  PA MSA ,109,109,12145,4,8,480,1,4,200,0,0,0,44,44,5368,4,8,480,1,4,200,0,0,0
200007,9320,9999,,Youngstown-Warren  OH MSA ,97,97,12175,3,6,546,2,7,542,0,0,0,97,97,12175,3,6,546,1,4,357,0,0,0
200007,9340,9999,,Yuba City  CA MSA ,22,22,3705,0,0,0,0,0,0,0,0,0,12,12,2148,0,0,0,0,0,0,0,0,0
200007,9360,9999,,Yuma  AZ MSA ,75,75,7346,0,0,0,0,0,0,0,0,0,75,75,7346,0,0,0,0,0,0,0,0,0
200007,1122,9999,,Boston-Worcester-Lawrence  MA-NH-ME-CT CMSA ,1166,1166,187185,15,30,2535,9,28,2532,28,695,45687,786,786,136179,8,16,1507,8,25,2165,18,613,39134
200007,1602,9999,,Chicago-Gary-Kenosha  IL-IN-WI CMSA ,2719,2719,417336,18,36,3205,48,164,12994,48,876,63514,2357,2357,365942,14,28,2669,44,150,12111,39,817,58787
200007,1642,9999,,Cincinnati-Hamilton  OH-KY-IN CMSA ,728,728,86688,7,14,823,12,47,3499,43,403,21158,606,606,73228,7,14,823,12,47,3499,39,382,20110
200007,1692,9999,,Cleveland-Akron  OH CMSA ,823,823,134996,4,8,842,11,37,3732,6,53,2970,610,610,103800,1,2,130,7,23,2744,1,6,612
200007,1922,9999,,Dallas-Fort Worth  TX CMSA ,3021,3021,438903,2,4,375,1,3,158,22,180,10448,2645,2645,379949,2,4,375,0,0,0,16,95,6008
200007,2082,9999,,Denver-Boulder-Greeley  CO CMSA ,1607,1607,223321,25,50,2759,19,71,5009,71,1224,79927,1444,1444,203603,18,36,2159,18,68,4806,68,1204,77120
200007,2162,9999,,Detroit-Ann Arbor-Flint  MI CMSA ,1828,1828,273094,10,20,2029,22,84,7355,31,397,18004,1456,1456,223657,5,10,930,19,74,6311,24,350,15101
200007,3362,9999,,Houston-Galveston-Brazoria  TX CMSA ,2316,2316,305531,1,2,122,2,7,306,25,369,18307,2231,2231,293514,1,2,122,0,0,0,24,364,18057
200007,4472,9999,,Los Angeles-Riverside-Orange County  CA CMSA ,3009,3009,599189,30,60,6921,23,89,6129,36,1741,128180,2780,2780,552085,27,54,6320,21,82,5725,28,1623,118222
200007,4992,9999,,Miami-Fort Lauderdale  FL CMSA ,1173,1173,172082,34,68,4185,9,36,2381,29,734,81342,1173,1173,172082,34,68,4185,9,36,2381,29,734,81342
200007,5082,9999,,Milwaukee-Racine  WI CMSA ,324,324,58468,13,26,2671,5,18,1270,12,155,15777,268,268,48679,10,20,2193,4,15,1035,5,109,13370
200007,5602,9999,,New York-Northern New Jersey-Long Island  NY-NJ-CT-PA CMSA ,2596,2596,381958,173,346,23048,39,126,9253,47,1468,94491,1868,1868,271396,157,314,20835,33,104,7636,24,1077,71293
200007,6162,9999,,Philadelphia-Wilmington-Atlantic City  PA-NJ-DE-MD CMSA ,1300,1300,155806,13,26,1377,2,8,945,12,104,4742,939,939,114711,10,20,796,2,8,945,2,15,1013
200007,6442,9999,,Portland-Salem  OR-WA CMSA ,891,891,128480,8,16,1369,3,10,692,6,89,5706,702,702,105841,4,8,723,1,3,245,2,30,1936
200007,6922,9999,,Sacramento-Yolo  CA CMSA ,1162,1162,207268,6,12,946,0,0,0,11,406,27940,1159,1159,206840,6,12,946,0,0,0,11,406,27940
200007,7362,9999,,San Francisco-Oakland-San Jose  CA CMSA ,1152,1152,256946,10,20,3232,8,30,4063,29,473,38897,881,881,205607,8,16,2825,7,26,3430,20,358,31018
200007,7602,9999,,Seattle-Tacoma-Bremerton  WA CMSA ,1152,1152,172952,20,40,4383,27,105,8826,47,933,72167,952,952,144433,16,32,3682,24,95,7620,39,855,63932
200007,8872,9999,,Washington-Baltimore  DC-MD-VA-WV CMSA ,3177,3177,355803,1,2,122,8,31,1980,87,1462,72281,2973,2973,334125,1,2,122,7,28,1781,81,1402,69769
