Survey,MSA/,PMSA,,MA,,1-unit,,,2-units,,,3-4 units,,,5+ units,,,1-unit rep,,,2-units rep,,,3-4 units rep,,,5+ units rep
Date,CMSA,,,Name,Bldgs,Units,Value,Bldgs,Units,Value,Bldgs,Units,Value,Bldgs,Units,Value,Bldgs,Units,Value,Bldgs,Units,Value,      Bldgs,Units,Value,Bldgs,Units,Value
 
200111,0040,9999,,Abilene  TX MSA ,12,12,2443,0,0,0,0,0,0,0,0,0,12,12,2443,0,0,0,0,0,0,0,0,0
200111,0120,9999,,Albany  GA MSA ,31,31,3518,0,0,0,0,0,0,0,0,0,9,9,1006,0,0,0,0,0,0,0,0,0
200111,0160,9999,,Albany-Schenectady-Troy  NY MSA ,165,165,27615,1,2,185,0,0,0,3,23,1195,141,141,24283,1,2,185,0,0,0,2,16,790
200111,0200,9999,,Albuquerque  NM MSA ,344,344,34421,0,0,0,0,0,0,0,0,0,283,283,28820,0,0,0,0,0,0,0,0,0
200111,0220,9999,,Alexandria  LA MSA ,25,25,2295,0,0,0,0,0,0,1,8,550,25,25,2295,0,0,0,0,0,0,1,8,550
200111,0240,9999,,Allentown-Bethlehem-Easton  PA MSA ,184,184,19063,0,0,0,1,4,306,1,5,100,153,153,14394,0,0,0,0,0,0,0,0,0
200111,0280,9999,,Altoona  PA MSA ,3,3,921,0,0,0,0,0,0,0,0,0,3,3,921,0,0,0,0,0,0,0,0,0
200111,0320,9999,,Amarillo  TX MSA ,33,33,5319,0,0,0,0,0,0,0,0,0,33,33,5319,0,0,0,0,0,0,0,0,0
200111,0380,9999,,Anchorage  AK MSA ,57,57,8871,7,14,1398,2,8,691,0,0,0,57,57,8871,7,14,1398,2,8,691,0,0,0
200111,0450,9999,,Anniston  AL MSA ,21,21,3352,0,0,0,0,0,0,0,0,0,4,4,534,0,0,0,0,0,0,0,0,0
200111,0460,9999,,Appleton-Oshkosh-Neenah  WI MSA ,88,88,12215,12,24,1968,1,4,220,6,133,4696,65,65,8887,10,20,1735,1,4,220,3,108,3780
200111,0480,9999,,Asheville  NC MSA ,91,91,13319,3,6,423,0,0,0,1,5,210,31,31,4370,1,2,84,0,0,0,0,0,0
200111,0500,9999,,Athens  GA MSA ,74,74,8953,8,16,662,0,0,0,2,25,1512,21,21,4066,3,6,210,0,0,0,0,0,0
200111,0520,9999,,Atlanta  GA MSA ,3319,3319,379412,8,16,1023,6,24,1597,34,962,53339,2910,2910,342748,7,14,893,6,24,1597,31,919,52163
200111,0580,9999,,Auburn-Opelika  AL MSA ,26,26,3401,1,2,132,0,0,0,0,0,0,26,26,3401,1,2,132,0,0,0,0,0,0
200111,0600,9999,,Augusta-Aiken  GA-SC MSA ,170,170,21673,0,0,0,0,0,0,0,0,0,164,164,21101,0,0,0,0,0,0,0,0,0
200111,0640,9999,,Austin-San Marcos  TX MSA ,331,331,39880,3,6,180,0,0,0,52,637,20191,331,331,39880,3,6,180,0,0,0,52,637,20191
200111,0680,9999,,Bakersfield  CA MSA ,195,195,24938,2,4,308,1,3,166,1,6,429,62,62,8088,1,2,169,0,0,0,0,0,0
200111,0730,9999,,Bangor  ME MSA ,19,19,2360,0,0,0,0,0,0,0,0,0,13,13,1646,0,0,0,0,0,0,0,0,0
200111,0740,9999,,Barnstable-Yarmouth  MA MSA ,60,60,13385,0,0,0,0,0,0,0,0,0,40,40,8706,0,0,0,0,0,0,0,0,0
200111,0760,9999,,Baton Rouge  LA MSA ,113,113,9609,2,4,118,1,4,225,0,0,0,113,113,9609,2,4,118,1,4,225,0,0,0
200111,0840,9999,,Beaumont-Port Arthur  TX MSA ,41,41,6049,0,0,0,0,0,0,28,140,4000,41,41,6049,0,0,0,0,0,0,28,140,4000
200111,0860,9999,,Bellingham  WA MSA ,88,88,11845,2,4,416,0,0,0,1,22,1145,59,59,8534,0,0,0,0,0,0,0,0,0
200111,0870,9999,,Benton Harbor  MI MSA ,13,13,2017,0,0,0,0,0,0,0,0,0,11,11,1753,0,0,0,0,0,0,0,0,0
200111,0880,9999,,Billings  MT MSA ,26,26,3068,0,0,0,0,0,0,0,0,0,26,26,3068,0,0,0,0,0,0,0,0,0
200111,0920,9999,,Biloxi-Gulfport-Pascagoula  MS MSA ,150,150,14532,0,0,0,0,0,0,0,0,0,140,140,13204,0,0,0,0,0,0,0,0,0
200111,0960,9999,,Binghamton  NY MSA ,6,6,1084,0,0,0,0,0,0,0,0,0,5,5,844,0,0,0,0,0,0,0,0,0
200111,1000,9999,,Birmingham  AL MSA ,290,290,38033,0,0,0,0,0,0,10,225,8826,175,175,21023,0,0,0,0,0,0,8,192,7400
200111,1010,9999,,Bismarck  ND MSA ,42,42,6043,1,2,376,4,15,1599,0,0,0,41,41,5989,1,2,376,4,15,1599,0,0,0
200111,1020,9999,,Bloomington  IN MSA ,31,31,4450,6,12,939,0,0,0,0,0,0,30,30,4375,5,10,857,0,0,0,0,0,0
200111,1040,9999,,Bloomington-Normal  IL MSA ,79,79,8494,0,0,0,0,0,0,19,200,5730,78,78,8401,0,0,0,0,0,0,19,200,5730
200111,1080,9999,,Boise City  ID MSA ,339,339,47303,2,4,549,3,12,450,0,0,0,339,339,47303,2,4,549,3,12,450,0,0,0
200111,1122,1120,,Boston  MA-NH PMSA ,357,357,73471,25,50,4102,2,6,500,9,298,38005,240,240,51340,20,40,3204,1,3,200,4,243,34844
200111,1122,1200,,Brockton  MA PMSA ,61,61,9738,0,0,0,0,0,0,1,80,6121,54,54,8835,0,0,0,0,0,0,1,80,6121
200111,1122,2600,,Fitchburg-Leominster  MA PMSA ,29,29,3404,0,0,0,0,0,0,0,0,0,16,16,2011,0,0,0,0,0,0,0,0,0
200111,1122,4160,,Lawrence  MA-NH PMSA ,89,89,16222,1,2,100,0,0,0,1,5,285,53,53,10058,1,2,100,0,0,0,0,0,0
200111,1122,4560,,Lowell  MA-NH PMSA ,51,51,6777,1,2,175,0,0,0,1,5,697,32,32,3996,0,0,0,0,0,0,0,0,0
200111,1122,4760,,Manchester  NH PMSA ,57,57,10384,0,0,0,0,0,0,0,0,0,41,41,7907,0,0,0,0,0,0,0,0,0
200111,1122,5350,,Nashua  NH PMSA ,43,43,7816,0,0,0,0,0,0,1,42,2800,22,22,4267,0,0,0,0,0,0,1,42,2800
200111,1122,5400,,New Bedford  MA PMSA ,33,33,4981,0,0,0,0,0,0,0,0,0,13,13,2593,0,0,0,0,0,0,0,0,0
200111,1122,6450,,Portsmouth-Rochester  NH-ME PMSA ,87,87,13772,3,6,315,2,8,571,0,0,0,54,54,8032,1,2,115,2,8,571,0,0,0
200111,1122,9240,,Worcester  MA-CT PMSA ,151,151,22055,3,6,536,0,0,0,0,0,0,119,119,17755,1,2,110,0,0,0,0,0,0
200111,1240,9999,,Brownsville-Harlingen-San Benito  TX MSA ,163,163,11812,2,4,125,0,0,0,1,9,292,94,94,7657,1,2,68,0,0,0,0,0,0
200111,1260,9999,,Bryan-College Station  TX MSA ,55,55,6110,0,0,0,0,0,0,11,117,6818,55,55,6110,0,0,0,0,0,0,11,117,6818
200111,1280,9999,,Buffalo-Niagara Falls  NY MSA ,110,110,15419,0,0,0,0,0,0,4,38,1199,82,82,10829,0,0,0,0,0,0,1,8,250
200111,1305,9999,,Burlington  VT MSA ,23,23,3635,1,2,172,0,0,0,0,0,0,15,15,1984,1,2,172,0,0,0,0,0,0
200111,1320,9999,,Canton-Massillon  OH MSA ,70,70,13492,0,0,0,0,0,0,0,0,0,59,59,12142,0,0,0,0,0,0,0,0,0
200111,1350,9999,,Casper  WY MSA ,4,4,708,0,0,0,0,0,0,0,0,0,4,4,708,0,0,0,0,0,0,0,0,0
200111,1360,9999,,Cedar Rapids  IA MSA ,40,40,4572,0,0,0,3,12,794,3,29,1038,35,35,4085,0,0,0,3,12,794,2,24,766
200111,1400,9999,,Champaign-Urbana  IL MSA ,24,24,4338,1,2,50,0,0,0,0,0,0,24,24,4338,1,2,50,0,0,0,0,0,0
200111,1440,9999,,Charleston-North Charleston  SC MSA ,340,340,49952,3,6,562,1,3,231,12,99,9213,169,169,26609,0,0,0,0,0,0,2,10,870
200111,1480,9999,,Charleston  WV MSA ,20,20,2123,0,0,0,0,0,0,1,5,256,7,7,628,0,0,0,0,0,0,0,0,0
200111,1520,9999,,Charlotte-Gastonia-Rock Hill  NC-SC MSA ,1136,1136,141048,4,8,525,25,99,6406,72,930,54722,1080,1080,133616,4,8,525,25,99,6406,69,915,54326
200111,1540,9999,,Charlottesville  VA MSA ,72,72,9330,3,6,345,1,4,300,0,0,0,54,54,7813,3,6,345,1,4,300,0,0,0
200111,1560,9999,,Chattanooga  TN-GA MSA ,129,129,15277,0,0,0,2,6,145,1,6,296,113,113,13871,0,0,0,1,3,95,0,0,0
200111,1580,9999,,Cheyenne  WY MSA ,24,24,3601,0,0,0,0,0,0,0,0,0,24,24,3601,0,0,0,0,0,0,0,0,0
200111,1602,1600,,Chicago  IL PMSA ,2032,2032,357418,14,28,2326,50,175,14974,38,831,56264,1658,1658,304567,4,8,738,19,76,7368,20,406,31728
200111,1602,2960,,Gary  IN PMSA ,174,174,25407,6,12,1634,6,23,2966,7,108,5906,156,156,23078,6,12,1634,6,23,2966,7,108,5906
200111,1602,3740,,Kankakee  IL PMSA ,36,36,4741,4,8,903,1,4,250,0,0,0,34,34,4510,3,6,720,1,4,250,0,0,0
200111,1602,3800,,Kenosha  WI PMSA ,90,90,12435,0,0,0,1,4,413,2,16,3680,85,85,11795,0,0,0,1,4,413,2,16,3680
200111,1620,9999,,Chico-Paradise  CA MSA ,69,69,8270,1,2,175,0,0,0,0,0,0,69,69,8270,1,2,175,0,0,0,0,0,0
200111,1642,1640,,Cincinnati  OH-KY-IN PMSA ,573,573,73505,4,8,518,3,12,552,8,66,3815,507,507,66321,2,4,381,2,8,345,6,52,3344
200111,1642,3200,,Hamilton-Middletown  OH PMSA ,124,124,14965,1,2,86,1,3,375,1,8,250,116,116,14102,0,0,0,0,0,0,1,8,250
200111,1660,9999,,Clarksville-Hopkinsville  TN-KY MSA ,68,68,5855,0,0,0,1,3,120,0,0,0,68,68,5855,0,0,0,1,3,120,0,0,0
200111,1692,0080,,Akron  OH PMSA ,229,229,38437,2,4,486,2,6,338,2,116,6352,206,206,35558,2,4,486,1,3,255,1,110,6105
200111,1692,1680,,Cleveland-Lorain-Elyria  OH PMSA ,455,455,86700,3,6,370,5,17,1233,3,30,1548,389,389,76561,3,6,370,3,10,846,0,0,0
200111,1720,9999,,Colorado Springs  CO MSA ,310,310,37446,0,0,0,1,4,315,5,47,3223,310,310,37446,0,0,0,1,4,315,5,47,3223
200111,1740,9999,,Columbia  MO MSA ,75,75,9857,2,4,210,4,14,675,0,0,0,75,75,9857,2,4,210,4,14,675,0,0,0
200111,1760,9999,,Columbia  SC MSA ,316,316,32701,0,0,0,0,0,0,9,86,2188,316,316,32701,0,0,0,0,0,0,9,86,2188
200111,1800,9999,,Columbus  GA-AL MSA ,81,81,8946,1,2,41,2,8,306,2,16,633,81,81,8946,1,2,41,2,8,306,2,16,633
200111,1840,9999,,Columbus  OH MSA ,783,783,123501,5,10,1236,20,76,4452,24,384,16185,223,223,44387,3,6,950,5,20,725,3,32,1400
200111,1880,9999,,Corpus Christi  TX MSA ,50,50,5495,1,2,116,2,8,402,1,5,158,0,0,0,0,0,0,0,0,0,0,0,0
200111,1890,9999,,Corvallis OR MSA ,11,11,2253,1,2,141,0,0,0,1,5,192,2,2,388,0,0,0,0,0,0,0,0,0
200111,1900,9999,,Cumberland  MD-WV MSA ,7,7,682,0,0,0,0,0,0,0,0,0,7,7,682,0,0,0,0,0,0,0,0,0
200111,1922,1920,,Dallas  TX PMSA ,1576,1576,259482,1,2,122,0,0,0,82,1599,89788,1382,1382,229334,0,0,0,0,0,0,76,1533,86593
200111,1922,2800,,Fort Worth-Arlington  TX PMSA ,712,712,95345,5,10,632,13,52,1580,10,192,11413,603,603,75927,5,10,632,13,52,1580,10,192,11413
200111,1950,9999,,Danville  VA MSA ,23,23,2121,0,0,0,1,3,56,0,0,0,3,3,180,0,0,0,0,0,0,0,0,0
200111,1960,9999,,Davenport-Moline-Rock Island  IA-IL MSA ,29,29,4708,0,0,0,0,0,0,0,0,0,28,28,4535,0,0,0,0,0,0,0,0,0
200111,2000,9999,,Dayton-Springfield  OH MSA ,157,157,22928,3,6,430,4,16,1845,4,64,5552,139,139,20651,3,6,430,4,16,1845,4,64,5552
200111,2020,9999,,Daytona Beach  FL MSA ,368,368,44643,1,2,128,0,0,0,4,140,24873,317,317,37546,0,0,0,0,0,0,2,119,23467
200111,2030,9999,,Decatur  Al MSA ,18,18,2358,0,0,0,0,0,0,0,0,0,13,13,1946,0,0,0,0,0,0,0,0,0
200111,2040,9999,,Decatur  IL MSA ,17,17,2078,0,0,0,0,0,0,0,0,0,11,11,1287,0,0,0,0,0,0,0,0,0
200111,2082,1125,,Boulder-Longmont  CO PMSA ,111,111,19491,1,2,181,0,0,0,0,0,0,111,111,19491,1,2,181,0,0,0,0,0,0
200111,2082,2080,,Denver  CO PMSA ,735,735,106810,6,12,1227,0,0,0,51,715,49145,659,659,96415,5,10,1160,0,0,0,49,668,46753
200111,2082,3060,,Greeley  CO PMSA ,234,234,34223,0,0,0,0,0,0,0,0,0,199,199,29528,0,0,0,0,0,0,0,0,0
200111,2120,9999,,Des Moines  IA MSA ,273,273,34159,3,6,495,2,8,927,5,120,8121,241,241,29364,3,6,495,2,8,927,5,120,8121
200111,2162,0440,,Ann Arbor  MI PMSA ,308,308,49681,3,6,514,3,9,481,4,41,3185,193,193,31110,3,6,514,2,6,444,3,36,2102
200111,2162,2160,,Detroit  MI PMSA ,845,845,134279,1,2,104,2,7,498,13,131,7460,653,653,111153,1,2,104,0,0,0,5,88,5278
200111,2162,2640,,Flint  MI PMSA ,142,142,16556,0,0,0,0,0,0,1,12,326,126,126,15051,0,0,0,0,0,0,0,0,0
200111,2180,9999,,Dothan  AL MSA ,23,23,1829,0,0,0,0,0,0,0,0,0,23,23,1829,0,0,0,0,0,0,0,0,0
200111,2190,9999,,Dover  DE MSA ,83,83,9181,2,4,253,0,0,0,0,0,0,81,81,9018,2,4,253,0,0,0,0,0,0
200111,2200,9999,,Dubuque  IA MSA ,16,16,3024,1,2,196,0,0,0,0,0,0,16,16,3024,1,2,196,0,0,0,0,0,0
200111,2240,9999,,Duluth-Superior  MN-WI MSA ,45,45,5855,1,2,76,2,7,299,0,0,0,36,36,4852,0,0,0,0,0,0,0,0,0
200111,2290,9999,,Eau Claire  WI MSA ,36,36,4691,1,2,180,5,20,1230,0,0,0,36,36,4691,1,2,180,5,20,1230,0,0,0
200111,2320,9999,,El Paso  TX MSA ,229,229,11868,3,6,205,4,14,601,1,7,282,28,28,1146,0,0,0,0,0,0,0,0,0
200111,2330,9999,,Elkhart-Goshen  IN MSA ,70,70,8895,0,0,0,0,0,0,1,6,182,65,65,8279,0,0,0,0,0,0,0,0,0
200111,2335,9999,,Elmira  NY MSA ,5,5,563,0,0,0,0,0,0,0,0,0,0,0,0,0,0,0,0,0,0,0,0,0
200111,2340,9999,,Enid  OK MSA ,4,4,720,0,0,0,0,0,0,0,0,0,4,4,720,0,0,0,0,0,0,0,0,0
200111,2360,9999,,Erie  PA MSA ,17,17,2061,0,0,0,0,0,0,0,0,0,16,16,1957,0,0,0,0,0,0,0,0,0
200111,2400,9999,,Eugene-Springfield  OR MSA ,93,93,15051,1,2,145,1,3,275,0,0,0,78,78,13242,0,0,0,1,3,275,0,0,0
200111,2440,9999,,Evansville-Henderson  IN-KY MSA ,33,33,4739,0,0,0,0,0,0,0,0,0,33,33,4739,0,0,0,0,0,0,0,0,0
200111,2520,9999,,Fargo-Moorhead  ND-MN MSA ,48,48,5864,0,0,0,1,4,296,0,0,0,47,47,5734,0,0,0,1,4,296,0,0,0
200111,2560,9999,,Fayetteville  NC MSA ,67,67,7923,0,0,0,0,0,0,5,42,1958,67,67,7923,0,0,0,0,0,0,5,42,1958
200111,2580,9999,,Fayetteville-Springdale-Rogers  AR MSA ,154,154,18131,3,6,430,7,28,1765,3,38,1082,147,147,17617,3,6,430,7,28,1765,3,38,1082
200111,2620,9999,,Flagstaff  AZ-UT MSA ,41,41,5712,1,2,131,0,0,0,0,0,0,41,41,5712,1,2,131,0,0,0,0,0,0
200111,2650,9999,,Florence  AL MSA ,5,5,598,0,0,0,0,0,0,0,0,0,5,5,598,0,0,0,0,0,0,0,0,0
200111,2655,9999,,Florence  SC MSA ,40,40,3473,0,0,0,0,0,0,1,8,347,0,0,0,0,0,0,0,0,0,0,0,0
200111,2670,9999,,Fort Collins-Loveland  CO MSA ,163,163,22616,2,4,525,3,12,800,4,34,2094,58,58,7579,2,4,525,3,12,800,3,25,1732
200111,2700,9999,,Fort Myers-Cape Coral  FL MSA ,994,994,147486,24,48,4874,57,218,25264,26,470,47037,986,986,144590,24,48,4874,57,218,25264,26,470,47037
200111,2710,9999,,Fort Pierce-Port St. Lucie  FL MSA ,284,284,40557,1,2,97,0,0,0,3,48,2603,281,281,39838,0,0,0,0,0,0,3,48,2603
200111,2720,9999,,Fort Smith  AR-OK MSA ,25,25,2988,4,8,485,1,4,150,0,0,0,25,25,2988,4,8,485,1,4,150,0,0,0
200111,2750,9999,,Fort Walton Beach  FL MSA ,97,97,9789,0,0,0,1,4,204,1,11,526,45,45,3858,0,0,0,0,0,0,0,0,0
200111,2760,9999,,Fort Wayne  IN MSA ,213,213,31485,2,4,312,1,4,320,1,6,846,213,213,31485,2,4,312,1,4,320,1,6,846
200111,2840,9999,,Fresno  CA MSA ,307,307,41164,2,4,312,3,12,1025,2,11,713,296,296,40196,1,2,188,3,12,1025,0,0,0
200111,2880,9999,,Gadsden  AL MSA ,7,7,851,0,0,0,0,0,0,0,0,0,7,7,851,0,0,0,0,0,0,0,0,0
200111,2900,9999,,Gainesville  FL MSA ,57,57,8057,0,0,0,0,0,0,0,0,0,51,51,7582,0,0,0,0,0,0,0,0,0
200111,2975,9999,,Glens Falls  NY MSA ,37,37,5633,1,2,141,0,0,0,0,0,0,28,28,4523,1,2,141,0,0,0,0,0,0
200111,2980,9999,,Goldsboro  NC MSA ,26,26,2923,1,2,82,0,0,0,0,0,0,5,5,662,0,0,0,0,0,0,0,0,0
200111,2985,9999,,Grand Forks  ND-MN MSA ,3,3,650,0,0,0,0,0,0,0,0,0,3,3,650,0,0,0,0,0,0,0,0,0
200111,2995,9999,,Grand Junction  CO MSA ,59,59,5653,6,12,345,0,0,0,0,0,0,59,59,5653,6,12,345,0,0,0,0,0,0
200111,3000,9999,,Grand Rapids-Muskegon-Holland  MI MSA ,433,433,60378,6,12,921,3,10,760,6,93,4134,284,284,42261,3,6,440,2,7,681,2,48,2198
200111,3040,9999,,Great Falls  MT MSA ,9,9,1383,0,0,0,0,0,0,1,12,400,9,9,1383,0,0,0,0,0,0,1,12,400
200111,3080,9999,,Green Bay  WI MSA ,75,75,12244,1,2,144,0,0,0,12,109,4962,65,65,11010,0,0,0,0,0,0,11,104,4754
200111,3120,9999,,Greensboro--Winston-Salem--High Point  NC MSA ,589,589,68664,3,6,423,1,3,122,13,131,4572,587,587,68424,2,4,276,0,0,0,13,131,4572
200111,3150,9999,,Greenville  NC MSA ,33,33,5679,5,10,602,0,0,0,1,10,249,33,33,5679,5,10,602,0,0,0,1,10,249
200111,3160,9999,,Greenville-Spartanburg-Anderson  SC MSA ,428,428,43956,2,4,191,0,0,0,4,80,3049,387,387,37683,1,2,69,0,0,0,3,54,1758
200111,3240,9999,,Harrisburg-Lebanon-Carlisle  PA MSA ,114,114,11420,0,0,0,0,0,0,0,0,0,96,96,9776,0,0,0,0,0,0,0,0,0
200111,3280,9999,,Hartford  CT MSA ,249,249,31739,4,8,418,0,0,0,6,40,3142,235,235,30154,4,8,418,0,0,0,5,33,3048
200111,3285,9999,,Hattiesburg  MS MSA ,3,3,148,0,0,0,0,0,0,0,0,0,3,3,148,0,0,0,0,0,0,0,0,0
200111,3290,9999,,Hickory-Morganton-Lenoir  NC MSA ,138,138,17585,1,2,70,0,0,0,0,0,0,138,138,17585,1,2,70,0,0,0,0,0,0
200111,3320,9999,,Honolulu  HI MSA ,143,143,23785,0,0,0,0,0,0,0,0,0,143,143,23785,0,0,0,0,0,0,0,0,0
200111,3350,9999,,Houma  LA MSA ,53,53,6286,6,12,458,0,0,0,0,0,0,50,50,5803,6,12,458,0,0,0,0,0,0
200111,3362,1145,,Brazoria  TX PMSA ,130,130,20998,0,0,0,0,0,0,0,0,0,129,129,20870,0,0,0,0,0,0,0,0,0
200111,3362,2920,,Galveston-Texas City  TX PMSA ,133,133,17133,0,0,0,0,0,0,1,16,676,128,128,16572,0,0,0,0,0,0,0,0,0
200111,3362,3360,,Houston  TX PMSA ,1748,1748,218544,1,2,48,2,8,140,23,471,26183,1703,1703,211764,0,0,0,2,8,140,20,448,25718
200111,3400,9999,,Huntington-Ashland  WV-KY-OH MSA ,3,3,541,0,0,0,0,0,0,0,0,0,1,1,233,0,0,0,0,0,0,0,0,0
200111,3440,9999,,Huntsville  AL MSA ,71,71,4385,0,0,0,0,0,0,0,0,0,71,71,4385,0,0,0,0,0,0,0,0,0
200111,3480,9999,,Indianapolis  IN MSA ,1092,1092,165565,12,24,2073,14,56,4146,7,35,1964,965,965,146677,11,22,1914,14,56,4146,6,30,1640
200111,3500,9999,,Iowa City  IA MSA ,38,38,6887,0,0,0,0,0,0,2,24,1375,38,38,6887,0,0,0,0,0,0,2,24,1375
200111,3520,9999,,Jackson  MI MSA ,10,10,1621,0,0,0,0,0,0,0,0,0,9,9,1501,0,0,0,0,0,0,0,0,0
200111,3560,9999,,Jackson  MS MSA ,155,155,17277,0,0,0,0,0,0,0,0,0,143,143,15429,0,0,0,0,0,0,0,0,0
200111,3580,9999,,Jackson  TN MSA ,44,44,5241,0,0,0,1,4,125,0,0,0,44,44,5241,0,0,0,1,4,125,0,0,0
200111,3600,9999,,Jacksonville  FL MSA ,685,685,101775,0,0,0,1,3,309,9,252,17026,670,670,97168,0,0,0,1,3,309,9,252,17026
200111,3605,9999,,Jacksonville  NC MSA ,72,72,5716,0,0,0,0,0,0,0,0,0,72,72,5716,0,0,0,0,0,0,0,0,0
200111,3610,9999,,Jamestown  NY MSA ,1,1,88,0,0,0,0,0,0,0,0,0,0,0,0,0,0,0,0,0,0,0,0,0
200111,3620,9999,,Janesville-Beloit  WI MSA ,13,13,1678,1,2,130,0,0,0,1,5,175,12,12,1584,1,2,130,0,0,0,0,0,0
200111,3660,9999,,Johnson City-Kingsport-Bristol  TN-VA MSA ,69,69,7268,0,0,0,1,4,248,2,20,391,49,49,5077,0,0,0,1,4,248,2,20,391
200111,3680,9999,,Johnstown  PA MSA ,3,3,164,0,0,0,0,0,0,0,0,0,2,2,95,0,0,0,0,0,0,0,0,0
200111,3700,9999,,Jonesboro  AR MSA ,34,34,3397,0,0,0,0,0,0,0,0,0,34,34,3397,0,0,0,0,0,0,0,0,0
200111,3710,9999,,Joplin  MO MSA ,14,14,1169,0,0,0,0,0,0,0,0,0,14,14,1169,0,0,0,0,0,0,0,0,0
200111,3720,9999,,Kalamazoo-Battle Creek  MI MSA ,77,77,12866,0,0,0,0,0,0,2,35,2445,43,43,8252,0,0,0,0,0,0,0,0,0
200111,3760,9999,,Kansas City  MO-KS MSA ,915,915,135376,45,90,7140,30,108,6989,8,98,4980,874,874,127977,44,88,6952,30,108,6989,8,98,4980
200111,3810,9999,,Killeen-Temple  TX MSA ,132,132,15301,2,4,258,2,8,291,0,0,0,132,132,15301,2,4,258,2,8,291,0,0,0
200111,3840,9999,,Knoxville  TN MSA ,250,250,27883,1,2,364,2,8,324,3,29,681,211,211,24931,1,2,364,1,4,140,0,0,0
200111,3850,9999,,Kokomo  IN MSA ,19,19,3002,3,6,969,0,0,0,0,0,0,19,19,3002,3,6,969,0,0,0,0,0,0
200111,3870,9999,,La Crosse  WI-MN MSA ,39,39,5818,0,0,0,0,0,0,0,0,0,39,39,5818,0,0,0,0,0,0,0,0,0
200111,3880,9999,,Lafayette  LA MSA ,92,92,10030,0,0,0,0,0,0,0,0,0,92,92,10030,0,0,0,0,0,0,0,0,0
200111,3920,9999,,Lafayette  IN MSA ,46,46,6571,3,6,668,0,0,0,0,0,0,46,46,6571,3,6,668,0,0,0,0,0,0
200111,3960,9999,,Lake Charles  LA MSA ,68,68,5361,1,2,66,0,0,0,0,0,0,11,11,1805,0,0,0,0,0,0,0,0,0
200111,3980,9999,,Lakeland-Winter Haven  FL MSA ,278,278,33313,0,0,0,0,0,0,0,0,0,278,278,33313,0,0,0,0,0,0,0,0,0
200111,4000,9999,,Lancaster  PA MSA ,67,67,9195,0,0,0,1,3,101,3,22,1237,48,48,6345,0,0,0,0,0,0,3,22,1237
200111,4040,9999,,Lansing-East Lansing  MI MSA ,77,77,10659,0,0,0,1,3,230,0,0,0,46,46,7109,0,0,0,0,0,0,0,0,0
200111,4080,9999,,Laredo  TX MSA ,148,148,12654,0,0,0,0,0,0,1,22,1275,148,148,12654,0,0,0,0,0,0,1,22,1275
200111,4100,9999,,Las Cruces  NM MSA ,51,51,5965,0,0,0,0,0,0,0,0,0,19,19,2503,0,0,0,0,0,0,0,0,0
200111,4120,9999,,Las Vegas  NV-AZ MSA ,1741,1741,200374,9,18,976,20,63,4190,34,384,26432,1710,1710,198029,9,18,976,20,63,4190,34,384,26432
200111,4150,9999,,Lawrence  KS MSA ,33,33,5594,14,28,2134,0,0,0,0,0,0,23,23,4200,14,28,2134,0,0,0,0,0,0
200111,4200,9999,,Lawton  OK MSA ,10,10,1164,0,0,0,0,0,0,0,0,0,0,0,0,0,0,0,0,0,0,0,0,0
200111,4240,9999,,Lewiston-Auburn  ME MSA ,16,16,1982,0,0,0,0,0,0,0,0,0,15,15,1880,0,0,0,0,0,0,0,0,0
200111,4280,9999,,Lexington  KY MSA ,181,181,21986,5,10,480,2,8,620,1,5,310,148,148,17837,5,10,480,2,8,620,1,5,310
200111,4320,9999,,Lima  OH MSA ,12,12,1912,0,0,0,0,0,0,0,0,0,12,12,1912,0,0,0,0,0,0,0,0,0
200111,4360,9999,,Lincoln  NE MSA ,97,97,12987,2,4,247,0,0,0,2,32,990,2,2,253,0,0,0,0,0,0,0,0,0
200111,4400,9999,,Little Rock-North Little Rock  AR MSA ,145,145,20844,0,0,0,0,0,0,1,6,340,145,145,20844,0,0,0,0,0,0,1,6,340
200111,4420,9999,,Longview-Marshall  TX MSA ,16,16,1814,0,0,0,0,0,0,0,0,0,16,16,1814,0,0,0,0,0,0,0,0,0
200111,4472,4480,,Los Angeles-Long Beach  CA PMSA ,547,547,119618,15,30,3408,7,26,1983,21,478,51389,492,492,108062,14,28,3317,4,16,1383,15,447,49651
200111,4472,5945,,Orange County  CA PMSA ,457,457,95890,9,18,2816,6,24,3170,16,397,40963,444,444,93400,9,18,2816,6,24,3170,15,392,40581
200111,4472,6780,,Riverside-San Bernardino  CA PMSA ,1600,1600,271524,10,20,1997,4,15,3000,47,802,58091,1549,1549,261321,10,20,1997,4,15,3000,47,802,58091
200111,4472,8735,,Ventura  CA PMSA ,131,131,33315,1,2,192,1,3,336,0,0,0,119,119,30914,0,0,0,0,0,0,0,0,0
200111,4520,9999,,Louisville  KY-IN MSA ,451,451,55784,3,6,297,1,3,98,2,14,605,402,402,51322,1,2,145,0,0,0,1,6,300
200111,4600,9999,,Lubbock  TX MSA ,50,50,5985,8,16,297,0,0,0,0,0,0,50,50,5985,8,16,297,0,0,0,0,0,0
200111,4640,9999,,Lynchburg  VA MSA ,64,64,9448,2,4,300,0,0,0,0,0,0,64,64,9448,2,4,300,0,0,0,0,0,0
200111,4680,9999,,Macon  GA MSA ,187,187,16204,4,8,400,0,0,0,0,0,0,187,187,16204,4,8,400,0,0,0,0,0,0
200111,4720,9999,,Madison  WI MSA ,169,169,29940,8,16,1580,7,23,1889,10,369,39683,137,137,25196,3,6,500,1,3,281,7,342,38100
200111,4800,9999,,Mansfield  OH MSA ,24,24,3381,0,0,0,0,0,0,0,0,0,23,23,3317,0,0,0,0,0,0,0,0,0
200111,4880,9999,,McAllen-Edinburg-Mission  TX MSA ,384,384,22130,2,4,173,5,18,596,2,26,674,120,120,7864,0,0,0,0,0,0,1,21,528
200111,4890,9999,,Medford-Ashland  OR MSA ,89,89,12161,0,0,0,0,0,0,1,5,852,78,78,10820,0,0,0,0,0,0,0,0,0
200111,4900,9999,,Melbourne-Titusville-Palm Bay  FL MSA ,348,348,43720,0,0,0,0,0,0,2,11,1024,201,201,23806,0,0,0,0,0,0,0,0,0
200111,4920,9999,,Memphis  TN-AR-MS MSA ,451,451,57060,0,0,0,0,0,0,0,0,0,432,432,55375,0,0,0,0,0,0,0,0,0
200111,4940,9999,,Merced  CA MSA ,111,111,14357,0,0,0,0,0,0,0,0,0,75,75,9358,0,0,0,0,0,0,0,0,0
200111,4992,2680,,Fort Lauderdale  FL PMSA ,527,527,72180,0,0,0,8,30,1841,9,152,12918,526,526,72082,0,0,0,8,30,1841,8,143,12562
200111,4992,5000,,Miami  FL PMSA ,583,583,60986,1,2,85,1,4,257,16,569,34736,583,583,60986,1,2,85,1,4,257,16,569,34736
200111,5082,5080,,Milwaukee-Waukesha  WI PMSA ,245,245,49216,17,34,3639,1,4,550,7,178,27792,199,199,39878,15,30,3225,1,4,550,6,173,27540
200111,5082,6600,,Racine  WI PMSA ,30,30,5999,5,10,1463,0,0,0,1,10,346,27,27,5655,5,10,1463,0,0,0,0,0,0
200111,5120,9999,,Minneapolis-St. Paul  MN-WI MSA ,1396,1396,227387,10,20,2119,20,69,6471,37,802,72494,1294,1294,210087,9,18,1825,16,57,5396,32,765,69541
200111,5140,9999,,Missoula  MT MSA ,16,16,1600,2,4,272,2,7,352,2,24,1007,16,16,1600,2,4,272,2,7,352,2,24,1007
200111,5160,9999,,Mobile  AL MSA ,246,246,27432,0,0,0,0,0,0,1,5,67,122,122,16647,0,0,0,0,0,0,0,0,0
200111,5170,9999,,Modesto  CA MSA ,238,238,33897,0,0,0,0,0,0,0,0,0,217,217,30867,0,0,0,0,0,0,0,0,0
200111,5200,9999,,Monroe  LA MSA ,25,25,3213,0,0,0,0,0,0,0,0,0,0,0,0,0,0,0,0,0,0,0,0,0
200111,5240,9999,,Montgomery  AL MSA ,84,84,9332,0,0,0,2,8,450,0,0,0,84,84,9332,0,0,0,2,8,450,0,0,0
200111,5280,9999,,Muncie  IN MSA ,16,16,3032,0,0,0,0,0,0,0,0,0,2,2,255,0,0,0,0,0,0,0,0,0
200111,5330,9999,,Myrtle Beach  SC MSA ,151,151,16822,0,0,0,1,3,110,3,109,12559,151,151,16822,0,0,0,1,3,110,3,109,12559
200111,5345,9999,,Naples  FL MSA ,303,303,45252,1,2,104,17,68,7467,15,339,54126,303,303,45252,1,2,104,17,68,7467,15,339,54126
200111,5360,9999,,Nashville  TN MSA ,627,627,83183,9,18,1665,1,3,245,4,56,5078,380,380,48888,5,10,946,0,0,0,0,0,0
200111,5520,9999,,New London-Norwich  CT-RI MSA ,75,75,10705,1,2,175,0,0,0,0,0,0,53,53,7590,1,2,175,0,0,0,0,0,0
200111,5560,9999,,New Orleans  LA MSA ,198,198,24846,4,8,507,3,11,310,2,20,843,191,191,23725,4,8,507,2,8,110,1,5,69
200111,5602,0875,,Bergen-Passaic  NJ PMSA ,126,126,22083,5,10,687,0,0,0,1,37,3004,72,72,13933,0,0,10,0,0,0,0,0,1200
200111,5602,1160,,Bridgeport  CT PMSA ,51,51,6678,0,0,0,1,4,322,3,17,1414,37,37,4062,0,0,0,1,4,322,3,17,1414
200111,5602,1930,,Danbury  CT PMSA ,82,82,14803,0,0,0,0,0,0,0,0,0,81,81,14587,0,0,0,0,0,0,0,0,0
200111,5602,2281,,Dutchess County  NY PMSA ,67,67,12037,0,0,0,0,0,0,0,0,0,20,20,4311,0,0,0,0,0,0,0,0,0
200111,5602,3640,,Jersey City  NJ PMSA ,1,1,60,10,20,1364,1,3,120,1,27,2399,0,0,0,1,2,202,0,0,0,0,0,0
200111,5602,5015,,Middlesex-Somerset-Hunterdon  NJ PMSA ,184,184,31758,2,4,250,0,0,0,5,42,1635,123,123,23430,1,2,150,0,0,0,2,16,708
200111,5602,5190,,Monmouth-Ocean  NJ PMSA ,339,339,48553,0,0,0,1,3,39,5,74,2591,245,245,38925,0,0,0,0,0,0,1,10,725
200111,5602,5380,,Nassau-Suffolk  NY PMSA ,299,299,56643,15,30,13022,3,11,4198,11,99,14598,237,237,47079,2,4,473,0,0,0,8,79,10577
200111,5602,5480,,New Haven-Meriden  CT PMSA ,48,48,8210,0,0,0,0,0,0,2,10,401,32,32,6721,0,0,0,0,0,0,0,0,0
200111,5602,5600,,New York  NY PMSA ,314,314,58166,180,360,25489,76,233,16874,28,1167,74604,248,248,39558,175,350,24829,75,230,16737,26,1156,73949
200111,5602,5640,,Newark  NJ PMSA ,340,340,42989,59,118,8165,17,51,3611,7,54,2695,166,166,24454,57,114,7948,17,51,3611,3,30,1800
200111,5602,5660,,Newburgh  NY-PA PMSA ,170,170,22893,0,0,0,1,3,506,2,11,692,125,125,17505,0,0,0,0,0,0,0,0,0
200111,5602,8040,,Stamford-Norwalk  CT PMSA ,27,27,19291,0,0,0,0,0,0,0,0,0,11,11,9745,0,0,0,0,0,0,0,0,0
200111,5602,8480,,Trenton  NJ PMSA ,86,86,7252,0,0,0,0,0,0,2,11,1105,35,35,3635,0,0,0,0,0,0,0,0,0
200111,5602,8880,,Waterbury  CT PMSA ,45,45,7403,0,0,0,0,0,0,0,0,0,45,45,7403,0,0,0,0,0,0,0,0,0
200111,5720,9999,,Norfolk-Virginia Beach-Newport News  VA-NC MSA ,711,711,91004,3,6,648,2,8,508,1,9,365,565,565,75341,2,4,526,0,0,0,0,0,0
200111,5790,9999,,Ocala  FL MSA ,270,270,35033,1,2,120,0,0,0,0,0,0,270,270,35033,1,2,120,0,0,0,0,0,0
200111,5800,9999,,Odessa-Midland  TX MSA ,22,22,2503,0,0,0,0,0,0,0,0,0,10,10,1199,0,0,0,0,0,0,0,0,0
200111,5880,9999,,Oklahoma City  OK MSA ,352,352,47768,7,14,887,0,0,0,17,288,17120,348,348,47298,7,14,887,0,0,0,17,288,17120
200111,5920,9999,,Omaha  NE-IA MSA ,292,292,34165,0,0,0,0,0,0,1,18,1522,290,290,33952,0,0,0,0,0,0,1,18,1522
200111,5960,9999,,Orlando  FL MSA ,1241,1241,164228,2,4,249,2,8,583,12,160,17442,1209,1209,160761,2,4,249,2,8,583,12,160,17442
200111,5990,9999,,Owensboro  KY MSA ,64,64,4495,0,0,0,0,0,0,1,8,307,46,46,3478,0,0,0,0,0,0,1,8,307
200111,6015,9999,,Panama City  FL MSA ,69,69,8854,0,0,0,5,17,842,0,0,0,69,69,8854,0,0,0,5,17,842,0,0,0
200111,6020,9999,,Parkersburg-Marietta  WV-OH MSA ,16,16,1598,0,0,0,2,7,232,0,0,0,7,7,711,0,0,0,1,4,100,0,0,0
200111,6080,9999,,Pensacola  FL MSA ,198,198,24520,3,6,379,0,0,0,0,0,0,198,198,24520,3,6,379,0,0,0,0,0,0
200111,6120,9999,,Peoria-Pekin  IL MSA ,70,70,9024,6,12,1093,0,0,0,2,23,1083,16,16,2132,6,12,1093,0,0,0,0,0,0
200111,6162,0560,,Atlantic-Cape May  NJ PMSA ,301,301,26926,22,44,4667,2,8,588,3,20,903,283,283,23755,20,40,4171,2,8,588,3,20,903
200111,6162,6160,,Philadelphia  PA-NJ PMSA ,956,956,118988,2,4,318,5,19,1100,19,146,7647,711,711,87610,1,2,141,2,8,582,13,115,5939
200111,6162,8760,,Vineland-Millville-Bridgeton  NJ PMSA ,23,23,2097,0,0,0,0,0,0,0,0,0,21,21,1983,0,0,0,0,0,0,0,0,0
200111,6162,9160,,Wilmington-Newark  DE-MD PMSA ,177,177,16446,0,0,0,0,0,0,5,58,2185,50,50,5681,0,0,0,0,0,0,0,0,0
200111,6200,9999,,Phoenix-Mesa  AZ MSA ,2172,2172,312741,4,8,665,2,6,893,2,14,721,2072,2072,298550,4,8,665,2,6,893,2,14,721
200111,6240,9999,,Pine Bluff  AR MSA ,13,13,1352,0,0,0,0,0,0,0,0,0,12,12,1288,0,0,0,0,0,0,0,0,0
200111,6280,9999,,Pittsburgh  PA MSA ,336,336,49294,2,4,70,4,15,1267,3,27,1125,228,228,33940,1,2,50,2,8,860,0,0,0
200111,6320,9999,,Pittsfield  MA MSA ,1,1,325,0,0,0,0,0,0,0,0,0,1,1,325,0,0,0,0,0,0,0,0,0
200111,6340,9999,,Pocatello  ID MSA ,3,3,263,0,0,0,0,0,0,0,0,0,3,3,263,0,0,0,0,0,0,0,0,0
200111,6400,9999,,Portland  ME MSA ,81,81,12201,1,2,104,1,3,245,1,5,194,66,66,10278,0,0,0,0,0,0,0,0,0
200111,6442,6440,,Portland-Vancouver  OR-WA PMSA ,681,681,120587,12,24,2252,2,6,505,22,284,17657,562,562,103705,10,20,1997,0,0,0,20,271,17086
200111,6442,7080,,Salem  OR PMSA ,81,81,11401,1,2,195,0,0,0,2,13,842,53,53,7883,1,2,195,0,0,0,1,8,584
200111,6480,9999,,Providence-Fall River-Warwick  RI-MA MSA ,194,194,26217,5,10,549,1,3,88,1,7,364,123,123,18176,0,0,0,1,3,88,0,0,0
200111,6520,9999,,Provo-Orem  UT MSA ,161,161,20962,1,2,390,1,4,356,1,12,537,154,154,20263,1,2,390,1,4,356,1,12,537
200111,6560,9999,,Pueblo  CO MSA ,71,71,7928,4,8,271,0,0,0,7,140,6808,71,71,7928,4,8,271,0,0,0,7,140,6808
200111,6580,9999,,Punta Gorda  FL MSA ,117,117,15782,0,0,0,1,4,340,1,5,600,117,117,15782,0,0,0,1,4,340,1,5,600
200111,6640,9999,,Raleigh-Durham-Chapel Hill  NC MSA ,906,906,132747,8,16,785,1,3,206,35,399,15343,763,763,109793,8,16,785,0,0,0,32,368,13798
200111,6660,9999,,Rapid City  SD MSA ,46,46,4299,0,0,0,0,0,0,0,0,0,35,35,2917,0,0,0,0,0,0,0,0,0
200111,6680,9999,,Reading  PA MSA ,59,59,7425,1,2,115,1,4,195,1,5,171,37,37,4944,0,0,0,0,0,0,0,0,0
200111,6690,9999,,Redding  CA MSA ,74,74,10013,0,0,0,0,0,0,0,0,0,73,73,9911,0,0,0,0,0,0,0,0,0
200111,6720,9999,,Reno  NV MSA ,294,294,38399,0,0,0,1,4,243,4,56,3664,294,294,38399,0,0,0,1,4,243,4,56,3664
200111,6740,9999,,Richland-Kennewick-Pasco  WA MSA ,72,72,11299,1,2,324,1,3,326,0,0,0,41,41,6373,0,0,0,0,0,0,0,0,0
200111,6760,9999,,Richmond-Petersburg  VA MSA ,461,461,59863,0,0,0,0,0,0,7,105,4604,430,430,56499,0,0,0,0,0,0,7,105,4604
200111,6800,9999,,Roanoke  VA MSA ,58,58,4413,0,0,0,0,0,0,2,31,1970,45,45,3486,0,0,0,0,0,0,1,18,1124
200111,6820,9999,,Rochester  MN MSA ,91,91,13633,0,0,0,0,0,0,1,73,7712,90,90,13550,0,0,0,0,0,0,1,73,7712
200111,6840,9999,,Rochester  NY MSA ,120,120,21071,0,0,0,1,3,168,5,94,5519,117,117,20600,0,0,0,0,0,0,3,84,4919
200111,6880,9999,,Rockford  IL MSA ,132,132,12551,1,2,119,11,43,1994,0,0,0,121,121,11693,0,0,0,9,36,1674,0,0,0
200111,6895,9999,,Rocky Mount  NC MSA ,46,46,4484,1,2,135,0,0,0,1,11,570,28,28,2847,0,0,0,0,0,0,0,0,0
200111,6922,6920,,Sacramento  CA PMSA ,946,946,169283,0,0,0,1,3,259,8,131,9906,946,946,169283,0,0,0,1,3,259,8,131,9906
200111,6922,9270,,Yolo  CA PMSA ,109,109,16890,0,0,0,0,0,0,0,0,0,109,109,16890,0,0,0,0,0,0,0,0,0
200111,6960,9999,,Saginaw-Bay City-Midland  MI MSA ,31,31,3561,1,2,221,1,3,332,1,5,327,19,19,1991,0,0,0,0,0,0,0,0,0
200111,6980,9999,,St. Cloud  MN MSA ,46,46,4898,0,0,0,0,0,0,0,0,0,24,24,2461,0,0,0,0,0,0,0,0,0
200111,7000,9999,,St. Joseph  MO MSA ,12,12,1456,0,0,0,0,0,0,1,5,204,0,0,0,0,0,0,0,0,0,0,0,0
200111,7040,9999,,St. Louis  MO-IL MSA ,646,646,86231,9,18,1962,3,11,532,6,74,3933,556,556,72424,8,16,1797,3,11,532,4,46,2097
200111,7120,9999,,Salinas  CA MSA ,73,73,16717,0,0,0,0,0,0,0,0,0,65,65,15288,0,0,0,0,0,0,0,0,0
200111,7160,9999,,Salt Lake City-Ogden  UT MSA ,500,500,65681,4,8,809,11,39,3131,9,182,15761,435,435,58137,2,4,433,9,33,2750,8,168,15111
200111,7200,9999,,San Angelo  TX MSA ,12,12,1358,0,0,0,0,0,0,0,0,0,12,12,1358,0,0,0,0,0,0,0,0,0
200111,7240,9999,,San Antonio  TX MSA ,621,621,80294,2,4,224,0,0,0,32,640,38045,591,591,76722,2,4,224,0,0,0,32,640,38045
200111,7320,9999,,San Diego  CA MSA ,704,704,153697,1,2,247,6,20,2284,14,297,29484,557,557,115686,0,0,0,0,0,0,5,40,4202
200111,7362,5775,,Oakland  CA PMSA ,361,361,76323,0,0,0,0,0,0,6,80,6407,320,320,67673,0,0,0,0,0,0,4,57,4499
200111,7362,7360,,San Francisco  CA PMSA ,85,85,24122,4,8,1850,3,12,1109,3,43,4671,63,63,18283,3,6,1410,3,12,1109,2,17,3000
200111,7362,7400,,San Jose  CA PMSA ,79,79,21418,5,10,704,13,50,4331,7,87,8169,63,63,18120,4,8,533,11,44,3375,6,80,7194
200111,7362,7485,,Santa Cruz-Watsonville  CA PMSA ,24,24,5294,1,2,169,0,0,0,0,0,0,24,24,5294,1,2,169,0,0,0,0,0,0
200111,7362,7500,,Santa Rosa  CA PMSA ,99,99,15146,5,10,805,0,0,0,3,21,1117,4,4,511,3,6,534,0,0,0,1,7,407
200111,7362,8720,,Vallejo-Fairfield-Napa  CA PMSA ,130,130,21993,0,0,0,0,0,0,9,103,5332,108,108,18662,0,0,0,0,0,0,9,103,5332
200111,7460,9999,,San Luis Obispo-Atascadero-Paso Robles  CA MSA ,102,102,17937,0,0,0,1,4,464,1,5,190,44,44,7845,0,0,0,1,4,464,0,0,0
200111,7480,9999,,Santa Barbara-Santa Maria-Lompoc  CA MSA ,56,56,12991,2,4,273,0,0,0,0,0,0,56,56,12991,2,4,273,0,0,0,0,0,0
200111,7490,9999,,Santa Fe  NM MSA ,35,35,4747,0,0,0,1,3,156,0,0,0,11,11,1553,0,0,0,0,0,0,0,0,0
200111,7510,9999,,Sarasota-Bradenton  FL MSA ,706,706,111392,2,4,670,1,4,465,35,509,43429,701,701,110906,2,4,670,1,4,465,35,509,43429
200111,7520,9999,,Savannah  GA MSA ,107,107,14404,2,4,242,0,0,0,4,53,1967,39,39,4551,0,0,0,0,0,0,0,0,0
200111,7560,9999,,Scranton--Wilkes-Barre--Hazleton  PA MSA ,33,33,3882,0,0,0,0,0,0,1,9,432,22,22,2451,0,0,0,0,0,0,0,0,0
200111,7602,1150,,Bremerton  WA PMSA ,65,65,8472,0,0,0,0,0,0,0,0,0,63,63,8296,0,0,0,0,0,0,0,0,0
200111,7602,5910,,Olympia  WA PMSA ,106,106,15339,0,0,0,0,0,0,0,0,0,103,103,14885,0,0,0,0,0,0,0,0,0
200111,7602,7600,,Seattle-Bellevue-Everett  WA PMSA ,442,442,75026,13,26,2485,1,3,259,23,537,37774,318,318,55468,11,22,2197,1,3,259,17,499,34716
200111,7602,8200,,Tacoma  WA PMSA ,227,227,27968,5,10,681,0,0,0,1,236,20713,217,217,26890,5,10,681,0,0,0,1,236,20713
200111,7610,9999,,Sharon  PA MSA ,9,9,1083,0,0,0,0,0,0,1,6,250,2,2,125,0,0,0,0,0,0,0,0,0
200111,7620,9999,,Sheboygan  WI MSA ,3,3,1799,0,0,0,0,0,0,0,0,0,3,3,1799,0,0,0,0,0,0,0,0,0
200111,7640,9999,,Sherman-Denison  TX MSA ,14,14,1814,0,0,0,0,0,0,0,0,0,14,14,1814,0,0,0,0,0,0,0,0,0
200111,7680,9999,,Shreveport-Bossier City  LA MSA ,68,68,13375,0,0,0,0,0,0,0,0,0,68,68,13375,0,0,0,0,0,0,0,0,0
200111,7720,9999,,Sioux City  IA-NE MSA ,15,15,1802,1,2,183,0,0,0,0,0,0,9,9,1068,1,2,183,0,0,0,0,0,0
200111,7760,9999,,Sioux Falls  SD MSA ,102,102,10059,0,0,0,2,6,427,1,12,533,94,94,9157,0,0,0,1,3,249,1,12,533
200111,7800,9999,,South Bend  IN MSA ,53,53,8136,0,0,0,0,0,0,0,0,0,53,53,8136,0,0,0,0,0,0,0,0,0
200111,7840,9999,,Spokane  WA MSA ,97,97,12287,0,0,0,0,0,0,0,0,0,81,81,10410,0,0,0,0,0,0,0,0,0
200111,7880,9999,,Springfield  IL MSA ,83,83,10772,2,4,315,0,0,0,0,0,0,70,70,9841,2,4,315,0,0,0,0,0,0
200111,7920,9999,,Springfield  MO MSA ,171,171,21175,3,6,492,2,7,228,2,33,1110,148,148,19049,2,4,400,1,4,125,2,33,1110
200111,8000,9999,,Springfield  MA MSA ,48,48,7789,0,0,0,0,0,0,0,0,0,42,42,7099,0,0,0,0,0,0,0,0,0
200111,8050,9999,,State College  PA MSA ,83,83,6742,0,0,0,0,0,0,0,0,0,83,83,6742,0,0,0,0,0,0,0,0,0
200111,8080,9999,,Steubenville-Weirton  OH-WV MSA ,2,2,290,1,2,65,0,0,0,0,0,0,2,2,290,1,2,65,0,0,0,0,0,0
200111,8120,9999,,Stockton-Lodi  CA MSA ,282,282,45825,0,0,0,0,0,0,0,0,0,187,187,30402,0,0,0,0,0,0,0,0,0
200111,8140,9999,,Sumter  SC MSA ,23,23,2205,0,0,0,0,0,0,2,13,1442,0,0,0,0,0,0,0,0,0,0,0,0
200111,8160,9999,,Syracuse  NY MSA ,46,46,5405,0,0,0,0,0,0,2,14,319,41,41,4941,0,0,0,0,0,0,0,0,0
200111,8240,9999,,Tallahassee  FL MSA ,139,139,19076,2,4,253,0,0,0,0,0,0,139,139,19076,2,4,253,0,0,0,0,0,0
200111,8280,9999,,Tampa-St. Petersburg-Clearwater  FL MSA ,1122,1122,125037,16,32,2967,9,35,3069,25,455,29407,1120,1120,124552,16,32,2967,9,35,3069,24,449,28994
200111,8320,9999,,Terre Haute  IN MSA ,14,14,1891,0,0,0,0,0,0,0,0,0,0,0,0,0,0,0,0,0,0,0,0,0
200111,8360,9999,,Texarkana  TX-Texarkana  AR MSA ,7,7,604,0,0,0,0,0,0,0,0,0,7,7,604,0,0,0,0,0,0,0,0,0
200111,8400,9999,,Toledo  OH MSA ,183,183,26693,2,4,431,0,0,0,3,15,825,183,183,26693,2,4,431,0,0,0,3,15,825
200111,8440,9999,,Topeka  KS MSA ,60,60,8429,0,0,0,0,0,0,0,0,0,60,60,8429,0,0,0,0,0,0,0,0,0
200111,8520,9999,,Tucson  AZ MSA ,345,345,52748,3,6,423,4,13,974,2,30,1960,160,160,31307,0,0,0,0,0,0,0,0,0
200111,8560,9999,,Tulsa  OK MSA ,276,276,35036,0,0,0,13,47,2079,1,52,3093,251,251,30455,0,0,0,13,47,2079,1,52,3093
200111,8600,9999,,Tuscaloosa  AL MSA ,34,34,4467,0,0,0,0,0,0,0,0,0,34,34,4467,0,0,0,0,0,0,0,0,0
200111,8640,9999,,Tyler  TX MSA ,24,24,4236,0,0,0,0,0,0,1,5,231,0,0,0,0,0,0,0,0,0,0,0,0
200111,8680,9999,,Utica-Rome  NY MSA ,5,5,765,0,0,0,0,0,0,0,0,0,2,2,400,0,0,0,0,0,0,0,0,0
200111,8750,9999,,Victoria  TX MSA ,9,9,1088,0,0,0,0,0,0,0,0,0,9,9,1088,0,0,0,0,0,0,0,0,0
200111,8780,9999,,Visalia-Tulare-Porterville  CA MSA ,113,113,12897,0,0,0,0,0,0,0,0,0,107,107,12385,0,0,0,0,0,0,0,0,0
200111,8800,9999,,Waco  TX MSA ,19,19,2548,3,6,440,0,0,0,0,0,0,19,19,2548,3,6,440,0,0,0,0,0,0
200111,8872,0720,,Baltimore  MD PMSA ,624,624,77011,0,0,0,0,0,0,6,80,4755,614,614,76253,0,0,0,0,0,0,6,80,4755
200111,8872,3180,,Hagerstown  MD PMSA ,40,40,5914,0,0,0,0,0,0,3,96,2400,40,40,5914,0,0,0,0,0,0,3,96,2400
200111,8872,8840,,Washington  DC-MD-VA-WV PMSA ,2035,2035,257643,2,4,288,0,0,0,47,1019,54559,1686,1686,212957,1,2,126,0,0,0,38,796,40409
200111,8920,9999,,Waterloo-Cedar Falls  IA MSA ,12,12,2532,1,2,172,0,0,0,0,0,0,12,12,2532,1,2,172,0,0,0,0,0,0
200111,8940,9999,,Wausau  WI MSA ,24,24,2978,1,2,135,0,0,0,1,8,400,13,13,1693,1,2,135,0,0,0,1,8,400
200111,8960,9999,,West Palm Beach-Boca Raton  FL MSA ,469,469,75617,1,2,126,0,0,0,17,273,26188,462,462,68365,1,2,126,0,0,0,16,267,25290
200111,9000,9999,,Wheeling  WV-OH MSA ,1,1,138,0,0,0,0,0,0,0,0,0,0,0,0,0,0,0,0,0,0,0,0,0
200111,9040,9999,,Wichita  KS MSA ,118,118,13121,0,0,0,0,0,0,0,0,0,117,117,13001,0,0,0,0,0,0,0,0,0
200111,9080,9999,,Wichita Falls  TX MSA ,35,35,2337,0,0,0,0,0,0,0,0,0,35,35,2337,0,0,0,0,0,0,0,0,0
200111,9200,9999,,Wilmington  NC MSA ,223,223,30563,2,4,343,0,0,0,8,177,9277,157,157,24120,2,4,343,0,0,0,7,172,9036
200111,9260,9999,,Yakima  WA MSA ,15,15,2167,1,2,109,2,8,310,0,0,0,15,15,2167,1,2,109,2,8,310,0,0,0
200111,9280,9999,,York  PA MSA ,86,86,11391,0,0,0,0,0,0,0,0,0,68,68,9554,0,0,0,0,0,0,0,0,0
200111,9320,9999,,Youngstown-Warren  OH MSA ,63,63,8268,2,4,300,3,10,708,0,0,0,63,63,8268,2,4,300,2,6,480,0,0,0
200111,9340,9999,,Yuba City  CA MSA ,48,48,7795,1,2,212,0,0,0,0,0,0,48,48,7795,1,2,212,0,0,0,0,0,0
200111,9360,9999,,Yuma  AZ MSA ,79,79,6528,0,0,0,0,0,0,0,0,0,79,79,6528,0,0,0,0,0,0,0,0,0
200111,1122,9999,,Boston-Worcester-Lawrence  MA-NH-ME-CT CMSA ,958,958,168620,33,66,5228,4,14,1071,13,430,47908,644,644,116794,23,46,3529,3,11,771,6,365,43765
200111,1602,9999,,Chicago-Gary-Kenosha  IL-IN-WI CMSA ,2332,2332,400001,24,48,4863,58,206,18603,47,955,65850,1933,1933,343950,13,26,3092,27,107,10997,29,530,41314
200111,1642,9999,,Cincinnati-Hamilton  OH-KY-IN CMSA ,697,697,88470,5,10,604,4,15,927,9,74,4065,623,623,80423,2,4,381,2,8,345,7,60,3594
200111,1692,9999,,Cleveland-Akron  OH CMSA ,684,684,125137,5,10,856,7,23,1571,5,146,7900,595,595,112119,5,10,856,4,13,1101,1,110,6105
200111,1922,9999,,Dallas-Fort Worth  TX CMSA ,2288,2288,354827,6,12,754,13,52,1580,92,1791,101201,1985,1985,305261,5,10,632,13,52,1580,86,1725,98006
200111,2082,9999,,Denver-Boulder-Greeley  CO CMSA ,1080,1080,160524,7,14,1408,0,0,0,51,715,49145,969,969,145434,6,12,1341,0,0,0,49,668,46753
200111,2162,9999,,Detroit-Ann Arbor-Flint  MI CMSA ,1295,1295,200516,4,8,618,5,16,979,18,184,10971,972,972,157314,4,8,618,2,6,444,8,124,7380
200111,3362,9999,,Houston-Galveston-Brazoria  TX CMSA ,2011,2011,256675,1,2,48,2,8,140,24,487,26859,1960,1960,249206,0,0,0,2,8,140,20,448,25718
200111,4472,9999,,Los Angeles-Riverside-Orange County  CA CMSA ,2735,2735,520347,35,70,8413,18,68,8489,84,1677,150443,2604,2604,493697,33,66,8130,14,55,7553,77,1641,148323
200111,4992,9999,,Miami-Fort Lauderdale  FL CMSA ,1110,1110,133166,1,2,85,9,34,2098,25,721,47654,1109,1109,133068,1,2,85,9,34,2098,24,712,47298
200111,5082,9999,,Milwaukee-Racine  WI CMSA ,275,275,55215,22,44,5102,1,4,550,8,188,28138,226,226,45533,20,40,4688,1,4,550,6,173,27540
200111,5602,9999,,New York-Northern New Jersey-Long Island  NY-NJ-CT-PA CMSA ,2179,2179,358819,271,542,48977,100,308,25670,67,1549,105138,1477,1477,255348,236,472,33612,93,285,20670,43,1308,90373
200111,6162,9999,,Philadelphia-Wilmington-Atlantic City  PA-NJ-DE-MD CMSA ,1457,1457,164457,24,48,4985,7,27,1688,27,224,10735,1065,1065,119029,21,42,4312,4,16,1170,16,135,6842
200111,6442,9999,,Portland-Salem  OR-WA CMSA ,762,762,131988,13,26,2447,2,6,505,24,297,18499,615,615,111588,11,22,2192,0,0,0,21,279,17670
200111,6922,9999,,Sacramento-Yolo  CA CMSA ,1055,1055,186173,0,0,0,1,3,259,8,131,9906,1055,1055,186173,0,0,0,1,3,259,8,131,9906
200111,7362,9999,,San Francisco-Oakland-San Jose  CA CMSA ,778,778,164296,15,30,3528,16,62,5440,28,334,25696,582,582,128543,11,22,2646,14,56,4484,22,264,20432
200111,7602,9999,,Seattle-Tacoma-Bremerton  WA CMSA ,840,840,126805,18,36,3166,1,3,259,24,773,58487,701,701,105539,16,32,2878,1,3,259,18,735,55429
200111,8872,9999,,Washington-Baltimore  DC-MD-VA-WV CMSA ,2699,2699,340568,2,4,288,0,0,0,56,1195,61714,2340,2340,295124,1,2,126,0,0,0,47,972,47564
