Survey,MSA/,PMSA,,MA,,1-unit,,,2-units,,,3-4 units,,,5+ units,,,1-unit rep,,,2-units rep,,,3-4 units rep,,,5+ units rep
Date,CMSA,,,Name,Bldgs,Units,Value,Bldgs,Units,Value,Bldgs,Units,Value,Bldgs,Units,Value,Bldgs,Units,Value,Bldgs,Units,Value,      Bldgs,Units,Value,Bldgs,Units,Value
 
200201,0040,9999,,Abilene  TX MSA ,8,8,2028,1,2,130,0,0,0,0,0,0,8,8,2028,1,2,130,0,0,0,0,0,0
200201,0120,9999,,Albany  GA MSA ,55,55,6584,0,0,0,0,0,0,0,0,0,31,31,3844,0,0,0,0,0,0,0,0,0
200201,0160,9999,,Albany-Schenectady-Troy  NY MSA ,116,116,21394,2,4,430,0,0,0,1,5,289,105,105,19920,1,2,200,0,0,0,0,0,0
200201,0200,9999,,Albuquerque  NM MSA ,100,100,11337,0,0,0,2,8,432,0,0,0,34,34,5063,0,0,0,2,8,432,0,0,0
200201,0220,9999,,Alexandria  LA MSA ,28,28,3392,0,0,0,0,0,0,1,8,515,28,28,3392,0,0,0,0,0,0,1,8,515
200201,0240,9999,,Allentown-Bethlehem-Easton  PA MSA ,142,142,17924,0,0,0,1,3,230,0,0,0,129,129,15610,0,0,0,0,0,0,0,0,0
200201,0280,9999,,Altoona  PA MSA ,3,3,588,0,0,0,0,0,0,0,0,0,3,3,588,0,0,0,0,0,0,0,0,0
200201,0320,9999,,Amarillo  TX MSA ,55,55,7950,1,2,109,0,0,0,0,0,0,55,55,7950,1,2,109,0,0,0,0,0,0
200201,0380,9999,,Anchorage  AK MSA ,68,68,12450,21,42,5301,0,0,0,0,0,0,68,68,12450,21,42,5301,0,0,0,0,0,0
200201,0450,9999,,Anniston  AL MSA ,21,21,3517,0,0,0,0,0,0,0,0,0,2,2,340,0,0,0,0,0,0,0,0,0
200201,0460,9999,,Appleton-Oshkosh-Neenah  WI MSA ,122,122,16044,3,6,416,4,12,960,3,25,1401,100,100,12955,2,4,290,4,12,960,2,12,936
200201,0480,9999,,Asheville  NC MSA ,81,81,19400,3,6,486,1,4,165,1,40,2269,81,81,19400,3,6,486,1,4,165,1,40,2269
200201,0500,9999,,Athens  GA MSA ,91,91,11085,0,0,0,0,0,0,0,0,0,78,78,9569,0,0,0,0,0,0,0,0,0
200201,0520,9999,,Atlanta  GA MSA ,3618,3618,428158,7,14,775,9,36,2314,78,1198,67985,3372,3372,401495,6,12,645,9,36,2314,77,1182,67537
200201,0580,9999,,Auburn-Opelika  AL MSA ,29,29,4119,6,12,692,1,4,359,5,60,4340,29,29,4119,6,12,692,1,4,359,5,60,4340
200201,0600,9999,,Augusta-Aiken  GA-SC MSA ,248,248,31527,0,0,0,0,0,0,3,64,4684,224,224,28710,0,0,0,0,0,0,3,64,4684
200201,0640,9999,,Austin-San Marcos  TX MSA ,599,599,67896,5,10,543,1,4,206,22,817,22657,523,523,66821,4,8,400,0,0,0,21,780,20008
200201,0680,9999,,Bakersfield  CA MSA ,190,190,24169,0,0,0,2,7,358,2,10,651,11,11,988,0,0,0,1,3,136,0,0,0
200201,0730,9999,,Bangor  ME MSA ,5,5,622,0,0,0,0,0,0,0,0,0,2,2,250,0,0,0,0,0,0,0,0,0
200201,0740,9999,,Barnstable-Yarmouth  MA MSA ,51,51,11423,0,0,0,0,0,0,0,0,0,38,38,8200,0,0,0,0,0,0,0,0,0
200201,0760,9999,,Baton Rouge  LA MSA ,101,101,9494,0,0,0,0,0,0,0,0,0,101,101,9494,0,0,0,0,0,0,0,0,0
200201,0840,9999,,Beaumont-Port Arthur  TX MSA ,44,44,5787,0,0,0,0,0,0,0,0,0,44,44,5787,0,0,0,0,0,0,0,0,0
200201,0860,9999,,Bellingham  WA MSA ,67,67,8813,2,4,416,1,3,241,1,23,1197,36,36,5132,0,0,0,0,0,0,0,0,0
200201,0870,9999,,Benton Harbor  MI MSA ,7,7,1166,0,0,0,0,0,0,0,0,0,5,5,902,0,0,0,0,0,0,0,0,0
200201,0880,9999,,Billings  MT MSA ,40,40,4865,0,0,0,0,0,0,0,0,0,40,40,4865,0,0,0,0,0,0,0,0,0
200201,0920,9999,,Biloxi-Gulfport-Pascagoula  MS MSA ,161,161,15446,0,0,0,0,0,0,0,0,0,150,150,13985,0,0,0,0,0,0,0,0,0
200201,0960,9999,,Binghamton  NY MSA ,5,5,946,0,0,0,0,0,0,0,0,0,0,0,0,0,0,0,0,0,0,0,0,0
200201,1000,9999,,Birmingham  AL MSA ,364,364,53279,0,0,0,0,0,0,3,34,1541,271,271,42763,0,0,0,0,0,0,0,0,0
200201,1010,9999,,Bismarck  ND MSA ,11,11,1391,0,0,0,0,0,0,3,48,2385,8,8,1081,0,0,0,0,0,0,3,48,2385
200201,1020,9999,,Bloomington  IN MSA ,36,36,5179,1,2,171,1,4,296,5,37,2023,35,35,5104,1,2,171,1,4,296,5,37,2023
200201,1040,9999,,Bloomington-Normal  IL MSA ,40,40,3467,0,0,0,0,0,0,0,0,0,40,40,3467,0,0,0,0,0,0,0,0,0
200201,1080,9999,,Boise City  ID MSA ,356,356,51592,3,6,520,1,4,150,8,48,3001,291,291,41087,3,6,520,1,4,150,8,48,3001
200201,1122,1120,,Boston  MA-NH PMSA ,357,357,69707,22,44,3641,4,13,920,4,65,5291,288,288,55507,18,36,3032,3,10,755,1,50,3198
200201,1122,1200,,Brockton  MA PMSA ,88,88,12249,1,2,140,0,0,0,0,0,0,87,87,12144,1,2,140,0,0,0,0,0,0
200201,1122,2600,,Fitchburg-Leominster  MA PMSA ,28,28,3387,0,0,0,0,0,0,0,0,0,20,20,2610,0,0,0,0,0,0,0,0,0
200201,1122,4160,,Lawrence  MA-NH PMSA ,86,86,14371,1,2,120,2,8,886,0,0,0,53,53,8939,1,2,120,2,8,886,0,0,0
200201,1122,4560,,Lowell  MA-NH PMSA ,43,43,6146,1,2,172,1,3,300,0,0,0,30,30,4274,1,2,172,1,3,300,0,0,0
200201,1122,4760,,Manchester  NH PMSA ,87,87,18565,0,0,0,0,0,0,5,42,2459,87,87,18565,0,0,0,0,0,0,5,42,2459
200201,1122,5350,,Nashua  NH PMSA ,39,39,6747,0,0,0,0,0,0,0,0,0,22,22,4389,0,0,0,0,0,0,0,0,0
200201,1122,5400,,New Bedford  MA PMSA ,33,33,4226,0,0,0,0,0,0,0,0,0,18,18,2535,0,0,0,0,0,0,0,0,0
200201,1122,6450,,Portsmouth-Rochester  NH-ME PMSA ,104,104,17809,4,8,726,0,0,0,2,24,1000,85,85,14198,3,6,626,0,0,0,2,24,1000
200201,1122,9240,,Worcester  MA-CT PMSA ,115,115,17276,2,4,435,0,0,25,0,0,0,81,81,12886,0,0,9,0,0,25,0,0,0
200201,1240,9999,,Brownsville-Harlingen-San Benito  TX MSA ,220,220,14150,4,8,403,3,11,353,1,5,163,31,31,2311,0,0,0,0,0,0,0,0,0
200201,1260,9999,,Bryan-College Station  TX MSA ,62,62,6697,10,20,780,0,0,0,0,0,0,62,62,6697,10,20,780,0,0,0,0,0,0
200201,1280,9999,,Buffalo-Niagara Falls  NY MSA ,115,115,18734,1,2,266,0,0,0,1,14,299,105,105,17401,0,0,0,0,0,0,0,0,0
200201,1305,9999,,Burlington  VT MSA ,23,23,3215,0,0,0,0,0,0,2,42,1820,13,13,1695,0,0,0,0,0,0,1,37,1628
200201,1320,9999,,Canton-Massillon  OH MSA ,59,59,9855,0,0,0,0,0,0,1,5,187,3,3,500,0,0,0,0,0,0,0,0,0
200201,1350,9999,,Casper  WY MSA ,10,10,1374,0,0,0,0,0,0,0,0,0,10,10,1374,0,0,0,0,0,0,0,0,0
200201,1360,9999,,Cedar Rapids  IA MSA ,32,32,3058,1,2,190,2,8,578,0,0,0,30,30,2887,1,2,190,2,8,578,0,0,0
200201,1400,9999,,Champaign-Urbana  IL MSA ,24,24,4311,0,0,0,0,0,0,8,118,3378,24,24,4311,0,0,0,0,0,0,8,118,3378
200201,1440,9999,,Charleston-North Charleston  SC MSA ,348,348,55342,2,4,321,2,6,380,6,62,3321,175,175,28770,0,0,0,1,3,149,0,0,0
200201,1480,9999,,Charleston  WV MSA ,22,22,3088,0,0,0,0,0,0,1,5,256,1,1,90,0,0,0,0,0,0,0,0,0
200201,1520,9999,,Charlotte-Gastonia-Rock Hill  NC-SC MSA ,1152,1152,154531,0,0,0,3,9,907,7,84,5884,1094,1094,147180,0,0,0,3,9,907,5,73,5594
200201,1540,9999,,Charlottesville  VA MSA ,119,119,42495,0,0,0,0,0,0,1,122,4000,97,97,40641,0,0,0,0,0,0,1,122,4000
200201,1560,9999,,Chattanooga  TN-GA MSA ,165,165,19360,3,6,240,1,3,50,1,5,247,143,143,17450,3,6,240,0,0,0,0,0,0
200201,1580,9999,,Cheyenne  WY MSA ,26,26,3316,0,0,0,0,0,0,0,0,0,26,26,3316,0,0,0,0,0,0,0,0,0
200201,1602,1600,,Chicago  IL PMSA ,1665,1665,287365,10,20,2070,24,83,7034,34,668,41901,1396,1396,248476,4,8,1107,8,30,2973,20,361,25092
200201,1602,2960,,Gary  IN PMSA ,88,88,13799,2,4,405,0,0,0,3,22,1575,79,79,12700,2,4,405,0,0,0,3,22,1575
200201,1602,3740,,Kankakee  IL PMSA ,16,16,2513,0,0,0,3,12,880,0,0,0,14,14,2282,0,0,0,3,12,880,0,0,0
200201,1602,3800,,Kenosha  WI PMSA ,49,49,6248,1,2,240,0,0,0,3,23,938,37,37,4477,0,0,0,0,0,0,2,18,700
200201,1620,9999,,Chico-Paradise  CA MSA ,96,96,11281,1,2,96,0,0,0,0,0,0,91,91,10886,1,2,96,0,0,0,0,0,0
200201,1642,1640,,Cincinnati  OH-KY-IN PMSA ,534,534,72599,1,2,87,2,8,503,10,105,5389,306,306,42793,0,0,0,1,4,296,5,72,3851
200201,1642,3200,,Hamilton-Middletown  OH PMSA ,110,110,14517,1,2,179,0,0,0,7,80,4641,101,101,13551,1,2,179,0,0,0,7,80,4641
200201,1660,9999,,Clarksville-Hopkinsville  TN-KY MSA ,84,84,6145,14,28,1280,0,0,0,0,0,0,84,84,6145,14,28,1280,0,0,0,0,0,0
200201,1692,0080,,Akron  OH PMSA ,120,120,22248,2,4,471,0,0,0,0,0,0,113,113,21160,2,4,471,0,0,0,0,0,0
200201,1692,1680,,Cleveland-Lorain-Elyria  OH PMSA ,389,389,68923,1,2,190,4,14,1002,3,20,1059,308,308,56186,0,0,0,1,4,240,0,0,0
200201,1720,9999,,Colorado Springs  CO MSA ,268,268,33197,1,2,150,2,8,631,2,10,482,268,268,33197,1,2,150,2,8,631,2,10,482
200201,1740,9999,,Columbia  MO MSA ,69,69,8248,1,2,145,0,0,0,0,0,0,69,69,8248,1,2,145,0,0,0,0,0,0
200201,1760,9999,,Columbia  SC MSA ,330,330,34238,0,0,0,0,0,0,0,0,0,330,330,34238,0,0,0,0,0,0,0,0,0
200201,1800,9999,,Columbus  GA-AL MSA ,91,91,12590,3,6,248,0,0,0,0,0,0,91,91,12590,3,6,248,0,0,0,0,0,0
200201,1840,9999,,Columbus  OH MSA ,728,728,111910,2,4,213,7,25,1465,17,239,10243,304,304,53045,0,0,0,0,0,0,0,0,0
200201,1880,9999,,Corpus Christi  TX MSA ,57,57,6264,1,2,116,2,7,351,0,0,0,0,0,0,0,0,0,0,0,0,0,0,0
200201,1890,9999,,Corvallis OR MSA ,14,14,2994,0,0,0,0,0,0,0,0,0,4,4,921,0,0,0,0,0,0,0,0,0
200201,1900,9999,,Cumberland  MD-WV MSA ,9,9,1102,0,0,0,0,0,0,0,0,0,2,2,279,0,0,0,0,0,0,0,0,0
200201,1922,1920,,Dallas  TX PMSA ,1818,1818,278927,10,20,1022,0,0,0,51,717,43303,1641,1641,251167,10,20,1022,0,0,0,45,661,40619
200201,1922,2800,,Fort Worth-Arlington  TX PMSA ,984,984,137339,7,14,873,0,0,0,0,0,0,822,822,108122,6,12,753,0,0,0,0,0,0
200201,1950,9999,,Danville  VA MSA ,28,28,2853,0,0,0,1,3,56,0,0,0,6,6,718,0,0,0,0,0,0,0,0,0
200201,1960,9999,,Davenport-Moline-Rock Island  IA-IL MSA ,23,23,3256,1,2,266,0,0,0,1,12,709,20,20,2771,0,0,0,0,0,0,1,12,709
200201,2000,9999,,Dayton-Springfield  OH MSA ,114,114,16357,1,2,140,1,3,217,0,0,0,103,103,15019,1,2,140,1,3,217,0,0,0
200201,2020,9999,,Daytona Beach  FL MSA ,590,590,71103,19,38,2508,1,3,208,1,5,656,577,577,69160,19,38,2508,1,3,208,0,0,0
200201,2030,9999,,Decatur  Al MSA ,38,38,4700,0,0,0,0,0,0,0,0,0,32,32,4206,0,0,0,0,0,0,0,0,0
200201,2040,9999,,Decatur  IL MSA ,9,9,1048,0,0,0,0,0,0,1,8,285,4,4,504,0,0,0,0,0,0,0,0,0
200201,2082,1125,,Boulder-Longmont  CO PMSA ,113,113,18157,1,2,147,2,7,754,6,76,4296,113,113,18157,1,2,147,2,7,754,6,76,4296
200201,2082,2080,,Denver  CO PMSA ,869,869,136394,4,8,806,12,44,4490,51,1048,74129,815,815,131397,3,6,739,12,44,4490,50,1026,72625
200201,2082,3060,,Greeley  CO PMSA ,254,254,35107,0,0,0,3,11,966,2,20,1235,133,133,20097,0,0,0,2,8,737,0,0,0
200201,2120,9999,,Des Moines  IA MSA ,178,178,25197,3,6,575,4,16,1282,30,240,23191,178,178,25197,3,6,575,4,16,1282,30,240,23191
200201,2162,0440,,Ann Arbor  MI PMSA ,256,256,41214,2,4,322,0,0,0,0,0,0,210,210,36851,1,2,126,0,0,0,0,0,0
200201,2162,2160,,Detroit  MI PMSA ,792,792,118169,30,60,6794,2,7,558,13,155,10276,668,668,102154,30,60,6794,2,7,558,10,138,9483
200201,2162,2640,,Flint  MI PMSA ,112,112,18677,1,2,154,0,0,0,0,0,0,105,105,18035,1,2,154,0,0,0,0,0,0
200201,2180,9999,,Dothan  AL MSA ,32,32,2353,0,0,0,0,0,0,0,0,0,32,32,2353,0,0,0,0,0,0,0,0,0
200201,2190,9999,,Dover  DE MSA ,82,82,9198,0,0,0,0,0,0,0,0,0,79,79,8953,0,0,0,0,0,0,0,0,0
200201,2200,9999,,Dubuque  IA MSA ,10,10,1332,0,0,0,0,0,0,0,0,0,10,10,1332,0,0,0,0,0,0,0,0,0
200201,2240,9999,,Duluth-Superior  MN-WI MSA ,17,17,2287,0,0,0,1,3,224,0,0,0,12,12,1705,0,0,0,0,0,0,0,0,0
200201,2290,9999,,Eau Claire  WI MSA ,12,12,1831,0,0,0,0,0,0,0,0,0,12,12,1831,0,0,0,0,0,0,0,0,0
200201,2320,9999,,El Paso  TX MSA ,306,306,17771,2,4,125,0,0,0,0,0,0,306,306,17771,2,4,125,0,0,0,0,0,0
200201,2330,9999,,Elkhart-Goshen  IN MSA ,58,58,8297,0,0,0,0,0,0,0,0,0,54,54,7804,0,0,0,0,0,0,0,0,0
200201,2335,9999,,Elmira  NY MSA ,4,4,474,0,0,0,0,0,0,0,0,0,0,0,0,0,0,0,0,0,0,0,0,0
200201,2340,9999,,Enid  OK MSA ,3,3,730,0,0,0,0,0,0,6,47,2065,3,3,730,0,0,0,0,0,0,6,47,2065
200201,2360,9999,,Erie  PA MSA ,19,19,2311,0,0,0,0,0,0,0,0,0,18,18,2207,0,0,0,0,0,0,0,0,0
200201,2400,9999,,Eugene-Springfield  OR MSA ,95,95,16743,2,4,291,0,0,0,6,33,2224,78,78,14687,0,0,0,0,0,0,6,33,2224
200201,2440,9999,,Evansville-Henderson  IN-KY MSA ,110,110,14538,0,0,0,1,4,320,0,0,0,110,110,14538,0,0,0,1,4,320,0,0,0
200201,2520,9999,,Fargo-Moorhead  ND-MN MSA ,7,7,745,0,0,0,1,4,383,0,0,0,7,7,745,0,0,0,1,4,383,0,0,0
200201,2560,9999,,Fayetteville  NC MSA ,76,76,9382,1,2,119,0,0,0,8,100,4149,76,76,9382,1,2,119,0,0,0,8,100,4149
200201,2580,9999,,Fayetteville-Springdale-Rogers  AR MSA ,155,155,18989,1,2,158,0,0,0,59,697,28434,118,118,15209,1,2,158,0,0,0,59,697,28434
200201,2620,9999,,Flagstaff  AZ-UT MSA ,45,45,6778,1,2,137,0,0,0,0,0,0,45,45,6778,1,2,137,0,0,0,0,0,0
200201,2650,9999,,Florence  AL MSA ,11,11,1214,0,0,0,0,0,0,0,0,0,11,11,1214,0,0,0,0,0,0,0,0,0
200201,2655,9999,,Florence  SC MSA ,45,45,3907,0,0,0,0,0,0,1,7,304,0,0,0,0,0,0,0,0,0,0,0,0
200201,2670,9999,,Fort Collins-Loveland  CO MSA ,154,154,19824,5,10,1313,1,3,250,1,12,855,147,147,18934,5,10,1313,1,3,250,1,12,855
200201,2700,9999,,Fort Myers-Cape Coral  FL MSA ,516,516,84585,16,32,3618,6,24,2617,9,173,27859,516,516,84585,16,32,3618,6,24,2617,9,173,27859
200201,2710,9999,,Fort Pierce-Port St. Lucie  FL MSA ,295,295,57296,4,8,684,0,0,0,6,85,4255,184,184,46251,3,6,587,0,0,0,5,64,3403
200201,2720,9999,,Fort Smith  AR-OK MSA ,33,33,3533,0,0,0,0,0,0,1,115,4889,33,33,3533,0,0,0,0,0,0,1,115,4889
200201,2750,9999,,Fort Walton Beach  FL MSA ,88,88,11804,0,0,0,1,4,204,2,14,4331,21,21,4479,0,0,0,0,0,0,1,5,3900
200201,2760,9999,,Fort Wayne  IN MSA ,152,152,22319,2,4,324,0,0,0,0,0,0,152,152,22319,2,4,324,0,0,0,0,0,0
200201,2840,9999,,Fresno  CA MSA ,279,279,38108,4,8,683,2,8,672,2,10,672,273,273,37692,3,6,559,2,8,672,0,0,0
200201,2880,9999,,Gadsden  AL MSA ,9,9,1171,0,0,0,0,0,0,0,0,0,9,9,1171,0,0,0,0,0,0,0,0,0
200201,2900,9999,,Gainesville  FL MSA ,66,66,8058,0,0,0,1,3,141,2,24,1462,43,43,6183,0,0,0,1,3,141,1,7,329
200201,2975,9999,,Glens Falls  NY MSA ,22,22,3349,0,0,0,0,0,0,0,0,0,16,16,2561,0,0,0,0,0,0,0,0,0
200201,2980,9999,,Goldsboro  NC MSA ,32,32,3402,0,0,0,0,0,0,0,0,0,8,8,818,0,0,0,0,0,0,0,0,0
200201,2985,9999,,Grand Forks  ND-MN MSA ,1,1,234,0,0,0,0,0,0,0,0,0,1,1,234,0,0,0,0,0,0,0,0,0
200201,2995,9999,,Grand Junction  CO MSA ,83,83,9124,1,2,220,0,0,0,0,0,0,83,83,9124,1,2,220,0,0,0,0,0,0
200201,3000,9999,,Grand Rapids-Muskegon-Holland  MI MSA ,389,389,55043,2,4,377,2,7,720,4,30,1911,277,277,41780,1,2,256,1,4,480,1,7,586
200201,3040,9999,,Great Falls  MT MSA ,8,8,1190,0,0,0,0,0,0,0,0,0,8,8,1190,0,0,0,0,0,0,0,0,0
200201,3080,9999,,Green Bay  WI MSA ,47,47,6410,2,4,277,0,0,0,1,5,208,38,38,5299,1,2,133,0,0,0,0,0,0
200201,3120,9999,,Greensboro--Winston-Salem--High Point  NC MSA ,551,551,68180,3,6,356,1,3,122,12,206,10163,549,549,67940,3,6,356,0,0,0,12,206,10163
200201,3150,9999,,Greenville  NC MSA ,40,40,5166,7,14,825,0,0,0,5,52,2433,16,16,1735,6,12,714,0,0,0,5,52,2433
200201,3160,9999,,Greenville-Spartanburg-Anderson  SC MSA ,526,526,51733,17,34,1653,0,0,0,8,165,4996,479,479,44560,17,34,1653,0,0,0,7,144,3953
200201,3240,9999,,Harrisburg-Lebanon-Carlisle  PA MSA ,134,134,16560,0,0,0,0,0,0,0,0,0,129,129,15864,0,0,0,0,0,0,0,0,0
200201,3280,9999,,Hartford  CT MSA ,192,192,27031,3,6,252,0,0,0,3,25,995,174,174,25307,1,2,27,0,0,0,2,20,928
200201,3285,9999,,Hattiesburg  MS MSA ,12,12,1343,0,0,0,0,0,0,0,0,0,11,11,1284,0,0,0,0,0,0,0,0,0
200201,3290,9999,,Hickory-Morganton-Lenoir  NC MSA ,143,143,17138,0,0,0,0,0,0,1,26,250,143,143,17138,0,0,0,0,0,0,1,26,250
200201,3320,9999,,Honolulu  HI MSA ,49,49,7626,1,2,199,0,0,0,0,0,0,49,49,7626,1,2,199,0,0,0,0,0,0
200201,3350,9999,,Houma  LA MSA ,86,86,8880,0,0,0,0,0,0,0,0,0,86,86,8880,0,0,0,0,0,0,0,0,0
200201,3362,1145,,Brazoria  TX PMSA ,177,177,28193,0,0,0,0,0,0,0,0,0,176,176,28065,0,0,0,0,0,0,0,0,0
200201,3362,2920,,Galveston-Texas City  TX PMSA ,191,191,25191,0,0,0,0,0,0,2,20,997,188,188,24912,0,0,0,0,0,0,1,6,405
200201,3362,3360,,Houston  TX PMSA ,2230,2230,293070,3,6,301,1,4,257,36,512,29651,2177,2177,287629,2,4,253,1,4,257,34,492,29247
200201,3400,9999,,Huntington-Ashland  WV-KY-OH MSA ,4,4,530,0,0,0,0,0,0,0,0,0,2,2,230,0,0,0,0,0,0,0,0,0
200201,3440,9999,,Huntsville  AL MSA ,119,119,7282,0,0,0,1,4,215,0,0,0,72,72,5687,0,0,0,1,4,215,0,0,0
200201,3480,9999,,Indianapolis  IN MSA ,904,904,142670,6,12,1139,1,4,296,4,45,1571,793,793,129191,4,8,755,1,4,296,3,40,1247
200201,3500,9999,,Iowa City  IA MSA ,25,25,3823,1,2,172,0,0,0,4,72,4675,25,25,3823,1,2,172,0,0,0,4,72,4675
200201,3520,9999,,Jackson  MI MSA ,6,6,906,0,0,0,0,0,0,0,0,0,5,5,786,0,0,0,0,0,0,0,0,0
200201,3560,9999,,Jackson  MS MSA ,168,168,20870,0,0,0,0,0,0,0,0,0,93,93,14305,0,0,0,0,0,0,0,0,0
200201,3580,9999,,Jackson  TN MSA ,29,29,4201,0,0,0,0,0,0,0,0,0,29,29,4201,0,0,0,0,0,0,0,0,0
200201,3600,9999,,Jacksonville  FL MSA ,947,947,139203,0,0,0,0,0,0,11,282,10860,930,930,133982,0,0,0,0,0,0,11,282,10860
200201,3605,9999,,Jacksonville  NC MSA ,60,60,5638,1,2,59,0,0,0,0,0,0,17,17,2121,0,0,0,0,0,0,0,0,0
200201,3610,9999,,Jamestown  NY MSA ,1,1,88,0,0,0,0,0,0,0,0,0,0,0,0,0,0,0,0,0,0,0,0,0
200201,3620,9999,,Janesville-Beloit  WI MSA ,23,23,2800,2,4,460,0,0,0,1,5,175,23,23,2800,2,4,460,0,0,0,0,0,0
200201,3660,9999,,Johnson City-Kingsport-Bristol  TN-VA MSA ,65,65,6856,1,2,60,0,0,0,0,0,0,20,20,2865,0,0,0,0,0,0,0,0,0
200201,3680,9999,,Johnstown  PA MSA ,1,1,58,0,0,0,0,0,0,0,0,0,0,0,0,0,0,0,0,0,0,0,0,0
200201,3700,9999,,Jonesboro  AR MSA ,30,30,3579,0,0,0,0,0,0,0,0,0,30,30,3579,0,0,0,0,0,0,0,0,0
200201,3710,9999,,Joplin  MO MSA ,13,13,1209,0,0,0,0,0,0,0,0,0,13,13,1209,0,0,0,0,0,0,0,0,0
200201,3720,9999,,Kalamazoo-Battle Creek  MI MSA ,53,53,8159,0,0,0,0,0,0,0,0,0,21,21,3750,0,0,0,0,0,0,0,0,0
200201,3760,9999,,Kansas City  MO-KS MSA ,643,643,86226,29,58,5262,13,51,3763,0,0,0,618,618,82469,29,58,5262,13,51,3763,0,0,0
200201,3810,9999,,Killeen-Temple  TX MSA ,163,163,19287,19,38,2438,9,36,1801,0,0,0,163,163,19287,19,38,2438,9,36,1801,0,0,0
200201,3840,9999,,Knoxville  TN MSA ,253,253,28190,2,4,195,2,7,354,2,24,563,211,211,24972,2,4,195,1,4,216,0,0,0
200201,3850,9999,,Kokomo  IN MSA ,15,15,2137,1,2,169,0,0,0,0,0,0,5,5,553,0,0,0,0,0,0,0,0,0
200201,3870,9999,,La Crosse  WI-MN MSA ,10,10,1427,1,2,60,1,3,167,0,0,0,7,7,1008,1,2,60,0,0,0,0,0,0
200201,3880,9999,,Lafayette  LA MSA ,114,114,13458,0,0,0,0,0,0,0,0,0,114,114,13458,0,0,0,0,0,0,0,0,0
200201,3920,9999,,Lafayette  IN MSA ,43,43,5635,7,14,1200,0,0,0,33,257,26801,43,43,5635,7,14,1200,0,0,0,33,257,26801
200201,3960,9999,,Lake Charles  LA MSA ,14,14,2607,0,0,0,0,0,0,0,0,0,11,11,2235,0,0,0,0,0,0,0,0,0
200201,3980,9999,,Lakeland-Winter Haven  FL MSA ,321,321,27299,0,0,0,0,0,0,0,0,0,321,321,27299,0,0,0,0,0,0,0,0,0
200201,4000,9999,,Lancaster  PA MSA ,54,54,7670,1,2,134,1,3,101,2,18,760,36,36,5054,1,2,134,0,0,0,2,18,760
200201,4040,9999,,Lansing-East Lansing  MI MSA ,64,64,9846,0,0,0,0,0,0,3,23,1344,63,63,9726,0,0,0,0,0,0,3,23,1344
200201,4080,9999,,Laredo  TX MSA ,125,125,8542,0,0,0,1,4,98,1,27,926,0,0,0,0,0,0,0,0,0,0,0,0
200201,4100,9999,,Las Cruces  NM MSA ,70,70,10720,0,0,0,0,0,0,0,0,0,67,67,10434,0,0,0,0,0,0,0,0,0
200201,4120,9999,,Las Vegas  NV-AZ MSA ,1734,1734,209211,5,10,925,2,6,386,43,677,41205,1701,1701,206724,5,10,925,2,6,386,43,677,41205
200201,4150,9999,,Lawrence  KS MSA ,21,21,3050,7,14,1376,1,3,100,0,0,0,16,16,2176,7,14,1376,1,3,100,0,0,0
200201,4200,9999,,Lawton  OK MSA ,11,11,1286,0,0,0,0,0,0,0,0,0,0,0,0,0,0,0,0,0,0,0,0,0
200201,4240,9999,,Lewiston-Auburn  ME MSA ,14,14,2039,0,0,0,0,0,0,0,0,0,12,12,1842,0,0,0,0,0,0,0,0,0
200201,4280,9999,,Lexington  KY MSA ,227,227,23823,3,6,294,0,0,0,1,5,112,191,191,19300,3,6,294,0,0,0,0,0,0
200201,4320,9999,,Lima  OH MSA ,3,3,387,0,0,0,0,0,0,0,0,0,3,3,387,0,0,0,0,0,0,0,0,0
200201,4360,9999,,Lincoln  NE MSA ,76,76,10187,1,2,123,0,0,0,1,23,711,0,0,0,0,0,0,0,0,0,0,0,0
200201,4400,9999,,Little Rock-North Little Rock  AR MSA ,198,198,28596,1,2,160,0,0,0,0,0,0,177,177,25488,1,2,160,0,0,0,0,0,0
200201,4420,9999,,Longview-Marshall  TX MSA ,16,16,2268,0,0,0,0,0,0,0,0,0,16,16,2268,0,0,0,0,0,0,0,0,0
200201,4472,4480,,Los Angeles-Long Beach  CA PMSA ,445,445,103203,6,12,1111,3,9,605,54,421,70265,402,402,92810,5,10,1020,1,3,259,49,387,68651
200201,4472,5945,,Orange County  CA PMSA ,781,781,143492,2,4,559,0,0,0,9,66,4645,763,763,139073,2,4,559,0,0,0,7,56,3904
200201,4472,6780,,Riverside-San Bernardino  CA PMSA ,1522,1522,251639,2,4,361,5,15,1354,4,29,2027,1389,1389,229046,1,2,171,4,12,1037,3,24,1673
200201,4472,8735,,Ventura  CA PMSA ,115,115,30885,0,0,0,2,7,1019,0,0,0,115,115,30885,0,0,0,2,7,1019,0,0,0
200201,4520,9999,,Louisville  KY-IN MSA ,472,472,54789,0,0,0,1,3,98,3,34,1790,434,434,51342,0,0,0,0,0,0,1,24,1426
200201,4600,9999,,Lubbock  TX MSA ,90,90,10626,0,0,0,0,0,0,0,0,0,90,90,10626,0,0,0,0,0,0,0,0,0
200201,4640,9999,,Lynchburg  VA MSA ,92,92,11488,0,0,0,0,0,0,0,0,0,76,76,9464,0,0,0,0,0,0,0,0,0
200201,4680,9999,,Macon  GA MSA ,208,208,19096,0,0,0,0,0,0,0,0,0,201,201,18412,0,0,0,0,0,0,0,0,0
200201,4720,9999,,Madison  WI MSA ,166,166,29262,5,10,1089,3,11,873,5,68,3858,152,152,27198,4,8,870,0,0,0,3,58,3350
200201,4800,9999,,Mansfield  OH MSA ,21,21,2773,1,2,98,1,3,244,1,5,93,1,1,150,0,0,0,0,0,0,0,0,0
200201,4880,9999,,McAllen-Edinburg-Mission  TX MSA ,422,422,24025,3,6,224,50,199,8239,1,7,205,189,189,10721,0,0,0,45,180,7653,0,0,0
200201,4890,9999,,Medford-Ashland  OR MSA ,71,71,8943,2,4,333,1,3,188,0,0,0,40,40,5599,1,2,214,0,0,0,0,0,0
200201,4900,9999,,Melbourne-Titusville-Palm Bay  FL MSA ,339,339,47737,0,0,0,0,0,0,2,10,924,175,175,25654,0,0,0,0,0,0,0,0,0
200201,4920,9999,,Memphis  TN-AR-MS MSA ,459,459,68773,0,0,0,0,0,0,10,80,3984,459,459,68773,0,0,0,0,0,0,10,80,3984
200201,4940,9999,,Merced  CA MSA ,68,68,9127,0,0,0,0,0,0,0,0,0,45,45,6486,0,0,0,0,0,0,0,0,0
200201,4992,2680,,Fort Lauderdale  FL PMSA ,681,681,103444,2,4,253,5,20,1285,24,343,27432,681,681,103444,2,4,253,5,20,1285,22,330,24293
200201,4992,5000,,Miami  FL PMSA ,506,506,52848,8,16,1157,16,61,4181,16,296,18296,25,25,9889,7,14,1048,0,0,0,2,96,6307
200201,5082,5080,,Milwaukee-Waukesha  WI PMSA ,225,225,38942,9,18,1799,2,7,434,8,150,8807,185,185,30921,8,16,1570,2,7,434,6,129,7788
200201,5082,6600,,Racine  WI PMSA ,33,33,5187,1,2,160,0,0,0,1,5,173,31,31,4956,0,0,0,0,0,0,0,0,0
200201,5120,9999,,Minneapolis-St. Paul  MN-WI MSA ,1004,1004,171225,7,14,1943,7,27,3047,25,794,87826,905,905,157115,6,12,1649,5,20,2277,20,761,85327
200201,5140,9999,,Missoula  MT MSA ,42,42,4299,0,0,0,1,3,159,0,0,0,42,42,4299,0,0,0,1,3,159,0,0,0
200201,5160,9999,,Mobile  AL MSA ,265,265,29266,0,0,0,0,0,0,5,147,7699,146,146,20027,0,0,0,0,0,0,5,147,7699
200201,5170,9999,,Modesto  CA MSA ,198,198,28259,1,2,199,0,0,0,0,0,0,183,183,26056,1,2,199,0,0,0,0,0,0
200201,5200,9999,,Monroe  LA MSA ,27,27,5131,0,0,0,0,0,0,0,0,0,27,27,5131,0,0,0,0,0,0,0,0,0
200201,5240,9999,,Montgomery  AL MSA ,124,124,11407,0,0,0,0,0,0,6,40,665,124,124,11407,0,0,0,0,0,0,6,40,665
200201,5280,9999,,Muncie  IN MSA ,11,11,2029,0,0,0,0,0,0,0,0,0,1,1,46,0,0,0,0,0,0,0,0,0
200201,5330,9999,,Myrtle Beach  SC MSA ,152,152,19538,1,2,165,1,4,325,0,0,0,152,152,19538,1,2,165,1,4,325,0,0,0
200201,5345,9999,,Naples  FL MSA ,530,530,73031,3,6,365,14,56,4586,11,124,17061,530,530,73031,3,6,365,14,56,4586,11,124,17061
200201,5360,9999,,Nashville  TN MSA ,755,755,107898,15,30,2450,1,4,217,9,146,8592,713,713,102442,15,30,2450,1,4,217,8,141,8363
200201,5520,9999,,New London-Norwich  CT-RI MSA ,54,54,7713,5,10,405,0,0,0,0,0,0,33,33,4786,5,10,405,0,0,0,0,0,0
200201,5560,9999,,New Orleans  LA MSA ,298,298,36968,3,6,394,1,3,200,1,12,619,289,289,35585,2,4,226,0,0,0,0,0,0
200201,5602,0875,,Bergen-Passaic  NJ PMSA ,73,73,12315,12,24,1805,1,4,229,2,6,976,23,23,4503,10,20,1577,1,4,229,1,1,660
200201,5602,1160,,Bridgeport  CT PMSA ,54,54,10812,1,2,114,0,0,0,0,0,0,53,53,10723,1,2,114,0,0,0,0,0,0
200201,5602,1930,,Danbury  CT PMSA ,48,48,10268,0,0,0,0,0,0,0,0,0,47,47,10052,0,0,0,0,0,0,0,0,0
200201,5602,2281,,Dutchess County  NY PMSA ,52,52,9667,0,0,0,1,3,120,0,0,0,34,34,6967,0,0,0,0,0,0,0,0,0
200201,5602,3640,,Jersey City  NJ PMSA ,2,2,220,7,14,894,3,9,315,1,17,1511,2,2,220,0,0,0,3,9,315,0,0,0
200201,5602,5015,,Middlesex-Somerset-Hunterdon  NJ PMSA ,197,197,25110,1,2,93,0,0,0,7,112,5422,155,155,19630,0,0,0,0,0,0,4,64,3903
200201,5602,5190,,Monmouth-Ocean  NJ PMSA ,410,410,48150,0,0,0,1,3,39,3,34,1350,251,251,31667,0,0,0,0,0,0,0,0,0
200201,5602,5380,,Nassau-Suffolk  NY PMSA ,318,318,49923,10,20,10324,3,12,4294,4,30,3233,260,260,40210,0,0,0,0,0,0,2,20,1065
200201,5602,5480,,New Haven-Meriden  CT PMSA ,75,75,9964,5,10,405,0,0,0,2,25,1361,59,59,8201,4,8,310,0,0,0,1,20,1100
200201,5602,5600,,New York  NY PMSA ,328,328,56993,173,346,24447,47,148,10722,18,530,38312,272,272,41568,170,340,24079,46,144,10539,17,523,38041
200201,5602,5640,,Newark  NJ PMSA ,235,235,30758,28,56,3814,18,55,4003,3,205,5330,104,104,16872,28,56,3814,18,55,4003,2,200,5282
200201,5602,5660,,Newburgh  NY-PA PMSA ,137,137,18188,1,2,131,0,0,0,2,10,630,111,111,15227,0,0,0,0,0,0,0,0,0
200201,5602,8040,,Stamford-Norwalk  CT PMSA ,33,33,16179,1,2,30,0,0,0,0,0,0,15,15,4746,1,2,30,0,0,0,0,0,0
200201,5602,8480,,Trenton  NJ PMSA ,66,66,6565,0,0,0,0,0,0,0,0,0,51,51,5624,0,0,0,0,0,0,0,0,0
200201,5602,8880,,Waterbury  CT PMSA ,43,43,4893,1,2,200,0,0,0,0,0,0,34,34,3479,1,2,200,0,0,0,0,0,0
200201,5720,9999,,Norfolk-Virginia Beach-Newport News  VA-NC MSA ,486,486,60343,3,6,418,6,22,1514,0,0,0,378,378,49035,2,4,296,3,11,815,0,0,0
200201,5790,9999,,Ocala  FL MSA ,374,374,38916,1,2,90,1,3,100,0,0,0,374,374,38916,1,2,90,1,3,100,0,0,0
200201,5800,9999,,Odessa-Midland  TX MSA ,34,34,3144,0,0,0,0,0,0,0,0,0,34,34,3144,0,0,0,0,0,0,0,0,0
200201,5880,9999,,Oklahoma City  OK MSA ,384,384,53510,2,4,290,2,8,200,0,0,0,379,379,52923,2,4,290,2,8,200,0,0,0
200201,5920,9999,,Omaha  NE-IA MSA ,237,237,26955,1,2,189,0,0,0,8,204,8324,235,235,26742,1,2,189,0,0,0,8,204,8324
200201,5960,9999,,Orlando  FL MSA ,1298,1298,175149,4,8,353,7,27,1739,51,1204,61053,1256,1256,169963,4,8,353,7,27,1739,51,1204,61053
200201,5990,9999,,Owensboro  KY MSA ,52,52,3906,0,0,0,0,0,0,0,0,0,31,31,2720,0,0,0,0,0,0,0,0,0
200201,6015,9999,,Panama City  FL MSA ,142,142,14683,2,4,227,0,0,0,0,0,0,142,142,14683,2,4,227,0,0,0,0,0,0
200201,6020,9999,,Parkersburg-Marietta  WV-OH MSA ,14,14,2002,0,0,0,0,0,0,0,0,0,14,14,2002,0,0,0,0,0,0,0,0,0
200201,6080,9999,,Pensacola  FL MSA ,246,246,30689,0,0,0,2,6,288,0,0,0,246,246,30689,0,0,0,2,6,288,0,0,0
200201,6120,9999,,Peoria-Pekin  IL MSA ,46,46,5308,0,0,0,0,0,0,1,19,895,20,20,2314,0,0,0,0,0,0,0,0,0
200201,6162,0560,,Atlantic-Cape May  NJ PMSA ,195,195,19983,26,51,6851,2,4,185,1,1,25,181,181,17284,24,47,6355,2,4,185,1,1,25
200201,6162,6160,,Philadelphia  PA-NJ PMSA ,793,793,103001,2,4,288,5,18,1694,7,84,4250,551,551,75368,1,2,111,3,11,1168,3,63,3045
200201,6162,8760,,Vineland-Millville-Bridgeton  NJ PMSA ,17,17,1261,0,0,0,0,0,0,0,0,0,16,16,1220,0,0,0,0,0,0,0,0,0
200201,6162,9160,,Wilmington-Newark  DE-MD PMSA ,187,187,17021,0,0,0,0,0,0,4,50,1846,35,35,4366,0,0,0,0,0,0,0,0,0
200201,6200,9999,,Phoenix-Mesa  AZ MSA ,2743,2743,399925,7,14,933,7,27,1763,5,90,6308,2383,2383,359671,7,14,933,7,27,1763,5,90,6308
200201,6240,9999,,Pine Bluff  AR MSA ,2,2,188,0,0,0,0,0,0,0,0,0,1,1,124,0,0,0,0,0,0,0,0,0
200201,6280,9999,,Pittsburgh  PA MSA ,320,320,47263,6,12,1126,3,12,908,4,92,7368,221,221,34283,5,10,938,3,12,908,2,81,6735
200201,6320,9999,,Pittsfield  MA MSA ,0,0,0,0,0,0,0,0,0,0,0,0,0,0,0,0,0,0,0,0,0,0,0,0
200201,6340,9999,,Pocatello  ID MSA ,5,5,592,0,0,0,0,0,0,0,0,0,5,5,592,0,0,0,0,0,0,0,0,0
200201,6400,9999,,Portland  ME MSA ,100,100,15018,2,4,310,2,7,750,1,10,620,63,63,9716,2,4,310,1,4,350,1,10,620
200201,6442,6440,,Portland-Vancouver  OR-WA PMSA ,707,707,116187,13,26,2359,6,20,1657,23,228,17292,578,578,100030,9,18,1734,2,8,666,19,164,13563
200201,6442,7080,,Salem  OR PMSA ,132,132,17189,2,4,338,1,3,265,1,5,251,107,107,14056,1,2,164,0,0,0,0,0,0
200201,6480,9999,,Providence-Fall River-Warwick  RI-MA MSA ,218,218,35993,7,14,614,1,3,298,1,8,734,163,163,30724,3,6,208,0,0,0,1,8,734
200201,6520,9999,,Provo-Orem  UT MSA ,159,159,19920,2,4,538,2,8,790,0,0,0,152,152,19221,2,4,538,2,8,790,0,0,0
200201,6560,9999,,Pueblo  CO MSA ,65,65,7324,0,0,0,0,0,0,0,0,0,65,65,7324,0,0,0,0,0,0,0,0,0
200201,6580,9999,,Punta Gorda  FL MSA ,147,147,21601,1,2,193,3,12,1558,0,0,0,147,147,21601,1,2,193,3,12,1558,0,0,0
200201,6640,9999,,Raleigh-Durham-Chapel Hill  NC MSA ,1056,1056,151682,1,2,127,6,20,1938,14,261,13897,587,587,87074,0,0,0,5,16,1653,0,0,0
200201,6660,9999,,Rapid City  SD MSA ,29,29,3419,0,0,0,0,0,0,0,0,0,29,29,3419,0,0,0,0,0,0,0,0,0
200201,6680,9999,,Reading  PA MSA ,58,58,7266,0,0,0,0,0,0,1,5,89,42,42,4903,0,0,0,0,0,0,0,0,0
200201,6690,9999,,Redding  CA MSA ,92,92,13612,0,0,0,4,16,1076,0,0,0,91,91,13510,0,0,0,4,16,1076,0,0,0
200201,6720,9999,,Reno  NV MSA ,224,224,31065,0,0,0,0,0,0,6,70,2990,134,134,20139,0,0,0,0,0,0,0,0,0
200201,6740,9999,,Richland-Kennewick-Pasco  WA MSA ,72,72,11326,0,0,0,3,11,1126,1,8,750,21,21,3769,0,0,0,2,8,800,1,8,750
200201,6760,9999,,Richmond-Petersburg  VA MSA ,489,489,63382,0,0,0,0,0,0,0,0,0,454,454,59801,0,0,0,0,0,0,0,0,0
200201,6800,9999,,Roanoke  VA MSA ,86,86,6157,6,12,334,0,0,0,7,57,5528,86,86,6157,6,12,334,0,0,0,7,57,5528
200201,6820,9999,,Rochester  MN MSA ,67,67,10134,2,4,447,1,4,321,2,31,1352,29,29,4796,0,0,0,0,0,0,0,0,0
200201,6840,9999,,Rochester  NY MSA ,128,128,20756,0,0,0,0,0,0,2,16,816,96,96,15584,0,0,0,0,0,0,0,0,0
200201,6880,9999,,Rockford  IL MSA ,107,107,9035,0,0,0,0,0,0,1,12,600,107,107,9035,0,0,0,0,0,0,1,12,600
200201,6895,9999,,Rocky Mount  NC MSA ,46,46,4104,14,28,1023,0,0,0,2,10,519,26,26,2285,12,24,752,0,0,0,0,0,0
200201,6922,6920,,Sacramento  CA PMSA ,906,906,171030,3,6,644,0,0,0,43,539,39503,833,833,156573,3,6,644,0,0,0,42,524,38604
200201,6922,9270,,Yolo  CA PMSA ,83,83,14481,0,0,0,0,0,0,0,0,0,83,83,14481,0,0,0,0,0,0,0,0,0
200201,6960,9999,,Saginaw-Bay City-Midland  MI MSA ,22,22,2558,0,0,0,0,0,0,1,5,327,12,12,1304,0,0,0,0,0,0,0,0,0
200201,6980,9999,,St. Cloud  MN MSA ,33,33,3866,0,0,0,0,0,0,2,12,572,3,3,579,0,0,0,0,0,0,0,0,0
200201,7000,9999,,St. Joseph  MO MSA ,5,5,927,4,8,1152,0,0,0,0,0,0,5,5,927,4,8,1152,0,0,0,0,0,0
200201,7040,9999,,St. Louis  MO-IL MSA ,787,787,112167,10,20,1693,9,32,1277,6,54,4244,716,716,101278,9,18,1528,8,29,1115,4,32,2791
200201,7120,9999,,Salinas  CA MSA ,45,45,9773,1,2,215,3,9,972,0,0,0,44,44,9660,1,2,215,3,9,972,0,0,0
200201,7160,9999,,Salt Lake City-Ogden  UT MSA ,442,442,55865,3,6,556,6,21,1830,2,169,12150,336,336,44645,2,4,375,5,18,1626,1,155,11500
200201,7200,9999,,San Angelo  TX MSA ,26,26,2541,0,0,0,0,0,0,0,0,0,26,26,2541,0,0,0,0,0,0,0,0,0
200201,7240,9999,,San Antonio  TX MSA ,625,625,80431,6,12,677,0,0,0,2,16,951,590,590,76262,6,12,677,0,0,0,2,16,951
200201,7320,9999,,San Diego  CA MSA ,979,979,155591,4,8,1395,17,51,6046,25,556,40342,978,978,155436,4,8,1395,17,51,6046,25,556,40342
200201,7362,5775,,Oakland  CA PMSA ,357,357,77532,2,4,739,0,0,0,11,191,18039,262,262,58347,2,4,739,0,0,0,10,185,17478
200201,7362,7360,,San Francisco  CA PMSA ,42,42,12282,4,8,1302,4,15,1588,3,49,6581,19,19,5523,3,6,862,4,15,1588,2,27,5167
200201,7362,7400,,San Jose  CA PMSA ,79,79,20024,0,0,0,7,23,3170,21,398,22413,57,57,16432,0,0,0,4,14,1631,20,392,21578
200201,7362,7485,,Santa Cruz-Watsonville  CA PMSA ,25,25,6489,0,0,0,1,3,309,1,10,1013,0,0,0,0,0,0,0,0,0,0,0,0
200201,7362,7500,,Santa Rosa  CA PMSA ,92,92,14442,12,24,2181,1,3,404,4,29,1396,53,53,8694,10,20,1860,1,3,404,3,24,1200
200201,7362,8720,,Vallejo-Fairfield-Napa  CA PMSA ,143,143,31615,0,0,0,0,0,0,1,115,5000,95,95,23216,0,0,0,0,0,0,1,115,5000
200201,7460,9999,,San Luis Obispo-Atascadero-Paso Robles  CA MSA ,134,134,22723,0,0,0,3,11,631,5,127,8045,125,125,21031,0,0,0,3,11,631,5,127,8045
200201,7480,9999,,Santa Barbara-Santa Maria-Lompoc  CA MSA ,46,46,7970,0,0,0,0,0,0,0,0,0,46,46,7970,0,0,0,0,0,0,0,0,0
200201,7490,9999,,Santa Fe  NM MSA ,30,30,4647,0,0,0,0,0,0,2,13,789,0,0,0,0,0,0,0,0,0,0,0,0
200201,7510,9999,,Sarasota-Bradenton  FL MSA ,641,641,122580,0,0,0,5,19,1778,5,70,26796,640,640,122366,0,0,0,5,19,1778,5,70,26796
200201,7520,9999,,Savannah  GA MSA ,169,169,19181,2,4,485,1,3,200,4,25,1449,158,158,17283,2,4,485,1,3,200,3,20,1327
200201,7560,9999,,Scranton--Wilkes-Barre--Hazleton  PA MSA ,24,24,2756,2,4,140,0,0,0,0,0,0,19,19,2089,2,4,140,0,0,0,0,0,0
200201,7602,1150,,Bremerton  WA PMSA ,59,59,5597,0,0,0,0,0,0,2,20,1208,57,57,5421,0,0,0,0,0,0,2,20,1208
200201,7602,5910,,Olympia  WA PMSA ,103,103,14664,0,0,0,0,0,0,0,0,0,98,98,14050,0,0,0,0,0,0,0,0,0
200201,7602,7600,,Seattle-Bellevue-Everett  WA PMSA ,670,670,107954,20,40,3732,12,43,3892,14,230,16195,540,540,87482,17,34,3393,12,43,3892,8,193,13118
200201,7602,8200,,Tacoma  WA PMSA ,335,335,43620,5,10,905,2,7,702,4,52,3890,325,325,42445,4,8,605,1,4,425,4,52,3890
200201,7610,9999,,Sharon  PA MSA ,9,9,1073,0,0,0,0,0,0,1,6,250,1,1,75,0,0,0,0,0,0,0,0,0
200201,7620,9999,,Sheboygan  WI MSA ,2,2,353,0,0,0,0,0,0,0,0,0,1,1,185,0,0,0,0,0,0,0,0,0
200201,7640,9999,,Sherman-Denison  TX MSA ,19,19,1942,0,0,0,0,0,0,0,0,0,17,17,1740,0,0,0,0,0,0,0,0,0
200201,7680,9999,,Shreveport-Bossier City  LA MSA ,84,84,12466,0,0,0,0,0,0,0,0,0,73,73,11193,0,0,0,0,0,0,0,0,0
200201,7720,9999,,Sioux City  IA-NE MSA ,2,2,302,1,2,208,0,0,0,0,0,0,0,0,0,1,2,208,0,0,0,0,0,0
200201,7760,9999,,Sioux Falls  SD MSA ,64,64,6943,0,0,0,0,0,0,0,0,0,56,56,6137,0,0,0,0,0,0,0,0,0
200201,7800,9999,,South Bend  IN MSA ,54,54,8027,0,0,0,0,0,0,0,0,0,54,54,8027,0,0,0,0,0,0,0,0,0
200201,7840,9999,,Spokane  WA MSA ,52,52,6539,0,0,0,0,0,0,0,0,0,52,52,6539,0,0,0,0,0,0,0,0,0
200201,7880,9999,,Springfield  IL MSA ,16,16,1565,2,4,330,0,0,0,0,0,0,7,7,970,2,4,330,0,0,0,0,0,0
200201,7920,9999,,Springfield  MO MSA ,179,179,24481,2,4,193,0,0,0,5,120,5000,179,179,24481,2,4,193,0,0,0,5,120,5000
200201,8000,9999,,Springfield  MA MSA ,57,57,6989,0,0,0,0,0,0,0,0,0,52,52,6512,0,0,0,0,0,0,0,0,0
200201,8050,9999,,State College  PA MSA ,17,17,2518,0,0,0,0,0,0,1,48,2100,17,17,2518,0,0,0,0,0,0,1,48,2100
200201,8080,9999,,Steubenville-Weirton  OH-WV MSA ,1,1,110,0,0,0,0,0,0,0,0,0,1,1,110,0,0,0,0,0,0,0,0,0
200201,8120,9999,,Stockton-Lodi  CA MSA ,358,358,59907,0,0,0,0,0,0,0,0,0,257,257,43510,0,0,0,0,0,0,0,0,0
200201,8140,9999,,Sumter  SC MSA ,25,25,2397,0,0,0,0,0,0,1,12,1331,0,0,0,0,0,0,0,0,0,0,0,0
200201,8160,9999,,Syracuse  NY MSA ,50,50,6255,0,0,0,0,0,0,1,5,104,48,48,6062,0,0,0,0,0,0,0,0,0
200201,8240,9999,,Tallahassee  FL MSA ,127,127,18094,2,4,253,3,12,771,0,0,0,121,121,17293,2,4,253,3,12,771,0,0,0
200201,8280,9999,,Tampa-St. Petersburg-Clearwater  FL MSA ,1692,1692,180800,18,36,3714,13,50,3339,72,981,58995,1688,1688,179889,18,36,3714,13,50,3339,70,966,58163
200201,8320,9999,,Terre Haute  IN MSA ,15,15,2187,0,0,0,0,0,0,0,0,0,15,15,2187,0,0,0,0,0,0,0,0,0
200201,8360,9999,,Texarkana  TX-Texarkana  AR MSA ,20,20,1956,0,0,0,0,0,0,0,0,0,20,20,1956,0,0,0,0,0,0,0,0,0
200201,8400,9999,,Toledo  OH MSA ,112,112,15427,1,2,161,0,0,0,0,0,0,112,112,15427,1,2,161,0,0,0,0,0,0
200201,8440,9999,,Topeka  KS MSA ,46,46,7574,1,2,200,0,0,0,0,0,0,46,46,7574,1,2,200,0,0,0,0,0,0
200201,8520,9999,,Tucson  AZ MSA ,292,292,49614,3,6,599,0,0,0,1,5,304,292,292,49614,3,6,599,0,0,0,1,5,304
200201,8560,9999,,Tulsa  OK MSA ,313,313,37683,0,0,0,15,60,2600,0,0,0,279,279,31630,0,0,0,15,60,2600,0,0,0
200201,8600,9999,,Tuscaloosa  AL MSA ,56,56,7048,0,0,0,0,0,0,0,0,0,56,56,7048,0,0,0,0,0,0,0,0,0
200201,8640,9999,,Tyler  TX MSA ,27,27,4766,0,0,0,0,0,0,1,5,231,0,0,0,0,0,0,0,0,0,0,0,0
200201,8680,9999,,Utica-Rome  NY MSA ,4,4,525,0,0,0,0,0,0,0,0,0,1,1,160,0,0,0,0,0,0,0,0,0
200201,8750,9999,,Victoria  TX MSA ,18,18,1555,0,0,0,0,0,0,0,0,0,18,18,1555,0,0,0,0,0,0,0,0,0
200201,8780,9999,,Visalia-Tulare-Porterville  CA MSA ,136,136,15234,1,2,69,17,67,3628,1,60,5299,135,135,15171,1,2,69,17,67,3628,1,60,5299
200201,8800,9999,,Waco  TX MSA ,34,34,3783,3,6,420,0,0,0,0,0,0,33,33,3695,3,6,420,0,0,0,0,0,0
200201,8872,0720,,Baltimore  MD PMSA ,655,655,81022,1,2,126,0,0,0,10,321,19082,644,644,80188,1,2,126,0,0,0,10,321,19082
200201,8872,3180,,Hagerstown  MD PMSA ,53,53,6270,0,0,0,0,0,0,0,0,0,53,53,6270,0,0,0,0,0,0,0,0,0
200201,8872,8840,,Washington  DC-MD-VA-WV PMSA ,2241,2241,282944,4,8,542,0,0,0,32,506,26628,2059,2059,261998,3,6,380,0,0,0,28,445,21838
200201,8920,9999,,Waterloo-Cedar Falls  IA MSA ,5,5,431,0,0,0,0,0,0,0,0,0,5,5,431,0,0,0,0,0,0,0,0,0
200201,8940,9999,,Wausau  WI MSA ,19,19,2409,0,0,0,0,0,0,0,0,0,11,11,1465,0,0,0,0,0,0,0,0,0
200201,8960,9999,,West Palm Beach-Boca Raton  FL MSA ,730,730,119626,0,0,0,2,7,412,21,374,25170,717,717,111428,0,0,0,2,7,412,21,374,25170
200201,9000,9999,,Wheeling  WV-OH MSA ,1,1,138,0,0,0,0,0,0,0,0,0,0,0,0,0,0,0,0,0,0,0,0,0
200201,9040,9999,,Wichita  KS MSA ,155,155,17654,7,14,823,2,8,700,0,0,0,146,146,16618,7,14,823,2,8,700,0,0,0
200201,9080,9999,,Wichita Falls  TX MSA ,19,19,2872,2,4,238,0,0,0,0,0,0,19,19,2872,2,4,238,0,0,0,0,0,0
200201,9200,9999,,Wilmington  NC MSA ,224,224,30866,6,12,1185,6,24,2093,1,5,241,161,161,24693,6,12,1185,6,24,2093,0,0,0
200201,9260,9999,,Yakima  WA MSA ,10,10,1748,5,10,779,1,4,265,0,0,0,10,10,1748,5,10,779,1,4,265,0,0,0
200201,9280,9999,,York  PA MSA ,81,81,9094,1,2,80,0,0,0,0,0,0,66,66,7689,1,2,80,0,0,0,0,0,0
200201,9320,9999,,Youngstown-Warren  OH MSA ,58,58,7502,2,4,280,1,3,171,0,0,0,58,58,7502,2,4,280,0,0,0,0,0,0
200201,9340,9999,,Yuba City  CA MSA ,60,60,9260,1,2,202,0,0,0,0,0,0,60,60,9260,1,2,202,0,0,0,0,0,0
200201,9360,9999,,Yuma  AZ MSA ,136,136,8607,0,0,0,7,27,840,0,0,0,136,136,8607,0,0,0,7,27,840,0,0,0
200201,1122,9999,,Boston-Worcester-Lawrence  MA-NH-ME-CT CMSA ,980,980,170483,31,62,5234,7,24,2131,11,131,8750,771,771,136047,24,48,4099,6,21,1966,8,116,6657
200201,1602,9999,,Chicago-Gary-Kenosha  IL-IN-WI CMSA ,1818,1818,309925,13,26,2715,27,95,7914,40,713,44414,1526,1526,267935,6,12,1512,11,42,3853,25,401,27367
200201,1642,9999,,Cincinnati-Hamilton  OH-KY-IN CMSA ,644,644,87116,2,4,266,2,8,503,17,185,10030,407,407,56344,1,2,179,1,4,296,12,152,8492
200201,1692,9999,,Cleveland-Akron  OH CMSA ,509,509,91171,3,6,661,4,14,1002,3,20,1059,421,421,77346,2,4,471,1,4,240,0,0,0
200201,1922,9999,,Dallas-Fort Worth  TX CMSA ,2802,2802,416266,17,34,1895,0,0,0,51,717,43303,2463,2463,359289,16,32,1775,0,0,0,45,661,40619
200201,2082,9999,,Denver-Boulder-Greeley  CO CMSA ,1236,1236,189658,5,10,953,17,62,6210,59,1144,79660,1061,1061,169651,4,8,886,16,59,5981,56,1102,76921
200201,2162,9999,,Detroit-Ann Arbor-Flint  MI CMSA ,1160,1160,178060,33,66,7270,2,7,558,13,155,10276,983,983,157040,32,64,7074,2,7,558,10,138,9483
200201,3362,9999,,Houston-Galveston-Brazoria  TX CMSA ,2598,2598,346454,3,6,301,1,4,257,38,532,30648,2541,2541,340606,2,4,253,1,4,257,35,498,29652
200201,4472,9999,,Los Angeles-Riverside-Orange County  CA CMSA ,2863,2863,529219,10,20,2031,10,31,2978,67,516,76937,2669,2669,491814,8,16,1750,7,22,2315,59,467,74228
200201,4992,9999,,Miami-Fort Lauderdale  FL CMSA ,1187,1187,156292,10,20,1410,21,81,5466,40,639,45728,706,706,113333,9,18,1301,5,20,1285,24,426,30600
200201,5082,9999,,Milwaukee-Racine  WI CMSA ,258,258,44129,10,20,1959,2,7,434,9,155,8980,216,216,35877,8,16,1570,2,7,434,6,129,7788
200201,5602,9999,,New York-Northern New Jersey-Long Island  NY-NJ-CT-PA CMSA ,2071,2071,310005,240,480,42257,74,234,19722,42,969,58125,1471,1471,219689,215,430,30124,68,212,15086,27,828,50051
200201,6162,9999,,Philadelphia-Wilmington-Atlantic City  PA-NJ-DE-MD CMSA ,1192,1192,141266,28,55,7139,7,22,1879,12,135,6121,783,783,98238,25,49,6466,5,15,1353,4,64,3070
200201,6442,9999,,Portland-Salem  OR-WA CMSA ,839,839,133376,15,30,2697,7,23,1922,24,233,17543,685,685,114086,10,20,1898,2,8,666,19,164,13563
200201,6922,9999,,Sacramento-Yolo  CA CMSA ,989,989,185511,3,6,644,0,0,0,43,539,39503,916,916,171054,3,6,644,0,0,0,42,524,38604
200201,7362,9999,,San Francisco-Oakland-San Jose  CA CMSA ,738,738,162384,18,36,4222,13,44,5471,41,792,54442,486,486,112212,15,30,3461,9,32,3623,36,743,50423
200201,7602,9999,,Seattle-Tacoma-Bremerton  WA CMSA ,1167,1167,171835,25,50,4637,14,50,4594,20,302,21293,1020,1020,149398,21,42,3998,13,47,4317,14,265,18216
200201,8872,9999,,Washington-Baltimore  DC-MD-VA-WV CMSA ,2949,2949,370236,5,10,668,0,0,0,42,827,45710,2756,2756,348456,4,8,506,0,0,0,38,766,40920
