Survey,MSA/,PMSA,,MA,,1-unit,,,2-units,,,3-4 units,,,5+ units,,,1-unit rep,,,2-units rep,,,3-4 units rep,,,5+ units rep
Date,CMSA,,,Name,Bldgs,Units,Value,Bldgs,Units,Value,Bldgs,Units,Value,Bldgs,Units,Value,Bldgs,Units,Value,Bldgs,Units,Value,      Bldgs,Units,Value,Bldgs,Units,Value
 
200308,0040,9999,,Abilene  TX MSA ,15,15,2187,0,0,0,0,0,0,0,0,0,15,15,2187,0,0,0,0,0,0,0,0,0
200308,0120,9999,,Albany  GA MSA ,43,43,4881,0,0,0,0,0,0,7,68,1785,11,11,1224,0,0,0,0,0,0,7,68,1785
200308,0160,9999,,Albany-Schenectady-Troy  NY MSA ,182,182,37541,0,0,0,0,0,0,2,15,869,150,150,32527,0,0,0,0,0,0,0,0,0
200308,0200,9999,,Albuquerque  NM MSA ,571,571,60011,0,0,0,2,8,399,6,91,3737,154,154,17729,0,0,0,0,0,0,0,0,0
200308,0220,9999,,Alexandria  LA MSA ,42,42,5279,0,0,0,0,0,0,0,0,0,42,42,5279,0,0,0,0,0,0,0,0,0
200308,0240,9999,,Allentown-Bethlehem-Easton  PA MSA ,191,191,25284,1,2,50,1,3,231,2,29,3423,152,152,19025,0,0,0,0,0,0,1,5,502
200308,0280,9999,,Altoona  PA MSA ,5,5,1004,0,0,0,0,0,0,0,0,0,5,5,1004,0,0,0,0,0,0,0,0,0
200308,0320,9999,,Amarillo  TX MSA ,82,82,12009,0,0,0,0,0,0,0,0,0,82,82,12009,0,0,0,0,0,0,0,0,0
200308,0380,9999,,Anchorage  AK MSA ,72,72,15590,24,48,7112,5,19,2342,1,6,589,72,72,15590,24,48,7112,5,19,2342,1,6,589
200308,0450,9999,,Anniston  AL MSA ,13,13,1553,0,0,0,0,0,0,0,0,0,10,10,1361,0,0,0,0,0,0,0,0,0
200308,0460,9999,,Appleton-Oshkosh-Neenah  WI MSA ,182,182,28648,2,4,428,1,3,173,1,9,288,149,149,22460,1,2,250,0,0,0,0,0,0
200308,0480,9999,,Asheville  NC MSA ,160,160,24740,2,4,186,0,0,0,1,136,42987,160,160,24740,2,4,186,0,0,0,1,136,42987
200308,0500,9999,,Athens  GA MSA ,163,163,24415,0,0,0,0,0,0,0,0,0,149,149,22647,0,0,0,0,0,0,0,0,0
200308,0520,9999,,Atlanta  GA MSA ,4766,4766,568825,8,16,4381,10,37,1859,42,1486,80597,4100,4100,501115,7,14,931,8,30,1543,40,1465,80205
200308,0580,9999,,Auburn-Opelika  AL MSA ,32,32,5864,0,0,0,0,0,0,2,30,1161,32,32,5864,0,0,0,0,0,0,2,30,1161
200308,0600,9999,,Augusta-Aiken  GA-SC MSA ,225,225,30861,0,0,0,0,0,0,0,0,0,194,194,27367,0,0,0,0,0,0,0,0,0
200308,0640,9999,,Austin-San Marcos  TX MSA ,653,653,89550,11,22,1553,0,0,0,12,238,16734,653,653,89550,11,22,1553,0,0,0,12,238,16734
200308,0680,9999,,Bakersfield  CA MSA ,515,515,75217,0,0,0,0,0,0,0,0,0,514,514,75104,0,0,0,0,0,0,0,0,0
200308,0730,9999,,Bangor  ME MSA ,34,34,4686,0,0,0,0,0,0,0,0,0,31,31,4335,0,0,0,0,0,0,0,0,0
200308,0740,9999,,Barnstable-Yarmouth  MA MSA ,56,56,13868,0,0,0,0,0,0,0,0,0,26,26,7393,0,0,0,0,0,0,0,0,0
200308,0760,9999,,Baton Rouge  LA MSA ,166,166,15783,0,0,0,6,18,1299,6,30,2165,166,166,15783,0,0,0,6,18,1299,6,30,2165
200308,0840,9999,,Beaumont-Port Arthur  TX MSA ,56,56,7322,0,0,0,0,0,0,0,0,0,56,56,7322,0,0,0,0,0,0,0,0,0
200308,0860,9999,,Bellingham  WA MSA ,131,131,24601,3,6,755,9,36,3415,0,0,200,119,119,22565,3,6,755,9,36,3415,0,0,200
200308,0870,9999,,Benton Harbor  MI MSA ,17,17,3933,0,0,0,0,0,0,0,0,0,15,15,3375,0,0,0,0,0,0,0,0,0
200308,0880,9999,,Billings  MT MSA ,52,52,7210,0,0,0,0,0,0,0,0,0,52,52,7210,0,0,0,0,0,0,0,0,0
200308,0920,9999,,Biloxi-Gulfport-Pascagoula  MS MSA ,210,210,41387,0,0,0,0,0,0,0,0,0,196,196,39518,0,0,0,0,0,0,0,0,0
200308,0960,9999,,Binghamton  NY MSA ,10,10,1809,0,0,0,0,0,0,0,0,0,7,7,1055,0,0,0,0,0,0,0,0,0
200308,1000,9999,,Birmingham  AL MSA ,469,469,69259,1,2,60,0,0,0,2,13,955,285,285,46644,1,2,60,0,0,0,1,5,464
200308,1010,9999,,Bismarck  ND MSA ,100,100,15354,0,0,0,4,16,2218,0,0,0,100,100,15354,0,0,0,4,16,2218,0,0,0
200308,1020,9999,,Bloomington  IN MSA ,65,65,9110,12,24,2159,1,3,236,2,15,834,9,9,678,0,0,0,0,0,0,0,0,0
200308,1040,9999,,Bloomington-Normal  IL MSA ,131,131,14879,0,0,0,0,0,0,0,0,0,124,124,13571,0,0,0,0,0,0,0,0,0
200308,1080,9999,,Boise City  ID MSA ,478,478,78414,5,10,521,17,67,3154,6,48,2289,469,469,76800,5,10,521,16,63,2972,6,48,2289
200308,1122,1120,,Boston  MA-NH PMSA ,368,368,74241,18,36,3107,12,43,4020,21,674,56535,188,188,43075,11,22,1842,11,40,3825,14,609,49247
200308,1122,1200,,Brockton  MA PMSA ,65,65,10416,2,4,351,0,0,0,0,0,0,34,34,5103,2,4,351,0,0,0,0,0,0
200308,1122,2600,,Fitchburg-Leominster  MA PMSA ,28,28,4501,0,0,0,1,4,680,0,0,0,11,11,1886,0,0,0,1,4,680,0,0,0
200308,1122,4160,,Lawrence  MA-NH PMSA ,83,83,16205,3,6,620,0,0,0,2,10,1135,40,40,8904,3,6,620,0,0,0,0,0,0
200308,1122,4560,,Lowell  MA-NH PMSA ,52,52,8573,1,2,136,2,6,446,5,185,15095,32,32,5060,0,0,0,0,0,0,4,180,14398
200308,1122,4760,,Manchester  NH PMSA ,68,68,14979,1,2,300,0,0,0,2,23,1313,51,51,11065,0,0,0,0,0,0,0,0,0
200308,1122,5350,,Nashua  NH PMSA ,71,71,11304,6,12,870,1,3,397,2,13,857,36,36,5328,6,12,870,0,0,0,0,0,0
200308,1122,5400,,New Bedford  MA PMSA ,28,28,3547,0,0,0,0,0,0,1,6,357,9,9,1263,0,0,0,0,0,0,0,0,0
200308,1122,6450,,Portsmouth-Rochester  NH-ME PMSA ,96,96,17297,5,10,1348,2,6,461,7,121,19571,55,55,10572,3,6,908,0,0,0,4,87,17342
200308,1122,9240,,Worcester  MA-CT PMSA ,204,204,33038,3,6,471,1,4,400,1,42,500,137,137,22969,2,4,339,0,0,0,1,42,500
200308,1240,9999,,Brownsville-Harlingen-San Benito  TX MSA ,200,200,17158,4,8,394,1,4,157,0,0,0,132,132,13536,3,6,336,1,4,157,0,0,0
200308,1260,9999,,Bryan-College Station  TX MSA ,51,51,6981,0,0,0,2,8,600,0,0,0,51,51,6981,0,0,0,2,8,600,0,0,0
200308,1280,9999,,Buffalo-Niagara Falls  NY MSA ,145,145,23934,1,2,194,0,0,0,0,0,0,129,129,22065,0,0,0,0,0,0,0,0,0
200308,1305,9999,,Burlington  VT MSA ,43,43,7509,3,6,446,1,4,221,3,22,1322,28,28,4984,1,2,80,0,0,0,0,0,0
200308,1320,9999,,Canton-Massillon  OH MSA ,117,117,21196,0,0,0,0,0,0,0,0,0,8,8,2515,0,0,0,0,0,0,0,0,0
200308,1350,9999,,Casper  WY MSA ,19,19,1714,0,0,0,0,0,0,0,0,0,19,19,1714,0,0,0,0,0,0,0,0,0
200308,1360,9999,,Cedar Rapids  IA MSA ,102,102,11279,2,4,423,3,10,691,3,18,587,92,92,10204,2,4,423,3,10,691,3,18,587
200308,1400,9999,,Champaign-Urbana  IL MSA ,49,49,7969,0,0,0,0,0,0,0,0,0,49,49,7969,0,0,0,0,0,0,0,0,0
200308,1440,9999,,Charleston-North Charleston  SC MSA ,446,446,60657,1,2,131,2,7,301,1,28,2134,293,293,43590,0,0,0,1,4,150,0,0,0
200308,1480,9999,,Charleston  WV MSA ,30,30,3707,1,2,146,0,0,0,0,0,0,24,24,3098,1,2,146,0,0,0,0,0,0
200308,1520,9999,,Charlotte-Gastonia-Rock Hill  NC-SC MSA ,1609,1609,219641,8,16,908,5,19,1737,23,217,12520,1405,1405,193543,6,12,688,5,19,1737,21,195,11628
200308,1540,9999,,Charlottesville  VA MSA ,112,112,21659,3,6,379,1,3,212,4,84,5029,26,26,3935,2,4,220,0,0,0,0,0,0
200308,1560,9999,,Chattanooga  TN-GA MSA ,223,223,31109,3,6,267,1,4,67,2,12,577,163,163,22974,0,0,0,0,0,0,0,0,0
200308,1580,9999,,Cheyenne  WY MSA ,61,61,8281,0,0,0,0,0,0,0,0,0,61,61,8281,0,0,0,0,0,0,0,0,0
200308,1602,1600,,Chicago  IL PMSA ,2927,2927,533060,36,72,8575,47,175,25287,80,1192,116952,2148,2148,403633,12,24,3020,12,43,3981,39,519,49058
200308,1602,2960,,Gary  IN PMSA ,274,274,48231,22,44,5494,13,51,3510,1,12,1861,273,273,48141,22,44,5494,13,51,3510,1,12,1861
200308,1602,3740,,Kankakee  IL PMSA ,42,42,6595,1,2,183,5,19,1101,0,0,0,27,27,4318,0,0,0,4,16,850,0,0,0
200308,1602,3800,,Kenosha  WI PMSA ,93,93,16480,0,0,0,0,0,0,3,32,2760,89,89,15926,0,0,0,0,0,0,3,32,2760
200308,1620,9999,,Chico-Paradise  CA MSA ,116,116,13898,0,0,0,0,0,0,4,32,2150,116,116,13898,0,0,0,0,0,0,4,32,2150
200308,1642,1640,,Cincinnati  OH-KY-IN PMSA ,800,800,110902,9,18,955,5,18,1537,8,93,4766,707,707,99797,9,18,955,4,15,1237,6,78,4272
200308,1642,3200,,Hamilton-Middletown  OH PMSA ,201,201,34210,8,16,1490,2,7,337,0,0,0,185,185,32585,8,16,1490,2,7,337,0,0,0
200308,1660,9999,,Clarksville-Hopkinsville  TN-KY MSA ,109,109,10430,0,0,0,0,0,0,1,8,237,109,109,10430,0,0,0,0,0,0,1,8,237
200308,1692,0080,,Akron  OH PMSA ,231,231,37848,0,0,0,3,12,1059,1,5,263,167,167,29421,0,0,0,3,12,1059,0,0,0
200308,1692,1680,,Cleveland-Lorain-Elyria  OH PMSA ,707,707,132586,11,22,2850,4,16,1469,2,11,1280,551,551,112015,8,16,2335,2,8,888,1,6,750
200308,1720,9999,,Colorado Springs  CO MSA ,523,523,63938,0,0,0,0,0,0,0,0,0,523,523,63938,0,0,0,0,0,0,0,0,0
200308,1740,9999,,Columbia  MO MSA ,104,104,16119,26,52,5334,0,0,0,9,74,4480,104,104,16119,26,52,5334,0,0,0,9,74,4480
200308,1760,9999,,Columbia  SC MSA ,379,379,46830,0,0,0,1,4,146,1,18,513,338,338,41529,0,0,0,0,0,0,0,0,0
200308,1800,9999,,Columbus  GA-AL MSA ,114,114,16368,4,8,256,0,0,0,0,0,0,114,114,16368,4,8,256,0,0,0,0,0,0
200308,1840,9999,,Columbus  OH MSA ,1035,1035,177138,6,12,1075,13,51,3576,32,370,15518,430,430,78954,3,6,546,0,0,0,4,24,1057
200308,1880,9999,,Corpus Christi  TX MSA ,103,103,13313,0,0,0,0,0,0,0,0,0,103,103,13313,0,0,0,0,0,0,0,0,0
200308,1890,9999,,Corvallis OR MSA ,21,21,4371,0,0,0,0,0,0,2,72,2294,21,21,4371,0,0,0,0,0,0,2,72,2294
200308,1900,9999,,Cumberland  MD-WV MSA ,24,24,2749,0,0,0,0,0,0,0,0,0,24,24,2749,0,0,0,0,0,0,0,0,0
200308,1922,1920,,Dallas  TX PMSA ,2543,2543,432825,2,4,278,2,6,140,38,892,49132,2244,2244,378987,2,4,278,0,0,0,35,855,46850
200308,1922,2800,,Fort Worth-Arlington  TX PMSA ,1214,1214,163007,4,8,571,2,8,269,0,0,0,1073,1073,141059,4,8,571,0,0,0,0,0,0
200308,1950,9999,,Danville  VA MSA ,25,25,3007,0,0,0,0,0,0,0,0,0,5,5,489,0,0,0,0,0,0,0,0,0
200308,1960,9999,,Davenport-Moline-Rock Island  IA-IL MSA ,53,53,7721,0,0,0,0,0,0,1,12,850,48,48,6946,0,0,0,0,0,0,1,12,850
200308,2000,9999,,Dayton-Springfield  OH MSA ,220,220,34664,2,4,407,2,8,1061,0,0,0,207,207,32973,2,4,407,2,8,1061,0,0,0
200308,2020,9999,,Daytona Beach  FL MSA ,702,702,99137,12,24,1912,0,0,0,6,208,32327,635,635,89399,12,24,1912,0,0,0,4,186,29763
200308,2030,9999,,Decatur  Al MSA ,23,23,2469,0,0,0,0,0,0,0,0,0,23,23,2469,0,0,0,0,0,0,0,0,0
200308,2040,9999,,Decatur  IL MSA ,50,50,5523,0,0,0,0,0,0,0,0,0,50,50,5523,0,0,0,0,0,0,0,0,0
200308,2082,1125,,Boulder-Longmont  CO PMSA ,86,86,15089,1,2,184,2,8,703,1,95,7427,86,86,15089,1,2,184,2,8,703,1,95,7427
200308,2082,2080,,Denver  CO PMSA ,976,976,192231,1,2,180,10,34,2988,16,274,22802,883,883,180357,0,0,0,10,34,2988,15,269,22408
200308,2082,3060,,Greeley  CO PMSA ,312,312,50893,4,8,478,2,7,471,1,12,626,284,284,46383,4,8,478,2,7,471,1,12,626
200308,2120,9999,,Des Moines  IA MSA ,394,394,58513,2,4,376,7,25,2969,5,36,1703,394,394,58513,2,4,376,7,25,2969,5,36,1703
200308,2162,0440,,Ann Arbor  MI PMSA ,424,424,63875,2,4,473,0,0,0,1,9,821,210,210,36214,0,0,0,0,0,0,1,9,821
200308,2162,2160,,Detroit  MI PMSA ,1360,1360,213651,20,40,4613,10,36,2859,17,126,8124,1103,1103,174592,16,32,3517,7,26,2251,11,87,5323
200308,2162,2640,,Flint  MI PMSA ,191,191,32473,0,0,0,0,0,0,2,48,2484,178,178,30703,0,0,0,0,0,0,2,48,2484
200308,2180,9999,,Dothan  AL MSA ,29,29,2399,0,0,0,0,0,0,0,0,0,29,29,2399,0,0,0,0,0,0,0,0,0
200308,2190,9999,,Dover  DE MSA ,187,187,22465,0,0,0,0,0,0,0,0,0,185,185,22248,0,0,0,0,0,0,0,0,0
200308,2200,9999,,Dubuque  IA MSA ,22,22,2920,1,2,119,0,0,0,0,0,0,22,22,2920,1,2,119,0,0,0,0,0,0
200308,2240,9999,,Duluth-Superior  MN-WI MSA ,100,100,13825,2,4,437,0,0,0,0,0,0,88,88,12122,1,2,170,0,0,0,0,0,0
200308,2290,9999,,Eau Claire  WI MSA ,97,97,15155,6,12,840,0,0,0,0,0,0,94,94,14765,6,12,840,0,0,0,0,0,0
200308,2320,9999,,El Paso  TX MSA ,329,329,18459,2,4,144,3,9,341,1,5,426,12,12,902,0,0,0,0,0,0,0,0,0
200308,2330,9999,,Elkhart-Goshen  IN MSA ,109,109,12643,0,0,0,1,4,150,1,5,150,104,104,11936,0,0,0,1,4,150,0,0,0
200308,2335,9999,,Elmira  NY MSA ,3,3,392,0,0,0,0,0,0,0,0,0,0,0,0,0,0,0,0,0,0,0,0,0
200308,2340,9999,,Enid  OK MSA ,9,9,1131,0,0,0,0,0,0,1,98,5000,9,9,1131,0,0,0,0,0,0,1,98,5000
200308,2360,9999,,Erie  PA MSA ,27,27,3260,0,0,0,0,0,0,0,0,0,26,26,3102,0,0,0,0,0,0,0,0,0
200308,2400,9999,,Eugene-Springfield  OR MSA ,115,115,19849,10,20,1895,4,15,1132,0,0,0,92,92,16991,8,16,1602,4,15,1132,0,0,0
200308,2440,9999,,Evansville-Henderson  IN-KY MSA ,171,171,22125,2,4,310,0,0,0,10,62,2000,171,171,22125,2,4,310,0,0,0,10,62,2000
200308,2520,9999,,Fargo-Moorhead  ND-MN MSA ,210,210,30331,0,0,0,6,24,1905,7,69,2490,209,209,30171,0,0,0,6,24,1905,7,69,2490
200308,2560,9999,,Fayetteville  NC MSA ,104,104,15820,0,0,0,0,0,0,0,0,0,104,104,15820,0,0,0,0,0,0,0,0,0
200308,2580,9999,,Fayetteville-Springdale-Rogers  AR MSA ,306,306,39314,4,8,1233,1,4,249,2,17,547,291,291,38023,4,8,1233,1,4,249,0,0,0
200308,2620,9999,,Flagstaff  AZ-UT MSA ,60,60,8303,0,0,0,0,0,0,0,0,0,60,60,8303,0,0,0,0,0,0,0,0,0
200308,2650,9999,,Florence  AL MSA ,12,12,1512,0,0,0,0,0,0,0,0,0,12,12,1512,0,0,0,0,0,0,0,0,0
200308,2655,9999,,Florence  SC MSA ,47,47,6492,1,2,168,0,0,0,0,0,0,0,0,0,0,0,0,0,0,0,0,0,0
200308,2670,9999,,Fort Collins-Loveland  CO MSA ,239,239,35353,2,4,642,2,8,729,3,19,1308,125,125,19357,2,4,642,1,4,398,0,0,0
200308,2700,9999,,Fort Myers-Cape Coral  FL MSA ,986,986,132919,38,76,6525,21,84,7429,19,406,45149,986,986,132919,38,76,6525,21,84,7429,19,406,45149
200308,2710,9999,,Fort Pierce-Port St. Lucie  FL MSA ,818,818,103405,2,4,391,7,28,3717,0,0,0,818,818,103405,2,4,391,7,28,3717,0,0,0
200308,2720,9999,,Fort Smith  AR-OK MSA ,38,38,4663,4,8,520,0,0,0,0,0,0,24,24,3047,4,8,520,0,0,0,0,0,0
200308,2750,9999,,Fort Walton Beach  FL MSA ,148,148,25306,0,0,0,0,0,0,2,40,4205,55,55,7945,0,0,0,0,0,0,1,22,2450
200308,2760,9999,,Fort Wayne  IN MSA ,236,236,36150,1,2,192,0,0,0,5,69,4399,236,236,36150,1,2,192,0,0,0,5,69,4399
200308,2840,9999,,Fresno  CA MSA ,478,478,74425,4,8,712,6,22,1787,8,48,3753,437,437,70170,4,8,712,6,22,1787,8,48,3753
200308,2880,9999,,Gadsden  AL MSA ,12,12,1188,0,0,0,0,0,0,0,0,0,12,12,1188,0,0,0,0,0,0,0,0,0
200308,2900,9999,,Gainesville  FL MSA ,91,91,10799,1,2,207,0,0,0,0,0,0,78,78,9532,1,2,207,0,0,0,0,0,0
200308,2975,9999,,Glens Falls  NY MSA ,57,57,10047,0,0,0,1,4,164,2,11,203,25,25,3828,0,0,0,0,0,0,0,0,0
200308,2980,9999,,Goldsboro  NC MSA ,47,47,5324,0,0,0,0,0,0,0,0,0,47,47,5324,0,0,0,0,0,0,0,0,0
200308,2985,9999,,Grand Forks  ND-MN MSA ,34,34,4891,0,0,0,0,0,0,1,82,4902,34,34,4891,0,0,0,0,0,0,1,82,4902
200308,2995,9999,,Grand Junction  CO MSA ,123,123,17072,0,0,0,1,4,291,0,0,0,123,123,17072,0,0,0,1,4,291,0,0,0
200308,3000,9999,,Grand Rapids-Muskegon-Holland  MI MSA ,574,574,90853,6,12,962,2,7,989,13,192,7762,400,400,66344,1,2,336,2,7,989,7,120,3208
200308,3040,9999,,Great Falls  MT MSA ,11,11,1731,0,0,0,0,0,0,0,0,0,0,0,0,0,0,0,0,0,0,0,0,0
200308,3080,9999,,Green Bay  WI MSA ,94,94,16159,5,10,823,1,3,410,3,40,2100,56,56,9585,1,2,144,1,3,410,0,0,0
200308,3120,9999,,Greensboro--Winston-Salem--High Point  NC MSA ,753,753,103829,3,6,281,2,7,476,45,456,21688,751,751,103563,3,6,281,2,7,476,45,456,21688
200308,3150,9999,,Greenville  NC MSA ,74,74,9578,1,2,171,0,0,0,4,66,1622,31,31,3418,0,0,0,0,0,0,4,66,1622
200308,3160,9999,,Greenville-Spartanburg-Anderson  SC MSA ,556,556,61145,4,8,280,1,3,164,1,5,837,501,501,54524,4,8,280,0,0,0,0,0,0
200308,3240,9999,,Harrisburg-Lebanon-Carlisle  PA MSA ,153,153,20742,1,2,371,1,4,275,0,0,0,105,105,15859,1,2,371,1,4,275,0,0,0
200308,3280,9999,,Hartford  CT MSA ,301,301,42353,12,24,1819,0,0,0,4,50,2414,232,232,33821,9,18,1501,0,0,0,1,18,1420
200308,3285,9999,,Hattiesburg  MS MSA ,10,10,916,0,0,0,1,3,83,2,18,952,1,1,70,0,0,0,0,0,0,0,0,0
200308,3290,9999,,Hickory-Morganton-Lenoir  NC MSA ,107,107,15945,2,4,290,0,0,0,1,5,205,107,107,15945,2,4,290,0,0,0,1,5,205
200308,3320,9999,,Honolulu  HI MSA ,179,179,29721,3,6,594,0,0,0,1,6,469,179,179,29721,3,6,594,0,0,0,1,6,469
200308,3350,9999,,Houma  LA MSA ,83,83,8668,0,0,0,0,0,0,0,0,0,55,55,5212,0,0,0,0,0,0,0,0,0
200308,3362,1145,,Brazoria  TX PMSA ,290,290,50345,0,0,0,0,0,0,0,0,0,289,289,50279,0,0,0,0,0,0,0,0,0
200308,3362,2920,,Galveston-Texas City  TX PMSA ,274,274,37075,0,0,0,0,0,0,0,0,0,267,267,36398,0,0,0,0,0,0,0,0,0
200308,3362,3360,,Houston  TX PMSA ,3247,3247,378784,2,4,100,0,0,0,55,807,42720,3226,3226,375920,2,4,100,0,0,0,53,792,42342
200308,3400,9999,,Huntington-Ashland  WV-KY-OH MSA ,4,4,530,0,0,0,0,0,0,0,0,0,2,2,366,0,0,0,0,0,0,0,0,0
200308,3440,9999,,Huntsville  AL MSA ,98,98,5660,2,4,99,0,0,0,0,0,0,98,98,5660,2,4,99,0,0,0,0,0,0
200308,3480,9999,,Indianapolis  IN MSA ,1269,1269,214767,20,40,3610,17,55,4743,21,271,14396,1178,1178,201828,18,36,3377,16,52,4526,20,259,13772
200308,3500,9999,,Iowa City  IA MSA ,52,52,9896,0,0,0,2,8,999,3,48,5069,52,52,9896,0,0,0,2,8,999,3,48,5069
200308,3520,9999,,Jackson  MI MSA ,19,19,2979,0,0,0,0,0,0,0,0,0,18,18,2902,0,0,0,0,0,0,0,0,0
200308,3560,9999,,Jackson  MS MSA ,272,272,33823,0,0,0,0,0,0,24,239,11009,252,252,29373,0,0,0,0,0,0,20,184,8650
200308,3580,9999,,Jackson  TN MSA ,59,59,6982,0,0,0,0,0,0,0,0,0,59,59,6982,0,0,0,0,0,0,0,0,0
200308,3600,9999,,Jacksonville  FL MSA ,1158,1158,169394,2,4,480,2,8,1956,5,85,15581,1156,1156,169164,2,4,480,2,8,1956,5,85,15581
200308,3605,9999,,Jacksonville  NC MSA ,85,85,7329,0,0,0,0,0,0,0,0,0,23,23,2132,0,0,0,0,0,0,0,0,0
200308,3610,9999,,Jamestown  NY MSA ,1,1,88,0,0,0,0,0,0,0,0,0,0,0,0,0,0,0,0,0,0,0,0,0
200308,3620,9999,,Janesville-Beloit  WI MSA ,16,16,2107,3,6,644,1,4,300,1,5,175,15,15,2013,3,6,644,0,0,0,0,0,0
200308,3660,9999,,Johnson City-Kingsport-Bristol  TN-VA MSA ,112,112,12585,0,0,0,0,0,0,2,10,351,49,49,7312,0,0,0,0,0,0,0,0,0
200308,3680,9999,,Johnstown  PA MSA ,4,4,230,0,0,0,0,0,0,1,5,485,2,2,22,0,0,0,0,0,0,0,0,0
200308,3700,9999,,Jonesboro  AR MSA ,43,43,5477,0,0,0,0,0,0,0,0,0,43,43,5477,0,0,0,0,0,0,0,0,0
200308,3710,9999,,Joplin  MO MSA ,23,23,2421,0,0,0,0,0,0,0,0,0,23,23,2421,0,0,0,0,0,0,0,0,0
200308,3720,9999,,Kalamazoo-Battle Creek  MI MSA ,109,109,19234,0,0,0,0,0,0,8,192,18915,76,76,15308,0,0,0,0,0,0,8,192,18915
200308,3760,9999,,Kansas City  MO-KS MSA ,969,969,150330,25,50,5303,29,105,8589,0,0,0,888,888,138594,24,48,5135,28,102,8441,0,0,0
200308,3810,9999,,Killeen-Temple  TX MSA ,135,135,17263,11,22,1495,7,28,1243,0,0,0,135,135,17263,11,22,1495,7,28,1243,0,0,0
200308,3840,9999,,Knoxville  TN MSA ,379,379,47739,0,0,0,1,4,200,4,41,3743,372,372,46819,0,0,0,1,4,200,3,35,3458
200308,3850,9999,,Kokomo  IN MSA ,36,36,4907,1,2,256,0,0,0,1,5,299,0,0,0,0,0,0,0,0,0,0,0,0
200308,3870,9999,,La Crosse  WI-MN MSA ,35,35,5717,1,2,153,0,0,0,0,0,0,16,16,2943,0,0,0,0,0,0,0,0,0
200308,3880,9999,,Lafayette  LA MSA ,152,152,19524,0,0,0,0,0,0,1,29,1521,80,80,9722,0,0,0,0,0,0,0,0,0
200308,3920,9999,,Lafayette  IN MSA ,72,72,10452,1,2,192,1,4,364,0,0,0,72,72,10452,1,2,192,1,4,364,0,0,0
200308,3960,9999,,Lake Charles  LA MSA ,90,90,8115,2,4,121,0,0,0,0,0,0,86,86,7477,2,4,121,0,0,0,0,0,0
200308,3980,9999,,Lakeland-Winter Haven  FL MSA ,593,593,53062,9,18,819,0,0,0,3,42,2605,591,591,52896,9,18,819,0,0,0,3,42,2605
200308,4000,9999,,Lancaster  PA MSA ,84,84,12447,0,0,0,2,8,440,1,27,2052,40,40,5679,0,0,0,2,8,440,0,0,0
200308,4040,9999,,Lansing-East Lansing  MI MSA ,130,130,20167,1,2,193,0,0,0,12,170,6483,94,94,15127,1,2,193,0,0,0,10,160,5972
200308,4080,9999,,Laredo  TX MSA ,144,144,11751,1,2,84,1,4,155,2,23,995,0,0,0,0,0,0,0,0,0,0,0,0
200308,4100,9999,,Las Cruces  NM MSA ,105,105,20665,0,0,0,0,0,0,0,0,0,101,101,20237,0,0,0,0,0,0,0,0,0
200308,4120,9999,,Las Vegas  NV-AZ MSA ,2371,2371,284800,9,18,1178,11,34,2863,76,913,55213,2218,2218,269837,0,0,0,10,31,2706,75,908,55023
200308,4150,9999,,Lawrence  KS MSA ,33,33,5384,1,2,140,0,0,0,0,0,0,26,26,4052,1,2,140,0,0,0,0,0,0
200308,4200,9999,,Lawton  OK MSA ,13,13,1562,0,0,0,0,0,0,0,0,0,0,0,0,0,0,0,0,0,0,0,0,0
200308,4240,9999,,Lewiston-Auburn  ME MSA ,31,31,4297,1,2,240,1,3,360,0,0,0,29,29,4082,1,2,240,1,3,360,0,0,0
200308,4280,9999,,Lexington  KY MSA ,388,388,48506,7,14,706,0,0,0,0,0,0,356,356,45425,7,14,706,0,0,0,0,0,0
200308,4320,9999,,Lima  OH MSA ,10,10,1385,0,0,0,0,0,0,0,0,0,10,10,1385,0,0,0,0,0,0,0,0,0
200308,4360,9999,,Lincoln  NE MSA ,143,143,19997,4,8,556,0,0,0,2,24,1182,1,1,124,0,0,0,0,0,0,0,0,0
200308,4400,9999,,Little Rock-North Little Rock  AR MSA ,512,512,78057,6,12,530,0,0,0,5,120,6054,509,509,77541,6,12,530,0,0,0,5,120,6054
200308,4420,9999,,Longview-Marshall  TX MSA ,20,20,2659,0,0,0,0,0,0,0,0,0,0,0,0,0,0,0,0,0,0,0,0,0
200308,4472,4480,,Los Angeles-Long Beach  CA PMSA ,667,667,145076,23,46,5437,5,16,1179,34,334,42215,596,596,127781,20,40,5028,2,6,761,28,302,40652
200308,4472,5945,,Orange County  CA PMSA ,395,395,99017,4,8,834,2,6,885,7,181,14902,352,352,87256,1,2,198,0,0,0,5,170,13895
200308,4472,6780,,Riverside-San Bernardino  CA PMSA ,2484,2484,420249,5,10,905,0,0,0,18,165,9417,2434,2434,411620,5,10,905,0,0,0,18,165,9417
200308,4472,8735,,Ventura  CA PMSA ,231,231,61944,2,4,547,0,0,0,0,0,0,215,215,56725,2,4,547,0,0,0,0,0,0
200308,4520,9999,,Louisville  KY-IN MSA ,579,579,78252,1,2,101,10,38,1903,6,68,3488,508,508,68435,0,0,0,10,38,1903,5,51,2932
200308,4600,9999,,Lubbock  TX MSA ,87,87,11616,24,48,3639,4,12,700,0,0,0,87,87,11616,24,48,3639,4,12,700,0,0,0
200308,4640,9999,,Lynchburg  VA MSA ,171,171,19200,0,0,0,0,0,0,1,13,701,149,149,16797,0,0,0,0,0,0,0,0,0
200308,4680,9999,,Macon  GA MSA ,195,195,21832,0,0,0,0,0,0,0,0,0,172,172,19803,0,0,0,0,0,0,0,0,0
200308,4720,9999,,Madison  WI MSA ,166,166,32872,13,26,3012,4,15,1149,7,110,6345,126,126,27010,8,16,1790,0,0,0,3,87,5000
200308,4800,9999,,Mansfield  OH MSA ,42,42,7078,1,2,198,1,3,305,0,0,0,37,37,6551,0,0,0,0,0,0,0,0,0
200308,4880,9999,,McAllen-Edinburg-Mission  TX MSA ,472,472,31187,11,22,609,6,21,529,3,23,503,244,244,20673,7,14,362,2,7,140,1,6,120
200308,4890,9999,,Medford-Ashland  OR MSA ,146,146,22730,2,4,164,9,28,2628,0,0,0,105,105,16391,2,4,164,9,28,2628,0,0,0
200308,4900,9999,,Melbourne-Titusville-Palm Bay  FL MSA ,501,501,81115,0,0,0,1,3,748,2,32,4252,481,481,78435,0,0,0,0,0,0,1,21,2200
200308,4920,9999,,Memphis  TN-AR-MS MSA ,747,747,100380,0,0,0,1,4,278,0,0,0,716,716,96301,0,0,0,1,4,278,0,0,0
200308,4940,9999,,Merced  CA MSA ,147,147,23280,0,0,0,0,0,0,0,0,0,147,147,23280,0,0,0,0,0,0,0,0,0
200308,4992,2680,,Fort Lauderdale  FL PMSA ,324,324,52886,5,10,938,8,31,3428,8,122,9887,322,322,52663,5,10,938,8,31,3428,6,102,8113
200308,4992,5000,,Miami  FL PMSA ,736,736,85350,11,22,1549,4,12,584,7,964,59780,714,714,82459,9,18,1116,3,9,525,6,959,59388
200308,5082,5080,,Milwaukee-Waukesha  WI PMSA ,320,320,67147,19,38,4174,4,15,1357,6,73,6072,239,239,50634,12,24,2625,2,8,725,2,32,3600
200308,5082,6600,,Racine  WI PMSA ,63,63,11463,2,4,311,0,0,0,1,12,469,59,59,10896,0,0,0,0,0,0,0,0,0
200308,5120,9999,,Minneapolis-St. Paul  MN-WI MSA ,1759,1759,323609,16,32,4109,23,86,11395,25,483,53542,1511,1511,281174,13,26,3246,18,69,9331,20,416,47448
200308,5140,9999,,Missoula  MT MSA ,37,37,3661,5,10,641,2,7,314,4,46,1833,0,0,0,0,0,0,0,0,0,0,0,0
200308,5160,9999,,Mobile  AL MSA ,321,321,35716,1,2,130,0,0,0,1,6,275,71,71,9003,0,0,0,0,0,0,0,0,0
200308,5170,9999,,Modesto  CA MSA ,364,364,47493,2,4,316,0,0,0,0,0,0,331,331,43316,2,4,316,0,0,0,0,0,0
200308,5200,9999,,Monroe  LA MSA ,35,35,4889,0,0,0,0,0,0,0,0,0,35,35,4889,0,0,0,0,0,0,0,0,0
200308,5240,9999,,Montgomery  AL MSA ,133,133,15417,0,0,0,0,0,0,1,5,83,46,46,6111,0,0,0,0,0,0,0,0,0
200308,5280,9999,,Muncie  IN MSA ,21,21,4163,1,2,106,2,7,1130,4,144,50400,2,2,468,1,2,106,2,7,1130,4,144,50400
200308,5330,9999,,Myrtle Beach  SC MSA ,184,184,23471,0,0,0,1,4,278,6,136,21855,184,184,23471,0,0,0,1,4,278,6,136,21855
200308,5345,9999,,Naples  FL MSA ,249,249,57761,6,12,1956,18,69,12125,10,79,6832,249,249,57761,6,12,1956,18,69,12125,10,79,6832
200308,5360,9999,,Nashville  TN MSA ,1069,1069,149456,7,14,1884,1,3,340,18,202,9058,671,671,85209,0,0,0,1,3,340,14,160,6080
200308,5520,9999,,New London-Norwich  CT-RI MSA ,79,79,14133,1,2,132,0,0,0,1,35,1406,52,52,10025,0,0,0,0,0,0,1,35,1406
200308,5560,9999,,New Orleans  LA MSA ,354,354,53742,7,14,976,0,0,0,0,0,0,344,344,51844,7,14,976,0,0,0,0,0,0
200308,5602,0875,,Bergen-Passaic  NJ PMSA ,143,143,25910,13,26,2812,0,0,0,6,44,2766,62,62,9598,7,14,1827,0,0,0,3,29,2120
200308,5602,1160,,Bridgeport  CT PMSA ,56,56,9747,0,0,0,0,0,0,0,0,150,55,55,9628,0,0,0,0,0,0,0,0,150
200308,5602,1930,,Danbury  CT PMSA ,52,52,12946,0,0,0,0,0,0,0,0,0,51,51,12730,0,0,0,0,0,0,0,0,0
200308,5602,2281,,Dutchess County  NY PMSA ,92,92,16438,0,0,0,0,0,0,2,14,1155,68,68,12390,0,0,0,0,0,0,0,0,0
200308,5602,3640,,Jersey City  NJ PMSA ,3,3,571,18,36,1994,1,3,86,6,146,15627,0,0,0,2,4,155,0,0,0,1,11,737
200308,5602,5015,,Middlesex-Somerset-Hunterdon  NJ PMSA ,368,368,48339,0,0,10,2,7,618,26,145,3940,289,289,37312,0,0,10,1,4,507,22,110,2266
200308,5602,5190,,Monmouth-Ocean  NJ PMSA ,500,500,61618,2,4,252,0,0,0,3,34,1666,326,326,40879,1,2,137,0,0,0,0,0,0
200308,5602,5380,,Nassau-Suffolk  NY PMSA ,238,238,47947,11,22,10480,2,8,3909,3,24,4432,117,117,29146,0,0,0,0,0,0,0,0,0
200308,5602,5480,,New Haven-Meriden  CT PMSA ,62,62,14145,6,12,400,0,0,0,0,0,0,53,53,12459,6,12,400,0,0,0,0,0,0
200308,5602,5600,,New York  NY PMSA ,227,227,47438,145,290,25429,97,293,21370,46,2163,150936,144,144,26907,142,284,24948,95,286,21049,42,2131,147865
200308,5602,5640,,Newark  NJ PMSA ,247,247,42870,43,86,6552,36,108,8074,7,90,6180,127,127,26485,33,66,5450,35,105,7954,2,18,1900
200308,5602,5660,,Newburgh  NY-PA PMSA ,220,220,35883,1,2,150,8,26,1892,1,5,255,179,179,29789,1,2,150,0,0,0,0,0,0
200308,5602,8040,,Stamford-Norwalk  CT PMSA ,45,45,28905,0,0,0,1,4,328,1,20,633,22,22,12903,0,0,0,1,4,328,1,20,633
200308,5602,8480,,Trenton  NJ PMSA ,63,63,5590,0,0,0,0,0,0,2,28,1946,39,39,3466,0,0,0,0,0,0,0,0,0
200308,5602,8880,,Waterbury  CT PMSA ,42,42,6508,0,0,0,0,0,0,1,7,323,28,28,4036,0,0,0,0,0,0,0,0,0
200308,5720,9999,,Norfolk-Virginia Beach-Newport News  VA-NC MSA ,740,740,99206,5,10,690,1,3,191,18,215,12854,528,528,70412,4,8,599,0,0,0,17,195,11927
200308,5790,9999,,Ocala  FL MSA ,429,429,55728,4,8,345,8,32,712,0,0,0,429,429,55728,4,8,345,8,32,712,0,0,0
200308,5800,9999,,Odessa-Midland  TX MSA ,35,35,4476,0,0,0,0,0,0,0,0,0,35,35,4476,0,0,0,0,0,0,0,0,0
200308,5880,9999,,Oklahoma City  OK MSA ,599,599,85905,2,4,292,0,0,0,18,160,7620,593,593,85238,2,4,292,0,0,0,18,160,7620
200308,5920,9999,,Omaha  NE-IA MSA ,400,400,49843,4,8,697,0,0,0,1,36,1878,386,386,47884,4,8,697,0,0,0,1,36,1878
200308,5960,9999,,Orlando  FL MSA ,2076,2076,301281,12,24,2415,2,7,454,5,37,1875,1985,1985,290054,11,22,2309,2,7,454,4,32,1706
200308,5990,9999,,Owensboro  KY MSA ,48,48,3928,1,2,107,3,12,306,0,0,0,48,48,3928,1,2,107,3,12,306,0,0,0
200308,6015,9999,,Panama City  FL MSA ,141,141,18316,1,2,118,0,0,0,2,236,30104,141,141,18316,1,2,118,0,0,0,2,236,30104
200308,6020,9999,,Parkersburg-Marietta  WV-OH MSA ,17,17,1944,0,0,0,0,0,0,0,0,0,17,17,1944,0,0,0,0,0,0,0,0,0
200308,6080,9999,,Pensacola  FL MSA ,279,279,36617,0,0,0,0,0,0,1,12,734,279,279,36617,0,0,0,0,0,0,1,12,734
200308,6120,9999,,Peoria-Pekin  IL MSA ,78,78,13200,5,10,596,1,4,320,0,0,0,68,68,11445,4,8,344,1,4,320,0,0,0
200308,6162,0560,,Atlantic-Cape May  NJ PMSA ,194,194,23095,12,24,2044,2,6,866,3,15,957,71,71,11165,10,20,1687,1,3,636,1,5,12
200308,6162,6160,,Philadelphia  PA-NJ PMSA ,1085,1085,150874,4,8,681,6,23,1437,15,243,13848,633,633,99173,3,6,495,2,8,449,7,158,10341
200308,6162,8760,,Vineland-Millville-Bridgeton  NJ PMSA ,43,43,4507,0,0,0,0,0,0,0,0,0,38,38,4037,0,0,0,0,0,0,0,0,0
200308,6162,9160,,Wilmington-Newark  DE-MD PMSA ,225,225,22875,1,2,214,1,4,315,7,70,4029,137,137,11437,0,0,0,0,0,0,5,60,3670
200308,6200,9999,,Phoenix-Mesa  AZ MSA ,4160,4160,659884,6,12,918,14,44,3928,24,221,16041,3806,3806,619046,6,12,918,14,44,3928,21,184,14430
200308,6240,9999,,Pine Bluff  AR MSA ,8,8,1373,2,4,308,0,0,0,0,0,0,8,8,1373,2,4,308,0,0,0,0,0,0
200308,6280,9999,,Pittsburgh  PA MSA ,482,482,77655,2,4,310,7,24,2154,13,142,12899,310,310,53397,2,4,310,4,15,1594,2,11,1346
200308,6320,9999,,Pittsfield  MA MSA ,0,0,0,0,0,0,0,0,0,0,0,0,0,0,0,0,0,0,0,0,0,0,0,0
200308,6340,9999,,Pocatello  ID MSA ,12,12,1283,1,2,160,1,3,115,0,0,0,12,12,1283,1,2,160,1,3,115,0,0,0
200308,6400,9999,,Portland  ME MSA ,114,114,18020,5,10,1123,1,3,405,1,7,524,83,83,12784,4,8,965,1,3,405,0,0,0
200308,6442,6440,,Portland-Vancouver  OR-WA PMSA ,961,961,176722,18,36,2574,13,47,3277,10,151,10610,761,761,140383,12,24,1425,9,34,2142,5,37,2576
200308,6442,7080,,Salem  OR PMSA ,99,99,16876,3,6,635,0,0,0,0,0,0,95,95,16231,3,6,635,0,0,0,0,0,0
200308,6480,9999,,Providence-Fall River-Warwick  RI-MA MSA ,191,191,27250,4,8,534,0,0,0,2,49,829,118,118,17483,1,2,175,0,0,0,0,0,0
200308,6520,9999,,Provo-Orem  UT MSA ,257,257,38853,0,0,0,2,6,540,3,29,2530,229,229,35687,0,0,0,2,6,540,3,29,2530
200308,6560,9999,,Pueblo  CO MSA ,93,93,9552,6,12,476,0,0,0,0,0,0,93,93,9552,6,12,476,0,0,0,0,0,0
200308,6580,9999,,Punta Gorda  FL MSA ,173,173,27700,12,24,1609,13,49,7523,5,72,8448,173,173,27700,12,24,1609,13,49,7523,5,72,8448
200308,6640,9999,,Raleigh-Durham-Chapel Hill  NC MSA ,1331,1331,202590,12,24,1624,5,17,1332,4,36,3229,836,836,138940,4,8,683,3,9,864,1,5,236
200308,6660,9999,,Rapid City  SD MSA ,55,55,7502,3,6,346,4,13,1571,0,0,0,55,55,7502,3,6,346,4,13,1571,0,0,0
200308,6680,9999,,Reading  PA MSA ,73,73,10744,1,2,212,0,0,0,1,15,523,65,65,9166,0,0,0,0,0,0,0,0,0
200308,6690,9999,,Redding  CA MSA ,101,101,16388,1,2,126,0,0,0,1,7,442,92,92,15622,1,2,126,0,0,0,0,0,0
200308,6720,9999,,Reno  NV MSA ,459,459,82704,0,0,0,0,0,0,0,0,0,459,459,82704,0,0,0,0,0,0,0,0,0
200308,6740,9999,,Richland-Kennewick-Pasco  WA MSA ,155,155,18728,0,0,0,1,3,259,2,21,943,12,12,2697,0,0,0,0,0,0,0,0,0
200308,6760,9999,,Richmond-Petersburg  VA MSA ,550,550,78953,1,2,200,1,4,278,11,76,4648,392,392,57985,0,0,0,1,4,278,11,76,4648
200308,6800,9999,,Roanoke  VA MSA ,114,114,9826,1,2,59,0,0,0,0,0,0,114,114,9826,1,2,59,0,0,0,0,0,0
200308,6820,9999,,Rochester  MN MSA ,130,130,21053,0,0,0,0,0,0,1,18,3853,29,29,6772,0,0,0,0,0,0,0,0,0
200308,6840,9999,,Rochester  NY MSA ,182,182,30536,3,6,442,26,104,6210,30,198,19457,151,151,26508,1,2,280,24,96,5760,27,172,17890
200308,6880,9999,,Rockford  IL MSA ,205,205,19880,4,8,511,28,111,4734,0,0,0,205,205,19880,4,8,511,28,111,4734,0,0,0
200308,6895,9999,,Rocky Mount  NC MSA ,66,66,4780,4,8,408,0,0,0,0,0,0,66,66,4780,4,8,408,0,0,0,0,0,0
200308,6922,6920,,Sacramento  CA PMSA ,1474,1474,301277,26,52,5215,8,31,2724,41,796,62794,1457,1457,298802,25,50,5039,8,31,2724,41,796,62794
200308,6922,9270,,Yolo  CA PMSA ,94,94,17303,0,0,0,0,0,0,0,0,0,94,94,17303,0,0,0,0,0,0,0,0,0
200308,6960,9999,,Saginaw-Bay City-Midland  MI MSA ,64,64,8046,0,0,0,0,0,0,0,0,0,50,50,6454,0,0,0,0,0,0,0,0,0
200308,6980,9999,,St. Cloud  MN MSA ,69,69,9554,0,0,0,1,3,0,1,5,315,30,30,4748,0,0,0,0,0,0,0,0,0
200308,7000,9999,,St. Joseph  MO MSA ,13,13,1861,2,4,374,0,0,0,0,0,0,0,0,0,0,0,0,0,0,0,0,0,0
200308,7040,9999,,St. Louis  MO-IL MSA ,1132,1132,167895,33,66,6636,23,82,6064,11,86,7577,909,909,134402,25,50,5388,21,74,5715,10,66,6415
200308,7120,9999,,Salinas  CA MSA ,52,52,13213,0,0,0,2,6,761,2,12,1034,50,50,12954,0,0,0,2,6,761,2,12,1034
200308,7160,9999,,Salt Lake City-Ogden  UT MSA ,812,812,122898,6,12,1196,12,43,3349,11,240,15815,641,641,100830,4,8,803,9,34,2792,8,217,14202
200308,7200,9999,,San Angelo  TX MSA ,24,24,3952,0,0,0,0,0,0,0,0,0,24,24,3952,0,0,0,0,0,0,0,0,0
200308,7240,9999,,San Antonio  TX MSA ,946,946,126451,8,16,1064,0,0,0,13,330,20184,833,833,109502,8,16,1064,0,0,0,13,330,20184
200308,7320,9999,,San Diego  CA MSA ,854,854,180461,5,10,1202,14,45,4884,31,617,53660,610,610,130151,1,2,224,10,31,3590,23,336,30150
200308,7362,5775,,Oakland  CA PMSA ,779,779,208280,1,2,198,2,7,743,15,151,18508,707,707,187887,1,2,198,2,7,743,12,127,13445
200308,7362,7360,,San Francisco  CA PMSA ,108,108,36121,12,24,2526,0,0,0,6,213,43133,92,92,27069,12,24,2526,0,0,0,5,206,42624
200308,7362,7400,,San Jose  CA PMSA ,217,217,56128,0,0,0,0,0,0,19,248,23598,164,164,44014,0,0,0,0,0,0,18,243,23161
200308,7362,7485,,Santa Cruz-Watsonville  CA PMSA ,102,102,24229,1,2,244,0,0,0,0,0,0,102,102,24229,1,2,244,0,0,0,0,0,0
200308,7362,7500,,Santa Rosa  CA PMSA ,155,155,29612,3,6,537,0,0,0,2,17,1126,70,70,16848,0,0,0,0,0,0,0,0,0
200308,7362,8720,,Vallejo-Fairfield-Napa  CA PMSA ,221,221,46021,1,2,114,0,0,0,0,0,0,103,103,22122,1,2,114,0,0,0,0,0,0
200308,7460,9999,,San Luis Obispo-Atascadero-Paso Robles  CA MSA ,108,108,21050,3,6,682,0,0,0,1,6,384,22,22,4751,3,6,682,0,0,0,0,0,0
200308,7480,9999,,Santa Barbara-Santa Maria-Lompoc  CA MSA ,89,89,18906,2,4,1236,2,6,705,5,35,5966,30,30,8893,1,2,1000,1,3,500,2,14,4200
200308,7490,9999,,Santa Fe  NM MSA ,72,72,10102,0,0,0,0,0,0,0,0,0,72,72,10102,0,0,0,0,0,0,0,0,0
200308,7510,9999,,Sarasota-Bradenton  FL MSA ,693,693,117828,1,2,210,8,26,4960,6,66,12845,687,687,116768,1,2,210,8,26,4960,6,66,12845
200308,7520,9999,,Savannah  GA MSA ,140,140,21741,0,0,0,0,0,0,1,5,142,126,126,19550,0,0,0,0,0,0,0,0,0
200308,7560,9999,,Scranton--Wilkes-Barre--Hazleton  PA MSA ,70,70,6802,3,6,490,4,15,1196,0,0,0,62,62,5670,3,6,490,4,15,1196,0,0,0
200308,7602,1150,,Bremerton  WA PMSA ,122,122,19770,3,6,704,0,0,0,0,0,0,118,118,19349,3,6,704,0,0,0,0,0,0
200308,7602,5910,,Olympia  WA PMSA ,181,181,33338,1,2,276,0,0,0,0,0,0,181,181,33338,0,0,0,0,0,0,0,0,0
200308,7602,7600,,Seattle-Bellevue-Everett  WA PMSA ,969,969,202177,11,22,1931,3,9,791,43,786,53729,808,808,174156,6,12,1189,3,9,791,37,756,50516
200308,7602,8200,,Tacoma  WA PMSA ,337,337,49304,13,26,2595,2,6,353,3,39,2101,315,315,46368,13,26,2595,1,3,76,2,29,1515
200308,7610,9999,,Sharon  PA MSA ,14,14,1501,0,0,0,0,0,0,0,0,0,4,4,252,0,0,0,0,0,0,0,0,0
200308,7620,9999,,Sheboygan  WI MSA ,8,8,1523,0,0,0,1,4,180,0,0,0,7,7,1349,0,0,0,1,4,180,0,0,0
200308,7640,9999,,Sherman-Denison  TX MSA ,17,17,1492,0,0,0,0,0,0,0,0,0,17,17,1492,0,0,0,0,0,0,0,0,0
200308,7680,9999,,Shreveport-Bossier City  LA MSA ,195,195,26127,0,0,0,0,0,0,0,0,0,177,177,23939,0,0,0,0,0,0,0,0,0
200308,7720,9999,,Sioux City  IA-NE MSA ,16,16,1924,0,0,0,2,6,205,0,0,0,10,10,1060,0,0,0,2,6,205,0,0,0
200308,7760,9999,,Sioux Falls  SD MSA ,173,173,19928,0,0,0,1,4,613,0,0,0,172,172,19803,0,0,0,1,4,613,0,0,0
200308,7800,9999,,South Bend  IN MSA ,80,80,11628,0,0,0,0,0,0,0,0,0,80,80,11628,0,0,0,0,0,0,0,0,0
200308,7840,9999,,Spokane  WA MSA ,147,147,19108,1,2,164,0,0,0,2,16,1118,49,49,6388,0,0,0,0,0,0,0,0,0
200308,7880,9999,,Springfield  IL MSA ,53,53,7774,8,16,1369,0,0,0,1,9,279,7,7,1012,1,2,192,0,0,0,0,0,0
200308,7920,9999,,Springfield  MO MSA ,239,239,34592,2,4,191,14,56,2520,2,22,403,196,196,29654,0,0,0,14,56,2520,0,0,0
200308,8000,9999,,Springfield  MA MSA ,47,47,8621,2,4,437,0,0,0,0,0,0,30,30,5996,0,0,0,0,0,0,0,0,0
200308,8050,9999,,State College  PA MSA ,44,44,7694,0,0,0,0,0,0,0,0,82,44,44,7694,0,0,0,0,0,0,0,0,82
200308,8080,9999,,Steubenville-Weirton  OH-WV MSA ,8,8,1635,0,0,0,0,0,0,0,0,0,7,7,1458,0,0,0,0,0,0,0,0,0
200308,8120,9999,,Stockton-Lodi  CA MSA ,491,491,90769,5,10,1782,0,0,0,0,0,0,491,491,90769,5,10,1782,0,0,0,0,0,0
200308,8140,9999,,Sumter  SC MSA ,33,33,3179,3,6,348,0,0,0,0,0,0,0,0,0,0,0,0,0,0,0,0,0,0
200308,8160,9999,,Syracuse  NY MSA ,93,93,10721,0,0,0,0,0,0,2,14,1133,57,57,7371,0,0,0,0,0,0,0,0,0
200308,8240,9999,,Tallahassee  FL MSA ,127,127,16731,2,4,292,0,0,0,16,312,19083,127,127,16731,2,4,292,0,0,0,16,312,19083
200308,8280,9999,,Tampa-St. Petersburg-Clearwater  FL MSA ,1741,1741,261242,29,58,6062,7,25,2590,43,910,59361,1734,1734,259239,29,58,6062,7,25,2590,43,910,59361
200308,8320,9999,,Terre Haute  IN MSA ,22,22,3424,0,0,0,0,0,0,0,0,0,22,22,3424,0,0,0,0,0,0,0,0,0
200308,8360,9999,,Texarkana  TX-Texarkana  AR MSA ,18,18,2668,4,8,345,0,0,0,14,112,7588,18,18,2668,4,8,345,0,0,0,14,112,7588
200308,8400,9999,,Toledo  OH MSA ,156,156,24010,2,4,346,0,0,0,0,0,0,156,156,24010,2,4,346,0,0,0,0,0,0
200308,8440,9999,,Topeka  KS MSA ,100,100,16465,0,0,0,0,0,0,0,0,0,100,100,16465,0,0,0,0,0,0,0,0,0
200308,8520,9999,,Tucson  AZ MSA ,641,641,116369,6,12,1188,0,0,0,0,0,0,641,641,116369,6,12,1188,0,0,0,0,0,0
200308,8560,9999,,Tulsa  OK MSA ,325,325,44642,0,0,0,1,4,1000,1,9,500,189,189,24950,0,0,0,0,0,0,0,0,0
200308,8600,9999,,Tuscaloosa  AL MSA ,90,90,11961,0,0,0,0,0,0,16,220,6512,90,90,11961,0,0,0,0,0,0,16,220,6512
200308,8640,9999,,Tyler  TX MSA ,35,35,6176,0,0,0,0,0,0,1,6,277,0,0,0,0,0,0,0,0,0,0,0,0
200308,8680,9999,,Utica-Rome  NY MSA ,11,11,1585,0,0,0,0,0,0,0,0,0,7,7,1136,0,0,0,0,0,0,0,0,0
200308,8750,9999,,Victoria  TX MSA ,8,8,1036,0,0,0,0,0,0,0,0,0,8,8,1036,0,0,0,0,0,0,0,0,0
200308,8780,9999,,Visalia-Tulare-Porterville  CA MSA ,185,185,25797,1,2,118,1,4,95,0,0,0,185,185,25797,1,2,118,1,4,95,0,0,0
200308,8800,9999,,Waco  TX MSA ,52,52,7124,2,4,260,0,0,0,0,0,0,52,52,7124,2,4,260,0,0,0,0,0,0
200308,8872,0720,,Baltimore  MD PMSA ,652,652,84521,0,0,0,0,0,0,5,76,4648,642,642,83469,0,0,0,0,0,0,5,76,4648
200308,8872,3180,,Hagerstown  MD PMSA ,87,87,11175,0,0,0,0,0,0,1,5,150,87,87,11175,0,0,0,0,0,0,0,0,0
200308,8872,8840,,Washington  DC-MD-VA-WV PMSA ,2672,2672,369476,1,2,115,1,4,237,32,395,19176,2358,2358,323733,0,0,0,0,0,0,30,380,18497
200308,8920,9999,,Waterloo-Cedar Falls  IA MSA ,9,9,1502,0,0,0,1,4,458,1,71,8013,9,9,1502,0,0,0,1,4,458,1,71,8013
200308,8940,9999,,Wausau  WI MSA ,51,51,6948,2,4,232,1,3,180,0,0,0,5,5,831,0,0,0,0,0,0,0,0,0
200308,8960,9999,,West Palm Beach-Boca Raton  FL MSA ,891,891,177843,1,2,78,1,4,401,21,742,108693,879,879,173601,1,2,78,1,4,401,17,717,104118
200308,9000,9999,,Wheeling  WV-OH MSA ,2,2,219,0,0,0,0,0,0,0,0,0,1,1,80,0,0,0,0,0,0,0,0,0
200308,9040,9999,,Wichita  KS MSA ,201,201,24807,0,0,0,0,0,0,0,0,0,201,201,24807,0,0,0,0,0,0,0,0,0
200308,9080,9999,,Wichita Falls  TX MSA ,29,29,4072,0,0,0,4,16,330,0,0,0,26,26,3815,0,0,0,4,16,330,0,0,0
200308,9200,9999,,Wilmington  NC MSA ,459,459,68377,0,0,0,0,0,0,4,24,2014,266,266,44370,0,0,0,0,0,0,4,24,2014
200308,9260,9999,,Yakima  WA MSA ,30,30,4480,2,4,346,1,4,248,0,0,0,4,4,568,0,0,0,0,0,0,0,0,0
200308,9280,9999,,York  PA MSA ,119,119,16755,3,6,273,0,0,0,4,33,2286,83,83,12773,2,4,195,0,0,0,3,24,1471
200308,9320,9999,,Youngstown-Warren  OH MSA ,75,75,11190,3,6,560,1,4,320,0,0,0,75,75,11190,3,6,560,1,4,320,0,0,0
200308,9340,9999,,Yuba City  CA MSA ,102,102,16027,0,0,0,0,0,0,12,148,10281,102,102,16027,0,0,0,0,0,0,12,148,10281
200308,9360,9999,,Yuma  AZ MSA ,192,192,21757,0,0,0,0,0,0,0,0,0,192,192,21757,0,0,0,0,0,0,0,0,0
200308,1122,9999,,Boston-Worcester-Lawrence  MA-NH-ME-CT CMSA ,1063,1063,194101,39,78,7203,19,66,6404,41,1074,95363,593,593,115225,27,54,4930,12,44,4505,23,918,81487
200308,1602,9999,,Chicago-Gary-Kenosha  IL-IN-WI CMSA ,3336,3336,604366,59,118,14252,65,245,29898,84,1236,121573,2537,2537,472018,34,68,8514,29,110,8341,43,563,53679
200308,1642,9999,,Cincinnati-Hamilton  OH-KY-IN CMSA ,1001,1001,145112,17,34,2445,7,25,1874,8,93,4766,892,892,132382,17,34,2445,6,22,1574,6,78,4272
200308,1692,9999,,Cleveland-Akron  OH CMSA ,938,938,170434,11,22,2850,7,28,2528,3,16,1543,718,718,141436,8,16,2335,5,20,1947,1,6,750
200308,1922,9999,,Dallas-Fort Worth  TX CMSA ,3757,3757,595832,6,12,849,4,14,409,38,892,49132,3317,3317,520046,6,12,849,0,0,0,35,855,46850
200308,2082,9999,,Denver-Boulder-Greeley  CO CMSA ,1374,1374,258213,6,12,842,14,49,4162,18,381,30855,1253,1253,241829,5,10,662,14,49,4162,17,376,30461
200308,2162,9999,,Detroit-Ann Arbor-Flint  MI CMSA ,1975,1975,309999,22,44,5086,10,36,2859,20,183,11429,1491,1491,241509,16,32,3517,7,26,2251,14,144,8628
200308,3362,9999,,Houston-Galveston-Brazoria  TX CMSA ,3811,3811,466204,2,4,100,0,0,0,55,807,42720,3782,3782,462597,2,4,100,0,0,0,53,792,42342
200308,4472,9999,,Los Angeles-Riverside-Orange County  CA CMSA ,3777,3777,726286,34,68,7723,7,22,2064,59,680,66534,3597,3597,683382,28,56,6678,2,6,761,51,637,63964
200308,4992,9999,,Miami-Fort Lauderdale  FL CMSA ,1060,1060,138236,16,32,2487,12,43,4012,15,1086,69667,1036,1036,135122,14,28,2054,11,40,3953,12,1061,67501
200308,5082,9999,,Milwaukee-Racine  WI CMSA ,383,383,78610,21,42,4485,4,15,1357,7,85,6541,298,298,61530,12,24,2625,2,8,725,2,32,3600
200308,5602,9999,,New York-Northern New Jersey-Long Island  NY-NJ-CT-PA CMSA ,2358,2358,404855,239,478,48079,147,449,36277,104,2720,190009,1560,1560,267728,192,384,33077,132,399,29838,71,2319,155671
200308,6162,9999,,Philadelphia-Wilmington-Atlantic City  PA-NJ-DE-MD CMSA ,1547,1547,201351,17,34,2939,9,33,2618,25,328,18834,879,879,125812,13,26,2182,3,11,1085,13,223,14023
200308,6442,9999,,Portland-Salem  OR-WA CMSA ,1060,1060,193598,21,42,3209,13,47,3277,10,151,10610,856,856,156614,15,30,2060,9,34,2142,5,37,2576
200308,6922,9999,,Sacramento-Yolo  CA CMSA ,1568,1568,318580,26,52,5215,8,31,2724,41,796,62794,1551,1551,316105,25,50,5039,8,31,2724,41,796,62794
200308,7362,9999,,San Francisco-Oakland-San Jose  CA CMSA ,1582,1582,400391,18,36,3619,2,7,743,42,629,86365,1238,1238,322169,15,30,3082,2,7,743,35,576,79230
200308,7602,9999,,Seattle-Tacoma-Bremerton  WA CMSA ,1609,1609,304589,28,56,5506,5,15,1144,46,825,55830,1422,1422,273211,22,44,4488,4,12,867,39,785,52031
200308,8872,9999,,Washington-Baltimore  DC-MD-VA-WV CMSA ,3411,3411,465172,1,2,115,1,4,237,38,476,23974,3087,3087,418377,0,0,0,0,0,0,35,456,23145
