Survey,CSA,CBSA,MONCOV,CBSA,,1-unit,,,2-units,,,3-4 units,,,5+ units,,,1-unit rep,,,2-units rep,,,3-4 units rep,,,5+ units rep
Date,Code,Code,,Name,Bldgs,Units,Value,Bldgs,Units,Value,Bldgs,Units,Value,Bldgs,Units,Value,Bldgs,Units,Value,Bldgs,Units,Value,      Bldgs,Units,Value,Bldgs,Units,Value
 
200402,102,18700,C,Corvallis  OR ,22,22,5121,0,0,0,0,0,0,0,0,0,22,22,5121,0,0,0,0,0,0,0,0,0
200402,104,10580, ,Albany-Schenectady-Troy  NY ,87,87,16956,1,2,1100,0,0,0,2,10,580,77,77,15637,1,2,1100,0,0,0,0,0,0
200402,104,24020, ,Glens Falls  NY ,29,29,3869,0,0,0,0,0,0,0,0,0,21,21,3289,0,0,0,0,0,0,0,0,0
200402,112,11180, ,Ames  IA ,22,22,3821,0,0,0,0,0,0,3,40,2207,21,21,3653,0,0,0,0,0,0,3,40,2207
200402,118,11540, ,Appleton  WI ,92,92,13711,1,2,110,0,0,0,1,10,414,80,80,11816,1,2,110,0,0,0,0,0,0
200402,118,36780, ,Oshkosh-Neenah  WI ,44,44,7290,1,2,178,0,0,0,1,5,160,24,24,3502,0,0,0,0,0,0,0,0,0
200402,120,11700, ,Asheville  NC ,186,186,31985,6,12,441,0,0,0,0,0,0,176,176,30831,6,12,441,0,0,0,0,0,0
200402,122,12060,C,Atlanta-Sandy Springs-Marietta  GA ,4403,4403,539622,9,18,4618,1,4,278,9,500,30043,3997,3997,493228,8,16,1168,1,4,278,7,475,29053
200402,122,23580, ,Gainesville  GA ,97,97,13240,0,0,0,0,0,0,0,0,0,97,97,13240,0,0,0,0,0,0,0,0,0
200402,132,12940, ,Baton Rouge  LA ,286,286,30047,0,0,0,0,0,0,0,0,0,197,197,19771,0,0,0,0,0,0,0,0,0
200402,140,13460,C,Bend  OR ,180,180,30532,12,24,2484,5,17,1453,4,32,1541,180,180,30532,12,24,2484,5,17,1453,4,32,1541
200402,142,13820,C,Birmingham-Hoover  AL ,476,476,76773,0,0,0,1,3,226,2,10,515,344,344,58761,0,0,0,0,0,0,0,0,0
200402,148,14460,C,Boston-Cambridge-Quincy  MA-NH ,450,450,85893,16,32,3109,5,15,1071,14,163,12613,299,299,58895,10,20,1951,3,9,650,6,106,7434
200402,148,31700, ,Manchester-Nashua  NH ,66,66,10175,0,0,0,0,0,0,3,39,2656,37,37,6360,0,0,0,0,0,0,0,0,0
200402,148,49340, ,Worcester  MA ,167,167,27823,1,2,360,0,0,0,0,0,0,126,126,21927,1,2,360,0,0,0,0,0,0
200402,154,15180, ,Brownsville-Harlingen  TX ,244,244,18224,2,4,177,11,42,1476,2,16,627,38,38,4021,0,0,0,9,34,1065,0,0,0
200402,160,15380, ,Buffalo-Niagara Falls  NY ,129,129,24395,0,0,0,1,4,300,1,6,400,106,106,20748,0,0,0,1,4,300,1,6,400
200402,172,16740,C,Charlotte-Gastonia-Concord  NC-SC ,1209,1209,174845,6,12,875,3,10,1389,5,43,3519,1152,1152,166835,6,12,875,3,10,1389,4,38,3146
200402,174,16860, ,Chattanooga  TN-GA ,190,190,27263,3,6,267,1,3,259,5,29,1612,143,143,20735,0,0,0,0,0,0,4,24,1376
200402,174,17420, ,Cleveland  TN ,34,34,2955,1,2,23,0,0,0,1,11,485,34,34,2955,1,2,23,0,0,0,1,11,485
200402,176,16980,C,Chicago-Naperville-Joliet  IL-IN-WI ,2002,2002,394406,11,22,2260,21,68,6073,28,349,31132,1750,1750,350779,8,16,1741,20,65,5743,18,267,25344
200402,176,28100,C,Kankakee-Bradley  IL ,26,26,3823,0,0,0,0,0,0,0,0,0,26,26,3823,0,0,0,0,0,0,0,0,0
200402,176,33140, ,Michigan City-La Porte  IN ,21,21,2689,0,0,0,0,0,0,0,0,0,16,16,2209,0,0,0,0,0,0,0,0,0
200402,178,17140,C,Cincinnati-Middletown  OH-KY-IN ,677,677,97601,5,10,910,1,3,380,11,192,6312,628,628,92076,5,10,910,1,3,380,9,180,5906
200402,184,10420,C,Akron  OH ,153,153,32317,4,8,678,2,7,468,1,6,383,130,130,29651,4,8,678,2,7,468,1,6,383
200402,184,17460,C,Cleveland-Elyria-Mentor  OH ,378,378,75918,7,14,1856,2,6,530,6,63,3030,317,317,68082,6,12,1731,0,0,0,5,58,2500
200402,192,17900,C,Columbia  SC ,470,470,45633,1,2,72,1,3,110,4,148,27421,234,234,24230,0,0,0,0,0,0,2,125,26781
200402,194,12220,C,Auburn-Opelika  AL ,60,60,9320,1,2,121,0,0,0,4,47,2670,52,52,8456,1,2,121,0,0,0,3,41,2350
200402,194,17980, ,Columbus  GA-AL ,114,114,17033,0,0,0,0,0,0,13,115,7034,114,114,17033,0,0,0,0,0,0,13,115,7034
200402,198,18140,C,Columbus  OH ,763,763,137682,1,2,153,1,3,75,17,152,4102,597,597,105805,0,0,0,1,3,75,15,142,3690
200402,204,18580, ,Corpus Christi  TX ,105,105,11409,1,2,138,2,6,408,1,13,555,15,15,1777,0,0,0,0,0,0,0,0,0
200402,206,19100,C,Dallas-Fort Worth-Arlington  TX ,3418,3418,552074,16,32,1344,2,8,269,9,78,4277,2723,2723,418866,13,26,666,0,0,0,0,0,0
200402,212,19380, ,Dayton  OH ,143,143,26298,1,2,160,3,12,600,1,6,400,140,140,25858,1,2,160,3,12,600,1,6,400
200402,212,44220, ,Springfield  OH ,20,20,2919,0,0,0,0,0,0,0,0,0,20,20,2919,0,0,0,0,0,0,0,0,0
200402,214,19660,C,Deltona-Daytona Beach-Ormond Beach  FL ,387,387,63081,2,4,386,0,0,0,20,358,31690,375,375,61425,2,4,386,0,0,0,19,349,30415
200402,216,14500,C,Boulder  CO ,74,74,12399,4,8,826,1,3,264,4,33,2580,74,74,12399,4,8,826,1,3,264,4,33,2580
200402,216,19740,C,Denver-Aurora  CO ,941,941,189995,9,18,1880,8,28,3016,11,116,8024,847,847,177108,7,14,1386,7,24,2519,9,74,5983
200402,218,19780, ,Des Moines  IA ,121,121,20690,2,4,376,0,0,0,0,0,0,109,109,19196,2,4,376,0,0,0,0,0,0
200402,220,11460,C,Ann Arbor  MI ,122,122,22187,0,0,0,2,8,1145,1,5,716,67,67,16623,0,0,0,2,8,1145,1,5,716
200402,220,19820,C,Detroit-Warren-Livonia  MI ,1114,1114,172580,2,4,384,10,34,2972,20,172,13066,1041,1041,160845,2,4,384,10,34,2972,19,167,12687
200402,220,22420,C,Flint  MI ,126,126,18655,0,0,0,0,0,0,0,0,0,122,122,18222,0,0,0,0,0,0,0,0,0
200402,220,33780,C,Monroe  MI ,57,57,8291,0,0,0,0,0,0,0,0,0,49,49,7334,0,0,0,0,0,0,0,0,0
200402,222,20020, ,Dothan  AL ,34,34,2407,1,2,76,0,0,0,0,0,0,33,33,2328,1,2,76,0,0,0,0,0,0
200402,232,20740, ,Eau Claire  WI ,15,15,2488,2,4,300,0,0,0,0,0,0,13,13,2259,2,4,300,0,0,0,0,0,0
200402,244,22020, ,Fargo  ND-MN ,19,19,2163,0,0,0,0,0,0,0,0,0,19,19,2163,0,0,0,0,0,0,0,0,0
200402,252,22540, ,Fond du Lac  WI ,8,8,1678,1,2,220,0,0,0,0,0,0,4,4,1000,1,2,220,0,0,0,0,0,0
200402,258,23060, ,Fort Wayne  IN ,114,114,20782,0,0,0,0,0,0,0,0,0,114,114,20782,0,0,0,0,0,0,0,0,0
200402,260,23420,C,Fresno  CA ,369,369,58797,20,40,3960,12,46,4042,10,83,6361,348,348,56520,20,40,3960,12,46,4042,10,83,6361
200402,260,31460,C,Madera  CA ,82,82,11972,5,10,737,4,16,1371,0,0,0,82,82,11972,5,10,737,4,16,1371,0,0,0
200402,266,24340, ,Grand Rapids-Wyoming  MI ,228,228,36476,1,2,200,2,8,940,1,6,540,192,192,32354,1,2,200,2,8,940,1,6,540
200402,266,26100,C,Holland-Grand Haven  MI ,94,94,15924,3,6,623,1,3,300,4,34,1396,55,55,9564,1,2,400,1,3,300,2,24,1100
200402,266,34740,C,Muskegon-Norton Shores  MI ,36,36,4615,1,2,170,0,0,0,2,11,598,21,21,2741,1,2,170,0,0,0,0,0,0
200402,268,15500,C,Burlington  NC ,121,121,12782,0,0,0,1,4,240,0,0,0,121,121,12782,0,0,0,1,4,240,0,0,0
200402,268,24660,C,Greensboro-High Point  NC ,402,402,63880,5,10,340,1,3,137,0,0,0,397,397,63300,5,10,340,1,3,137,0,0,0
200402,268,49180,C,Winston-Salem  NC ,215,215,29476,0,0,0,3,12,772,0,0,0,213,213,29211,0,0,0,3,12,772,0,0,0
200402,273,11340,C,Anderson  SC ,57,57,7919,2,4,443,3,12,450,0,0,0,57,57,7919,2,4,443,3,12,450,0,0,0
200402,273,24860,C,Greenville  SC ,347,347,38120,0,0,0,0,0,0,1,5,837,336,336,36341,0,0,0,0,0,0,0,0,0
200402,273,43900, ,Spartanburg  SC ,134,134,12565,0,0,0,1,4,99,11,264,8375,134,134,12565,0,0,0,1,4,99,11,264,8375
200402,274,25060, ,Gulfport-Biloxi  MS ,100,100,12183,0,0,0,2,7,271,1,9,323,96,96,12108,0,0,0,1,4,251,1,9,323
200402,274,37700,C,Pascagoula  MS ,64,64,5655,1,2,70,0,0,0,0,0,0,52,52,4054,1,2,70,0,0,0,0,0,0
200402,276,25420, ,Harrisburg-Carlisle  PA ,108,108,17011,0,0,0,0,0,0,0,0,0,92,92,15289,0,0,0,0,0,0,0,0,0
200402,276,30140, ,Lebanon  PA ,26,26,3420,1,2,250,0,0,0,0,0,0,26,26,3420,1,2,250,0,0,0,0,0,0
200402,278,25540,C,Hartford-West Hartford-East Hartford  CT ,156,156,25030,4,8,582,0,0,0,6,40,1789,116,116,19916,3,6,434,0,0,0,2,10,812
200402,288,26420, ,Houston-Baytown-Sugar Land  TX ,3272,3272,481617,4,8,584,1,4,278,78,1123,51493,3240,3240,476051,4,8,584,1,4,278,77,1110,51207
200402,290,19460, ,Decatur  AL ,29,29,3788,0,0,0,0,0,0,0,0,0,29,29,3788,0,0,0,0,0,0,0,0,0
200402,290,26620, ,Huntsville  AL ,99,99,6181,0,0,0,0,0,0,1,13,769,56,56,4210,0,0,0,0,0,0,0,0,0
200402,292,26820, ,Idaho Falls  ID ,76,76,7911,1,2,130,9,36,1397,0,0,0,76,76,7911,1,2,130,9,36,1397,0,0,0
200402,294,11300,C,Anderson  IN ,22,22,3897,0,0,0,0,0,0,0,0,0,21,21,3812,0,0,0,0,0,0,0,0,0
200402,294,18020, ,Columbus  IN ,15,15,1931,0,0,0,0,0,0,0,0,0,15,15,1931,0,0,0,0,0,0,0,0,0
200402,294,26900,C,Indianapolis  IN ,836,836,141075,8,16,1442,5,20,1602,2,22,1332,763,763,131691,7,14,1295,5,20,1602,1,16,1020
200402,296,27060, ,Ithaca  NY ,4,4,861,0,0,0,0,0,0,0,0,0,4,4,861,0,0,0,0,0,0,0,0,0
200402,297,27180, ,Jackson  TN ,71,71,6729,0,0,0,0,0,0,0,0,0,71,71,6729,0,0,0,0,0,0,0,0,0
200402,298,27140, ,Jackson  MS ,192,192,26859,0,0,0,0,0,0,3,23,1055,162,162,21700,0,0,0,0,0,0,0,0,0
200402,304,27740, ,Johnson City  TN ,71,71,9038,0,0,0,2,6,450,0,0,0,42,42,5375,0,0,0,2,6,450,0,0,0
200402,304,28700, ,Kingsport-Bristol-Bristol  TN-VA ,65,65,6083,0,0,0,0,0,0,2,11,443,4,4,626,0,0,0,0,0,0,0,0,0
200402,312,28140,C,Kansas City  MO-KS ,755,755,125257,15,30,3013,10,36,3346,0,0,0,677,677,116026,14,28,2812,9,33,3079,0,0,0
200402,314,28940, ,Knoxville  TN ,282,282,34383,2,4,360,1,3,98,1,6,285,275,275,33499,2,4,360,1,3,98,0,0,0
200402,316,29020, ,Kokomo  IN ,11,11,2002,0,0,0,0,0,0,0,0,0,11,11,2002,0,0,0,0,0,0,0,0,0
200402,318,29180, ,Lafayette  LA ,93,93,11662,0,0,0,0,0,0,1,30,1573,31,31,3222,0,0,0,0,0,0,0,0,0
200402,320,29140, ,Lafayette  IN ,107,107,15237,0,0,0,0,0,0,1,74,6000,99,99,14579,0,0,0,0,0,0,1,74,6000
200402,324,29340, ,Lake Charles  LA ,71,71,5536,2,4,257,0,0,0,1,5,148,57,57,3464,1,2,152,0,0,0,0,0,0
200402,330,29620, ,Lansing-East Lansing  MI ,80,80,13307,1,2,163,0,0,0,3,30,1523,63,63,10467,1,2,163,0,0,0,1,20,974
200402,332,29820,C,Las Vegas-Paradise  NV ,2548,2548,332297,0,0,0,22,66,5556,30,278,20553,2317,2317,306571,0,0,0,17,51,4481,26,249,19068
200402,336,30460, ,Lexington-Fayette  KY ,306,306,42805,0,0,0,0,0,0,3,19,760,279,279,40205,0,0,0,0,0,0,3,19,760
200402,338,30620, ,Lima  OH ,6,6,1318,0,0,0,0,0,0,0,0,0,5,5,1198,0,0,0,0,0,0,0,0,0
200402,340,30780, ,Little Rock-North Little Rock  AR ,208,208,34547,1,2,50,1,3,225,3,20,1342,175,175,31060,1,2,50,1,3,225,1,6,450
200402,340,38220, ,Pine Bluff  AR ,2,2,79,0,0,0,0,0,0,0,0,0,1,1,23,0,0,0,0,0,0,0,0,0
200402,346,30980, ,Longview  TX ,18,18,2302,0,0,0,0,0,0,0,0,0,0,0,0,0,0,0,0,0,0,0,0,0
200402,348,31100,C,Los Angeles-Long Beach-Santa Ana  CA ,1444,1444,316602,31,62,6373,14,49,6950,81,1678,137603,1327,1327,286035,25,50,5027,9,34,5692,71,1623,132371
200402,348,37100,C,Oxnard-Thousand Oaks-Ventura  CA ,110,110,37566,1,2,224,1,3,157,7,74,5453,92,92,33755,1,2,224,1,3,157,6,66,4766
200402,348,40140,C,Riverside-San Bernardino-Ontario  CA ,2479,2479,432088,6,12,1148,4,15,1404,14,291,19201,2399,2399,416379,6,12,1148,4,15,1404,14,291,19201
200402,350,21060, ,Elizabethtown  KY ,87,87,10563,3,6,408,2,7,540,0,0,0,87,87,10563,3,6,408,2,7,540,0,0,0
200402,350,31140, ,Louisville  KY-IN ,646,646,86460,0,0,0,4,15,631,1,5,163,594,594,79699,0,0,0,3,12,536,0,0,0
200402,352,31180, ,Lubbock  TX ,88,88,10837,14,28,2556,4,16,1000,0,0,0,88,88,10837,14,28,2556,4,16,1000,0,0,0
200402,356,31420, ,Macon  GA ,80,80,8924,0,0,0,0,0,0,0,0,0,80,80,8924,0,0,0,0,0,0,0,0,0
200402,356,47580, ,Warner Robins  GA ,100,100,11385,0,0,0,0,0,0,0,0,0,100,100,11385,0,0,0,0,0,0,0,0,0
200402,358,31540,C,Madison  WI ,193,193,37601,9,18,2398,7,26,2530,4,90,6137,158,158,32749,7,14,1930,5,20,2075,3,84,5750
200402,360,31900,C,Mansfield  OH ,22,22,2842,0,0,0,0,0,0,0,0,0,0,0,0,0,0,0,0,0,0,0,0,0
200402,372,33260,C,Midland  TX ,29,29,3296,0,0,0,0,0,0,0,0,0,29,29,3296,0,0,0,0,0,0,0,0,0
200402,372,36220,C,Odessa  TX ,18,18,2533,0,0,0,0,0,0,0,0,0,18,18,2533,0,0,0,0,0,0,0,0,0
200402,376,33340,C,Milwaukee-Waukesha-West Allis  WI ,256,256,59060,10,20,2110,3,11,1952,13,299,14695,215,215,48942,9,18,1850,3,11,1952,11,289,13837
200402,376,39540,C,Racine  WI ,56,56,11893,1,2,120,0,0,0,0,0,0,54,54,11660,1,2,120,0,0,0,0,0,0
200402,378,33460,C,Minneapolis-St. Paul-Bloomington  MN-WI ,1055,1055,209647,9,18,3031,8,28,3754,14,249,35183,960,960,195381,7,14,2548,6,22,3094,12,231,33382
200402,378,41060, ,St. Cloud  MN ,35,35,4673,0,0,0,0,0,0,0,0,0,14,14,2049,0,0,0,0,0,0,0,0,0
200402,380,33660, ,Mobile  AL ,145,145,15678,1,2,299,4,16,868,1,5,153,36,36,6399,1,2,299,4,16,868,0,0,0
200402,384,33740, ,Monroe  LA ,15,15,3007,8,16,180,0,0,0,0,0,0,15,15,3007,8,16,180,0,0,0,0,0,0
200402,388,33860, ,Montgomery  AL ,153,153,16836,0,0,0,0,0,0,0,0,0,79,79,8920,0,0,0,0,0,0,0,0,0
200402,392,34100, ,Morristown  TN ,38,38,5101,0,0,0,0,0,0,0,0,0,38,38,5101,0,0,0,0,0,0,0,0,0
200402,396,34820, ,Myrtle Beach-Conway-North Myrtle Beach  SC ,278,278,38097,0,0,0,0,0,0,10,198,22193,278,278,38097,0,0,0,0,0,0,10,198,22193
200402,400,34980,C,Nashville-Davidson--Murfreesboro  TN ,1026,1026,152140,2,4,1285,10,38,1783,18,187,9556,916,916,131613,2,4,1285,10,38,1783,17,182,9335
200402,406,35380,C,New Orleans-Metairie-Kenner  LA ,346,346,67326,7,14,939,0,0,0,7,168,10958,330,330,64947,7,14,939,0,0,0,7,168,10958
200402,408,14860,C,Bridgeport-Stamford-Norwalk  CT ,105,105,39992,5,10,1049,0,0,0,0,0,0,97,97,34921,5,10,1049,0,0,0,0,0,0
200402,408,28740, ,Kingston  NY ,12,12,1918,1,2,291,0,0,0,0,0,0,12,12,1918,1,2,291,0,0,0,0,0,0
200402,408,35300,C,New Haven-Milford  CT ,81,81,12247,1,2,85,1,4,63,2,54,3747,68,68,10311,1,2,85,1,4,63,2,54,3747
200402,408,35620,C,New York-Northern New Jersey-Long Island  NY-NJ-PA ,1172,1172,198816,163,326,33013,93,288,22671,55,1052,77722,830,830,146107,131,262,23481,85,262,18931,35,871,60350
200402,408,39100,C,Poughkeepsie-Newburgh-Middletown  NY ,142,142,27824,0,0,0,5,16,1164,0,0,0,112,112,22892,0,0,0,0,0,0,0,0,0
200402,408,45940,C,Trenton-Ewing  NJ ,53,53,6003,1,2,93,0,0,0,8,270,16963,14,14,2482,0,0,0,0,0,0,6,252,15891
200402,416,36420,C,Oklahoma City  OK ,584,584,84202,3,6,438,1,4,200,9,102,5911,565,565,81997,3,6,438,1,4,200,8,96,5600
200402,420,36540,C,Omaha-Council Bluffs  NE-IA ,346,346,41907,1,2,118,0,0,0,4,72,3546,330,330,40001,1,2,118,0,0,0,4,72,3546
200402,422,36740,C,Orlando  FL ,1952,1952,294017,8,16,1012,4,15,1544,43,565,36018,1601,1601,249154,6,12,676,4,15,1544,40,507,33254
200402,426,37900, ,Peoria  IL ,59,59,8645,7,14,2089,2,7,309,0,0,0,31,31,4626,6,12,1951,1,4,145,0,0,0
200402,428,37980,C,Philadelphia-Camden-Wilmington  PA-NJ-DE-MD ,985,985,123808,1,2,108,12,40,2939,15,178,10257,591,591,81943,0,0,0,8,28,2501,6,113,7813
200402,428,47220,C,Vineland-Millville-Bridgeton  NJ ,15,15,1668,0,0,0,0,0,0,0,0,0,13,13,1462,0,0,0,0,0,0,0,0,0
200402,430,38300,C,Pittsburgh  PA ,304,304,50535,2,4,288,7,27,2026,12,159,10083,217,217,37949,1,2,207,6,24,1895,5,100,4930
200402,438,30340, ,Lewiston-Auburn  ME ,20,20,2732,0,0,0,0,0,0,0,0,0,14,14,1991,0,0,0,0,0,0,0,0,0
200402,438,38860, ,Portland-South Portland-Biddeford  ME ,185,185,30401,1,2,150,1,3,261,1,5,375,141,141,23609,1,2,150,0,0,0,0,0,0
200402,450,20500,C,Durham  NC ,268,268,46056,2,4,475,0,0,0,23,329,21203,184,184,32679,1,2,300,0,0,0,23,329,21203
200402,450,39580,C,Raleigh-Cary  NC ,881,881,119556,14,28,2011,2,7,234,8,121,7270,439,439,55594,7,14,1187,0,0,0,5,96,4751
200402,464,40380, ,Rochester  NY ,134,134,24804,1,2,81,0,0,0,2,10,373,107,107,20185,0,0,0,0,0,0,0,0,0
200402,466,40420, ,Rockford  IL ,131,131,14289,0,0,0,1,4,183,0,0,0,131,131,14289,0,0,0,1,4,183,0,0,0
200402,472,40900,C,Sacramento--Arden-Arcade--Roseville  CA ,1563,1563,324586,4,8,741,17,54,6562,12,141,9616,1480,1480,306836,4,8,741,14,43,5662,8,91,6009
200402,474,13020, ,Bay City  MI ,8,8,1057,0,0,0,0,0,0,0,0,0,6,6,813,0,0,0,0,0,0,0,0,0
200402,474,40980, ,Saginaw-Saginaw Township North  MI ,25,25,3299,0,0,0,0,0,0,0,0,0,24,24,3239,0,0,0,0,0,0,0,0,0
200402,476,41180,C,St. Louis  MO-IL ,830,830,122812,16,32,3303,8,28,2148,2,19,889,680,680,101978,14,28,3031,7,25,1961,1,8,250
200402,480,41540, ,Salisbury  MD ,31,31,3413,0,0,0,0,0,0,0,0,0,26,26,2956,0,0,0,0,0,0,0,0,0
200402,482,36260, ,Ogden-Clearfield  UT ,254,254,38231,2,4,425,2,7,586,0,0,0,197,197,31978,2,4,425,1,4,345,0,0,0
200402,482,41620,C,Salt Lake City  UT ,432,432,68955,6,12,1441,5,16,1320,6,43,3322,297,297,51794,4,8,1048,4,12,979,2,18,1644
200402,488,34900,C,Napa  CA ,35,35,16943,1,2,157,0,0,0,1,26,1780,26,26,14857,0,0,0,0,0,0,0,0,0
200402,488,41860,C,San Francisco-Oakland-Fremont  CA ,477,477,145883,3,6,992,0,0,0,9,69,10776,362,362,116691,3,6,992,0,0,0,8,49,8335
200402,488,41940,C,San Jose-Sunnyvale-Santa Clara  CA ,190,190,39511,0,0,0,0,0,0,3,99,7740,190,190,39511,0,0,0,0,0,0,3,99,7740
200402,488,42100,C,Santa Cruz-Watsonville  CA ,52,52,11677,0,0,0,0,0,0,0,0,0,52,52,11677,0,0,0,0,0,0,0,0,0
200402,488,42220,C,Santa Rosa-Petaluma  CA ,51,51,8585,1,2,265,1,3,305,5,32,2006,44,44,6941,0,0,0,0,0,0,5,32,2006
200402,488,46700,C,Vallejo-Fairfield  CA ,195,195,41123,0,0,0,0,0,0,1,7,503,146,146,30660,0,0,0,0,0,0,0,0,0
200402,492,42140,C,Santa Fe  NM ,22,22,3701,0,0,0,0,0,0,0,0,0,22,22,3701,0,0,0,0,0,0,0,0,0
200402,496,25980,C,Hinesville-Fort Stewart  GA ,28,28,3422,0,0,0,0,0,0,0,0,0,28,28,3422,0,0,0,0,0,0,0,0,0
200402,496,42340, ,Savannah  GA ,142,142,21084,0,0,0,0,0,0,1,5,142,115,115,16754,0,0,0,0,0,0,0,0,0
200402,500,14740,C,Bremerton-Silverdale  WA ,89,89,14607,1,2,239,0,0,0,0,0,0,85,85,14186,1,2,239,0,0,0,0,0,0
200402,500,36500,C,Olympia  WA ,135,135,22089,1,2,276,0,0,0,0,0,0,134,134,21995,0,0,0,0,0,0,0,0,0
200402,500,42660,C,Seattle-Tacoma-Bellevue  WA ,1101,1101,185654,28,56,5666,14,48,4315,14,122,11644,951,951,162733,23,46,4925,12,42,3596,9,96,9136
200402,508,43340, ,Shreveport-Bossier City  LA ,97,97,15622,0,0,0,0,0,0,0,0,0,82,82,13727,0,0,0,0,0,0,0,0,0
200402,512,43580, ,Sioux City  IA-NE-SD ,12,12,1799,1,2,80,1,3,107,0,0,0,3,3,381,1,2,80,1,3,107,0,0,0
200402,532,45060, ,Syracuse  NY ,52,52,7730,1,2,200,0,0,0,1,5,104,43,43,6901,1,2,200,0,0,0,0,0,0
200402,534,45780, ,Toledo  OH ,137,137,19854,2,4,485,1,4,852,0,0,0,122,122,18604,2,4,485,1,4,852,0,0,0
200402,538,46140,C,Tulsa  OK ,326,326,42530,0,0,0,0,0,0,1,9,500,243,243,28890,0,0,0,0,0,0,0,0,0
200402,540,46340, ,Tyler  TX ,29,29,5117,0,0,0,0,0,0,1,6,277,0,0,0,0,0,0,0,0,0,0,0,0
200402,548,12580,C,Baltimore-Towson  MD ,498,498,65172,0,0,0,0,0,0,4,78,6343,484,484,63537,0,0,0,0,0,0,4,78,6343
200402,548,47900,C,Washington-Arlington-Alexandria  DC-VA-MD-WV ,1719,1719,252665,0,0,0,0,0,0,19,937,47852,1635,1635,238279,0,0,0,0,0,0,18,927,47413
200402,548,49020, ,Winchester  VA-WV ,77,77,13076,0,0,0,0,0,0,0,0,0,63,63,11713,0,0,0,0,0,0,0,0,0
200402,554,48140, ,Wausau  WI ,44,44,6228,1,2,72,0,0,0,0,0,0,23,23,3465,0,0,0,0,0,0,0,0,0
200402,556,48620, ,Wichita  KS ,160,160,19219,1,2,90,0,0,0,0,0,0,150,150,18173,0,0,0,0,0,0,0,0,0
200402,558,48700, ,Williamsport  PA ,3,3,344,0,0,0,0,0,0,0,0,0,0,0,0,0,0,0,0,0,0,0,0,0
200402,564,49620, ,York-Hanover  PA ,119,119,13587,3,6,415,0,0,0,0,0,0,96,96,11288,2,4,210,0,0,0,0,0,0
200402,566,49660, ,Youngstown-Warren-Boardman  OH-PA ,52,52,6974,0,0,0,1,3,60,0,0,0,42,42,5993,0,0,0,0,0,0,0,0,0
200402,999,10180, ,Abilene  TX ,12,12,1935,0,0,0,0,0,0,0,0,0,12,12,1935,0,0,0,0,0,0,0,0,0
200402,999,10500, ,Albany  GA ,55,55,7461,0,0,0,0,0,0,0,0,0,23,23,3896,0,0,0,0,0,0,0,0,0
200402,999,10740,C,Albuquerque  NM ,714,714,79383,0,0,0,0,0,0,0,0,0,643,643,72598,0,0,0,0,0,0,0,0,0
200402,999,10780, ,Alexandria  LA ,28,28,3518,0,0,0,0,0,0,0,0,0,17,17,1909,0,0,0,0,0,0,0,0,0
200402,999,10900,C,Allentown-Bethlehem-Easton  PA-NJ ,290,290,42369,0,0,0,2,7,520,3,15,1010,215,215,33456,0,0,0,1,4,289,0,0,0
200402,999,11020, ,Altoona  PA ,1,1,76,0,0,0,0,0,0,0,0,0,0,0,0,0,0,0,0,0,0,0,0,0
200402,999,11100, ,Amarillo  TX ,73,73,11021,0,0,0,0,0,0,0,0,0,72,72,10899,0,0,0,0,0,0,0,0,0
200402,999,11260,C,Anchorage  AK ,50,50,12433,0,0,0,2,8,530,0,0,0,50,50,12433,0,0,0,2,8,530,0,0,0
200402,999,11500, ,Anniston-Oxford  AL ,15,15,1804,0,0,0,0,0,0,0,0,0,13,13,1676,0,0,0,0,0,0,0,0,0
200402,999,12020, ,Athens-Clarke County  GA ,112,112,14495,0,0,0,0,0,0,0,0,0,100,100,12980,0,0,0,0,0,0,0,0,0
200402,999,12100,C,Atlantic City  NJ ,110,110,10850,1,2,2,0,0,0,0,0,0,96,96,9470,1,2,2,0,0,0,0,0,0
200402,999,12260, ,Augusta-Richmond County  GA-SC ,198,198,25940,0,0,0,0,0,0,0,0,0,176,176,23460,0,0,0,0,0,0,0,0,0
200402,999,12420,C,Austin-Round Rock  TX ,1016,1016,124939,29,58,3028,6,20,1012,21,265,13174,805,805,102925,28,56,2813,4,12,748,19,222,10617
200402,999,12540, ,Bakersfield  CA ,409,409,54619,0,0,0,0,0,0,8,64,3579,138,138,17634,0,0,0,0,0,0,8,64,3579
200402,999,12620, ,Bangor  ME ,24,24,3178,0,0,0,0,0,0,0,0,0,19,19,2746,0,0,0,0,0,0,0,0,0
200402,999,12700, ,Barnstable Town  MA ,78,78,16162,0,0,0,1,3,179,0,0,0,52,52,10052,0,0,0,0,0,0,0,0,0
200402,999,12980, ,Battle Creek  MI ,13,13,1693,0,0,0,0,0,0,0,0,0,8,8,1194,0,0,0,0,0,0,0,0,0
200402,999,13140, ,Beaumont-Port Arthur  TX ,33,33,4395,0,0,0,0,0,0,0,0,0,33,33,4395,0,0,0,0,0,0,0,0,0
200402,999,13380, ,Bellingham  WA ,95,95,16475,2,4,458,1,4,353,2,21,1045,65,65,11508,0,0,0,0,0,0,0,0,0
200402,999,13740, ,Billings  MT ,37,37,6260,0,0,0,0,0,0,0,0,0,37,37,6260,0,0,0,0,0,0,0,0,0
200402,999,13780, ,Binghamton  NY ,8,8,1375,0,0,0,0,0,0,0,0,0,1,1,165,0,0,0,0,0,0,0,0,0
200402,999,13900, ,Bismarck  ND ,0,0,0,0,0,0,0,0,0,0,0,0,0,0,0,0,0,0,0,0,0,0,0,0
200402,999,13980, ,Blacksburg-Christiansburg-Radford  VA ,89,89,8299,0,0,0,0,0,0,1,5,208,54,54,4105,0,0,0,0,0,0,0,0,0
200402,999,14020, ,Bloomington  IN ,31,31,4529,4,8,720,1,3,236,1,8,445,0,0,0,0,0,0,0,0,0,0,0,0
200402,999,14060, ,Bloomington-Normal  IL ,56,56,6483,4,8,585,0,0,0,0,0,0,56,56,6483,4,8,585,0,0,0,0,0,0
200402,999,14260,C,Boise City-Nampa  ID ,517,517,80798,7,14,1375,6,21,1122,0,0,0,367,367,64287,5,10,1117,3,11,549,0,0,0
200402,999,14540, ,Bowling Green  KY ,57,57,8126,0,0,0,0,0,0,0,0,0,57,57,8126,0,0,0,0,0,0,0,0,0
200402,999,15260, ,Brunswick  GA ,58,58,9143,1,2,124,0,0,0,1,19,926,8,8,930,0,0,0,0,0,0,0,0,0
200402,999,15540, ,Burlington-South Burlington  VT ,32,32,5305,2,4,284,0,0,0,1,5,353,18,18,2979,1,2,175,0,0,0,0,0,0
200402,999,15940, ,Canton-Massillon  OH ,60,60,10357,0,0,0,0,0,0,0,0,0,3,3,593,0,0,0,0,0,0,0,0,0
200402,999,15980,C,Cape Coral-Fort Myers  FL ,903,903,128519,86,172,16699,27,100,15909,32,544,65944,903,903,128519,86,172,16699,27,100,15909,32,544,65944
200402,999,16180,C,Carson City  NV ,5,5,1296,2,4,250,0,0,0,0,0,0,5,5,1296,2,4,250,0,0,0,0,0,0
200402,999,16220,C,Casper  WY ,11,11,2061,0,0,0,0,0,0,0,0,0,0,0,0,0,0,0,0,0,0,0,0,0
200402,999,16300, ,Cedar Rapids  IA ,46,46,5070,1,2,180,0,0,0,1,6,209,20,20,2210,0,0,0,0,0,0,0,0,0
200402,999,16580, ,Champaign-Urbana  IL ,38,38,5647,0,0,0,0,0,0,0,0,0,38,38,5647,0,0,0,0,0,0,0,0,0
200402,999,16620, ,Charleston  WV ,31,31,4361,0,0,0,0,0,0,0,0,0,26,26,3822,0,0,0,0,0,0,0,0,0
200402,999,16700,C,Charleston-North Charleston  SC ,474,474,71468,2,4,181,1,3,238,3,43,3085,322,322,53486,1,2,50,0,0,0,0,0,0
200402,999,16820,C,Charlottesville  VA ,116,116,23453,0,0,0,0,0,0,4,85,5089,57,57,8672,0,0,0,0,0,0,0,0,0
200402,999,16940, ,Cheyenne  WY ,22,22,2712,0,0,0,0,0,0,0,0,0,0,0,0,0,0,0,0,0,0,0,0,0
200402,999,17020, ,Chico  CA ,83,83,9748,0,0,0,1,4,220,0,0,0,82,82,9603,0,0,0,1,4,220,0,0,0
200402,999,17300, ,Clarksville  TN-KY ,220,220,19768,0,0,0,0,0,0,9,72,2390,219,219,19692,0,0,0,0,0,0,9,72,2390
200402,999,17660, ,Coeur dAlene  ID ,117,117,18277,9,18,1325,0,0,0,1,5,203,85,85,15063,9,18,1325,0,0,0,0,0,0
200402,999,17780, ,College Station-Bryan  TX ,45,45,6050,0,0,0,0,0,0,6,30,1628,44,44,5946,0,0,0,0,0,0,6,30,1628
200402,999,17820,C,Colorado Springs  CO ,447,447,59620,0,0,0,0,0,0,0,0,0,447,447,59620,0,0,0,0,0,0,0,0,0
200402,999,17860, ,Columbia  MO ,70,70,11611,1,2,110,0,0,0,1,8,560,70,70,11611,1,2,110,0,0,0,1,8,560
200402,999,19060, ,Cumberland  MD-WV ,7,7,759,0,0,0,0,0,0,0,0,0,6,6,565,0,0,0,0,0,0,0,0,0
200402,999,19140,C,Dalton  GA ,41,41,4712,1,2,66,1,4,100,1,6,450,18,18,2083,1,2,66,1,4,100,1,6,450
200402,999,19180, ,Danville  IL ,0,0,0,0,0,0,0,0,0,0,0,0,0,0,0,0,0,0,0,0,0,0,0,0
200402,999,19260,C,Danville  VA ,21,21,2527,0,0,0,0,0,0,0,0,0,3,3,260,0,0,0,0,0,0,0,0,0
200402,999,19340, ,Davenport-Moline-Rock Island  IA-IL ,26,26,4357,0,0,0,0,0,0,0,0,0,24,24,4061,0,0,0,0,0,0,0,0,0
200402,999,19500, ,Decatur  IL ,10,10,1348,0,0,0,0,0,0,0,0,0,10,10,1348,0,0,0,0,0,0,0,0,0
200402,999,20100,C,Dover  DE ,127,127,15363,0,0,0,0,0,0,0,0,0,109,109,14282,0,0,0,0,0,0,0,0,0
200402,999,20220, ,Dubuque  IA ,14,14,2843,0,0,0,0,0,0,1,16,1400,14,14,2843,0,0,0,0,0,0,1,16,1400
200402,999,20260, ,Duluth  MN-WI ,33,33,4724,0,0,0,0,0,0,0,0,0,25,25,3851,0,0,0,0,0,0,0,0,0
200402,999,20940,C,El Centro  CA ,81,81,11074,0,0,0,0,0,0,2,12,511,25,25,4039,0,0,0,0,0,0,0,0,0
200402,999,21140, ,Elkhart-Goshen  IN ,64,64,9214,0,0,0,0,0,0,0,0,0,62,62,8931,0,0,0,0,0,0,0,0,0
200402,999,21300, ,Elmira  NY ,2,2,265,0,0,0,0,0,0,1,5,417,0,0,0,0,0,0,0,0,0,0,0,0
200402,999,21340, ,El Paso  TX ,333,333,18363,2,4,144,2,8,303,1,5,426,39,39,2080,0,0,0,0,0,0,0,0,0
200402,999,21500, ,Erie  PA ,33,33,4457,1,2,135,6,23,1381,1,14,400,30,30,4047,1,2,135,5,20,1145,1,14,400
200402,999,21660,C,Eugene-Springfield  OR ,103,103,18623,5,10,897,1,4,238,0,0,0,83,83,16137,3,6,604,1,4,238,0,0,0
200402,999,21780, ,Evansville  IN-KY ,113,113,13895,2,4,206,0,0,0,24,305,12181,93,93,10724,2,4,206,0,0,0,23,300,11993
200402,999,21820,C,Fairbanks  AK ,2,2,252,1,2,150,0,0,0,0,0,0,1,1,160,1,2,150,0,0,0,0,0,0
200402,999,22140,C,Farmington  NM ,23,23,3130,0,0,0,0,0,0,0,0,0,7,7,1577,0,0,0,0,0,0,0,0,0
200402,999,22180, ,Fayetteville  NC ,145,145,18032,0,0,0,0,0,0,11,96,3606,145,145,18032,0,0,0,0,0,0,11,96,3606
200402,999,22220, ,Fayetteville-Springdale-Rogers  AR-MO ,240,240,34484,3,6,381,2,7,412,10,88,3389,145,145,23425,0,0,0,0,0,0,0,0,0
200402,999,22380, ,Flagstaff  AZ ,88,88,13748,0,0,0,2,6,372,0,0,0,88,88,13748,0,0,0,2,6,372,0,0,0
200402,999,22500, ,Florence  SC ,60,60,7433,0,0,0,0,0,0,0,0,0,0,0,0,0,0,0,0,0,0,0,0,0
200402,999,22520, ,Florence-Muscle Shoals  AL ,16,16,1786,1,2,103,0,0,0,1,5,224,7,7,1134,1,2,103,0,0,0,0,0,0
200402,999,22660,C,Fort Collins-Loveland  CO ,220,220,32761,3,6,719,2,6,496,4,22,1481,47,47,9820,0,0,0,0,0,0,0,0,0
200402,999,22900, ,Fort Smith  AR-OK ,51,51,5961,0,0,0,0,0,0,0,0,0,32,32,3930,0,0,0,0,0,0,0,0,0
200402,999,23020,C,Fort Walton Beach-Crestview-Destin  FL ,135,135,24603,0,0,0,0,0,0,2,40,33145,46,46,8171,0,0,0,0,0,0,1,18,31000
200402,999,23460, ,Gadsden  AL ,28,28,3014,0,0,0,0,0,0,0,0,0,28,28,3014,0,0,0,0,0,0,0,0,0
200402,999,23540, ,Gainesville  FL ,111,111,13900,2,4,130,3,11,589,18,144,5867,99,99,12731,2,4,130,2,8,405,18,144,5867
200402,999,24140,C,Goldsboro  NC ,49,49,5178,0,0,0,0,0,0,0,0,0,49,49,5178,0,0,0,0,0,0,0,0,0
200402,999,24220, ,Grand Forks  ND-MN ,0,0,0,0,0,0,0,0,0,0,0,0,0,0,0,0,0,0,0,0,0,0,0,0
200402,999,24300,C,Grand Junction  CO ,85,85,9423,0,0,0,0,0,0,0,0,0,85,85,9423,0,0,0,0,0,0,0,0,0
200402,999,24500, ,Great Falls  MT ,6,6,788,0,0,0,0,0,0,0,0,0,6,6,788,0,0,0,0,0,0,0,0,0
200402,999,24540,C,Greeley  CO ,281,281,49054,4,8,870,0,0,0,8,63,4747,254,254,44594,4,8,870,0,0,0,8,63,4747
200402,999,24580, ,Green Bay  WI ,83,83,12626,14,28,1680,0,0,0,3,20,910,39,39,7252,14,28,1680,0,0,0,1,6,360
200402,999,24780, ,Greenville  NC ,84,84,10192,6,12,726,0,0,0,4,29,1445,44,44,4462,6,12,726,0,0,0,3,24,1080
200402,999,25180, ,Hagerstown-Martinsburg  MD-WV ,218,218,28985,0,0,0,0,0,0,2,10,376,96,96,12996,0,0,0,0,0,0,0,0,0
200402,999,25260, ,Hanford-Corcoran  CA ,49,49,5185,0,0,0,0,0,0,1,5,253,3,3,670,0,0,0,0,0,0,0,0,0
200402,999,25500,C,Harrisonburg  VA ,71,71,7858,0,0,0,0,0,0,0,0,0,71,71,7858,0,0,0,0,0,0,0,0,0
200402,999,25620, ,Hattiesburg  MS ,19,19,1690,0,0,0,0,0,0,19,152,5722,19,19,1690,0,0,0,0,0,0,19,152,5722
200402,999,25860, ,Hickory-Lenoir-Morganton  NC ,108,108,16016,0,0,0,0,0,0,0,0,0,46,46,7754,0,0,0,0,0,0,0,0,0
200402,999,26180,C,Honolulu  HI ,132,132,25345,0,0,0,6,24,3456,4,399,115500,132,132,25345,0,0,0,6,24,3456,4,399,115500
200402,999,26300, ,Hot Springs  AR ,10,10,1093,0,0,0,0,0,0,0,0,0,0,0,0,0,0,0,0,0,0,0,0,0
200402,999,26380, ,Houma-Bayou Cane-Thibodaux  LA ,75,75,7742,0,0,0,0,0,0,0,0,0,45,45,3895,0,0,0,0,0,0,0,0,0
200402,999,26580, ,Huntington-Ashland  WV-KY-OH ,8,8,437,0,0,0,0,0,0,0,0,0,1,1,34,0,0,0,0,0,0,0,0,0
200402,999,26980, ,Iowa City  IA ,48,48,8682,0,0,0,0,0,0,0,0,0,48,48,8682,0,0,0,0,0,0,0,0,0
200402,999,27100, ,Jackson  MI ,12,12,1706,0,0,0,0,0,0,0,0,0,8,8,1301,0,0,0,0,0,0,0,0,0
200402,999,27260,C,Jacksonville  FL ,1055,1055,164162,5,10,397,1,3,390,35,492,26773,1053,1053,163933,5,10,397,0,0,0,35,492,26773
200402,999,27340, ,Jacksonville  NC ,99,99,9260,0,0,0,0,0,0,0,0,0,41,41,4398,0,0,0,0,0,0,0,0,0
200402,999,27500, ,Janesville  WI ,28,28,4060,3,6,525,0,0,0,0,0,0,25,25,3718,2,4,280,0,0,0,0,0,0
200402,999,27620, ,Jefferson City  MO ,25,25,3795,0,0,0,1,3,184,0,0,0,15,15,2565,0,0,0,0,0,0,0,0,0
200402,999,27780, ,Johnstown  PA ,0,0,0,0,0,0,0,0,0,0,0,0,0,0,0,0,0,0,0,0,0,0,0,0
200402,999,27860, ,Jonesboro  AR ,30,30,3051,0,0,0,1,4,150,0,0,0,30,30,3051,0,0,0,1,4,150,0,0,0
200402,999,27900, ,Joplin  MO ,25,25,2728,0,0,0,0,0,0,0,0,0,25,25,2728,0,0,0,0,0,0,0,0,0
200402,999,28020, ,Kalamazoo-Portage  MI ,49,49,9370,0,0,0,0,0,0,0,0,0,35,35,7670,0,0,0,0,0,0,0,0,0
200402,999,28420, ,Kennewick-Richland-Pasco  WA ,158,158,20599,2,4,490,1,4,345,2,20,882,18,18,4200,0,0,0,0,0,0,0,0,0
200402,999,28660, ,Killeen-Temple-Fort Hood  TX ,130,130,16641,12,24,1600,8,32,1186,0,0,0,130,130,16641,12,24,1600,8,32,1186,0,0,0
200402,999,29100, ,La Crosse  WI-MN ,13,13,2250,1,2,326,0,0,0,0,0,0,13,13,2250,1,2,326,0,0,0,0,0,0
200402,999,29460,C,Lakeland  FL ,473,473,45379,1,2,126,3,12,335,1,15,910,451,451,43386,1,2,126,3,12,335,0,0,0
200402,999,29540, ,Lancaster  PA ,106,106,15968,0,0,0,4,12,1781,1,5,217,72,72,11344,0,0,0,4,12,1781,0,0,0
200402,999,29700,C,Laredo  TX ,133,133,10853,1,2,84,1,4,155,2,23,995,0,0,0,0,0,0,0,0,0,0,0,0
200402,999,29740,C,Las Cruces  NM ,95,95,13922,0,0,0,0,0,0,0,0,0,64,64,8839,0,0,0,0,0,0,0,0,0
200402,999,29940, ,Lawrence  KS ,25,25,3022,0,0,0,0,0,0,0,0,0,21,21,2261,0,0,0,0,0,0,0,0,0
200402,999,30020, ,Lawton  OK ,12,12,1437,0,0,0,0,0,0,1,5,100,0,0,0,0,0,0,0,0,0,0,0,0
200402,999,30300, ,Lewiston  ID-WA ,5,5,936,0,0,0,0,0,0,0,0,0,5,5,936,0,0,0,0,0,0,0,0,0
200402,999,30700, ,Lincoln  NE ,83,83,11552,1,2,139,0,0,0,1,11,542,6,6,783,0,0,0,0,0,0,0,0,0
200402,999,30860, ,Logan  UT-ID ,49,49,7066,0,0,0,1,4,334,1,5,417,31,31,4400,0,0,0,0,0,0,0,0,0
200402,999,31020, ,Longview  WA ,31,31,5084,0,0,0,0,0,0,0,0,0,27,27,4618,0,0,0,0,0,0,0,0,0
200402,999,31340, ,Lynchburg  VA ,124,124,16888,0,0,0,3,12,646,1,12,647,104,104,14703,0,0,0,3,12,646,0,0,0
200402,999,32580,C,McAllen-Edinburg-Pharr  TX ,581,581,38660,3,6,186,12,45,1658,9,71,1791,226,226,18062,0,0,0,7,27,1168,6,52,1369
200402,999,32780,C,Medford  OR ,122,122,18607,0,0,0,7,28,1818,0,0,0,113,113,17195,0,0,0,7,28,1818,0,0,0
200402,999,32820, ,Memphis  TN-MS-AR ,654,654,94738,0,0,0,1,3,150,0,0,0,607,607,90059,0,0,0,0,0,0,0,0,0
200402,999,32900, ,Merced  CA ,140,140,23952,0,0,0,0,0,0,6,42,2997,140,140,23952,0,0,0,0,0,0,6,42,2997
200402,999,33100, ,Miami-Fort Lauderdale-Miami Beach  FL ,1784,1784,286204,14,28,2926,3,12,835,70,1461,88310,1750,1750,280568,13,26,1720,3,12,835,65,1407,81547
200402,999,33540,C,Missoula  MT ,13,13,1364,4,8,396,0,0,0,0,0,0,13,13,1364,4,8,396,0,0,0,0,0,0
200402,999,33700, ,Modesto  CA ,313,313,49827,1,2,100,1,3,217,5,40,2501,296,296,47263,1,2,100,1,3,217,5,40,2501
200402,999,34060, ,Morgantown  WV ,1,1,62,0,0,0,0,0,0,1,10,300,1,1,62,0,0,0,0,0,0,1,10,300
200402,999,34580, ,Mount Vernon-Anacortes  WA ,56,56,7855,1,2,256,0,0,0,0,0,0,47,47,6080,0,0,0,0,0,0,0,0,0
200402,999,34620, ,Muncie  IN ,12,12,2082,0,0,0,0,0,0,0,0,0,0,0,0,0,0,0,0,0,0,0,0,0
200402,999,34940,C,Naples-Marco Island  FL ,256,256,68597,7,14,1539,12,48,7713,15,171,24437,256,256,68597,7,14,1539,12,48,7713,15,171,24437
200402,999,35660, ,Niles-Benton Harbor  MI ,17,17,3024,0,0,0,0,0,0,0,0,0,16,16,2746,0,0,0,0,0,0,0,0,0
200402,999,35980,C,Norwich-New London  CT ,41,41,6419,0,0,0,0,0,0,1,6,277,31,31,5092,0,0,0,0,0,0,0,0,0
200402,999,36100,C,Ocala  FL ,402,402,47540,0,0,0,0,0,0,0,0,0,402,402,47540,0,0,0,0,0,0,0,0,0
200402,999,36140,C,Ocean City  NJ ,54,54,7142,4,8,864,1,3,235,0,0,0,45,45,4977,1,2,200,0,0,0,0,0,0
200402,999,36980, ,Owensboro  KY ,35,35,3577,0,0,0,4,16,448,0,0,0,35,35,3577,0,0,0,4,16,448,0,0,0
200402,999,37340,C,Palm Bay-Melbourne-Titusville  FL ,435,435,65201,0,0,0,0,0,0,6,91,7137,89,89,16448,0,0,0,0,0,0,0,0,0
200402,999,37460,C,Panama City-Lynn Haven  FL ,85,85,11288,1,2,146,2,6,417,20,800,93773,85,85,11288,1,2,146,2,6,417,20,800,93773
200402,999,37620, ,Parkersburg-Marietta  WV-OH ,11,11,1164,0,0,0,0,0,0,0,0,0,11,11,1164,0,0,0,0,0,0,0,0,0
200402,999,37860, ,Pensacola-Ferry Pass-Brent  FL ,339,339,45022,5,10,586,0,0,0,10,50,3058,339,339,45022,5,10,586,0,0,0,10,50,3058
200402,999,38060, ,Phoenix-Mesa-Scottsdale  AZ ,3431,3431,537489,5,10,1403,36,144,18534,29,355,18098,3113,3113,501163,5,10,1403,36,144,18534,28,337,17159
200402,999,38340, ,Pittsfield  MA ,3,3,303,0,0,0,0,0,0,0,0,0,1,1,60,0,0,0,0,0,0,0,0,0
200402,999,38540, ,Pocatello  ID ,9,9,1118,0,0,0,0,0,0,0,0,0,9,9,1118,0,0,0,0,0,0,0,0,0
200402,999,38900,C,Portland-Vancouver-Beaverton  OR-WA ,739,739,144273,15,30,3228,3,12,1054,4,56,4074,657,657,126939,13,26,2869,3,12,1054,2,29,2267
200402,999,38940,C,Port St. Lucie-Fort Pierce  FL ,455,455,62805,0,0,0,3,12,960,7,80,5393,197,197,36363,0,0,0,3,12,960,5,38,3182
200402,999,39140, ,Prescott  AZ ,202,202,31722,5,10,976,2,7,494,1,17,1289,151,151,24002,0,0,0,1,4,243,0,0,0
200402,999,39300, ,Providence-New Bedford-Fall River  RI-MA ,187,187,30715,2,4,141,1,3,356,2,15,926,131,131,22615,0,0,0,0,0,0,1,10,628
200402,999,39340, ,Provo-Orem  UT ,249,249,43956,2,4,438,2,6,632,6,54,5295,232,232,39710,2,4,438,2,6,632,6,54,5295
200402,999,39380,C,Pueblo  CO ,85,85,9798,2,4,121,0,0,0,0,0,0,85,85,9798,2,4,121,0,0,0,0,0,0
200402,999,39460,C,Punta Gorda  FL ,140,140,23408,2,4,311,3,11,1270,14,262,20093,140,140,23408,2,4,311,3,11,1270,14,262,20093
200402,999,39660, ,Rapid City  SD ,45,45,5748,0,0,0,0,0,0,0,0,0,30,30,4206,0,0,0,0,0,0,0,0,0
200402,999,39740, ,Reading  PA ,51,51,7732,0,0,0,0,0,0,0,0,0,28,28,4343,0,0,0,0,0,0,0,0,0
200402,999,39820,C,Redding  CA ,48,48,8271,0,0,0,0,0,0,0,0,0,48,48,8271,0,0,0,0,0,0,0,0,0
200402,999,39900,C,Reno-Sparks  NV ,274,274,43233,0,0,0,0,0,0,13,324,19628,274,274,43233,0,0,0,0,0,0,13,324,19628
200402,999,40060,C,Richmond  VA ,577,577,81305,1,2,238,14,44,3061,1,71,2562,539,539,77244,1,2,238,14,44,3061,1,71,2562
200402,999,40220, ,Roanoke  VA ,109,109,13336,1,2,76,0,0,0,0,0,0,109,109,13336,1,2,76,0,0,0,0,0,0
200402,999,40340, ,Rochester  MN ,68,68,10794,0,0,0,0,0,0,0,0,0,61,61,10119,0,0,0,0,0,0,0,0,0
200402,999,40580, ,Rocky Mount  NC ,45,45,4404,4,8,640,1,3,171,0,0,0,28,28,3088,0,0,0,0,0,0,0,0,0
200402,999,40660,C,Rome  GA ,18,18,2407,2,4,180,0,0,0,0,0,0,18,18,2407,2,4,180,0,0,0,0,0,0
200402,999,41100, ,St. George  UT ,196,196,25891,0,0,0,1,4,300,4,37,2437,180,180,23922,0,0,0,1,4,300,4,37,2437
200402,999,41140, ,St. Joseph  MO-KS ,6,6,859,1,2,187,0,0,0,0,0,0,0,0,0,0,0,0,0,0,0,0,0,0
200402,999,41420,C,Salem  OR ,124,124,20382,1,2,155,0,0,0,1,7,379,44,44,9074,1,2,155,0,0,0,0,0,0
200402,999,41500, ,Salinas  CA ,57,57,21009,0,0,0,0,0,0,0,0,0,56,56,20879,0,0,0,0,0,0,0,0,0
200402,999,41660, ,San Angelo  TX ,27,27,3848,0,0,0,0,0,0,0,0,0,27,27,3848,0,0,0,0,0,0,0,0,0
200402,999,41700, ,San Antonio  TX ,922,922,130309,7,14,675,2,8,348,1,46,2455,835,835,117408,7,14,675,2,8,348,1,46,2455
200402,999,41740,C,San Diego-Carlsbad-San Marcos  CA ,560,560,109809,14,28,2772,31,107,13740,50,587,64315,533,533,104233,14,28,2772,31,107,13740,50,587,64315
200402,999,41780, ,Sandusky  OH ,8,8,2342,0,0,0,0,0,0,0,0,0,8,8,2342,0,0,0,0,0,0,0,0,0
200402,999,42020,C,San Luis Obispo-Paso Robles  CA ,118,118,23022,2,4,470,1,3,434,1,5,320,37,37,7772,2,4,470,1,3,434,0,0,0
200402,999,42060, ,Santa Barbara-Santa Maria-Goleta  CA ,71,71,17012,2,4,390,3,11,898,2,16,1526,49,49,9723,1,2,166,0,0,0,0,0,0
200402,999,42260,C,Sarasota-Bradenton-Venice  FL ,762,762,133488,1,2,163,3,12,1250,10,172,34076,760,760,133001,1,2,163,3,12,1250,10,172,34076
200402,999,42540, ,Scranton--Wilkes-Barre  PA ,53,53,6563,0,0,0,0,0,0,0,0,0,48,48,5825,0,0,0,0,0,0,0,0,0
200402,999,43100, ,Sheboygan  WI ,17,17,3479,1,2,153,8,32,5720,0,0,0,15,15,3166,0,0,0,8,32,5720,0,0,0
200402,999,43300, ,Sherman-Denison  TX ,8,8,946,0,0,0,0,0,0,0,0,0,8,8,946,0,0,0,0,0,0,0,0,0
200402,999,43620, ,Sioux Falls  SD ,68,68,8592,5,10,1358,0,0,0,0,0,0,64,64,8221,5,10,1358,0,0,0,0,0,0
200402,999,43780, ,South Bend-Mishawaka  IN-MI ,51,51,8209,0,0,0,0,0,0,0,0,0,51,51,8209,0,0,0,0,0,0,0,0,0
200402,999,44060, ,Spokane  WA ,143,143,19708,4,8,905,0,0,0,4,74,5262,52,52,7905,4,8,905,0,0,0,3,61,4353
200402,999,44100, ,Springfield  IL ,25,25,3761,2,4,291,0,0,0,1,6,186,2,2,375,0,0,0,0,0,0,0,0,0
200402,999,44140, ,Springfield  MA ,37,37,6660,0,0,0,0,0,0,0,0,0,28,28,5185,0,0,0,0,0,0,0,0,0
200402,999,44180, ,Springfield  MO ,143,143,22408,3,6,380,3,9,737,1,8,147,130,130,20884,3,6,380,3,9,737,0,0,0
200402,999,44300, ,State College  PA ,27,27,5712,2,4,352,0,0,0,0,0,0,27,27,5712,2,4,352,0,0,0,0,0,0
200402,999,44700,C,Stockton  CA ,545,545,102088,0,0,0,0,0,0,4,25,1793,433,433,83523,0,0,0,0,0,0,3,20,1494
200402,999,44940,C,Sumter  SC ,30,30,2890,2,4,232,0,0,0,1,5,373,0,0,0,0,0,0,0,0,0,0,0,0
200402,999,45220, ,Tallahassee  FL ,200,200,28544,1,2,146,1,4,278,6,128,7829,155,155,25499,1,2,146,1,4,278,6,128,7829
200402,999,45300,C,Tampa-St. Petersburg-Clearwater  FL ,1890,1890,276702,63,126,9667,9,33,4508,35,304,17261,1862,1862,272612,63,126,9667,9,33,4508,35,304,17261
200402,999,45460, ,Terre Haute  IN ,11,11,1272,0,0,0,0,0,0,0,0,0,11,11,1272,0,0,0,0,0,0,0,0,0
200402,999,45500, ,Texarkana  TX-Texarkana  AR ,11,11,924,2,4,200,0,0,0,0,0,0,9,9,844,2,4,200,0,0,0,0,0,0
200402,999,45820, ,Topeka  KS ,233,233,29244,2,4,360,0,0,0,1,5,240,227,227,28433,2,4,360,0,0,0,1,5,240
200402,999,46060, ,Tucson  AZ ,626,626,112619,1,2,198,0,0,0,5,25,1812,544,544,100628,1,2,198,0,0,0,4,20,1564
200402,999,46220, ,Tuscaloosa  AL ,74,74,9218,0,0,0,0,0,0,1,8,450,74,74,9218,0,0,0,0,0,0,1,8,450
200402,999,46540, ,Utica-Rome  NY ,6,6,1001,0,0,0,0,0,0,0,0,0,2,2,425,0,0,0,0,0,0,0,0,0
200402,999,46660, ,Valdosta  GA ,78,78,8219,1,2,40,0,0,0,2,12,395,24,24,2031,0,0,0,0,0,0,0,0,0
200402,999,46940,C,Vero Beach  FL ,136,136,27449,0,0,0,0,0,0,3,20,3004,44,44,7799,0,0,0,0,0,0,0,0,0
200402,999,47020, ,Victoria  TX ,11,11,1409,0,0,0,0,0,0,0,0,0,11,11,1409,0,0,0,0,0,0,0,0,0
200402,999,47260, ,Virginia Beach-Norfolk-Newport News  VA-NC ,547,547,77150,16,32,2281,4,15,897,6,76,4804,347,347,50015,15,30,2189,2,8,545,4,56,3877
200402,999,47300, ,Visalia-Porterville  CA ,153,153,23477,2,4,290,3,12,857,0,0,0,126,126,20844,2,4,290,3,12,857,0,0,0
200402,999,47380, ,Waco  TX ,68,68,10905,10,20,1399,0,0,0,0,0,0,68,68,10905,10,20,1399,0,0,0,0,0,0
200402,999,47940, ,Waterloo-Cedar Falls  IA ,22,22,4083,0,0,0,0,0,0,0,0,0,22,22,4083,0,0,0,0,0,0,0,0,0
200402,999,48260, ,Weirton-Steubenville  WV-OH ,0,0,0,0,0,0,0,0,0,0,0,0,0,0,0,0,0,0,0,0,0,0,0,0
200402,999,48300, ,Wenatchee  WA ,39,39,5813,1,2,232,0,0,0,0,0,0,24,24,3598,1,2,232,0,0,0,0,0,0
200402,999,48540, ,Wheeling  WV-OH ,1,1,139,0,0,0,0,0,0,0,0,0,0,0,0,0,0,0,0,0,0,0,0,0
200402,999,48660, ,Wichita Falls  TX ,20,20,2717,0,0,0,0,0,0,0,0,0,18,18,2546,0,0,0,0,0,0,0,0,0
200402,999,48900,C,Wilmington  NC ,451,451,65310,6,12,1616,1,3,237,4,48,4064,89,89,14005,5,10,1422,0,0,0,1,6,776
200402,999,49420, ,Yakima  WA ,31,31,4767,1,2,173,1,4,248,1,5,329,8,8,1306,0,0,0,0,0,0,0,0,0
200402,999,49700, ,Yuba City  CA ,155,155,23533,0,0,0,0,0,0,0,0,0,144,144,22194,0,0,0,0,0,0,0,0,0
200402,999,49740, ,Yuma  AZ ,199,199,24749,0,0,0,0,0,0,0,0,0,199,199,24749,0,0,0,0,0,0,0,0,0
