Survey,CSA,CBSA,MONCOV,CBSA,,1-unit,,,2-units,,,3-4 units,,,5+ units,,,1-unit rep,,,2-units rep,,,3-4 units rep,,,5+ units rep
Date,Code,Code,,Name,Bldgs,Units,Value,Bldgs,Units,Value,Bldgs,Units,Value,Bldgs,Units,Value,Bldgs,Units,Value,Bldgs,Units,Value,      Bldgs,Units,Value,Bldgs,Units,Value
 
200404,102,18700,C,Corvallis  OR ,18,18,3259,0,0,0,0,0,0,0,0,0,17,17,3136,0,0,0,0,0,0,0,0,0
200404,104,10580, ,Albany-Schenectady-Troy  NY ,162,162,28428,0,0,0,0,0,0,2,10,580,130,130,23741,0,0,0,0,0,0,0,0,0
200404,104,24020, ,Glens Falls  NY ,66,66,9857,0,0,0,0,0,0,2,10,428,31,31,5114,0,0,0,0,0,0,0,0,0
200404,112,11180, ,Ames  IA ,41,41,7818,0,0,0,0,0,0,3,52,2562,38,38,7177,0,0,0,0,0,0,3,52,2562
200404,118,11540, ,Appleton  WI ,152,152,21211,1,2,192,0,0,0,0,0,0,133,133,17988,1,2,192,0,0,0,0,0,0
200404,118,36780, ,Oshkosh-Neenah  WI ,74,74,12889,2,4,387,0,0,0,5,26,1230,33,33,5638,2,4,387,0,0,0,5,26,1230
200404,120,11700, ,Asheville  NC ,276,276,49349,3,6,1074,2,8,585,0,0,0,261,261,47607,3,6,1074,2,8,585,0,0,0
200404,122,12060,C,Atlanta-Sandy Springs-Marietta  GA ,5041,5041,643161,16,32,2150,3,9,423,19,543,37044,4644,4644,597141,15,30,2075,1,3,175,16,528,36574
200404,122,23580, ,Gainesville  GA ,146,146,21762,0,0,0,0,0,0,0,0,0,146,146,21762,0,0,0,0,0,0,0,0,0
200404,132,12940, ,Baton Rouge  LA ,326,326,36085,0,0,0,0,0,0,0,0,0,228,228,24247,0,0,0,0,0,0,0,0,0
200404,140,13460,C,Bend  OR ,278,278,50537,18,36,3081,6,23,1289,0,0,0,278,278,50537,18,36,3081,6,23,1289,0,0,0
200404,142,13820,C,Birmingham-Hoover  AL ,705,705,103138,0,0,0,0,0,0,5,40,2205,551,551,82066,0,0,0,0,0,0,5,40,2205
200404,148,14460,C,Boston-Cambridge-Quincy  MA-NH ,770,770,153033,22,44,4349,9,31,3139,38,460,44216,487,487,100502,11,22,1770,4,14,1786,24,334,34700
200404,148,31700, ,Manchester-Nashua  NH ,130,130,22271,5,10,1153,0,0,0,1,6,393,98,98,17572,4,8,853,0,0,0,0,0,0
200404,148,49340, ,Worcester  MA ,246,246,40727,4,8,841,1,3,207,2,10,948,137,137,23993,3,6,701,0,0,0,0,0,0
200404,154,15180, ,Brownsville-Harlingen  TX ,242,242,18373,3,6,196,2,8,701,2,11,1032,166,166,14356,2,4,138,2,8,701,2,11,1032
200404,160,15380, ,Buffalo-Niagara Falls  NY ,166,166,30973,2,4,280,1,4,400,1,5,235,97,97,19606,2,4,280,1,4,400,0,0,0
200404,172,16740,C,Charlotte-Gastonia-Concord  NC-SC ,1894,1894,279643,13,26,1812,3,10,550,27,234,14074,1894,1894,279643,13,26,1812,3,10,550,27,234,14074
200404,174,16860, ,Chattanooga  TN-GA ,263,263,38244,4,8,358,2,8,318,3,18,1035,152,152,23717,0,0,0,1,4,170,1,6,615
200404,174,17420, ,Cleveland  TN ,56,56,5114,0,0,0,1,4,150,0,0,0,56,56,5114,0,0,0,1,4,150,0,0,0
200404,176,16980,C,Chicago-Naperville-Joliet  IL-IN-WI ,3293,3293,672233,38,76,9012,16,59,4667,26,381,37550,2525,2525,538440,31,62,7384,15,56,4368,14,248,28007
200404,176,28100,C,Kankakee-Bradley  IL ,56,56,9470,2,4,449,1,4,224,0,0,0,20,20,3933,0,0,0,0,0,0,0,0,0
200404,176,33140, ,Michigan City-La Porte  IN ,34,34,4176,0,0,0,1,4,172,0,0,0,0,0,0,0,0,0,0,0,0,0,0,0
200404,178,17140,C,Cincinnati-Middletown  OH-KY-IN ,1147,1147,174739,4,8,545,10,35,2507,18,199,9371,1078,1078,165895,4,8,545,10,35,2507,13,174,8165
200404,184,10420,C,Akron  OH ,261,261,43631,4,8,998,2,7,549,1,23,804,154,154,32034,3,6,800,2,7,549,0,0,0
200404,184,17460,C,Cleveland-Elyria-Mentor  OH ,635,635,124368,3,6,573,8,25,4365,1,5,530,412,412,88478,1,2,200,5,15,3870,0,0,0
200404,192,17900,C,Columbia  SC ,533,533,61968,0,0,0,0,0,0,10,105,6090,225,225,25280,0,0,0,0,0,0,5,30,1935
200404,194,12220,C,Auburn-Opelika  AL ,97,97,12627,8,16,1205,1,4,428,2,32,1800,97,97,12627,8,16,1205,1,4,428,2,32,1800
200404,194,17980, ,Columbus  GA-AL ,142,142,23937,1,2,85,0,0,0,7,56,2739,142,142,23937,1,2,85,0,0,0,7,56,2739
200404,198,18140,C,Columbus  OH ,1085,1085,196677,2,4,658,28,110,6659,33,319,14332,743,743,131579,2,4,658,25,99,6053,31,304,13924
200404,204,18580, ,Corpus Christi  TX ,142,142,14405,1,2,113,1,3,181,2,19,655,17,17,2015,0,0,0,0,0,0,0,0,0
200404,206,19100,C,Dallas-Fort Worth-Arlington  TX ,4593,4593,738535,31,62,4969,9,36,814,20,520,24043,4044,4044,640452,29,58,4710,1,4,515,16,455,20355
200404,212,19380, ,Dayton  OH ,252,252,45728,5,10,853,2,8,1074,10,128,8052,227,227,42235,4,8,593,2,8,1074,10,128,8052
200404,212,44220, ,Springfield  OH ,27,27,4250,0,0,0,0,0,0,0,0,0,27,27,4250,0,0,0,0,0,0,0,0,0
200404,214,19660,C,Deltona-Daytona Beach-Ormond Beach  FL ,450,450,73451,0,0,0,0,0,0,4,100,24414,434,434,71113,0,0,0,0,0,0,1,67,21270
200404,216,14500,C,Boulder  CO ,119,119,23704,1,2,199,0,0,0,2,15,1198,119,119,23704,1,2,199,0,0,0,2,15,1198
200404,216,19740,C,Denver-Aurora  CO ,1500,1500,311128,2,4,319,9,31,3107,31,300,21936,1489,1489,309700,2,4,319,9,31,3107,30,295,21467
200404,218,19780, ,Des Moines  IA ,502,502,77561,2,4,412,1,3,439,2,59,5318,382,382,63709,0,0,0,0,0,0,2,59,5318
200404,220,11460,C,Ann Arbor  MI ,199,199,33128,1,2,155,1,4,464,11,115,7742,129,129,24819,0,0,0,1,4,464,10,110,7374
200404,220,19820,C,Detroit-Warren-Livonia  MI ,1646,1646,274290,4,8,674,9,33,3256,32,331,33296,1440,1440,241948,1,2,276,9,33,3256,28,282,29936
200404,220,22420,C,Flint  MI ,223,223,30392,0,0,0,1,3,324,0,0,0,209,209,28685,0,0,0,0,0,0,0,0,0
200404,220,33780,C,Monroe  MI ,125,125,18691,0,0,0,0,0,0,1,5,180,106,106,15776,0,0,0,0,0,0,0,0,0
200404,222,20020, ,Dothan  AL ,48,48,3989,0,0,0,0,0,0,0,0,0,48,48,3989,0,0,0,0,0,0,0,0,0
200404,232,20740, ,Eau Claire  WI ,92,92,14593,15,30,2795,0,0,0,3,23,1122,87,87,13823,15,30,2795,0,0,0,2,16,800
200404,244,22020, ,Fargo  ND-MN ,195,195,25423,4,8,680,0,0,0,8,217,9030,192,192,24738,4,8,680,0,0,0,8,217,9030
200404,252,22540, ,Fond du Lac  WI ,23,23,3829,0,0,0,1,4,479,0,0,0,14,14,2370,0,0,0,1,4,479,0,0,0
200404,258,23060, ,Fort Wayne  IN ,206,206,36834,1,2,150,0,0,0,2,50,2600,206,206,36834,1,2,150,0,0,0,2,50,2600
200404,260,23420,C,Fresno  CA ,612,612,95944,1,2,207,7,25,1863,2,11,485,538,538,87091,1,2,207,5,18,1439,0,0,0
200404,260,31460,C,Madera  CA ,143,143,21500,0,0,0,0,0,0,0,0,0,143,143,21500,0,0,0,0,0,0,0,0,0
200404,266,24340, ,Grand Rapids-Wyoming  MI ,386,386,58975,1,2,167,1,3,255,1,6,472,322,322,51117,1,2,167,0,0,0,1,6,472
200404,266,26100,C,Holland-Grand Haven  MI ,195,195,33477,7,14,1028,5,20,2154,2,24,850,156,156,27191,3,6,500,2,8,830,2,24,850
200404,266,34740,C,Muskegon-Norton Shores  MI ,70,70,9483,2,4,450,1,4,200,1,5,214,39,39,4932,2,4,450,1,4,200,0,0,0
200404,268,15500,C,Burlington  NC ,135,135,15263,0,0,0,0,0,0,1,24,700,135,135,15263,0,0,0,0,0,0,1,24,700
200404,268,24660,C,Greensboro-High Point  NC ,412,412,62897,8,16,913,3,10,752,11,74,4298,412,412,62897,8,16,913,3,10,752,11,74,4298
200404,268,49180,C,Winston-Salem  NC ,354,354,48594,1,2,197,0,0,0,10,180,21956,351,351,48216,0,0,0,0,0,0,10,180,21956
200404,273,11340,C,Anderson  SC ,83,83,12557,1,2,60,0,0,0,0,0,0,83,83,12557,1,2,60,0,0,0,0,0,0
200404,273,24860,C,Greenville  SC ,400,400,42735,4,8,428,0,0,0,4,53,1996,323,323,34520,0,0,0,0,0,0,3,48,1839
200404,273,43900, ,Spartanburg  SC ,170,170,16642,0,0,0,0,0,0,0,0,0,170,170,16642,0,0,0,0,0,0,0,0,0
200404,274,25060, ,Gulfport-Biloxi  MS ,137,137,18270,0,0,0,3,12,914,0,0,0,136,136,18202,0,0,0,3,12,914,0,0,0
200404,274,37700,C,Pascagoula  MS ,243,243,17246,0,0,0,0,0,0,0,0,0,228,228,15244,0,0,0,0,0,0,0,0,0
200404,276,25420, ,Harrisburg-Carlisle  PA ,214,214,34061,2,4,437,0,0,0,0,0,0,190,190,30811,1,2,180,0,0,0,0,0,0
200404,276,30140, ,Lebanon  PA ,69,69,7713,0,0,0,0,0,0,0,0,0,57,57,5924,0,0,0,0,0,0,0,0,0
200404,278,25540,C,Hartford-West Hartford-East Hartford  CT ,312,312,50386,5,10,601,1,4,409,4,25,817,253,253,41437,4,8,382,1,4,409,0,0,0
200404,288,26420, ,Houston-Baytown-Sugar Land  TX ,4096,4096,558521,12,24,1014,0,0,0,61,803,52704,4070,4070,554464,12,24,1014,0,0,0,58,778,51842
200404,290,19460, ,Decatur  AL ,26,26,3393,0,0,0,0,0,0,0,0,0,26,26,3393,0,0,0,0,0,0,0,0,0
200404,290,26620, ,Huntsville  AL ,103,103,6334,0,0,0,0,0,0,7,89,4223,50,50,4070,0,0,0,0,0,0,0,0,0
200404,292,26820, ,Idaho Falls  ID ,104,104,9291,1,2,164,7,27,1308,0,0,0,82,82,7128,0,0,0,6,24,1200,0,0,0
200404,294,11300,C,Anderson  IN ,52,52,8556,0,0,0,2,7,482,4,23,1553,39,39,7100,0,0,0,2,7,482,3,17,1172
200404,294,18020, ,Columbus  IN ,32,32,5541,0,0,0,0,0,0,0,0,0,32,32,5541,0,0,0,0,0,0,0,0,0
200404,294,26900,C,Indianapolis  IN ,1129,1129,194652,32,64,5306,19,70,5191,49,551,31519,958,958,170421,30,60,4987,18,67,5191,46,518,29476
200404,296,27060, ,Ithaca  NY ,12,12,3261,0,0,0,0,0,0,1,5,317,11,11,3091,0,0,0,0,0,0,0,0,0
200404,297,27180, ,Jackson  TN ,77,77,9612,0,0,0,0,0,0,0,0,0,77,77,9612,0,0,0,0,0,0,0,0,0
200404,298,27140, ,Jackson  MS ,324,324,41392,0,0,0,0,0,0,3,27,995,286,286,35389,0,0,0,0,0,0,0,0,0
200404,304,27740, ,Johnson City  TN ,76,76,10855,1,2,29,1,4,37,1,5,298,36,36,5854,1,2,29,1,4,37,0,0,0
200404,304,28700, ,Kingsport-Bristol-Bristol  TN-VA ,75,75,6367,0,0,0,0,0,0,0,0,0,11,11,927,0,0,0,0,0,0,0,0,0
200404,312,28140,C,Kansas City  MO-KS ,1227,1227,192417,32,64,6150,13,46,3686,1,5,299,1150,1150,182372,32,64,6150,12,43,3461,0,0,0
200404,314,28940, ,Knoxville  TN ,329,329,42149,5,10,615,0,0,0,0,0,0,276,276,37897,5,10,615,0,0,0,0,0,0
200404,316,29020, ,Kokomo  IN ,30,30,4821,0,0,0,0,0,0,1,5,300,0,0,0,0,0,0,0,0,0,0,0,0
200404,318,29180, ,Lafayette  LA ,115,115,16877,0,0,0,0,0,0,0,0,0,115,115,16877,0,0,0,0,0,0,0,0,0
200404,320,29140, ,Lafayette  IN ,131,131,21425,0,0,0,0,0,0,1,7,269,119,119,20448,0,0,0,0,0,0,1,7,269
200404,324,29340, ,Lake Charles  LA ,117,117,9899,1,2,84,0,0,0,0,0,0,113,113,9261,1,2,84,0,0,0,0,0,0
200404,330,29620, ,Lansing-East Lansing  MI ,160,160,26838,0,0,0,0,0,0,4,48,2743,77,77,14625,0,0,0,0,0,0,0,0,0
200404,332,29820,C,Las Vegas-Paradise  NV ,3112,3112,367984,1,2,162,129,403,35092,19,152,10367,2638,2638,312889,0,0,0,121,379,33326,16,124,8631
200404,336,30460, ,Lexington-Fayette  KY ,301,301,41020,2,4,264,2,6,392,0,0,0,219,219,32291,1,2,138,1,3,175,0,0,0
200404,338,30620, ,Lima  OH ,8,8,1241,0,0,0,0,0,0,0,0,0,6,6,1000,0,0,0,0,0,0,0,0,0
200404,340,30780, ,Little Rock-North Little Rock  AR ,310,310,52844,2,4,93,0,0,0,23,384,17865,283,283,49610,1,2,45,0,0,0,23,384,17865
200404,340,38220, ,Pine Bluff  AR ,7,7,540,0,0,0,0,0,0,0,0,0,6,6,472,0,0,0,0,0,0,0,0,0
200404,346,30980, ,Longview  TX ,21,21,2255,0,0,0,0,0,0,0,0,0,21,21,2255,0,0,0,0,0,0,0,0,0
200404,348,31100,C,Los Angeles-Long Beach-Santa Ana  CA ,1636,1636,353807,26,52,6713,18,63,6290,56,1297,107922,1480,1480,309814,18,36,4518,10,37,4397,46,1211,100072
200404,348,37100,C,Oxnard-Thousand Oaks-Ventura  CA ,165,165,44411,0,0,0,0,0,0,9,89,7598,64,64,16060,0,0,0,0,0,0,5,26,1782
200404,348,40140,C,Riverside-San Bernardino-Ontario  CA ,3801,3801,683152,7,14,1323,42,134,14374,64,788,59185,3326,3326,599830,1,2,218,34,108,11913,56,731,55381
200404,350,21060, ,Elizabethtown  KY ,74,74,10189,1,2,138,0,0,0,0,0,0,68,68,9613,1,2,138,0,0,0,0,0,0
200404,350,31140, ,Louisville  KY-IN ,571,571,84768,7,14,686,0,0,0,1,12,392,514,514,77445,6,12,585,0,0,0,0,0,0
200404,352,31180, ,Lubbock  TX ,98,98,12732,39,78,6735,0,0,0,0,0,0,98,98,12732,39,78,6735,0,0,0,0,0,0
200404,356,31420, ,Macon  GA ,86,86,9549,6,12,384,0,0,0,5,40,2204,86,86,9549,6,12,384,0,0,0,5,40,2204
200404,356,47580, ,Warner Robins  GA ,142,142,17733,0,0,0,0,0,0,0,0,0,142,142,17733,0,0,0,0,0,0,0,0,0
200404,358,31540,C,Madison  WI ,334,334,65116,18,36,4180,7,28,2642,8,65,5202,290,290,58622,16,32,3741,3,12,1270,4,41,3710
200404,360,31900,C,Mansfield  OH ,32,32,5276,3,6,640,1,3,196,1,5,167,5,5,748,2,4,450,0,0,0,0,0,0
200404,372,33260,C,Midland  TX ,26,26,3027,0,0,0,0,0,0,0,0,0,0,0,0,0,0,0,0,0,0,0,0,0
200404,372,36220,C,Odessa  TX ,10,10,1578,0,0,0,0,0,0,0,0,0,10,10,1578,0,0,0,0,0,0,0,0,0
200404,376,33340,C,Milwaukee-Waukesha-West Allis  WI ,342,342,76824,21,42,4756,4,16,1735,12,398,25032,265,265,57944,13,26,3188,4,16,1735,8,376,22990
200404,376,39540,C,Racine  WI ,69,69,13732,3,6,451,0,0,0,3,19,1367,61,61,12706,1,2,140,0,0,0,1,6,775
200404,378,33460,C,Minneapolis-St. Paul-Bloomington  MN-WI ,2101,2101,392372,25,50,6381,26,98,11237,26,276,30682,1898,1898,358592,21,42,5238,20,76,8794,20,231,26363
200404,378,41060, ,St. Cloud  MN ,159,159,23981,0,0,0,1,3,0,2,19,1114,94,94,15131,0,0,0,0,0,0,0,0,0
200404,380,33660, ,Mobile  AL ,171,171,18158,0,0,0,0,0,0,1,5,180,40,40,6816,0,0,0,0,0,0,0,0,0
200404,384,33740, ,Monroe  LA ,18,18,2536,0,0,0,0,0,0,2,10,546,9,9,1605,0,0,0,0,0,0,0,0,0
200404,388,33860, ,Montgomery  AL ,174,174,20573,0,0,0,0,0,0,4,23,1213,98,98,11739,0,0,0,0,0,0,0,0,0
200404,392,34100, ,Morristown  TN ,55,55,7131,2,4,160,0,0,0,2,48,7197,55,55,7131,2,4,160,0,0,0,2,48,7197
200404,396,34820, ,Myrtle Beach-Conway-North Myrtle Beach  SC ,335,335,42276,0,0,0,4,16,1411,13,163,10816,326,326,41431,0,0,0,3,12,1266,13,163,10816
200404,400,34980,C,Nashville-Davidson--Murfreesboro  TN ,1136,1136,175445,7,14,1127,2,6,442,10,160,10399,642,642,106638,2,4,254,0,0,0,5,87,4343
200404,406,35380,C,New Orleans-Metairie-Kenner  LA ,557,557,76948,17,34,2563,0,0,0,10,60,7500,537,537,73953,17,34,2563,0,0,0,10,60,7500
200404,408,14860,C,Bridgeport-Stamford-Norwalk  CT ,163,163,61535,0,0,0,1,3,233,3,28,2150,137,137,42546,0,0,0,1,3,233,1,12,1100
200404,408,28740, ,Kingston  NY ,30,30,5328,0,0,0,0,0,0,1,5,450,25,25,4510,0,0,0,0,0,0,1,5,450
200404,408,35300,C,New Haven-Milford  CT ,131,131,18941,0,0,0,0,0,0,1,20,1000,118,118,16586,0,0,0,0,0,0,1,20,1000
200404,408,35620,C,New York-Northern New Jersey-Long Island  NY-NJ-PA ,1875,1875,351788,330,660,64778,121,383,29902,87,1721,128048,1080,1080,218063,61,122,10762,20,67,3572,28,521,40427
200404,408,39100,C,Poughkeepsie-Newburgh-Middletown  NY ,218,218,40283,0,0,0,0,0,0,5,32,2209,134,134,22850,0,0,0,0,0,0,0,0,0
200404,408,45940,C,Trenton-Ewing  NJ ,82,82,7201,0,0,0,0,0,0,2,32,1247,19,19,2392,0,0,0,0,0,0,0,0,0
200404,416,36420,C,Oklahoma City  OK ,729,729,105820,5,10,703,0,0,0,9,182,12128,693,693,100906,4,8,553,0,0,0,9,182,12128
200404,420,36540,C,Omaha-Council Bluffs  NE-IA ,583,583,77161,7,14,1275,0,0,0,3,78,4028,535,535,71117,4,8,741,0,0,0,3,78,4028
200404,422,36740,C,Orlando  FL ,2606,2606,383813,16,32,3353,9,36,3738,26,274,22789,2113,2113,316582,16,32,3353,9,36,3738,25,260,21986
200404,426,37900, ,Peoria  IL ,101,101,15400,5,10,897,1,3,171,2,18,760,31,31,4725,1,2,282,0,0,0,0,0,0
200404,428,37980,C,Philadelphia-Camden-Wilmington  PA-NJ-DE-MD ,1573,1573,224365,6,12,1164,6,19,1572,20,339,16298,936,936,143010,1,2,200,5,16,1240,5,122,9390
200404,428,47220,C,Vineland-Millville-Bridgeton  NJ ,44,44,4828,1,2,8,0,0,0,0,0,0,41,41,4531,1,2,8,0,0,0,0,0,0
200404,430,38300,C,Pittsburgh  PA ,639,639,103582,13,26,1459,5,17,1258,6,31,2450,469,469,79919,11,22,1072,2,8,690,1,5,350
200404,438,30340, ,Lewiston-Auburn  ME ,60,60,7321,0,0,0,0,0,0,0,0,0,39,39,4694,0,0,0,0,0,0,0,0,0
200404,438,38860, ,Portland-South Portland-Biddeford  ME ,390,390,56340,7,14,1200,2,6,519,2,10,1082,251,251,34230,6,12,1012,0,0,0,0,0,0
200404,450,20500,C,Durham  NC ,326,326,59879,1,2,214,0,0,0,7,124,3528,259,259,49566,0,0,0,0,0,0,7,124,3528
200404,450,39580,C,Raleigh-Cary  NC ,969,969,147993,3,6,414,0,0,0,5,174,8692,969,969,147993,3,6,414,0,0,0,5,174,8692
200404,464,40380, ,Rochester  NY ,202,202,31311,1,2,223,2,8,488,0,0,0,182,182,27859,0,0,0,0,0,0,0,0,0
200404,466,40420, ,Rockford  IL ,194,194,18993,5,10,745,8,31,961,0,0,0,55,55,6929,4,8,580,0,0,0,0,0,0
200404,472,40900,C,Sacramento--Arden-Arcade--Roseville  CA ,1682,1682,384978,1,2,335,3,9,478,1,76,5672,1623,1623,368966,1,2,335,3,9,478,1,76,5672
200404,474,13020, ,Bay City  MI ,7,7,1017,0,0,0,0,0,0,0,0,0,7,7,1017,0,0,0,0,0,0,0,0,0
200404,474,40980, ,Saginaw-Saginaw Township North  MI ,35,35,4338,0,0,0,0,0,0,0,0,0,34,34,4274,0,0,0,0,0,0,0,0,0
200404,476,41180,C,St. Louis  MO-IL ,1313,1313,202693,28,56,5263,6,21,1412,11,274,18632,1133,1133,173564,23,46,4094,4,14,974,9,264,18141
200404,480,41540, ,Salisbury  MD ,75,75,8302,0,0,0,0,0,0,1,7,478,25,25,2637,0,0,0,0,0,0,0,0,0
200404,482,36260, ,Ogden-Clearfield  UT ,353,353,58126,5,10,1009,2,8,880,2,10,822,267,267,45587,4,8,830,2,8,880,0,0,0
200404,482,41620,C,Salt Lake City  UT ,629,629,129284,2,4,405,10,32,3192,8,67,6127,451,451,105963,1,2,207,2,6,813,5,36,3674
200404,488,34900,C,Napa  CA ,91,91,26700,0,0,0,0,0,0,0,0,0,79,79,20719,0,0,0,0,0,0,0,0,0
200404,488,41860,C,San Francisco-Oakland-Fremont  CA ,895,895,258620,9,18,2484,4,16,2769,14,257,21343,822,822,235148,9,18,2484,4,16,2769,12,234,18896
200404,488,41940,C,San Jose-Sunnyvale-Santa Clara  CA ,204,204,48070,6,12,1426,0,0,0,3,17,1732,204,204,48070,6,12,1426,0,0,0,3,17,1732
200404,488,42100,C,Santa Cruz-Watsonville  CA ,51,51,10437,0,0,0,0,0,0,0,0,0,51,51,10437,0,0,0,0,0,0,0,0,0
200404,488,42220,C,Santa Rosa-Petaluma  CA ,115,115,31795,1,2,335,0,0,0,3,58,6418,85,85,23116,1,2,335,0,0,0,2,42,4946
200404,488,46700,C,Vallejo-Fairfield  CA ,190,190,34935,7,14,1146,0,0,0,2,29,1648,115,115,21914,2,4,364,0,0,0,0,0,0
200404,492,42140,C,Santa Fe  NM ,58,58,7311,0,0,0,0,0,0,0,0,0,0,0,0,0,0,0,0,0,0,0,0,0
200404,496,25980,C,Hinesville-Fort Stewart  GA ,33,33,3653,0,0,0,0,0,0,0,0,0,33,33,3653,0,0,0,0,0,0,0,0,0
200404,496,42340, ,Savannah  GA ,205,205,31684,2,4,649,0,0,0,2,10,285,94,94,14152,0,0,0,0,0,0,0,0,0
200404,500,14740,C,Bremerton-Silverdale  WA ,133,133,22768,3,6,832,0,0,0,0,0,0,129,129,22356,3,6,832,0,0,0,0,0,0
200404,500,36500,C,Olympia  WA ,170,170,32447,4,8,887,0,0,0,3,24,1539,167,167,31822,2,4,369,0,0,0,3,24,1539
200404,500,42660,C,Seattle-Tacoma-Bellevue  WA ,1515,1515,268742,34,68,6622,25,89,10934,29,305,25603,1233,1233,221569,26,52,5147,22,79,9586,23,272,22509
200404,508,43340, ,Shreveport-Bossier City  LA ,152,152,24961,0,0,0,0,0,0,0,0,0,86,86,14606,0,0,0,0,0,0,0,0,0
200404,512,43580, ,Sioux City  IA-NE-SD ,33,33,5307,3,6,356,1,3,103,0,0,0,17,17,2716,2,4,223,1,3,103,0,0,0
200404,532,45060, ,Syracuse  NY ,99,99,13923,4,8,731,0,0,0,2,10,208,57,57,8507,4,8,731,0,0,0,0,0,0
200404,534,45780, ,Toledo  OH ,227,227,31557,2,4,593,3,10,1101,1,30,1140,195,195,28467,2,4,593,3,10,1101,1,30,1140
200404,538,46140,C,Tulsa  OK ,405,405,59716,0,0,0,0,0,0,1,11,611,295,295,41818,0,0,0,0,0,0,0,0,0
200404,540,46340, ,Tyler  TX ,38,38,6705,0,0,0,0,0,0,1,7,323,0,0,0,0,0,0,0,0,0,0,0,0
200404,548,12580,C,Baltimore-Towson  MD ,748,748,114912,1,2,138,3,11,642,10,110,6749,733,733,112947,1,2,138,3,11,642,10,110,6749
200404,548,47900,C,Washington-Arlington-Alexandria  DC-VA-MD-WV ,2659,2659,380938,1,2,309,1,3,231,54,1629,167366,2456,2456,344920,0,0,0,0,0,0,52,1616,166827
200404,548,49020, ,Winchester  VA-WV ,100,100,14627,0,0,0,0,0,0,1,5,200,83,83,12972,0,0,0,0,0,0,1,5,200
200404,554,48140, ,Wausau  WI ,89,89,12976,1,2,72,0,0,0,1,16,590,51,51,8007,0,0,0,0,0,0,1,16,590
200404,556,48620, ,Wichita  KS ,289,289,35196,4,8,490,0,0,0,0,0,0,282,282,34346,4,8,490,0,0,0,0,0,0
200404,558,48700, ,Williamsport  PA ,8,8,877,0,0,0,0,0,0,0,0,0,3,3,245,0,0,0,0,0,0,0,0,0
200404,564,49620, ,York-Hanover  PA ,240,240,30807,0,0,0,0,0,0,3,19,1039,146,146,19932,0,0,0,0,0,0,1,6,330
200404,566,49660, ,Youngstown-Warren-Boardman  OH-PA ,118,118,16983,4,8,589,1,3,219,0,0,0,71,71,10522,0,0,0,0,0,0,0,0,0
200404,999,10180, ,Abilene  TX ,32,32,5227,0,0,0,0,0,0,0,0,0,32,32,5227,0,0,0,0,0,0,0,0,0
200404,999,10500, ,Albany  GA ,77,77,8841,5,10,621,0,0,0,13,96,3399,40,40,4705,5,10,621,0,0,0,13,96,3399
200404,999,10740,C,Albuquerque  NM ,608,608,72525,0,0,0,1,3,87,1,14,490,481,481,60549,0,0,0,0,0,0,1,14,490
200404,999,10780, ,Alexandria  LA ,42,42,5977,0,0,0,0,0,0,0,0,0,39,39,5717,0,0,0,0,0,0,0,0,0
200404,999,10900,C,Allentown-Bethlehem-Easton  PA-NJ ,458,458,69756,1,2,329,2,7,526,1,6,365,354,354,53990,1,2,329,0,0,0,0,0,0
200404,999,11020, ,Altoona  PA ,29,29,4368,0,0,0,0,0,0,0,0,0,29,29,4368,0,0,0,0,0,0,0,0,0
200404,999,11100, ,Amarillo  TX ,74,74,11482,0,0,0,0,0,0,0,0,0,73,73,11323,0,0,0,0,0,0,0,0,0
200404,999,11260,C,Anchorage  AK ,117,117,20291,20,40,4111,4,16,1522,3,90,7004,117,117,20291,20,40,4111,4,16,1522,3,90,7004
200404,999,11500, ,Anniston-Oxford  AL ,22,22,2353,0,0,0,0,0,0,0,0,0,20,20,2216,0,0,0,0,0,0,0,0,0
200404,999,12020, ,Athens-Clarke County  GA ,177,177,25103,2,4,110,0,0,0,0,0,0,163,163,23136,2,4,110,0,0,0,0,0,0
200404,999,12100,C,Atlantic City  NJ ,164,164,18626,1,2,219,1,3,309,4,27,1240,50,50,6877,1,2,219,0,0,0,3,22,1056
200404,999,12260, ,Augusta-Richmond County  GA-SC ,308,308,41058,10,20,1383,0,0,0,0,0,0,273,273,37084,10,20,1383,0,0,0,0,0,0
200404,999,12420,C,Austin-Round Rock  TX ,1386,1386,174972,3,6,376,1,4,125,3,39,2375,1094,1094,146724,3,6,376,0,0,0,0,0,0
200404,999,12540, ,Bakersfield  CA ,616,616,87901,1,2,138,1,4,227,0,0,0,608,608,87190,1,2,138,1,4,227,0,0,0
200404,999,12620, ,Bangor  ME ,40,40,5073,1,2,140,0,0,0,0,0,0,33,33,4454,1,2,140,0,0,0,0,0,0
200404,999,12700, ,Barnstable Town  MA ,93,93,23907,0,0,0,3,9,761,3,84,7416,43,43,11668,0,0,0,0,0,0,3,84,7416
200404,999,12980, ,Battle Creek  MI ,17,17,2165,0,0,0,0,0,0,0,0,0,12,12,1552,0,0,0,0,0,0,0,0,0
200404,999,13140, ,Beaumont-Port Arthur  TX ,69,69,9228,0,0,0,0,0,0,0,0,0,67,67,8978,0,0,0,0,0,0,0,0,0
200404,999,13380, ,Bellingham  WA ,150,150,26721,5,10,1468,2,8,639,3,112,7543,136,136,24265,4,8,1130,2,8,639,3,112,7543
200404,999,13740, ,Billings  MT ,64,64,11770,0,0,0,0,0,0,0,0,0,64,64,11770,0,0,0,0,0,0,0,0,0
200404,999,13780, ,Binghamton  NY ,13,13,2411,0,0,0,0,0,0,1,7,1694,8,8,1335,0,0,0,0,0,0,0,0,0
200404,999,13900, ,Bismarck  ND ,94,94,16819,3,6,365,2,8,1273,5,95,3657,94,94,16819,3,6,365,2,8,1273,5,95,3657
200404,999,13980, ,Blacksburg-Christiansburg-Radford  VA ,73,73,10518,1,2,150,0,0,0,2,10,590,55,55,8685,0,0,0,0,0,0,0,0,0
200404,999,14020, ,Bloomington  IN ,67,67,9569,11,22,2089,1,3,237,2,21,1203,8,8,676,2,4,470,0,0,0,0,0,0
200404,999,14060, ,Bloomington-Normal  IL ,88,88,12236,0,0,0,0,0,0,0,0,0,88,88,12236,0,0,0,0,0,0,0,0,0
200404,999,14260,C,Boise City-Nampa  ID ,686,686,108747,4,8,720,6,24,1499,1,11,741,372,372,67803,2,4,430,0,0,0,0,0,0
200404,999,14540, ,Bowling Green  KY ,90,90,12565,0,0,0,0,0,0,0,0,0,90,90,12565,0,0,0,0,0,0,0,0,0
200404,999,15260, ,Brunswick  GA ,81,81,12548,1,2,123,1,3,181,0,0,0,13,13,2343,0,0,0,0,0,0,0,0,0
200404,999,15540, ,Burlington-South Burlington  VT ,77,77,12801,4,8,641,2,7,617,1,35,1840,43,43,7005,3,6,547,1,4,400,1,35,1840
200404,999,15940, ,Canton-Massillon  OH ,123,123,22400,0,0,0,1,4,318,1,5,237,12,12,2315,0,0,0,0,0,0,0,0,0
200404,999,15980,C,Cape Coral-Fort Myers  FL ,1093,1093,174308,80,160,16307,30,114,18392,31,419,73931,1047,1047,169535,78,156,15903,30,114,18392,26,334,65645
200404,999,16180,C,Carson City  NV ,9,9,2468,0,0,0,0,0,0,0,0,0,9,9,2468,0,0,0,0,0,0,0,0,0
200404,999,16220,C,Casper  WY ,29,29,5029,0,0,0,0,0,0,0,0,0,26,26,4464,0,0,0,0,0,0,0,0,0
200404,999,16300, ,Cedar Rapids  IA ,112,112,12740,6,12,978,3,11,663,6,87,1997,104,104,11382,6,12,978,3,11,663,6,87,1997
200404,999,16580, ,Champaign-Urbana  IL ,76,76,13486,0,0,0,0,0,0,2,32,1582,75,75,13331,0,0,0,0,0,0,2,32,1582
200404,999,16620, ,Charleston  WV ,24,24,2927,1,2,277,0,0,0,0,0,0,14,14,1393,0,0,0,0,0,0,0,0,0
200404,999,16700,C,Charleston-North Charleston  SC ,647,647,94737,2,4,277,3,10,878,8,87,4615,368,368,51871,2,4,277,0,0,0,0,0,0
200404,999,16820,C,Charlottesville  VA ,120,120,21313,2,4,371,2,6,436,1,32,1776,60,60,9118,1,2,105,1,3,200,0,0,0
200404,999,16940, ,Cheyenne  WY ,45,45,5503,1,2,175,4,16,830,0,0,0,0,0,0,0,0,0,0,0,0,0,0,0
200404,999,17020, ,Chico  CA ,136,136,19122,1,2,81,0,0,0,0,0,0,69,69,11339,1,2,81,0,0,0,0,0,0
200404,999,17300, ,Clarksville  TN-KY ,152,152,16399,22,44,1560,2,6,181,0,0,0,150,150,15832,22,44,1560,2,6,181,0,0,0
200404,999,17660, ,Coeur dAlene  ID ,139,139,19597,5,10,710,1,4,203,0,0,0,96,96,14528,5,10,710,0,0,0,0,0,0
200404,999,17780, ,College Station-Bryan  TX ,74,74,11022,0,0,0,6,20,1469,1,6,322,74,74,11022,0,0,0,6,20,1469,1,6,322
200404,999,17820,C,Colorado Springs  CO ,616,616,82003,0,0,0,0,0,0,0,0,0,615,615,81853,0,0,0,0,0,0,0,0,0
200404,999,17860, ,Columbia  MO ,111,111,17424,18,36,3165,0,0,0,2,16,1030,111,111,17424,18,36,3165,0,0,0,2,16,1030
200404,999,19060, ,Cumberland  MD-WV ,28,28,3340,0,0,0,0,0,0,0,0,0,28,28,3340,0,0,0,0,0,0,0,0,0
200404,999,19140,C,Dalton  GA ,66,66,8444,9,18,720,2,7,410,0,0,0,35,35,4628,9,18,720,2,7,410,0,0,0
200404,999,19180, ,Danville  IL ,0,0,0,0,0,0,0,0,0,0,0,0,0,0,0,0,0,0,0,0,0,0,0,0
200404,999,19260,C,Danville  VA ,27,27,3602,0,0,0,0,0,0,0,0,0,5,5,880,0,0,0,0,0,0,0,0,0
200404,999,19340, ,Davenport-Moline-Rock Island  IA-IL ,88,88,12429,3,6,588,0,0,0,5,70,4256,77,77,10628,3,6,588,0,0,0,5,70,4256
200404,999,19500, ,Decatur  IL ,32,32,3786,0,0,0,0,0,0,1,6,486,5,5,932,0,0,0,0,0,0,0,0,0
200404,999,20100,C,Dover  DE ,186,186,23004,0,0,0,4,16,1400,2,24,1585,182,182,22566,0,0,0,4,16,1400,2,24,1585
200404,999,20220, ,Dubuque  IA ,37,37,6692,4,8,751,1,3,277,1,64,15060,37,37,6692,4,8,751,1,3,277,1,64,15060
200404,999,20260, ,Duluth  MN-WI ,87,87,12685,3,6,508,0,0,0,0,0,0,71,71,10868,3,6,508,0,0,0,0,0,0
200404,999,20940,C,El Centro  CA ,106,106,12018,0,0,0,2,6,458,1,9,259,43,43,4572,0,0,0,1,3,148,0,0,0
200404,999,21140, ,Elkhart-Goshen  IN ,122,122,16343,0,0,0,3,12,520,1,5,125,118,118,15815,0,0,0,3,12,520,0,0,0
200404,999,21300, ,Elmira  NY ,4,4,564,0,0,0,1,3,94,1,5,417,0,0,0,0,0,0,0,0,0,0,0,0
200404,999,21340, ,El Paso  TX ,319,319,19499,2,4,196,1,4,115,0,0,0,319,319,19499,2,4,196,1,4,115,0,0,0
200404,999,21500, ,Erie  PA ,109,109,14595,1,2,152,7,28,1434,3,17,334,102,102,13827,1,2,152,7,28,1434,2,12,160
200404,999,21660,C,Eugene-Springfield  OR ,116,116,21715,5,10,977,0,0,0,1,14,251,116,116,21715,5,10,977,0,0,0,1,14,251
200404,999,21780, ,Evansville  IN-KY ,135,135,18121,2,4,273,1,3,150,0,0,0,83,83,9957,0,0,0,1,3,150,0,0,0
200404,999,21820,C,Fairbanks  AK ,66,66,12041,3,6,340,0,0,0,0,0,0,65,65,11950,3,6,340,0,0,0,0,0,0
200404,999,22140,C,Farmington  NM ,29,29,4368,0,0,0,0,0,0,0,0,0,29,29,4368,0,0,0,0,0,0,0,0,0
200404,999,22180, ,Fayetteville  NC ,200,200,26871,0,0,0,0,0,0,8,84,6047,149,149,20337,0,0,0,0,0,0,8,84,6047
200404,999,22220, ,Fayetteville-Springdale-Rogers  AR-MO ,279,279,41006,14,28,2073,2,8,520,43,552,24253,253,253,38796,14,28,2073,1,4,330,43,552,24253
200404,999,22380, ,Flagstaff  AZ ,83,83,13924,0,0,0,0,0,0,0,0,0,83,83,13924,0,0,0,0,0,0,0,0,0
200404,999,22500, ,Florence  SC ,24,24,2324,0,0,0,0,0,0,0,0,0,0,0,0,0,0,0,0,0,0,0,0,0
200404,999,22520, ,Florence-Muscle Shoals  AL ,25,25,2745,0,0,0,0,0,0,1,5,224,14,14,1922,0,0,0,0,0,0,0,0,0
200404,999,22660,C,Fort Collins-Loveland  CO ,296,296,49211,6,12,1536,6,23,2467,5,36,2503,149,149,22860,0,0,0,0,0,0,2,16,1007
200404,999,22900, ,Fort Smith  AR-OK ,73,73,10154,1,2,82,0,0,0,0,0,0,54,54,7852,1,2,82,0,0,0,0,0,0
200404,999,23020,C,Fort Walton Beach-Crestview-Destin  FL ,148,148,27692,0,0,0,2,6,479,2,79,17153,28,28,6995,0,0,0,0,0,0,1,72,16900
200404,999,23460, ,Gadsden  AL ,22,22,2185,0,0,0,0,0,0,0,0,0,22,22,2185,0,0,0,0,0,0,0,0,0
200404,999,23540, ,Gainesville  FL ,139,139,17571,1,2,100,0,0,0,3,42,2232,118,118,15315,1,2,100,0,0,0,0,0,0
200404,999,24140,C,Goldsboro  NC ,45,45,5067,0,0,0,0,0,0,0,0,0,45,45,5067,0,0,0,0,0,0,0,0,0
200404,999,24220, ,Grand Forks  ND-MN ,12,12,1721,0,0,0,0,0,0,1,36,2058,12,12,1721,0,0,0,0,0,0,1,36,2058
200404,999,24300,C,Grand Junction  CO ,140,140,18611,0,0,0,1,4,291,1,20,1110,140,140,18611,0,0,0,1,4,291,1,20,1110
200404,999,24500, ,Great Falls  MT ,30,30,3012,0,0,0,0,0,0,1,6,450,30,30,3012,0,0,0,0,0,0,1,6,450
200404,999,24540,C,Greeley  CO ,395,395,72134,4,8,458,1,3,480,7,94,9113,395,395,72134,4,8,458,1,3,480,7,94,9113
200404,999,24580, ,Green Bay  WI ,184,184,30141,0,0,0,2,6,820,3,56,2397,65,65,13493,0,0,0,2,6,820,0,0,0
200404,999,24780, ,Greenville  NC ,82,82,11011,16,32,2242,0,0,0,10,160,5510,35,35,4320,15,30,2071,0,0,0,10,160,5510
200404,999,25180, ,Hagerstown-Martinsburg  MD-WV ,259,259,32585,2,4,382,1,4,180,1,5,150,122,122,14927,2,4,382,0,0,0,0,0,0
200404,999,25260, ,Hanford-Corcoran  CA ,65,65,6721,0,0,0,3,11,387,0,0,0,19,19,2027,0,0,0,1,4,100,0,0,0
200404,999,25500,C,Harrisonburg  VA ,77,77,9377,2,4,355,0,0,0,0,0,0,35,35,3399,2,4,355,0,0,0,0,0,0
200404,999,25620, ,Hattiesburg  MS ,7,7,1775,0,0,0,0,0,0,0,0,0,7,7,1775,0,0,0,0,0,0,0,0,0
200404,999,25860, ,Hickory-Lenoir-Morganton  NC ,135,135,23170,1,2,221,0,0,0,0,0,0,119,119,20081,0,0,0,0,0,0,0,0,0
200404,999,26180,C,Honolulu  HI ,295,295,54910,0,0,0,0,0,0,0,0,0,295,295,54910,0,0,0,0,0,0,0,0,0
200404,999,26300, ,Hot Springs  AR ,13,13,1421,0,0,0,0,0,0,0,0,0,0,0,0,0,0,0,0,0,0,0,0,0
200404,999,26380, ,Houma-Bayou Cane-Thibodaux  LA ,76,76,8014,1,2,46,0,0,0,0,0,0,43,43,3816,0,0,0,0,0,0,0,0,0
200404,999,26580, ,Huntington-Ashland  WV-KY-OH ,6,6,615,1,2,133,2,6,175,0,0,0,2,2,115,0,0,0,2,6,175,0,0,0
200404,999,26980, ,Iowa City  IA ,100,100,16365,0,0,0,0,0,0,3,30,1678,99,99,16246,0,0,0,0,0,0,3,30,1678
200404,999,27100, ,Jackson  MI ,19,19,2496,0,0,0,0,0,0,0,0,0,12,12,1751,0,0,0,0,0,0,0,0,0
200404,999,27260,C,Jacksonville  FL ,1194,1194,212035,2,4,310,0,0,0,12,260,20449,1188,1188,211039,2,4,310,0,0,0,12,260,20449
200404,999,27340, ,Jacksonville  NC ,110,110,10664,0,0,0,0,0,0,0,0,0,44,44,4473,0,0,0,0,0,0,0,0,0
200404,999,27500, ,Janesville  WI ,59,59,7088,1,2,215,2,7,446,1,5,175,30,30,3123,0,0,0,0,0,0,0,0,0
200404,999,27620, ,Jefferson City  MO ,26,26,3903,1,2,155,0,0,0,0,0,0,6,6,1444,0,0,0,0,0,0,0,0,0
200404,999,27780, ,Johnstown  PA ,9,9,1173,0,0,0,0,0,0,0,0,0,8,8,1127,0,0,0,0,0,0,0,0,0
200404,999,27860, ,Jonesboro  AR ,57,57,6498,0,0,0,0,0,0,0,0,0,57,57,6498,0,0,0,0,0,0,0,0,0
200404,999,27900, ,Joplin  MO ,22,22,2070,0,0,0,0,0,0,0,0,0,0,0,0,0,0,0,0,0,0,0,0,0
200404,999,28020, ,Kalamazoo-Portage  MI ,109,109,14400,0,0,0,1,4,688,0,0,0,78,78,10644,0,0,0,1,4,688,0,0,0
200404,999,28420, ,Kennewick-Richland-Pasco  WA ,199,199,33455,2,4,373,0,0,0,3,23,1436,33,33,7453,0,0,0,0,0,0,0,0,0
200404,999,28660, ,Killeen-Temple-Fort Hood  TX ,170,170,21713,8,16,982,4,16,797,0,0,0,170,170,21713,8,16,982,4,16,797,0,0,0
200404,999,29100, ,La Crosse  WI-MN ,47,47,7855,0,0,0,0,0,0,0,0,0,47,47,7855,0,0,0,0,0,0,0,0,0
200404,999,29460,C,Lakeland  FL ,379,379,49078,2,4,273,0,0,0,0,0,0,377,377,48907,2,4,273,0,0,0,0,0,0
200404,999,29540, ,Lancaster  PA ,192,192,29507,0,0,0,0,0,0,4,27,1266,124,124,20610,0,0,0,0,0,0,1,12,500
200404,999,29700,C,Laredo  TX ,158,158,13300,0,0,0,1,4,163,1,6,225,0,0,0,0,0,0,0,0,0,0,0,0
200404,999,29740,C,Las Cruces  NM ,148,148,24289,0,0,0,1,3,145,16,122,7405,142,142,23678,0,0,0,1,3,145,16,122,7405
200404,999,29940, ,Lawrence  KS ,33,33,5151,9,18,1629,0,0,0,0,0,0,24,24,3604,9,18,1629,0,0,0,0,0,0
200404,999,30020, ,Lawton  OK ,13,13,1583,0,0,0,0,0,0,0,0,0,0,0,0,0,0,0,0,0,0,0,0,0
200404,999,30300, ,Lewiston  ID-WA ,4,4,753,0,0,0,0,0,0,0,0,0,4,4,753,0,0,0,0,0,0,0,0,0
200404,999,30700, ,Lincoln  NE ,203,203,27978,3,6,462,0,0,0,2,23,1063,10,10,1111,0,0,0,0,0,0,0,0,0
200404,999,30860, ,Logan  UT-ID ,83,83,14487,2,4,240,3,10,940,1,5,417,71,71,12295,2,4,240,2,7,690,0,0,0
200404,999,31020, ,Longview  WA ,32,32,4738,1,2,88,0,0,0,0,0,0,26,26,3826,0,0,0,0,0,0,0,0,0
200404,999,31340, ,Lynchburg  VA ,131,131,20423,0,0,0,0,0,0,0,0,0,112,112,17582,0,0,0,0,0,0,0,0,0
200404,999,32580,C,McAllen-Edinburg-Pharr  TX ,625,625,38756,27,54,2228,13,41,1424,8,70,2097,136,136,8009,14,28,1121,0,0,0,0,0,0
200404,999,32780,C,Medford  OR ,190,190,31079,2,4,328,6,22,1639,2,14,974,107,107,20990,0,0,0,0,0,0,0,0,0
200404,999,32820, ,Memphis  TN-MS-AR ,875,875,118929,0,0,0,0,0,0,2,40,3122,780,780,105347,0,0,0,0,0,0,2,40,3122
200404,999,32900, ,Merced  CA ,150,150,25130,0,0,0,0,0,0,0,0,0,150,150,25130,0,0,0,0,0,0,0,0,0
200404,999,33100, ,Miami-Fort Lauderdale-Miami Beach  FL ,2219,2219,333423,19,38,3117,8,30,2893,73,1295,105065,2050,2050,302647,17,34,2919,6,23,2297,62,1126,94156
200404,999,33540,C,Missoula  MT ,29,29,2323,1,2,83,0,0,0,1,51,2060,29,29,2323,1,2,83,0,0,0,1,51,2060
200404,999,33700, ,Modesto  CA ,308,308,50363,4,8,492,0,0,0,2,18,1437,287,287,47182,4,8,492,0,0,0,2,18,1437
200404,999,34060, ,Morgantown  WV ,0,0,0,0,0,0,0,0,0,0,0,0,0,0,0,0,0,0,0,0,0,0,0,0
200404,999,34580, ,Mount Vernon-Anacortes  WA ,75,75,12790,2,4,550,0,0,0,0,0,0,62,62,10236,1,2,294,0,0,0,0,0,0
200404,999,34620, ,Muncie  IN ,22,22,4002,0,0,0,0,0,0,0,0,0,2,2,116,0,0,0,0,0,0,0,0,0
200404,999,34940,C,Naples-Marco Island  FL ,386,386,95260,9,18,2462,37,139,23983,11,190,17712,386,386,95260,9,18,2462,37,139,23983,11,190,17712
200404,999,35660, ,Niles-Benton Harbor  MI ,39,39,8141,0,0,0,0,0,0,0,0,0,37,37,7605,0,0,0,0,0,0,0,0,0
200404,999,35980,C,Norwich-New London  CT ,89,89,13855,1,2,75,1,4,390,3,90,3965,50,50,8245,1,2,75,1,4,390,2,80,3502
200404,999,36100,C,Ocala  FL ,361,361,40689,1,2,110,0,0,0,1,5,140,361,361,40689,1,2,110,0,0,0,1,5,140
200404,999,36140,C,Ocean City  NJ ,89,89,13111,16,32,4812,1,4,862,4,31,3648,82,82,11404,16,32,4812,1,4,862,4,31,3648
200404,999,36980, ,Owensboro  KY ,35,35,3564,0,0,0,0,0,0,0,0,0,35,35,3564,0,0,0,0,0,0,0,0,0
200404,999,37340,C,Palm Bay-Melbourne-Titusville  FL ,482,482,81015,6,12,1700,0,0,0,2,31,6720,332,332,57528,6,12,1700,0,0,0,2,31,6720
200404,999,37460,C,Panama City-Lynn Haven  FL ,142,142,19971,1,2,138,0,0,0,0,0,0,142,142,19971,1,2,138,0,0,0,0,0,0
200404,999,37620, ,Parkersburg-Marietta  WV-OH ,16,16,1633,0,0,0,1,3,74,0,0,0,15,15,1480,0,0,0,1,3,74,0,0,0
200404,999,37860, ,Pensacola-Ferry Pass-Brent  FL ,386,386,52397,2,4,277,0,0,0,18,494,28835,386,386,52397,2,4,277,0,0,0,18,494,28835
200404,999,38060, ,Phoenix-Mesa-Scottsdale  AZ ,4854,4854,794168,22,44,3491,55,210,17398,115,1372,85679,4203,4203,719019,19,38,3057,53,202,17119,113,1353,84404
200404,999,38340, ,Pittsfield  MA ,14,14,2109,0,0,0,2,8,1100,0,0,0,4,4,556,0,0,0,2,8,1100,0,0,0
200404,999,38540, ,Pocatello  ID ,37,37,4167,0,0,0,0,0,0,0,0,0,37,37,4167,0,0,0,0,0,0,0,0,0
200404,999,38900,C,Portland-Vancouver-Beaverton  OR-WA ,1038,1038,204974,3,6,551,15,59,5774,19,293,24379,910,910,181080,2,4,383,15,59,5774,18,286,24169
200404,999,38940,C,Port St. Lucie-Fort Pierce  FL ,890,890,120464,11,22,3445,6,19,893,13,126,9157,275,275,56589,11,22,3445,6,19,893,7,47,5380
200404,999,39140, ,Prescott  AZ ,225,225,32147,7,14,909,3,9,360,0,0,0,154,154,25057,1,2,120,2,6,186,0,0,0
200404,999,39300, ,Providence-New Bedford-Fall River  RI-MA ,321,321,53080,4,8,414,1,4,320,7,224,12318,140,140,25599,1,2,200,1,4,320,3,193,10597
200404,999,39340, ,Provo-Orem  UT ,341,341,62246,3,6,828,7,22,2041,7,66,5508,321,321,57785,3,6,828,6,19,1785,7,66,5508
200404,999,39380,C,Pueblo  CO ,105,105,11739,2,4,182,0,0,0,0,0,0,105,105,11739,2,4,182,0,0,0,0,0,0
200404,999,39460,C,Punta Gorda  FL ,238,238,38854,3,6,544,4,13,1743,0,0,0,238,238,38854,3,6,544,4,13,1743,0,0,0
200404,999,39660, ,Rapid City  SD ,82,82,10755,3,6,622,1,3,319,0,0,0,46,46,5767,1,2,230,0,0,0,0,0,0
200404,999,39740, ,Reading  PA ,98,98,13577,0,0,0,0,0,0,2,14,1750,71,71,9123,0,0,0,0,0,0,2,14,1750
200404,999,39820,C,Redding  CA ,86,86,14266,0,0,0,0,0,0,0,0,0,86,86,14266,0,0,0,0,0,0,0,0,0
200404,999,39900,C,Reno-Sparks  NV ,391,391,65497,0,0,0,2,8,1636,4,28,3030,391,391,65497,0,0,0,2,8,1636,4,28,3030
200404,999,40060,C,Richmond  VA ,678,678,99374,2,4,277,4,16,934,16,242,14126,568,568,85875,2,4,277,4,16,934,16,242,14126
200404,999,40220, ,Roanoke  VA ,134,134,16454,2,4,269,1,4,250,0,0,0,107,107,13929,0,0,0,1,4,250,0,0,0
200404,999,40340, ,Rochester  MN ,171,171,28597,0,0,0,0,0,0,0,0,0,150,150,25745,0,0,0,0,0,0,0,0,0
200404,999,40580, ,Rocky Mount  NC ,60,60,5380,3,6,380,0,0,0,0,0,0,33,33,3609,1,2,56,0,0,0,0,0,0
200404,999,40660,C,Rome  GA ,50,50,7365,12,24,1431,0,0,0,0,0,0,49,49,7263,12,24,1431,0,0,0,0,0,0
200404,999,41100, ,St. George  UT ,292,292,34210,2,4,329,0,0,0,1,12,1100,281,281,32230,2,4,329,0,0,0,1,12,1100
200404,999,41140, ,St. Joseph  MO-KS ,17,17,2406,1,2,151,1,3,140,1,5,236,1,1,200,0,0,0,0,0,0,0,0,0
200404,999,41420,C,Salem  OR ,163,163,27295,5,10,1011,1,3,217,3,20,1137,31,31,5381,0,0,0,0,0,0,0,0,0
200404,999,41500, ,Salinas  CA ,77,77,25765,0,0,0,0,0,0,0,0,0,75,75,25435,0,0,0,0,0,0,0,0,0
200404,999,41660, ,San Angelo  TX ,13,13,1815,0,0,0,0,0,0,0,0,0,13,13,1815,0,0,0,0,0,0,0,0,0
200404,999,41700, ,San Antonio  TX ,1163,1163,162156,16,32,2040,1,3,423,38,687,47755,907,907,124666,14,28,1815,0,0,0,37,675,47310
200404,999,41740,C,San Diego-Carlsbad-San Marcos  CA ,1032,1032,226401,3,6,757,55,166,19926,46,696,70176,1011,1011,222627,3,6,757,55,166,19926,44,672,67818
200404,999,41780, ,Sandusky  OH ,11,11,1967,0,0,0,0,0,0,0,0,0,10,10,1827,0,0,0,0,0,0,0,0,0
200404,999,42020,C,San Luis Obispo-Paso Robles  CA ,149,149,27294,1,2,80,2,6,439,12,60,1535,132,132,24149,1,2,80,1,3,190,12,60,1535
200404,999,42060, ,Santa Barbara-Santa Maria-Goleta  CA ,90,90,20272,1,2,31,29,108,8772,2,17,1810,15,15,7313,1,2,31,29,108,8772,0,0,0
200404,999,42260,C,Sarasota-Bradenton-Venice  FL ,788,788,143922,2,4,632,33,132,13096,42,575,45514,581,581,117324,1,2,275,33,132,13096,42,575,45514
200404,999,42540, ,Scranton--Wilkes-Barre  PA ,98,98,12186,0,0,0,2,7,440,2,10,897,61,61,8014,0,0,0,1,4,140,0,0,0
200404,999,43100, ,Sheboygan  WI ,14,14,2479,0,0,0,0,0,0,2,24,850,7,7,1217,0,0,0,0,0,0,2,24,850
200404,999,43300, ,Sherman-Denison  TX ,13,13,1441,1,2,90,0,0,0,0,0,0,13,13,1441,1,2,90,0,0,0,0,0,0
200404,999,43620, ,Sioux Falls  SD ,208,208,29122,0,0,0,2,8,1362,0,0,0,207,207,29025,0,0,0,2,8,1362,0,0,0
200404,999,43780, ,South Bend-Mishawaka  IN-MI ,91,91,17459,0,0,0,0,0,0,0,0,0,90,90,17366,0,0,0,0,0,0,0,0,0
200404,999,44060, ,Spokane  WA ,170,170,27781,10,20,1763,4,14,530,0,0,0,170,170,27781,10,20,1763,4,14,530,0,0,0
200404,999,44100, ,Springfield  IL ,60,60,8726,8,16,1293,1,3,389,1,15,853,11,11,1558,0,0,0,0,0,0,0,0,0
200404,999,44140, ,Springfield  MA ,86,86,14857,1,2,131,0,0,0,0,0,0,52,52,10136,0,0,0,0,0,0,0,0,0
200404,999,44180, ,Springfield  MO ,261,261,38259,7,14,680,0,0,0,12,164,5230,231,231,34933,5,10,456,0,0,0,10,146,4900
200404,999,44300, ,State College  PA ,43,43,7512,0,0,0,1,3,131,0,0,0,43,43,7512,0,0,0,0,0,0,0,0,0
200404,999,44700,C,Stockton  CA ,596,596,116756,1,2,207,2,6,571,6,74,8787,596,596,116756,1,2,207,2,6,571,6,74,8787
200404,999,44940,C,Sumter  SC ,49,49,4603,2,4,236,0,0,0,1,11,594,0,0,0,0,0,0,0,0,0,0,0,0
200404,999,45220, ,Tallahassee  FL ,176,176,29335,1,2,138,1,3,175,6,94,5487,122,122,25511,1,2,138,1,3,175,6,94,5487
200404,999,45300,C,Tampa-St. Petersburg-Clearwater  FL ,2079,2079,300966,28,56,4005,6,22,1896,18,325,30719,2075,2075,300450,28,56,4005,6,22,1896,18,325,30719
200404,999,45460, ,Terre Haute  IN ,23,23,3105,0,0,0,0,0,0,1,5,175,0,0,0,0,0,0,0,0,0,0,0,0
200404,999,45500, ,Texarkana  TX-Texarkana  AR ,33,33,2840,6,12,496,0,0,0,0,0,0,33,33,2840,6,12,496,0,0,0,0,0,0
200404,999,45820, ,Topeka  KS ,105,105,17222,0,0,0,0,0,0,0,0,0,102,102,16974,0,0,0,0,0,0,0,0,0
200404,999,46060, ,Tucson  AZ ,652,652,123258,4,8,827,5,19,1808,2,12,958,607,607,116638,4,8,827,5,19,1808,2,12,958
200404,999,46220, ,Tuscaloosa  AL ,111,111,14099,0,0,0,0,0,0,0,0,0,111,111,14099,0,0,0,0,0,0,0,0,0
200404,999,46540, ,Utica-Rome  NY ,10,10,2016,0,0,0,0,0,0,0,0,0,5,5,1389,0,0,0,0,0,0,0,0,0
200404,999,46660, ,Valdosta  GA ,85,85,9609,1,2,121,0,0,0,1,23,786,13,13,1062,0,0,0,0,0,0,0,0,0
200404,999,46940,C,Vero Beach  FL ,174,174,37849,1,2,120,1,3,408,3,38,3726,54,54,12829,1,2,120,0,0,0,0,0,0
200404,999,47020, ,Victoria  TX ,5,5,674,0,0,0,29,116,6772,0,0,0,5,5,674,0,0,0,29,116,6772,0,0,0
200404,999,47260, ,Virginia Beach-Norfolk-Newport News  VA-NC ,675,675,106000,20,40,2741,6,21,1480,12,555,31181,398,398,67437,18,36,2490,3,9,525,6,490,28602
200404,999,47300, ,Visalia-Porterville  CA ,174,174,24868,1,2,112,2,8,523,0,0,0,172,172,24696,1,2,112,2,8,523,0,0,0
200404,999,47380, ,Waco  TX ,50,50,8198,7,14,926,0,0,0,1,8,1100,50,50,8198,7,14,926,0,0,0,1,8,1100
200404,999,47940, ,Waterloo-Cedar Falls  IA ,47,47,9039,1,2,331,2,8,843,1,6,677,31,31,5537,1,2,331,2,8,843,0,0,0
200404,999,48260, ,Weirton-Steubenville  WV-OH ,9,9,1736,0,0,0,0,0,0,0,0,0,9,9,1736,0,0,0,0,0,0,0,0,0
200404,999,48300, ,Wenatchee  WA ,48,48,7482,0,0,0,1,4,457,0,0,0,23,23,3532,0,0,0,0,0,0,0,0,0
200404,999,48540, ,Wheeling  WV-OH ,4,4,459,0,0,0,0,0,0,0,0,0,1,1,125,0,0,0,0,0,0,0,0,0
200404,999,48660, ,Wichita Falls  TX ,28,28,3877,0,0,0,0,0,0,0,0,0,25,25,3619,0,0,0,0,0,0,0,0,0
200404,999,48900,C,Wilmington  NC ,566,566,83018,2,4,767,3,11,678,6,75,6760,144,144,21938,2,4,767,2,8,500,0,0,0
200404,999,49420, ,Yakima  WA ,40,40,6538,8,16,1312,1,3,211,0,0,0,6,6,896,7,14,1136,1,3,211,0,0,0
200404,999,49700, ,Yuba City  CA ,354,354,49752,1,2,275,0,0,0,0,0,0,336,336,47390,1,2,275,0,0,0,0,0,0
200404,999,49740, ,Yuma  AZ ,293,293,38933,0,0,0,0,0,0,0,0,0,293,293,38933,0,0,0,0,0,0,0,0,0
