Survey,CSA,CBSA,MONCOV,CBSA,,1-unit,,,2-units,,,3-4 units,,,5+ units,,,1-unit rep,,,2-units rep,,,3-4 units rep,,,5+ units rep
Date,Code,Code,,Name,Bldgs,Units,Value,Bldgs,Units,Value,Bldgs,Units,Value,Bldgs,Units,Value,Bldgs,Units,Value,Bldgs,Units,Value,      Bldgs,Units,Value,Bldgs,Units,Value
 
200510,102,18700, ,Corvallis  OR ,21,21,3685,0,0,0,0,0,0,0,0,0,21,21,3685,0,0,0,0,0,0,0,0,0
200510,104,10580, ,Albany-Schenectady-Troy  NY ,130,130,28978,0,0,0,0,0,0,18,136,8304,71,71,15698,0,0,0,0,0,0,13,108,6500
200510,104,24020, ,Glens Falls  NY ,52,52,9181,0,0,0,0,0,0,0,0,0,37,37,7646,0,0,0,0,0,0,0,0,0
200510,112,11180, ,Ames  IA ,22,22,4075,0,0,0,0,0,0,2,26,750,22,22,4075,0,0,0,0,0,0,2,26,750
200510,118,11540, ,Appleton  WI ,89,89,17045,4,8,973,0,0,0,0,0,0,87,87,16717,4,8,973,0,0,0,0,0,0
200510,118,36780, ,Oshkosh-Neenah  WI ,45,45,8801,3,6,615,0,0,0,0,0,0,45,45,8801,3,6,615,0,0,0,0,0,0
200510,120,11700, ,Asheville  NC ,269,269,54893,1,2,257,0,0,0,1,19,929,159,159,33531,1,2,257,0,0,0,0,0,0
200510,122,12060,C,Atlanta-Sandy Springs-Marietta  GA ,5124,5124,767337,2,4,314,4,16,1468,13,598,44345,5017,5017,755567,2,4,314,4,16,1468,10,558,42736
200510,122,23580, ,Gainesville  GA ,97,97,17288,0,0,0,0,0,0,3,96,9600,97,97,17288,0,0,0,0,0,0,3,96,9600
200510,132,12940, ,Baton Rouge  LA ,455,455,45581,1,2,254,2,6,419,2,15,1205,209,209,23119,1,2,254,0,0,0,0,0,0
200510,140,13460,C,Bend  OR ,319,319,70917,9,18,2447,1,3,365,2,96,19200,319,319,70917,9,18,2447,1,3,365,2,96,19200
200510,142,13820,C,Birmingham-Hoover  AL ,632,632,100756,1,2,166,0,0,0,5,66,4535,385,385,52633,1,2,166,0,0,0,0,0,0
200510,148,14460,C,Boston-Cambridge-Quincy  MA-NH ,677,677,149135,19,38,4005,9,31,9878,29,489,44725,389,389,96121,10,20,2155,6,22,8339,12,333,29439
200510,148,31700, ,Manchester-Nashua  NH ,96,96,20639,4,8,754,0,0,0,4,144,13187,60,60,15069,2,4,365,0,0,0,2,111,10060
200510,148,49340, ,Worcester  MA ,165,165,27564,7,14,1920,10,36,2777,0,0,0,68,68,14730,6,12,1726,8,30,2284,0,0,0
200510,154,15180, ,Brownsville-Harlingen  TX ,212,212,17395,1,2,58,6,23,960,0,0,0,100,100,9327,0,0,0,4,16,593,0,0,0
200510,160,15380, ,Buffalo-Niagara Falls  NY ,163,163,28836,3,6,700,1,4,200,0,0,0,160,160,28436,3,6,700,1,4,200,0,0,0
200510,172,16740,C,Charlotte-Gastonia-Concord  NC-SC ,1659,1659,260262,2,4,357,1,4,408,9,234,18049,1516,1516,234666,1,2,157,0,0,0,7,223,16867
200510,174,16860, ,Chattanooga  TN-GA ,253,253,36682,2,4,179,0,0,0,1,8,351,196,196,28770,0,0,0,0,0,0,0,0,0
200510,174,17420, ,Cleveland  TN ,45,45,7762,1,2,100,1,4,216,0,0,0,45,45,7762,1,2,100,1,4,216,0,0,0
200510,176,16980,C,Chicago-Naperville-Joliet  IL-IN-WI ,3177,3177,666036,55,110,11736,55,188,19181,82,1182,104287,2728,2728,576447,48,96,10146,50,170,17509,67,994,89981
200510,176,28100, ,Kankakee-Bradley  IL ,20,20,4347,0,0,0,0,0,0,0,0,0,19,19,4247,0,0,0,0,0,0,0,0,0
200510,176,33140, ,Michigan City-La Porte  IN ,24,24,3493,0,0,0,0,0,0,0,0,0,0,0,0,0,0,0,0,0,0,0,0,0
200510,178,17140,C,Cincinnati-Middletown  OH-KY-IN ,909,909,166825,14,28,2140,13,47,3863,10,88,5139,758,758,135751,12,24,1738,13,47,3863,4,48,2978
200510,184,10420, ,Akron  OH ,166,166,30143,0,0,0,1,3,69,2,22,779,142,142,27753,0,0,0,0,0,0,0,0,0
200510,184,17460,C,Cleveland-Elyria-Mentor  OH ,500,500,97003,5,10,1170,5,17,899,2,10,734,407,407,84264,5,10,1170,2,6,176,0,0,0
200510,192,17900,C,Columbia  SC ,527,527,66222,0,0,0,0,0,0,3,56,4578,281,281,37739,0,0,0,0,0,0,0,0,0
200510,194,12220,C,Auburn-Opelika  AL ,127,127,18890,0,0,0,0,0,0,2,36,2500,115,115,17218,0,0,0,0,0,0,2,36,2500
200510,194,17980, ,Columbus  GA-AL ,121,121,16864,0,0,0,1,3,131,2,25,2359,60,60,10514,0,0,0,0,0,0,0,0,0
200510,198,18140,C,Columbus  OH ,738,738,144861,1,2,197,12,44,3161,28,380,31005,699,699,138739,1,2,197,10,37,2836,27,371,30820
200510,204,18580, ,Corpus Christi  TX ,144,144,17535,1,2,148,5,20,755,3,44,1331,36,36,5704,0,0,0,0,0,0,0,0,0
200510,206,19100,C,Dallas-Fort Worth-Arlington  TX ,4588,4588,746591,29,58,2607,2,8,651,7,160,11865,4182,4182,672551,28,56,2486,2,8,651,5,150,11488
200510,212,19380, ,Dayton  OH ,145,145,29154,1,2,271,1,4,175,2,24,1452,133,133,27319,1,2,271,1,4,175,2,24,1452
200510,212,44220, ,Springfield  OH ,16,16,3000,3,6,600,0,0,0,0,0,0,16,16,3000,3,6,600,0,0,0,0,0,0
200510,214,19660,C,Deltona-Daytona Beach-Ormond Beach  FL ,346,346,60842,0,0,0,0,0,0,2,45,3733,285,285,50134,0,0,0,0,0,0,0,0,0
200510,216,14500, ,Boulder  CO ,42,42,12824,0,0,0,0,0,0,1,8,587,36,36,11772,0,0,0,0,0,0,0,0,0
200510,216,19740,C,Denver-Aurora  CO ,1340,1340,288964,13,26,4552,4,12,1704,14,163,15970,1283,1283,278754,12,24,4284,4,12,1704,14,163,15970
200510,218,19780,C,Des Moines  IA ,532,532,89949,2,4,224,0,0,0,6,70,5600,526,526,89228,2,4,224,0,0,0,6,70,5600
200510,220,11460, ,Ann Arbor  MI ,69,69,11686,1,2,155,0,0,0,5,29,1921,45,45,8754,0,0,0,0,0,0,4,24,1619
200510,220,19820,C,Detroit-Warren-Livonia  MI ,1130,1130,196384,8,16,1714,6,21,1874,17,153,12644,1003,1003,171574,7,14,1389,5,18,1661,15,142,11843
200510,220,22420, ,Flint  MI ,92,92,18487,0,0,0,0,0,0,1,24,1292,84,84,17126,0,0,0,0,0,0,1,24,1292
200510,220,33780, ,Monroe  MI ,50,50,8634,0,0,0,0,0,0,0,0,0,35,35,6138,0,0,0,0,0,0,0,0,0
200510,222,20020, ,Dothan  AL ,36,36,2862,0,0,0,0,0,0,0,0,0,35,35,2785,0,0,0,0,0,0,0,0,0
200510,232,20740, ,Eau Claire  WI ,72,72,8903,1,2,200,0,0,0,1,9,400,70,70,8612,1,2,200,0,0,0,1,9,400
200510,244,22020, ,Fargo  ND-MN ,142,142,21507,0,0,0,1,4,452,6,118,13000,142,142,21507,0,0,0,1,4,452,6,118,13000
200510,252,22540, ,Fond du Lac  WI ,14,14,2442,1,2,233,1,3,273,0,0,0,3,3,605,0,0,0,0,0,0,0,0,0
200510,258,23060, ,Fort Wayne  IN ,167,167,33703,2,4,120,0,0,0,6,37,1210,167,167,33703,2,4,120,0,0,0,6,37,1210
200510,260,23420, ,Fresno  CA ,315,315,65505,4,8,712,3,12,1099,11,56,3888,103,103,30456,0,0,0,0,0,0,0,0,0
200510,260,31460, ,Madera  CA ,156,156,21973,1,2,114,1,3,155,0,0,0,156,156,21973,1,2,114,1,3,155,0,0,0
200510,266,24340,C,Grand Rapids-Wyoming  MI ,298,298,44694,3,6,997,1,3,226,7,73,5828,222,222,38467,3,6,997,0,0,0,6,58,4130
200510,266,26100, ,Holland-Grand Haven  MI ,93,93,15086,3,6,438,3,9,1156,2,17,609,27,27,4777,0,0,0,0,0,0,0,0,0
200510,266,34740, ,Muskegon-Norton Shores  MI ,26,26,4771,2,4,360,0,0,0,0,0,0,13,13,2589,2,4,360,0,0,0,0,0,0
200510,268,15500, ,Burlington  NC ,135,135,15619,0,0,0,1,4,335,0,0,0,135,135,15619,0,0,0,1,4,335,0,0,0
200510,268,24660,C,Greensboro-High Point  NC ,389,389,65497,2,4,145,0,0,0,11,152,6755,201,201,29508,2,4,145,0,0,0,9,108,3797
200510,268,49180, ,Winston-Salem  NC ,263,263,34848,0,0,0,1,3,189,2,37,1519,29,29,4356,0,0,0,0,0,0,0,0,0
200510,273,11340, ,Anderson  SC ,105,105,14972,0,0,0,0,0,0,0,0,0,105,105,14972,0,0,0,0,0,0,0,0,0
200510,273,24860,C,Greenville  SC ,437,437,51432,0,0,0,0,0,0,3,26,1696,373,373,43901,0,0,0,0,0,0,0,0,0
200510,273,43900, ,Spartanburg  SC ,146,146,14380,0,0,0,0,0,0,0,0,0,146,146,14380,0,0,0,0,0,0,0,0,0
200510,274,25060, ,Gulfport-Biloxi  MS ,40,40,4811,0,0,0,0,0,0,0,0,0,40,40,4811,0,0,0,0,0,0,0,0,0
200510,274,37700, ,Pascagoula  MS ,0,0,0,0,0,0,0,0,0,0,0,0,0,0,0,0,0,0,0,0,0,0,0,0
200510,276,25420, ,Harrisburg-Carlisle  PA ,131,131,24918,2,4,380,0,0,0,10,80,5246,115,115,22535,1,2,220,0,0,0,10,80,5246
200510,276,30140, ,Lebanon  PA ,51,51,6480,0,0,0,0,0,0,0,0,0,9,9,1199,0,0,0,0,0,0,0,0,0
200510,278,25540, ,Hartford-West Hartford-East Hartford  CT ,175,175,31643,4,8,303,1,4,300,4,25,1020,125,125,24744,2,4,130,1,4,300,0,0,0
200510,288,26420,C,Houston-Baytown-Sugar Land  TX ,4171,4171,549685,8,16,1578,1,3,363,45,1130,65827,3860,3860,500909,8,16,1578,1,3,363,41,1094,64950
200510,290,19460, ,Decatur  AL ,30,30,3523,0,0,0,0,0,0,0,0,0,30,30,3523,0,0,0,0,0,0,0,0,0
200510,290,26620, ,Huntsville  AL ,297,297,33713,0,0,0,0,0,0,0,0,0,140,140,13550,0,0,0,0,0,0,0,0,0
200510,292,26820, ,Idaho Falls  ID ,128,128,15973,0,0,0,1,4,133,0,0,0,128,128,15973,0,0,0,1,4,133,0,0,0
200510,294,11300, ,Anderson  IN ,33,33,6204,0,0,0,0,0,0,0,0,0,33,33,6204,0,0,0,0,0,0,0,0,0
200510,294,18020, ,Columbus  IN ,27,27,5082,0,0,0,0,0,0,0,0,0,27,27,5082,0,0,0,0,0,0,0,0,0
200510,294,26900,C,Indianapolis  IN ,1167,1167,211925,22,44,4140,7,27,2215,58,744,52090,1113,1113,202866,21,42,4042,6,24,2215,58,744,52090
200510,296,27060, ,Ithaca  NY ,6,6,1266,1,2,125,0,0,0,0,0,0,5,5,1065,1,2,125,0,0,0,0,0,0
200510,297,27180, ,Jackson  TN ,42,42,12032,0,0,0,0,0,0,0,0,0,42,42,12032,0,0,0,0,0,0,0,0,0
200510,298,27140, ,Jackson  MS ,347,347,54863,0,0,0,0,0,0,3,30,1360,339,339,53986,0,0,0,0,0,0,0,0,0
200510,304,27740, ,Johnson City  TN ,74,74,12134,0,0,0,1,3,69,7,56,2975,38,38,8700,0,0,0,0,0,0,7,56,2975
200510,304,28700, ,Kingsport-Bristol-Bristol  TN-VA ,71,71,7076,0,0,0,0,0,0,0,0,0,24,24,1714,0,0,0,0,0,0,0,0,0
200510,312,28140,C,Kansas City  MO-KS ,1021,1021,185004,70,140,10453,11,41,3705,3,32,2102,921,921,169468,66,132,9728,6,24,2174,1,22,1666
200510,314,28940, ,Knoxville  TN ,352,352,44900,1,2,175,2,8,820,4,56,3025,274,274,37182,1,2,175,2,8,820,2,20,1458
200510,316,29020, ,Kokomo  IN ,15,15,4206,0,0,0,0,0,0,0,0,0,7,7,3095,0,0,0,0,0,0,0,0,0
200510,318,29180, ,Lafayette  LA ,209,209,20274,0,0,0,0,0,0,0,0,0,61,61,8525,0,0,0,0,0,0,0,0,0
200510,320,29140, ,Lafayette  IN ,92,92,14343,0,0,0,2,8,840,0,0,0,92,92,14343,0,0,0,2,8,840,0,0,0
200510,324,29340, ,Lake Charles  LA ,20,20,2909,2,4,151,0,0,0,1,8,308,0,0,0,0,0,0,0,0,0,0,0,0
200510,330,29620, ,Lansing-East Lansing  MI ,84,84,14886,1,2,198,1,4,350,3,39,1389,42,42,7830,0,0,0,1,4,350,1,24,350
200510,332,29820,C,Las Vegas-Paradise  NV ,2393,2393,369738,0,0,0,16,54,4976,6,175,11063,2393,2393,369738,0,0,0,16,54,4976,6,175,11063
200510,336,30460, ,Lexington-Fayette  KY ,371,371,53499,0,0,0,1,4,380,2,51,1984,139,139,22030,0,0,0,0,0,0,0,0,0
200510,338,30620, ,Lima  OH ,4,4,463,0,0,0,0,0,0,0,0,0,1,1,70,0,0,0,0,0,0,0,0,0
200510,340,30780, ,Little Rock-North Little Rock  AR ,276,276,48239,1,2,65,0,0,0,11,258,29444,270,270,47539,1,2,65,0,0,0,11,258,29444
200510,340,38220, ,Pine Bluff  AR ,4,4,275,0,0,0,0,0,0,1,5,71,1,1,175,0,0,0,0,0,0,0,0,0
200510,346,30980, ,Longview  TX ,12,12,1291,0,0,0,0,0,0,0,0,0,12,12,1291,0,0,0,0,0,0,0,0,0
200510,348,31100,C,Los Angeles-Long Beach-Santa Ana  CA ,1308,1308,311189,29,58,6946,8,28,2006,36,640,77320,1177,1177,272743,23,46,5292,4,14,1290,22,529,63854
200510,348,37100, ,Oxnard-Thousand Oaks-Ventura  CA ,93,93,32709,0,0,0,2,8,904,3,15,1356,33,33,14864,0,0,0,0,0,0,0,0,0
200510,348,40140,C,Riverside-San Bernardino-Ontario  CA ,3228,3228,588361,4,8,1001,10,33,2951,49,316,27434,2569,2569,470261,4,8,1001,6,19,1751,40,259,22968
200510,350,21060, ,Elizabethtown  KY ,58,58,11291,1,2,75,0,0,0,0,0,0,58,58,11291,1,2,75,0,0,0,0,0,0
200510,350,31140,C,Louisville  KY-IN ,386,386,64614,0,0,0,0,0,0,0,0,0,308,308,48695,0,0,0,0,0,0,0,0,0
200510,352,31180, ,Lubbock  TX ,81,81,13659,16,32,1900,0,0,0,0,0,0,81,81,13659,16,32,1900,0,0,0,0,0,0
200510,356,31420, ,Macon  GA ,71,71,8250,0,0,0,0,0,0,0,0,0,71,71,8250,0,0,0,0,0,0,0,0,0
200510,356,47580, ,Warner Robins  GA ,103,103,16488,0,0,0,0,0,0,0,0,0,103,103,16488,0,0,0,0,0,0,0,0,0
200510,358,31540,C,Madison  WI ,252,252,49011,12,24,2891,7,25,2193,11,302,34612,197,197,40617,8,16,1993,3,12,1096,8,285,33575
200510,360,31900, ,Mansfield  OH ,20,20,3414,1,2,198,1,4,276,0,0,0,0,0,0,0,0,0,0,0,0,0,0,0
200510,372,33260,C,Midland  TX ,28,28,3456,0,0,0,0,0,0,0,0,0,28,28,3456,0,0,0,0,0,0,0,0,0
200510,372,36220,C,Odessa  TX ,10,10,1133,0,0,0,0,0,0,0,0,0,10,10,1133,0,0,0,0,0,0,0,0,0
200510,376,33340,C,Milwaukee-Waukesha-West Allis  WI ,262,262,68382,14,28,3520,1,4,280,8,228,14427,219,219,55240,12,24,3111,1,4,280,7,223,14099
200510,376,39540, ,Racine  WI ,39,39,9738,0,0,0,1,4,650,1,5,190,37,37,9310,0,0,0,1,4,650,0,0,0
200510,378,33460,C,Minneapolis-St. Paul-Bloomington  MN-WI ,1638,1638,328964,15,30,4054,13,47,6682,31,538,70711,1395,1395,282462,15,30,4054,13,47,6682,28,520,68446
200510,378,41060, ,St. Cloud  MN ,96,96,15183,0,0,0,0,0,0,3,17,1016,58,58,9594,0,0,0,0,0,0,0,0,0
200510,380,33660, ,Mobile  AL ,168,168,26344,0,0,0,0,0,0,5,72,7000,160,160,24778,0,0,0,0,0,0,5,72,7000
200510,384,33740, ,Monroe  LA ,22,22,3548,1,2,51,0,0,0,0,0,0,2,2,550,0,0,0,0,0,0,0,0,0
200510,388,33860, ,Montgomery  AL ,82,82,14371,0,0,0,0,0,0,0,0,0,82,82,14371,0,0,0,0,0,0,0,0,0
200510,392,34100, ,Morristown  TN ,52,52,8056,0,0,0,0,0,0,0,0,0,52,52,8056,0,0,0,0,0,0,0,0,0
200510,396,34820, ,Myrtle Beach-Conway-North Myrtle Beach  SC ,540,540,76548,3,6,395,4,15,1107,18,279,34745,504,504,71754,2,4,266,3,12,860,14,189,27199
200510,400,34980,C,Nashville-Davidson--Murfreesboro  TN ,1052,1052,176963,23,46,3432,11,33,470,0,0,0,1043,1043,175557,23,46,3432,11,33,470,0,0,0
200510,406,35380,C,New Orleans-Metairie-Kenner  LA ,90,90,12536,0,0,0,1,3,150,0,0,0,30,30,3944,0,0,0,0,0,0,0,0,0
200510,408,14860, ,Bridgeport-Stamford-Norwalk  CT ,114,114,45156,3,6,480,0,0,0,2,105,4704,100,100,35624,3,6,480,0,0,0,1,100,4296
200510,408,28740, ,Kingston  NY ,45,45,9182,0,0,0,0,0,0,0,0,0,44,44,9018,0,0,0,0,0,0,0,0,0
200510,408,35300, ,New Haven-Milford  CT ,107,107,17201,0,0,0,0,0,0,2,28,1366,61,61,11026,0,0,0,0,0,0,1,12,400
200510,408,35620,C,New York-Northern New Jersey-Long Island  NY-NJ-PA ,1606,1606,343437,300,600,55201,211,645,57636,85,1579,112044,1147,1147,256303,223,446,43706,203,617,55555,58,1295,96137
200510,408,39100, ,Poughkeepsie-Newburgh-Middletown  NY ,107,107,16720,0,0,0,0,0,0,3,18,1216,68,68,10215,0,0,0,0,0,0,0,0,0
200510,408,45940,C,Trenton-Ewing  NJ ,77,77,9259,0,0,0,0,0,0,1,15,1783,37,37,4459,0,0,0,0,0,0,0,0,0
200510,416,36420,C,Oklahoma City  OK ,672,672,104536,2,4,325,1,3,148,3,25,1375,322,322,58111,1,2,180,0,0,0,1,8,280
200510,420,36540,C,Omaha-Council Bluffs  NE-IA ,534,534,69007,5,10,1288,0,0,0,5,208,10227,520,520,67043,5,10,1288,0,0,0,4,203,9977
200510,422,36740,C,Orlando  FL ,1924,1924,306983,1,2,106,10,40,1880,71,1218,108581,1512,1512,253447,0,0,0,10,40,1880,70,1207,107982
200510,426,37900, ,Peoria  IL ,57,57,10085,10,20,1776,1,4,470,0,0,0,57,57,10085,10,20,1776,1,4,470,0,0,0
200510,428,37980,C,Philadelphia-Camden-Wilmington  PA-NJ-DE-MD ,1208,1208,182457,4,8,745,11,35,4145,20,296,18867,808,808,127990,4,8,745,10,32,2895,10,187,13316
200510,428,47220,C,Vineland-Millville-Bridgeton  NJ ,46,46,4416,1,2,385,0,0,0,0,0,0,12,12,1433,1,2,385,0,0,0,0,0,0
200510,430,38300,C,Pittsburgh  PA ,454,454,83924,4,8,879,5,18,1469,11,65,5797,332,332,66353,4,8,879,3,12,1206,2,13,2309
200510,438,30340, ,Lewiston-Auburn  ME ,30,30,4581,0,0,0,0,0,0,0,0,0,7,7,1188,0,0,0,0,0,0,0,0,0
200510,438,38860, ,Portland-South Portland-Biddeford  ME ,216,216,39920,6,12,1153,1,4,348,3,41,3825,121,121,22329,4,8,740,0,0,0,2,36,2900
200510,450,20500,C,Durham  NC ,316,316,57376,2,4,180,1,4,250,0,0,0,205,205,36280,2,4,180,1,4,250,0,0,0
200510,450,39580,C,Raleigh-Cary  NC ,1167,1167,202056,10,20,1726,0,0,0,1,12,501,1091,1091,191465,10,20,1726,0,0,0,0,0,0
200510,464,40380, ,Rochester  NY ,99,99,17966,2,4,397,0,0,0,0,0,0,64,64,12160,2,4,397,0,0,0,0,0,0
200510,466,40420, ,Rockford  IL ,190,190,18209,2,4,160,7,27,2143,2,11,1100,177,177,16347,2,4,160,7,27,2143,2,11,1100
200510,472,40900,C,Sacramento--Arden-Arcade--Roseville  CA ,1086,1086,226389,2,4,425,35,105,13115,15,155,14540,1062,1062,221748,2,4,425,35,105,13115,15,155,14540
200510,474,13020, ,Bay City  MI ,4,4,625,0,0,0,0,0,0,0,0,0,4,4,625,0,0,0,0,0,0,0,0,0
200510,474,40980, ,Saginaw-Saginaw Township North  MI ,31,31,4634,1,2,180,0,0,0,0,0,0,30,30,4564,1,2,180,0,0,0,0,0,0
200510,476,41180,C,St. Louis  MO-IL ,1053,1053,190869,20,40,4525,4,13,1016,3,36,2421,899,899,167694,17,34,4030,1,4,272,0,0,0
200510,480,41540, ,Salisbury  MD ,52,52,6195,0,0,0,0,0,0,0,0,0,41,41,5427,0,0,0,0,0,0,0,0,0
200510,482,36260, ,Ogden-Clearfield  UT ,356,356,62569,3,6,637,1,4,444,0,0,0,312,312,57599,2,4,414,0,0,0,0,0,0
200510,482,41620,C,Salt Lake City  UT ,548,548,105474,10,20,2470,18,63,8333,5,168,32960,459,459,93401,9,18,2271,17,59,7969,2,150,31554
200510,488,34900, ,Napa  CA ,81,81,21469,0,0,0,0,0,0,0,0,0,81,81,21469,0,0,0,0,0,0,0,0,0
200510,488,41860,C,San Francisco-Oakland-Fremont  CA ,554,554,183484,1,2,375,4,12,1107,15,368,32245,454,454,149167,1,2,375,4,12,1107,9,308,25270
200510,488,41940,C,San Jose-Sunnyvale-Santa Clara  CA ,137,137,38932,0,0,0,2,8,896,8,73,10441,101,101,31465,0,0,0,2,8,896,6,42,6792
200510,488,42100, ,Santa Cruz-Watsonville  CA ,33,33,7712,0,0,0,0,0,0,1,5,234,25,25,6642,0,0,0,0,0,0,0,0,0
200510,488,42220, ,Santa Rosa-Petaluma  CA ,145,145,34199,3,6,1606,0,0,0,10,130,14677,119,119,27165,1,2,1064,0,0,0,10,130,14677
200510,488,46700, ,Vallejo-Fairfield  CA ,120,120,27939,0,0,0,0,0,0,1,6,939,116,116,26948,0,0,0,0,0,0,1,6,939
200510,492,42140,C,Santa Fe  NM ,43,43,5810,0,0,0,0,0,0,0,0,0,0,0,0,0,0,0,0,0,0,0,0,0
200510,496,25980, ,Hinesville-Fort Stewart  GA ,8,8,775,0,0,0,0,0,0,0,0,0,8,8,775,0,0,0,0,0,0,0,0,0
200510,496,42340, ,Savannah  GA ,217,217,37648,7,14,1520,6,24,5400,12,324,10512,55,55,11203,7,14,1520,6,24,5400,10,312,10000
200510,500,14740, ,Bremerton-Silverdale  WA ,111,111,22547,0,0,0,1,3,300,0,0,0,111,111,22547,0,0,0,1,3,300,0,0,0
200510,500,36500, ,Olympia  WA ,222,222,40652,1,2,257,0,0,0,0,0,0,222,222,40652,1,2,257,0,0,0,0,0,0
200510,500,42660,C,Seattle-Tacoma-Bellevue  WA ,1492,1492,300832,27,54,6410,22,78,7751,28,456,40880,1365,1365,282139,24,48,5992,20,72,7203,23,416,37856
200510,508,43340, ,Shreveport-Bossier City  LA ,160,160,24372,0,0,0,0,0,0,0,0,0,160,160,24372,0,0,0,0,0,0,0,0,0
200510,512,43580, ,Sioux City  IA-NE-SD ,24,24,4524,0,0,0,0,0,0,0,0,0,9,9,1862,0,0,0,0,0,0,0,0,0
200510,532,45060, ,Syracuse  NY ,66,66,10468,0,0,0,0,0,0,0,0,0,65,65,10264,0,0,0,0,0,0,0,0,0
200510,534,45780, ,Toledo  OH ,159,159,23988,10,20,2151,4,16,1079,1,6,1500,139,139,22322,10,20,2151,4,16,1079,1,6,1500
200510,538,46140,C,Tulsa  OK ,387,387,60780,0,0,0,0,0,0,0,0,0,377,377,59460,0,0,0,0,0,0,0,0,0
200510,540,46340, ,Tyler  TX ,37,37,6449,0,0,0,0,0,0,1,7,323,0,0,0,0,0,0,0,0,0,0,0,0
200510,548,12580,C,Baltimore-Towson  MD ,810,810,113871,2,4,700,5,19,1587,9,87,8507,757,757,106476,2,4,700,5,19,1587,6,62,5349
200510,548,47900,C,Washington-Arlington-Alexandria  DC-VA-MD-WV ,1741,1741,286788,11,22,1868,0,0,0,14,432,41531,1510,1510,244290,11,22,1868,0,0,0,11,334,35339
200510,548,49020, ,Winchester  VA-WV ,88,88,18347,0,0,0,0,0,0,0,0,0,88,88,18347,0,0,0,0,0,0,0,0,0
200510,554,48140, ,Wausau  WI ,61,61,10044,1,2,175,2,8,745,9,73,3937,22,22,4033,0,0,0,2,8,745,9,73,3937
200510,556,48620, ,Wichita  KS ,254,254,34255,6,12,741,0,0,0,0,0,0,241,241,32697,6,12,741,0,0,0,0,0,0
200510,558,48700, ,Williamsport  PA ,4,4,324,0,0,0,0,0,0,0,0,0,1,1,100,0,0,0,0,0,0,0,0,0
200510,564,49620, ,York-Hanover  PA ,184,184,26454,0,0,0,0,0,0,3,15,1898,107,107,16082,0,0,0,0,0,0,1,5,1200
200510,566,49660, ,Youngstown-Warren-Boardman  OH-PA ,108,108,18041,4,8,720,1,3,60,0,0,0,102,102,17174,3,6,620,0,0,0,0,0,0
200510,999,10180, ,Abilene  TX ,18,18,3236,0,0,0,0,0,0,0,0,0,18,18,3236,0,0,0,0,0,0,0,0,0
200510,999,10500, ,Albany  GA ,47,47,5248,2,4,255,1,4,237,0,0,0,2,2,259,0,0,0,0,0,0,0,0,0
200510,999,10740,C,Albuquerque  NM ,552,552,68402,0,0,0,2,7,310,1,24,1149,42,42,7756,0,0,0,0,0,0,0,0,0
200510,999,10780, ,Alexandria  LA ,64,64,7453,0,0,0,0,0,0,0,0,0,12,12,1622,0,0,0,0,0,0,0,0,0
200510,999,10900,C,Allentown-Bethlehem-Easton  PA-NJ ,369,369,58833,2,4,367,1,3,515,0,0,0,248,248,39271,1,2,240,0,0,0,0,0,0
200510,999,11020, ,Altoona  PA ,2,2,156,0,0,0,0,0,0,0,0,0,1,1,95,0,0,0,0,0,0,0,0,0
200510,999,11100, ,Amarillo  TX ,62,62,11995,0,0,0,0,0,0,12,288,11000,62,62,11995,0,0,0,0,0,0,12,288,11000
200510,999,11260,C,Anchorage  AK ,51,51,14909,16,32,5373,11,41,11889,0,0,0,47,47,14469,16,32,5373,11,41,11889,0,0,0
200510,999,11500, ,Anniston-Oxford  AL ,21,21,1778,0,0,0,0,0,0,0,0,0,21,21,1778,0,0,0,0,0,0,0,0,0
200510,999,12020, ,Athens-Clarke County  GA ,77,77,10933,23,46,3061,0,0,0,0,0,0,77,77,10933,23,46,3061,0,0,0,0,0,0
200510,999,12100,C,Atlantic City  NJ ,177,177,26363,3,6,1076,0,0,0,1,5,1,163,163,24808,3,6,1076,0,0,0,1,5,1
200510,999,12260, ,Augusta-Richmond County  GA-SC ,252,252,36708,0,0,0,0,0,0,0,0,0,186,186,27872,0,0,0,0,0,0,0,0,0
200510,999,12420,C,Austin-Round Rock  TX ,1363,1363,239808,15,30,2038,2,6,346,26,1012,71745,1232,1232,223907,15,30,2038,1,3,187,23,967,69056
200510,999,12540, ,Bakersfield  CA ,481,481,68492,9,18,1316,3,10,618,8,80,5149,180,180,22347,8,16,1166,0,0,0,6,70,4428
200510,999,12620, ,Bangor  ME ,29,29,5490,1,2,260,0,0,0,0,0,0,24,24,4675,1,2,260,0,0,0,0,0,0
200510,999,12700, ,Barnstable Town  MA ,75,75,25125,0,0,0,0,0,0,1,11,1502,21,21,10073,0,0,0,0,0,0,0,0,0
200510,999,12980, ,Battle Creek  MI ,12,12,2075,0,0,0,0,0,0,0,0,0,5,5,900,0,0,0,0,0,0,0,0,0
200510,999,13140, ,Beaumont-Port Arthur  TX ,7,7,1451,0,0,0,0,0,0,0,0,0,7,7,1451,0,0,0,0,0,0,0,0,0
200510,999,13380, ,Bellingham  WA ,82,82,15078,1,2,329,1,4,3500,3,174,14126,8,8,1642,0,0,0,1,4,3500,3,174,14126
200510,999,13740, ,Billings  MT ,64,64,10726,0,0,0,1,4,300,0,0,0,64,64,10726,0,0,0,1,4,300,0,0,0
200510,999,13780, ,Binghamton  NY ,6,6,919,0,0,0,0,0,0,0,0,0,5,5,787,0,0,0,0,0,0,0,0,0
200510,999,13900, ,Bismarck  ND ,50,50,7903,0,0,0,0,0,0,1,12,696,50,50,7903,0,0,0,0,0,0,1,12,696
200510,999,14020, ,Bloomington  IN ,42,42,5798,1,2,187,0,0,0,3,15,909,42,42,5798,1,2,187,0,0,0,3,15,909
200510,999,14060, ,Bloomington-Normal  IL ,61,61,7630,0,0,0,0,0,0,1,13,372,26,26,2360,0,0,0,0,0,0,0,0,0
200510,999,14260,C,Boise City-Nampa  ID ,799,799,144976,6,12,1166,8,32,2091,0,0,0,574,574,107910,5,10,1004,2,8,916,0,0,0
200510,999,14540, ,Bowling Green  KY ,102,102,14915,0,0,0,0,0,0,0,0,0,102,102,14915,0,0,0,0,0,0,0,0,0
200510,999,15260, ,Brunswick  GA ,60,60,13986,0,0,0,0,0,0,0,0,0,60,60,13986,0,0,0,0,0,0,0,0,0
200510,999,15540, ,Burlington-South Burlington  VT ,44,44,8677,7,14,1704,0,0,0,1,6,316,26,26,5329,6,12,1347,0,0,0,1,6,316
200510,999,15940, ,Canton-Massillon  OH ,76,76,14928,1,2,179,0,0,0,1,5,239,62,62,13405,0,0,0,0,0,0,0,0,0
200510,999,15980,C,Cape Coral-Fort Myers  FL ,1560,1560,281506,7,14,940,0,0,0,42,531,87047,1560,1560,281506,7,14,940,0,0,0,42,531,87047
200510,999,16180,C,Carson City  NV ,5,5,3174,0,0,0,0,0,0,0,0,0,5,5,3174,0,0,0,0,0,0,0,0,0
200510,999,16220,C,Casper  WY ,24,24,3935,0,0,0,0,0,0,0,0,0,9,9,911,0,0,0,0,0,0,0,0,0
200510,999,16300, ,Cedar Rapids  IA ,77,77,9692,3,6,605,1,3,265,1,12,740,64,64,7684,2,4,407,1,3,265,1,12,740
200510,999,16580, ,Champaign-Urbana  IL ,59,59,11356,0,0,0,0,0,0,0,0,0,58,58,11214,0,0,0,0,0,0,0,0,0
200510,999,16620, ,Charleston  WV ,33,33,4888,0,0,0,0,0,0,0,0,0,27,27,3555,0,0,0,0,0,0,0,0,0
200510,999,16700,C,Charleston-North Charleston  SC ,711,711,119835,0,0,0,0,0,0,3,31,1967,414,414,72373,0,0,0,0,0,0,0,0,0
200510,999,16820,C,Charlottesville  VA ,93,93,19406,1,2,257,1,4,310,1,41,2359,34,34,6633,0,0,0,0,0,0,0,0,0
200510,999,16940, ,Cheyenne  WY ,58,58,8260,0,0,0,1,4,261,2,10,587,0,0,0,0,0,0,0,0,0,0,0,0
200510,999,17020, ,Chico  CA ,136,136,21932,11,22,2367,2,7,621,0,0,0,136,136,21932,11,22,2367,2,7,621,0,0,0
200510,999,17300, ,Clarksville  TN-KY ,95,95,11073,2,4,710,0,0,0,3,24,750,90,90,10444,2,4,710,0,0,0,3,24,750
200510,999,17660, ,Coeur dAlene  ID ,153,153,28020,2,4,402,1,4,269,1,5,228,104,104,21245,2,4,402,0,0,0,0,0,0
200510,999,17780, ,College Station-Bryan  TX ,48,48,8510,0,0,0,2,6,362,2,12,803,48,48,8510,0,0,0,2,6,362,2,12,803
200510,999,17820,C,Colorado Springs  CO ,427,427,71446,4,8,1635,2,8,1192,2,16,1783,427,427,71446,4,8,1635,2,8,1192,2,16,1783
200510,999,17860, ,Columbia  MO ,147,147,18669,19,38,3150,0,0,0,0,0,0,147,147,18669,19,38,3150,0,0,0,0,0,0
200510,999,19060, ,Cumberland  MD-WV ,15,15,1948,0,0,0,0,0,0,0,0,0,15,15,1948,0,0,0,0,0,0,0,0,0
200510,999,19140,C,Dalton  GA ,61,61,7917,1,2,88,2,6,237,1,6,316,22,22,3267,0,0,0,0,0,0,0,0,0
200510,999,19180, ,Danville  IL ,0,0,0,0,0,0,0,0,0,0,0,0,0,0,0,0,0,0,0,0,0,0,0,0
200510,999,19260,C,Danville  VA ,20,20,2486,0,0,0,0,0,0,0,0,0,0,0,0,0,0,0,0,0,0,0,0,0
200510,999,19340, ,Davenport-Moline-Rock Island  IA-IL ,73,73,12525,0,0,0,0,0,0,0,0,0,69,69,11994,0,0,0,0,0,0,0,0,0
200510,999,19500, ,Decatur  IL ,0,0,0,0,0,0,0,0,0,0,0,0,0,0,0,0,0,0,0,0,0,0,0,0
200510,999,20100,C,Dover  DE ,163,163,20628,0,0,0,1,4,185,0,0,0,47,47,4712,0,0,0,1,4,185,0,0,0
200510,999,20220, ,Dubuque  IA ,35,35,6381,0,0,0,0,0,0,0,0,0,34,34,6155,0,0,0,0,0,0,0,0,0
200510,999,20260, ,Duluth  MN-WI ,108,108,13330,2,4,437,1,4,319,3,32,2964,57,57,7046,1,2,218,0,0,0,1,10,883
200510,999,20940,C,El Centro  CA ,107,107,13996,0,0,0,0,0,0,1,7,238,68,68,9108,0,0,0,0,0,0,0,0,0
200510,999,21140, ,Elkhart-Goshen  IN ,82,82,12167,0,0,0,0,0,0,0,0,0,82,82,12167,0,0,0,0,0,0,0,0,0
200510,999,21300, ,Elmira  NY ,3,3,500,0,0,0,0,0,0,0,0,0,0,0,0,0,0,0,0,0,0,0,0,0
200510,999,21340, ,El Paso  TX ,382,382,39948,0,0,0,0,0,0,0,0,0,382,382,39948,0,0,0,0,0,0,0,0,0
200510,999,21500, ,Erie  PA ,38,38,6115,0,0,0,0,0,0,0,0,0,38,38,6115,0,0,0,0,0,0,0,0,0
200510,999,21660,C,Eugene-Springfield  OR ,139,139,24925,2,4,420,1,4,329,9,118,5248,134,134,24078,2,4,420,1,4,329,8,113,4819
200510,999,21780, ,Evansville  IN-KY ,104,104,13619,0,0,0,0,0,0,1,8,415,66,66,7300,0,0,0,0,0,0,0,0,0
200510,999,21820,C,Fairbanks  AK ,14,14,2293,1,2,174,0,0,0,1,5,590,0,0,0,0,0,0,0,0,0,0,0,0
200510,999,22140,C,Farmington  NM ,27,27,5770,0,0,0,0,0,0,0,0,0,27,27,5770,0,0,0,0,0,0,0,0,0
200510,999,22180, ,Fayetteville  NC ,178,178,25747,0,0,0,0,0,0,5,67,4908,178,178,25747,0,0,0,0,0,0,5,67,4908
200510,999,22220, ,Fayetteville-Springdale-Rogers  AR-MO ,245,245,45311,37,74,8315,1,3,132,19,224,12726,174,174,34603,35,70,7992,0,0,0,15,180,11513
200510,999,22380, ,Flagstaff  AZ ,88,88,16450,0,0,0,0,0,0,0,0,0,48,48,9527,0,0,0,0,0,0,0,0,0
200510,999,22500, ,Florence  SC ,33,33,3619,0,0,0,0,0,0,0,0,0,0,0,0,0,0,0,0,0,0,0,0,0
200510,999,22520, ,Florence-Muscle Shoals  AL ,26,26,2651,0,0,0,0,0,0,0,0,0,14,14,1532,0,0,0,0,0,0,0,0,0
200510,999,22660,C,Fort Collins-Loveland  CO ,149,149,28251,2,4,425,1,3,276,0,0,0,145,145,27353,2,4,425,1,3,276,0,0,0
200510,999,22900, ,Fort Smith  AR-OK ,50,50,6909,8,16,990,0,0,0,0,0,0,41,41,6150,8,16,990,0,0,0,0,0,0
200510,999,23020,C,Fort Walton Beach-Crestview-Destin  FL ,90,90,21077,0,0,0,0,0,0,2,156,50367,8,8,4538,0,0,0,0,0,0,1,125,45000
200510,999,23460, ,Gadsden  AL ,11,11,1480,0,0,0,0,0,0,0,0,0,11,11,1480,0,0,0,0,0,0,0,0,0
200510,999,23540, ,Gainesville  FL ,100,100,14259,0,0,0,0,0,0,2,30,1615,79,79,11907,0,0,0,0,0,0,0,0,0
200510,999,24140,C,Goldsboro  NC ,27,27,3032,0,0,0,0,0,0,0,0,0,27,27,3032,0,0,0,0,0,0,0,0,0
200510,999,24220, ,Grand Forks  ND-MN ,29,29,5142,0,0,0,0,0,0,3,90,5900,29,29,5142,0,0,0,0,0,0,3,90,5900
200510,999,24300,C,Grand Junction  CO ,114,114,19752,2,4,649,0,0,0,0,0,0,114,114,19752,2,4,649,0,0,0,0,0,0
200510,999,24500, ,Great Falls  MT ,11,11,1426,6,12,900,0,0,0,0,0,0,11,11,1426,6,12,900,0,0,0,0,0,0
200510,999,24540,C,Greeley  CO ,345,345,70926,1,2,108,2,6,294,1,8,429,323,323,68961,0,0,0,0,0,0,0,0,0
200510,999,24580, ,Green Bay  WI ,136,136,16075,1,2,143,0,0,0,3,33,1577,45,45,8707,0,0,0,0,0,0,1,9,559
200510,999,24780, ,Greenville  NC ,85,85,13034,10,20,1503,0,0,0,0,0,0,85,85,13034,10,20,1503,0,0,0,0,0,0
200510,999,25180, ,Hagerstown-Martinsburg  MD-WV ,234,234,44190,0,0,0,0,0,0,0,0,0,234,234,44190,0,0,0,0,0,0,0,0,0
200510,999,25260, ,Hanford-Corcoran  CA ,35,35,3895,0,0,0,0,0,0,0,0,0,0,0,0,0,0,0,0,0,0,0,0,0
200510,999,25500,C,Harrisonburg  VA ,90,90,16103,0,0,0,0,0,0,0,0,0,90,90,16103,0,0,0,0,0,0,0,0,0
200510,999,25620, ,Hattiesburg  MS ,9,9,1232,0,0,0,1,3,105,2,26,1025,0,0,0,0,0,0,0,0,0,0,0,0
200510,999,25860, ,Hickory-Lenoir-Morganton  NC ,122,122,20952,0,0,0,0,0,0,0,0,0,106,106,18554,0,0,0,0,0,0,0,0,0
200510,999,26180,C,Honolulu  HI ,118,118,28868,0,0,0,4,16,1571,1,6,488,118,118,28868,0,0,0,4,16,1571,1,6,488
200510,999,26300, ,Hot Springs  AR ,13,13,1421,0,0,0,0,0,0,0,0,0,0,0,0,0,0,0,0,0,0,0,0,0
200510,999,26380, ,Houma-Bayou Cane-Thibodaux  LA ,78,78,8282,0,0,0,0,0,0,0,0,0,31,31,4228,0,0,0,0,0,0,0,0,0
200510,999,26580, ,Huntington-Ashland  WV-KY-OH ,4,4,426,0,0,0,0,0,0,0,0,0,0,0,0,0,0,0,0,0,0,0,0,0
200510,999,26980, ,Iowa City  IA ,67,67,12426,1,2,58,0,0,0,3,48,5083,63,63,12003,1,2,58,0,0,0,3,48,5083
200510,999,27100, ,Jackson  MI ,16,16,3002,1,2,291,0,0,0,1,10,770,12,12,2565,1,2,291,0,0,0,1,10,770
200510,999,27260,C,Jacksonville  FL ,1402,1402,260907,0,0,0,0,0,0,26,439,57258,1389,1389,259006,0,0,0,0,0,0,26,439,57258
200510,999,27340, ,Jacksonville  NC ,133,133,16043,0,0,0,0,0,0,0,0,0,133,133,16043,0,0,0,0,0,0,0,0,0
200510,999,27500, ,Janesville  WI ,32,32,4873,3,6,512,2,6,358,1,5,175,25,25,4264,2,4,386,0,0,0,0,0,0
200510,999,27620, ,Jefferson City  MO ,31,31,4484,0,0,0,0,0,0,0,0,0,13,13,2152,0,0,0,0,0,0,0,0,0
200510,999,27780, ,Johnstown  PA ,4,4,290,0,0,0,0,0,0,0,0,0,3,3,182,0,0,0,0,0,0,0,0,0
200510,999,27860, ,Jonesboro  AR ,43,43,5571,0,0,0,3,12,526,0,0,0,40,40,5251,0,0,0,3,12,526,0,0,0
200510,999,27900, ,Joplin  MO ,19,19,1617,1,2,200,0,0,0,0,0,0,18,18,1522,1,2,200,0,0,0,0,0,0
200510,999,28020, ,Kalamazoo-Portage  MI ,87,87,15071,0,0,0,0,0,0,0,0,0,51,51,8529,0,0,0,0,0,0,0,0,0
200510,999,28420, ,Kennewick-Richland-Pasco  WA ,139,139,22845,1,2,192,4,16,1799,4,53,4149,0,0,0,0,0,0,0,0,0,0,0,0
200510,999,28660, ,Killeen-Temple-Fort Hood  TX ,150,150,18961,7,14,862,3,11,471,1,17,865,81,81,9047,3,6,428,2,8,354,0,0,0
200510,999,29100, ,La Crosse  WI-MN ,57,57,10403,1,2,208,0,0,0,1,12,895,57,57,10403,1,2,208,0,0,0,1,12,895
200510,999,29460,C,Lakeland  FL ,851,851,102094,0,0,0,5,16,1054,11,98,6732,838,838,100461,0,0,0,5,16,1054,10,87,6162
200510,999,29540, ,Lancaster  PA ,70,70,12503,0,0,0,13,40,3012,2,16,1540,62,62,11520,0,0,0,13,40,3012,2,16,1540
200510,999,29700,C,Laredo  TX ,141,141,13060,0,0,0,1,4,136,2,39,1771,0,0,0,0,0,0,0,0,0,0,0,0
200510,999,29740,C,Las Cruces  NM ,168,168,30425,0,0,0,2,8,685,1,88,8930,162,162,29813,0,0,0,2,8,685,1,88,8930
200510,999,29940, ,Lawrence  KS ,56,56,9869,0,0,0,2,8,1230,4,27,1479,49,49,8087,0,0,0,2,8,1230,4,27,1479
200510,999,30020, ,Lawton  OK ,12,12,1504,0,0,0,0,0,0,0,0,0,0,0,0,0,0,0,0,0,0,0,0,0
200510,999,30300, ,Lewiston  ID-WA ,2,2,405,1,2,295,0,0,0,0,0,0,2,2,405,1,2,295,0,0,0,0,0,0
200510,999,30700, ,Lincoln  NE ,120,120,21482,2,4,350,0,0,0,0,0,0,120,120,21482,2,4,350,0,0,0,0,0,0
200510,999,30860, ,Logan  UT-ID ,43,43,8166,0,0,0,1,4,334,1,5,417,38,38,7419,0,0,0,0,0,0,0,0,0
200510,999,31020, ,Longview  WA ,45,45,8598,0,0,0,0,0,0,1,5,181,42,42,8117,0,0,0,0,0,0,0,0,0
200510,999,31340, ,Lynchburg  VA ,106,106,20592,0,0,0,0,0,0,0,0,0,106,106,20592,0,0,0,0,0,0,0,0,0
200510,999,32580,C,McAllen-Edinburg-Pharr  TX ,527,527,60235,3,6,368,12,46,3750,0,0,0,481,481,57436,2,4,314,11,43,3591,0,0,0
200510,999,32780,C,Medford  OR ,127,127,20332,1,2,183,4,13,1005,0,0,0,69,69,12721,0,0,0,0,0,0,0,0,0
200510,999,32820, ,Memphis  TN-MS-AR ,792,792,121240,0,0,0,0,0,0,1,128,9803,764,764,118819,0,0,0,0,0,0,1,128,9803
200510,999,32900, ,Merced  CA ,327,327,54765,0,0,0,2,8,454,15,120,8752,325,325,54484,0,0,0,2,8,454,15,120,8752
200510,999,33100, ,Miami-Fort Lauderdale-Miami Beach  FL ,1367,1367,257206,32,64,5513,7,25,3281,57,1335,170866,829,829,166109,27,54,4302,2,7,829,32,636,97517
200510,999,33540,C,Missoula  MT ,41,41,7363,0,0,0,0,0,0,0,0,0,41,41,7363,0,0,0,0,0,0,0,0,0
200510,999,33700, ,Modesto  CA ,260,260,47474,1,2,201,0,0,0,4,77,7902,220,220,41020,0,0,0,0,0,0,2,57,6348
200510,999,34060, ,Morgantown  WV ,2,2,204,0,0,0,0,0,0,0,0,0,2,2,204,0,0,0,0,0,0,0,0,0
200510,999,34580, ,Mount Vernon-Anacortes  WA ,97,97,19230,0,0,0,0,0,0,0,0,0,97,97,19230,0,0,0,0,0,0,0,0,0
200510,999,34620, ,Muncie  IN ,56,56,5719,0,0,0,0,0,0,0,0,0,40,40,2658,0,0,0,0,0,0,0,0,0
200510,999,34940,C,Naples-Marco Island  FL ,232,232,67264,0,0,0,14,52,12757,8,101,17925,232,232,67264,0,0,0,14,52,12757,8,101,17925
200510,999,35660, ,Niles-Benton Harbor  MI ,6,6,1314,0,0,0,0,0,0,0,0,0,5,5,1168,0,0,0,0,0,0,0,0,0
200510,999,35980,C,Norwich-New London  CT ,52,52,10230,1,2,241,4,14,1229,0,0,0,41,41,8386,1,2,241,4,14,1229,0,0,0
200510,999,36100,C,Ocala  FL ,488,488,77892,1,2,100,4,14,560,0,0,0,488,488,77892,1,2,100,4,14,560,0,0,0
200510,999,36140,C,Ocean City  NJ ,147,147,31583,43,86,8671,3,12,1515,3,31,2615,147,147,31583,43,86,8671,3,12,1515,3,31,2615
200510,999,36980, ,Owensboro  KY ,45,45,4647,0,0,0,0,0,0,0,0,0,45,45,4647,0,0,0,0,0,0,0,0,0
200510,999,37340,C,Palm Bay-Melbourne-Titusville  FL ,606,606,122154,0,0,0,3,12,480,2,42,15924,413,413,86781,0,0,0,3,12,480,2,42,15924
200510,999,37460,C,Panama City-Lynn Haven  FL ,83,83,15035,4,8,558,1,4,846,0,0,0,83,83,15035,4,8,558,1,4,846,0,0,0
200510,999,37620, ,Parkersburg-Marietta  WV-OH ,22,22,2486,0,0,0,0,0,0,0,0,0,22,22,2486,0,0,0,0,0,0,0,0,0
200510,999,37860, ,Pensacola-Ferry Pass-Brent  FL ,191,191,27929,1,2,157,0,0,0,0,0,0,191,191,27929,1,2,157,0,0,0,0,0,0
200510,999,38060, ,Phoenix-Mesa-Scottsdale  AZ ,3889,3889,585417,45,90,8285,14,54,4381,93,1400,102161,3046,3046,544301,42,84,7855,10,38,3309,90,1385,100557
200510,999,38340, ,Pittsfield  MA ,4,4,623,0,0,0,0,0,0,0,0,0,0,0,0,0,0,0,0,0,0,0,0,0
200510,999,38540, ,Pocatello  ID ,40,40,4857,0,0,0,0,0,0,0,0,0,40,40,4857,0,0,0,0,0,0,0,0,0
200510,999,38900,C,Portland-Vancouver-Beaverton  OR-WA ,998,998,200726,10,20,2115,7,22,2011,10,303,25722,879,879,174231,9,18,1911,6,19,1751,9,286,24479
200510,999,38940,C,Port St. Lucie-Fort Pierce  FL ,502,502,71477,4,8,750,2,8,1037,11,85,13338,501,501,69599,4,8,750,2,8,1037,11,85,13338
200510,999,39140, ,Prescott  AZ ,302,302,55689,7,14,2032,0,0,0,0,0,0,302,302,55689,7,14,2032,0,0,0,0,0,0
200510,999,39300, ,Providence-New Bedford-Fall River  RI-MA ,247,247,44558,7,14,898,4,16,1410,5,34,1932,139,139,24774,2,4,258,4,16,1410,1,12,741
200510,999,39340, ,Provo-Orem  UT ,371,371,80973,5,10,1126,2,7,924,0,0,0,365,365,78927,5,10,1126,2,7,924,0,0,0
200510,999,39380,C,Pueblo  CO ,88,88,13250,0,0,0,0,0,0,0,0,0,88,88,13250,0,0,0,0,0,0,0,0,0
200510,999,39460,C,Punta Gorda  FL ,339,339,62564,3,6,695,1,4,493,6,100,11988,328,328,60750,2,4,509,0,0,0,5,90,10618
200510,999,39660, ,Rapid City  SD ,66,66,10062,2,4,386,0,0,0,0,0,0,66,66,10062,2,4,386,0,0,0,0,0,0
200510,999,39740, ,Reading  PA ,51,51,10291,0,0,0,0,0,0,1,5,491,35,35,7235,0,0,0,0,0,0,0,0,0
200510,999,39820,C,Redding  CA ,99,99,15940,2,4,279,0,0,0,0,0,0,99,99,15940,2,4,279,0,0,0,0,0,0
200510,999,39900,C,Reno-Sparks  NV ,494,494,88008,0,0,0,0,0,0,0,0,0,490,490,87353,0,0,0,0,0,0,0,0,0
200510,999,40060,C,Richmond  VA ,759,759,119441,0,0,0,4,14,1238,4,83,6357,686,686,109694,0,0,0,3,11,919,4,83,6357
200510,999,40220, ,Roanoke  VA ,135,135,22599,1,2,108,0,0,0,0,0,0,117,117,21130,0,0,0,0,0,0,0,0,0
200510,999,40340, ,Rochester  MN ,113,113,20557,0,0,0,0,0,0,0,0,0,21,21,3926,0,0,0,0,0,0,0,0,0
200510,999,40580, ,Rocky Mount  NC ,49,49,4918,2,4,288,0,0,0,0,0,0,30,30,3583,0,0,0,0,0,0,0,0,0
200510,999,40660,C,Rome  GA ,33,33,4658,3,6,303,0,0,0,1,6,349,0,0,0,0,0,0,0,0,0,0,0,0
200510,999,41100, ,St. George  UT ,236,236,42894,0,0,0,1,4,243,2,12,694,236,236,42894,0,0,0,1,4,243,2,12,694
200510,999,41140, ,St. Joseph  MO-KS ,10,10,1705,1,2,273,0,0,0,1,9,426,0,0,0,0,0,0,0,0,0,0,0,0
200510,999,41420,C,Salem  OR ,111,111,19032,2,4,375,1,3,156,3,26,1430,43,43,8648,1,2,266,0,0,0,0,0,0
200510,999,41500, ,Salinas  CA ,109,109,35620,0,0,0,0,0,0,0,0,0,89,89,31819,0,0,0,0,0,0,0,0,0
200510,999,41660, ,San Angelo  TX ,17,17,3111,0,0,0,0,0,0,0,0,0,17,17,3111,0,0,0,0,0,0,0,0,0
200510,999,41700, ,San Antonio  TX ,1204,1204,189938,3,6,370,0,0,0,2,32,1128,1040,1040,165245,3,6,370,0,0,0,0,0,0
200510,999,41740,C,San Diego-Carlsbad-San Marcos  CA ,486,486,130305,6,12,1379,6,21,2808,12,107,11844,469,469,127847,6,12,1379,6,21,2808,12,107,11844
200510,999,41780, ,Sandusky  OH ,0,0,0,0,0,0,0,0,0,0,0,0,0,0,0,0,0,0,0,0,0,0,0,0
200510,999,42020,C,San Luis Obispo-Paso Robles  CA ,144,144,25672,0,0,0,0,0,0,1,5,41,144,144,25672,0,0,0,0,0,0,1,5,41
200510,999,42060, ,Santa Barbara-Santa Maria-Goleta  CA ,39,39,11254,2,4,386,2,6,419,1,5,255,38,38,11107,2,4,386,0,0,0,0,0,0
200510,999,42260,C,Sarasota-Bradenton-Venice  FL ,837,837,152529,31,62,3355,7,28,4488,15,210,50005,836,836,152217,31,62,3355,7,28,4488,15,210,50005
200510,999,42540, ,Scranton--Wilkes-Barre  PA ,42,42,5944,1,2,150,0,0,0,0,0,0,31,31,4762,1,2,150,0,0,0,0,0,0
200510,999,43100, ,Sheboygan  WI ,17,17,4457,1,2,290,0,0,0,0,0,0,12,12,3500,1,2,290,0,0,0,0,0,0
200510,999,43300, ,Sherman-Denison  TX ,3,3,452,0,0,0,0,0,0,0,0,0,0,0,0,0,0,0,0,0,0,0,0,0
200510,999,43620, ,Sioux Falls  SD ,141,141,20239,1,2,203,7,28,2022,0,0,0,140,140,20141,1,2,203,7,28,2022,0,0,0
200510,999,43780, ,South Bend-Mishawaka  IN-MI ,101,101,16305,0,0,0,0,0,0,1,5,450,99,99,16133,0,0,0,0,0,0,1,5,450
200510,999,44060, ,Spokane  WA ,155,155,24928,5,10,1110,0,0,0,21,160,13564,71,71,12490,4,8,997,0,0,0,17,101,9422
200510,999,44100, ,Springfield  IL ,37,37,7605,10,20,1696,1,4,620,1,8,243,37,37,7605,10,20,1696,1,4,620,1,8,243
200510,999,44140, ,Springfield  MA ,81,81,16446,3,6,460,0,0,0,0,0,0,57,57,12843,0,0,0,0,0,0,0,0,0
200510,999,44180, ,Springfield  MO ,245,245,43422,0,0,0,0,0,0,3,29,1444,228,228,41265,0,0,0,0,0,0,2,18,1100
200510,999,44300, ,State College  PA ,29,29,4973,0,0,0,0,0,0,0,0,0,29,29,4973,0,0,0,0,0,0,0,0,0
200510,999,44700,C,Stockton  CA ,356,356,89533,0,0,0,0,0,0,0,0,0,356,356,89533,0,0,0,0,0,0,0,0,0
200510,999,44940,C,Sumter  SC ,50,50,4848,1,2,131,1,4,339,0,0,0,0,0,0,0,0,0,0,0,0,0,0,0
200510,999,45220, ,Tallahassee  FL ,233,233,36500,3,6,470,1,4,261,7,99,7175,96,96,13191,0,0,0,0,0,0,0,0,0
200510,999,45300,C,Tampa-St. Petersburg-Clearwater  FL ,2113,2113,334124,3,6,960,0,0,0,20,293,19600,1869,1869,302181,2,4,810,0,0,0,18,266,15611
200510,999,45460, ,Terre Haute  IN ,13,13,1572,0,0,0,0,0,0,2,23,912,7,7,966,0,0,0,0,0,0,0,0,0
200510,999,45500, ,Texarkana  TX-Texarkana  AR ,16,16,2153,3,6,298,0,0,0,0,0,0,8,8,1408,2,4,213,0,0,0,0,0,0
200510,999,45820, ,Topeka  KS ,79,79,11661,0,0,0,0,0,0,0,0,0,73,73,11537,0,0,0,0,0,0,0,0,0
200510,999,46060, ,Tucson  AZ ,828,828,146010,6,12,932,3,11,746,4,55,4443,543,543,105018,0,0,0,2,8,598,0,0,0
200510,999,46220, ,Tuscaloosa  AL ,95,95,15908,0,0,0,0,0,0,0,0,0,95,95,15908,0,0,0,0,0,0,0,0,0
200510,999,46540, ,Utica-Rome  NY ,3,3,469,0,0,0,0,0,0,0,0,0,0,0,0,0,0,0,0,0,0,0,0,0
200510,999,46660, ,Valdosta  GA ,68,68,8816,0,0,0,0,0,0,2,27,1600,0,0,0,0,0,0,0,0,0,0,0,0
200510,999,46940,C,Vero Beach  FL ,365,365,78689,2,4,415,0,0,0,0,0,0,365,365,78689,2,4,415,0,0,0,0,0,0
200510,999,47020, ,Victoria  TX ,12,12,1358,0,0,0,2,6,357,1,12,579,0,0,0,0,0,0,0,0,0,0,0,0
200510,999,47260, ,Virginia Beach-Norfolk-Newport News  VA-NC ,635,635,110016,31,62,4866,3,12,1002,21,450,34399,574,574,93823,31,62,4866,3,12,1002,21,450,34399
200510,999,47300, ,Visalia-Porterville  CA ,180,180,31851,0,0,0,26,104,10640,0,0,0,180,180,31851,0,0,0,26,104,10640,0,0,0
200510,999,47380, ,Waco  TX ,44,44,6831,0,0,0,0,0,0,0,0,0,44,44,6831,0,0,0,0,0,0,0,0,0
200510,999,47940, ,Waterloo-Cedar Falls  IA ,48,48,9974,0,0,0,4,16,575,0,0,0,48,48,9974,0,0,0,4,16,575,0,0,0
200510,999,48260, ,Weirton-Steubenville  WV-OH ,3,3,357,0,0,0,0,0,0,0,0,0,3,3,357,0,0,0,0,0,0,0,0,0
200510,999,48300, ,Wenatchee  WA ,52,52,8952,0,0,0,0,0,0,0,0,0,35,35,6351,0,0,0,0,0,0,0,0,0
200510,999,48540, ,Wheeling  WV-OH ,0,0,0,0,0,0,0,0,0,0,0,0,0,0,0,0,0,0,0,0,0,0,0,0
200510,999,48660, ,Wichita Falls  TX ,12,12,1912,0,0,0,0,0,0,0,0,0,12,12,1912,0,0,0,0,0,0,0,0,0
200510,999,48900,C,Wilmington  NC ,557,557,92607,10,20,4842,1,4,344,5,37,4448,307,307,60355,10,20,4842,1,4,344,4,32,3823
200510,999,49420, ,Yakima  WA ,37,37,7096,1,2,200,0,0,0,0,0,0,37,37,7096,1,2,200,0,0,0,0,0,0
200510,999,49700, ,Yuba City  CA ,91,91,13424,0,0,0,0,0,0,0,0,0,79,79,11856,0,0,0,0,0,0,0,0,0
200510,999,49740, ,Yuma  AZ ,168,168,22628,0,0,0,0,0,0,0,0,0,94,94,10633,0,0,0,0,0,0,0,0,0
