Survey,CSA,CBSA,MONCOV,CBSA,,1-unit,,,2-units,,,3-4 units,,,5+ units,,,1-unit rep,,,2-units rep,,,3-4 units rep,,,5+ units rep
Date,Code,Code,,Name,Bldgs,Units,Value,Bldgs,Units,Value,Bldgs,Units,Value,Bldgs,Units,Value,Bldgs,Units,Value,Bldgs,Units,Value,      Bldgs,Units,Value,Bldgs,Units,Value
 
200504,102,18700, ,Corvallis  OR ,16,16,3240,0,0,0,0,0,0,0,0,0,16,16,3240,0,0,0,0,0,0,0,0,0
200504,104,10580, ,Albany-Schenectady-Troy  NY ,145,145,34038,0,0,0,0,0,0,13,119,20101,109,109,25735,0,0,0,0,0,0,10,100,19000
200504,104,24020, ,Glens Falls  NY ,55,55,8674,0,0,0,0,0,0,1,5,116,30,30,4907,0,0,0,0,0,0,0,0,0
200504,112,11180, ,Ames  IA ,47,47,9189,0,0,0,0,0,0,5,157,14600,44,44,8339,0,0,0,0,0,0,5,157,14600
200504,118,11540, ,Appleton  WI ,113,113,19146,0,0,0,0,0,0,5,87,3800,110,110,18621,0,0,0,0,0,0,5,87,3800
200504,118,36780, ,Oshkosh-Neenah  WI ,45,45,7376,4,8,760,0,0,0,0,0,0,45,45,7376,4,8,760,0,0,0,0,0,0
200504,120,11700, ,Asheville  NC ,274,274,52869,3,6,577,0,0,0,0,0,0,237,237,45737,3,6,577,0,0,0,0,0,0
200504,122,12060,C,Atlanta-Sandy Springs-Marietta  GA ,4834,4834,687251,7,14,870,1,4,576,22,697,54768,4479,4479,643597,7,14,870,1,4,576,20,669,52870
200504,122,23580, ,Gainesville  GA ,153,153,23540,0,0,0,0,0,0,0,0,0,151,151,23185,0,0,0,0,0,0,0,0,0
200504,132,12940, ,Baton Rouge  LA ,368,368,38839,0,0,0,2,7,608,2,15,1719,267,267,30021,0,0,0,1,3,311,2,15,1719
200504,140,13460,C,Bend  OR ,379,379,79465,4,8,965,4,16,2944,0,0,0,379,379,79465,4,8,965,4,16,2944,0,0,0
200504,142,13820,C,Birmingham-Hoover  AL ,665,665,109928,1,2,36,14,56,1892,3,17,2884,526,526,87969,1,2,36,14,56,1892,2,12,2580
200504,148,14460,C,Boston-Cambridge-Quincy  MA-NH ,636,636,133897,38,76,9739,8,27,3218,32,496,51883,378,378,87139,25,50,6764,5,18,2569,13,250,25582
200504,148,31700, ,Manchester-Nashua  NH ,113,113,22436,9,18,2136,0,0,0,2,12,1044,89,89,18789,9,18,2136,0,0,0,1,5,625
200504,148,49340, ,Worcester  MA ,190,190,31668,5,10,1162,7,24,2004,0,0,0,124,124,20654,5,10,1162,4,15,1095,0,0,0
200504,154,15180, ,Brownsville-Harlingen  TX ,266,266,21223,3,6,325,2,7,362,0,0,0,182,182,16331,2,4,267,1,4,160,0,0,0
200504,160,15380, ,Buffalo-Niagara Falls  NY ,132,132,23962,1,2,160,0,0,0,0,0,0,129,129,23578,1,2,160,0,0,0,0,0,0
200504,172,16740,C,Charlotte-Gastonia-Concord  NC-SC ,1596,1596,248211,1,2,200,5,20,1745,9,313,24405,1438,1438,219930,0,0,0,4,16,1336,7,299,22900
200504,174,16860, ,Chattanooga  TN-GA ,211,211,28750,1,2,89,5,18,1501,2,13,922,148,148,20005,0,0,0,4,15,1253,1,6,615
200504,174,17420, ,Cleveland  TN ,38,38,6279,0,0,0,0,0,0,0,0,0,38,38,6279,0,0,0,0,0,0,0,0,0
200504,176,16980,C,Chicago-Naperville-Joliet  IL-IN-WI ,3177,3177,689281,35,70,8125,78,258,24250,65,1080,125198,2700,2700,594009,27,54,6173,72,239,22468,53,945,114513
200504,176,28100, ,Kankakee-Bradley  IL ,19,19,4057,0,0,0,0,0,0,0,0,0,19,19,4057,0,0,0,0,0,0,0,0,0
200504,176,33140, ,Michigan City-La Porte  IN ,25,25,3639,0,0,0,0,0,0,0,0,0,0,0,0,0,0,0,0,0,0,0,0,0
200504,178,17140,C,Cincinnati-Middletown  OH-KY-IN ,993,993,173653,3,6,425,6,20,1593,16,185,10494,592,592,99521,2,4,340,4,13,1031,10,140,8360
200504,184,10420, ,Akron  OH ,162,162,30443,1,2,220,2,8,744,1,17,602,136,136,27853,1,2,220,2,8,744,0,0,0
200504,184,17460,C,Cleveland-Elyria-Mentor  OH ,576,576,124322,5,10,965,6,22,2702,4,22,2059,444,444,104047,4,8,840,4,14,2270,2,12,1325
200504,192,17900,C,Columbia  SC ,560,560,66456,1,2,102,0,0,0,4,67,5514,127,127,15643,1,2,102,0,0,0,0,0,0
200504,194,12220,C,Auburn-Opelika  AL ,117,117,15591,2,4,277,0,0,0,1,14,896,54,54,6615,0,0,0,0,0,0,0,0,0
200504,194,17980, ,Columbus  GA-AL ,127,127,18071,0,0,0,4,16,750,17,128,5606,127,127,18071,0,0,0,4,16,750,17,128,5606
200504,198,18140,C,Columbus  OH ,947,947,175788,12,24,3068,11,39,3731,28,255,17468,887,887,167643,12,24,3068,8,30,3371,27,247,17304
200504,204,18580, ,Corpus Christi  TX ,135,135,16425,1,2,180,0,0,0,0,0,0,131,131,16126,1,2,180,0,0,0,0,0,0
200504,206,19100,C,Dallas-Fort Worth-Arlington  TX ,4341,4341,732417,16,32,2286,2,8,1187,43,1167,75725,4003,4003,676173,16,32,2286,2,8,1187,40,1118,72750
200504,212,19380, ,Dayton  OH ,203,203,42115,1,2,400,0,0,0,0,0,0,189,189,39934,0,0,0,0,0,0,0,0,0
200504,212,44220, ,Springfield  OH ,23,23,3669,0,0,0,0,0,0,0,0,0,23,23,3669,0,0,0,0,0,0,0,0,0
200504,214,19660,C,Deltona-Daytona Beach-Ormond Beach  FL ,517,517,88473,2,4,359,0,0,0,34,313,30440,308,308,53304,1,2,198,0,0,0,29,232,19064
200504,216,14500, ,Boulder  CO ,73,73,13147,0,0,0,0,0,0,1,9,660,66,66,11920,0,0,0,0,0,0,0,0,0
200504,216,19740,C,Denver-Aurora  CO ,1389,1389,298080,7,14,1200,1,3,322,12,129,11412,1307,1307,282122,7,14,1200,0,0,0,10,115,9869
200504,218,19780,C,Des Moines  IA ,447,447,75423,0,0,0,0,0,0,5,203,14152,434,434,73359,0,0,0,0,0,0,5,203,14152
200504,220,11460, ,Ann Arbor  MI ,80,80,11826,1,2,155,0,0,0,1,6,362,51,51,7868,0,0,0,0,0,0,0,0,0
200504,220,19820,C,Detroit-Warren-Livonia  MI ,1446,1446,237729,6,12,1231,8,29,3561,21,283,21613,1263,1263,201240,6,12,1231,7,26,3407,19,272,20642
200504,220,22420, ,Flint  MI ,97,97,19468,0,0,0,0,0,0,0,0,0,90,90,18154,0,0,0,0,0,0,0,0,0
200504,220,33780, ,Monroe  MI ,36,36,5874,0,0,0,0,0,0,0,0,0,21,21,3763,0,0,0,0,0,0,0,0,0
200504,222,20020, ,Dothan  AL ,37,37,2646,0,0,0,0,0,0,0,0,0,37,37,2646,0,0,0,0,0,0,0,0,0
200504,232,20740, ,Eau Claire  WI ,62,62,9963,2,4,370,4,16,1060,6,52,2190,49,49,7359,2,4,370,4,16,1060,6,52,2190
200504,244,22020, ,Fargo  ND-MN ,174,174,23627,0,0,0,0,0,0,1,18,990,174,174,23627,0,0,0,0,0,0,1,18,990
200504,252,22540, ,Fond du Lac  WI ,13,13,2344,0,0,0,2,8,668,0,0,0,7,7,1330,0,0,0,2,8,668,0,0,0
200504,258,23060, ,Fort Wayne  IN ,200,200,37135,4,8,777,1,4,355,17,180,8403,200,200,37135,4,8,777,1,4,355,17,180,8403
200504,260,23420, ,Fresno  CA ,338,338,64514,4,8,712,3,12,1099,13,75,5207,88,88,23179,0,0,0,0,0,0,0,0,0
200504,260,31460, ,Madera  CA ,118,118,16844,8,16,1069,1,3,145,0,0,0,118,118,16844,8,16,1069,1,3,145,0,0,0
200504,266,24340,C,Grand Rapids-Wyoming  MI ,282,282,41240,0,0,0,1,3,255,2,20,1884,204,204,35035,0,0,0,0,0,0,0,0,0
200504,266,26100, ,Holland-Grand Haven  MI ,95,95,15730,3,6,362,2,6,780,2,17,609,29,29,5389,0,0,0,0,0,0,0,0,0
200504,266,34740, ,Muskegon-Norton Shores  MI ,28,28,4334,3,6,672,0,0,0,0,0,0,23,23,3651,3,6,672,0,0,0,0,0,0
200504,268,15500, ,Burlington  NC ,97,97,11388,0,0,0,0,0,0,0,0,0,97,97,11388,0,0,0,0,0,0,0,0,0
200504,268,24660,C,Greensboro-High Point  NC ,458,458,72236,1,2,109,1,3,161,7,93,4752,91,91,12047,0,0,0,0,0,0,0,0,0
200504,268,49180, ,Winston-Salem  NC ,293,293,42043,0,0,0,1,4,186,0,0,0,293,293,42043,0,0,0,1,4,186,0,0,0
200504,273,11340, ,Anderson  SC ,115,115,13756,0,0,0,0,0,0,5,55,2665,115,115,13756,0,0,0,0,0,0,5,55,2665
200504,273,24860,C,Greenville  SC ,407,407,48221,3,6,477,0,0,0,2,26,1879,369,369,43245,3,6,477,0,0,0,0,0,0
200504,273,43900, ,Spartanburg  SC ,160,160,14416,0,0,0,0,0,0,0,0,0,160,160,14416,0,0,0,0,0,0,0,0,0
200504,274,25060, ,Gulfport-Biloxi  MS ,155,155,20999,2,4,262,1,3,203,1,21,1980,81,81,11932,0,0,0,0,0,0,0,0,0
200504,274,37700, ,Pascagoula  MS ,88,88,7699,0,0,0,0,0,0,0,0,0,72,72,5563,0,0,0,0,0,0,0,0,0
200504,276,25420, ,Harrisburg-Carlisle  PA ,159,159,27903,1,2,220,0,0,0,0,0,0,157,157,27569,1,2,220,0,0,0,0,0,0
200504,276,30140, ,Lebanon  PA ,53,53,7402,0,0,0,0,0,0,0,0,0,42,42,5705,0,0,0,0,0,0,0,0,0
200504,278,25540, ,Hartford-West Hartford-East Hartford  CT ,223,223,35948,2,4,248,0,0,0,6,51,2008,176,176,29445,1,2,90,0,0,0,1,12,819
200504,288,26420,C,Houston-Baytown-Sugar Land  TX ,4805,4805,719462,6,12,942,4,15,931,28,491,35724,4465,4465,665914,6,12,942,4,15,931,25,454,34771
200504,290,19460, ,Decatur  AL ,27,27,3219,0,0,0,0,0,0,0,0,0,27,27,3219,0,0,0,0,0,0,0,0,0
200504,290,26620, ,Huntsville  AL ,307,307,37364,0,0,0,0,0,0,1,6,783,307,307,37364,0,0,0,0,0,0,1,6,783
200504,292,26820, ,Idaho Falls  ID ,104,104,14334,2,4,425,1,3,276,0,0,0,104,104,14334,2,4,425,1,3,276,0,0,0
200504,294,11300, ,Anderson  IN ,38,38,6419,0,0,0,0,0,0,0,0,0,38,38,6419,0,0,0,0,0,0,0,0,0
200504,294,18020, ,Columbus  IN ,25,25,4289,0,0,0,0,0,0,0,0,0,25,25,4289,0,0,0,0,0,0,0,0,0
200504,294,26900,C,Indianapolis  IN ,1178,1178,212212,25,50,4895,10,40,3594,5,31,2359,1158,1158,209476,25,50,4895,10,40,3594,5,31,2359
200504,296,27060, ,Ithaca  NY ,11,11,1834,0,0,0,0,0,0,0,0,0,10,10,1633,0,0,0,0,0,0,0,0,0
200504,297,27180, ,Jackson  TN ,57,57,7763,0,0,0,0,0,0,0,0,0,57,57,7763,0,0,0,0,0,0,0,0,0
200504,298,27140, ,Jackson  MS ,322,322,55784,2,4,480,1,4,370,3,35,1587,301,301,51145,2,4,480,1,4,370,0,0,0
200504,304,27740, ,Johnson City  TN ,83,83,12491,0,0,0,3,9,360,0,0,0,63,63,9903,0,0,0,3,9,360,0,0,0
200504,304,28700, ,Kingsport-Bristol-Bristol  TN-VA ,98,98,8660,1,2,202,0,0,0,0,0,0,5,5,716,0,0,0,0,0,0,0,0,0
200504,312,28140,C,Kansas City  MO-KS ,1327,1327,230281,19,38,3573,13,52,4880,10,299,21410,1179,1179,206473,15,30,2794,10,40,3691,9,293,21129
200504,314,28940, ,Knoxville  TN ,341,341,50736,0,0,0,2,8,602,0,0,0,325,325,48380,0,0,0,2,8,602,0,0,0
200504,316,29020, ,Kokomo  IN ,21,21,3841,1,2,287,0,0,0,1,5,225,0,0,0,0,0,0,0,0,0,0,0,0
200504,318,29180, ,Lafayette  LA ,114,114,16152,0,0,0,0,0,0,0,0,0,100,100,14357,0,0,0,0,0,0,0,0,0
200504,320,29140, ,Lafayette  IN ,78,78,13563,0,0,0,0,0,0,0,0,580,78,78,13563,0,0,0,0,0,0,0,0,580
200504,324,29340, ,Lake Charles  LA ,91,91,12707,2,4,160,0,0,0,0,0,0,87,87,12066,2,4,160,0,0,0,0,0,0
200504,330,29620, ,Lansing-East Lansing  MI ,107,107,17872,5,10,523,0,0,0,7,57,4503,71,71,12129,4,8,325,0,0,0,5,40,3325
200504,332,29820,C,Las Vegas-Paradise  NV ,2341,2341,306412,0,0,0,25,79,5399,8,590,51489,2337,2337,305296,0,0,0,25,79,5399,7,585,50845
200504,336,30460, ,Lexington-Fayette  KY ,390,390,55803,0,0,0,1,4,380,7,252,4549,152,152,25529,0,0,0,0,0,0,4,192,2214
200504,338,30620, ,Lima  OH ,5,5,652,0,0,0,0,0,0,0,0,0,1,1,120,0,0,0,0,0,0,0,0,0
200504,340,30780, ,Little Rock-North Little Rock  AR ,318,318,55813,1,2,150,0,0,0,4,22,1100,312,312,55114,1,2,150,0,0,0,4,22,1100
200504,340,38220, ,Pine Bluff  AR ,7,7,645,0,0,0,0,0,0,0,0,0,3,3,511,0,0,0,0,0,0,0,0,0
200504,346,30980, ,Longview  TX ,44,44,5682,0,0,0,0,0,0,0,0,0,44,44,5682,0,0,0,0,0,0,0,0,0
200504,348,31100,C,Los Angeles-Long Beach-Santa Ana  CA ,1544,1544,367499,25,50,5680,29,95,9268,47,1053,122263,1381,1381,321929,20,40,4407,23,76,7277,34,926,108283
200504,348,37100, ,Oxnard-Thousand Oaks-Ventura  CA ,368,368,116156,9,18,1740,3,10,1037,10,177,21127,319,319,104082,9,18,1740,2,7,699,5,138,17923
200504,348,40140,C,Riverside-San Bernardino-Ontario  CA ,4076,4076,767123,2,4,559,75,237,23669,15,108,10107,3433,3433,662165,1,2,315,73,229,22828,11,84,8256
200504,350,21060, ,Elizabethtown  KY ,68,68,9135,0,0,0,0,0,0,1,8,400,9,9,1174,0,0,0,0,0,0,1,8,400
200504,350,31140,C,Louisville  KY-IN ,714,714,111814,0,0,0,0,0,0,4,101,6876,331,331,54109,0,0,0,0,0,0,1,45,3166
200504,352,31180, ,Lubbock  TX ,84,84,13995,3,6,576,0,0,0,0,0,0,84,84,13995,3,6,576,0,0,0,0,0,0
200504,356,31420, ,Macon  GA ,61,61,8571,0,0,0,0,0,0,0,0,0,61,61,8571,0,0,0,0,0,0,0,0,0
200504,356,47580, ,Warner Robins  GA ,114,114,16365,0,0,0,0,0,0,0,0,0,114,114,16365,0,0,0,0,0,0,0,0,0
200504,358,31540,C,Madison  WI ,263,263,57473,18,36,4501,10,38,3608,5,31,2137,205,205,48127,13,26,3476,6,24,2426,0,0,0
200504,360,31900, ,Mansfield  OH ,36,36,6813,2,4,370,1,4,330,0,0,0,36,36,6813,2,4,370,1,4,330,0,0,0
200504,372,33260,C,Midland  TX ,35,35,4799,0,0,0,0,0,0,0,0,0,35,35,4799,0,0,0,0,0,0,0,0,0
200504,372,36220,C,Odessa  TX ,16,16,4065,0,0,0,0,0,0,7,100,5000,16,16,4065,0,0,0,0,0,0,7,100,5000
200504,376,33340,C,Milwaukee-Waukesha-West Allis  WI ,340,340,79983,21,42,6038,6,24,2025,7,172,12578,295,295,66676,19,38,5626,6,24,2025,5,162,11703
200504,376,39540, ,Racine  WI ,46,46,9940,1,2,356,0,0,0,0,0,0,44,44,9511,0,0,0,0,0,0,0,0,0
200504,378,33460,C,Minneapolis-St. Paul-Bloomington  MN-WI ,1633,1633,323049,14,28,3628,13,51,7648,21,462,94508,1275,1275,258851,10,20,2532,13,51,7648,18,433,91888
200504,378,41060, ,St. Cloud  MN ,118,118,18468,1,2,249,0,0,0,1,5,315,85,85,13740,1,2,249,0,0,0,0,0,0
200504,380,33660, ,Mobile  AL ,125,125,20930,0,0,0,0,0,0,0,0,0,124,124,20871,0,0,0,0,0,0,0,0,0
200504,384,33740, ,Monroe  LA ,27,27,3938,1,2,51,0,0,0,0,0,0,4,4,490,0,0,0,0,0,0,0,0,0
200504,388,33860, ,Montgomery  AL ,143,143,16046,3,6,533,0,0,0,3,16,1061,62,62,6746,0,0,0,0,0,0,0,0,0
200504,392,34100, ,Morristown  TN ,46,46,6446,0,0,0,2,8,480,0,0,0,46,46,6446,0,0,0,2,8,480,0,0,0
200504,396,34820, ,Myrtle Beach-Conway-North Myrtle Beach  SC ,553,553,74972,11,22,3157,0,0,0,11,204,21199,489,489,64207,10,20,3028,0,0,0,4,42,2777
200504,400,34980,C,Nashville-Davidson--Murfreesboro  TN ,1223,1223,187225,6,12,676,4,16,131,23,299,18462,1159,1159,180405,6,12,676,4,16,131,21,264,17203
200504,406,35380,C,New Orleans-Metairie-Kenner  LA ,408,408,66816,7,14,969,1,3,212,2,16,979,309,309,53473,1,2,135,0,0,0,0,0,0
200504,408,14860, ,Bridgeport-Stamford-Norwalk  CT ,119,119,44545,1,2,186,1,3,271,5,54,5041,82,82,25545,1,2,186,1,3,271,2,16,1881
200504,408,28740, ,Kingston  NY ,31,31,5826,0,0,0,3,10,947,0,0,0,29,29,5499,0,0,0,3,10,947,0,0,0
200504,408,35300, ,New Haven-Milford  CT ,128,128,22221,2,4,216,1,4,259,2,35,1873,112,112,19846,2,4,216,0,0,0,1,8,242
200504,408,35620,C,New York-Northern New Jersey-Long Island  NY-NJ-PA ,1606,1606,335496,381,762,67748,147,455,39806,126,3552,220456,1107,1107,237902,306,612,56884,139,428,37639,91,3115,191554
200504,408,39100, ,Poughkeepsie-Newburgh-Middletown  NY ,124,124,21257,0,0,0,0,0,0,21,127,4864,70,70,11224,0,0,0,0,0,0,18,108,3131
200504,408,45940,C,Trenton-Ewing  NJ ,78,78,8657,1,2,325,0,0,0,0,0,0,31,31,3434,0,0,0,0,0,0,0,0,0
200504,416,36420,C,Oklahoma City  OK ,772,772,118810,2,4,291,2,7,298,15,170,9414,310,310,54797,0,0,0,1,4,150,8,95,4624
200504,420,36540,C,Omaha-Council Bluffs  NE-IA ,505,505,71107,1,2,119,1,3,133,4,80,6208,474,474,67570,0,0,0,0,0,0,4,80,6208
200504,422,36740,C,Orlando  FL ,2834,2834,448284,7,14,1024,2,8,828,84,1600,164344,2251,2251,370068,6,12,942,2,8,828,80,1546,161468
200504,426,37900, ,Peoria  IL ,59,59,11532,5,10,1323,0,0,0,0,0,0,46,46,8851,1,2,400,0,0,0,0,0,0
200504,428,37980,C,Philadelphia-Camden-Wilmington  PA-NJ-DE-MD ,1368,1368,197969,5,10,394,23,75,4062,24,337,18180,764,764,121979,5,10,394,21,69,3635,9,154,9797
200504,428,47220,C,Vineland-Millville-Bridgeton  NJ ,38,38,3394,0,0,0,0,0,0,0,0,0,14,14,1433,0,0,0,0,0,0,0,0,0
200504,430,38300,C,Pittsburgh  PA ,444,444,78969,5,10,846,3,9,741,14,138,9494,317,317,61086,5,10,846,0,0,0,5,65,5063
200504,438,30340, ,Lewiston-Auburn  ME ,33,33,5738,3,6,586,0,0,0,0,0,0,19,19,3492,3,6,586,0,0,0,0,0,0
200504,438,38860, ,Portland-South Portland-Biddeford  ME ,255,255,46819,5,10,906,1,3,261,7,53,7553,143,143,26799,3,6,404,0,0,0,5,43,6254
200504,450,20500,C,Durham  NC ,446,446,76260,1,2,265,0,0,0,0,0,0,340,340,57983,1,2,265,0,0,0,0,0,0
200504,450,39580,C,Raleigh-Cary  NC ,1308,1308,216744,5,10,785,0,0,0,39,197,15088,1308,1308,216744,5,10,785,0,0,0,39,197,15088
200504,464,40380, ,Rochester  NY ,154,154,27011,0,0,0,0,0,0,1,9,1539,125,125,22809,0,0,0,0,0,0,0,0,0
200504,466,40420, ,Rockford  IL ,260,260,22840,9,18,900,1,4,360,0,0,0,246,246,20835,9,18,900,1,4,360,0,0,0
200504,472,40900,C,Sacramento--Arden-Arcade--Roseville  CA ,1727,1727,374989,4,8,849,5,18,1458,9,88,7984,1662,1662,359910,4,8,849,5,18,1458,8,83,7364
200504,474,13020, ,Bay City  MI ,6,6,860,0,0,0,0,0,0,0,0,0,6,6,860,0,0,0,0,0,0,0,0,0
200504,474,40980, ,Saginaw-Saginaw Township North  MI ,28,28,3985,1,2,231,0,0,0,0,0,0,13,13,2105,1,2,231,0,0,0,0,0,0
200504,476,41180,C,St. Louis  MO-IL ,1297,1297,213395,18,36,3601,6,20,1371,6,117,7043,1016,1016,165524,13,26,2536,4,14,1015,4,86,4686
200504,480,41540, ,Salisbury  MD ,58,58,7765,0,0,0,0,0,0,0,0,0,46,46,6928,0,0,0,0,0,0,0,0,0
200504,482,36260, ,Ogden-Clearfield  UT ,319,319,57469,1,2,223,7,24,2648,1,10,543,224,224,45533,0,0,0,5,17,1972,0,0,0
200504,482,41620,C,Salt Lake City  UT ,661,661,115068,2,4,406,4,12,1184,4,34,2542,476,476,87428,0,0,0,0,0,0,1,12,877
200504,488,34900, ,Napa  CA ,77,77,8094,0,0,0,0,0,0,0,0,0,77,77,8094,0,0,0,0,0,0,0,0,0
200504,488,41860,C,San Francisco-Oakland-Fremont  CA ,784,784,219210,2,4,687,10,34,4889,14,417,58831,673,673,183612,1,2,400,8,28,3961,11,356,52574
200504,488,41940,C,San Jose-Sunnyvale-Santa Clara  CA ,225,225,60168,1,2,279,4,14,1927,29,432,47747,165,165,44681,1,2,279,3,10,1354,26,411,44889
200504,488,42100, ,Santa Cruz-Watsonville  CA ,18,18,4272,0,0,0,0,0,0,0,0,0,18,18,4272,0,0,0,0,0,0,0,0,0
200504,488,42220, ,Santa Rosa-Petaluma  CA ,116,116,30572,1,2,251,0,0,0,0,0,0,116,116,30572,1,2,251,0,0,0,0,0,0
200504,488,46700, ,Vallejo-Fairfield  CA ,169,169,34645,0,0,0,0,0,0,0,0,0,135,135,29170,0,0,0,0,0,0,0,0,0
200504,492,42140,C,Santa Fe  NM ,52,52,7026,0,0,0,0,0,0,0,0,0,0,0,0,0,0,0,0,0,0,0,0,0
200504,496,25980, ,Hinesville-Fort Stewart  GA ,6,6,636,0,0,0,0,0,0,0,0,0,6,6,636,0,0,0,0,0,0,0,0,0
200504,496,42340, ,Savannah  GA ,230,230,34158,0,0,0,0,0,0,2,16,674,114,114,13193,0,0,0,0,0,0,0,0,0
200504,500,14740, ,Bremerton-Silverdale  WA ,99,99,19031,0,0,0,0,0,0,0,0,0,99,99,19031,0,0,0,0,0,0,0,0,0
200504,500,36500, ,Olympia  WA ,224,224,43068,0,0,0,0,0,0,0,0,0,224,224,43068,0,0,0,0,0,0,0,0,0
200504,500,42660,C,Seattle-Tacoma-Bellevue  WA ,1607,1607,317965,24,48,5449,28,99,10371,18,342,30446,1411,1411,282913,20,40,4775,26,93,9822,12,284,25376
200504,508,43340, ,Shreveport-Bossier City  LA ,153,153,24945,0,0,0,0,0,0,0,0,0,153,153,24945,0,0,0,0,0,0,0,0,0
200504,512,43580, ,Sioux City  IA-NE-SD ,21,21,3801,0,0,0,0,0,0,0,0,0,8,8,1520,0,0,0,0,0,0,0,0,0
200504,532,45060, ,Syracuse  NY ,101,101,16262,2,4,377,1,4,200,0,0,0,100,100,16057,2,4,377,1,4,200,0,0,0
200504,534,45780, ,Toledo  OH ,196,196,31102,5,10,951,2,8,694,0,0,0,174,174,29269,5,10,951,2,8,694,0,0,0
200504,538,46140,C,Tulsa  OK ,426,426,62724,0,0,0,2,8,437,0,0,0,420,420,62070,0,0,0,2,8,437,0,0,0
200504,540,46340, ,Tyler  TX ,40,40,7018,0,0,0,1,3,150,1,9,416,0,0,0,0,0,0,0,0,0,0,0,0
200504,548,12580,C,Baltimore-Towson  MD ,732,732,104313,4,8,628,5,20,1614,6,98,8937,681,681,98296,4,8,628,5,20,1614,4,72,5514
200504,548,47900,C,Washington-Arlington-Alexandria  DC-VA-MD-WV ,2434,2434,425628,1,2,400,4,16,4121,8,471,50270,2211,2211,383183,1,2,400,4,16,4121,6,449,49172
200504,548,49020, ,Winchester  VA-WV ,92,92,23429,0,0,0,0,0,0,0,0,0,76,76,21930,0,0,0,0,0,0,0,0,0
200504,554,48140, ,Wausau  WI ,77,77,11672,1,2,220,0,0,0,2,32,1400,46,46,6680,1,2,220,0,0,0,2,32,1400
200504,556,48620, ,Wichita  KS ,253,253,34603,29,58,3967,0,0,0,0,0,0,244,244,33532,29,58,3967,0,0,0,0,0,0
200504,558,48700, ,Williamsport  PA ,8,8,681,2,4,440,0,0,0,0,0,0,5,5,456,2,4,440,0,0,0,0,0,0
200504,564,49620, ,York-Hanover  PA ,135,135,20919,1,2,84,2,7,880,3,18,1890,77,77,13484,0,0,0,2,7,880,1,6,1068
200504,566,49660, ,Youngstown-Warren-Boardman  OH-PA ,89,89,15566,2,4,260,1,3,60,0,0,0,82,82,14528,1,2,160,0,0,0,0,0,0
200504,999,10180, ,Abilene  TX ,22,22,3210,0,0,0,0,0,0,0,0,0,22,22,3210,0,0,0,0,0,0,0,0,0
200504,999,10500, ,Albany  GA ,53,53,6076,1,2,127,1,3,178,0,0,0,5,5,745,0,0,0,0,0,0,0,0,0
200504,999,10740,C,Albuquerque  NM ,652,652,80876,0,0,0,1,4,223,2,27,1293,52,52,9523,0,0,0,0,0,0,0,0,0
200504,999,10780, ,Alexandria  LA ,67,67,8093,0,0,0,0,0,0,0,0,0,42,42,5502,0,0,0,0,0,0,0,0,0
200504,999,10900,C,Allentown-Bethlehem-Easton  PA-NJ ,419,419,65673,0,0,0,0,0,0,2,14,1271,291,291,47557,0,0,0,0,0,0,1,8,1176
200504,999,11020, ,Altoona  PA ,0,0,0,0,0,0,0,0,0,0,0,0,0,0,0,0,0,0,0,0,0,0,0,0
200504,999,11100, ,Amarillo  TX ,59,59,10421,0,0,0,0,0,0,0,0,0,59,59,10421,0,0,0,0,0,0,0,0,0
200504,999,11260,C,Anchorage  AK ,111,111,26676,16,32,5265,4,15,1640,9,184,23637,106,106,26126,16,32,5265,4,15,1640,9,184,23637
200504,999,11500, ,Anniston-Oxford  AL ,16,16,2422,0,0,0,0,0,0,0,0,0,16,16,2422,0,0,0,0,0,0,0,0,0
200504,999,12020, ,Athens-Clarke County  GA ,93,93,16484,5,10,881,0,0,0,1,95,7696,93,93,16484,5,10,881,0,0,0,1,95,7696
200504,999,12100,C,Atlantic City  NJ ,157,157,24133,2,4,764,1,3,692,3,20,1462,152,152,23616,2,4,764,1,3,692,3,20,1462
200504,999,12260, ,Augusta-Richmond County  GA-SC ,309,309,37415,0,0,0,0,0,0,0,0,0,236,236,27655,0,0,0,0,0,0,0,0,0
200504,999,12420,C,Austin-Round Rock  TX ,1474,1474,204305,8,16,757,1,4,139,8,836,47569,1295,1295,183910,8,16,757,0,0,0,4,779,44194
200504,999,12540, ,Bakersfield  CA ,572,572,82039,3,6,390,3,10,816,4,25,1569,65,65,8666,0,0,0,0,0,0,0,0,0
200504,999,12620, ,Bangor  ME ,33,33,4955,0,0,0,0,0,0,0,0,0,29,29,4242,0,0,0,0,0,0,0,0,0
200504,999,12700, ,Barnstable Town  MA ,76,76,20714,0,0,0,0,0,0,1,13,1775,22,22,6828,0,0,0,0,0,0,0,0,0
200504,999,12980, ,Battle Creek  MI ,5,5,531,0,0,0,0,0,0,0,0,0,5,5,531,0,0,0,0,0,0,0,0,0
200504,999,13140, ,Beaumont-Port Arthur  TX ,41,41,6465,0,0,0,0,0,0,1,104,7965,41,41,6465,0,0,0,0,0,0,1,104,7965
200504,999,13380, ,Bellingham  WA ,115,115,20716,1,2,259,2,8,746,4,71,5670,85,85,15375,0,0,0,0,0,0,1,14,1646
200504,999,13740, ,Billings  MT ,55,55,9194,0,0,0,0,0,0,1,7,951,55,55,9194,0,0,0,0,0,0,1,7,951
200504,999,13780, ,Binghamton  NY ,2,2,350,0,0,0,0,0,0,0,0,0,2,2,350,0,0,0,0,0,0,0,0,0
200504,999,13900, ,Bismarck  ND ,90,90,14415,0,0,0,3,11,1230,0,0,0,90,90,14415,0,0,0,3,11,1230,0,0,0
200504,999,14020, ,Bloomington  IN ,52,52,7837,8,16,1439,1,3,237,1,20,1141,0,0,0,0,0,0,0,0,0,0,0,0
200504,999,14060, ,Bloomington-Normal  IL ,75,75,9415,0,0,0,0,0,0,1,12,343,37,37,3693,0,0,0,0,0,0,0,0,0
200504,999,14260,C,Boise City-Nampa  ID ,849,849,145921,6,12,1329,13,51,2371,0,0,0,465,465,68340,2,4,310,8,32,1220,0,0,0
200504,999,14540, ,Bowling Green  KY ,75,75,10967,3,6,471,0,0,0,0,0,0,75,75,10967,3,6,471,0,0,0,0,0,0
200504,999,15260, ,Brunswick  GA ,61,61,12590,0,0,0,0,0,0,3,80,1384,61,61,12590,0,0,0,0,0,0,3,80,1384
200504,999,15540, ,Burlington-South Burlington  VT ,57,57,9802,4,8,885,1,4,390,1,7,494,34,34,5338,1,2,186,0,0,0,0,0,0
200504,999,15940, ,Canton-Massillon  OH ,95,95,17752,0,0,0,0,0,0,1,5,239,0,0,0,0,0,0,0,0,0,0,0,0
200504,999,15980,C,Cape Coral-Fort Myers  FL ,1892,1892,315913,13,26,1605,2,8,623,24,362,55513,1892,1892,315913,13,26,1605,2,8,623,24,362,55513
200504,999,16180,C,Carson City  NV ,8,8,2515,0,0,0,0,0,0,0,0,0,8,8,2515,0,0,0,0,0,0,0,0,0
200504,999,16220,C,Casper  WY ,37,37,6136,0,0,0,0,0,0,0,0,0,33,33,5364,0,0,0,0,0,0,0,0,0
200504,999,16300, ,Cedar Rapids  IA ,111,111,12981,3,6,484,9,31,2538,0,0,0,102,102,11473,3,6,484,9,31,2538,0,0,0
200504,999,16580, ,Champaign-Urbana  IL ,90,90,13747,2,4,377,0,0,0,3,48,1542,90,90,13747,2,4,377,0,0,0,3,48,1542
200504,999,16620, ,Charleston  WV ,38,38,5683,0,0,0,0,0,0,0,0,0,31,31,4129,0,0,0,0,0,0,0,0,0
200504,999,16700,C,Charleston-North Charleston  SC ,669,669,109129,1,2,120,1,3,362,3,41,4178,377,377,53379,1,2,120,0,0,0,0,0,0
200504,999,16820,C,Charlottesville  VA ,156,156,34580,0,0,0,0,0,0,0,0,0,156,156,34580,0,0,0,0,0,0,0,0,0
200504,999,16940, ,Cheyenne  WY ,67,67,9542,0,0,0,1,4,261,1,7,411,0,0,0,0,0,0,0,0,0,0,0,0
200504,999,17020, ,Chico  CA ,124,124,16121,0,0,0,0,0,0,0,0,0,124,124,16121,0,0,0,0,0,0,0,0,0
200504,999,17300, ,Clarksville  TN-KY ,223,223,21070,5,10,400,16,64,2175,2,16,160,217,217,20365,5,10,400,16,64,2175,2,16,160
200504,999,17660, ,Coeur dAlene  ID ,244,244,39430,3,6,471,1,4,329,6,36,2646,217,217,35711,2,4,321,1,4,329,6,36,2646
200504,999,17780, ,College Station-Bryan  TX ,84,84,13129,7,14,1432,0,0,0,1,6,402,84,84,13129,7,14,1432,0,0,0,1,6,402
200504,999,17820,C,Colorado Springs  CO ,744,744,105957,5,10,1434,3,11,1804,3,28,2897,743,743,105895,5,10,1434,3,11,1804,3,28,2897
200504,999,17860, ,Columbia  MO ,119,119,18082,25,50,3307,3,12,450,0,0,0,119,119,18082,25,50,3307,3,12,450,0,0,0
200504,999,19060, ,Cumberland  MD-WV ,21,21,3073,0,0,0,0,0,0,0,0,0,21,21,3073,0,0,0,0,0,0,0,0,0
200504,999,19140,C,Dalton  GA ,73,73,9583,1,2,88,1,3,174,1,7,369,30,30,4455,0,0,0,0,0,0,0,0,0
200504,999,19180, ,Danville  IL ,1,1,120,0,0,0,0,0,0,0,0,0,1,1,120,0,0,0,0,0,0,0,0,0
200504,999,19260,C,Danville  VA ,22,22,2734,0,0,0,0,0,0,0,0,0,0,0,0,0,0,0,0,0,0,0,0,0
200504,999,19340, ,Davenport-Moline-Rock Island  IA-IL ,81,81,13459,2,4,338,0,0,0,1,12,536,80,80,13290,1,2,138,0,0,0,1,12,536
200504,999,19500, ,Decatur  IL ,11,11,1525,0,0,0,0,0,0,0,0,0,10,10,1445,0,0,0,0,0,0,0,0,0
200504,999,20100,C,Dover  DE ,201,201,25011,0,0,0,0,0,0,1,81,6000,72,72,7368,0,0,0,0,0,0,1,81,6000
200504,999,20220, ,Dubuque  IA ,31,31,6024,3,6,461,1,3,249,0,0,0,31,31,6024,3,6,461,1,3,249,0,0,0
200504,999,20260, ,Duluth  MN-WI ,69,69,8342,1,2,218,1,3,239,1,17,1812,13,13,1411,0,0,0,0,0,0,0,0,0
200504,999,20940,C,El Centro  CA ,106,106,12459,0,0,0,0,0,0,1,8,272,60,60,6695,0,0,0,0,0,0,0,0,0
200504,999,21140, ,Elkhart-Goshen  IN ,99,99,14315,0,0,0,0,0,0,0,0,0,99,99,14315,0,0,0,0,0,0,0,0,0
200504,999,21300, ,Elmira  NY ,2,2,361,1,2,120,0,0,0,0,0,0,0,0,0,0,0,0,0,0,0,0,0,0
200504,999,21340, ,El Paso  TX ,342,342,37853,1,2,96,0,0,0,0,0,0,342,342,37853,1,2,96,0,0,0,0,0,0
200504,999,21500, ,Erie  PA ,26,26,4300,0,0,0,0,0,0,1,60,4843,26,26,4300,0,0,0,0,0,0,1,60,4843
200504,999,21660,C,Eugene-Springfield  OR ,150,150,26919,7,14,1964,2,7,471,1,5,429,144,144,25903,6,12,1772,1,4,192,0,0,0
200504,999,21780, ,Evansville  IN-KY ,113,113,15731,1,2,147,0,0,0,1,8,415,72,72,8914,0,0,0,0,0,0,0,0,0
200504,999,21820,C,Fairbanks  AK ,20,20,2867,2,4,400,0,0,0,0,0,0,19,19,2775,2,4,400,0,0,0,0,0,0
200504,999,22140,C,Farmington  NM ,37,37,7560,0,0,0,0,0,0,0,0,0,37,37,7560,0,0,0,0,0,0,0,0,0
200504,999,22180, ,Fayetteville  NC ,238,238,31789,0,0,0,1,4,262,17,296,18811,238,238,31789,0,0,0,1,4,262,17,296,18811
200504,999,22220, ,Fayetteville-Springdale-Rogers  AR-MO ,430,430,61518,9,18,2276,1,3,132,1,6,193,404,404,59192,9,18,2276,0,0,0,0,0,0
200504,999,22380, ,Flagstaff  AZ ,48,48,9249,1,2,152,0,0,0,0,0,0,48,48,9249,1,2,152,0,0,0,0,0,0
200504,999,22500, ,Florence  SC ,37,37,4067,0,0,0,0,0,0,0,0,0,0,0,0,0,0,0,0,0,0,0,0,0
200504,999,22520, ,Florence-Muscle Shoals  AL ,26,26,2407,0,0,0,0,0,0,0,0,0,22,22,2006,0,0,0,0,0,0,0,0,0
200504,999,22660,C,Fort Collins-Loveland  CO ,226,226,48773,0,0,0,1,4,546,8,74,7037,226,226,48773,0,0,0,1,4,546,8,74,7037
200504,999,22900, ,Fort Smith  AR-OK ,41,41,4635,3,6,450,0,0,0,0,0,0,39,39,4487,3,6,450,0,0,0,0,0,0
200504,999,23020,C,Fort Walton Beach-Crestview-Destin  FL ,98,98,20987,0,0,0,0,0,0,2,71,22730,7,7,2633,0,0,0,0,0,0,1,34,16325
200504,999,23460, ,Gadsden  AL ,20,20,2465,0,0,0,0,0,0,0,0,0,20,20,2465,0,0,0,0,0,0,0,0,0
200504,999,23540, ,Gainesville  FL ,145,145,22236,0,0,0,0,0,0,15,139,13102,121,121,19557,0,0,0,0,0,0,13,104,11217
200504,999,24140,C,Goldsboro  NC ,39,39,4674,0,0,0,0,0,0,0,0,0,39,39,4674,0,0,0,0,0,0,0,0,0
200504,999,24220, ,Grand Forks  ND-MN ,19,19,2657,0,0,0,0,0,0,3,112,7291,19,19,2657,0,0,0,0,0,0,3,112,7291
200504,999,24300,C,Grand Junction  CO ,112,112,17566,1,2,294,0,0,0,2,12,840,112,112,17566,1,2,294,0,0,0,2,12,840
200504,999,24500, ,Great Falls  MT ,17,17,2531,1,2,111,0,0,0,0,0,0,17,17,2531,1,2,111,0,0,0,0,0,0
200504,999,24540,C,Greeley  CO ,353,353,73412,0,0,0,2,6,976,3,36,2535,352,352,73264,0,0,0,2,6,976,3,36,2535
200504,999,24580, ,Green Bay  WI ,166,166,22398,12,24,2562,3,11,935,8,69,4168,60,60,13198,12,24,2562,2,8,560,6,50,3400
200504,999,24780, ,Greenville  NC ,94,94,14213,2,4,262,0,0,0,4,48,2434,46,46,9144,0,0,0,0,0,0,0,0,0
200504,999,25180, ,Hagerstown-Martinsburg  MD-WV ,320,320,56402,1,2,125,0,0,0,0,0,0,320,320,56402,1,2,125,0,0,0,0,0,0
200504,999,25260, ,Hanford-Corcoran  CA ,69,69,7310,0,0,0,0,0,0,0,0,0,29,29,2859,0,0,0,0,0,0,0,0,0
200504,999,25500,C,Harrisonburg  VA ,86,86,16232,0,0,0,0,0,0,0,0,0,86,86,16232,0,0,0,0,0,0,0,0,0
200504,999,25620, ,Hattiesburg  MS ,3,3,572,0,0,0,0,0,0,0,0,0,3,3,572,0,0,0,0,0,0,0,0,0
200504,999,25860, ,Hickory-Lenoir-Morganton  NC ,130,130,22391,0,0,0,0,0,0,5,40,3408,130,130,22391,0,0,0,0,0,0,5,40,3408
200504,999,26180,C,Honolulu  HI ,175,175,33950,1,2,250,2,7,1152,9,183,31536,0,0,0,0,0,0,0,0,0,0,0,0
200504,999,26300, ,Hot Springs  AR ,13,13,1421,0,0,0,0,0,0,0,0,0,0,0,0,0,0,0,0,0,0,0,0,0
200504,999,26380, ,Houma-Bayou Cane-Thibodaux  LA ,85,85,7468,0,0,0,0,0,0,0,0,0,85,85,7468,0,0,0,0,0,0,0,0,0
200504,999,26580, ,Huntington-Ashland  WV-KY-OH ,5,5,506,0,0,0,0,0,0,0,0,0,0,0,0,0,0,0,0,0,0,0,0,0
200504,999,26980, ,Iowa City  IA ,102,102,17117,0,0,0,0,0,0,1,18,982,66,66,12745,0,0,0,0,0,0,0,0,0
200504,999,27100, ,Jackson  MI ,35,35,5340,0,0,0,0,0,0,0,0,0,30,30,4794,0,0,0,0,0,0,0,0,0
200504,999,27260,C,Jacksonville  FL ,1660,1660,287482,3,6,637,0,0,0,29,468,86480,1652,1652,286220,3,6,637,0,0,0,29,468,86480
200504,999,27340, ,Jacksonville  NC ,105,105,11520,0,0,0,0,0,0,0,0,0,35,35,5134,0,0,0,0,0,0,0,0,0
200504,999,27500, ,Janesville  WI ,55,55,7225,3,6,505,0,0,0,0,0,0,50,50,6508,3,6,505,0,0,0,0,0,0
200504,999,27620, ,Jefferson City  MO ,33,33,4481,0,0,0,1,3,196,1,5,321,0,0,0,0,0,0,0,0,0,0,0,0
200504,999,27780, ,Johnstown  PA ,2,2,220,0,0,0,0,0,0,0,0,0,0,0,0,0,0,0,0,0,0,0,0,0
200504,999,27860, ,Jonesboro  AR ,42,42,4362,0,0,0,0,0,0,0,0,0,39,39,4042,0,0,0,0,0,0,0,0,0
200504,999,27900, ,Joplin  MO ,31,31,3646,0,0,0,0,0,0,0,0,0,31,31,3646,0,0,0,0,0,0,0,0,0
200504,999,28020, ,Kalamazoo-Portage  MI ,77,77,13797,0,0,0,0,0,0,0,0,0,29,29,5001,0,0,0,0,0,0,0,0,0
200504,999,28420, ,Kennewick-Richland-Pasco  WA ,176,176,28683,1,2,192,4,16,1799,5,74,5512,17,17,2930,0,0,0,0,0,0,0,0,0
200504,999,28660, ,Killeen-Temple-Fort Hood  TX ,212,212,27776,6,12,693,2,8,358,1,20,1018,171,171,22831,4,8,487,2,8,358,0,0,0
200504,999,29100, ,La Crosse  WI-MN ,45,45,8236,1,2,270,0,0,0,0,0,0,45,45,8236,1,2,270,0,0,0,0,0,0
200504,999,29460,C,Lakeland  FL ,776,776,112545,0,0,0,0,0,0,0,0,0,770,770,111826,0,0,0,0,0,0,0,0,0
200504,999,29540, ,Lancaster  PA ,141,141,23862,1,2,176,1,3,375,2,10,433,111,111,20279,0,0,0,0,0,0,0,0,0
200504,999,29700,C,Laredo  TX ,154,154,14264,1,2,84,0,0,0,2,44,1998,0,0,0,0,0,0,0,0,0,0,0,0
200504,999,29740,C,Las Cruces  NM ,131,131,23894,0,0,0,0,0,0,3,27,1385,47,47,11529,0,0,0,0,0,0,0,0,0
200504,999,29940, ,Lawrence  KS ,30,30,5013,5,10,1017,0,0,0,0,0,0,30,30,5013,5,10,1017,0,0,0,0,0,0
200504,999,30020, ,Lawton  OK ,13,13,1630,0,0,0,0,0,0,0,0,0,0,0,0,0,0,0,0,0,0,0,0,0
200504,999,30300, ,Lewiston  ID-WA ,4,4,816,0,0,0,0,0,0,0,0,0,4,4,816,0,0,0,0,0,0,0,0,0
200504,999,30700, ,Lincoln  NE ,103,103,18000,2,4,585,0,0,0,0,0,0,103,103,18000,2,4,585,0,0,0,0,0,0
200504,999,30860, ,Logan  UT-ID ,92,92,13586,0,0,0,0,0,0,1,5,417,86,86,12690,0,0,0,0,0,0,0,0,0
200504,999,31020, ,Longview  WA ,49,49,8589,0,0,0,0,0,0,0,0,0,45,45,7947,0,0,0,0,0,0,0,0,0
200504,999,31340, ,Lynchburg  VA ,123,123,21199,1,2,85,0,0,0,0,0,0,96,96,17555,1,2,85,0,0,0,0,0,0
200504,999,32580,C,McAllen-Edinburg-Pharr  TX ,629,629,73253,5,10,2007,28,111,8024,6,54,3893,602,602,71743,5,10,2007,28,111,8024,5,49,3753
200504,999,32780,C,Medford  OR ,158,158,27136,2,4,366,3,12,860,1,5,293,89,89,18071,0,0,0,0,0,0,0,0,0
200504,999,32820, ,Memphis  TN-MS-AR ,758,758,123673,0,0,0,0,0,0,0,0,0,720,720,119989,0,0,0,0,0,0,0,0,0
200504,999,32900, ,Merced  CA ,239,239,42089,0,0,0,0,0,0,0,0,0,175,175,31287,0,0,0,0,0,0,0,0,0
200504,999,33100, ,Miami-Fort Lauderdale-Miami Beach  FL ,2127,2127,411008,22,44,4372,7,23,2366,48,2136,186170,980,980,251366,16,32,2657,3,11,1199,12,1553,131397
200504,999,33540,C,Missoula  MT ,36,36,3043,0,0,0,0,0,0,0,0,0,36,36,3043,0,0,0,0,0,0,0,0,0
200504,999,33700, ,Modesto  CA ,303,303,53124,6,12,940,0,0,0,3,69,4386,221,221,38882,6,12,940,0,0,0,1,44,2444
200504,999,34060, ,Morgantown  WV ,1,1,93,0,0,0,0,0,0,0,0,0,1,1,93,0,0,0,0,0,0,0,0,0
200504,999,34580, ,Mount Vernon-Anacortes  WA ,40,40,7359,0,0,0,0,0,0,3,18,1000,40,40,7359,0,0,0,0,0,0,3,18,1000
200504,999,34620, ,Muncie  IN ,19,19,2954,0,0,0,0,0,0,0,0,0,19,19,2954,0,0,0,0,0,0,0,0,0
200504,999,34940,C,Naples-Marco Island  FL ,392,392,100209,6,12,1695,10,40,8594,5,48,5702,392,392,100209,6,12,1695,10,40,8594,5,48,5702
200504,999,35660, ,Niles-Benton Harbor  MI ,13,13,2210,0,0,0,0,0,0,0,0,0,11,11,2002,0,0,0,0,0,0,0,0,0
200504,999,35980,C,Norwich-New London  CT ,67,67,13712,1,2,206,1,4,252,7,55,3748,40,40,8604,1,2,206,1,4,252,7,55,3748
200504,999,36100,C,Ocala  FL ,481,481,60163,0,0,0,0,0,0,30,290,3168,481,481,60163,0,0,0,0,0,0,30,290,3168
200504,999,36140,C,Ocean City  NJ ,119,119,19095,14,28,4682,5,20,1829,3,18,3055,117,117,18941,14,28,4682,5,20,1829,3,18,3055
200504,999,36980, ,Owensboro  KY ,48,48,4458,0,0,0,0,0,0,0,0,0,48,48,4458,0,0,0,0,0,0,0,0,0
200504,999,37340,C,Palm Bay-Melbourne-Titusville  FL ,507,507,101997,1,2,190,0,0,0,4,76,9690,261,261,58289,0,0,0,0,0,0,2,23,3915
200504,999,37460,C,Panama City-Lynn Haven  FL ,134,134,19879,1,2,143,1,4,600,3,48,3405,46,46,8004,0,0,0,1,4,600,1,5,700
200504,999,37620, ,Parkersburg-Marietta  WV-OH ,16,16,2286,0,0,0,0,0,0,0,0,0,16,16,2286,0,0,0,0,0,0,0,0,0
200504,999,37860, ,Pensacola-Ferry Pass-Brent  FL ,296,296,43278,2,4,314,0,0,0,3,55,4212,296,296,43278,2,4,314,0,0,0,3,55,4212
200504,999,38060, ,Phoenix-Mesa-Scottsdale  AZ ,4644,4644,684610,6,12,1460,9,32,3453,50,1390,92341,3718,3718,669268,3,6,1030,5,18,2512,49,1385,92077
200504,999,38340, ,Pittsfield  MA ,10,10,2167,0,0,0,0,0,0,0,0,0,6,6,1544,0,0,0,0,0,0,0,0,0
200504,999,38540, ,Pocatello  ID ,49,49,4375,0,0,0,4,16,254,0,0,0,49,49,4375,0,0,0,4,16,254,0,0,0
200504,999,38900,C,Portland-Vancouver-Beaverton  OR-WA ,948,948,193459,15,30,2310,7,24,1987,37,387,39016,832,832,169430,15,30,2310,6,21,1761,36,382,38029
200504,999,38940,C,Port St. Lucie-Fort Pierce  FL ,817,817,120519,0,0,0,4,15,1871,18,175,9289,811,811,117490,0,0,0,2,8,1092,16,128,6290
200504,999,39140, ,Prescott  AZ ,304,304,52405,2,4,361,0,0,0,0,0,0,304,304,52405,2,4,361,0,0,0,0,0,0
200504,999,39300, ,Providence-New Bedford-Fall River  RI-MA ,274,274,53495,7,14,1532,1,4,246,5,34,1750,163,163,34079,5,10,1201,1,4,246,0,0,0
200504,999,39340, ,Provo-Orem  UT ,420,420,88723,2,4,839,1,3,325,1,12,886,420,420,88723,2,4,839,1,3,325,1,12,886
200504,999,39380,C,Pueblo  CO ,95,95,15574,10,20,926,0,0,0,0,0,0,95,95,15574,10,20,926,0,0,0,0,0,0
200504,999,39460,C,Punta Gorda  FL ,199,199,36512,6,12,1120,3,11,1667,2,21,3344,187,187,34533,6,12,1120,3,11,1667,1,12,2111
200504,999,39660, ,Rapid City  SD ,112,112,16354,2,4,365,5,16,804,0,0,0,112,112,16354,2,4,365,5,16,804,0,0,0
200504,999,39740, ,Reading  PA ,52,52,8694,1,2,180,1,3,396,0,0,0,38,38,5862,1,2,180,1,3,396,0,0,0
200504,999,39820,C,Redding  CA ,115,115,18599,0,0,0,4,16,1346,2,16,1240,115,115,18599,0,0,0,4,16,1346,2,16,1240
200504,999,39900,C,Reno-Sparks  NV ,376,376,63949,1,2,133,0,0,0,55,560,38179,371,371,63131,1,2,133,0,0,0,55,560,38179
200504,999,40060,C,Richmond  VA ,777,777,124773,1,2,157,6,22,1837,0,0,0,627,627,101949,1,2,157,6,22,1837,0,0,0
200504,999,40220, ,Roanoke  VA ,134,134,18306,0,0,0,2,8,300,1,32,3393,134,134,18306,0,0,0,2,8,300,1,32,3393
200504,999,40340, ,Rochester  MN ,120,120,21552,0,0,0,0,0,0,1,5,377,20,20,3498,0,0,0,0,0,0,0,0,0
200504,999,40580, ,Rocky Mount  NC ,47,47,5465,3,6,315,0,0,0,0,0,0,47,47,5465,3,6,315,0,0,0,0,0,0
200504,999,40660,C,Rome  GA ,37,37,5222,3,6,303,0,0,0,1,7,407,0,0,0,0,0,0,0,0,0,0,0,0
200504,999,41100, ,St. George  UT ,306,306,38411,4,8,576,0,0,0,1,21,1800,293,293,36172,4,8,576,0,0,0,1,21,1800
200504,999,41140, ,St. Joseph  MO-KS ,10,10,1705,1,2,273,0,0,0,1,11,520,0,0,0,0,0,0,0,0,0,0,0,0
200504,999,41420,C,Salem  OR ,123,123,21431,3,6,582,1,4,208,2,24,1320,29,29,6608,2,4,473,0,0,0,0,0,0
200504,999,41500, ,Salinas  CA ,69,69,14151,0,0,0,0,0,0,2,26,2035,45,45,9603,0,0,0,0,0,0,1,21,1300
200504,999,41660, ,San Angelo  TX ,22,22,3062,0,0,0,0,0,0,0,0,0,22,22,3062,0,0,0,0,0,0,0,0,0
200504,999,41700, ,San Antonio  TX ,1099,1099,167270,6,12,942,2,7,318,18,319,23301,919,919,140287,6,12,942,1,4,159,17,292,22386
200504,999,41740,C,San Diego-Carlsbad-San Marcos  CA ,854,854,227036,63,126,13455,5,15,1391,5,29,2566,806,806,217404,63,126,13455,4,12,1106,4,24,2075
200504,999,41780, ,Sandusky  OH ,0,0,0,0,0,0,0,0,0,0,0,0,0,0,0,0,0,0,0,0,0,0,0,0
200504,999,42020,C,San Luis Obispo-Paso Robles  CA ,130,130,24920,1,2,228,0,0,0,3,15,678,130,130,24920,1,2,228,0,0,0,3,15,678
200504,999,42060, ,Santa Barbara-Santa Maria-Goleta  CA ,86,86,21861,1,2,223,1,3,209,1,6,568,25,25,11158,0,0,0,0,0,0,0,0,0
200504,999,42260,C,Sarasota-Bradenton-Venice  FL ,943,943,174611,1,2,829,0,0,0,17,168,32380,939,939,173466,0,0,0,0,0,0,17,168,32380
200504,999,42540, ,Scranton--Wilkes-Barre  PA ,33,33,4546,0,0,0,0,0,0,0,0,0,11,11,1428,0,0,0,0,0,0,0,0,0
200504,999,43100, ,Sheboygan  WI ,19,19,4179,0,0,0,0,0,0,3,36,1350,13,13,3164,0,0,0,0,0,0,3,36,1350
200504,999,43300, ,Sherman-Denison  TX ,4,4,603,0,0,0,0,0,0,0,0,0,0,0,0,0,0,0,0,0,0,0,0,0
200504,999,43620, ,Sioux Falls  SD ,142,142,19092,0,0,0,1,4,232,10,84,4751,137,137,18670,0,0,0,1,4,232,10,84,4751
200504,999,43780, ,South Bend-Mishawaka  IN-MI ,78,78,11824,0,0,0,0,0,0,1,36,936,76,76,11652,0,0,0,0,0,0,1,36,936
200504,999,44060, ,Spokane  WA ,182,182,24072,3,6,534,0,0,0,0,0,0,182,182,24072,3,6,534,0,0,0,0,0,0
200504,999,44100, ,Springfield  IL ,32,32,6595,8,16,1435,0,0,0,0,0,0,32,32,6595,8,16,1435,0,0,0,0,0,0
200504,999,44140, ,Springfield  MA ,63,63,11662,3,6,522,2,8,220,2,10,220,45,45,9477,1,2,300,2,8,220,2,10,220
200504,999,44180, ,Springfield  MO ,252,252,40536,10,20,1440,3,12,625,22,353,15049,252,252,40536,10,20,1440,3,12,625,22,353,15049
200504,999,44300, ,State College  PA ,32,32,8066,1,2,190,1,4,200,0,0,0,32,32,8066,1,2,190,1,4,200,0,0,0
200504,999,44700,C,Stockton  CA ,602,602,135169,3,6,689,0,0,0,0,0,0,587,587,132618,3,6,689,0,0,0,0,0,0
200504,999,44940,C,Sumter  SC ,54,54,5235,1,2,131,1,4,339,0,0,0,0,0,0,0,0,0,0,0,0,0,0,0
200504,999,45220, ,Tallahassee  FL ,224,224,34370,6,12,764,1,4,261,8,117,8480,119,119,18684,5,10,619,0,0,0,0,0,0
200504,999,45300,C,Tampa-St. Petersburg-Clearwater  FL ,2117,2117,367656,24,48,6275,5,16,1849,40,877,63859,2098,2098,364650,24,48,6275,5,16,1849,38,853,59672
200504,999,45460, ,Terre Haute  IN ,16,16,1987,0,0,0,1,3,214,1,20,793,10,10,1381,0,0,0,0,0,0,0,0,0
200504,999,45500, ,Texarkana  TX-Texarkana  AR ,16,16,1965,0,0,0,0,0,0,0,0,0,16,16,1965,0,0,0,0,0,0,0,0,0
200504,999,45820, ,Topeka  KS ,111,111,13943,0,0,0,0,0,0,0,0,0,105,105,13874,0,0,0,0,0,0,0,0,0
200504,999,46060, ,Tucson  AZ ,995,995,162814,6,12,932,1,3,149,4,63,5199,630,630,112212,0,0,0,0,0,0,0,0,0
200504,999,46220, ,Tuscaloosa  AL ,112,112,17592,0,0,0,0,0,0,0,0,0,112,112,17592,0,0,0,0,0,0,0,0,0
200504,999,46540, ,Utica-Rome  NY ,2,2,502,0,0,0,0,0,0,0,0,0,1,1,350,0,0,0,0,0,0,0,0,0
200504,999,46660, ,Valdosta  GA ,78,78,10188,0,0,0,0,0,0,3,32,1897,2,2,323,0,0,0,0,0,0,0,0,0
200504,999,46940,C,Vero Beach  FL ,333,333,64313,3,6,585,1,3,280,3,21,2021,48,48,11642,3,6,585,0,0,0,0,0,0
200504,999,47020, ,Victoria  TX ,13,13,1471,0,0,0,1,4,238,1,12,579,0,0,0,0,0,0,0,0,0,0,0,0
200504,999,47260, ,Virginia Beach-Norfolk-Newport News  VA-NC ,712,712,116506,5,10,785,1,3,375,13,144,4459,579,579,90462,5,10,785,0,0,0,13,144,4459
200504,999,47300, ,Visalia-Porterville  CA ,272,272,41120,0,0,0,2,8,475,0,0,0,272,272,41120,0,0,0,2,8,475,0,0,0
200504,999,47380, ,Waco  TX ,48,48,5723,0,0,0,0,0,0,0,0,0,47,47,5435,0,0,0,0,0,0,0,0,0
200504,999,47940, ,Waterloo-Cedar Falls  IA ,55,55,10354,0,0,0,0,0,0,0,0,0,54,54,10251,0,0,0,0,0,0,0,0,0
200504,999,48260, ,Weirton-Steubenville  WV-OH ,5,5,957,0,0,0,0,0,0,0,0,0,5,5,957,0,0,0,0,0,0,0,0,0
200504,999,48300, ,Wenatchee  WA ,45,45,7426,0,0,0,0,0,0,0,0,0,24,24,4213,0,0,0,0,0,0,0,0,0
200504,999,48540, ,Wheeling  WV-OH ,0,0,0,0,0,0,0,0,0,0,0,0,0,0,0,0,0,0,0,0,0,0,0,0
200504,999,48660, ,Wichita Falls  TX ,27,27,3641,2,4,250,0,0,0,0,0,0,27,27,3641,2,4,250,0,0,0,0,0,0
200504,999,48900,C,Wilmington  NC ,668,668,108299,6,12,1396,0,0,0,7,157,24078,387,387,70858,2,4,244,0,0,0,7,157,24078
200504,999,49420, ,Yakima  WA ,48,48,9135,0,0,0,0,0,0,0,0,0,46,46,8895,0,0,0,0,0,0,0,0,0
200504,999,49700, ,Yuba City  CA ,280,280,45785,0,0,0,0,0,0,1,12,638,266,266,43956,0,0,0,0,0,0,1,12,638
200504,999,49740, ,Yuma  AZ ,214,214,27062,0,0,0,0,0,0,1,5,903,126,126,12797,0,0,0,0,0,0,0,0,0
