Survey,CSA,CBSA,MONCOV,CBSA,,1-unit,,,2-units,,,3-4 units,,,5+ units,,,1-unit rep,,,2-units rep,,,3-4 units rep,,,5+ units rep
Date,Code,Code,,Name,Bldgs,Units,Value,Bldgs,Units,Value,Bldgs,Units,Value,Bldgs,Units,Value,Bldgs,Units,Value,Bldgs,Units,Value,      Bldgs,Units,Value,Bldgs,Units,Value
 
200604,102,18700, ,Corvallis  OR ,10,10,2609,0,0,0,0,0,0,0,0,0,10,10,2609,0,0,0,0,0,0,0,0,0
200604,104,10580, ,Albany-Schenectady-Troy  NY ,105,105,24148,0,0,0,0,0,0,3,19,1138,65,65,15673,0,0,0,0,0,0,1,8,500
200604,104,24020, ,Glens Falls  NY ,44,44,8187,0,0,0,1,3,150,0,0,0,23,23,4483,0,0,0,0,0,0,0,0,0
200604,112,11180, ,Ames  IA ,24,24,4816,0,0,0,0,0,0,0,0,0,20,20,4019,0,0,0,0,0,0,0,0,0
200604,118,11540, ,Appleton  WI ,84,84,16514,4,8,780,8,32,1440,0,0,0,81,81,16026,4,8,780,8,32,1440,0,0,0
200604,118,36780, ,Oshkosh-Neenah  WI ,32,32,5519,0,0,0,0,0,0,0,0,0,32,32,5519,0,0,0,0,0,0,0,0,0
200604,120,11700, ,Asheville  NC ,255,255,54348,2,4,303,1,3,225,3,49,2317,108,108,23809,0,0,0,0,0,0,0,0,0
200604,122,12060,C,Atlanta-Sandy Springs-Marietta  GA ,4841,4841,726013,6,12,1025,3,12,1822,35,1205,123960,4468,4468,683654,6,12,1025,3,12,1822,33,1195,123559
200604,122,23580, ,Gainesville  GA ,105,105,24841,0,0,0,3,10,890,3,17,1700,104,104,24628,0,0,0,3,10,890,3,17,1700
200604,132,12940, ,Baton Rouge  LA ,395,395,41347,1,2,112,0,0,0,4,57,4861,163,163,19521,0,0,0,0,0,0,0,0,0
200604,140,13460,C,Bend  OR ,318,318,70460,2,4,506,2,8,651,0,0,0,313,313,69491,2,4,506,2,8,651,0,0,0
200604,142,13820,C,Birmingham-Hoover  AL ,556,556,93569,0,0,0,0,0,0,0,0,0,392,392,60446,0,0,0,0,0,0,0,0,0
200604,148,14460,C,Boston-Cambridge-Quincy  MA-NH ,617,617,136901,32,64,8258,25,80,7968,38,1174,117540,353,353,85928,22,44,5947,23,74,7222,24,1015,102543
200604,148,31700, ,Manchester-Nashua  NH ,85,85,17062,2,4,480,2,8,750,1,6,464,48,48,10802,2,4,480,2,8,750,0,0,0
200604,148,49340, ,Worcester  MA ,153,153,28487,1,2,211,2,6,465,0,0,0,84,84,17672,0,0,0,0,0,0,0,0,0
200604,154,15180, ,Brownsville-Harlingen  TX ,300,300,25022,5,10,836,0,0,0,0,0,0,229,229,21242,3,6,729,0,0,0,0,0,0
200604,160,15380, ,Buffalo-Niagara Falls  NY ,86,86,16623,1,2,120,0,0,0,1,50,2113,85,85,16451,1,2,120,0,0,0,1,50,2113
200604,172,16740,C,Charlotte-Gastonia-Concord  NC-SC ,1793,1793,286905,5,10,1017,1,4,408,28,706,69903,1636,1636,260066,3,6,757,0,0,0,26,696,68828
200604,174,16860, ,Chattanooga  TN-GA ,203,203,30649,4,8,521,2,6,546,1,6,262,117,117,19441,2,4,342,2,6,546,0,0,0
200604,174,17420, ,Cleveland  TN ,61,61,9023,2,4,277,1,3,228,0,0,0,48,48,6979,1,2,160,0,0,0,0,0,0
200604,176,16980,C,Chicago-Naperville-Joliet  IL-IN-WI ,2842,2842,598179,27,54,5875,61,194,18804,69,1077,104820,2204,2204,448815,25,50,5563,55,176,17234,53,927,88004
200604,176,28100, ,Kankakee-Bradley  IL ,13,13,2948,0,0,0,0,0,0,0,0,0,12,12,2841,0,0,0,0,0,0,0,0,0
200604,176,33140, ,Michigan City-La Porte  IN ,29,29,4979,0,0,0,0,0,0,0,0,0,29,29,4979,0,0,0,0,0,0,0,0,0
200604,178,17140,C,Cincinnati-Middletown  OH-KY-IN ,839,839,152263,3,6,930,9,34,2290,9,79,5163,729,729,128651,3,6,930,8,31,2015,6,56,4072
200604,184,10420, ,Akron  OH ,111,111,23037,5,10,1225,1,4,384,1,10,353,91,91,21043,5,10,1225,1,4,384,0,0,0
200604,184,17460,C,Cleveland-Elyria-Mentor  OH ,452,452,94741,4,8,725,6,22,2357,2,10,598,332,332,72092,2,4,300,3,11,1642,0,0,0
200604,192,17900,C,Columbia  SC ,519,519,64877,1,2,108,0,0,0,3,60,4052,94,94,12481,0,0,0,0,0,0,0,0,0
200604,194,12220,C,Auburn-Opelika  AL ,140,140,21292,1,2,112,0,0,0,13,226,13322,140,140,21292,1,2,112,0,0,0,13,226,13322
200604,194,17980, ,Columbus  GA-AL ,148,148,22561,0,0,0,1,4,183,3,32,2253,82,82,15543,0,0,0,0,0,0,0,0,0
200604,198,18140,C,Columbus  OH ,613,613,123200,6,12,1568,7,28,2139,18,147,12427,511,511,105122,6,12,1568,6,24,1842,18,147,12427
200604,204,18580, ,Corpus Christi  TX ,137,137,16757,3,6,361,0,0,0,1,25,994,10,10,1117,0,0,0,0,0,0,0,0,0
200604,206,19100,C,Dallas-Fort Worth-Arlington  TX ,4339,4339,770839,13,26,1845,3,12,1109,22,466,27021,3894,3894,685779,11,22,1587,3,12,1109,19,432,25292
200604,212,19380, ,Dayton  OH ,156,156,28100,3,6,742,0,0,0,1,5,227,140,140,25933,2,4,617,0,0,0,0,0,0
200604,212,44220, ,Springfield  OH ,13,13,2044,0,0,0,0,0,0,0,0,0,13,13,2044,0,0,0,0,0,0,0,0,0
200604,214,19660,C,Deltona-Daytona Beach-Ormond Beach  FL ,296,296,55104,0,0,0,1,4,1125,14,116,21814,126,126,27439,0,0,0,1,4,1125,11,76,18390
200604,216,14500, ,Boulder  CO ,33,33,9793,0,0,0,1,3,270,1,8,581,28,28,8882,0,0,0,0,0,0,0,0,0
200604,216,19740,C,Denver-Aurora  CO ,1206,1206,264904,0,0,0,3,10,1380,18,576,68302,1171,1171,255637,0,0,0,3,10,1380,18,576,68302
200604,218,19780,C,Des Moines-West Des Moines  IA ,416,416,71525,0,0,0,2,8,1212,2,40,4322,397,397,67922,0,0,0,2,8,1212,2,40,4322
200604,220,11460, ,Ann Arbor  MI ,47,47,7331,0,0,0,0,0,0,1,5,302,28,28,5008,0,0,0,0,0,0,0,0,0
200604,220,19820,C,Detroit-Warren-Livonia  MI ,667,667,124819,3,6,719,2,6,684,16,304,21289,554,554,103827,2,4,422,1,3,450,14,293,20334
200604,220,22420, ,Flint  MI ,47,47,11183,0,0,0,0,0,0,1,24,1242,42,42,10272,0,0,0,0,0,0,1,24,1242
200604,220,33780, ,Monroe  MI ,31,31,5223,0,0,0,0,0,0,0,0,0,20,20,3124,0,0,0,0,0,0,0,0,0
200604,222,20020, ,Dothan  AL ,48,48,11770,0,0,0,0,0,0,0,0,0,48,48,11770,0,0,0,0,0,0,0,0,0
200604,232,20740, ,Eau Claire  WI ,59,59,9048,2,4,568,0,0,0,0,0,0,56,56,8607,2,4,568,0,0,0,0,0,0
200604,244,22020, ,Fargo  ND-MN ,150,150,22777,0,0,0,1,4,358,3,52,4143,150,150,22777,0,0,0,1,4,358,3,52,4143
200604,252,22540, ,Fond du Lac  WI ,10,10,1508,0,0,0,0,0,0,0,0,0,5,5,665,0,0,0,0,0,0,0,0,0
200604,258,23060,C,Fort Wayne  IN ,107,107,19486,26,52,3489,0,0,0,4,32,1885,107,107,19486,26,52,3489,0,0,0,4,32,1885
200604,260,23420, ,Fresno  CA ,255,255,44643,3,6,545,2,7,629,8,88,6198,46,46,9869,0,0,0,0,0,0,0,0,0
200604,260,31460, ,Madera  CA ,105,105,15264,0,0,0,0,0,0,0,0,0,105,105,15264,0,0,0,0,0,0,0,0,0
200604,266,24340,C,Grand Rapids-Wyoming  MI ,272,272,41150,1,2,107,0,0,0,2,12,1210,186,186,32529,0,0,0,0,0,0,0,0,0
200604,266,26100, ,Holland-Grand Haven  MI ,67,67,10383,0,0,0,1,3,430,2,31,1182,18,18,2315,0,0,0,0,0,0,1,24,912
200604,266,34740, ,Muskegon-Norton Shores  MI ,14,14,1974,2,4,329,0,0,0,0,0,0,10,10,1408,2,4,329,0,0,0,0,0,0
200604,268,15500, ,Burlington  NC ,145,145,17264,0,0,0,0,0,0,0,0,0,145,145,17264,0,0,0,0,0,0,0,0,0
200604,268,24660,C,Greensboro-High Point  NC ,408,408,66152,1,2,130,1,4,337,4,63,3428,79,79,12312,1,2,130,1,4,337,0,0,0
200604,268,49180, ,Winston-Salem  NC ,257,257,40955,0,0,0,0,0,0,0,0,0,238,238,38631,0,0,0,0,0,0,0,0,0
200604,273,11340, ,Anderson  SC ,89,89,13031,1,2,138,0,0,0,0,0,0,89,89,13031,1,2,138,0,0,0,0,0,0
200604,273,24860,C,Greenville  SC ,421,421,52979,0,0,0,0,0,0,0,0,0,387,387,48787,0,0,0,0,0,0,0,0,0
200604,273,43900, ,Spartanburg  SC ,195,195,16534,0,0,0,0,0,0,0,0,0,195,195,16534,0,0,0,0,0,0,0,0,0
200604,274,25060, ,Gulfport-Biloxi  MS ,243,243,23127,5,10,456,0,0,0,0,0,0,243,243,23127,5,10,456,0,0,0,0,0,0
200604,274,37700, ,Pascagoula  MS ,103,103,14018,1,2,57,0,0,0,0,0,0,97,97,12836,1,2,57,0,0,0,0,0,0
200604,276,25420, ,Harrisburg-Carlisle  PA ,97,97,20002,0,0,0,0,0,0,0,0,0,79,79,16665,0,0,0,0,0,0,0,0,0
200604,276,30140, ,Lebanon  PA ,44,44,6438,0,0,0,0,0,0,0,0,0,37,37,5056,0,0,0,0,0,0,0,0,0
200604,278,25540, ,Hartford-West Hartford-East Hartford  CT ,205,205,36141,3,6,320,0,0,0,3,29,973,157,157,27975,3,6,320,0,0,0,0,0,0
200604,288,26420,C,Houston-Sugar Land-Baytown  TX ,4393,4393,704439,16,32,2758,62,245,14771,58,1059,101477,4031,4031,652219,15,30,2501,62,245,14771,53,999,98792
200604,290,19460, ,Decatur  AL ,39,39,5096,0,0,0,0,0,0,0,0,0,39,39,5096,0,0,0,0,0,0,0,0,0
200604,290,26620, ,Huntsville  AL ,250,250,31569,0,0,0,0,0,0,0,0,0,8,8,1599,0,0,0,0,0,0,0,0,0
200604,292,26820, ,Idaho Falls  ID ,141,141,20297,0,0,0,2,8,806,0,0,0,141,141,20297,0,0,0,2,8,806,0,0,0
200604,294,11300, ,Anderson  IN ,29,29,4967,0,0,0,0,0,0,0,0,0,29,29,4967,0,0,0,0,0,0,0,0,0
200604,294,18020, ,Columbus  IN ,30,30,5050,0,0,0,0,0,0,0,0,0,30,30,5050,0,0,0,0,0,0,0,0,0
200604,294,26900,C,Indianapolis-Carmel  IN ,889,889,167273,12,24,3116,5,19,2218,14,121,7815,780,780,148933,11,22,3018,5,19,2218,13,113,7503
200604,296,27060, ,Ithaca  NY ,4,4,709,0,0,0,0,0,0,1,5,317,3,3,512,0,0,0,0,0,0,0,0,0
200604,297,27180, ,Jackson  TN ,44,44,6663,0,0,0,0,0,0,0,0,0,44,44,6663,0,0,0,0,0,0,0,0,0
200604,298,27140, ,Jackson  MS ,285,285,47525,0,0,0,0,0,0,0,0,0,187,187,27912,0,0,0,0,0,0,0,0,0
200604,304,27740, ,Johnson City  TN ,71,71,11799,0,0,0,0,0,0,0,0,0,47,47,8496,0,0,0,0,0,0,0,0,0
200604,304,28700, ,Kingsport-Bristol-Bristol  TN-VA ,65,65,6995,0,0,0,0,0,0,1,5,162,3,3,323,0,0,0,0,0,0,0,0,0
200604,308,27860, ,Jonesboro  AR ,71,71,7161,1,2,175,0,0,0,0,0,0,70,70,7064,1,2,175,0,0,0,0,0,0
200604,312,28140,C,Kansas City  MO-KS ,926,926,161236,10,20,1854,7,28,2634,2,16,988,812,812,139772,7,14,1323,3,12,1075,1,8,426
200604,314,28940, ,Knoxville  TN ,311,311,44232,2,4,388,2,8,736,1,24,1111,248,248,38676,1,2,180,1,4,250,0,0,0
200604,316,29020, ,Kokomo  IN ,15,15,2913,0,0,0,0,0,0,0,0,0,8,8,1747,0,0,0,0,0,0,0,0,0
200604,318,29180, ,Lafayette  LA ,126,126,15639,0,0,0,1,3,116,0,0,0,30,30,4082,0,0,0,0,0,0,0,0,0
200604,320,29140, ,Lafayette  IN ,46,46,7628,0,0,0,0,0,0,0,0,0,36,36,6584,0,0,0,0,0,0,0,0,0
200604,324,29340, ,Lake Charles  LA ,25,25,3635,1,2,69,0,0,0,1,5,254,2,2,75,0,0,0,0,0,0,0,0,0
200604,330,29620, ,Lansing-East Lansing  MI ,91,91,15423,0,0,0,0,0,0,9,68,4909,63,63,10560,0,0,0,0,0,0,8,60,4318
200604,332,29820,C,Las Vegas-Paradise  NV ,2200,2200,283613,0,0,0,14,42,2849,31,445,42741,2200,2200,283613,0,0,0,14,42,2849,31,445,42741
200604,336,30460, ,Lexington-Fayette  KY ,347,347,52030,0,0,0,2,7,755,3,33,1643,126,126,22227,0,0,0,1,4,398,1,6,270
200604,338,30620, ,Lima  OH ,5,5,1080,0,0,0,0,0,0,0,0,0,3,3,719,0,0,0,0,0,0,0,0,0
200604,340,30780, ,Little Rock-North Little Rock  AR ,293,293,60704,6,12,637,0,0,0,1,8,538,281,281,59519,5,10,550,0,0,0,1,8,538
200604,340,38220, ,Pine Bluff  AR ,10,10,721,0,0,0,0,0,0,1,5,71,6,6,589,0,0,0,0,0,0,0,0,0
200604,346,30980, ,Longview  TX ,22,22,2974,0,0,0,0,0,0,0,0,0,2,2,160,0,0,0,0,0,0,0,0,0
200604,348,31100,C,Los Angeles-Long Beach-Santa Ana  CA ,1618,1618,350118,26,52,6626,18,62,7237,58,1670,196034,1461,1461,293390,22,44,5390,13,45,5235,47,1541,181457
200604,348,37100, ,Oxnard-Thousand Oaks-Ventura  CA ,315,315,86690,7,14,1852,1,4,487,5,133,13979,201,201,48323,6,12,1646,0,0,0,0,0,0
200604,348,40140,C,Riverside-San Bernardino-Ontario  CA ,3915,3915,737341,40,80,8995,3,11,1001,25,304,28888,3580,3580,680542,36,72,8255,2,8,806,25,304,28888
200604,350,21060, ,Elizabethtown  KY ,47,47,6180,0,0,0,0,0,0,0,0,0,47,47,6180,0,0,0,0,0,0,0,0,0
200604,350,31140,C,Louisville-Jefferson County  KY-IN ,301,301,55563,2,4,290,1,4,500,3,36,1880,246,246,42582,2,4,290,1,4,500,3,36,1880
200604,352,31180, ,Lubbock  TX ,106,106,19924,0,0,0,0,0,0,0,0,0,106,106,19924,0,0,0,0,0,0,0,0,0
200604,356,31420, ,Macon  GA ,60,60,9275,0,0,0,0,0,0,0,0,0,60,60,9275,0,0,0,0,0,0,0,0,0
200604,356,47580, ,Warner Robins  GA ,138,138,18435,0,0,0,0,0,0,0,0,0,138,138,18435,0,0,0,0,0,0,0,0,0
200604,358,31540,C,Madison  WI ,227,227,46560,11,22,2593,12,45,5600,7,85,7024,175,175,36653,8,16,1840,9,34,4670,5,74,6275
200604,360,31900, ,Mansfield  OH ,14,14,2352,0,0,0,0,0,0,0,0,0,14,14,2352,0,0,0,0,0,0,0,0,0
200604,372,33260,C,Midland  TX ,44,44,5677,0,0,0,0,0,0,0,0,0,44,44,5677,0,0,0,0,0,0,0,0,0
200604,372,36220,C,Odessa  TX ,18,18,3246,0,0,0,0,0,0,0,0,0,18,18,3246,0,0,0,0,0,0,0,0,0
200604,376,33340,C,Milwaukee-Waukesha-West Allis  WI ,252,252,69865,9,18,2268,9,34,3333,5,43,3628,214,214,58158,5,10,1192,7,28,2695,4,38,3300
200604,376,39540, ,Racine  WI ,73,73,15886,2,4,508,0,0,0,0,0,0,73,73,15886,2,4,508,0,0,0,0,0,0
200604,378,33460,C,Minneapolis-St. Paul-Bloomington  MN-WI ,1220,1220,261937,6,12,1470,4,13,1622,8,133,15418,1025,1025,223911,5,10,1204,3,10,1124,3,102,11646
200604,378,41060, ,St. Cloud  MN ,108,108,17233,0,0,0,0,0,0,1,5,355,73,73,11909,0,0,0,0,0,0,0,0,0
200604,380,33660, ,Mobile  AL ,166,166,26616,0,0,0,0,0,0,2,17,2507,153,153,24435,0,0,0,0,0,0,0,0,0
200604,384,33740, ,Monroe  LA ,46,46,6550,0,0,0,0,0,0,1,12,919,5,5,436,0,0,0,0,0,0,0,0,0
200604,388,33860, ,Montgomery  AL ,149,149,23217,0,0,0,0,0,0,0,0,0,149,149,23217,0,0,0,0,0,0,0,0,0
200604,392,34100, ,Morristown  TN ,70,70,9663,0,0,0,0,0,0,0,0,0,70,70,9663,0,0,0,0,0,0,0,0,0
200604,396,34820, ,Myrtle Beach-Conway-North Myrtle Beach  SC ,574,574,84650,0,0,0,0,0,0,10,171,19976,537,537,77215,0,0,0,0,0,0,5,68,6456
200604,400,34980,C,Nashville-Davidson--Murfreesboro  TN ,1111,1111,193523,10,20,1709,0,0,0,2,20,1978,1075,1075,186963,10,20,1709,0,0,0,2,20,1978
200604,406,35380,C,New Orleans-Metairie-Kenner  LA ,364,364,60308,1,2,60,0,0,0,4,23,2500,319,319,53484,1,2,60,0,0,0,4,23,2500
200604,408,14860, ,Bridgeport-Stamford-Norwalk  CT ,103,103,48147,3,6,873,1,4,720,2,13,848,71,71,27822,2,4,508,1,4,720,0,0,0
200604,408,28740, ,Kingston  NY ,31,31,5518,0,0,0,0,0,0,1,7,635,20,20,3817,0,0,0,0,0,0,0,0,0
200604,408,35300, ,New Haven-Milford  CT ,100,100,17129,1,2,130,1,3,251,4,44,2131,58,58,10763,1,2,130,0,0,0,2,19,760
200604,408,35620,C,New York-Northern New Jersey-Long Island  NY-NJ-PA ,1485,1485,322829,214,428,43116,171,518,48200,100,2033,163866,1083,1083,208472,168,336,34958,165,500,46485,73,1616,127577
200604,408,39100, ,Poughkeepsie-Newburgh-Middletown  NY ,75,75,16362,0,0,0,0,0,0,3,26,2532,28,28,5076,0,0,0,0,0,0,0,0,0
200604,408,45940,C,Trenton-Ewing  NJ ,69,69,6037,1,2,25,0,0,0,0,0,0,27,27,3297,0,0,0,0,0,0,0,0,0
200604,416,36420,C,Oklahoma City  OK ,681,681,109481,2,4,305,1,3,251,4,51,2857,285,285,54984,0,0,0,0,0,0,0,0,0
200604,420,36540,C,Omaha-Council Bluffs  NE-IA ,376,376,52604,7,14,984,0,0,0,0,0,0,352,352,49549,7,14,984,0,0,0,0,0,0
200604,422,36740,C,Orlando-Kissimmee  FL ,2406,2406,479950,1,2,218,1,4,261,30,676,82747,1861,1861,398704,0,0,0,1,4,261,26,644,80642
200604,426,37900, ,Peoria  IL ,37,37,8038,5,10,912,0,0,0,0,0,0,28,28,5962,2,4,540,0,0,0,0,0,0
200604,428,37980,C,Philadelphia-Camden-Wilmington  PA-NJ-DE-MD ,1078,1078,165543,6,12,1223,6,22,2039,15,379,27403,646,646,103521,6,12,1223,4,15,1590,5,307,24000
200604,428,47220,C,Vineland-Millville-Bridgeton  NJ ,50,50,4858,0,0,0,1,4,340,0,0,0,22,22,2595,0,0,0,1,4,340,0,0,0
200604,430,38300,C,Pittsburgh  PA ,357,357,75863,3,6,817,4,14,1238,4,20,1129,238,238,54667,2,4,533,2,7,750,0,0,0
200604,438,30340, ,Lewiston-Auburn  ME ,26,26,4139,2,4,600,0,0,0,0,0,0,8,8,1366,2,4,600,0,0,0,0,0,0
200604,438,38860, ,Portland-South Portland-Biddeford  ME ,217,217,41139,4,8,941,2,6,611,3,18,1719,110,110,20016,1,2,100,1,3,350,1,8,415
200604,450,20500,C,Durham  NC ,367,367,67362,0,0,0,0,0,0,0,0,0,295,295,55010,0,0,0,0,0,0,0,0,0
200604,450,39580,C,Raleigh-Cary  NC ,1230,1230,222249,2,4,338,1,3,65,14,418,27106,1105,1105,203793,1,2,202,0,0,0,14,418,27106
200604,456,39900,C,Reno-Sparks  NV ,327,327,64366,1,2,170,6,18,1591,2,11,1270,231,231,50141,1,2,170,5,15,1412,0,0,0
200604,464,40380, ,Rochester  NY ,107,107,20027,2,4,480,0,0,0,0,0,0,71,71,14578,1,2,240,0,0,0,0,0,0
200604,466,40420, ,Rockford  IL ,178,178,24010,4,8,760,2,7,560,1,6,600,163,163,21466,4,8,760,2,7,560,1,6,600
200604,472,40900,C,Sacramento--Arden-Arcade--Roseville  CA ,748,748,141641,8,16,2272,7,21,1995,10,116,12369,733,733,138050,7,14,1942,6,18,1781,10,116,12369
200604,474,13020, ,Bay City  MI ,1,1,200,0,0,0,0,0,0,0,0,0,1,1,200,0,0,0,0,0,0,0,0,0
200604,474,40980, ,Saginaw-Saginaw Township North  MI ,19,19,2764,0,0,0,0,0,0,0,0,0,4,4,739,0,0,0,0,0,0,0,0,0
200604,476,41180,C,St. Louis  MO-IL ,1005,1005,183922,13,26,2978,9,29,2840,6,54,5885,814,814,152771,9,18,2310,5,15,1372,4,30,2492
200604,480,41540, ,Salisbury  MD ,53,53,6505,0,0,0,0,0,0,1,12,962,28,28,3540,0,0,0,0,0,0,0,0,0
200604,482,36260, ,Ogden-Clearfield  UT ,306,306,56236,0,0,0,2,7,608,0,0,0,223,223,44819,0,0,0,1,4,319,0,0,0
200604,482,41620,C,Salt Lake City  UT ,560,560,110374,4,8,923,8,26,3737,1,8,419,505,505,101740,2,4,453,8,26,3737,0,0,0
200604,488,34900, ,Napa  CA ,7,7,1416,0,0,0,0,0,0,0,0,0,7,7,1416,0,0,0,0,0,0,0,0,0
200604,488,41860,C,San Francisco-Oakland-Fremont  CA ,533,533,176780,1,2,235,1,3,302,16,271,29216,451,451,148765,1,2,235,1,3,302,9,209,22332
200604,488,41940,C,San Jose-Sunnyvale-Santa Clara  CA ,130,130,36156,0,0,0,0,0,0,13,372,79438,111,111,31876,0,0,0,0,0,0,9,301,68730
200604,488,42100, ,Santa Cruz-Watsonville  CA ,34,34,10039,1,2,226,0,0,0,0,0,0,34,34,10039,1,2,226,0,0,0,0,0,0
200604,488,42220, ,Santa Rosa-Petaluma  CA ,93,93,24224,0,0,0,0,0,0,1,60,6379,93,93,24224,0,0,0,0,0,0,1,60,6379
200604,488,46700, ,Vallejo-Fairfield  CA ,97,97,26022,0,0,0,1,4,505,0,0,0,93,93,24838,0,0,0,1,4,505,0,0,0
200604,492,42140,C,Santa Fe  NM ,42,42,5580,0,0,0,0,0,0,0,0,0,0,0,0,0,0,0,0,0,0,0,0,0
200604,496,25980, ,Hinesville-Fort Stewart  GA ,0,0,0,0,0,0,0,0,0,0,0,0,0,0,0,0,0,0,0,0,0,0,0,0
200604,496,42340, ,Savannah  GA ,247,247,34714,1,2,357,4,12,1390,1,5,143,113,113,13364,0,0,0,3,9,945,0,0,0
200604,500,14740, ,Bremerton-Silverdale  WA ,79,79,15011,0,0,0,0,0,0,1,21,1601,8,8,2256,0,0,0,0,0,0,0,0,0
200604,500,36500, ,Olympia  WA ,152,152,29398,8,16,1402,0,0,0,0,0,0,92,92,19311,8,16,1402,0,0,0,0,0,0
200604,500,42660,C,Seattle-Tacoma-Bellevue  WA ,1326,1326,283898,17,34,3817,15,55,4167,23,1149,143706,1204,1204,264271,14,28,3327,14,52,3905,16,1096,139250
200604,508,43340, ,Shreveport-Bossier City  LA ,155,155,27153,5,10,455,0,0,0,2,41,950,112,112,18672,0,0,0,0,0,0,0,0,0
200604,512,43580, ,Sioux City  IA-NE-SD ,15,15,2688,1,2,279,0,0,0,0,0,0,4,4,801,0,0,0,0,0,0,0,0,0
200604,532,45060, ,Syracuse  NY ,89,89,14560,0,0,0,0,0,0,1,8,160,71,71,11539,0,0,0,0,0,0,0,0,0
200604,534,45780, ,Toledo  OH ,132,132,21478,1,2,116,1,4,240,1,5,349,100,100,16143,1,2,116,1,4,240,0,0,0
200604,538,46140,C,Tulsa  OK ,485,485,74930,0,0,0,0,0,0,0,0,0,434,434,67443,0,0,0,0,0,0,0,0,0
200604,540,46340, ,Tyler  TX ,36,36,6312,0,0,0,1,3,150,1,8,370,0,0,0,0,0,0,0,0,0,0,0,0
200604,548,12580,C,Baltimore-Towson  MD ,706,706,110466,0,0,0,2,6,857,6,78,10948,617,617,97798,0,0,0,1,3,600,1,12,1520
200604,548,47900,C,Washington-Arlington-Alexandria  DC-VA-MD-WV ,1776,1776,316776,2,4,342,0,0,0,12,955,80595,1531,1531,268642,2,4,342,0,0,0,8,844,71945
200604,548,49020, ,Winchester  VA-WV ,122,122,22122,0,0,0,0,0,0,0,0,0,0,0,0,0,0,0,0,0,0,0,0,0
200604,554,48140, ,Wausau  WI ,54,54,9473,0,0,0,1,4,450,0,0,0,33,33,5183,0,0,0,1,4,450,0,0,0
200604,556,48620, ,Wichita  KS ,176,176,23213,1,2,141,0,0,0,0,0,0,168,168,22238,1,2,141,0,0,0,0,0,0
200604,558,48700, ,Williamsport  PA ,3,3,208,0,0,0,0,0,0,0,0,0,2,2,140,0,0,0,0,0,0,0,0,0
200604,564,49620, ,York-Hanover  PA ,223,223,32606,0,0,0,1,3,161,3,29,2327,168,168,24487,0,0,0,0,0,0,1,19,1400
200604,566,49660, ,Youngstown-Warren-Boardman  OH-PA ,67,67,15031,3,6,450,1,3,60,0,0,0,62,62,14229,2,4,350,0,0,0,0,0,0
200604,999,10180, ,Abilene  TX ,28,28,5098,1,2,160,0,0,0,0,0,0,28,28,5098,1,2,160,0,0,0,0,0,0
200604,999,10500, ,Albany  GA ,48,48,5709,0,0,0,1,3,110,0,0,0,6,6,1029,0,0,0,0,0,0,0,0,0
200604,999,10740,C,Albuquerque  NM ,497,497,67718,0,0,0,1,3,153,1,24,1218,39,39,8484,0,0,0,0,0,0,0,0,0
200604,999,10780, ,Alexandria  LA ,66,66,9269,0,0,0,0,0,0,0,0,0,45,45,6907,0,0,0,0,0,0,0,0,0
200604,999,10900,C,Allentown-Bethlehem-Easton  PA-NJ ,326,326,54949,1,2,100,7,26,5359,3,25,1082,224,224,37089,0,0,0,6,23,5190,1,7,400
200604,999,11020, ,Altoona  PA ,0,0,0,0,0,0,0,0,0,0,0,0,0,0,0,0,0,0,0,0,0,0,0,0
200604,999,11100, ,Amarillo  TX ,43,43,8830,0,0,0,0,0,0,0,0,0,43,43,8830,0,0,0,0,0,0,0,0,0
200604,999,11260,C,Anchorage  AK ,94,94,26098,19,38,1312,0,0,0,7,50,7410,89,89,25548,19,38,1312,0,0,0,7,50,7410
200604,999,11500, ,Anniston-Oxford  AL ,12,12,1604,0,0,0,0,0,0,0,0,0,12,12,1604,0,0,0,0,0,0,0,0,0
200604,999,12020, ,Athens-Clarke County  GA ,93,93,19466,0,0,0,0,0,0,0,0,0,93,93,19466,0,0,0,0,0,0,0,0,0
200604,999,12100,C,Atlantic City  NJ ,129,129,16346,0,0,0,0,0,0,0,0,0,121,121,14742,0,0,0,0,0,0,0,0,0
200604,999,12260, ,Augusta-Richmond County  GA-SC ,253,253,39984,0,0,0,0,0,0,0,0,0,224,224,36555,0,0,0,0,0,0,0,0,0
200604,999,12420,C,Austin-Round Rock  TX ,1521,1521,225672,26,52,4623,15,59,5364,10,618,56172,1391,1391,204231,25,50,4487,15,59,5364,7,572,52924
200604,999,12540, ,Bakersfield  CA ,510,510,74807,2,4,551,3,11,678,2,20,1162,153,153,19830,1,2,399,1,3,134,0,0,0
200604,999,12620, ,Bangor  ME ,27,27,4419,1,2,300,2,8,673,0,0,0,22,22,3721,1,2,300,2,8,673,0,0,0
200604,999,12700, ,Barnstable Town  MA ,95,95,25438,0,0,0,0,0,0,2,13,1527,42,42,12096,0,0,0,0,0,0,0,0,0
200604,999,12980, ,Battle Creek  MI ,8,8,738,0,0,0,0,0,0,0,0,0,8,8,738,0,0,0,0,0,0,0,0,0
200604,999,13140, ,Beaumont-Port Arthur  TX ,42,42,6992,0,0,0,0,0,0,10,50,4945,42,42,6992,0,0,0,0,0,0,10,50,4945
200604,999,13380, ,Bellingham  WA ,84,84,16319,3,6,361,0,0,0,1,10,1134,8,8,2184,3,6,361,0,0,0,0,0,0
200604,999,13740, ,Billings  MT ,50,50,8678,0,0,0,0,0,0,0,0,0,50,50,8678,0,0,0,0,0,0,0,0,0
200604,999,13780, ,Binghamton  NY ,7,7,1190,0,0,0,0,0,0,0,0,0,7,7,1190,0,0,0,0,0,0,0,0,0
200604,999,13900, ,Bismarck  ND ,85,85,13724,0,0,0,1,4,563,0,0,0,85,85,13724,0,0,0,1,4,563,0,0,0
200604,999,14020, ,Bloomington  IN ,44,44,6074,0,0,0,0,0,0,1,10,605,0,0,0,0,0,0,0,0,0,0,0,0
200604,999,14060, ,Bloomington-Normal  IL ,46,46,5917,0,0,0,0,0,0,1,6,219,19,19,1810,0,0,0,0,0,0,0,0,0
200604,999,14260,C,Boise City-Nampa  ID ,843,843,159589,10,20,2343,7,28,1297,0,0,0,755,755,143531,10,20,2343,7,28,1297,0,0,0
200604,999,14540, ,Bowling Green  KY ,67,67,10522,0,0,0,0,0,0,0,0,0,67,67,10522,0,0,0,0,0,0,0,0,0
200604,999,15260, ,Brunswick  GA ,77,77,17592,0,0,0,0,0,0,1,6,104,0,0,0,0,0,0,0,0,0,0,0,0
200604,999,15540, ,Burlington-South Burlington  VT ,39,39,7028,2,4,365,1,3,310,1,5,2103,15,15,2845,1,2,195,0,0,0,0,0,0
200604,999,15940, ,Canton-Massillon  OH ,72,72,13763,0,0,0,0,0,0,0,0,0,60,60,12455,0,0,0,0,0,0,0,0,0
200604,999,15980,C,Cape Coral-Fort Myers  FL ,1539,1539,323483,5,10,855,2,8,727,34,260,74512,1539,1539,323483,5,10,855,2,8,727,34,260,74512
200604,999,16180,C,Carson City  NV ,3,3,959,0,0,0,0,0,0,0,0,0,3,3,959,0,0,0,0,0,0,0,0,0
200604,999,16220, ,Casper  WY ,23,23,5119,0,0,0,0,0,0,0,0,0,2,2,700,0,0,0,0,0,0,0,0,0
200604,999,16300, ,Cedar Rapids  IA ,85,85,10894,4,8,826,3,10,745,0,0,0,81,81,10137,4,8,826,3,10,745,0,0,0
200604,999,16580, ,Champaign-Urbana  IL ,69,69,10133,1,2,89,0,0,0,3,24,510,68,68,9990,1,2,89,0,0,0,3,24,510
200604,999,16620, ,Charleston  WV ,29,29,4411,0,0,0,0,0,0,0,0,0,10,10,1261,0,0,0,0,0,0,0,0,0
200604,999,16700,C,Charleston-North Charleston  SC ,604,604,114871,6,12,1696,2,7,798,6,64,5568,202,202,49127,0,0,0,0,0,0,0,0,0
200604,999,16820, ,Charlottesville  VA ,86,86,25252,0,0,0,0,0,0,0,0,0,86,86,25252,0,0,0,0,0,0,0,0,0
200604,999,16940, ,Cheyenne  WY ,50,50,7736,0,0,0,1,4,257,1,11,740,0,0,0,0,0,0,0,0,0,0,0,0
200604,999,17020, ,Chico  CA ,135,135,15446,0,0,0,0,0,0,0,0,0,135,135,15446,0,0,0,0,0,0,0,0,0
200604,999,17300, ,Clarksville  TN-KY ,154,154,17483,0,0,0,12,40,2193,2,12,588,149,149,16801,0,0,0,12,40,2193,2,12,588
200604,999,17660, ,Coeur dAlene  ID ,104,104,23239,0,0,0,0,0,0,2,63,25000,104,104,23239,0,0,0,0,0,0,2,63,25000
200604,999,17780, ,College Station-Bryan  TX ,128,128,17758,0,0,0,2,8,580,0,0,0,128,128,17758,0,0,0,2,8,580,0,0,0
200604,999,17820,C,Colorado Springs  CO ,501,501,82227,0,0,0,1,4,515,2,13,2049,500,500,82125,0,0,0,1,4,515,2,13,2049
200604,999,17860, ,Columbia  MO ,128,128,18549,11,22,1977,1,3,179,3,17,864,38,38,5594,1,2,120,0,0,0,0,0,0
200604,999,19060, ,Cumberland  MD-WV ,10,10,1409,0,0,0,0,0,0,0,0,0,10,10,1409,0,0,0,0,0,0,0,0,0
200604,999,19140, ,Dalton  GA ,59,59,6869,1,2,99,1,3,171,1,9,460,16,16,2544,0,0,0,0,0,0,0,0,0
200604,999,19180, ,Danville  IL ,0,0,0,0,0,0,0,0,0,0,0,0,0,0,0,0,0,0,0,0,0,0,0,0
200604,999,19260, ,Danville  VA ,20,20,2483,0,0,0,0,0,0,0,0,0,0,0,0,0,0,0,0,0,0,0,0,0
200604,999,19340, ,Davenport-Moline-Rock Island  IA-IL ,55,55,10382,2,4,605,0,0,0,0,0,0,36,36,6488,2,4,605,0,0,0,0,0,0
200604,999,19500, ,Decatur  IL ,0,0,0,0,0,0,0,0,0,0,0,0,0,0,0,0,0,0,0,0,0,0,0,0
200604,999,20100,C,Dover  DE ,133,133,17665,0,0,0,0,0,0,1,12,654,114,114,15926,0,0,0,0,0,0,1,12,654
200604,999,20220, ,Dubuque  IA ,35,35,6151,1,2,122,1,3,236,0,0,0,33,33,5659,1,2,122,1,3,236,0,0,0
200604,999,20260, ,Duluth  MN-WI ,59,59,7850,2,4,321,1,3,327,1,5,601,16,16,2715,1,2,102,0,0,0,0,0,0
200604,999,20940, ,El Centro  CA ,95,95,11820,0,0,0,0,0,0,2,12,606,2,2,299,0,0,0,0,0,0,0,0,0
200604,999,21140, ,Elkhart-Goshen  IN ,72,72,11111,0,0,0,0,0,0,0,0,0,13,13,1615,0,0,0,0,0,0,0,0,0
200604,999,21300, ,Elmira  NY ,3,3,524,0,0,0,0,0,0,0,0,0,0,0,0,0,0,0,0,0,0,0,0,0
200604,999,21340, ,El Paso  TX ,290,290,34635,0,0,0,39,153,11900,0,0,0,290,290,34635,0,0,0,39,153,11900,0,0,0
200604,999,21500, ,Erie  PA ,26,26,4312,1,2,342,0,0,0,0,0,0,22,22,3729,0,0,0,0,0,0,0,0,0
200604,999,21660, ,Eugene-Springfield  OR ,107,107,21435,2,4,509,0,0,0,12,192,9863,91,91,18879,1,2,247,0,0,0,12,192,9863
200604,999,21780, ,Evansville  IN-KY ,101,101,17929,2,4,200,1,3,260,2,14,320,101,101,17929,2,4,200,1,3,260,2,14,320
200604,999,21820,C,Fairbanks  AK ,27,27,10338,6,12,1215,1,4,250,0,0,0,24,24,9970,6,12,1215,1,4,250,0,0,0
200604,999,22140,C,Farmington  NM ,45,45,7960,0,0,0,0,0,0,0,0,0,45,45,7960,0,0,0,0,0,0,0,0,0
200604,999,22180, ,Fayetteville  NC ,259,259,36034,0,0,0,0,0,0,10,160,6632,259,259,36034,0,0,0,0,0,0,10,160,6632
200604,999,22220, ,Fayetteville-Springdale-Rogers  AR-MO ,422,422,59956,29,58,6918,7,21,1658,9,81,5500,227,227,32219,20,40,4864,5,15,1277,4,30,2271
200604,999,22380, ,Flagstaff  AZ ,65,65,13632,0,0,0,0,0,0,8,64,4135,65,65,13632,0,0,0,0,0,0,8,64,4135
200604,999,22500, ,Florence  SC ,69,69,9427,0,0,0,0,0,0,0,0,0,0,0,0,0,0,0,0,0,0,0,0,0
200604,999,22520, ,Florence-Muscle Shoals  AL ,23,23,2732,0,0,0,0,0,0,0,0,0,23,23,2732,0,0,0,0,0,0,0,0,0
200604,999,22660,C,Fort Collins-Loveland  CO ,149,149,30616,0,0,0,0,0,0,3,32,3469,139,139,28322,0,0,0,0,0,0,2,26,2842
200604,999,22900, ,Fort Smith  AR-OK ,49,49,6180,0,0,0,0,0,0,0,0,0,37,37,4715,0,0,0,0,0,0,0,0,0
200604,999,23020, ,Fort Walton Beach-Crestview-Destin  FL ,86,86,17131,0,0,0,1,3,694,1,64,14657,7,7,1053,0,0,0,0,0,0,0,0,0
200604,999,23460, ,Gadsden  AL ,13,13,1623,0,0,0,0,0,0,0,0,0,13,13,1623,0,0,0,0,0,0,0,0,0
200604,999,23540, ,Gainesville  FL ,103,103,16083,0,0,0,0,0,0,2,34,1824,83,83,13876,0,0,0,0,0,0,0,0,0
200604,999,24140, ,Goldsboro  NC ,43,43,5152,1,2,200,0,0,0,0,0,0,43,43,5152,1,2,200,0,0,0,0,0,0
200604,999,24220, ,Grand Forks  ND-MN ,24,24,3827,0,0,0,0,0,0,0,0,0,24,24,3827,0,0,0,0,0,0,0,0,0
200604,999,24300,C,Grand Junction  CO ,115,115,19734,0,0,0,0,0,0,0,0,0,115,115,19734,0,0,0,0,0,0,0,0,0
200604,999,24500, ,Great Falls  MT ,15,15,1988,0,0,0,0,0,0,0,0,0,15,15,1988,0,0,0,0,0,0,0,0,0
200604,999,24540,C,Greeley  CO ,246,246,47591,0,0,0,0,0,0,2,29,2967,225,225,45310,0,0,0,0,0,0,1,24,2704
200604,999,24580, ,Green Bay  WI ,113,113,15270,3,6,857,0,0,0,2,11,600,34,34,7845,2,4,600,0,0,0,0,0,0
200604,999,24780, ,Greenville  NC ,131,131,17471,10,20,1665,0,0,0,0,0,0,131,131,17471,10,20,1665,0,0,0,0,0,0
200604,999,25180, ,Hagerstown-Martinsburg  MD-WV ,170,170,32611,5,10,2057,0,0,0,0,0,0,170,170,32611,5,10,2057,0,0,0,0,0,0
200604,999,25260, ,Hanford-Corcoran  CA ,57,57,6892,1,2,141,0,0,0,0,0,0,0,0,0,0,0,0,0,0,0,0,0,0
200604,999,25500,C,Harrisonburg  VA ,132,132,20357,1,2,372,0,0,0,0,0,0,132,132,20357,1,2,372,0,0,0,0,0,0
200604,999,25620, ,Hattiesburg  MS ,15,15,1865,0,0,0,0,0,0,0,0,0,15,15,1865,0,0,0,0,0,0,0,0,0
200604,999,25860, ,Hickory-Lenoir-Morganton  NC ,137,137,27062,1,2,127,0,0,0,0,0,0,137,137,27062,1,2,127,0,0,0,0,0,0
200604,999,26180,C,Honolulu  HI ,110,110,28024,0,0,0,0,0,0,1,6,505,110,110,28024,0,0,0,0,0,0,1,6,505
200604,999,26300, ,Hot Springs  AR ,13,13,1421,0,0,0,0,0,0,0,0,0,0,0,0,0,0,0,0,0,0,0,0,0
200604,999,26380, ,Houma-Bayou Cane-Thibodaux  LA ,69,69,12805,0,0,0,0,0,0,0,0,0,69,69,12805,0,0,0,0,0,0,0,0,0
200604,999,26580, ,Huntington-Ashland  WV-KY-OH ,6,6,267,0,0,0,0,0,0,0,0,0,0,0,0,0,0,0,0,0,0,0,0,0
200604,999,26980, ,Iowa City  IA ,53,53,9862,1,2,205,0,0,0,1,6,486,27,27,6426,0,0,0,0,0,0,0,0,0
200604,999,27100, ,Jackson  MI ,14,14,2280,0,0,0,0,0,0,0,0,0,9,9,1672,0,0,0,0,0,0,0,0,0
200604,999,27260,C,Jacksonville  FL ,1263,1263,332882,12,24,1090,0,0,0,10,68,9005,1262,1262,332773,12,24,1090,0,0,0,10,68,9005
200604,999,27340, ,Jacksonville  NC ,100,100,14775,5,10,660,0,0,0,0,0,0,100,100,14775,5,10,660,0,0,0,0,0,0
200604,999,27500, ,Janesville  WI ,43,43,7282,1,2,205,1,3,201,3,21,989,35,35,6349,1,2,205,0,0,0,1,8,425
200604,999,27620, ,Jefferson City  MO ,20,20,2548,0,0,0,0,0,0,0,0,0,6,6,751,0,0,0,0,0,0,0,0,0
200604,999,27780, ,Johnstown  PA ,3,3,262,0,0,0,0,0,0,0,0,0,1,1,50,0,0,0,0,0,0,0,0,0
200604,999,27900, ,Joplin  MO ,18,18,1956,0,0,0,0,0,0,1,5,290,0,0,0,0,0,0,0,0,0,0,0,0
200604,999,28020, ,Kalamazoo-Portage  MI ,53,53,9881,0,0,0,0,0,0,0,0,0,36,36,7718,0,0,0,0,0,0,0,0,0
200604,999,28420, ,Kennewick-Richland-Pasco  WA ,139,139,25565,1,2,247,3,12,956,1,9,355,12,12,2150,0,0,0,0,0,0,0,0,0
200604,999,28660, ,Killeen-Temple-Fort Hood  TX ,196,196,26693,6,12,843,1,4,165,0,0,0,196,196,26693,6,12,843,1,4,165,0,0,0
200604,999,29100, ,La Crosse  WI-MN ,53,53,8480,0,0,0,1,3,178,0,0,0,53,53,8480,0,0,0,1,3,178,0,0,0
200604,999,29460,C,Lakeland  FL ,598,598,97941,0,0,0,0,0,0,0,0,0,578,578,94161,0,0,0,0,0,0,0,0,0
200604,999,29540, ,Lancaster  PA ,97,97,16242,1,2,140,1,4,396,2,12,1188,65,65,11260,1,2,140,1,4,396,2,12,1188
200604,999,29700,C,Laredo  TX ,152,152,15911,0,0,0,2,8,224,3,32,1790,152,152,15911,0,0,0,2,8,224,3,32,1790
200604,999,29740,C,Las Cruces  NM ,153,153,29787,1,2,262,1,4,1285,0,0,0,148,148,29278,1,2,262,1,4,1285,0,0,0
200604,999,29940, ,Lawrence  KS ,25,25,4011,0,0,0,0,0,0,0,0,0,19,19,2458,0,0,0,0,0,0,0,0,0
200604,999,30020, ,Lawton  OK ,29,29,3828,0,0,0,0,0,0,0,0,0,29,29,3828,0,0,0,0,0,0,0,0,0
200604,999,30300, ,Lewiston  ID-WA ,4,4,674,0,0,0,0,0,0,1,32,2998,4,4,674,0,0,0,0,0,0,1,32,2998
200604,999,30700, ,Lincoln  NE ,99,99,16546,1,2,191,0,0,0,2,11,431,0,0,0,0,0,0,0,0,0,0,0,0
200604,999,30860, ,Logan  UT-ID ,39,39,6875,0,0,0,3,9,1100,1,5,417,35,35,6278,0,0,0,2,6,850,0,0,0
200604,999,31020, ,Longview  WA ,37,37,8589,0,0,0,0,0,0,0,0,0,32,32,7724,0,0,0,0,0,0,0,0,0
200604,999,31340, ,Lynchburg  VA ,144,144,26338,0,0,0,0,0,0,0,0,0,144,144,26338,0,0,0,0,0,0,0,0,0
200604,999,32580,C,McAllen-Edinburg-Mission  TX ,696,696,83894,1,2,171,11,43,2343,2,11,734,604,604,78010,1,2,171,10,40,2268,1,6,593
200604,999,32780, ,Medford  OR ,108,108,19399,1,2,135,0,0,0,1,20,1928,39,39,7123,0,0,0,0,0,0,0,0,0
200604,999,32820,C,Memphis  TN-MS-AR ,742,742,115917,0,0,0,1,3,300,0,0,0,702,702,111646,0,0,0,1,3,300,0,0,0
200604,999,32900, ,Merced  CA ,219,219,37494,1,2,83,1,4,252,0,0,0,169,169,29565,1,2,83,1,4,252,0,0,0
200604,999,33100,C,Miami-Fort Lauderdale-Miami Beach  FL ,1089,1089,232020,22,44,3826,19,71,9136,78,1932,220761,710,710,165171,21,42,3589,18,67,8839,61,1622,176865
200604,999,33540,C,Missoula  MT ,28,28,2756,1,2,93,0,0,0,2,14,64,28,28,2756,1,2,93,0,0,0,2,14,64
200604,999,33700, ,Modesto  CA ,264,264,58528,1,2,199,0,0,0,6,48,2583,209,209,48302,0,0,0,0,0,0,5,26,873
200604,999,34060, ,Morgantown  WV ,3,3,527,0,0,0,0,0,0,0,0,0,3,3,527,0,0,0,0,0,0,0,0,0
200604,999,34580, ,Mount Vernon-Anacortes  WA ,54,54,11268,0,0,0,0,0,0,0,0,0,25,25,4983,0,0,0,0,0,0,0,0,0
200604,999,34620, ,Muncie  IN ,12,12,2097,0,0,0,0,0,0,0,0,0,3,3,379,0,0,0,0,0,0,0,0,0
200604,999,34940,C,Naples-Marco Island  FL ,345,345,93951,0,0,0,20,80,15368,4,99,51528,345,345,93951,0,0,0,20,80,15368,4,99,51528
200604,999,35660, ,Niles-Benton Harbor  MI ,10,10,1945,0,0,0,0,0,0,0,0,0,10,10,1945,0,0,0,0,0,0,0,0,0
200604,999,35980, ,Norwich-New London  CT ,54,54,11754,3,6,623,0,0,0,3,27,2083,36,36,8526,3,6,623,0,0,0,2,22,1720
200604,999,36100,C,Ocala  FL ,677,677,106067,0,0,0,1,3,180,0,0,0,675,675,105910,0,0,0,1,3,180,0,0,0
200604,999,36140,C,Ocean City  NJ ,69,69,13404,8,16,2580,0,0,0,0,0,0,68,68,13270,8,16,2580,0,0,0,0,0,0
200604,999,36980, ,Owensboro  KY ,32,32,2740,0,0,0,0,0,0,0,0,0,32,32,2740,0,0,0,0,0,0,0,0,0
200604,999,37340,C,Palm Bay-Melbourne-Titusville  FL ,439,439,84720,1,2,197,1,3,470,6,166,15426,391,391,73861,0,0,0,1,3,470,3,120,10417
200604,999,37460, ,Panama City-Lynn Haven  FL ,87,87,9621,4,8,253,17,68,5246,3,437,60738,87,87,9621,4,8,253,17,68,5246,3,437,60738
200604,999,37620, ,Parkersburg-Marietta-Vienna  WV-OH ,16,16,2214,0,0,0,0,0,0,0,0,0,16,16,2214,0,0,0,0,0,0,0,0,0
200604,999,37860,C,Pensacola-Ferry Pass-Brent  FL ,154,154,24225,2,4,324,0,0,0,0,0,0,154,154,24225,2,4,324,0,0,0,0,0,0
200604,999,38060,C,Phoenix-Mesa-Scottsdale  AZ ,3374,3374,598750,5,10,1174,36,116,13057,43,873,100710,3193,3193,564666,3,6,706,35,113,12905,42,861,99133
200604,999,38340, ,Pittsfield  MA ,4,4,658,0,0,0,0,0,0,0,0,0,0,0,0,0,0,0,0,0,0,0,0,0
200604,999,38540, ,Pocatello  ID ,45,45,4915,1,2,64,0,0,0,0,0,0,45,45,4915,1,2,64,0,0,0,0,0,0
200604,999,38900,C,Portland-Vancouver-Beaverton  OR-WA ,1005,1005,208679,21,42,4614,5,17,2085,27,488,54418,919,919,189375,21,42,4614,5,17,2085,26,483,53515
200604,999,38940,C,Port St. Lucie-Fort Pierce  FL ,631,631,100880,0,0,0,2,6,721,10,130,12549,631,631,100880,0,0,0,2,6,721,10,130,12549
200604,999,39140, ,Prescott  AZ ,268,268,39979,0,0,0,2,6,356,0,0,0,268,268,39979,0,0,0,2,6,356,0,0,0
200604,999,39300, ,Providence-New Bedford-Fall River  RI-MA ,203,203,35128,9,18,1338,4,15,1520,6,50,2821,103,103,19381,7,14,1152,3,11,1154,2,14,1510
200604,999,39340, ,Provo-Orem  UT ,416,416,93497,2,4,670,6,21,1484,3,24,2124,409,409,91025,2,4,670,6,21,1484,3,24,2124
200604,999,39380,C,Pueblo  CO ,116,116,18235,0,0,0,0,0,0,0,0,0,116,116,18235,0,0,0,0,0,0,0,0,0
200604,999,39460,C,Punta Gorda  FL ,219,219,41977,6,12,1446,5,20,3292,4,56,7693,1,1,1850,0,0,0,0,0,0,0,0,0
200604,999,39660, ,Rapid City  SD ,66,66,8218,1,2,196,0,0,0,0,0,0,66,66,8218,1,2,196,0,0,0,0,0,0
200604,999,39740, ,Reading  PA ,67,67,12191,0,0,0,0,0,0,0,0,0,50,50,9358,0,0,0,0,0,0,0,0,0
200604,999,39820, ,Redding  CA ,43,43,8699,0,0,0,2,8,764,0,0,0,43,43,8699,0,0,0,2,8,764,0,0,0
200604,999,40060,C,Richmond  VA ,884,884,153125,0,0,0,2,8,727,1,18,1716,798,798,141132,0,0,0,2,8,727,1,18,1716
200604,999,40220, ,Roanoke  VA ,105,105,19752,0,0,0,0,0,0,1,5,245,75,75,16797,0,0,0,0,0,0,0,0,0
200604,999,40340, ,Rochester  MN ,77,77,14686,0,0,0,0,0,0,1,13,1254,22,22,3798,0,0,0,0,0,0,0,0,0
200604,999,40580, ,Rocky Mount  NC ,47,47,4728,2,4,206,1,4,173,0,0,0,0,0,0,0,0,0,0,0,0,0,0,0
200604,999,40660, ,Rome  GA ,35,35,4870,2,4,187,0,0,0,0,0,0,35,35,4870,2,4,187,0,0,0,0,0,0
200604,999,41100, ,St. George  UT ,200,200,31431,1,2,217,0,0,0,2,48,3110,200,200,31431,1,2,217,0,0,0,2,48,3110
200604,999,41140, ,St. Joseph  MO-KS ,14,14,2111,6,12,1420,0,0,0,0,0,0,14,14,2111,6,12,1420,0,0,0,0,0,0
200604,999,41420, ,Salem  OR ,114,114,21340,2,4,451,1,3,203,2,19,1546,43,43,9425,0,0,0,0,0,0,0,0,0
200604,999,41500, ,Salinas  CA ,61,61,19111,0,0,0,0,0,0,0,0,0,30,30,13038,0,0,0,0,0,0,0,0,0
200604,999,41660,C,San Angelo  TX ,28,28,4089,0,0,0,0,0,0,0,0,0,28,28,4089,0,0,0,0,0,0,0,0,0
200604,999,41700,C,San Antonio  TX ,1063,1063,172458,0,0,0,2,8,727,19,390,36903,859,859,144838,0,0,0,2,8,727,16,360,35601
200604,999,41740,C,San Diego-Carlsbad-San Marcos  CA ,356,356,111080,4,8,1055,3,12,1209,8,86,10704,345,345,109390,4,8,1055,3,12,1209,8,86,10704
200604,999,41780, ,Sandusky  OH ,0,0,0,0,0,0,0,0,0,1,6,270,0,0,0,0,0,0,0,0,0,0,0,0
200604,999,42020, ,San Luis Obispo-Paso Robles  CA ,101,101,20853,1,2,280,2,6,690,3,20,1323,24,24,6238,1,2,280,1,3,435,0,0,0
200604,999,42060, ,Santa Barbara-Santa Maria  CA ,83,83,23241,1,2,237,2,6,669,0,0,0,83,83,23241,1,2,237,2,6,669,0,0,0
200604,999,42260,C,Sarasota-Bradenton-Venice  FL ,395,395,92028,6,12,1950,2,8,1059,11,167,30574,385,385,88483,6,12,1950,2,8,1059,10,129,24686
200604,999,42540, ,Scranton--Wilkes-Barre  PA ,42,42,7706,0,0,0,0,0,0,0,0,0,32,32,6259,0,0,0,0,0,0,0,0,0
200604,999,42680,C,Sebastian-Vero Beach  FL ,291,291,66470,0,0,0,0,0,0,6,30,9855,291,291,66470,0,0,0,0,0,0,6,30,9855
200604,999,43100, ,Sheboygan  WI ,12,12,2601,1,2,271,0,0,0,0,0,0,7,7,1533,1,2,271,0,0,0,0,0,0
200604,999,43300, ,Sherman-Denison  TX ,2,2,331,0,0,0,0,0,0,0,0,0,0,0,0,0,0,0,0,0,0,0,0,0
200604,999,43620, ,Sioux Falls  SD ,172,172,23631,1,2,240,2,8,550,0,0,0,165,165,23023,1,2,240,2,8,550,0,0,0
200604,999,43780, ,South Bend-Mishawaka  IN-MI ,40,40,7285,0,0,0,0,0,0,1,16,500,40,40,7285,0,0,0,0,0,0,1,16,500
200604,999,44060, ,Spokane  WA ,221,221,34965,0,0,0,0,0,0,0,0,0,221,221,34965,0,0,0,0,0,0,0,0,0
200604,999,44100, ,Springfield  IL ,25,25,4704,5,10,1051,0,0,0,1,5,156,5,5,745,0,0,0,0,0,0,0,0,0
200604,999,44140, ,Springfield  MA ,51,51,9516,3,6,391,0,0,0,0,0,0,33,33,6557,0,0,0,0,0,0,0,0,0
200604,999,44180, ,Springfield  MO ,213,213,36050,14,28,2560,0,0,0,2,34,1356,180,180,30570,14,28,2560,0,0,0,0,0,0
200604,999,44300, ,State College  PA ,35,35,8767,1,2,195,0,0,0,1,24,3483,35,35,8767,1,2,195,0,0,0,1,24,3483
200604,999,44700,C,Stockton  CA ,309,309,71110,1,2,214,0,0,0,0,0,0,143,143,32038,0,0,0,0,0,0,0,0,0
200604,999,44940,C,Sumter  SC ,45,45,4557,2,4,195,0,0,0,0,0,0,0,0,0,0,0,0,0,0,0,0,0,0
200604,999,45220, ,Tallahassee  FL ,243,243,35420,3,6,358,5,20,1479,4,89,5957,91,91,11709,0,0,0,0,0,0,0,0,0
200604,999,45300,C,Tampa-St. Petersburg-Clearwater  FL ,1851,1851,330629,4,8,787,7,22,3464,8,225,22317,1807,1807,324198,2,4,575,7,22,3464,7,219,21696
200604,999,45460, ,Terre Haute  IN ,24,24,3282,1,2,118,0,0,0,1,8,315,17,17,2533,0,0,0,0,0,0,0,0,0
200604,999,45500, ,Texarkana  TX-Texarkana  AR ,22,22,1758,3,6,376,0,0,0,0,0,0,22,22,1758,3,6,376,0,0,0,0,0,0
200604,999,45820, ,Topeka  KS ,75,75,13238,6,12,1228,1,4,220,0,0,0,72,72,12824,6,12,1228,1,4,220,0,0,0
200604,999,46060,C,Tucson  AZ ,742,742,135514,5,10,966,1,4,207,2,15,1176,449,449,92041,0,0,0,0,0,0,1,6,658
200604,999,46220, ,Tuscaloosa  AL ,89,89,15324,0,0,0,0,0,0,0,0,0,89,89,15324,0,0,0,0,0,0,0,0,0
200604,999,46540, ,Utica-Rome  NY ,2,2,330,0,0,0,0,0,0,0,0,0,0,0,0,0,0,0,0,0,0,0,0,0
200604,999,46660, ,Valdosta  GA ,71,71,9057,2,4,327,1,3,177,1,5,370,1,1,75,0,0,0,0,0,0,0,0,0
200604,999,47020, ,Victoria  TX ,10,10,1214,0,0,0,0,0,0,0,0,0,0,0,0,0,0,0,0,0,0,0,0,0
200604,999,47260,C,Virginia Beach-Norfolk-Newport News  VA-NC ,510,510,81748,11,22,1880,4,15,1244,7,81,4204,483,483,76862,11,22,1880,4,15,1244,4,31,2505
200604,999,47300, ,Visalia-Porterville  CA ,176,176,35423,4,8,540,6,24,2286,0,0,0,176,176,35423,4,8,540,6,24,2286,0,0,0
200604,999,47380, ,Waco  TX ,45,45,7645,1,2,200,0,0,0,0,0,0,45,45,7645,1,2,200,0,0,0,0,0,0
200604,999,47940, ,Waterloo-Cedar Falls  IA ,30,30,6201,0,0,0,0,0,0,1,8,378,30,30,6201,0,0,0,0,0,0,1,8,378
200604,999,48260, ,Weirton-Steubenville  WV-OH ,1,1,138,0,0,0,0,0,0,0,0,0,1,1,138,0,0,0,0,0,0,0,0,0
200604,999,48300, ,Wenatchee  WA ,49,49,7688,0,0,0,0,0,0,0,0,0,49,49,7688,0,0,0,0,0,0,0,0,0
200604,999,48540, ,Wheeling  WV-OH ,0,0,0,0,0,0,0,0,0,0,0,0,0,0,0,0,0,0,0,0,0,0,0,0
200604,999,48660, ,Wichita Falls  TX ,20,20,3397,0,0,0,0,0,0,0,0,0,20,20,3397,0,0,0,0,0,0,0,0,0
200604,999,48900,C,Wilmington  NC ,498,498,86797,1,2,557,3,12,993,2,18,3186,202,202,43323,0,0,0,3,12,993,2,18,3186
200604,999,49420, ,Yakima  WA ,35,35,7940,0,0,0,0,0,0,0,0,0,34,34,7772,0,0,0,0,0,0,0,0,0
200604,999,49700, ,Yuba City  CA ,73,73,12301,0,0,0,0,0,0,0,0,0,73,73,12301,0,0,0,0,0,0,0,0,0
200604,999,49740, ,Yuma  AZ ,112,112,15960,0,0,0,0,0,0,1,5,903,45,45,5225,0,0,0,0,0,0,0,0,0
