Survey,CSA,CBSA,MONCOV,CBSA,,1-unit,,,2-units,,,3-4 units,,,5+ units,,,1-unit rep,,,2-units rep,,,3-4 units rep,,,5+ units rep
Date,Code,Code,,Name,Bldgs,Units,Value,Bldgs,Units,Value,Bldgs,Units,Value,Bldgs,Units,Value,Bldgs,Units,Value,Bldgs,Units,Value,      Bldgs,Units,Value,Bldgs,Units,Value
 
200712,102,18700, ,Corvallis  OR ,2,2,334,0,0,0,0,0,0,0,0,0,2,2,334,0,0,0,0,0,0,0,0,0
200712,104,10580, ,Albany-Schenectady-Troy  NY ,62,62,18154,1,2,405,1,4,280,2,16,1380,47,47,14447,1,2,405,0,0,0,2,16,1380
200712,104,24020, ,Glens Falls  NY ,22,22,4545,0,0,0,1,4,102,1,5,313,12,12,2446,0,0,0,0,0,0,0,0,0
200712,112,11180, ,Ames  IA ,13,13,3316,0,0,0,0,0,0,2,40,2924,13,13,3316,0,0,0,0,0,0,2,40,2924
200712,118,11540, ,Appleton  WI ,14,14,2553,0,0,0,0,0,0,0,0,0,14,14,2553,0,0,0,0,0,0,0,0,0
200712,118,36780, ,Oshkosh-Neenah  WI ,22,22,3710,0,0,0,0,0,0,0,0,0,22,22,3710,0,0,0,0,0,0,0,0,0
200712,120,11700, ,Asheville  NC ,189,189,35805,0,0,0,0,0,0,1,21,4545,175,175,32778,0,0,0,0,0,0,1,21,4545
200712,122,12060,C,Atlanta-Sandy Springs-Marietta  GA ,1153,1153,205010,1,2,181,9,31,2583,26,594,43449,1081,1081,193248,1,2,181,8,28,2583,24,568,41245
200712,122,23580, ,Gainesville  GA ,30,30,4825,0,0,0,0,0,0,1,5,625,30,30,4825,0,0,0,0,0,0,1,5,625
200712,132,12940, ,Baton Rouge  LA ,210,210,28248,0,0,0,0,0,0,7,50,3600,154,154,22521,0,0,0,0,0,0,7,50,3600
200712,140,13460,C,Bend  OR ,63,63,16651,0,0,0,1,4,656,0,0,0,63,63,16651,0,0,0,1,4,656,0,0,0
200712,142,13820,C,Birmingham-Hoover  AL ,160,160,27994,0,0,0,0,0,0,4,79,5772,88,88,14401,0,0,0,0,0,0,0,0,0
200712,148,14460,C,Boston-Cambridge-Quincy  MA-NH ,476,476,124434,13,26,3348,3,11,1284,15,214,32170,392,392,108431,7,14,1860,2,8,989,5,120,23573
200712,148,31700, ,Manchester-Nashua  NH ,54,54,11557,0,0,0,0,0,0,3,18,2391,44,44,9386,0,0,0,0,0,0,2,12,1800
200712,148,49340, ,Worcester  MA ,81,81,19358,1,2,200,0,0,0,0,0,0,62,62,16214,1,2,200,0,0,0,0,0,0
200712,154,15180, ,Brownsville-Harlingen  TX ,78,78,8489,7,14,1030,2,8,400,1,12,500,78,78,8489,7,14,1030,2,8,400,1,12,500
200712,160,15380, ,Buffalo-Niagara Falls  NY ,52,52,10587,0,0,0,0,0,0,1,7,459,45,45,8253,0,0,0,0,0,0,1,7,459
200712,172,16740,C,Charlotte-Gastonia-Concord  NC-SC ,652,652,126565,1,2,181,7,28,2884,15,139,12402,625,625,122682,1,2,181,7,28,2884,14,120,11906
200712,174,16860, ,Chattanooga  TN-GA ,97,97,14067,2,4,274,2,8,824,3,27,2652,76,76,11093,1,2,181,2,8,824,2,10,992
200712,174,17420, ,Cleveland  TN ,21,21,2917,1,2,114,0,0,0,0,0,0,16,16,2205,0,0,0,0,0,0,0,0,0
200712,176,16980,C,Chicago-Naperville-Joliet  IL-IN-WI ,675,675,167602,17,34,3828,19,58,5517,38,1348,130624,568,568,142060,15,30,3313,18,55,5204,30,1277,124572
200712,176,28100, ,Kankakee-Bradley  IL ,4,4,1278,0,0,0,0,0,0,0,0,0,4,4,1278,0,0,0,0,0,0,0,0,0
200712,176,33140, ,Michigan City-La Porte  IN ,10,10,1857,0,0,0,0,0,0,0,0,0,10,10,1857,0,0,0,0,0,0,0,0,0
200712,178,17140,C,Cincinnati-Middletown  OH-KY-IN ,248,248,55032,3,6,544,44,133,12676,6,44,5262,220,220,48433,3,6,544,43,130,12390,3,25,4319
200712,184,10420, ,Akron  OH ,36,36,5836,0,0,0,1,3,69,1,11,389,30,30,5238,0,0,0,0,0,0,0,0,0
200712,184,17460,C,Cleveland-Elyria-Mentor  OH ,186,186,36311,1,2,105,3,12,1504,5,37,3210,146,146,29125,1,2,105,3,12,1504,4,32,2680
200712,192,17900,C,Columbia  SC ,209,209,25934,0,0,0,3,9,788,2,47,2653,56,56,7765,0,0,0,0,0,0,0,0,0
200712,194,12220,C,Auburn-Opelika  AL ,50,50,9422,0,0,0,0,0,0,0,0,0,41,41,7901,0,0,0,0,0,0,0,0,0
200712,194,17980, ,Columbus  GA-AL ,54,54,7412,0,0,0,1,3,136,2,25,1929,31,31,4981,0,0,0,0,0,0,0,0,0
200712,198,18140,C,Columbus  OH ,201,201,45058,2,4,700,4,16,1495,12,181,14626,182,182,41576,2,4,700,4,16,1495,11,170,14235
200712,204,18580, ,Corpus Christi  TX ,55,55,6923,1,2,112,3,12,384,2,65,3030,10,10,1302,0,0,0,0,0,0,0,0,0
200712,206,19100,C,Dallas-Fort Worth-Arlington  TX ,1332,1332,270201,14,28,3105,21,80,5392,15,972,95729,1207,1207,243644,12,24,2803,20,76,5096,14,960,95248
200712,212,19380, ,Dayton  OH ,53,53,13092,1,2,230,0,0,0,0,0,0,51,51,12681,0,0,0,0,0,0,0,0,0
200712,212,44220, ,Springfield  OH ,16,16,1155,0,0,0,0,0,0,0,0,0,16,16,1155,0,0,0,0,0,0,0,0,0
200712,216,14500, ,Boulder  CO ,11,11,3467,0,0,0,0,0,0,2,26,2558,9,9,3107,0,0,0,0,0,0,1,21,2194
200712,216,19740,C,Denver-Aurora  CO ,349,349,90431,0,0,0,0,0,0,46,964,111091,348,348,90124,0,0,0,0,0,0,46,964,111091
200712,218,19780,C,Des Moines-West Des Moines  IA ,171,171,32806,1,2,272,0,0,0,2,21,1648,164,164,31637,1,2,272,0,0,0,2,21,1648
200712,220,11460, ,Ann Arbor  MI ,23,23,3543,0,0,0,0,0,0,1,5,302,17,17,2810,0,0,0,0,0,0,0,0,0
200712,220,19820,C,Detroit-Warren-Livonia  MI ,164,164,37092,1,2,160,0,0,0,1,6,163,139,139,31959,0,0,0,0,0,0,0,0,0
200712,220,22420, ,Flint  MI ,8,8,1682,0,0,0,0,0,0,0,0,0,6,6,1366,0,0,0,0,0,0,0,0,0
200712,220,33780, ,Monroe  MI ,11,11,1745,0,0,0,0,0,0,0,0,0,8,8,1207,0,0,0,0,0,0,0,0,0
200712,222,20020, ,Dothan  AL ,20,20,2707,0,0,0,0,0,0,0,0,0,20,20,2707,0,0,0,0,0,0,0,0,0
200712,232,20740, ,Eau Claire  WI ,15,15,2856,1,2,185,0,0,0,0,0,0,14,14,2740,1,2,185,0,0,0,0,0,0
200712,244,22020, ,Fargo  ND-MN ,10,10,2125,0,0,0,0,0,0,2,52,1670,10,10,2125,0,0,0,0,0,0,2,52,1670
200712,252,22540, ,Fond du Lac  WI ,6,6,967,0,0,0,0,0,0,0,0,0,5,5,804,0,0,0,0,0,0,0,0,0
200712,258,23060,C,Fort Wayne  IN ,40,40,7300,0,0,0,0,0,0,0,0,0,40,40,7300,0,0,0,0,0,0,0,0,0
200712,260,23420, ,Fresno  CA ,128,128,22746,15,30,2801,1,3,276,0,0,0,115,115,20510,15,30,2801,0,0,0,0,0,0
200712,260,31460, ,Madera  CA ,38,38,8713,0,0,0,0,0,0,0,0,0,38,38,8713,0,0,0,0,0,0,0,0,0
200712,266,24340,C,Grand Rapids-Wyoming  MI ,56,56,21768,0,0,0,0,0,0,3,27,3822,43,43,19990,0,0,0,0,0,0,1,12,2300
200712,266,26100, ,Holland-Grand Haven  MI ,27,27,4011,0,0,0,0,0,0,0,0,0,21,21,2973,0,0,0,0,0,0,0,0,0
200712,266,34740, ,Muskegon-Norton Shores  MI ,9,9,1398,1,2,270,0,0,0,0,0,0,9,9,1398,1,2,270,0,0,0,0,0,0
200712,268,15500, ,Burlington  NC ,61,61,9505,0,0,0,0,0,0,0,0,0,61,61,9505,0,0,0,0,0,0,0,0,0
200712,268,24660,C,Greensboro-High Point  NC ,170,170,31175,0,0,0,0,0,0,2,32,1288,132,132,22362,0,0,0,0,0,0,2,32,1288
200712,268,49180, ,Winston-Salem  NC ,326,326,31096,0,0,0,0,0,0,0,0,0,314,314,29002,0,0,0,0,0,0,0,0,0
200712,273,11340, ,Anderson  SC ,51,51,10617,0,0,0,0,0,0,0,0,0,51,51,10617,0,0,0,0,0,0,0,0,0
200712,273,24860,C,Greenville  SC ,205,205,27688,0,0,0,0,0,0,17,288,23391,193,193,24316,0,0,0,0,0,0,16,279,22539
200712,273,43900, ,Spartanburg  SC ,67,67,8135,0,0,0,0,0,0,0,0,0,67,67,8135,0,0,0,0,0,0,0,0,0
200712,274,25060, ,Gulfport-Biloxi  MS ,132,132,13579,14,28,2192,0,0,0,3,20,923,132,132,13579,14,28,2192,0,0,0,3,20,923
200712,274,37700, ,Pascagoula  MS ,35,35,4882,28,56,5682,0,0,0,0,0,0,9,9,1510,28,56,5682,0,0,0,0,0,0
200712,276,25420, ,Harrisburg-Carlisle  PA ,91,91,13894,0,0,0,0,0,0,0,0,0,89,89,13548,0,0,0,0,0,0,0,0,0
200712,276,30140, ,Lebanon  PA ,22,22,3833,0,0,0,0,0,0,0,0,0,22,22,3833,0,0,0,0,0,0,0,0,0
200712,278,25540, ,Hartford-West Hartford-East Hartford  CT ,81,81,16090,0,0,0,0,0,0,5,46,2750,62,62,13611,0,0,0,0,0,0,1,10,775
200712,288,26420,C,Houston-Sugar Land-Baytown  TX ,1820,1820,332869,8,16,1439,3,11,659,80,1869,170283,1736,1736,317610,7,14,1269,3,11,659,78,1842,169266
200712,290,19460, ,Decatur  AL ,10,10,1449,0,0,0,0,0,0,2,52,5965,10,10,1449,0,0,0,0,0,0,2,52,5965
200712,290,26620, ,Huntsville  AL ,123,123,14030,0,0,0,0,0,0,10,204,12714,65,65,5820,0,0,0,0,0,0,10,204,12714
200712,292,26820, ,Idaho Falls  ID ,54,54,5038,0,0,0,1,4,168,2,48,3612,54,54,5038,0,0,0,1,4,168,2,48,3612
200712,294,11300, ,Anderson  IN ,8,8,1268,0,0,0,0,0,0,0,0,0,8,8,1268,0,0,0,0,0,0,0,0,0
200712,294,18020, ,Columbus  IN ,17,17,4308,0,0,0,0,0,0,0,0,0,17,17,4308,0,0,0,0,0,0,0,0,0
200712,294,26900,C,Indianapolis-Carmel  IN ,343,343,66607,11,22,2825,0,0,0,4,44,8647,299,299,58803,11,22,2825,0,0,0,3,37,8305
200712,296,27060, ,Ithaca  NY ,2,2,599,0,0,0,0,0,0,1,5,317,1,1,400,0,0,0,0,0,0,0,0,0
200712,297,27180, ,Jackson  TN ,9,9,1288,0,0,0,0,0,0,0,0,0,9,9,1288,0,0,0,0,0,0,0,0,0
200712,298,27140, ,Jackson  MS ,112,112,17617,0,0,0,0,0,0,0,0,0,107,107,16968,0,0,0,0,0,0,0,0,0
200712,304,27740, ,Johnson City  TN ,38,38,4330,0,0,0,0,0,0,0,0,0,20,20,2530,0,0,0,0,0,0,0,0,0
200712,304,28700, ,Kingsport-Bristol-Bristol  TN-VA ,29,29,3025,1,2,113,0,0,0,2,12,706,13,13,921,1,2,113,0,0,0,0,0,0
200712,308,27860, ,Jonesboro  AR ,58,58,5852,0,0,0,0,0,0,0,0,0,57,57,5734,0,0,0,0,0,0,0,0,0
200712,312,28140,C,Kansas City  MO-KS ,295,295,49297,2,4,338,8,31,2497,16,154,8330,270,270,44204,1,2,210,8,31,2497,15,146,7367
200712,314,28940, ,Knoxville  TN ,157,157,21504,0,0,0,0,0,0,3,72,5592,157,157,21504,0,0,0,0,0,0,3,72,5592
200712,316,29020, ,Kokomo  IN ,4,4,605,0,0,0,0,0,0,0,0,0,4,4,605,0,0,0,0,0,0,0,0,0
200712,318,29180, ,Lafayette  LA ,66,66,8726,1,2,171,0,0,0,1,23,1124,29,29,3734,0,0,0,0,0,0,0,0,0
200712,320,29140, ,Lafayette  IN ,20,20,3873,0,0,0,0,0,0,0,0,0,20,20,3873,0,0,0,0,0,0,0,0,0
200712,324,29340, ,Lake Charles  LA ,59,59,9657,0,0,0,0,0,0,0,0,0,58,58,9497,0,0,0,0,0,0,0,0,0
200712,330,29620, ,Lansing-East Lansing  MI ,17,17,3923,1,2,261,0,0,0,0,0,0,14,14,3516,1,2,261,0,0,0,0,0,0
200712,332,29820,C,Las Vegas-Paradise  NV ,258,258,38333,0,0,0,12,48,3600,12,458,36360,258,258,38333,0,0,0,12,48,3600,12,458,36360
200712,336,30460, ,Lexington-Fayette  KY ,100,100,17658,0,0,0,1,4,825,0,0,0,92,92,16476,0,0,0,1,4,825,0,0,0
200712,338,30620, ,Lima  OH ,1,1,162,0,0,0,0,0,0,0,0,0,0,0,0,0,0,0,0,0,0,0,0,0
200712,340,30780, ,Little Rock-North Little Rock  AR ,122,122,21854,37,74,5032,0,0,0,6,72,9429,120,120,21621,37,74,5032,0,0,0,6,72,9429
200712,340,38220, ,Pine Bluff  AR ,2,2,134,0,0,0,1,3,238,0,0,0,1,1,90,0,0,0,0,0,0,0,0,0
200712,346,30980, ,Longview  TX ,21,21,3427,0,0,0,0,0,0,0,0,0,21,21,3427,0,0,0,0,0,0,0,0,0
200712,348,31100,C,Los Angeles-Long Beach-Santa Ana  CA ,588,588,136542,24,48,6063,10,36,4803,32,494,63109,528,528,120722,21,42,5249,7,27,4147,24,453,59536
200712,348,37100, ,Oxnard-Thousand Oaks-Ventura  CA ,37,37,10774,0,0,0,1,4,487,16,197,34530,16,16,4439,0,0,0,0,0,0,14,172,32164
200712,348,40140,C,Riverside-San Bernardino-Ontario  CA ,796,796,173508,3,6,420,0,0,0,7,132,11879,635,635,140796,1,2,210,0,0,0,4,109,9263
200712,350,21060, ,Elizabethtown  KY ,16,16,2437,0,0,0,0,0,0,0,0,0,16,16,2437,0,0,0,0,0,0,0,0,0
200712,350,31140,C,Louisville-Jefferson County  KY-IN ,210,210,40247,1,2,128,0,0,0,6,72,5783,193,193,36123,1,2,128,0,0,0,6,72,5783
200712,352,31180, ,Lubbock  TX ,49,49,9156,0,0,0,0,0,0,10,128,6512,49,49,9156,0,0,0,0,0,0,10,128,6512
200712,356,31420, ,Macon  GA ,16,16,2430,0,0,0,0,0,0,0,0,0,16,16,2430,0,0,0,0,0,0,0,0,0
200712,356,47580, ,Warner Robins  GA ,22,22,2939,0,0,0,0,0,0,0,0,0,22,22,2939,0,0,0,0,0,0,0,0,0
200712,358,31540,C,Madison  WI ,78,78,18162,1,2,269,2,7,628,5,50,4747,66,66,16261,0,0,0,1,4,380,1,24,2150
200712,360,31900, ,Mansfield  OH ,2,2,350,0,0,0,0,0,0,0,0,0,2,2,350,0,0,0,0,0,0,0,0,0
200712,372,33260,C,Midland  TX ,28,28,3431,0,0,0,0,0,0,0,0,0,28,28,3431,0,0,0,0,0,0,0,0,0
200712,372,36220,C,Odessa  TX ,14,14,2656,0,0,0,0,0,0,0,0,0,14,14,2656,0,0,0,0,0,0,0,0,0
200712,376,33340,C,Milwaukee-Waukesha-West Allis  WI ,96,96,26953,6,12,1679,1,3,500,6,108,8848,84,84,23008,5,10,1379,1,3,500,4,97,7917
200712,376,39540, ,Racine  WI ,16,16,4977,1,2,263,0,0,0,0,0,0,16,16,4977,1,2,263,0,0,0,0,0,0
200712,378,33460,C,Minneapolis-St. Paul-Bloomington  MN-WI ,380,380,94856,0,0,0,0,0,0,5,133,17120,344,344,87925,0,0,0,0,0,0,4,113,13911
200712,378,41060, ,St. Cloud  MN ,11,11,1801,0,0,0,0,0,0,1,5,315,5,5,940,0,0,0,0,0,0,0,0,0
200712,380,33660, ,Mobile  AL ,95,95,16486,0,0,0,0,0,0,1,52,5159,94,94,16428,0,0,0,0,0,0,1,52,5159
200712,384,33740, ,Monroe  LA ,14,14,2602,0,0,0,0,0,0,1,8,613,2,2,800,0,0,0,0,0,0,0,0,0
200712,388,33860, ,Montgomery  AL ,28,28,4625,0,0,0,0,0,0,0,0,0,23,23,3647,0,0,0,0,0,0,0,0,0
200712,392,34100, ,Morristown  TN ,101,101,21394,0,0,0,0,0,0,0,0,0,98,98,21027,0,0,0,0,0,0,0,0,0
200712,396,34820, ,Myrtle Beach-North Myrtle Beach-Conway  SC ,199,199,30070,0,0,0,0,0,0,9,135,20127,186,186,26997,0,0,0,0,0,0,7,69,5417
200712,400,34980,C,Nashville-Davidson--Murfreesboro  TN ,456,456,84608,12,24,1962,0,0,0,6,132,13097,385,385,71749,10,20,1812,0,0,0,6,132,13097
200712,406,35380,C,New Orleans-Metairie-Kenner  LA ,406,406,53188,13,26,2469,0,0,0,3,30,4750,404,404,52972,13,26,2469,0,0,0,3,30,4750
200712,408,14860, ,Bridgeport-Stamford-Norwalk  CT ,43,43,27066,6,12,1800,0,0,0,1,6,2002,33,33,18877,6,12,1800,0,0,0,1,6,2002
200712,408,28740, ,Kingston  NY ,11,11,2244,0,0,0,0,0,0,3,81,10760,11,11,2244,0,0,0,0,0,0,3,81,10760
200712,408,35300, ,New Haven-Milford  CT ,36,36,6632,0,0,0,0,0,0,1,21,1291,33,33,6187,0,0,0,0,0,0,0,0,0
200712,408,35620,C,New York-Northern New Jersey-Long Island  NY-NJ-PA ,769,769,193219,144,288,31838,119,365,31861,116,2872,262954,562,562,147136,135,270,30240,116,355,30950,81,2521,222569
200712,408,39100, ,Poughkeepsie-Newburgh-Middletown  NY ,34,34,7640,2,4,420,0,0,0,4,23,2143,20,20,4327,2,4,420,0,0,0,0,0,0
200712,408,45940,C,Trenton-Ewing  NJ ,13,13,2371,2,4,210,0,0,0,1,16,662,5,5,1585,0,0,0,0,0,0,0,0,0
200712,416,36420,C,Oklahoma City  OK ,253,253,42735,1,2,136,0,0,0,1,14,919,132,132,26276,0,0,0,0,0,0,0,0,0
200712,420,36540,C,Omaha-Council Bluffs  NE-IA ,107,107,18468,2,4,295,0,0,0,10,160,7284,107,107,18468,2,4,295,0,0,0,10,160,7284
200712,422,19660,C,Deltona-Daytona Beach-Ormond Beach  FL ,58,58,13432,0,0,0,0,0,0,2,26,2568,40,40,10291,0,0,0,0,0,0,0,0,0
200712,422,36740,C,Orlando-Kissimmee  FL ,499,499,101476,0,0,0,0,0,0,12,479,62473,372,372,83983,0,0,0,0,0,0,10,461,61463
200712,422,37380, ,Palm Coast  FL ,25,25,6620,0,0,0,0,0,0,0,0,0,25,25,6620,0,0,0,0,0,0,0,0,0
200712,426,37900, ,Peoria  IL ,27,27,6574,0,0,0,0,0,0,1,8,320,23,23,5788,0,0,0,0,0,0,1,8,320
200712,428,37980,C,Philadelphia-Camden-Wilmington  PA-NJ-DE-MD ,540,540,89327,13,26,1951,9,30,3000,24,453,27087,375,375,63731,7,14,1381,9,30,3000,9,248,19120
200712,428,47220,C,Vineland-Millville-Bridgeton  NJ ,30,30,3155,0,0,0,0,0,0,0,0,0,10,10,1037,0,0,0,0,0,0,0,0,0
200712,430,38300,C,Pittsburgh  PA ,206,206,39700,4,8,1350,4,15,1635,2,10,346,157,157,31925,4,8,1350,2,8,1189,0,0,0
200712,438,30340, ,Lewiston-Auburn  ME ,6,6,1112,0,0,0,0,0,0,0,0,0,2,2,389,0,0,0,0,0,0,0,0,0
200712,438,38860, ,Portland-South Portland-Biddeford  ME ,94,94,18467,3,6,734,1,3,261,2,10,1474,43,43,10974,1,2,238,0,0,0,0,0,0
200712,442,38940,C,Port St. Lucie  FL ,101,101,24920,0,0,0,1,4,459,2,18,1636,94,94,22116,0,0,0,0,0,0,0,0,0
200712,442,42680,C,Sebastian-Vero Beach  FL ,53,53,18269,0,0,0,0,0,0,0,0,0,53,53,18269,0,0,0,0,0,0,0,0,0
200712,450,20500,C,Durham  NC ,130,130,27132,2,4,367,0,0,0,3,61,2909,63,63,15130,2,4,367,0,0,0,0,0,0
200712,450,39580,C,Raleigh-Cary  NC ,622,622,131188,0,0,0,1,4,323,2,12,1191,621,621,131063,0,0,0,1,4,323,2,12,1191
200712,456,39900,C,Reno-Sparks  NV ,100,100,24539,0,0,0,0,0,0,0,0,0,100,100,24539,0,0,0,0,0,0,0,0,0
200712,464,40380, ,Rochester  NY ,59,59,12476,6,12,1940,3,12,730,0,0,0,49,49,10968,6,12,1940,3,12,730,0,0,0
200712,466,40420, ,Rockford  IL ,34,34,4665,0,0,0,0,0,0,0,0,0,31,31,4238,0,0,0,0,0,0,0,0,0
200712,472,40900,C,Sacramento--Arden-Arcade--Roseville  CA ,287,287,64056,0,0,0,0,0,0,12,185,28922,284,284,63260,0,0,0,0,0,0,11,180,28255
200712,472,49700, ,Yuba City  CA ,28,28,4196,0,0,0,0,0,0,0,0,0,28,28,4196,0,0,0,0,0,0,0,0,0
200712,474,13020, ,Bay City  MI ,1,1,140,0,0,0,0,0,0,0,0,0,1,1,140,0,0,0,0,0,0,0,0,0
200712,474,40980, ,Saginaw-Saginaw Township North  MI ,2,2,385,0,0,0,0,0,0,0,0,0,1,1,248,0,0,0,0,0,0,0,0,0
200712,476,41180,C,St. Louis  MO-IL ,336,336,67611,10,20,2200,4,14,1835,4,32,2589,286,286,57997,8,16,1798,3,11,1310,3,26,2224
200712,480,41540, ,Salisbury  MD ,16,16,2756,0,0,0,0,0,0,1,16,2193,10,10,2173,0,0,0,0,0,0,0,0,0
200712,482,36260, ,Ogden-Clearfield  UT ,59,59,12906,0,0,0,0,0,0,0,0,0,58,58,12671,0,0,0,0,0,0,0,0,0
200712,482,41620,C,Salt Lake City  UT ,108,108,20282,3,6,840,3,9,1043,3,19,2378,85,85,15813,2,4,641,3,9,1043,0,0,0
200712,488,34900, ,Napa  CA ,21,21,7220,0,0,0,0,0,0,1,6,570,18,18,6508,0,0,0,0,0,0,0,0,0
200712,488,41860,C,San Francisco-Oakland-Fremont  CA ,349,349,97736,1,2,233,2,7,725,24,706,80407,321,321,88247,1,2,233,2,7,725,17,657,74162
200712,488,41940,C,San Jose-Sunnyvale-Santa Clara  CA ,88,88,26729,1,2,233,2,6,734,13,128,23743,79,79,24622,1,2,233,2,6,734,12,100,19208
200712,488,42100, ,Santa Cruz-Watsonville  CA ,7,7,1705,0,0,0,0,0,0,0,0,0,7,7,1705,0,0,0,0,0,0,0,0,0
200712,488,42220, ,Santa Rosa-Petaluma  CA ,48,48,9475,0,0,0,0,0,0,4,50,5169,34,34,5228,0,0,0,0,0,0,4,50,5169
200712,488,46700, ,Vallejo-Fairfield  CA ,22,22,4214,2,4,465,0,0,0,1,60,3145,21,21,3883,2,4,465,0,0,0,1,60,3145
200712,492,42140,C,Santa Fe  NM ,11,11,1469,0,0,0,0,0,0,0,0,0,0,0,0,0,0,0,0,0,0,0,0,0
200712,494,14600,C,Bradenton-Sarasota-Venice  FL ,126,126,29405,1,2,376,1,3,50,1,6,792,126,126,29405,0,0,0,1,3,50,1,6,792
200712,494,39460,C,Punta Gorda  FL ,19,19,5094,1,2,180,19,69,6412,0,0,0,19,19,5094,1,2,180,19,69,6412,0,0,0
200712,496,25980, ,Hinesville-Fort Stewart  GA ,3,3,789,0,0,0,0,0,0,0,0,0,3,3,789,0,0,0,0,0,0,0,0,0
200712,496,42340, ,Savannah  GA ,86,86,13745,0,0,0,1,4,480,0,0,0,76,76,11907,0,0,0,1,4,480,0,0,0
200712,500,14740, ,Bremerton-Silverdale  WA ,35,35,7475,0,0,0,0,0,0,1,6,542,35,35,7475,0,0,0,0,0,0,1,6,542
200712,500,34580, ,Mount Vernon-Anacortes  WA ,31,31,6021,3,6,975,0,0,0,0,0,0,31,31,6021,3,6,975,0,0,0,0,0,0
200712,500,36500, ,Olympia  WA ,35,35,7079,0,0,0,0,0,0,0,0,0,35,35,7079,0,0,0,0,0,0,0,0,0
200712,500,42660,C,Seattle-Tacoma-Bellevue  WA ,560,560,136717,42,84,10322,33,107,11494,29,633,79208,508,508,125737,40,80,10030,32,104,11110,22,579,74266
200712,508,43340, ,Shreveport-Bossier City  LA ,76,76,13746,44,88,4610,0,0,0,0,0,0,76,76,13746,44,88,4610,0,0,0,0,0,0
200712,512,43580, ,Sioux City  IA-NE-SD ,8,8,1544,0,0,0,0,0,0,0,0,0,6,6,1185,0,0,0,0,0,0,0,0,0
200712,515,21140, ,Elkhart-Goshen  IN ,32,32,5598,0,0,0,0,0,0,2,26,2862,32,32,5598,0,0,0,0,0,0,2,26,2862
200712,515,43780, ,South Bend-Mishawaka  IN-MI ,30,30,4192,0,0,0,0,0,0,0,0,0,30,30,4192,0,0,0,0,0,0,0,0,0
200712,532,45060, ,Syracuse  NY ,17,17,3567,0,0,0,0,0,0,0,0,0,17,17,3567,0,0,0,0,0,0,0,0,0
200712,534,45780, ,Toledo  OH ,36,36,5206,0,0,0,0,0,0,1,5,352,24,24,2940,0,0,0,0,0,0,0,0,0
200712,538,46140,C,Tulsa  OK ,251,251,43508,0,0,0,0,0,0,0,0,0,250,250,43465,0,0,0,0,0,0,0,0,0
200712,540,46340, ,Tyler  TX ,13,13,2294,0,0,0,1,3,150,1,7,323,0,0,0,0,0,0,0,0,0,0,0,0
200712,548,12580,C,Baltimore-Towson  MD ,242,242,40788,0,0,0,0,0,0,8,374,36998,229,229,38517,0,0,0,0,0,0,6,350,34726
200712,548,47900,C,Washington-Arlington-Alexandria  DC-VA-MD-WV ,706,706,131014,0,0,0,1,3,437,17,1632,146640,636,636,116671,0,0,0,1,3,437,12,1407,113287
200712,548,49020, ,Winchester  VA-WV ,27,27,4377,0,0,0,0,0,0,1,8,700,27,27,4377,0,0,0,0,0,0,1,8,700
200712,554,48140, ,Wausau  WI ,9,9,1612,0,0,0,0,0,0,0,0,0,7,7,1239,0,0,0,0,0,0,0,0,0
200712,556,48620, ,Wichita  KS ,156,156,38857,1,2,162,0,0,0,0,0,0,148,148,37492,1,2,162,0,0,0,0,0,0
200712,558,48700, ,Williamsport  PA ,0,0,0,0,0,0,0,0,0,0,0,0,0,0,0,0,0,0,0,0,0,0,0,0
200712,564,49620, ,York-Hanover  PA ,72,72,10056,0,0,0,0,0,0,1,6,843,49,49,6197,0,0,0,0,0,0,0,0,0
200712,566,49660, ,Youngstown-Warren-Boardman  OH-PA ,25,25,4779,0,0,0,0,0,0,0,0,0,22,22,4293,0,0,0,0,0,0,0,0,0
200712,999,10180, ,Abilene  TX ,10,10,1604,0,0,0,0,0,0,0,0,0,10,10,1604,0,0,0,0,0,0,0,0,0
200712,999,10500, ,Albany  GA ,19,19,2154,1,2,150,1,4,217,0,0,0,5,5,556,0,0,0,0,0,0,0,0,0
200712,999,10740,C,Albuquerque  NM ,164,164,31131,0,0,0,0,0,0,0,0,0,155,155,29994,0,0,0,0,0,0,0,0,0
200712,999,10780, ,Alexandria  LA ,30,30,3956,0,0,0,0,0,0,0,0,0,0,0,0,0,0,0,0,0,0,0,0,0
200712,999,10900,C,Allentown-Bethlehem-Easton  PA-NJ ,131,131,21343,0,0,0,0,0,0,2,15,719,69,69,12260,0,0,0,0,0,0,1,8,362
200712,999,11020, ,Altoona  PA ,1,1,319,0,0,0,0,0,0,0,0,0,0,0,0,0,0,0,0,0,0,0,0,0
200712,999,11100, ,Amarillo  TX ,35,35,9616,0,0,0,0,0,0,0,0,0,35,35,9616,0,0,0,0,0,0,0,0,0
200712,999,11260,C,Anchorage  AK ,10,10,3021,1,2,427,0,0,0,0,0,0,9,9,2911,1,2,427,0,0,0,0,0,0
200712,999,11500, ,Anniston-Oxford  AL ,7,7,835,0,0,0,0,0,0,0,0,0,7,7,835,0,0,0,0,0,0,0,0,0
200712,999,12020, ,Athens-Clarke County  GA ,29,29,5363,0,0,0,0,0,0,1,6,800,29,29,5363,0,0,0,0,0,0,1,6,800
200712,999,12100,C,Atlantic City-Hammonton  NJ ,50,50,12298,1,2,626,0,0,0,1,18,456,39,39,7297,1,2,626,0,0,0,0,0,0
200712,999,12260, ,Augusta-Richmond County  GA-SC ,112,112,21146,1,2,60,0,0,0,17,332,21156,77,77,16444,0,0,0,0,0,0,17,332,21156
200712,999,12420,C,Austin-Round Rock  TX ,654,654,118024,20,40,3554,1,4,412,28,525,50649,592,592,108736,19,38,3418,1,4,412,25,483,47725
200712,999,12540, ,Bakersfield  CA ,135,135,19733,3,6,395,9,35,2361,1,8,386,0,0,0,0,0,0,1,3,207,0,0,0
200712,999,12620, ,Bangor  ME ,7,7,1138,0,0,0,0,0,0,0,0,0,4,4,674,0,0,0,0,0,0,0,0,0
200712,999,12700, ,Barnstable Town  MA ,55,55,17702,1,2,250,0,0,0,1,5,683,40,40,12953,1,2,250,0,0,0,0,0,0
200712,999,12980, ,Battle Creek  MI ,1,1,149,0,0,0,0,0,0,0,0,0,0,0,0,0,0,0,0,0,0,0,0,0
200712,999,13140, ,Beaumont-Port Arthur  TX ,21,21,3248,0,0,0,0,0,0,0,0,0,21,21,3248,0,0,0,0,0,0,0,0,0
200712,999,13380, ,Bellingham  WA ,19,19,3517,0,0,0,0,0,0,1,16,5922,19,19,3517,0,0,0,0,0,0,1,16,5922
200712,999,13740, ,Billings  MT ,36,36,5279,0,0,0,0,0,0,0,0,0,36,36,5279,0,0,0,0,0,0,0,0,0
200712,999,13780, ,Binghamton  NY ,1,1,160,0,0,0,0,0,0,0,0,0,1,1,160,0,0,0,0,0,0,0,0,0
200712,999,13900, ,Bismarck  ND ,23,23,3081,0,0,0,0,0,0,0,0,0,23,23,3081,0,0,0,0,0,0,0,0,0
200712,999,14020, ,Bloomington  IN ,8,8,1223,0,0,0,0,0,0,0,0,0,8,8,1223,0,0,0,0,0,0,0,0,0
200712,999,14060, ,Bloomington-Normal  IL ,9,9,1406,0,0,0,0,0,0,1,7,242,1,1,192,0,0,0,0,0,0,0,0,0
200712,999,14260,C,Boise City-Nampa  ID ,215,215,43800,2,4,550,3,12,682,4,122,32462,149,149,34702,1,2,400,1,4,301,4,122,32462
200712,999,14540, ,Bowling Green  KY ,15,15,2513,0,0,0,0,0,0,0,0,0,15,15,2513,0,0,0,0,0,0,0,0,0
200712,999,15260, ,Brunswick  GA ,31,31,7224,0,0,0,0,0,0,0,0,0,0,0,0,0,0,0,0,0,0,0,0,0
200712,999,15540, ,Burlington-South Burlington  VT ,13,13,2943,2,4,530,0,0,0,0,0,0,3,3,907,2,4,530,0,0,0,0,0,0
200712,999,15940, ,Canton-Massillon  OH ,23,23,4045,0,0,0,0,0,0,1,5,238,0,0,0,0,0,0,0,0,0,0,0,0
200712,999,15980,C,Cape Coral-Fort Myers  FL ,63,63,21851,0,0,0,0,0,0,1,6,2819,63,63,21851,0,0,0,0,0,0,1,6,2819
200712,999,16180,C,Carson City  NV ,5,5,1612,1,2,176,0,0,0,0,0,0,5,5,1612,1,2,176,0,0,0,0,0,0
200712,999,16220, ,Casper  WY ,15,15,2121,0,0,0,0,0,0,0,0,0,13,13,1748,0,0,0,0,0,0,0,0,0
200712,999,16300, ,Cedar Rapids  IA ,19,19,2535,1,2,181,0,0,0,0,0,0,19,19,2535,1,2,181,0,0,0,0,0,0
200712,999,16580, ,Champaign-Urbana  IL ,13,13,2366,0,0,0,0,0,0,7,56,6300,13,13,2366,0,0,0,0,0,0,7,56,6300
200712,999,16620, ,Charleston  WV ,9,9,1372,1,2,153,0,0,0,0,0,0,1,1,72,0,0,0,0,0,0,0,0,0
200712,999,16700,C,Charleston-North Charleston-Summerville  SC ,220,220,57330,3,6,396,1,3,3147,15,311,17691,172,172,48580,3,6,396,1,3,3147,14,306,17383
200712,999,16820, ,Charlottesville  VA ,40,40,14069,0,0,0,0,0,0,0,0,0,34,34,12916,0,0,0,0,0,0,0,0,0
200712,999,16940, ,Cheyenne  WY ,14,14,2467,0,0,0,0,0,0,0,0,0,0,0,0,0,0,0,0,0,0,0,0,0
200712,999,17020, ,Chico  CA ,29,29,3483,0,0,0,0,0,0,0,0,0,13,13,1790,0,0,0,0,0,0,0,0,0
200712,999,17300, ,Clarksville  TN-KY ,30,30,2870,2,4,211,1,4,180,0,0,0,28,28,2730,2,4,211,1,4,180,0,0,0
200712,999,17660, ,Coeur dAlene  ID ,39,39,11209,0,0,0,0,0,0,1,14,4807,31,31,9685,0,0,0,0,0,0,0,0,0
200712,999,17780, ,College Station-Bryan  TX ,46,46,7367,0,0,0,0,0,0,20,224,16728,46,46,7367,0,0,0,0,0,0,20,224,16728
200712,999,17820,C,Colorado Springs  CO ,116,116,17623,0,0,0,0,0,0,1,48,2411,116,116,17623,0,0,0,0,0,0,1,48,2411
200712,999,17860, ,Columbia  MO ,16,16,2768,0,0,0,0,0,0,0,0,0,16,16,2768,0,0,0,0,0,0,0,0,0
200712,999,19060, ,Cumberland  MD-WV ,10,10,1222,0,0,0,0,0,0,0,0,0,10,10,1222,0,0,0,0,0,0,0,0,0
200712,999,19140, ,Dalton  GA ,18,18,2168,1,2,96,1,3,172,1,6,309,15,15,1843,0,0,0,0,0,0,0,0,0
200712,999,19180, ,Danville  IL ,0,0,0,0,0,0,0,0,0,0,0,0,0,0,0,0,0,0,0,0,0,0,0,0
200712,999,19260, ,Danville  VA ,7,7,869,0,0,0,0,0,0,0,0,0,0,0,0,0,0,0,0,0,0,0,0,0
200712,999,19340, ,Davenport-Moline-Rock Island  IA-IL ,12,12,2194,0,0,0,0,0,0,0,0,0,6,6,863,0,0,0,0,0,0,0,0,0
200712,999,19500, ,Decatur  IL ,3,3,585,0,0,0,0,0,0,0,0,0,3,3,585,0,0,0,0,0,0,0,0,0
200712,999,20100,C,Dover  DE ,53,53,7708,0,0,0,0,0,0,1,12,284,14,14,1636,0,0,0,0,0,0,0,0,0
200712,999,20220, ,Dubuque  IA ,4,4,671,1,2,119,0,0,0,0,0,0,4,4,671,1,2,119,0,0,0,0,0,0
200712,999,20260, ,Duluth  MN-WI ,20,20,2695,0,0,0,1,3,292,1,5,568,5,5,831,0,0,0,0,0,0,0,0,0
200712,999,20940, ,El Centro  CA ,37,37,6086,1,2,122,0,0,0,1,5,442,0,0,0,0,0,0,0,0,0,0,0,0
200712,999,21300, ,Elmira  NY ,1,1,208,0,0,0,0,0,0,0,0,0,0,0,0,0,0,0,0,0,0,0,0,0
200712,999,21340, ,El Paso  TX ,99,99,13480,0,0,0,3,11,834,1,5,148,7,7,745,0,0,0,0,0,0,0,0,0
200712,999,21500, ,Erie  PA ,8,8,1648,0,0,0,0,0,0,3,36,3974,8,8,1648,0,0,0,0,0,0,3,36,3974
200712,999,21660, ,Eugene-Springfield  OR ,52,52,10153,0,0,0,0,0,0,4,60,2664,52,52,10153,0,0,0,0,0,0,4,60,2664
200712,999,21780, ,Evansville  IN-KY ,27,27,4949,0,0,0,0,0,0,1,5,243,13,13,3183,0,0,0,0,0,0,0,0,0
200712,999,21820,C,Fairbanks  AK ,7,7,1469,1,2,242,0,0,0,0,0,0,0,0,0,0,0,0,0,0,0,0,0,0
200712,999,22140,C,Farmington  NM ,15,15,3161,0,0,0,0,0,0,0,0,0,15,15,3161,0,0,0,0,0,0,0,0,0
200712,999,22180, ,Fayetteville  NC ,90,90,12894,0,0,0,0,0,0,0,0,0,90,90,12894,0,0,0,0,0,0,0,0,0
200712,999,22220, ,Fayetteville-Springdale-Rogers  AR-MO ,98,98,16201,9,18,1952,0,0,0,2,27,1461,78,78,12785,4,8,807,0,0,0,0,0,0
200712,999,22380, ,Flagstaff  AZ ,19,19,4767,0,0,0,0,0,0,0,0,0,19,19,4767,0,0,0,0,0,0,0,0,0
200712,999,22500, ,Florence  SC ,29,29,3859,0,0,0,0,0,0,0,0,0,0,0,0,0,0,0,0,0,0,0,0,0
200712,999,22520, ,Florence-Muscle Shoals  AL ,23,23,2564,1,2,71,0,0,0,0,0,0,23,23,2564,1,2,71,0,0,0,0,0,0
200712,999,22660,C,Fort Collins-Loveland  CO ,39,39,9959,0,0,0,0,0,0,3,18,1761,39,39,9959,0,0,0,0,0,0,3,18,1761
200712,999,22900, ,Fort Smith  AR-OK ,35,35,5401,0,0,0,0,0,0,0,0,0,32,32,5037,0,0,0,0,0,0,0,0,0
200712,999,23020, ,Fort Walton Beach-Crestview-Destin  FL ,27,27,8162,0,0,0,1,3,269,2,14,1586,4,4,3900,0,0,0,0,0,0,1,9,1300
200712,999,23460, ,Gadsden  AL ,5,5,774,0,0,0,0,0,0,0,0,0,5,5,774,0,0,0,0,0,0,0,0,0
200712,999,23540, ,Gainesville  FL ,55,55,6508,1,2,95,0,0,0,3,64,7003,47,47,5571,0,0,0,0,0,0,1,22,4375
200712,999,24140, ,Goldsboro  NC ,22,22,3067,0,0,0,0,0,0,0,0,0,22,22,3067,0,0,0,0,0,0,0,0,0
200712,999,24220, ,Grand Forks  ND-MN ,0,0,0,0,0,0,0,0,0,0,0,0,0,0,0,0,0,0,0,0,0,0,0,0
200712,999,24300,C,Grand Junction  CO ,60,60,13276,0,0,0,0,0,0,0,0,0,60,60,13276,0,0,0,0,0,0,0,0,0
200712,999,24500, ,Great Falls  MT ,8,8,1389,0,0,0,1,4,400,0,0,0,8,8,1389,0,0,0,1,4,400,0,0,0
200712,999,24540,C,Greeley  CO ,59,59,12105,0,0,0,0,0,0,0,0,0,57,57,11924,0,0,0,0,0,0,0,0,0
200712,999,24580, ,Green Bay  WI ,64,64,7048,0,0,0,0,0,0,1,10,405,57,57,5921,0,0,0,0,0,0,0,0,0
200712,999,24780, ,Greenville  NC ,33,33,5836,6,12,868,0,0,0,18,180,8757,33,33,5836,6,12,868,0,0,0,18,180,8757
200712,999,25180, ,Hagerstown-Martinsburg  MD-WV ,74,74,14589,0,0,0,0,0,0,0,0,0,74,74,14589,0,0,0,0,0,0,0,0,0
200712,999,25260, ,Hanford-Corcoran  CA ,20,20,3259,0,0,0,0,0,0,1,5,266,9,9,1443,0,0,0,0,0,0,0,0,0
200712,999,25500,C,Harrisonburg  VA ,22,22,3540,0,0,0,0,0,0,0,0,0,16,16,2804,0,0,0,0,0,0,0,0,0
200712,999,25620, ,Hattiesburg  MS ,24,24,1031,1,2,156,9,36,11023,0,0,0,24,24,1031,1,2,156,9,36,11023,0,0,0
200712,999,25860, ,Hickory-Lenoir-Morganton  NC ,64,64,13395,1,2,219,0,0,0,0,0,0,56,56,12006,0,0,0,0,0,0,0,0,0
200712,999,26180,C,Honolulu  HI ,49,49,13564,0,0,0,0,0,0,1,56,7066,0,0,0,0,0,0,0,0,0,0,0,0
200712,999,26300, ,Hot Springs  AR ,5,5,547,0,0,0,0,0,0,0,0,0,0,0,0,0,0,0,0,0,0,0,0,0
200712,999,26380, ,Houma-Bayou Cane-Thibodaux  LA ,34,34,7636,0,0,0,0,0,0,0,0,0,34,34,7636,0,0,0,0,0,0,0,0,0
200712,999,26580, ,Huntington-Ashland  WV-KY-OH ,4,4,355,0,0,0,0,0,0,1,5,275,0,0,0,0,0,0,0,0,0,0,0,0
200712,999,26980, ,Iowa City  IA ,18,18,5166,0,0,0,0,0,0,0,0,0,18,18,5166,0,0,0,0,0,0,0,0,0
200712,999,27100, ,Jackson  MI ,3,3,634,0,0,0,0,0,0,0,0,0,2,2,524,0,0,0,0,0,0,0,0,0
200712,999,27260,C,Jacksonville  FL ,352,352,66287,4,8,525,2,8,1665,11,250,16631,152,152,34850,0,0,0,2,8,1665,1,5,1000
200712,999,27340, ,Jacksonville  NC ,95,95,10793,4,8,280,0,0,0,3,15,810,95,95,10793,4,8,280,0,0,0,3,15,810
200712,999,27500, ,Janesville  WI ,14,14,2358,0,0,0,0,0,0,1,9,323,12,12,2180,0,0,0,0,0,0,0,0,0
200712,999,27620, ,Jefferson City  MO ,7,7,949,0,0,0,0,0,0,0,0,0,3,3,384,0,0,0,0,0,0,0,0,0
200712,999,27780, ,Johnstown  PA ,0,0,0,0,0,0,0,0,0,0,0,0,0,0,0,0,0,0,0,0,0,0,0,0
200712,999,27900, ,Joplin  MO ,9,9,1160,1,2,150,0,0,0,0,0,0,8,8,1064,1,2,150,0,0,0,0,0,0
200712,999,28020, ,Kalamazoo-Portage  MI ,19,19,4862,0,0,0,0,0,0,0,0,0,13,13,4098,0,0,0,0,0,0,0,0,0
200712,999,28420, ,Kennewick-Pasco-Richland  WA ,42,42,8636,0,0,0,0,0,0,0,0,0,2,2,218,0,0,0,0,0,0,0,0,0
200712,999,28660, ,Killeen-Temple-Fort Hood  TX ,195,195,25094,26,52,3693,0,0,0,0,0,0,195,195,25094,26,52,3693,0,0,0,0,0,0
200712,999,29100, ,La Crosse  WI-MN ,10,10,1390,0,0,0,0,0,0,0,0,0,10,10,1390,0,0,0,0,0,0,0,0,0
200712,999,29420, ,Lake Havasu City-Kingman  AZ ,41,41,8176,1,2,233,0,0,0,0,0,0,41,41,8176,1,2,233,0,0,0,0,0,0
200712,999,29460,C,Lakeland-Winter Haven  FL ,201,201,35676,0,0,0,0,0,0,4,25,1653,159,159,28975,0,0,0,0,0,0,0,0,0
200712,999,29540, ,Lancaster  PA ,42,42,9160,0,0,0,0,0,0,1,5,495,38,38,8345,0,0,0,0,0,0,0,0,0
200712,999,29700,C,Laredo  TX ,64,64,6723,0,0,0,2,8,397,1,16,769,0,0,0,0,0,0,0,0,0,0,0,0
200712,999,29740,C,Las Cruces  NM ,42,42,7253,0,0,0,0,0,0,0,0,0,42,42,7253,0,0,0,0,0,0,0,0,0
200712,999,29940, ,Lawrence  KS ,13,13,2183,0,0,0,1,3,392,1,5,200,0,0,0,0,0,0,0,0,0,0,0,0
200712,999,30020, ,Lawton  OK ,38,38,5939,2,4,340,0,0,0,0,0,0,38,38,5939,2,4,340,0,0,0,0,0,0
200712,999,30300, ,Lewiston  ID-WA ,5,5,1035,0,0,0,0,0,0,0,0,0,5,5,1035,0,0,0,0,0,0,0,0,0
200712,999,30700, ,Lincoln  NE ,43,43,8702,0,0,0,0,0,0,0,0,0,43,43,8702,0,0,0,0,0,0,0,0,0
200712,999,30860, ,Logan  UT-ID ,10,10,1691,0,0,0,1,3,250,0,0,0,8,8,1392,0,0,0,0,0,0,0,0,0
200712,999,31020, ,Longview  WA ,28,28,6038,0,0,0,0,0,0,0,0,0,26,26,5731,0,0,0,0,0,0,0,0,0
200712,999,31340, ,Lynchburg  VA ,90,90,15556,0,0,0,0,0,0,0,0,0,80,80,14037,0,0,0,0,0,0,0,0,0
200712,999,32580,C,McAllen-Edinburg-Mission  TX ,331,331,41426,1,2,181,4,16,1648,8,131,6365,315,315,40503,1,2,181,4,16,1648,7,126,6224
200712,999,32780, ,Medford  OR ,29,29,5633,0,0,0,0,0,0,0,0,0,23,23,4498,0,0,0,0,0,0,0,0,0
200712,999,32820,C,Memphis  TN-MS-AR ,219,219,41432,0,0,0,1,3,190,1,60,5953,202,202,39192,0,0,0,1,3,190,1,60,5953
200712,999,32900, ,Merced  CA ,14,14,1845,0,0,0,0,0,0,0,0,0,14,14,1845,0,0,0,0,0,0,0,0,0
200712,999,33100,C,Miami-Fort Lauderdale-Miami Beach  FL ,382,382,90141,12,24,2178,3,11,1351,17,430,71182,330,330,79413,11,22,1951,2,8,1000,10,349,59409
200712,999,33540,C,Missoula  MT ,25,25,3215,0,0,0,0,0,0,0,0,0,25,25,3215,0,0,0,0,0,0,0,0,0
200712,999,33700, ,Modesto  CA ,39,39,7842,4,8,853,0,0,0,1,17,1321,32,32,6667,3,6,653,0,0,0,0,0,0
200712,999,34060, ,Morgantown  WV ,1,1,200,0,0,0,0,0,0,1,24,960,1,1,200,0,0,0,0,0,0,1,24,960
200712,999,34620, ,Muncie  IN ,3,3,308,0,0,0,0,0,0,0,0,0,3,3,308,0,0,0,0,0,0,0,0,0
200712,999,34940,C,Naples-Marco Island  FL ,67,67,27320,0,0,0,1,3,758,8,56,4880,66,66,27088,0,0,0,1,3,758,8,56,4880
200712,999,35660, ,Niles-Benton Harbor  MI ,3,3,744,0,0,0,0,0,0,1,5,288,2,2,505,0,0,0,0,0,0,0,0,0
200712,999,35980, ,Norwich-New London  CT ,23,23,3706,2,4,335,1,4,357,4,33,4896,17,17,2635,1,2,190,1,4,357,4,33,4896
200712,999,36100,C,Ocala  FL ,112,112,17794,1,2,85,7,21,1120,0,0,0,110,110,17429,0,0,0,7,21,1120,0,0,0
200712,999,36140,C,Ocean City  NJ ,27,27,10209,8,16,3204,3,10,1194,0,0,42,26,26,10025,8,16,3204,3,10,1194,0,0,42
200712,999,36980, ,Owensboro  KY ,19,19,1719,0,0,0,0,0,0,0,0,0,19,19,1719,0,0,0,0,0,0,0,0,0
200712,999,37340,C,Palm Bay-Melbourne-Titusville  FL ,108,108,21481,0,0,0,0,0,0,8,192,7680,108,108,21481,0,0,0,0,0,0,8,192,7680
200712,999,37460, ,Panama City-Lynn Haven  FL ,23,23,2925,1,2,106,0,0,0,0,0,0,23,23,2925,1,2,106,0,0,0,0,0,0
200712,999,37620, ,Parkersburg-Marietta-Vienna  WV-OH ,8,8,670,0,0,0,0,0,0,0,0,0,8,8,670,0,0,0,0,0,0,0,0,0
200712,999,37860,C,Pensacola-Ferry Pass-Brent  FL ,91,91,15002,0,0,0,13,52,5225,2,24,2335,91,91,15002,0,0,0,13,52,5225,2,24,2335
200712,999,38060,C,Phoenix-Mesa-Scottsdale  AZ ,931,931,182761,12,24,2792,21,68,7695,10,165,20727,766,766,160190,12,24,2792,21,68,7695,9,160,20297
200712,999,38340, ,Pittsfield  MA ,0,0,0,0,0,0,0,0,0,0,0,0,0,0,0,0,0,0,0,0,0,0,0,0
200712,999,38540, ,Pocatello  ID ,11,11,1815,2,4,209,0,0,0,0,0,0,11,11,1815,2,4,209,0,0,0,0,0,0
200712,999,38900,C,Portland-Vancouver-Beaverton  OR-WA ,329,329,72108,6,12,1396,0,0,0,23,507,54613,281,281,63057,6,12,1396,0,0,0,22,502,54231
200712,999,39140, ,Prescott  AZ ,51,51,11838,0,0,0,0,0,0,0,0,0,47,47,10831,0,0,0,0,0,0,0,0,0
200712,999,39300, ,Providence-New Bedford-Fall River  RI-MA ,170,170,36309,0,0,0,1,4,142,0,0,0,161,161,34461,0,0,0,1,4,142,0,0,0
200712,999,39340, ,Provo-Orem  UT ,84,84,21537,0,0,0,3,10,1432,0,0,0,80,80,20606,0,0,0,2,6,930,0,0,0
200712,999,39380,C,Pueblo  CO ,28,28,5204,0,0,0,0,0,0,0,0,0,28,28,5204,0,0,0,0,0,0,0,0,0
200712,999,39660, ,Rapid City  SD ,29,29,5864,1,2,331,0,0,0,0,0,0,29,29,5864,1,2,331,0,0,0,0,0,0
200712,999,39740, ,Reading  PA ,27,27,4523,1,2,246,0,0,0,0,0,0,18,18,2777,0,0,0,0,0,0,0,0,0
200712,999,39820, ,Redding  CA ,24,24,4111,0,0,0,0,0,0,0,0,0,24,24,4111,0,0,0,0,0,0,0,0,0
200712,999,40060,C,Richmond  VA ,250,250,48258,0,0,0,6,24,2472,12,204,20240,240,240,46955,0,0,0,6,24,2472,12,204,20240
200712,999,40220, ,Roanoke  VA ,41,41,8708,0,0,0,0,0,0,0,0,0,41,41,8708,0,0,0,0,0,0,0,0,0
200712,999,40340, ,Rochester  MN ,17,17,3655,0,0,0,0,0,0,0,0,0,12,12,2686,0,0,0,0,0,0,0,0,0
200712,999,40580, ,Rocky Mount  NC ,27,27,2952,1,2,84,0,0,0,0,0,0,27,27,2952,1,2,84,0,0,0,0,0,0
200712,999,40660, ,Rome  GA ,14,14,3324,0,0,0,0,0,0,0,0,0,14,14,3324,0,0,0,0,0,0,0,0,0
200712,999,41100, ,St. George  UT ,64,64,12017,0,0,0,0,0,0,0,0,0,64,64,12017,0,0,0,0,0,0,0,0,0
200712,999,41140, ,St. Joseph  MO-KS ,2,2,468,0,0,0,0,0,0,0,0,0,2,2,468,0,0,0,0,0,0,0,0,0
200712,999,41420, ,Salem  OR ,36,36,9167,0,0,0,0,0,0,0,0,0,33,33,8606,0,0,0,0,0,0,0,0,0
200712,999,41500, ,Salinas  CA ,37,37,14924,0,0,0,0,0,0,0,0,0,35,35,14478,0,0,0,0,0,0,0,0,0
200712,999,41660,C,San Angelo  TX ,21,21,3519,0,0,0,0,0,0,0,0,0,21,21,3519,0,0,0,0,0,0,0,0,0
200712,999,41700,C,San Antonio  TX ,463,463,88189,7,14,1091,2,8,778,28,614,78220,413,413,80425,7,14,1091,2,8,778,24,574,75392
200712,999,41740,C,San Diego-Carlsbad-San Marcos  CA ,172,172,50685,6,12,2070,4,15,2944,15,382,38152,163,163,48862,6,12,2070,4,15,2944,13,372,36766
200712,999,41780, ,Sandusky  OH ,0,0,0,0,0,0,0,0,0,0,0,0,0,0,0,0,0,0,0,0,0,0,0,0
200712,999,42020, ,San Luis Obispo-Paso Robles  CA ,37,37,6647,0,0,0,0,0,0,0,0,0,37,37,6647,0,0,0,0,0,0,0,0,0
200712,999,42060, ,Santa Barbara-Santa Maria  CA ,31,31,9449,0,0,0,0,0,0,0,0,0,31,31,9449,0,0,0,0,0,0,0,0,0
200712,999,42540, ,Scranton--Wilkes-Barre  PA ,12,12,1932,0,0,0,0,0,0,0,0,0,2,2,433,0,0,0,0,0,0,0,0,0
200712,999,43100, ,Sheboygan  WI ,2,2,386,1,2,260,0,0,0,0,0,0,2,2,386,1,2,260,0,0,0,0,0,0
200712,999,43300, ,Sherman-Denison  TX ,0,0,0,0,0,0,0,0,0,0,0,0,0,0,0,0,0,0,0,0,0,0,0,0
200712,999,43620, ,Sioux Falls  SD ,60,60,3120,3,6,1075,2,8,666,0,0,0,60,60,3120,3,6,1075,2,8,666,0,0,0
200712,999,44060, ,Spokane  WA ,38,38,7821,4,8,1079,0,0,0,0,0,0,38,38,7821,4,8,1079,0,0,0,0,0,0
200712,999,44100, ,Springfield  IL ,9,9,2220,2,4,633,0,0,0,0,0,0,9,9,2220,2,4,633,0,0,0,0,0,0
200712,999,44140, ,Springfield  MA ,47,47,8625,2,4,275,0,0,0,1,11,789,38,38,7360,0,0,0,0,0,0,0,0,0
200712,999,44180, ,Springfield  MO ,59,59,9452,0,0,0,0,0,0,5,94,3701,38,38,6302,0,0,0,0,0,0,2,32,1240
200712,999,44300, ,State College  PA ,32,32,6040,0,0,0,0,0,0,0,0,0,32,32,6040,0,0,0,0,0,0,0,0,0
200712,999,44700,C,Stockton  CA ,132,132,27586,0,0,0,3,11,1523,7,42,6290,132,132,27586,0,0,0,3,11,1523,7,42,6290
200712,999,44940,C,Sumter  SC ,23,23,3418,0,0,0,0,0,0,0,0,0,23,23,3418,0,0,0,0,0,0,0,0,0
200712,999,45220, ,Tallahassee  FL ,73,73,13162,1,2,174,0,0,0,3,38,2538,32,32,5975,0,0,0,0,0,0,0,0,0
200712,999,45300,C,Tampa-St. Petersburg-Clearwater  FL ,427,427,94590,3,6,772,4,12,1490,12,442,32366,334,334,75034,3,6,772,4,12,1490,8,411,29443
200712,999,45460, ,Terre Haute  IN ,8,8,1120,0,0,0,0,0,0,0,0,0,8,8,1120,0,0,0,0,0,0,0,0,0
200712,999,45500, ,Texarkana  TX-Texarkana  AR ,3,3,292,0,0,0,0,0,0,0,0,0,3,3,292,0,0,0,0,0,0,0,0,0
200712,999,45820, ,Topeka  KS ,32,32,4301,0,0,0,0,0,0,12,144,6393,30,30,4276,0,0,0,0,0,0,12,144,6393
200712,999,46060,C,Tucson  AZ ,215,215,41118,3,6,521,1,3,169,1,10,705,150,150,30956,0,0,0,0,0,0,0,0,0
200712,999,46220, ,Tuscaloosa  AL ,45,45,7503,0,0,0,0,0,0,6,102,5640,26,26,4140,0,0,0,0,0,0,0,0,0
200712,999,46540, ,Utica-Rome  NY ,2,2,245,0,0,0,0,0,0,0,0,0,0,0,0,0,0,0,0,0,0,0,0,0
200712,999,46660, ,Valdosta  GA ,34,34,3964,4,8,486,0,0,0,0,0,0,11,11,1158,4,8,486,0,0,0,0,0,0
200712,999,47020, ,Victoria  TX ,5,5,708,0,0,0,0,0,0,0,0,0,0,0,0,0,0,0,0,0,0,0,0,0
200712,999,47260,C,Virginia Beach-Norfolk-Newport News  VA-NC ,213,213,37741,6,12,1087,0,0,0,3,53,2496,213,213,37741,6,12,1087,0,0,0,3,53,2496
200712,999,47300, ,Visalia-Porterville  CA ,108,108,19127,0,0,0,2,8,459,0,0,0,108,108,19127,0,0,0,2,8,459,0,0,0
200712,999,47380, ,Waco  TX ,41,41,6675,0,0,0,0,0,0,10,144,6900,41,41,6675,0,0,0,0,0,0,10,144,6900
200712,999,47940, ,Waterloo-Cedar Falls  IA ,10,10,1730,0,0,0,0,0,0,0,0,0,10,10,1730,0,0,0,0,0,0,0,0,0
200712,999,48260, ,Weirton-Steubenville  WV-OH ,1,1,135,0,0,0,0,0,0,0,0,0,1,1,135,0,0,0,0,0,0,0,0,0
200712,999,48300, ,Wenatchee  WA ,10,10,1561,0,0,0,0,0,0,0,0,0,10,10,1561,0,0,0,0,0,0,0,0,0
200712,999,48540, ,Wheeling  WV-OH ,0,0,0,0,0,0,0,0,0,0,0,0,0,0,0,0,0,0,0,0,0,0,0,0
200712,999,48660, ,Wichita Falls  TX ,7,7,1231,1,2,110,0,0,0,0,0,0,0,0,0,0,0,0,0,0,0,0,0,0
200712,999,48900,C,Wilmington  NC ,221,221,40772,0,0,0,1,3,396,1,5,487,83,83,20232,0,0,0,0,0,0,0,0,0
200712,999,49420, ,Yakima  WA ,24,24,5129,0,0,0,0,0,0,0,0,0,24,24,5129,0,0,0,0,0,0,0,0,0
200712,999,49740, ,Yuma  AZ ,36,36,4573,1,2,347,0,0,0,3,24,1999,36,36,4573,1,2,347,0,0,0,3,24,1999
