Survey,CSA,CBSA,MONCOV,CBSA,,1-unit,,,2-units,,,3-4 units,,,5+ units,,,1-unit rep,,,2-units rep,,,3-4 units rep,,,5+ units rep
Date,Code,Code,,Name,Bldgs,Units,Value,Bldgs,Units,Value,Bldgs,Units,Value,Bldgs,Units,Value,Bldgs,Units,Value,Bldgs,Units,Value,      Bldgs,Units,Value,Bldgs,Units,Value
 
200810,102,18700, ,Corvallis  OR ,16,16,2679,0,0,0,0,0,0,0,0,0,16,16,2679,0,0,0,0,0,0,0,0,0
200810,104,10580, ,Albany-Schenectady-Troy  NY ,88,88,19077,0,0,0,0,0,0,1,11,400,74,74,16660,0,0,0,0,0,0,1,11,400
200810,104,24020, ,Glens Falls  NY ,24,24,4283,0,0,0,0,0,0,0,0,0,17,17,3653,0,0,0,0,0,0,0,0,0
200810,112,11180, ,Ames  IA ,10,10,2887,0,0,0,0,0,0,0,0,0,10,10,2887,0,0,0,0,0,0,0,0,0
200810,118,11540, ,Appleton  WI ,31,31,6437,2,4,560,0,0,0,0,0,0,31,31,6437,2,4,560,0,0,0,0,0,0
200810,118,36780, ,Oshkosh-Neenah  WI ,73,73,15294,1,2,210,0,0,0,3,35,1244,73,73,15294,1,2,210,0,0,0,3,35,1244
200810,120,11700, ,Asheville  NC ,99,99,20676,1,2,200,0,0,0,0,0,0,88,88,18395,1,2,200,0,0,0,0,0,0
200810,122,12060,C,Atlanta-Sandy Springs-Marietta  GA ,643,643,108628,5,10,1461,1,4,719,12,699,77200,603,603,102019,5,10,1461,1,4,719,10,686,75802
200810,122,23580, ,Gainesville  GA ,16,16,2003,0,0,0,0,0,0,0,0,0,16,16,2003,0,0,0,0,0,0,0,0,0
200810,132,12940, ,Baton Rouge  LA ,169,169,27574,0,0,0,0,0,0,0,0,0,155,155,25148,0,0,0,0,0,0,0,0,0
200810,140,13460,C,Bend  OR ,41,41,10249,1,2,356,0,0,0,1,5,251,32,32,8920,1,2,356,0,0,0,0,0,0
200810,142,13820,C,Birmingham-Hoover  AL ,130,130,23732,0,0,0,0,0,0,2,54,3934,71,71,11749,0,0,0,0,0,0,1,42,3000
200810,148,14460,C,Boston-Cambridge-Quincy  MA-NH ,270,270,68372,5,10,1506,1,4,475,12,100,15345,168,168,45986,3,6,826,1,4,475,3,27,4672
200810,148,31700, ,Manchester-Nashua  NH ,45,45,9703,1,2,150,0,0,0,2,41,3914,36,36,7981,0,0,0,0,0,0,1,36,3434
200810,148,49340, ,Worcester  MA ,44,44,8219,2,4,472,0,0,0,0,0,0,23,23,4431,1,2,146,0,0,0,0,0,0
200810,154,15180, ,Brownsville-Harlingen  TX ,61,61,6306,5,10,644,0,0,0,2,10,1801,61,61,6306,5,10,644,0,0,0,2,10,1801
200810,160,15380, ,Buffalo-Niagara Falls  NY ,43,43,9807,2,4,490,0,0,0,1,123,6000,41,41,9443,2,4,490,0,0,0,1,123,6000
200810,172,16740,C,Charlotte-Gastonia-Concord  NC-SC ,419,419,82125,1,2,80,0,0,0,17,404,38821,347,347,66396,1,2,80,0,0,0,16,396,38199
200810,174,16860, ,Chattanooga  TN-GA ,63,63,10506,1,2,91,0,0,0,1,9,824,46,46,8112,0,0,0,0,0,0,0,0,0
200810,174,17420, ,Cleveland  TN ,21,21,3467,0,0,0,2,8,340,0,0,0,21,21,3467,0,0,0,2,8,340,0,0,0
200810,176,16980,C,Chicago-Naperville-Joliet  IL-IN-WI ,693,693,162318,8,16,1571,23,76,12702,21,245,31493,580,580,136450,7,14,1366,23,76,12702,15,185,26412
200810,176,28100, ,Kankakee-Bradley  IL ,5,5,2091,0,0,0,0,0,0,0,0,0,5,5,2091,0,0,0,0,0,0,0,0,0
200810,176,33140, ,Michigan City-La Porte  IN ,20,20,3919,0,0,0,0,0,0,0,0,0,20,20,3919,0,0,0,0,0,0,0,0,0
200810,178,17140,C,Cincinnati-Middletown  OH-KY-IN ,276,276,53895,1,2,184,7,22,1980,4,22,2538,226,226,41745,0,0,0,1,4,320,1,7,777
200810,184,10420, ,Akron  OH ,48,48,8578,0,0,0,0,0,0,1,12,424,41,41,7880,0,0,0,0,0,0,0,0,0
200810,184,17460,C,Cleveland-Elyria-Mentor  OH ,219,219,41580,2,4,288,1,4,755,9,49,3302,177,177,32632,2,4,288,1,4,755,7,38,2508
200810,192,17900,C,Columbia  SC ,186,186,28773,0,0,0,0,0,0,1,29,1637,119,119,20924,0,0,0,0,0,0,0,0,0
200810,194,12220,C,Auburn-Opelika  AL ,64,64,10522,0,0,0,0,0,0,0,0,0,64,64,10522,0,0,0,0,0,0,0,0,0
200810,194,17980, ,Columbus  GA-AL ,39,39,5683,0,0,0,0,0,0,3,31,2410,11,11,2575,0,0,0,0,0,0,0,0,0
200810,198,18140,C,Columbus  OH ,201,201,42208,0,0,0,17,67,5610,10,167,10186,180,180,37832,0,0,0,17,67,5610,10,167,10186
200810,204,18580, ,Corpus Christi  TX ,66,66,8121,0,0,0,0,0,0,0,0,0,65,65,7955,0,0,0,0,0,0,0,0,0
200810,206,19100,C,Dallas-Fort Worth-Arlington  TX ,1118,1118,259417,2,4,289,4,14,2233,11,1069,87195,1022,1022,232643,1,2,172,3,11,2060,9,1028,85208
200810,212,19380, ,Dayton  OH ,46,46,11514,0,0,0,0,0,0,0,0,0,42,42,10746,0,0,0,0,0,0,0,0,0
200810,212,44220, ,Springfield  OH ,5,5,1015,0,0,0,0,0,0,0,0,0,5,5,1015,0,0,0,0,0,0,0,0,0
200810,216,14500, ,Boulder  CO ,15,15,4632,0,0,0,0,0,0,2,10,1066,7,7,2942,0,0,0,0,0,0,0,0,0
200810,216,19740,C,Denver-Aurora  CO ,243,243,63634,7,14,2674,0,0,0,26,945,75394,237,237,61936,7,14,2674,0,0,0,26,945,75394
200810,218,19780,C,Des Moines-West Des Moines  IA ,220,220,39776,2,4,580,0,0,0,16,338,36856,209,209,37998,1,2,400,0,0,0,16,338,36856
200810,220,11460, ,Ann Arbor  MI ,15,15,2511,0,0,0,0,0,0,1,5,302,5,5,1078,0,0,0,0,0,0,0,0,0
200810,220,19820,C,Detroit-Warren-Livonia  MI ,187,187,42114,4,8,753,2,7,646,1,5,633,161,161,37050,4,8,753,2,7,646,0,0,0
200810,220,22420, ,Flint  MI ,12,12,2152,0,0,0,0,0,0,0,0,0,10,10,1785,0,0,0,0,0,0,0,0,0
200810,220,33780, ,Monroe  MI ,7,7,1049,0,0,0,0,0,0,0,0,0,5,5,726,0,0,0,0,0,0,0,0,0
200810,222,20020, ,Dothan  AL ,22,22,2563,0,0,0,0,0,0,0,0,0,22,22,2563,0,0,0,0,0,0,0,0,0
200810,232,20740, ,Eau Claire  WI ,44,44,6897,0,0,0,0,0,0,4,45,4013,44,44,6897,0,0,0,0,0,0,4,45,4013
200810,244,22020, ,Fargo  ND-MN ,75,75,13375,0,0,0,0,0,0,1,30,1700,75,75,13375,0,0,0,0,0,0,1,30,1700
200810,252,22540, ,Fond du Lac  WI ,2,2,453,1,2,258,0,0,0,1,30,4876,0,0,0,1,2,258,0,0,0,1,30,4876
200810,258,23060,C,Fort Wayne  IN ,61,61,11505,1,2,280,0,0,0,1,12,430,61,61,11505,1,2,280,0,0,0,1,12,430
200810,260,23420, ,Fresno  CA ,131,131,22112,0,0,0,0,0,0,3,16,1616,122,122,20583,0,0,0,0,0,0,3,16,1616
200810,260,31460, ,Madera  CA ,25,25,3584,0,0,0,0,0,0,0,0,0,25,25,3584,0,0,0,0,0,0,0,0,0
200810,266,24340,C,Grand Rapids-Wyoming  MI ,96,96,14205,0,0,0,0,0,0,0,0,0,68,68,10643,0,0,0,0,0,0,0,0,0
200810,266,26100, ,Holland-Grand Haven  MI ,62,62,9146,0,0,0,0,0,30,0,0,0,55,55,7985,0,0,0,0,0,30,0,0,0
200810,266,34740, ,Muskegon-Norton Shores  MI ,13,13,2544,0,0,0,0,0,0,1,5,625,11,11,2284,0,0,0,0,0,0,0,0,0
200810,268,15500, ,Burlington  NC ,40,40,7210,0,0,0,0,0,0,0,0,0,40,40,7210,0,0,0,0,0,0,0,0,0
200810,268,24660,C,Greensboro-High Point  NC ,131,131,23687,0,0,0,0,0,0,11,187,11120,82,82,13159,0,0,0,0,0,0,9,174,9948
200810,268,49180, ,Winston-Salem  NC ,64,64,10729,0,0,0,0,0,0,2,86,7043,54,54,9020,0,0,0,0,0,0,2,86,7043
200810,273,11340, ,Anderson  SC ,24,24,6148,0,0,0,0,0,0,0,0,0,24,24,6148,0,0,0,0,0,0,0,0,0
200810,273,24860,C,Greenville  SC ,139,139,17271,0,0,0,0,0,0,1,5,683,122,122,12537,0,0,0,0,0,0,0,0,0
200810,273,43900, ,Spartanburg  SC ,55,55,5686,0,0,0,0,0,0,0,0,0,55,55,5686,0,0,0,0,0,0,0,0,0
200810,274,25060, ,Gulfport-Biloxi  MS ,95,95,11017,39,78,4476,5,20,4747,4,23,1306,95,95,11017,39,78,4476,5,20,4747,4,23,1306
200810,274,37700, ,Pascagoula  MS ,40,40,5927,0,0,0,0,0,0,0,0,0,40,40,5927,0,0,0,0,0,0,0,0,0
200810,276,25420, ,Harrisburg-Carlisle  PA ,66,66,12745,1,2,250,0,0,0,0,0,0,65,65,12581,1,2,250,0,0,0,0,0,0
200810,276,30140, ,Lebanon  PA ,13,13,1833,0,0,0,0,0,0,0,0,0,11,11,1508,0,0,0,0,0,0,0,0,0
200810,278,25540, ,Hartford-West Hartford-East Hartford  CT ,83,83,13939,14,28,2565,0,0,0,2,11,670,60,60,10153,14,28,2565,0,0,0,0,0,0
200810,288,26420,C,Houston-Sugar Land-Baytown  TX ,1808,1808,224844,10,20,2138,1,3,381,50,1143,110407,1068,1068,200936,8,16,1913,0,0,0,30,772,86380
200810,290,19460, ,Decatur  AL ,7,7,1198,0,0,0,0,0,0,0,0,0,7,7,1198,0,0,0,0,0,0,0,0,0
200810,290,26620, ,Huntsville  AL ,172,172,17881,0,0,0,0,0,0,11,267,15215,172,172,17881,0,0,0,0,0,0,11,267,15215
200810,292,26820, ,Idaho Falls  ID ,31,31,3238,0,0,0,0,0,0,0,0,0,31,31,3238,0,0,0,0,0,0,0,0,0
200810,294,11300, ,Anderson  IN ,6,6,1264,0,0,0,0,0,0,0,0,0,3,3,675,0,0,0,0,0,0,0,0,0
200810,294,18020, ,Columbus  IN ,13,13,2851,0,0,0,0,0,0,0,0,0,0,0,0,0,0,0,0,0,0,0,0,0
200810,294,26900,C,Indianapolis-Carmel  IN ,305,305,60879,0,0,0,1,4,378,5,178,39000,291,291,58746,0,0,0,1,4,378,5,178,39000
200810,296,27060, ,Ithaca  NY ,5,5,1122,0,0,0,0,0,0,0,0,0,4,4,845,0,0,0,0,0,0,0,0,0
200810,297,27180, ,Jackson  TN ,17,17,2829,0,0,0,2,8,440,0,0,0,17,17,2829,0,0,0,2,8,440,0,0,0
200810,298,27140, ,Jackson  MS ,97,97,16634,0,0,0,0,0,0,0,0,0,89,89,15766,0,0,0,0,0,0,0,0,0
200810,304,27740, ,Johnson City  TN ,25,25,3215,0,0,0,0,0,0,0,0,0,7,7,1272,0,0,0,0,0,0,0,0,0
200810,304,28700, ,Kingsport-Bristol-Bristol  TN-VA ,30,30,4513,1,2,103,0,0,0,0,0,0,18,18,2791,1,2,103,0,0,0,0,0,0
200810,308,27860, ,Jonesboro  AR ,50,50,5274,0,0,0,0,0,0,0,0,0,49,49,5124,0,0,0,0,0,0,0,0,0
200810,312,28140,C,Kansas City  MO-KS ,176,176,42234,3,6,588,30,118,7797,2,13,1100,145,145,36831,3,6,588,28,112,7310,1,6,615
200810,314,28940, ,Knoxville  TN ,121,121,15832,0,0,0,0,0,0,3,38,2283,27,27,5174,0,0,0,0,0,0,0,0,0
200810,316,29020, ,Kokomo  IN ,4,4,510,0,0,0,0,0,0,0,0,0,4,4,510,0,0,0,0,0,0,0,0,0
200810,318,29180, ,Lafayette  LA ,50,50,7219,0,0,0,0,0,0,1,11,537,22,22,3548,0,0,0,0,0,0,0,0,0
200810,320,29140, ,Lafayette  IN ,39,39,6323,0,0,0,0,0,0,4,32,1928,21,21,2855,0,0,0,0,0,0,3,18,756
200810,324,29340, ,Lake Charles  LA ,18,18,2705,2,4,251,0,0,0,1,22,1653,0,0,0,0,0,0,0,0,0,0,0,0
200810,330,29620, ,Lansing-East Lansing  MI ,14,14,2924,0,0,0,0,0,0,0,0,0,7,7,1474,0,0,0,0,0,0,0,0,0
200810,332,29820,C,Las Vegas-Paradise  NV ,332,332,46647,0,0,0,1,4,335,12,576,34171,332,332,46647,0,0,0,1,4,335,12,576,34171
200810,336,30460, ,Lexington-Fayette  KY ,69,69,11322,2,4,340,23,92,9874,5,140,6429,64,64,10468,2,4,340,23,92,9874,5,140,6429
200810,338,30620, ,Lima  OH ,0,0,0,0,0,0,0,0,0,0,0,0,0,0,0,0,0,0,0,0,0,0,0,0
200810,340,30780, ,Little Rock-North Little Rock  AR ,135,135,25088,1,2,75,0,0,0,0,0,0,122,122,23312,1,2,75,0,0,0,0,0,0
200810,340,38220, ,Pine Bluff  AR ,5,5,779,0,0,0,0,0,0,2,24,320,5,5,779,0,0,0,0,0,0,2,24,320
200810,346,30980, ,Longview  TX ,9,9,1628,0,0,0,0,0,0,1,5,230,0,0,0,0,0,0,0,0,0,0,0,0
200810,348,31100,C,Los Angeles-Long Beach-Santa Ana  CA ,267,267,93552,22,44,6481,5,15,2370,28,759,88711,237,237,83397,20,40,5827,1,3,467,22,726,86481
200810,348,37100, ,Oxnard-Thousand Oaks-Ventura  CA ,20,20,8257,0,0,0,0,0,0,1,17,1594,13,13,6657,0,0,0,0,0,0,0,0,0
200810,348,40140,C,Riverside-San Bernardino-Ontario  CA ,487,487,142907,0,0,0,7,21,4039,4,31,2222,447,447,134714,0,0,0,7,21,4039,0,0,0
200810,350,21060, ,Elizabethtown  KY ,14,14,1985,0,0,0,0,0,0,0,0,0,14,14,1985,0,0,0,0,0,0,0,0,0
200810,350,31140,C,Louisville-Jefferson County  KY-IN ,174,174,27294,0,0,0,1,4,200,6,62,5021,156,156,23010,0,0,0,1,4,200,6,62,5021
200810,352,31180, ,Lubbock  TX ,41,41,7557,0,0,0,0,0,0,0,0,0,41,41,7557,0,0,0,0,0,0,0,0,0
200810,356,31420, ,Macon  GA ,9,9,1537,4,8,460,0,0,0,0,0,0,9,9,1537,4,8,460,0,0,0,0,0,0
200810,356,47580, ,Warner Robins  GA ,39,39,5489,0,0,0,0,0,0,0,0,0,39,39,5489,0,0,0,0,0,0,0,0,0
200810,358,31540,C,Madison  WI ,66,66,15692,5,10,1009,1,3,248,1,5,323,58,58,14223,4,8,820,0,0,0,0,0,0
200810,360,31900, ,Mansfield  OH ,5,5,1217,1,2,140,0,0,0,0,0,0,5,5,1217,1,2,140,0,0,0,0,0,0
200810,372,33260,C,Midland  TX ,32,32,3643,0,0,0,0,0,0,0,0,0,32,32,3643,0,0,0,0,0,0,0,0,0
200810,372,36220,C,Odessa  TX ,15,15,2938,0,0,0,0,0,0,0,0,0,15,15,2938,0,0,0,0,0,0,0,0,0
200810,376,33340,C,Milwaukee-Waukesha-West Allis  WI ,107,107,31261,4,8,1114,1,4,400,1,5,408,90,90,26524,3,6,890,1,4,400,0,0,0
200810,376,39540, ,Racine  WI ,21,21,5435,0,0,0,0,0,0,0,0,0,21,21,5435,0,0,0,0,0,0,0,0,0
200810,378,33460,C,Minneapolis-St. Paul-Bloomington  MN-WI ,445,445,100451,1,2,198,4,13,1455,4,102,13864,407,407,90917,1,2,198,4,13,1455,3,97,13127
200810,378,41060, ,St. Cloud  MN ,25,25,4577,0,0,0,0,0,0,1,7,441,20,20,4000,0,0,0,0,0,0,0,0,0
200810,380,33660, ,Mobile  AL ,56,56,10673,0,0,0,0,0,0,12,228,18931,52,52,9959,0,0,0,0,0,0,12,228,18931
200810,384,33740, ,Monroe  LA ,15,15,2223,0,0,0,0,0,0,1,5,383,0,0,0,0,0,0,0,0,0,0,0,0
200810,388,33860, ,Montgomery  AL ,18,18,3073,0,0,0,0,0,0,0,0,0,14,14,2300,0,0,0,0,0,0,0,0,0
200810,392,34100, ,Morristown  TN ,24,24,4098,2,4,220,0,0,0,0,0,0,20,20,3570,2,4,220,0,0,0,0,0,0
200810,396,34820, ,Myrtle Beach-North Myrtle Beach-Conway  SC ,101,101,15251,0,0,0,0,0,0,1,21,4680,93,93,13163,0,0,0,0,0,0,0,0,0
200810,400,34980,C,Nashville-Davidson--Murfreesboro  TN ,323,323,62451,0,0,0,0,0,0,6,135,7023,250,250,49777,0,0,0,0,0,0,5,130,5715
200810,406,35380,C,New Orleans-Metairie-Kenner  LA ,163,163,26950,14,28,1640,0,0,0,1,98,8200,152,152,24824,14,28,1640,0,0,0,1,98,8200
200810,408,14860, ,Bridgeport-Stamford-Norwalk  CT ,48,48,24044,1,2,151,0,0,0,3,148,17480,36,36,13959,0,0,0,0,0,0,2,143,16886
200810,408,28740, ,Kingston  NY ,16,16,2861,0,0,0,0,0,0,0,0,0,16,16,2861,0,0,0,0,0,0,0,0,0
200810,408,35300, ,New Haven-Milford  CT ,37,37,7694,0,0,0,0,0,0,3,38,4226,35,35,7364,0,0,0,0,0,0,2,29,3672
200810,408,35620,C,New York-Northern New Jersey-Long Island  NY-NJ-PA ,707,707,190664,74,148,15569,33,105,14343,54,885,78666,496,496,138649,68,136,14759,30,96,12806,34,740,65678
200810,408,39100, ,Poughkeepsie-Newburgh-Middletown  NY ,37,37,7866,0,0,0,0,0,0,3,51,2825,26,26,6270,0,0,0,0,0,0,1,41,2000
200810,408,45940,C,Trenton-Ewing  NJ ,30,30,4756,0,0,0,0,0,0,2,33,3169,14,14,2141,0,0,0,0,0,0,1,25,2392
200810,416,36420,C,Oklahoma City  OK ,250,250,42584,2,4,317,2,6,563,1,15,844,144,144,26864,0,0,0,2,6,563,0,0,0
200810,420,36540,C,Omaha-Council Bluffs  NE-IA ,273,273,39354,1,2,215,0,0,0,2,45,18775,270,270,38805,1,2,215,0,0,0,2,45,18775
200810,422,19660,C,Deltona-Daytona Beach-Ormond Beach  FL ,76,76,18773,0,0,0,0,0,0,1,13,1273,47,47,12361,0,0,0,0,0,0,0,0,0
200810,422,36740,C,Orlando-Kissimmee  FL ,362,362,83011,1,2,30,1,4,869,4,67,7330,352,352,80586,1,2,30,1,4,869,3,56,6550
200810,422,37380, ,Palm Coast  FL ,18,18,4742,0,0,0,0,0,0,0,0,0,18,18,4742,0,0,0,0,0,0,0,0,0
200810,426,37900, ,Peoria  IL ,29,29,6223,0,0,0,0,0,0,0,0,0,29,29,6223,0,0,0,0,0,0,0,0,0
200810,428,37980,C,Philadelphia-Camden-Wilmington  PA-NJ-DE-MD ,522,522,84962,6,12,850,2,6,668,16,361,33174,403,403,67028,6,12,850,1,3,305,6,309,29399
200810,428,47220,C,Vineland-Millville-Bridgeton  NJ ,25,25,3045,0,0,0,0,0,0,0,0,0,1,1,71,0,0,0,0,0,0,0,0,0
200810,430,38300,C,Pittsburgh  PA ,254,254,51725,4,8,1160,1,4,520,0,0,0,206,206,43160,4,8,1160,1,4,520,0,0,0
200810,438,30340, ,Lewiston-Auburn  ME ,10,10,1537,0,0,0,0,0,0,1,6,586,6,6,963,0,0,0,0,0,0,1,6,586
200810,438,38860, ,Portland-South Portland-Biddeford  ME ,65,65,12624,1,2,400,3,10,921,0,0,0,44,44,8450,1,2,400,2,7,660,0,0,0
200810,442,38940,C,Port St. Lucie  FL ,44,44,9010,0,0,0,0,0,0,0,0,0,43,43,7598,0,0,0,0,0,0,0,0,0
200810,442,42680,C,Sebastian-Vero Beach  FL ,30,30,11657,0,0,0,0,0,0,0,0,0,30,30,11657,0,0,0,0,0,0,0,0,0
200810,450,20500,C,Durham  NC ,109,109,32285,2,4,343,1,4,343,1,10,681,46,46,20534,0,0,0,0,0,0,0,0,0
200810,450,39580,C,Raleigh-Cary  NC ,338,338,70444,0,0,0,0,0,0,15,310,26526,338,338,70444,0,0,0,0,0,0,15,310,26526
200810,456,39900,C,Reno-Sparks  NV ,79,79,17889,0,0,0,0,0,0,0,0,0,78,78,17702,0,0,0,0,0,0,0,0,0
200810,464,40380, ,Rochester  NY ,59,59,12358,2,4,290,1,3,240,1,5,177,48,48,10346,2,4,290,0,0,0,0,0,0
200810,466,40420, ,Rockford  IL ,32,32,4327,3,6,814,5,20,712,0,0,0,26,26,3195,3,6,814,5,20,712,0,0,0
200810,472,40900,C,Sacramento--Arden-Arcade--Roseville  CA ,288,288,62040,0,0,0,0,0,0,2,16,244,286,286,61576,0,0,0,0,0,0,2,16,244
200810,472,49700, ,Yuba City  CA ,20,20,3246,0,0,0,0,0,0,0,0,0,20,20,3246,0,0,0,0,0,0,0,0,0
200810,474,13020, ,Bay City  MI ,1,1,142,0,0,0,0,0,0,0,0,0,1,1,142,0,0,0,0,0,0,0,0,0
200810,474,40980, ,Saginaw-Saginaw Township North  MI ,7,7,1469,0,0,0,0,0,0,0,0,0,7,7,1469,0,0,0,0,0,0,0,0,0
200810,476,41180,C,St. Louis  MO-IL ,359,359,72207,3,6,439,9,33,2356,3,40,2200,299,299,57058,3,6,439,9,33,2356,3,40,2200
200810,480,41540, ,Salisbury  MD ,7,7,1593,0,0,0,0,0,0,1,9,1228,5,5,1377,0,0,0,0,0,0,0,0,0
200810,482,36260, ,Ogden-Clearfield  UT ,103,103,20076,0,0,0,0,0,0,0,0,0,95,95,18757,0,0,0,0,0,0,0,0,0
200810,482,41620,C,Salt Lake City  UT ,133,133,25929,1,2,198,1,3,124,15,334,35116,96,96,17654,0,0,0,0,0,0,11,276,28099
200810,488,34900, ,Napa  CA ,19,19,7366,0,0,0,0,0,0,0,0,0,19,19,7366,0,0,0,0,0,0,0,0,0
200810,488,41860,C,San Francisco-Oakland-Fremont  CA ,229,229,84573,4,8,2700,0,0,0,5,34,5149,208,208,77116,4,8,2700,0,0,0,2,11,2454
200810,488,41940,C,San Jose-Sunnyvale-Santa Clara  CA ,84,84,27805,0,0,0,3,11,1441,9,109,19691,83,83,27569,0,0,0,3,11,1441,9,109,19691
200810,488,42100, ,Santa Cruz-Watsonville  CA ,12,12,2736,0,0,0,0,0,0,0,0,0,12,12,2736,0,0,0,0,0,0,0,0,0
200810,488,42220, ,Santa Rosa-Petaluma  CA ,29,29,8012,0,0,0,0,0,0,0,0,0,29,29,8012,0,0,0,0,0,0,0,0,0
200810,488,46700, ,Vallejo-Fairfield  CA ,34,34,8077,0,0,0,0,0,0,0,0,0,32,32,7443,0,0,0,0,0,0,0,0,0
200810,492,42140,C,Santa Fe  NM ,9,9,1200,0,0,0,0,0,0,0,0,0,0,0,0,0,0,0,0,0,0,0,0,0
200810,494,14600,C,Bradenton-Sarasota-Venice  FL ,84,84,20368,0,0,0,1,4,309,1,5,1039,84,84,20368,0,0,0,1,4,309,0,0,0
200810,494,39460,C,Punta Gorda  FL ,29,29,6685,0,0,0,1,4,411,1,5,1345,27,27,5882,0,0,0,0,0,0,0,0,0
200810,496,25980, ,Hinesville-Fort Stewart  GA ,4,4,801,0,0,0,0,0,0,0,0,0,4,4,801,0,0,0,0,0,0,0,0,0
200810,496,42340, ,Savannah  GA ,99,99,17180,0,0,0,0,0,0,0,0,0,83,83,13643,0,0,0,0,0,0,0,0,0
200810,500,14740, ,Bremerton-Silverdale  WA ,46,46,9492,0,0,0,0,0,0,0,0,0,46,46,9492,0,0,0,0,0,0,0,0,0
200810,500,34580, ,Mount Vernon-Anacortes  WA ,13,13,2585,0,0,0,0,0,0,0,0,0,11,11,2086,0,0,0,0,0,0,0,0,0
200810,500,36500, ,Olympia  WA ,57,57,11253,1,2,250,0,0,0,3,29,1792,57,57,11253,1,2,250,0,0,0,3,29,1792
200810,500,42660,C,Seattle-Tacoma-Bellevue  WA ,410,410,87572,54,108,12280,19,58,7441,12,525,60477,366,366,77886,52,104,12096,18,55,7183,6,477,55916
200810,508,43340, ,Shreveport-Bossier City  LA ,62,62,14754,0,0,0,0,0,0,0,0,0,62,62,14754,0,0,0,0,0,0,0,0,0
200810,512,43580, ,Sioux City  IA-NE-SD ,10,10,2055,0,0,0,0,0,0,0,0,0,8,8,1696,0,0,0,0,0,0,0,0,0
200810,515,21140, ,Elkhart-Goshen  IN ,35,35,5147,0,0,0,1,3,188,0,0,0,35,35,5147,0,0,0,0,0,0,0,0,0
200810,515,43780, ,South Bend-Mishawaka  IN-MI ,21,21,3640,0,0,0,0,0,0,0,0,0,18,18,3216,0,0,0,0,0,0,0,0,0
200810,532,45060, ,Syracuse  NY ,38,38,6426,0,0,0,0,0,0,1,24,1599,34,34,5572,0,0,0,0,0,0,1,24,1599
200810,534,45780, ,Toledo  OH ,27,27,5201,0,0,0,0,0,0,13,294,17241,17,17,3094,0,0,0,0,0,0,12,288,16766
200810,538,46140,C,Tulsa  OK ,189,189,34275,0,0,0,1,4,420,0,0,0,188,188,34165,0,0,0,1,4,420,0,0,0
200810,540,46340, ,Tyler  TX ,10,10,1868,0,0,0,0,0,0,1,5,231,0,0,0,0,0,0,0,0,0,0,0,0
200810,548,12580,C,Baltimore-Towson  MD ,223,223,41576,0,0,0,0,0,0,2,45,963,214,214,39953,0,0,0,0,0,0,1,40,500
200810,548,47900,C,Washington-Arlington-Alexandria  DC-VA-MD-WV ,972,972,122050,1,2,172,0,0,0,14,288,18721,953,953,118410,1,2,172,0,0,0,10,243,15806
200810,548,49020, ,Winchester  VA-WV ,26,26,4900,0,0,0,0,0,0,0,0,0,26,26,4900,0,0,0,0,0,0,0,0,0
200810,554,48140, ,Wausau  WI ,12,12,2448,1,2,250,0,0,0,0,0,0,9,9,1870,1,2,250,0,0,0,0,0,0
200810,556,48620, ,Wichita  KS ,134,134,18892,3,6,419,0,0,0,0,0,0,130,130,18347,2,4,259,0,0,0,0,0,0
200810,558,48700, ,Williamsport  PA ,3,3,490,0,0,0,0,0,0,0,0,0,2,2,383,0,0,0,0,0,0,0,0,0
200810,564,49620, ,York-Hanover  PA ,59,59,10009,0,0,0,0,0,0,1,5,574,42,42,7136,0,0,0,0,0,0,0,0,0
200810,566,49660, ,Youngstown-Warren-Boardman  OH-PA ,25,25,5419,0,0,0,4,16,1000,4,24,1800,23,23,5069,0,0,0,4,16,1000,4,24,1800
200810,999,10180, ,Abilene  TX ,8,8,1397,0,0,0,0,0,0,0,0,0,8,8,1397,0,0,0,0,0,0,0,0,0
200810,999,10500, ,Albany  GA ,14,14,1741,1,2,150,0,0,0,0,0,0,2,2,376,0,0,0,0,0,0,0,0,0
200810,999,10740,C,Albuquerque  NM ,136,136,24733,0,0,0,1,3,422,2,36,2760,61,61,11100,0,0,0,0,0,0,0,0,0
200810,999,10780, ,Alexandria  LA ,26,26,3334,0,0,0,0,0,0,0,0,0,10,10,1504,0,0,0,0,0,0,0,0,0
200810,999,10900,C,Allentown-Bethlehem-Easton  PA-NJ ,131,131,21365,0,0,0,0,0,0,2,40,2700,90,90,14383,0,0,0,0,0,0,2,40,2700
200810,999,11020, ,Altoona  PA ,1,1,61,0,0,0,0,0,0,0,0,0,0,0,0,0,0,0,0,0,0,0,0,0
200810,999,11100, ,Amarillo  TX ,24,24,5617,0,0,0,0,0,0,0,0,0,24,24,5617,0,0,0,0,0,0,0,0,0
200810,999,11260,C,Anchorage  AK ,12,12,3531,2,4,615,1,3,594,0,0,0,11,11,3421,2,4,615,1,3,594,0,0,0
200810,999,11500, ,Anniston-Oxford  AL ,4,4,514,0,0,0,0,0,0,0,0,0,4,4,514,0,0,0,0,0,0,0,0,0
200810,999,12020, ,Athens-Clarke County  GA ,22,22,3205,0,0,0,1,3,274,1,26,1403,4,4,945,0,0,0,0,0,0,0,0,0
200810,999,12100,C,Atlantic City-Hammonton  NJ ,56,56,12164,0,0,0,1,4,109,0,0,0,44,44,10388,0,0,0,1,4,109,0,0,0
200810,999,12260, ,Augusta-Richmond County  GA-SC ,83,83,14687,0,0,0,0,0,0,0,0,0,76,76,13903,0,0,0,0,0,0,0,0,0
200810,999,12420,C,Austin-Round Rock  TX ,508,508,95984,8,16,2212,0,0,0,3,291,22547,466,466,89955,8,16,2212,0,0,0,2,268,21168
200810,999,12540, ,Bakersfield  CA ,99,99,14135,3,6,476,2,8,719,11,85,4867,39,39,5229,0,0,0,1,4,406,10,80,4562
200810,999,12620, ,Bangor  ME ,8,8,1366,2,4,700,0,0,0,0,0,0,3,3,449,2,4,700,0,0,0,0,0,0
200810,999,12700, ,Barnstable Town  MA ,30,30,12623,1,2,400,0,0,0,0,0,0,14,14,7975,1,2,400,0,0,0,0,0,0
200810,999,12980, ,Battle Creek  MI ,2,2,378,0,0,0,0,0,0,1,9,504,0,0,0,0,0,0,0,0,0,0,0,0
200810,999,13140, ,Beaumont-Port Arthur  TX ,32,32,4399,0,0,0,0,0,0,24,272,15000,32,32,4399,0,0,0,0,0,0,24,272,15000
200810,999,13380, ,Bellingham  WA ,23,23,4582,1,2,324,1,3,370,1,10,1039,17,17,3472,0,0,0,0,0,0,0,0,0
200810,999,13740, ,Billings  MT ,20,20,3257,0,0,0,0,0,0,0,0,0,20,20,3257,0,0,0,0,0,0,0,0,0
200810,999,13780, ,Binghamton  NY ,2,2,440,0,0,0,0,0,0,0,0,0,2,2,440,0,0,0,0,0,0,0,0,0
200810,999,13900, ,Bismarck  ND ,54,54,9360,0,0,0,0,0,0,0,0,0,54,54,9360,0,0,0,0,0,0,0,0,0
200810,999,14020, ,Bloomington  IN ,13,13,2095,2,4,393,0,0,0,1,40,2818,13,13,2095,2,4,393,0,0,0,1,40,2818
200810,999,14060, ,Bloomington-Normal  IL ,15,15,1999,0,0,0,0,0,0,1,6,211,5,5,481,0,0,0,0,0,0,0,0,0
200810,999,14260,C,Boise City-Nampa  ID ,119,119,23093,1,2,320,0,0,0,0,0,0,117,117,22813,1,2,320,0,0,0,0,0,0
200810,999,14540, ,Bowling Green  KY ,19,19,1991,0,0,0,0,0,0,0,0,0,19,19,1991,0,0,0,0,0,0,0,0,0
200810,999,15260, ,Brunswick  GA ,25,25,6621,0,0,0,0,0,0,0,0,0,0,0,0,0,0,0,0,0,0,0,0,0
200810,999,15540, ,Burlington-South Burlington  VT ,11,11,2180,0,0,0,0,0,0,0,0,0,4,4,757,0,0,0,0,0,0,0,0,0
200810,999,15940, ,Canton-Massillon  OH ,35,35,6488,0,0,0,1,4,350,0,0,0,31,31,6053,0,0,0,1,4,350,0,0,0
200810,999,15980,C,Cape Coral-Fort Myers  FL ,90,90,28416,0,0,0,0,0,0,3,53,2607,90,90,28416,0,0,0,0,0,0,3,53,2607
200810,999,16180,C,Carson City  NV ,1,1,422,0,0,0,0,0,0,0,0,0,1,1,422,0,0,0,0,0,0,0,0,0
200810,999,16220, ,Casper  WY ,37,37,3028,0,0,0,0,0,0,0,0,0,37,37,3028,0,0,0,0,0,0,0,0,0
200810,999,16300, ,Cedar Rapids  IA ,75,75,7976,2,4,437,4,16,985,3,36,1587,74,74,7845,2,4,437,4,16,985,3,36,1587
200810,999,16580, ,Champaign-Urbana  IL ,13,13,2565,0,0,0,0,0,0,9,147,14946,13,13,2565,0,0,0,0,0,0,9,147,14946
200810,999,16620, ,Charleston  WV ,11,11,2375,0,0,0,6,24,1700,0,0,0,4,4,1267,0,0,0,6,24,1700,0,0,0
200810,999,16700,C,Charleston-North Charleston-Summerville  SC ,215,215,46646,0,0,0,0,0,0,12,226,11742,154,154,31520,0,0,0,0,0,0,10,208,9033
200810,999,16820, ,Charlottesville  VA ,37,37,10026,0,0,0,0,0,0,1,5,657,18,18,3654,0,0,0,0,0,0,0,0,0
200810,999,16940, ,Cheyenne  WY ,5,5,796,0,0,0,0,0,0,0,0,0,5,5,796,0,0,0,0,0,0,0,0,0
200810,999,17020, ,Chico  CA ,34,34,3689,0,0,0,2,8,699,1,5,437,34,34,3689,0,0,0,2,8,699,1,5,437
200810,999,17300, ,Clarksville  TN-KY ,67,67,8235,0,0,0,0,0,0,1,8,380,52,52,5903,0,0,0,0,0,0,1,8,380
200810,999,17660, ,Coeur dAlene  ID ,47,47,12135,0,0,0,2,8,798,1,19,2464,38,38,10573,0,0,0,2,8,798,0,0,0
200810,999,17780, ,College Station-Bryan  TX ,31,31,5108,0,0,0,0,0,0,17,152,13348,31,31,5108,0,0,0,0,0,0,17,152,13348
200810,999,17820,C,Colorado Springs  CO ,92,92,32055,0,0,0,0,0,0,2,13,1196,92,92,32055,0,0,0,0,0,0,2,13,1196
200810,999,17860, ,Columbia  MO ,39,39,6899,1,2,100,0,0,0,0,0,0,39,39,6899,1,2,100,0,0,0,0,0,0
200810,999,19060, ,Cumberland  MD-WV ,6,6,1115,0,0,0,0,0,0,0,0,0,6,6,1115,0,0,0,0,0,0,0,0,0
200810,999,19140, ,Dalton  GA ,17,17,2184,1,2,97,1,3,172,1,5,247,4,4,710,0,0,0,0,0,0,0,0,0
200810,999,19180, ,Danville  IL ,0,0,0,0,0,0,0,0,0,0,0,0,0,0,0,0,0,0,0,0,0,0,0,0
200810,999,19260, ,Danville  VA ,6,6,745,0,0,0,0,0,0,0,0,0,0,0,0,0,0,0,0,0,0,0,0,0
200810,999,19340, ,Davenport-Moline-Rock Island  IA-IL ,22,22,4393,0,0,0,0,0,0,0,0,0,18,18,3712,0,0,0,0,0,0,0,0,0
200810,999,19500, ,Decatur  IL ,1,1,150,0,0,0,0,0,0,0,0,0,1,1,150,0,0,0,0,0,0,0,0,0
200810,999,20100,C,Dover  DE ,47,47,5591,0,0,0,0,0,0,0,0,0,46,46,5483,0,0,0,0,0,0,0,0,0
200810,999,20220, ,Dubuque  IA ,12,12,2471,0,0,0,0,0,0,0,0,0,12,12,2471,0,0,0,0,0,0,0,0,0
200810,999,20260, ,Duluth  MN-WI ,39,39,5774,0,0,0,1,3,299,1,5,576,18,18,2924,0,0,0,0,0,0,0,0,0
200810,999,20940, ,El Centro  CA ,2,2,202,0,0,0,0,0,0,0,0,0,2,2,202,0,0,0,0,0,0,0,0,0
200810,999,21300, ,Elmira  NY ,1,1,116,0,0,0,0,0,0,0,0,0,0,0,0,0,0,0,0,0,0,0,0,0
200810,999,21340, ,El Paso  TX ,367,367,39255,0,0,0,0,0,0,0,0,0,367,367,39255,0,0,0,0,0,0,0,0,0
200810,999,21500, ,Erie  PA ,10,10,1852,0,0,0,0,0,0,0,0,0,10,10,1852,0,0,0,0,0,0,0,0,0
200810,999,21660, ,Eugene-Springfield  OR ,34,34,6277,0,0,0,0,0,0,1,7,958,34,34,6277,0,0,0,0,0,0,1,7,958
200810,999,21780, ,Evansville  IN-KY ,38,38,5544,1,2,270,1,3,56,2,11,2215,19,19,3097,0,0,0,0,0,0,0,0,0
200810,999,21820,C,Fairbanks  AK ,2,2,331,0,0,0,0,0,0,0,0,0,0,0,0,0,0,0,0,0,0,0,0,0
200810,999,22140,C,Farmington  NM ,30,30,5761,0,0,0,1,4,689,0,0,0,30,30,5761,0,0,0,1,4,689,0,0,0
200810,999,22180, ,Fayetteville  NC ,72,72,11535,0,0,0,0,0,0,5,84,5514,72,72,11535,0,0,0,0,0,0,5,84,5514
200810,999,22220, ,Fayetteville-Springdale-Rogers  AR-MO ,72,72,13299,4,8,828,0,0,0,22,388,35317,42,42,7944,1,2,130,0,0,0,20,364,33913
200810,999,22380, ,Flagstaff  AZ ,15,15,4234,0,0,0,0,0,0,0,0,0,15,15,4234,0,0,0,0,0,0,0,0,0
200810,999,22500, ,Florence  SC ,29,29,3943,0,0,0,0,0,0,1,12,720,0,0,0,0,0,0,0,0,0,0,0,0
200810,999,22520, ,Florence-Muscle Shoals  AL ,11,11,1620,0,0,0,0,0,0,2,13,665,5,5,908,0,0,0,0,0,0,1,8,282
200810,999,22660,C,Fort Collins-Loveland  CO ,55,55,11444,0,0,0,1,4,426,0,0,0,55,55,11444,0,0,0,1,4,426,0,0,0
200810,999,22900, ,Fort Smith  AR-OK ,22,22,3376,0,0,0,0,0,0,0,0,0,17,17,2640,0,0,0,0,0,0,0,0,0
200810,999,23020, ,Fort Walton Beach-Crestview-Destin  FL ,20,20,4250,0,0,0,0,0,0,1,7,576,5,5,1264,0,0,0,0,0,0,0,0,0
200810,999,23460, ,Gadsden  AL ,6,6,948,0,0,0,0,0,0,0,0,0,3,3,595,0,0,0,0,0,0,0,0,0
200810,999,23540, ,Gainesville  FL ,20,20,2363,0,0,0,0,0,0,1,24,1461,13,13,1641,0,0,0,0,0,0,0,0,0
200810,999,24140, ,Goldsboro  NC ,20,20,3045,0,0,0,0,0,0,0,0,0,20,20,3045,0,0,0,0,0,0,0,0,0
200810,999,24220, ,Grand Forks  ND-MN ,10,10,2483,1,2,178,0,0,0,1,77,5705,10,10,2483,1,2,178,0,0,0,1,77,5705
200810,999,24300,C,Grand Junction  CO ,77,77,13460,0,0,0,0,0,0,0,0,0,77,77,13460,0,0,0,0,0,0,0,0,0
200810,999,24500, ,Great Falls  MT ,7,7,927,0,0,0,0,0,0,0,0,0,7,7,927,0,0,0,0,0,0,0,0,0
200810,999,24540,C,Greeley  CO ,89,89,16404,0,0,0,1,3,193,1,11,318,71,71,11460,0,0,0,0,0,0,0,0,0
200810,999,24580, ,Green Bay  WI ,24,24,5036,0,0,0,0,0,0,1,10,405,16,16,3507,0,0,0,0,0,0,0,0,0
200810,999,24780, ,Greenville  NC ,23,23,3848,1,2,172,0,0,0,0,0,0,23,23,3848,1,2,172,0,0,0,0,0,0
200810,999,25180, ,Hagerstown-Martinsburg  MD-WV ,88,88,15078,2,4,624,0,0,0,0,0,0,88,88,15078,2,4,624,0,0,0,0,0,0
200810,999,25260, ,Hanford-Corcoran  CA ,6,6,798,0,0,0,18,72,4565,0,0,0,6,6,798,0,0,0,18,72,4565,0,0,0
200810,999,25500,C,Harrisonburg  VA ,33,33,4656,0,0,0,0,0,0,0,0,0,12,12,756,0,0,0,0,0,0,0,0,0
200810,999,25620, ,Hattiesburg  MS ,0,0,0,0,0,0,0,0,0,8,48,2393,0,0,0,0,0,0,0,0,0,8,48,2393
200810,999,25860, ,Hickory-Lenoir-Morganton  NC ,68,68,13112,0,0,0,0,0,0,0,0,0,68,68,13112,0,0,0,0,0,0,0,0,0
200810,999,26180,C,Honolulu  HI ,37,37,10450,0,0,0,1,4,452,2,97,12985,0,0,0,0,0,0,0,0,0,0,0,0
200810,999,26300, ,Hot Springs  AR ,3,3,328,0,0,0,0,0,0,0,0,0,0,0,0,0,0,0,0,0,0,0,0,0
200810,999,26380, ,Houma-Bayou Cane-Thibodaux  LA ,31,31,8646,1,2,136,0,0,0,0,0,0,31,31,8646,1,2,136,0,0,0,0,0,0
200810,999,26580, ,Huntington-Ashland  WV-KY-OH ,3,3,298,0,0,0,0,0,0,0,0,0,0,0,0,0,0,0,0,0,0,0,0,0
200810,999,26980, ,Iowa City  IA ,43,43,8753,0,0,0,0,0,0,1,12,1090,42,42,8576,0,0,0,0,0,0,1,12,1090
200810,999,27100, ,Jackson  MI ,2,2,234,0,0,0,0,0,0,0,0,0,1,1,125,0,0,0,0,0,0,0,0,0
200810,999,27260,C,Jacksonville  FL ,277,277,60222,2,4,338,0,0,0,5,56,4427,274,274,59704,2,4,338,0,0,0,5,56,4427
200810,999,27340, ,Jacksonville  NC ,55,55,6197,2,4,181,1,4,235,0,0,0,55,55,6197,2,4,181,1,4,235,0,0,0
200810,999,27500, ,Janesville  WI ,12,12,2067,0,0,0,0,0,0,0,0,0,11,11,1904,0,0,0,0,0,0,0,0,0
200810,999,27620, ,Jefferson City  MO ,8,8,1340,0,0,0,0,0,0,0,0,0,0,0,0,0,0,0,0,0,0,0,0,0
200810,999,27780, ,Johnstown  PA ,1,1,241,0,0,0,0,0,0,0,0,0,1,1,241,0,0,0,0,0,0,0,0,0
200810,999,27900, ,Joplin  MO ,9,9,1394,1,2,120,0,0,0,0,0,0,9,9,1394,1,2,120,0,0,0,0,0,0
200810,999,28020, ,Kalamazoo-Portage  MI ,25,25,4511,0,0,0,0,0,0,0,0,0,19,19,3747,0,0,0,0,0,0,0,0,0
200810,999,28420, ,Kennewick-Pasco-Richland  WA ,51,51,12301,0,0,0,0,0,0,2,16,1113,18,18,4970,0,0,0,0,0,0,0,0,0
200810,999,28660, ,Killeen-Temple-Fort Hood  TX ,75,75,10776,6,12,711,0,0,0,0,0,0,63,63,8415,5,10,615,0,0,0,0,0,0
200810,999,29100, ,La Crosse  WI-MN ,20,20,3295,1,2,80,0,0,0,0,0,0,20,20,3295,1,2,80,0,0,0,0,0,0
200810,999,29420, ,Lake Havasu City-Kingman  AZ ,46,46,7569,0,0,0,0,0,0,0,0,0,46,46,7569,0,0,0,0,0,0,0,0,0
200810,999,29460,C,Lakeland-Winter Haven  FL ,145,145,26972,0,0,0,0,0,0,0,0,0,141,141,26081,0,0,0,0,0,0,0,0,0
200810,999,29540, ,Lancaster  PA ,52,52,6920,0,0,0,0,0,0,4,49,3074,51,51,6749,0,0,0,0,0,0,4,49,3074
200810,999,29700,C,Laredo  TX ,47,47,5782,1,2,134,1,3,151,1,13,771,0,0,0,0,0,0,0,0,0,0,0,0
200810,999,29740,C,Las Cruces  NM ,71,71,11804,0,0,0,0,0,0,0,0,0,71,71,11804,0,0,0,0,0,0,0,0,0
200810,999,29940, ,Lawrence  KS ,15,15,3450,1,2,242,0,0,0,10,224,5997,11,11,2637,1,2,242,0,0,0,10,224,5997
200810,999,30020, ,Lawton  OK ,18,18,3489,0,0,0,0,0,0,0,0,0,18,18,3489,0,0,0,0,0,0,0,0,0
200810,999,30300, ,Lewiston  ID-WA ,1,1,216,1,2,310,0,0,0,0,0,0,0,0,0,0,0,0,0,0,0,0,0,0
200810,999,30700, ,Lincoln  NE ,47,47,8141,1,2,180,0,0,0,2,14,1076,47,47,8141,1,2,180,0,0,0,2,14,1076
200810,999,30860, ,Logan  UT-ID ,19,19,4001,0,0,0,0,0,0,2,45,4417,18,18,3852,0,0,0,0,0,0,1,40,4000
200810,999,31020, ,Longview  WA ,14,14,3753,0,0,0,0,0,0,0,0,0,12,12,3352,0,0,0,0,0,0,0,0,0
200810,999,31340, ,Lynchburg  VA ,35,35,7138,0,0,0,0,0,0,1,9,567,25,25,5458,0,0,0,0,0,0,0,0,0
200810,999,32580,C,McAllen-Edinburg-Mission  TX ,199,199,29697,0,0,0,11,43,821,0,0,0,186,186,28726,0,0,0,10,39,688,0,0,0
200810,999,32780, ,Medford  OR ,33,33,6686,0,0,0,0,0,0,1,6,679,28,28,5783,0,0,0,0,0,0,1,6,679
200810,999,32820,C,Memphis  TN-MS-AR ,126,126,20670,0,0,0,0,0,0,0,0,0,101,101,17224,0,0,0,0,0,0,0,0,0
200810,999,32900, ,Merced  CA ,7,7,2124,0,0,0,0,0,0,0,0,0,7,7,2124,0,0,0,0,0,0,0,0,0
200810,999,33100,C,Miami-Fort Lauderdale-Pompano Beach  FL ,230,230,53257,4,8,758,6,22,2834,15,187,19579,175,175,41654,3,6,556,5,19,2616,8,127,8083
200810,999,33540,C,Missoula  MT ,26,26,3947,2,4,278,0,0,0,1,12,270,26,26,3947,2,4,278,0,0,0,1,12,270
200810,999,33700, ,Modesto  CA ,30,30,4944,1,2,197,0,0,0,1,17,1642,14,14,2513,0,0,0,0,0,0,0,0,0
200810,999,34060, ,Morgantown  WV ,1,1,161,0,0,0,0,0,0,1,5,270,0,0,0,0,0,0,0,0,0,0,0,0
200810,999,34620, ,Muncie  IN ,7,7,807,0,0,0,0,0,0,0,0,0,7,7,807,0,0,0,0,0,0,0,0,0
200810,999,34940,C,Naples-Marco Island  FL ,45,45,25475,0,0,0,1,4,819,0,0,0,45,45,25475,0,0,0,1,4,819,0,0,0
200810,999,35660, ,Niles-Benton Harbor  MI ,5,5,755,0,0,0,0,0,0,1,5,805,3,3,385,0,0,0,0,0,0,0,0,0
200810,999,35980, ,Norwich-New London  CT ,16,16,3535,2,4,180,0,0,60,0,0,0,13,13,3005,2,4,180,0,0,60,0,0,0
200810,999,36100,C,Ocala  FL ,44,44,6692,2,4,349,0,0,0,0,0,0,44,44,6692,2,4,349,0,0,0,0,0,0
200810,999,36140,C,Ocean City  NJ ,43,43,12944,6,12,1729,0,0,0,1,8,884,39,39,12270,6,12,1729,0,0,0,0,0,0
200810,999,36980, ,Owensboro  KY ,16,16,1594,1,2,116,0,0,0,0,0,0,16,16,1594,1,2,116,0,0,0,0,0,0
200810,999,37340,C,Palm Bay-Melbourne-Titusville  FL ,82,82,22847,0,0,0,2,6,334,0,0,0,81,81,22657,0,0,0,2,6,334,0,0,0
200810,999,37460, ,Panama City-Lynn Haven  FL ,30,30,4278,0,0,0,3,12,926,0,0,0,30,30,4278,0,0,0,3,12,926,0,0,0
200810,999,37620, ,Parkersburg-Marietta-Vienna  WV-OH ,6,6,1377,0,0,0,0,0,0,0,0,0,5,5,1148,0,0,0,0,0,0,0,0,0
200810,999,37860,C,Pensacola-Ferry Pass-Brent  FL ,78,78,13832,2,4,343,0,0,0,0,0,0,78,78,13832,2,4,343,0,0,0,0,0,0
200810,999,38060,C,Phoenix-Mesa-Scottsdale  AZ ,535,535,112267,1,2,599,6,23,2974,10,372,43954,525,525,109987,1,2,599,6,23,2974,10,372,43954
200810,999,38340, ,Pittsfield  MA ,1,1,160,0,0,0,0,0,0,0,0,0,1,1,160,0,0,0,0,0,0,0,0,0
200810,999,38540, ,Pocatello  ID ,15,15,1640,0,0,0,0,0,0,0,0,0,15,15,1640,0,0,0,0,0,0,0,0,0
200810,999,38900,C,Portland-Vancouver-Beaverton  OR-WA ,264,264,57198,4,8,1129,1,4,439,9,85,8317,254,254,54778,4,8,1129,1,4,439,9,85,8317
200810,999,39140, ,Prescott  AZ ,31,31,7523,1,2,217,0,0,0,0,0,0,24,24,5801,0,0,0,0,0,0,0,0,0
200810,999,39300, ,Providence-New Bedford-Fall River  RI-MA ,98,98,26013,0,0,0,0,0,0,5,31,2130,80,80,22059,0,0,0,0,0,0,4,26,1747
200810,999,39340, ,Provo-Orem  UT ,80,80,17055,1,2,326,2,8,1068,3,38,3483,80,80,17055,1,2,326,2,8,1068,3,38,3483
200810,999,39380,C,Pueblo  CO ,24,24,3945,0,0,0,0,0,0,0,0,0,24,24,3945,0,0,0,0,0,0,0,0,0
200810,999,39660, ,Rapid City  SD ,15,15,1591,0,0,0,0,0,0,1,6,340,15,15,1591,0,0,0,0,0,0,1,6,340
200810,999,39740, ,Reading  PA ,17,17,3662,1,2,244,0,0,0,1,7,497,7,7,1601,0,0,0,0,0,0,1,7,497
200810,999,39820, ,Redding  CA ,49,49,8558,0,0,0,0,0,0,0,0,0,49,49,8558,0,0,0,0,0,0,0,0,0
200810,999,40060,C,Richmond  VA ,255,255,48003,0,0,0,1,4,248,2,74,3910,244,244,46627,0,0,0,0,0,0,2,74,3910
200810,999,40220, ,Roanoke  VA ,41,41,8342,0,0,0,0,0,0,0,0,0,41,41,8342,0,0,0,0,0,0,0,0,0
200810,999,40340, ,Rochester  MN ,30,30,6304,0,0,0,0,0,0,1,8,1028,6,6,1295,0,0,0,0,0,0,0,0,0
200810,999,40580, ,Rocky Mount  NC ,21,21,2841,0,0,0,0,0,0,0,0,0,12,12,2158,0,0,0,0,0,0,0,0,0
200810,999,40660, ,Rome  GA ,11,11,1870,0,0,0,0,0,0,0,0,0,11,11,1870,0,0,0,0,0,0,0,0,0
200810,999,41100, ,St. George  UT ,46,46,7140,0,0,0,0,0,0,0,0,0,46,46,7140,0,0,0,0,0,0,0,0,0
200810,999,41140, ,St. Joseph  MO-KS ,3,3,455,1,2,300,0,0,0,0,0,0,3,3,455,1,2,300,0,0,0,0,0,0
200810,999,41420, ,Salem  OR ,25,25,5531,0,0,0,0,0,0,2,10,725,17,17,3967,0,0,0,0,0,0,0,0,0
200810,999,41500, ,Salinas  CA ,15,15,5574,1,2,163,0,0,0,3,15,1707,15,15,5574,1,2,163,0,0,0,0,0,0
200810,999,41660,C,San Angelo  TX ,17,17,2999,0,0,0,0,0,0,0,0,0,17,17,2999,0,0,0,0,0,0,0,0,0
200810,999,41700,C,San Antonio  TX ,440,440,83082,6,12,560,1,4,178,14,298,27934,390,390,75591,6,12,560,1,4,178,12,288,26677
200810,999,41740,C,San Diego-Carlsbad-San Marcos  CA ,145,145,46601,0,0,0,1,4,975,1,55,6778,145,145,46601,0,0,0,1,4,975,1,55,6778
200810,999,41780, ,Sandusky  OH ,0,0,0,0,0,0,0,0,0,0,0,0,0,0,0,0,0,0,0,0,0,0,0,0
200810,999,42020, ,San Luis Obispo-Paso Robles  CA ,24,24,3527,0,0,0,0,0,0,0,0,0,24,24,3527,0,0,0,0,0,0,0,0,0
200810,999,42060, ,Santa Barbara-Santa Maria  CA ,16,16,5213,0,0,0,0,0,0,1,7,1382,16,16,5213,0,0,0,0,0,0,1,7,1382
200810,999,42540, ,Scranton--Wilkes-Barre  PA ,15,15,2498,0,0,0,0,0,0,0,0,0,3,3,535,0,0,0,0,0,0,0,0,0
200810,999,43100, ,Sheboygan  WI ,2,2,482,0,0,0,0,0,0,1,5,231,1,1,270,0,0,0,0,0,0,0,0,0
200810,999,43300, ,Sherman-Denison  TX ,0,0,0,0,0,0,0,0,0,0,0,0,0,0,0,0,0,0,0,0,0,0,0,0
200810,999,43620, ,Sioux Falls  SD ,62,62,10427,8,16,2068,6,24,2085,3,43,3116,62,62,10427,8,16,2068,6,24,2085,3,43,3116
200810,999,44060, ,Spokane  WA ,50,50,9127,0,0,0,0,0,0,11,101,7184,50,50,9127,0,0,0,0,0,0,11,101,7184
200810,999,44100, ,Springfield  IL ,8,8,2152,4,8,840,0,0,0,3,42,1560,8,8,2152,4,8,840,0,0,0,3,42,1560
200810,999,44140, ,Springfield  MA ,29,29,4590,2,4,258,0,0,0,0,0,0,20,20,2455,2,4,258,0,0,0,0,0,0
200810,999,44180, ,Springfield  MO ,36,36,7494,4,8,783,1,3,378,4,83,3525,18,18,4342,2,4,440,0,0,0,0,0,0
200810,999,44300, ,State College  PA ,16,16,4453,0,0,0,0,0,0,0,0,0,16,16,4453,0,0,0,0,0,0,0,0,0
200810,999,44700,C,Stockton  CA ,64,64,13545,0,0,0,0,0,0,1,5,608,28,28,6070,0,0,0,0,0,0,0,0,0
200810,999,44940,C,Sumter  SC ,16,16,2377,0,0,0,0,0,0,0,0,0,16,16,2377,0,0,0,0,0,0,0,0,0
200810,999,45220, ,Tallahassee  FL ,69,69,10424,1,2,142,0,0,0,1,39,1653,25,25,2899,0,0,0,0,0,0,0,0,0
200810,999,45300,C,Tampa-St. Petersburg-Clearwater  FL ,327,327,73676,2,4,550,2,6,135,7,357,49200,327,327,73676,2,4,550,2,6,135,7,357,49200
200810,999,45460, ,Terre Haute  IN ,10,10,1535,1,2,191,0,0,0,1,8,457,7,7,1128,0,0,0,0,0,0,0,0,0
200810,999,45500, ,Texarkana  TX-Texarkana  AR ,5,5,476,0,0,0,0,0,0,0,0,0,5,5,476,0,0,0,0,0,0,0,0,0
200810,999,45820, ,Topeka  KS ,32,32,4697,0,0,0,0,0,0,0,0,0,30,30,4313,0,0,0,0,0,0,0,0,0
200810,999,46060,C,Tucson  AZ ,140,140,27472,1,2,199,1,3,228,2,10,556,103,103,21367,0,0,0,0,0,0,0,0,0
200810,999,46220, ,Tuscaloosa  AL ,24,24,4229,0,0,0,0,0,0,3,56,3206,7,7,1249,0,0,0,0,0,0,0,0,0
200810,999,46540, ,Utica-Rome  NY ,1,1,155,0,0,0,0,0,0,0,0,0,0,0,0,0,0,0,0,0,0,0,0,0
200810,999,46660, ,Valdosta  GA ,41,41,4233,3,6,369,0,0,0,0,0,0,41,41,4233,3,6,369,0,0,0,0,0,0
200810,999,47020, ,Victoria  TX ,4,4,604,0,0,0,0,0,0,0,0,0,0,0,0,0,0,0,0,0,0,0,0,0
200810,999,47260,C,Virginia Beach-Norfolk-Newport News  VA-NC ,221,221,46899,3,6,1120,0,0,0,1,122,3000,221,221,46899,3,6,1120,0,0,0,1,122,3000
200810,999,47300, ,Visalia-Porterville  CA ,63,63,10829,0,0,0,0,0,0,5,68,3051,63,63,10829,0,0,0,0,0,0,5,68,3051
200810,999,47380, ,Waco  TX ,25,25,3953,0,0,0,0,0,0,0,0,0,25,25,3953,0,0,0,0,0,0,0,0,0
200810,999,47940, ,Waterloo-Cedar Falls  IA ,39,39,7792,1,2,255,1,4,473,0,0,0,39,39,7792,1,2,255,1,4,473,0,0,0
200810,999,48260, ,Weirton-Steubenville  WV-OH ,1,1,260,0,0,0,0,0,0,0,0,0,1,1,260,0,0,0,0,0,0,0,0,0
200810,999,48300, ,Wenatchee  WA ,29,29,5114,0,0,0,0,0,0,0,0,0,29,29,5114,0,0,0,0,0,0,0,0,0
200810,999,48540, ,Wheeling  WV-OH ,0,0,0,0,0,0,0,0,0,0,0,0,0,0,0,0,0,0,0,0,0,0,0,0
200810,999,48660, ,Wichita Falls  TX ,8,8,1084,0,0,0,0,0,0,0,0,0,8,8,1084,0,0,0,0,0,0,0,0,0
200810,999,48900,C,Wilmington  NC ,213,213,37073,1,2,209,0,0,0,3,17,1997,93,93,17338,1,2,209,0,0,0,2,12,1477
200810,999,49420, ,Yakima  WA ,24,24,6315,0,0,0,0,0,0,0,0,0,24,24,6315,0,0,0,0,0,0,0,0,0
200810,999,49740, ,Yuma  AZ ,25,25,3872,0,0,0,0,0,0,0,0,0,25,25,3872,0,0,0,0,0,0,0,0,0
