Survey,CSA,CBSA,MONCOV,CBSA,,1-unit,,,2-units,,,3-4 units,,,5+ units,,,1-unit rep,,,2-units rep,,,3-4 units rep,,,5+ units rep
Date,Code,Code,,Name,Bldgs,Units,Value,Bldgs,Units,Value,Bldgs,Units,Value,Bldgs,Units,Value,Bldgs,Units,Value,Bldgs,Units,Value,      Bldgs,Units,Value,Bldgs,Units,Value
 
200802,102,18700, ,Corvallis  OR ,4,4,1160,0,0,0,0,0,0,0,0,0,4,4,1160,0,0,0,0,0,0,0,0,0
200802,104,10580, ,Albany-Schenectady-Troy  NY ,49,49,14261,0,0,0,1,3,210,0,0,0,38,38,11257,0,0,0,0,0,0,0,0,0
200802,104,24020, ,Glens Falls  NY ,9,9,1904,0,0,0,0,0,0,1,5,313,0,0,0,0,0,0,0,0,0,0,0,0
200802,112,11180, ,Ames  IA ,6,6,2566,0,0,0,0,0,0,0,0,0,6,6,2566,0,0,0,0,0,0,0,0,0
200802,118,11540, ,Appleton  WI ,33,33,5410,0,0,0,0,0,0,0,0,0,32,32,5231,0,0,0,0,0,0,0,0,0
200802,118,36780, ,Oshkosh-Neenah  WI ,9,9,1450,1,2,155,0,0,0,0,0,0,9,9,1450,1,2,155,0,0,0,0,0,0
200802,120,11700, ,Asheville  NC ,183,183,38807,0,0,0,0,0,0,0,0,0,166,166,35131,0,0,0,0,0,0,0,0,0
200802,122,12060,C,Atlanta-Sandy Springs-Marietta  GA ,1693,1693,247101,3,6,692,6,23,2930,7,86,7093,1599,1599,232867,3,6,692,6,23,2930,6,78,6626
200802,122,23580, ,Gainesville  GA ,72,72,12244,0,0,0,0,0,0,0,0,0,72,72,12244,0,0,0,0,0,0,0,0,0
200802,132,12940, ,Baton Rouge  LA ,171,171,24154,0,0,0,0,0,0,9,72,8500,166,166,23541,0,0,0,0,0,0,9,72,8500
200802,140,13460,C,Bend  OR ,61,61,13956,1,2,360,0,0,0,0,0,0,61,61,13956,1,2,360,0,0,0,0,0,0
200802,142,13820,C,Birmingham-Hoover  AL ,298,298,51921,0,0,0,0,0,0,4,65,4754,214,214,35772,0,0,0,0,0,0,0,0,0
200802,148,14460,C,Boston-Cambridge-Quincy  MA-NH ,205,205,51272,8,16,1945,3,10,1156,15,128,11642,124,124,33929,5,10,1334,1,3,307,7,82,7234
200802,148,31700, ,Manchester-Nashua  NH ,20,20,4389,3,6,392,0,0,0,1,6,600,16,16,3550,2,4,235,0,0,0,1,6,600
200802,148,49340, ,Worcester  MA ,28,28,4479,0,0,0,0,0,0,0,0,0,17,17,2481,0,0,0,0,0,0,0,0,0
200802,154,15180, ,Brownsville-Harlingen  TX ,107,107,10244,0,0,0,1,4,200,1,6,239,45,45,4739,0,0,0,1,4,200,1,6,239
200802,160,15380, ,Buffalo-Niagara Falls  NY ,65,65,13527,0,0,0,0,0,0,0,0,0,63,63,13153,0,0,0,0,0,0,0,0,0
200802,172,16740,C,Charlotte-Gastonia-Concord  NC-SC ,937,937,177927,1,2,159,1,4,412,12,281,26710,891,891,170206,1,2,159,1,4,412,11,265,26292
200802,174,16860, ,Chattanooga  TN-GA ,93,93,14549,1,2,93,0,0,0,1,13,1269,64,64,10398,0,0,0,0,0,0,0,0,0
200802,174,17420, ,Cleveland  TN ,23,23,3634,1,2,70,0,0,0,0,0,0,23,23,3634,1,2,70,0,0,0,0,0,0
200802,176,16980,C,Chicago-Naperville-Joliet  IL-IN-WI ,523,523,123027,10,20,2111,22,67,6339,14,347,29125,451,451,106751,10,20,2111,22,67,6339,8,297,24869
200802,176,28100, ,Kankakee-Bradley  IL ,1,1,100,0,0,0,0,0,0,0,0,0,1,1,100,0,0,0,0,0,0,0,0,0
200802,176,33140, ,Michigan City-La Porte  IN ,4,4,793,0,0,0,0,0,0,0,0,0,4,4,793,0,0,0,0,0,0,0,0,0
200802,178,17140,C,Cincinnati-Middletown  OH-KY-IN ,215,215,45342,0,0,0,5,20,1420,5,40,4831,183,183,38649,0,0,0,5,20,1420,2,22,3953
200802,184,10420, ,Akron  OH ,27,27,6125,0,0,0,0,0,0,1,8,283,22,22,5627,0,0,0,0,0,0,0,0,0
200802,184,17460,C,Cleveland-Elyria-Mentor  OH ,165,165,29936,0,0,0,1,3,136,0,0,0,135,135,25055,0,0,0,0,0,0,0,0,0
200802,192,17900,C,Columbia  SC ,291,291,40593,0,0,0,1,4,350,2,37,2088,102,102,18146,0,0,0,0,0,0,0,0,0
200802,194,12220,C,Auburn-Opelika  AL ,57,57,11382,0,0,0,0,0,0,0,0,0,57,57,11382,0,0,0,0,0,0,0,0,0
200802,194,17980, ,Columbus  GA-AL ,60,60,9187,0,0,0,1,3,136,2,19,1466,32,32,6227,0,0,0,0,0,0,0,0,0
200802,198,18140,C,Columbus  OH ,143,143,30808,0,0,0,5,19,2085,0,0,0,122,122,26855,0,0,0,5,19,2085,0,0,0
200802,204,18580, ,Corpus Christi  TX ,99,99,11311,3,6,360,0,0,0,0,0,0,97,97,11086,3,6,360,0,0,0,0,0,0
200802,206,19100,C,Dallas-Fort Worth-Arlington  TX ,1735,1735,386737,20,40,3275,3,12,939,17,628,47885,1621,1621,362961,19,38,3082,3,12,939,15,611,47193
200802,212,19380, ,Dayton  OH ,39,39,10188,1,2,306,0,0,0,7,102,27264,37,37,9777,1,2,306,0,0,0,7,102,27264
200802,212,44220, ,Springfield  OH ,5,5,870,0,0,0,0,0,0,0,0,0,5,5,870,0,0,0,0,0,0,0,0,0
200802,216,14500, ,Boulder  CO ,20,20,9435,0,0,0,0,0,0,2,15,1188,13,13,7702,0,0,0,0,0,0,0,0,0
200802,216,19740,C,Denver-Aurora  CO ,335,335,88414,2,4,558,1,4,715,12,720,77662,334,334,88327,2,4,558,1,4,715,12,720,77662
200802,218,19780,C,Des Moines-West Des Moines  IA ,129,129,16880,0,0,0,0,0,0,0,0,0,126,126,16300,0,0,0,0,0,0,0,0,0
200802,220,11460, ,Ann Arbor  MI ,12,12,3864,0,0,0,0,0,0,1,10,612,6,6,3130,0,0,0,0,0,0,1,10,612
200802,220,19820,C,Detroit-Warren-Livonia  MI ,131,131,28948,0,0,0,0,0,0,2,110,10267,102,102,23136,0,0,0,0,0,0,2,110,10267
200802,220,22420, ,Flint  MI ,6,6,1623,0,0,0,0,0,0,1,32,3063,3,3,986,0,0,0,0,0,0,1,32,3063
200802,220,33780, ,Monroe  MI ,4,4,688,0,0,0,0,0,0,0,0,0,1,1,150,0,0,0,0,0,0,0,0,0
200802,222,20020, ,Dothan  AL ,19,19,2883,0,0,0,0,0,0,0,0,0,19,19,2883,0,0,0,0,0,0,0,0,0
200802,232,20740, ,Eau Claire  WI ,4,4,625,3,6,498,0,0,0,0,0,0,4,4,625,3,6,498,0,0,0,0,0,0
200802,244,22020, ,Fargo  ND-MN ,8,8,975,0,0,0,0,0,0,0,0,0,8,8,975,0,0,0,0,0,0,0,0,0
200802,252,22540, ,Fond du Lac  WI ,6,6,930,2,4,350,0,0,0,1,5,241,5,5,732,2,4,350,0,0,0,0,0,0
200802,258,23060,C,Fort Wayne  IN ,27,27,4622,0,0,0,0,0,0,0,0,0,27,27,4622,0,0,0,0,0,0,0,0,0
200802,260,23420, ,Fresno  CA ,84,84,16134,0,0,0,1,3,163,1,7,430,21,21,5235,0,0,0,0,0,0,0,0,0
200802,260,31460, ,Madera  CA ,15,15,2162,0,0,0,0,0,0,0,0,0,15,15,2162,0,0,0,0,0,0,0,0,0
200802,266,24340,C,Grand Rapids-Wyoming  MI ,70,70,12971,1,2,205,1,3,226,2,12,1220,58,58,11236,0,0,0,0,0,0,0,0,0
200802,266,26100, ,Holland-Grand Haven  MI ,16,16,3780,0,0,0,0,0,0,0,0,0,10,10,2742,0,0,0,0,0,0,0,0,0
200802,266,34740, ,Muskegon-Norton Shores  MI ,3,3,403,0,0,0,0,0,0,0,0,0,3,3,403,0,0,0,0,0,0,0,0,0
200802,268,15500, ,Burlington  NC ,67,67,8705,0,0,0,1,4,328,0,0,0,67,67,8705,0,0,0,1,4,328,0,0,0
200802,268,24660,C,Greensboro-High Point  NC ,244,244,45101,0,0,0,0,0,0,6,132,8301,197,197,34304,0,0,0,0,0,0,6,132,8301
200802,268,49180, ,Winston-Salem  NC ,125,125,20221,0,0,0,0,0,0,0,0,0,111,111,17778,0,0,0,0,0,0,0,0,0
200802,273,11340, ,Anderson  SC ,36,36,8256,0,0,0,0,0,0,0,0,0,36,36,8256,0,0,0,0,0,0,0,0,0
200802,273,24860,C,Greenville  SC ,286,286,36732,0,0,0,3,11,910,7,54,1818,282,282,35929,0,0,0,3,11,910,6,49,1345
200802,273,43900, ,Spartanburg  SC ,108,108,12325,0,0,0,0,0,0,0,0,0,108,108,12325,0,0,0,0,0,0,0,0,0
200802,274,25060, ,Gulfport-Biloxi  MS ,205,205,25404,14,28,1887,33,132,7719,9,134,4899,205,205,25404,14,28,1887,33,132,7719,9,134,4899
200802,274,37700, ,Pascagoula  MS ,45,45,5849,0,0,0,0,0,0,12,197,10900,45,45,5849,0,0,0,0,0,0,12,197,10900
200802,276,25420, ,Harrisburg-Carlisle  PA ,78,78,14057,1,2,240,0,0,0,0,0,0,77,77,13876,1,2,240,0,0,0,0,0,0
200802,276,30140, ,Lebanon  PA ,34,34,5633,0,0,0,0,0,0,0,0,0,31,31,5109,0,0,0,0,0,0,0,0,0
200802,278,25540, ,Hartford-West Hartford-East Hartford  CT ,58,58,11539,1,2,168,0,0,0,4,25,1962,40,40,8410,0,0,0,0,0,0,1,8,1025
200802,288,26420,C,Houston-Sugar Land-Baytown  TX ,2671,2671,440809,12,24,2164,3,11,1133,22,845,82237,2556,2556,421054,11,22,1993,3,11,1133,20,820,81357
200802,290,19460, ,Decatur  AL ,13,13,1849,0,0,0,0,0,0,1,12,400,13,13,1849,0,0,0,0,0,0,1,12,400
200802,290,26620, ,Huntsville  AL ,194,194,20281,0,0,0,0,0,0,0,0,0,122,122,10089,0,0,0,0,0,0,0,0,0
200802,292,26820, ,Idaho Falls  ID ,29,29,4134,0,0,0,0,0,0,0,0,0,29,29,4134,0,0,0,0,0,0,0,0,0
200802,294,11300, ,Anderson  IN ,2,2,517,0,0,0,0,0,0,0,0,0,2,2,517,0,0,0,0,0,0,0,0,0
200802,294,18020, ,Columbus  IN ,11,11,1876,0,0,0,0,0,0,0,0,0,11,11,1876,0,0,0,0,0,0,0,0,0
200802,294,26900,C,Indianapolis-Carmel  IN ,355,355,68721,3,6,517,0,0,0,16,298,16627,342,342,66628,2,4,419,0,0,0,16,298,16627
200802,296,27060, ,Ithaca  NY ,2,2,449,0,0,0,0,0,0,0,0,0,1,1,250,0,0,0,0,0,0,0,0,0
200802,297,27180, ,Jackson  TN ,22,22,2824,0,0,0,0,0,0,0,0,0,22,22,2824,0,0,0,0,0,0,0,0,0
200802,298,27140, ,Jackson  MS ,158,158,24093,1,2,250,0,0,0,1,11,430,153,153,23355,0,0,0,0,0,0,0,0,0
200802,304,27740, ,Johnson City  TN ,44,44,5550,0,0,0,0,0,0,0,0,0,17,17,2704,0,0,0,0,0,0,0,0,0
200802,304,28700, ,Kingsport-Bristol-Bristol  TN-VA ,33,33,3682,1,2,138,0,0,0,2,11,654,13,13,1046,0,0,0,0,0,0,0,0,0
200802,308,27860, ,Jonesboro  AR ,16,16,1297,0,0,0,0,0,0,0,0,0,15,15,1179,0,0,0,0,0,0,0,0,0
200802,312,28140,C,Kansas City  MO-KS ,216,216,45943,15,30,2771,6,24,2271,20,399,47682,205,205,44207,14,28,2642,6,24,2271,20,399,47682
200802,314,28940, ,Knoxville  TN ,196,196,31651,0,0,0,1,3,226,5,161,8466,190,190,30615,0,0,0,0,0,0,5,161,8466
200802,316,29020, ,Kokomo  IN ,1,1,120,0,0,0,0,0,0,0,0,0,1,1,120,0,0,0,0,0,0,0,0,0
200802,318,29180, ,Lafayette  LA ,70,70,9734,1,2,171,0,0,0,1,22,1075,15,15,2308,0,0,0,0,0,0,0,0,0
200802,320,29140, ,Lafayette  IN ,19,19,3752,0,0,0,0,0,0,0,0,0,19,19,3752,0,0,0,0,0,0,0,0,0
200802,324,29340, ,Lake Charles  LA ,37,37,6434,0,0,0,0,0,0,1,5,266,25,25,4531,0,0,0,0,0,0,0,0,0
200802,330,29620, ,Lansing-East Lansing  MI ,16,16,3063,0,0,0,0,0,0,1,5,198,6,6,1268,0,0,0,0,0,0,0,0,0
200802,332,29820,C,Las Vegas-Paradise  NV ,401,401,60938,10,20,2327,0,0,0,30,1212,131360,400,400,60496,10,20,2327,0,0,0,30,1212,131360
200802,336,30460, ,Lexington-Fayette  KY ,97,97,16430,0,0,0,2,7,545,6,104,9200,97,97,16430,0,0,0,2,7,545,6,104,9200
200802,338,30620, ,Lima  OH ,1,1,162,1,2,232,0,0,0,0,0,0,0,0,0,0,0,0,0,0,0,0,0,0
200802,340,30780, ,Little Rock-North Little Rock  AR ,160,160,29603,3,6,480,2,8,450,1,8,800,158,158,29370,3,6,480,2,8,450,1,8,800
200802,340,38220, ,Pine Bluff  AR ,3,3,229,0,0,0,0,0,0,0,0,0,1,1,140,0,0,0,0,0,0,0,0,0
200802,346,30980, ,Longview  TX ,11,11,2124,0,0,0,0,0,0,1,13,598,0,0,0,0,0,0,0,0,0,0,0,0
200802,348,31100,C,Los Angeles-Long Beach-Santa Ana  CA ,395,395,109679,27,54,6660,14,45,6021,48,1927,189154,354,354,98162,22,44,5202,11,35,5339,39,1869,182794
200802,348,37100, ,Oxnard-Thousand Oaks-Ventura  CA ,61,61,17737,0,0,0,0,0,0,3,94,22722,52,52,15670,0,0,0,0,0,0,2,68,20289
200802,348,40140,C,Riverside-San Bernardino-Ontario  CA ,550,550,116512,1,2,348,2,8,722,34,616,54916,480,480,102863,1,2,348,2,8,722,33,611,54431
200802,350,21060, ,Elizabethtown  KY ,15,15,2604,3,6,250,0,0,0,0,0,0,15,15,2604,3,6,250,0,0,0,0,0,0
200802,350,31140,C,Louisville-Jefferson County  KY-IN ,228,228,50253,3,6,270,0,0,0,6,144,5760,207,207,45194,3,6,270,0,0,0,6,144,5760
200802,352,31180, ,Lubbock  TX ,76,76,15262,0,0,0,0,0,0,1,298,25000,76,76,15262,0,0,0,0,0,0,1,298,25000
200802,356,31420, ,Macon  GA ,28,28,4752,0,0,0,0,0,0,3,240,18507,28,28,4752,0,0,0,0,0,0,3,240,18507
200802,356,47580, ,Warner Robins  GA ,54,54,8842,0,0,0,0,0,0,0,0,0,54,54,8842,0,0,0,0,0,0,0,0,0
200802,358,31540,C,Madison  WI ,58,58,16454,4,8,1244,0,0,0,2,23,2475,56,56,16126,3,6,874,0,0,0,2,23,2475
200802,360,31900, ,Mansfield  OH ,6,6,1120,0,0,0,0,0,0,0,0,0,6,6,1120,0,0,0,0,0,0,0,0,0
200802,372,33260,C,Midland  TX ,45,45,5165,0,0,0,0,0,0,0,0,0,45,45,5165,0,0,0,0,0,0,0,0,0
200802,372,36220,C,Odessa  TX ,27,27,5310,0,0,0,0,0,0,0,0,0,27,27,5310,0,0,0,0,0,0,0,0,0
200802,376,33340,C,Milwaukee-Waukesha-West Allis  WI ,88,88,24442,0,0,0,1,3,269,5,237,18733,79,79,21216,0,0,0,0,0,0,4,230,18249
200802,376,39540, ,Racine  WI ,14,14,3194,0,0,0,0,0,0,0,0,0,8,8,1795,0,0,0,0,0,0,0,0,0
200802,378,33460,C,Minneapolis-St. Paul-Bloomington  MN-WI ,254,254,71284,1,2,393,0,0,0,3,30,3763,237,237,66935,1,2,393,0,0,0,1,20,2609
200802,378,41060, ,St. Cloud  MN ,13,13,2413,0,0,0,0,0,0,0,0,0,9,9,1951,0,0,0,0,0,0,0,0,0
200802,380,33660, ,Mobile  AL ,129,129,22807,0,0,0,0,0,0,10,192,6648,129,129,22807,0,0,0,0,0,0,10,192,6648
200802,384,33740, ,Monroe  LA ,20,20,3163,0,0,0,0,0,0,1,5,383,4,4,760,0,0,0,0,0,0,0,0,0
200802,388,33860, ,Montgomery  AL ,51,51,7152,0,0,0,0,0,0,0,0,0,3,3,464,0,0,0,0,0,0,0,0,0
200802,392,34100, ,Morristown  TN ,16,16,2240,0,0,0,0,0,0,0,0,0,5,5,863,0,0,0,0,0,0,0,0,0
200802,396,34820, ,Myrtle Beach-North Myrtle Beach-Conway  SC ,171,171,29356,1,2,264,0,0,0,4,76,14485,156,156,25810,1,2,264,0,0,0,2,17,1335
200802,400,34980,C,Nashville-Davidson--Murfreesboro  TN ,530,530,93404,3,6,435,0,0,0,0,0,0,473,473,86423,3,6,435,0,0,0,0,0,0
200802,406,35380,C,New Orleans-Metairie-Kenner  LA ,296,296,43623,2,4,280,0,0,0,1,180,8502,296,296,43623,2,4,280,0,0,0,1,180,8502
200802,408,14860, ,Bridgeport-Stamford-Norwalk  CT ,57,57,27595,9,18,3072,0,0,0,0,0,0,49,49,21044,9,18,3072,0,0,0,0,0,0
200802,408,28740, ,Kingston  NY ,8,8,1363,0,0,0,0,0,0,0,0,0,6,6,1018,0,0,0,0,0,0,0,0,0
200802,408,35300, ,New Haven-Milford  CT ,32,32,5772,0,0,0,0,0,0,1,9,553,30,30,5443,0,0,0,0,0,0,0,0,0
200802,408,35620,C,New York-Northern New Jersey-Long Island  NY-NJ-PA ,603,603,170713,139,278,26566,21,66,5375,63,1516,148551,451,451,136555,128,256,24344,18,56,4845,42,1325,132699
200802,408,39100, ,Poughkeepsie-Newburgh-Middletown  NY ,27,27,5381,1,2,344,0,0,0,1,9,1117,14,14,2826,0,0,0,0,0,0,0,0,0
200802,408,45940,C,Trenton-Ewing  NJ ,17,17,3375,0,0,0,0,0,0,1,30,2300,11,11,2929,0,0,0,0,0,0,1,30,2300
200802,416,36420,C,Oklahoma City  OK ,343,343,70078,1,2,136,0,0,0,1,10,657,197,197,50380,0,0,0,0,0,0,0,0,0
200802,420,36540,C,Omaha-Council Bluffs  NE-IA ,150,150,23381,0,0,0,1,3,390,2,12,494,149,149,23228,0,0,0,1,3,390,2,12,494
200802,422,19660,C,Deltona-Daytona Beach-Ormond Beach  FL ,68,68,16325,0,0,0,0,0,0,3,137,14948,63,63,15448,0,0,0,0,0,0,2,120,13282
200802,422,36740,C,Orlando-Kissimmee  FL ,611,611,125820,0,0,0,0,0,0,15,235,50145,455,455,104369,0,0,0,0,0,0,13,220,49303
200802,422,37380, ,Palm Coast  FL ,19,19,4803,0,0,0,0,0,0,0,0,0,19,19,4803,0,0,0,0,0,0,0,0,0
200802,426,37900, ,Peoria  IL ,23,23,6392,4,8,938,0,0,0,1,16,1632,21,21,6042,3,6,800,0,0,0,1,16,1632
200802,428,37980,C,Philadelphia-Camden-Wilmington  PA-NJ-DE-MD ,597,597,105212,4,8,762,6,19,2302,23,158,13901,446,446,85462,4,8,762,5,16,1892,16,116,10216
200802,428,47220,C,Vineland-Millville-Bridgeton  NJ ,18,18,1894,0,0,0,0,0,0,0,0,0,6,6,338,0,0,0,0,0,0,0,0,0
200802,430,38300,C,Pittsburgh  PA ,191,191,42654,1,2,320,1,3,360,7,59,5692,163,163,37964,1,2,320,1,3,360,5,49,5346
200802,438,30340, ,Lewiston-Auburn  ME ,7,7,1122,0,0,0,0,0,0,0,0,0,1,1,140,0,0,0,0,0,0,0,0,0
200802,438,38860, ,Portland-South Portland-Biddeford  ME ,63,63,12466,0,0,0,0,0,0,1,5,259,44,44,8805,0,0,0,0,0,0,0,0,0
200802,442,38940,C,Port St. Lucie  FL ,72,72,15608,0,0,0,0,0,0,7,124,8596,72,72,15608,0,0,0,0,0,0,7,124,8596
200802,442,42680,C,Sebastian-Vero Beach  FL ,46,46,19631,0,0,0,0,0,0,6,36,1360,46,46,19631,0,0,0,0,0,0,6,36,1360
200802,450,20500,C,Durham  NC ,152,152,34987,1,2,240,0,0,0,3,53,2527,69,69,20117,1,2,240,0,0,0,0,0,0
200802,450,39580,C,Raleigh-Cary  NC ,756,756,166842,1,2,310,0,0,0,15,325,21301,724,724,160713,1,2,310,0,0,0,15,325,21301
200802,456,39900,C,Reno-Sparks  NV ,86,86,17694,0,0,0,0,0,0,0,0,0,86,86,17694,0,0,0,0,0,0,0,0,0
200802,464,40380, ,Rochester  NY ,52,52,11402,0,0,0,2,8,410,0,0,0,42,42,10004,0,0,0,2,8,410,0,0,0
200802,466,40420, ,Rockford  IL ,18,18,3165,0,0,0,0,0,0,0,0,0,15,15,2739,0,0,0,0,0,0,0,0,0
200802,472,40900,C,Sacramento--Arden-Arcade--Roseville  CA ,220,220,52233,1,2,262,0,0,0,17,154,14707,218,218,51667,1,2,262,0,0,0,17,154,14707
200802,472,49700, ,Yuba City  CA ,9,9,1683,0,0,0,0,0,0,7,60,5227,9,9,1683,0,0,0,0,0,0,7,60,5227
200802,474,13020, ,Bay City  MI ,1,1,160,0,0,0,0,0,0,0,0,0,1,1,160,0,0,0,0,0,0,0,0,0
200802,474,40980, ,Saginaw-Saginaw Township North  MI ,4,4,645,0,0,0,0,0,0,0,0,0,4,4,645,0,0,0,0,0,0,0,0,0
200802,476,41180,C,St. Louis  MO-IL ,377,377,80795,6,12,1079,3,11,968,4,26,1549,319,319,69248,5,10,899,3,11,968,2,16,880
200802,480,41540, ,Salisbury  MD ,20,20,3157,0,0,0,0,0,0,1,13,1782,11,11,2283,0,0,0,0,0,0,0,0,0
200802,482,36260, ,Ogden-Clearfield  UT ,96,96,13945,0,0,0,1,3,288,1,8,813,82,82,12216,0,0,0,0,0,0,0,0,0
200802,482,41620,C,Salt Lake City  UT ,156,156,26582,3,6,660,4,12,1525,3,33,3251,129,129,22916,2,4,462,4,12,1525,1,12,1227
200802,488,34900, ,Napa  CA ,6,6,1772,0,0,0,0,0,0,0,0,0,6,6,1772,0,0,0,0,0,0,0,0,0
200802,488,41860,C,San Francisco-Oakland-Fremont  CA ,183,183,55267,5,10,1096,1,3,311,17,261,38913,161,161,48010,5,10,1096,1,3,311,12,204,32643
200802,488,41940,C,San Jose-Sunnyvale-Santa Clara  CA ,79,79,23309,0,0,0,0,0,0,13,134,14919,72,72,21553,0,0,0,0,0,0,13,134,14919
200802,488,42100, ,Santa Cruz-Watsonville  CA ,29,29,7735,0,0,0,0,0,0,0,0,0,29,29,7735,0,0,0,0,0,0,0,0,0
200802,488,42220, ,Santa Rosa-Petaluma  CA ,22,22,8915,0,0,0,0,0,0,0,0,0,19,19,8219,0,0,0,0,0,0,0,0,0
200802,488,46700, ,Vallejo-Fairfield  CA ,13,13,3381,0,0,0,0,0,0,0,0,0,12,12,3049,0,0,0,0,0,0,0,0,0
200802,492,42140,C,Santa Fe  NM ,12,12,1602,0,0,0,0,0,0,0,0,0,0,0,0,0,0,0,0,0,0,0,0,0
200802,494,14600,C,Bradenton-Sarasota-Venice  FL ,177,177,35355,0,0,0,9,36,1653,2,15,4563,172,172,33427,0,0,0,9,36,1653,1,10,1230
200802,494,39460,C,Punta Gorda  FL ,29,29,6963,0,0,0,0,0,0,0,0,0,29,29,6963,0,0,0,0,0,0,0,0,0
200802,496,25980, ,Hinesville-Fort Stewart  GA ,5,5,1345,0,0,0,0,0,0,0,0,0,5,5,1345,0,0,0,0,0,0,0,0,0
200802,496,42340, ,Savannah  GA ,142,142,22091,1,2,351,11,43,2462,1,5,343,91,91,12521,0,0,0,10,40,2133,0,0,0
200802,500,14740, ,Bremerton-Silverdale  WA ,52,52,11504,0,0,0,2,8,829,2,38,2861,52,52,11504,0,0,0,2,8,829,2,38,2861
200802,500,34580, ,Mount Vernon-Anacortes  WA ,25,25,4423,0,0,0,0,0,0,0,0,0,22,22,3603,0,0,0,0,0,0,0,0,0
200802,500,36500, ,Olympia  WA ,67,67,12343,2,4,430,0,0,0,0,0,0,67,67,12343,2,4,430,0,0,0,0,0,0
200802,500,42660,C,Seattle-Tacoma-Bellevue  WA ,580,580,123279,96,192,22346,38,126,13326,17,538,57330,518,518,110093,95,190,22148,38,126,13326,10,475,51383
200802,508,43340, ,Shreveport-Bossier City  LA ,68,68,11016,0,0,0,0,0,0,0,0,0,31,31,5003,0,0,0,0,0,0,0,0,0
200802,512,43580, ,Sioux City  IA-NE-SD ,9,9,2234,0,0,0,0,0,0,0,0,0,7,7,1875,0,0,0,0,0,0,0,0,0
200802,515,21140, ,Elkhart-Goshen  IN ,29,29,5052,0,0,0,0,0,0,0,0,0,29,29,5052,0,0,0,0,0,0,0,0,0
200802,515,43780, ,South Bend-Mishawaka  IN-MI ,28,28,5190,0,0,0,2,6,1174,1,6,260,28,28,5190,0,0,0,2,6,1174,1,6,260
200802,532,45060, ,Syracuse  NY ,24,24,4589,0,0,0,0,0,0,0,0,0,24,24,4589,0,0,0,0,0,0,0,0,0
200802,534,45780, ,Toledo  OH ,44,44,7632,4,8,600,0,0,0,1,8,410,34,34,5798,4,8,600,0,0,0,1,8,410
200802,538,46140,C,Tulsa  OK ,269,269,46879,16,32,2900,0,0,0,1,38,3770,263,263,46093,16,32,2900,0,0,0,1,38,3770
200802,540,46340, ,Tyler  TX ,15,15,2647,0,0,0,0,0,0,1,6,277,0,0,0,0,0,0,0,0,0,0,0,0
200802,548,12580,C,Baltimore-Towson  MD ,226,226,37919,0,0,0,0,0,0,3,54,5271,209,209,34899,0,0,0,0,0,0,2,35,3473
200802,548,47900,C,Washington-Arlington-Alexandria  DC-VA-MD-WV ,846,846,150035,6,12,2525,1,3,299,16,570,59969,770,770,133803,6,12,2525,1,3,299,14,557,59271
200802,548,49020, ,Winchester  VA-WV ,33,33,5120,0,0,0,0,0,0,0,0,0,20,20,3690,0,0,0,0,0,0,0,0,0
200802,554,48140, ,Wausau  WI ,17,17,2628,1,2,250,0,0,0,1,20,525,15,15,2255,1,2,250,0,0,0,1,20,525
200802,556,48620, ,Wichita  KS ,125,125,16452,1,2,159,0,0,0,1,48,21277,117,117,14950,1,2,159,0,0,0,1,48,21277
200802,558,48700, ,Williamsport  PA ,0,0,0,0,0,0,0,0,0,0,0,0,0,0,0,0,0,0,0,0,0,0,0,0
200802,564,49620, ,York-Hanover  PA ,73,73,11032,0,0,0,0,0,0,1,5,574,59,59,8796,0,0,0,0,0,0,0,0,0
200802,566,49660, ,Youngstown-Warren-Boardman  OH-PA ,14,14,2740,1,2,250,0,0,0,0,0,0,12,12,2468,1,2,250,0,0,0,0,0,0
200802,999,10180, ,Abilene  TX ,19,19,3002,1,2,160,0,0,0,0,0,0,19,19,3002,1,2,160,0,0,0,0,0,0
200802,999,10500, ,Albany  GA ,22,22,2496,0,0,0,0,0,0,0,0,0,4,4,442,0,0,0,0,0,0,0,0,0
200802,999,10740,C,Albuquerque  NM ,225,225,36803,0,0,0,6,24,1894,3,61,5043,121,121,21595,0,0,0,6,24,1894,0,0,0
200802,999,10780, ,Alexandria  LA ,32,32,4360,0,0,0,0,0,0,0,0,0,5,5,982,0,0,0,0,0,0,0,0,0
200802,999,10900,C,Allentown-Bethlehem-Easton  PA-NJ ,141,141,23123,0,0,0,0,0,0,2,10,799,91,91,16860,0,0,0,0,0,0,0,0,0
200802,999,11020, ,Altoona  PA ,0,0,0,0,0,0,0,0,0,0,0,0,0,0,0,0,0,0,0,0,0,0,0,0
200802,999,11100, ,Amarillo  TX ,62,62,14492,0,0,0,0,0,0,0,0,0,62,62,14492,0,0,0,0,0,0,0,0,0
200802,999,11260,C,Anchorage  AK ,13,13,4846,0,0,0,2,7,2584,1,16,2528,12,12,4736,0,0,0,2,7,2584,1,16,2528
200802,999,11500, ,Anniston-Oxford  AL ,14,14,1620,1,2,65,0,0,0,0,0,0,14,14,1620,1,2,65,0,0,0,0,0,0
200802,999,12020, ,Athens-Clarke County  GA ,28,28,5649,0,0,0,0,0,0,1,27,2319,28,28,5649,0,0,0,0,0,0,1,27,2319
200802,999,12100,C,Atlantic City-Hammonton  NJ ,56,56,6209,0,0,0,0,0,0,2,10,496,41,41,4531,0,0,0,0,0,0,0,0,0
200802,999,12260, ,Augusta-Richmond County  GA-SC ,127,127,21054,0,0,0,0,0,0,0,0,0,113,113,19309,0,0,0,0,0,0,0,0,0
200802,999,12420,C,Austin-Round Rock  TX ,759,759,128360,25,50,4485,0,0,0,27,688,78288,682,682,119055,24,48,4349,0,0,0,25,657,76430
200802,999,12540, ,Bakersfield  CA ,150,150,22340,4,8,555,8,31,2075,2,13,470,54,54,7388,3,6,400,1,4,223,1,8,223
200802,999,12620, ,Bangor  ME ,7,7,1480,0,0,0,1,4,460,0,0,0,5,5,1022,0,0,0,1,4,460,0,0,0
200802,999,12700, ,Barnstable Town  MA ,34,34,15650,0,0,0,0,0,0,0,0,0,27,27,13336,0,0,0,0,0,0,0,0,0
200802,999,12980, ,Battle Creek  MI ,1,1,180,0,0,0,0,0,0,0,0,0,0,0,0,0,0,0,0,0,0,0,0,0
200802,999,13140, ,Beaumont-Port Arthur  TX ,32,32,4935,0,0,0,0,0,0,0,0,0,32,32,4935,0,0,0,0,0,0,0,0,0
200802,999,13380, ,Bellingham  WA ,26,26,5192,1,2,150,1,3,800,1,15,1162,22,22,4349,0,0,0,0,0,0,0,0,0
200802,999,13740, ,Billings  MT ,76,76,8066,0,0,0,0,0,0,0,0,0,76,76,8066,0,0,0,0,0,0,0,0,0
200802,999,13780, ,Binghamton  NY ,1,1,175,0,0,0,0,0,0,0,0,0,1,1,175,0,0,0,0,0,0,0,0,0
200802,999,13900, ,Bismarck  ND ,24,24,3777,0,0,0,0,0,0,3,18,2266,24,24,3777,0,0,0,0,0,0,3,18,2266
200802,999,14020, ,Bloomington  IN ,19,19,2904,0,0,0,1,3,194,0,0,0,19,19,2904,0,0,0,1,3,194,0,0,0
200802,999,14060, ,Bloomington-Normal  IL ,26,26,2387,0,0,0,0,0,0,1,5,173,18,18,1173,0,0,0,0,0,0,0,0,0
200802,999,14260,C,Boise City-Nampa  ID ,257,257,47871,1,2,250,6,20,1782,0,0,0,238,238,42340,1,2,250,5,17,1413,0,0,0
200802,999,14540, ,Bowling Green  KY ,28,28,4546,0,0,0,0,0,0,0,0,0,28,28,4546,0,0,0,0,0,0,0,0,0
200802,999,15260, ,Brunswick  GA ,38,38,8855,0,0,0,0,0,0,0,0,0,0,0,0,0,0,0,0,0,0,0,0,0
200802,999,15540, ,Burlington-South Burlington  VT ,18,18,3750,0,0,0,0,0,0,0,0,0,9,9,1811,0,0,0,0,0,0,0,0,0
200802,999,15940, ,Canton-Massillon  OH ,23,23,4033,0,0,0,0,0,0,1,5,238,20,20,3706,0,0,0,0,0,0,0,0,0
200802,999,15980,C,Cape Coral-Fort Myers  FL ,118,118,38419,1,2,300,0,0,0,2,16,5402,118,118,38419,1,2,300,0,0,0,2,16,5402
200802,999,16180,C,Carson City  NV ,1,1,131,0,0,0,0,0,0,0,0,0,1,1,131,0,0,0,0,0,0,0,0,0
200802,999,16220, ,Casper  WY ,13,13,1838,0,0,0,0,0,0,0,0,0,13,13,1838,0,0,0,0,0,0,0,0,0
200802,999,16300, ,Cedar Rapids  IA ,23,23,2471,0,0,0,2,8,554,0,0,0,23,23,2471,0,0,0,2,8,554,0,0,0
200802,999,16580, ,Champaign-Urbana  IL ,16,16,3513,0,0,0,0,0,0,6,96,10770,16,16,3513,0,0,0,0,0,0,6,96,10770
200802,999,16620, ,Charleston  WV ,10,10,1557,0,0,0,0,0,0,0,0,0,1,1,100,0,0,0,0,0,0,0,0,0
200802,999,16700,C,Charleston-North Charleston-Summerville  SC ,264,264,51804,1,2,243,1,3,264,3,48,5123,94,94,16867,0,0,0,0,0,0,0,0,0
200802,999,16820, ,Charlottesville  VA ,45,45,10338,0,0,0,0,0,0,1,9,1021,22,22,3994,0,0,0,0,0,0,0,0,0
200802,999,16940, ,Cheyenne  WY ,14,14,2467,0,0,0,0,0,0,0,0,0,0,0,0,0,0,0,0,0,0,0,0,0
200802,999,17020, ,Chico  CA ,47,47,6723,1,2,242,0,0,0,0,0,0,47,47,6723,1,2,242,0,0,0,0,0,0
200802,999,17300, ,Clarksville  TN-KY ,74,74,8479,1,2,50,0,0,0,0,0,0,70,70,8198,1,2,50,0,0,0,0,0,0
200802,999,17660, ,Coeur dAlene  ID ,46,46,8920,0,0,0,0,0,0,1,19,6524,38,38,7395,0,0,0,0,0,0,0,0,0
200802,999,17780, ,College Station-Bryan  TX ,92,92,15953,0,0,0,2,6,515,5,29,2602,92,92,15953,0,0,0,2,6,515,5,29,2602
200802,999,17820,C,Colorado Springs  CO ,148,148,17278,0,0,0,0,0,0,0,0,0,147,147,17189,0,0,0,0,0,0,0,0,0
200802,999,17860, ,Columbia  MO ,67,67,9358,0,0,0,0,0,0,0,0,0,67,67,9358,0,0,0,0,0,0,0,0,0
200802,999,19060, ,Cumberland  MD-WV ,6,6,991,0,0,0,0,0,0,0,0,0,6,6,991,0,0,0,0,0,0,0,0,0
200802,999,19140, ,Dalton  GA ,23,23,3157,0,0,0,0,0,0,1,5,257,7,7,1194,0,0,0,0,0,0,0,0,0
200802,999,19180, ,Danville  IL ,0,0,0,0,0,0,0,0,0,0,0,0,0,0,0,0,0,0,0,0,0,0,0,0
200802,999,19260, ,Danville  VA ,9,9,1118,0,0,0,0,0,0,0,0,0,0,0,0,0,0,0,0,0,0,0,0,0
200802,999,19340, ,Davenport-Moline-Rock Island  IA-IL ,12,12,2301,0,0,0,0,0,0,0,0,0,11,11,2133,0,0,0,0,0,0,0,0,0
200802,999,19500, ,Decatur  IL ,0,0,0,0,0,0,0,0,0,0,0,0,0,0,0,0,0,0,0,0,0,0,0,0
200802,999,20100,C,Dover  DE ,55,55,8201,0,0,0,0,0,0,0,0,0,15,15,1516,0,0,0,0,0,0,0,0,0
200802,999,20220, ,Dubuque  IA ,7,7,1174,2,4,373,0,0,0,0,0,0,7,7,1174,2,4,373,0,0,0,0,0,0
200802,999,20260, ,Duluth  MN-WI ,14,14,1786,0,0,0,0,0,0,1,5,568,1,1,195,0,0,0,0,0,0,0,0,0
200802,999,20940, ,El Centro  CA ,38,38,6146,0,0,0,0,0,0,1,5,442,14,14,1969,0,0,0,0,0,0,0,0,0
200802,999,21300, ,Elmira  NY ,0,0,0,0,0,0,0,0,0,0,0,0,0,0,0,0,0,0,0,0,0,0,0,0
200802,999,21340, ,El Paso  TX ,257,257,36103,0,0,0,0,0,0,9,152,8233,257,257,36103,0,0,0,0,0,0,9,152,8233
200802,999,21500, ,Erie  PA ,3,3,396,0,0,0,0,0,0,0,0,0,3,3,396,0,0,0,0,0,0,0,0,0
200802,999,21660, ,Eugene-Springfield  OR ,67,67,12851,1,2,329,0,0,0,3,71,5708,67,67,12851,1,2,329,0,0,0,3,71,5708
200802,999,21780, ,Evansville  IN-KY ,30,30,4347,0,0,0,0,0,0,1,5,243,18,18,2842,0,0,0,0,0,0,0,0,0
200802,999,21820,C,Fairbanks  AK ,7,7,1469,1,2,242,0,0,0,0,0,0,0,0,0,0,0,0,0,0,0,0,0,0
200802,999,22140,C,Farmington  NM ,17,17,4492,0,0,0,1,4,208,0,0,0,17,17,4492,0,0,0,1,4,208,0,0,0
200802,999,22180, ,Fayetteville  NC ,130,130,20078,0,0,0,0,0,0,19,314,21244,130,130,20078,0,0,0,0,0,0,19,314,21244
200802,999,22220, ,Fayetteville-Springdale-Rogers  AR-MO ,93,93,14993,5,10,1154,6,23,2012,44,626,49149,68,68,10668,1,2,327,5,20,1756,42,604,47959
200802,999,22380, ,Flagstaff  AZ ,13,13,3192,0,0,0,0,0,0,0,0,0,13,13,3192,0,0,0,0,0,0,0,0,0
200802,999,22500, ,Florence  SC ,34,34,4526,0,0,0,0,0,0,0,0,0,0,0,0,0,0,0,0,0,0,0,0,0
200802,999,22520, ,Florence-Muscle Shoals  AL ,30,30,3667,0,0,0,0,0,0,3,40,1133,30,30,3667,0,0,0,0,0,0,3,40,1133
200802,999,22660,C,Fort Collins-Loveland  CO ,47,47,10558,0,0,0,0,0,0,1,8,864,45,45,10052,0,0,0,0,0,0,1,8,864
200802,999,22900, ,Fort Smith  AR-OK ,33,33,4749,0,0,0,0,0,0,1,8,275,30,30,4371,0,0,0,0,0,0,1,8,275
200802,999,23020, ,Fort Walton Beach-Crestview-Destin  FL ,26,26,6413,0,0,0,0,0,0,0,0,0,25,25,6244,0,0,0,0,0,0,0,0,0
200802,999,23460, ,Gadsden  AL ,7,7,948,0,0,0,0,0,0,0,0,0,7,7,948,0,0,0,0,0,0,0,0,0
200802,999,23540, ,Gainesville  FL ,40,40,5583,1,2,172,8,32,2489,2,35,2190,31,31,4536,1,2,172,8,32,2489,0,0,0
200802,999,24140, ,Goldsboro  NC ,40,40,6075,0,0,0,0,0,0,0,0,0,40,40,6075,0,0,0,0,0,0,0,0,0
200802,999,24220, ,Grand Forks  ND-MN ,1,1,459,1,2,230,0,0,0,0,0,0,1,1,459,1,2,230,0,0,0,0,0,0
200802,999,24300,C,Grand Junction  CO ,42,42,9083,0,0,0,0,0,0,9,72,5607,42,42,9083,0,0,0,0,0,0,9,72,5607
200802,999,24500, ,Great Falls  MT ,9,9,1575,0,0,0,0,0,0,0,0,0,9,9,1575,0,0,0,0,0,0,0,0,0
200802,999,24540,C,Greeley  CO ,73,73,15763,0,0,0,1,3,193,1,13,2325,59,59,12238,0,0,0,0,0,0,0,0,0
200802,999,24580, ,Green Bay  WI ,33,33,3945,0,0,0,0,0,0,2,10,521,10,10,2237,0,0,0,0,0,0,0,0,0
200802,999,24780, ,Greenville  NC ,63,63,9995,5,10,709,0,0,0,0,0,0,63,63,9995,5,10,709,0,0,0,0,0,0
200802,999,25180, ,Hagerstown-Martinsburg  MD-WV ,87,87,17110,0,0,0,2,8,800,2,24,1320,87,87,17110,0,0,0,2,8,800,2,24,1320
200802,999,25260, ,Hanford-Corcoran  CA ,12,12,2064,0,0,0,1,4,285,1,5,266,1,1,248,0,0,0,0,0,0,0,0,0
200802,999,25500,C,Harrisonburg  VA ,28,28,5692,0,0,0,0,0,0,0,0,0,1,1,300,0,0,0,0,0,0,0,0,0
200802,999,25620, ,Hattiesburg  MS ,0,0,0,0,0,0,0,0,0,2,16,750,0,0,0,0,0,0,0,0,0,2,16,750
200802,999,25860, ,Hickory-Lenoir-Morganton  NC ,86,86,18913,0,0,0,0,0,0,1,8,516,86,86,18913,0,0,0,0,0,0,1,8,516
200802,999,26180,C,Honolulu  HI ,49,49,13564,0,0,0,0,0,0,1,73,9211,0,0,0,0,0,0,0,0,0,0,0,0
200802,999,26300, ,Hot Springs  AR ,5,5,547,0,0,0,0,0,0,0,0,0,0,0,0,0,0,0,0,0,0,0,0,0
200802,999,26380, ,Houma-Bayou Cane-Thibodaux  LA ,52,52,9957,0,0,0,0,0,0,0,0,0,52,52,9957,0,0,0,0,0,0,0,0,0
200802,999,26580, ,Huntington-Ashland  WV-KY-OH ,5,5,443,0,0,0,0,0,0,1,5,275,0,0,0,0,0,0,0,0,0,0,0,0
200802,999,26980, ,Iowa City  IA ,15,15,2978,0,0,0,0,0,0,0,0,0,14,14,2819,0,0,0,0,0,0,0,0,0
200802,999,27100, ,Jackson  MI ,3,3,445,0,0,0,0,0,0,0,0,0,1,1,150,0,0,0,0,0,0,0,0,0
200802,999,27260,C,Jacksonville  FL ,400,400,73960,0,0,0,0,0,0,2,40,8801,398,398,73476,0,0,0,0,0,0,2,40,8801
200802,999,27340, ,Jacksonville  NC ,100,100,11550,0,0,0,1,3,162,3,15,810,100,100,11550,0,0,0,1,3,162,3,15,810
200802,999,27500, ,Janesville  WI ,11,11,1954,2,4,419,0,0,0,0,0,0,10,10,1826,2,4,419,0,0,0,0,0,0
200802,999,27620, ,Jefferson City  MO ,6,6,986,0,0,0,1,3,197,0,0,0,3,3,562,0,0,0,0,0,0,0,0,0
200802,999,27780, ,Johnstown  PA ,2,2,273,0,0,0,0,0,0,0,0,0,1,1,165,0,0,0,0,0,0,0,0,0
200802,999,27900, ,Joplin  MO ,4,4,554,0,0,0,0,0,0,0,0,0,0,0,0,0,0,0,0,0,0,0,0,0
200802,999,28020, ,Kalamazoo-Portage  MI ,21,21,3821,1,2,525,0,0,0,0,0,0,17,17,3312,1,2,525,0,0,0,0,0,0
200802,999,28420, ,Kennewick-Pasco-Richland  WA ,59,59,12039,1,2,309,0,0,0,0,0,0,20,20,3952,0,0,0,0,0,0,0,0,0
200802,999,28660, ,Killeen-Temple-Fort Hood  TX ,128,128,17477,7,14,912,4,16,462,24,163,5081,128,128,17477,7,14,912,4,16,462,24,163,5081
200802,999,29100, ,La Crosse  WI-MN ,8,8,1510,0,0,0,0,0,0,0,0,0,8,8,1510,0,0,0,0,0,0,0,0,0
200802,999,29420, ,Lake Havasu City-Kingman  AZ ,46,46,7817,1,2,115,8,31,3292,0,0,0,46,46,7817,1,2,115,8,31,3292,0,0,0
200802,999,29460,C,Lakeland-Winter Haven  FL ,280,280,48202,0,0,0,2,7,438,0,0,0,270,270,46551,0,0,0,2,7,438,0,0,0
200802,999,29540, ,Lancaster  PA ,35,35,5915,0,0,0,0,0,0,1,25,1600,29,29,5149,0,0,0,0,0,0,1,25,1600
200802,999,29700,C,Laredo  TX ,79,79,8299,0,0,0,2,7,348,1,14,673,0,0,0,0,0,0,0,0,0,0,0,0
200802,999,29740,C,Las Cruces  NM ,65,65,11994,0,0,0,1,4,291,2,18,1391,22,22,5976,0,0,0,0,0,0,0,0,0
200802,999,29940, ,Lawrence  KS ,11,11,1860,0,0,0,0,0,0,0,0,0,0,0,0,0,0,0,0,0,0,0,0,0
200802,999,30020, ,Lawton  OK ,12,12,2385,0,0,0,0,0,0,0,0,0,12,12,2385,0,0,0,0,0,0,0,0,0
200802,999,30300, ,Lewiston  ID-WA ,2,2,394,1,2,355,0,0,0,1,5,468,0,0,0,0,0,0,0,0,0,0,0,0
200802,999,30700, ,Lincoln  NE ,27,27,4808,0,0,0,0,0,0,1,7,285,0,0,0,0,0,0,0,0,0,0,0,0
200802,999,30860, ,Logan  UT-ID ,10,10,1732,0,0,0,0,0,0,2,12,813,6,6,1026,0,0,0,0,0,0,0,0,0
200802,999,31020, ,Longview  WA ,33,33,7101,0,0,0,0,0,0,1,5,769,31,31,6794,0,0,0,0,0,0,0,0,0
200802,999,31340, ,Lynchburg  VA ,91,91,14515,0,0,0,0,0,0,0,0,0,78,78,12540,0,0,0,0,0,0,0,0,0
200802,999,32580,C,McAllen-Edinburg-Mission  TX ,312,312,45798,2,4,362,7,28,2884,1,15,1970,294,294,44746,2,4,362,7,28,2884,1,15,1970
200802,999,32780, ,Medford  OR ,36,36,6887,0,0,0,0,0,0,0,0,0,31,31,5943,0,0,0,0,0,0,0,0,0
200802,999,32820,C,Memphis  TN-MS-AR ,209,209,35582,3,6,544,0,0,0,0,0,0,174,174,30821,3,6,544,0,0,0,0,0,0
200802,999,32900, ,Merced  CA ,13,13,2455,0,0,0,0,0,0,7,105,9017,13,13,2455,0,0,0,0,0,0,7,105,9017
200802,999,33100,C,Miami-Fort Lauderdale-Miami Beach  FL ,347,347,72188,12,24,2713,4,14,1361,16,858,75768,279,279,55319,5,10,827,4,14,1361,5,288,33881
200802,999,33540,C,Missoula  MT ,16,16,2336,2,4,334,0,0,0,1,36,2191,16,16,2336,2,4,334,0,0,0,1,36,2191
200802,999,33700, ,Modesto  CA ,17,17,3573,0,0,0,0,0,0,1,8,800,10,10,2489,0,0,0,0,0,0,1,8,800
200802,999,34060, ,Morgantown  WV ,4,4,780,0,0,0,0,0,0,1,56,2535,4,4,780,0,0,0,0,0,0,1,56,2535
200802,999,34620, ,Muncie  IN ,2,2,190,0,0,0,0,0,0,0,0,0,2,2,190,0,0,0,0,0,0,0,0,0
200802,999,34940,C,Naples-Marco Island  FL ,47,47,31762,0,0,0,4,16,4376,1,16,1991,47,47,31762,0,0,0,4,16,4376,1,16,1991
200802,999,35660, ,Niles-Benton Harbor  MI ,5,5,1365,0,0,0,0,0,0,0,0,0,5,5,1365,0,0,0,0,0,0,0,0,0
200802,999,35980, ,Norwich-New London  CT ,23,23,4473,0,0,0,0,0,0,0,0,0,20,20,4002,0,0,0,0,0,0,0,0,0
200802,999,36100,C,Ocala  FL ,101,101,15695,1,2,199,0,0,0,0,0,0,101,101,15695,1,2,199,0,0,0,0,0,0
200802,999,36140,C,Ocean City  NJ ,32,32,10722,1,2,214,0,0,0,0,0,0,31,31,10538,1,2,214,0,0,0,0,0,0
200802,999,36980, ,Owensboro  KY ,15,15,1559,0,0,0,0,0,0,0,0,0,15,15,1559,0,0,0,0,0,0,0,0,0
200802,999,37340,C,Palm Bay-Melbourne-Titusville  FL ,108,108,24833,0,0,0,0,0,0,2,42,6317,61,61,12609,0,0,0,0,0,0,1,12,1835
200802,999,37460, ,Panama City-Lynn Haven  FL ,34,34,4102,0,0,0,0,0,0,9,216,16251,34,34,4102,0,0,0,0,0,0,9,216,16251
200802,999,37620, ,Parkersburg-Marietta-Vienna  WV-OH ,10,10,1053,0,0,0,0,0,0,0,0,0,9,9,905,0,0,0,0,0,0,0,0,0
200802,999,37860,C,Pensacola-Ferry Pass-Brent  FL ,111,111,18374,1,2,181,0,0,0,0,0,0,111,111,18374,1,2,181,0,0,0,0,0,0
200802,999,38060,C,Phoenix-Mesa-Scottsdale  AZ ,1049,1049,210345,0,0,0,24,81,5428,12,233,7830,1039,1039,208697,0,0,0,24,81,5428,11,228,7469
200802,999,38340, ,Pittsfield  MA ,1,1,190,0,0,0,0,0,0,0,0,0,0,0,0,0,0,0,0,0,0,0,0,0
200802,999,38540, ,Pocatello  ID ,16,16,2130,0,0,0,0,0,0,0,0,0,9,9,1457,0,0,0,0,0,0,0,0,0
200802,999,38900,C,Portland-Vancouver-Beaverton  OR-WA ,386,386,80464,6,12,1409,3,11,1161,8,548,57170,335,335,70803,5,10,1167,3,11,1161,7,543,56788
200802,999,39140, ,Prescott  AZ ,68,68,14311,0,0,0,0,0,0,0,0,0,68,68,14311,0,0,0,0,0,0,0,0,0
200802,999,39300, ,Providence-New Bedford-Fall River  RI-MA ,85,85,17699,1,2,152,0,0,0,0,0,0,50,50,12600,0,0,0,0,0,0,0,0,0
200802,999,39340, ,Provo-Orem  UT ,79,79,18031,0,0,0,3,12,1539,1,5,828,75,75,17100,0,0,0,2,8,1037,0,0,0
200802,999,39380,C,Pueblo  CO ,36,36,5840,1,2,193,0,0,0,0,0,0,36,36,5840,1,2,193,0,0,0,0,0,0
200802,999,39660, ,Rapid City  SD ,42,42,5628,0,0,0,0,0,0,0,0,0,42,42,5628,0,0,0,0,0,0,0,0,0
200802,999,39740, ,Reading  PA ,15,15,2730,1,2,246,0,0,0,0,0,0,4,4,704,0,0,0,0,0,0,0,0,0
200802,999,39820, ,Redding  CA ,25,25,5430,0,0,0,0,0,0,0,0,0,25,25,5430,0,0,0,0,0,0,0,0,0
200802,999,40060,C,Richmond  VA ,395,395,67946,2,4,362,2,8,824,1,190,18851,365,365,62894,2,4,362,2,8,824,1,190,18851
200802,999,40220, ,Roanoke  VA ,93,93,19353,0,0,0,1,4,518,0,0,0,79,79,16831,0,0,0,0,0,0,0,0,0
200802,999,40340, ,Rochester  MN ,17,17,5314,1,2,275,0,0,0,0,0,0,15,15,5015,1,2,275,0,0,0,0,0,0
200802,999,40580, ,Rocky Mount  NC ,33,33,3600,0,0,0,0,0,0,0,0,0,23,23,2799,0,0,0,0,0,0,0,0,0
200802,999,40660, ,Rome  GA ,15,15,2550,1,2,240,0,0,0,0,0,0,15,15,2550,1,2,240,0,0,0,0,0,0
200802,999,41100, ,St. George  UT ,76,76,13480,0,0,0,0,0,0,0,0,0,76,76,13480,0,0,0,0,0,0,0,0,0
200802,999,41140, ,St. Joseph  MO-KS ,3,3,483,0,0,0,0,0,0,0,0,0,0,0,0,0,0,0,0,0,0,0,0,0
200802,999,41420, ,Salem  OR ,45,45,10207,0,0,0,0,0,0,5,60,5827,38,38,8960,0,0,0,0,0,0,5,60,5827
200802,999,41500, ,Salinas  CA ,21,21,5080,0,0,0,0,0,0,0,0,0,19,19,4634,0,0,0,0,0,0,0,0,0
200802,999,41660,C,San Angelo  TX ,24,24,4021,0,0,0,0,0,0,0,0,0,24,24,4021,0,0,0,0,0,0,0,0,0
200802,999,41700,C,San Antonio  TX ,501,501,90140,0,0,0,0,0,0,30,608,60124,456,456,83211,0,0,0,0,0,0,27,591,58637
200802,999,41740,C,San Diego-Carlsbad-San Marcos  CA ,136,136,41061,2,4,465,0,0,0,14,187,22383,132,132,40237,2,4,465,0,0,0,14,187,22383
200802,999,41780, ,Sandusky  OH ,0,0,0,0,0,0,0,0,0,0,0,0,0,0,0,0,0,0,0,0,0,0,0,0
200802,999,42020, ,San Luis Obispo-Paso Robles  CA ,34,34,6890,0,0,0,0,0,0,0,0,0,34,34,6890,0,0,0,0,0,0,0,0,0
200802,999,42060, ,Santa Barbara-Santa Maria  CA ,7,7,2162,0,0,0,0,0,0,0,0,0,7,7,2162,0,0,0,0,0,0,0,0,0
200802,999,42540, ,Scranton--Wilkes-Barre  PA ,14,14,2202,0,0,0,0,0,0,0,0,0,2,2,432,0,0,0,0,0,0,0,0,0
200802,999,43100, ,Sheboygan  WI ,4,4,1013,0,0,0,0,0,0,1,5,375,1,1,195,0,0,0,0,0,0,0,0,0
200802,999,43300, ,Sherman-Denison  TX ,1,1,209,0,0,0,0,0,0,0,0,0,0,0,0,0,0,0,0,0,0,0,0,0
200802,999,43620, ,Sioux Falls  SD ,52,52,6463,3,6,820,2,8,690,1,15,789,52,52,6463,3,6,820,2,8,690,1,15,789
200802,999,44060, ,Spokane  WA ,57,57,8920,1,2,280,0,0,0,2,26,1688,20,20,3588,1,2,280,0,0,0,0,0,0
200802,999,44100, ,Springfield  IL ,8,8,1674,1,2,194,1,3,361,0,0,0,3,3,710,0,0,0,0,0,0,0,0,0
200802,999,44140, ,Springfield  MA ,14,14,2956,0,0,0,1,4,255,0,0,0,12,12,2658,0,0,0,1,4,255,0,0,0
200802,999,44180, ,Springfield  MO ,36,36,6221,6,12,1005,1,3,378,1,37,1476,18,18,3454,6,12,1005,0,0,0,0,0,0
200802,999,44300, ,State College  PA ,19,19,2942,0,0,0,0,0,0,0,0,78,19,19,2942,0,0,0,0,0,0,0,0,78
200802,999,44700,C,Stockton  CA ,46,46,9798,0,0,0,0,0,0,0,0,0,46,46,9798,0,0,0,0,0,0,0,0,0
200802,999,44940,C,Sumter  SC ,31,31,4642,0,0,0,0,0,0,0,0,0,31,31,4642,0,0,0,0,0,0,0,0,0
200802,999,45220, ,Tallahassee  FL ,80,80,14944,1,2,174,1,4,407,3,31,2071,29,29,6001,0,0,0,0,0,0,0,0,0
200802,999,45300,C,Tampa-St. Petersburg-Clearwater  FL ,477,477,83040,11,22,2783,5,15,1662,8,118,11671,476,476,82940,11,22,2783,5,15,1662,8,118,11671
200802,999,45460, ,Terre Haute  IN ,3,3,348,0,0,0,0,0,0,1,6,237,1,1,153,0,0,0,0,0,0,0,0,0
200802,999,45500, ,Texarkana  TX-Texarkana  AR ,8,8,781,0,0,0,0,0,0,0,0,0,8,8,781,0,0,0,0,0,0,0,0,0
200802,999,45820, ,Topeka  KS ,30,30,4537,0,0,0,0,0,0,0,0,0,29,29,4525,0,0,0,0,0,0,0,0,0
200802,999,46060,C,Tucson  AZ ,230,230,44915,3,6,521,1,4,226,1,8,564,165,165,34754,0,0,0,0,0,0,0,0,0
200802,999,46220, ,Tuscaloosa  AL ,41,41,6959,0,0,0,0,0,0,5,84,4644,17,17,2711,0,0,0,0,0,0,0,0,0
200802,999,46540, ,Utica-Rome  NY ,1,1,155,0,0,0,0,0,0,0,0,0,0,0,0,0,0,0,0,0,0,0,0,0
200802,999,46660, ,Valdosta  GA ,57,57,6359,0,0,0,0,0,0,1,8,250,57,57,6359,0,0,0,0,0,0,1,8,250
200802,999,47020, ,Victoria  TX ,5,5,708,0,0,0,0,0,0,0,0,0,0,0,0,0,0,0,0,0,0,0,0,0
200802,999,47260,C,Virginia Beach-Norfolk-Newport News  VA-NC ,375,375,71797,2,4,362,1,4,412,4,24,2381,375,375,71797,2,4,362,1,4,412,4,24,2381
200802,999,47300, ,Visalia-Porterville  CA ,110,110,18951,0,0,0,0,0,0,6,48,6000,109,109,18864,0,0,0,0,0,0,6,48,6000
200802,999,47380, ,Waco  TX ,55,55,8884,0,0,0,0,0,0,4,24,693,55,55,8884,0,0,0,0,0,0,4,24,693
200802,999,47940, ,Waterloo-Cedar Falls  IA ,7,7,1478,0,0,0,0,0,0,0,0,0,7,7,1478,0,0,0,0,0,0,0,0,0
200802,999,48260, ,Weirton-Steubenville  WV-OH ,1,1,157,0,0,0,0,0,0,0,0,0,1,1,157,0,0,0,0,0,0,0,0,0
200802,999,48300, ,Wenatchee  WA ,14,14,2212,0,0,0,0,0,0,2,19,1912,14,14,2212,0,0,0,0,0,0,2,19,1912
200802,999,48540, ,Wheeling  WV-OH ,0,0,0,0,0,0,0,0,0,0,0,0,0,0,0,0,0,0,0,0,0,0,0,0
200802,999,48660, ,Wichita Falls  TX ,12,12,2402,1,2,225,0,0,0,0,0,0,12,12,2402,1,2,225,0,0,0,0,0,0
200802,999,48900,C,Wilmington  NC ,280,280,48457,0,0,0,1,4,528,9,174,17094,125,125,24031,0,0,0,0,0,0,7,160,14951
200802,999,49420, ,Yakima  WA ,12,12,2495,0,0,0,0,0,0,0,0,0,12,12,2495,0,0,0,0,0,0,0,0,0
200802,999,49740, ,Yuma  AZ ,58,58,6994,0,0,0,0,0,0,0,0,0,49,49,6189,0,0,0,0,0,0,0,0,0
