Survey,CSA,CBSA,MONCOV,CBSA,,1-unit,,,2-units,,,3-4 units,,,5+ units,,,1-unit rep,,,2-units rep,,,3-4 units rep,,,5+ units rep
Date,Code,Code,,Name,Bldgs,Units,Value,Bldgs,Units,Value,Bldgs,Units,Value,Bldgs,Units,Value,Bldgs,Units,Value,Bldgs,Units,Value,      Bldgs,Units,Value,Bldgs,Units,Value
 
200903,102,18700, ,Corvallis  OR ,1,1,76,0,0,0,0,0,0,0,0,0,1,1,76,0,0,0,0,0,0,0,0,0
200903,104,10580, ,Albany-Schenectady-Troy  NY ,44,44,11230,0,0,0,5,20,1475,4,38,1501,36,36,9792,0,0,0,5,20,1475,4,38,1501
200903,104,24020, ,Glens Falls  NY ,9,9,1344,0,0,0,0,0,0,0,0,0,2,2,440,0,0,0,0,0,0,0,0,0
200903,112,11180, ,Ames  IA ,5,5,1483,0,0,0,0,0,0,0,0,0,5,5,1483,0,0,0,0,0,0,0,0,0
200903,118,11540, ,Appleton  WI ,23,23,4930,1,2,230,0,0,0,0,0,0,23,23,4930,1,2,230,0,0,0,0,0,0
200903,118,36780, ,Oshkosh-Neenah  WI ,21,21,3496,0,0,0,0,0,0,0,0,0,21,21,3496,0,0,0,0,0,0,0,0,0
200903,120,11700, ,Asheville  NC ,93,93,16631,0,0,0,0,0,0,6,106,5308,69,69,11950,0,0,0,0,0,0,5,100,4750
200903,122,12060,C,Atlanta-Sandy Springs-Marietta  GA ,474,474,86607,1,2,425,2,7,734,5,107,7178,432,432,79422,1,2,425,2,7,734,4,102,6844
200903,122,23580, ,Gainesville  GA ,11,11,1840,1,2,150,0,0,0,0,0,0,11,11,1840,1,2,150,0,0,0,0,0,0
200903,132,12940, ,Baton Rouge  LA ,174,174,21818,0,0,0,0,0,0,0,0,0,120,120,17134,0,0,0,0,0,0,0,0,0
200903,140,13460,C,Bend  OR ,38,38,9325,0,0,0,0,0,0,0,0,0,38,38,9325,0,0,0,0,0,0,0,0,0
200903,142,13820,C,Birmingham-Hoover  AL ,171,171,26874,0,0,0,0,0,0,2,11,766,131,131,19955,0,0,0,0,0,0,0,0,0
200903,148,14460,C,Boston-Cambridge-Quincy  MA-NH ,221,221,54567,14,28,3506,4,14,1618,8,92,6341,161,161,41602,11,22,2857,4,14,1618,3,67,4080
200903,148,31700, ,Manchester-Nashua  NH ,22,22,4669,0,0,0,0,0,0,1,5,481,17,17,3673,0,0,0,0,0,0,0,0,0
200903,148,49340, ,Worcester  MA ,31,31,5928,1,2,110,0,0,0,0,0,0,18,18,3573,1,2,110,0,0,0,0,0,0
200903,154,15180, ,Brownsville-Harlingen  TX ,57,57,4631,2,4,147,0,0,0,0,0,0,53,53,4031,2,4,147,0,0,0,0,0,0
200903,160,15380, ,Buffalo-Niagara Falls  NY ,45,45,8733,0,0,0,0,0,0,0,0,0,41,41,7997,0,0,0,0,0,0,0,0,0
200903,172,16740,C,Charlotte-Gastonia-Concord  NC-SC ,276,276,54783,0,0,0,0,0,0,3,231,21323,205,205,39273,0,0,0,0,0,0,2,226,20934
200903,174,16860, ,Chattanooga  TN-GA ,69,69,10527,1,2,91,0,0,0,1,5,458,45,45,7016,0,0,0,0,0,0,0,0,0
200903,174,17420, ,Cleveland  TN ,15,15,2354,1,2,145,1,4,210,0,0,0,15,15,2354,1,2,145,1,4,210,0,0,0
200903,176,16980,C,Chicago-Naperville-Joliet  IL-IN-WI ,320,320,76446,5,10,1715,7,21,5981,13,73,19733,241,241,59118,5,10,1715,6,18,5758,7,39,16050
200903,176,28100, ,Kankakee-Bradley  IL ,1,1,111,0,0,0,0,0,0,0,0,0,1,1,111,0,0,0,0,0,0,0,0,0
200903,176,33140, ,Michigan City-La Porte  IN ,7,7,1347,0,0,0,0,0,0,0,0,0,0,0,0,0,0,0,0,0,0,0,0,0
200903,178,17140,C,Cincinnati-Middletown  OH-KY-IN ,237,237,43016,0,0,0,0,0,0,2,18,815,204,204,35382,0,0,0,0,0,0,0,0,0
200903,184,10420, ,Akron  OH ,31,31,4042,0,0,0,0,0,0,1,5,177,26,26,3544,0,0,0,0,0,0,0,0,0
200903,184,17460,C,Cleveland-Elyria-Mentor  OH ,116,116,21626,0,0,0,2,8,1015,0,0,0,93,93,17467,0,0,0,2,8,1015,0,0,0
200903,192,17900,C,Columbia  SC ,211,211,27514,0,0,0,0,0,0,2,55,4160,63,63,7889,0,0,0,0,0,0,1,38,3200
200903,194,12220,C,Auburn-Opelika  AL ,49,49,10159,0,0,0,0,0,0,1,5,654,34,34,6733,0,0,0,0,0,0,0,0,0
200903,194,17980, ,Columbus  GA-AL ,61,61,9827,0,0,0,1,3,136,1,9,679,43,43,7921,0,0,0,0,0,0,0,0,0
200903,198,18140,C,Columbus  OH ,210,210,44690,2,4,1309,1,4,275,3,18,1366,190,190,40823,2,4,1309,1,4,275,3,18,1366
200903,204,18580, ,Corpus Christi  TX ,53,53,6335,0,0,0,0,0,0,0,0,0,4,4,475,0,0,0,0,0,0,0,0,0
200903,206,19100,C,Dallas-Fort Worth-Arlington  TX ,976,976,199879,9,18,1249,1,3,113,51,626,36901,862,862,175636,9,18,1249,1,3,113,49,603,35712
200903,212,19380, ,Dayton  OH ,50,50,11272,0,0,0,1,3,113,1,5,510,34,34,6862,0,0,0,0,0,0,0,0,0
200903,212,44220, ,Springfield  OH ,0,0,0,0,0,0,0,0,0,0,0,0,0,0,0,0,0,0,0,0,0,0,0,0
200903,216,14500, ,Boulder  CO ,7,7,2421,0,0,0,1,3,150,0,0,0,5,5,1276,0,0,0,1,3,150,0,0,0
200903,216,19740,C,Denver-Aurora-Broomfield  CO ,139,139,34049,1,2,251,0,0,0,6,137,13203,119,119,29836,1,2,251,0,0,0,5,127,12468
200903,218,19780,C,Des Moines-West Des Moines  IA ,122,122,24302,1,2,232,0,0,0,0,0,0,113,113,23166,1,2,232,0,0,0,0,0,0
200903,220,11460, ,Ann Arbor  MI ,8,8,1226,0,0,0,0,0,0,1,5,302,1,1,230,0,0,0,0,0,0,0,0,0
200903,220,19820,C,Detroit-Warren-Livonia  MI ,63,63,13162,0,0,0,0,0,0,0,0,0,49,49,10165,0,0,0,0,0,0,0,0,0
200903,220,22420, ,Flint  MI ,3,3,694,0,0,0,0,0,0,0,0,0,3,3,694,0,0,0,0,0,0,0,0,0
200903,220,33780, ,Monroe  MI ,1,1,181,0,0,0,0,0,0,0,0,0,0,0,0,0,0,0,0,0,0,0,0,0
200903,222,20020, ,Dothan  AL ,10,10,2497,0,0,0,0,0,0,0,0,0,10,10,2497,0,0,0,0,0,0,0,0,0
200903,232,20740, ,Eau Claire  WI ,7,7,1568,1,2,120,0,0,0,0,0,0,7,7,1568,1,2,120,0,0,0,0,0,0
200903,244,22020, ,Fargo  ND-MN ,0,0,0,0,0,0,0,0,0,0,0,0,0,0,0,0,0,0,0,0,0,0,0,0
200903,252,22540, ,Fond du Lac  WI ,3,3,494,0,0,0,0,0,0,0,0,0,1,1,185,0,0,0,0,0,0,0,0,0
200903,258,23060,C,Fort Wayne  IN ,49,49,8056,0,0,0,0,0,0,0,0,0,49,49,8056,0,0,0,0,0,0,0,0,0
200903,260,23420, ,Fresno  CA ,121,121,22206,1,2,195,2,8,728,3,17,1171,63,63,12991,0,0,0,0,0,0,0,0,0
200903,260,31460, ,Madera-Chowchilla  CA ,6,6,1080,1,2,204,12,48,3534,0,0,0,6,6,1080,1,2,204,12,48,3534,0,0,0
200903,266,24340,C,Grand Rapids-Wyoming  MI ,40,40,7750,1,2,240,0,0,0,0,0,0,15,15,3096,1,2,240,0,0,0,0,0,0
200903,266,26100, ,Holland-Grand Haven  MI ,15,15,2181,0,0,0,0,0,0,0,0,0,6,6,988,0,0,0,0,0,0,0,0,0
200903,266,34740, ,Muskegon-Norton Shores  MI ,3,3,383,1,2,188,0,0,0,0,0,0,2,2,225,1,2,188,0,0,0,0,0,0
200903,268,15500, ,Burlington  NC ,52,52,7390,0,0,0,0,0,0,0,0,0,28,28,3808,0,0,0,0,0,0,0,0,0
200903,268,24660,C,Greensboro-High Point  NC ,104,104,20322,0,0,0,0,0,0,6,112,6405,57,57,10162,0,0,0,0,0,0,5,105,5681
200903,268,49180, ,Winston-Salem  NC ,61,61,8315,0,0,0,0,0,0,0,0,0,61,61,8315,0,0,0,0,0,0,0,0,0
200903,273,11340, ,Anderson  SC ,16,16,3010,0,0,0,0,0,0,0,0,0,16,16,3010,0,0,0,0,0,0,0,0,0
200903,273,24860,C,Greenville  SC ,161,161,27705,0,0,0,0,0,0,0,0,0,157,157,27202,0,0,0,0,0,0,0,0,0
200903,273,43900, ,Spartanburg  SC ,41,41,4792,0,0,0,0,0,0,0,0,0,41,41,4792,0,0,0,0,0,0,0,0,0
200903,274,25060, ,Gulfport-Biloxi  MS ,128,128,13668,12,24,1743,4,16,989,0,0,0,128,128,13668,12,24,1743,4,16,989,0,0,0
200903,274,37700, ,Pascagoula  MS ,68,68,8436,0,0,0,0,0,0,1,6,1042,49,49,5910,0,0,0,0,0,0,0,0,0
200903,276,25420, ,Harrisburg-Carlisle  PA ,56,56,9658,0,0,0,0,0,0,1,16,900,49,49,8459,0,0,0,0,0,0,1,16,900
200903,276,30140, ,Lebanon  PA ,28,28,4219,0,0,0,0,0,0,0,0,0,26,26,3895,0,0,0,0,0,0,0,0,0
200903,278,25540, ,Hartford-West Hartford-East Hartford  CT ,37,37,7579,0,0,0,0,0,0,1,5,65,29,29,6051,0,0,0,0,0,0,0,0,0
200903,288,26420,C,Houston-Sugar Land-Baytown  TX ,1708,1708,300422,2,4,401,0,0,0,11,350,27807,1575,1575,276803,2,4,401,0,0,0,7,321,26466
200903,290,19460, ,Decatur  AL ,4,4,543,0,0,0,0,0,0,0,0,0,4,4,543,0,0,0,0,0,0,0,0,0
200903,290,26620, ,Huntsville  AL ,127,127,17366,0,0,0,0,0,0,8,155,7304,26,26,8636,0,0,0,0,0,0,6,120,5133
200903,292,26820, ,Idaho Falls  ID ,29,29,2742,0,0,0,0,0,0,0,0,0,29,29,2742,0,0,0,0,0,0,0,0,0
200903,294,11300, ,Anderson  IN ,4,4,802,0,0,0,0,0,0,0,0,0,2,2,409,0,0,0,0,0,0,0,0,0
200903,294,18020, ,Columbus  IN ,13,13,1953,0,0,0,0,0,0,0,0,0,13,13,1953,0,0,0,0,0,0,0,0,0
200903,294,26900,C,Indianapolis-Carmel  IN ,297,297,55355,3,6,908,0,0,0,11,240,15161,284,284,53574,3,6,908,0,0,0,11,240,15161
200903,296,27060, ,Ithaca  NY ,3,3,535,0,0,0,0,0,0,0,0,0,2,2,385,0,0,0,0,0,0,0,0,0
200903,297,27180, ,Jackson  TN ,7,7,845,0,0,0,0,0,0,0,0,0,7,7,845,0,0,0,0,0,0,0,0,0
200903,298,27140, ,Jackson  MS ,89,89,15995,0,0,0,0,0,0,0,0,0,81,81,15127,0,0,0,0,0,0,0,0,0
200903,304,27740, ,Johnson City  TN ,39,39,4420,1,2,160,0,0,0,0,0,0,26,26,3092,1,2,160,0,0,0,0,0,0
200903,304,28700, ,Kingsport-Bristol-Bristol  TN-VA ,28,28,3432,0,0,0,0,0,0,0,0,0,16,16,1710,0,0,0,0,0,0,0,0,0
200903,308,27860, ,Jonesboro  AR ,30,30,2981,0,0,0,0,0,0,0,0,0,29,29,2831,0,0,0,0,0,0,0,0,0
200903,312,28140,C,Kansas City  MO-KS ,115,115,23008,3,6,230,2,8,553,0,0,0,90,90,19356,2,4,120,2,8,553,0,0,0
200903,314,28940, ,Knoxville  TN ,112,112,13914,0,0,0,0,0,0,2,20,1204,15,15,2857,0,0,0,0,0,0,0,0,0
200903,316,29020, ,Kokomo  IN ,1,1,202,0,0,0,0,0,0,1,60,3500,0,0,0,0,0,0,0,0,0,1,60,3500
200903,318,29180, ,Lafayette  LA ,53,53,8699,0,0,0,0,0,0,1,6,293,26,26,5160,0,0,0,0,0,0,0,0,0
200903,320,29140, ,Lafayette  IN ,35,35,6062,0,0,0,0,0,0,0,0,0,35,35,6062,0,0,0,0,0,0,0,0,0
200903,324,29340, ,Lake Charles  LA ,30,30,4822,1,2,125,0,0,0,1,12,902,12,12,2117,0,0,0,0,0,0,0,0,0
200903,330,29620, ,Lansing-East Lansing  MI ,10,10,2003,0,0,0,0,0,0,1,5,202,7,7,1387,0,0,0,0,0,0,0,0,0
200903,332,29820,C,Las Vegas-Paradise  NV ,229,229,32796,5,10,1290,0,0,0,20,498,28064,229,229,32796,5,10,1290,0,0,0,20,498,28064
200903,336,30460, ,Lexington-Fayette  KY ,119,119,15005,3,6,850,1,4,300,0,0,0,114,114,14150,3,6,850,1,4,300,0,0,0
200903,338,30620, ,Lima  OH ,0,0,0,0,0,0,0,0,0,0,0,0,0,0,0,0,0,0,0,0,0,0,0,0
200903,340,30780, ,Little Rock-North Little Rock  AR ,140,140,19706,2,4,140,0,0,0,2,79,4219,127,127,17931,2,4,140,0,0,0,2,79,4219
200903,340,38220, ,Pine Bluff  AR ,1,1,150,1,2,113,0,0,0,0,0,0,0,0,0,1,2,113,0,0,0,0,0,0
200903,346,30980, ,Longview  TX ,9,9,1628,0,0,0,0,0,0,1,5,230,0,0,0,0,0,0,0,0,0,0,0,0
200903,348,31100,C,Los Angeles-Long Beach-Santa Ana  CA ,230,230,67706,20,40,5504,8,25,4339,15,337,48028,206,206,59834,18,36,4850,7,22,4112,12,312,44652
200903,348,37100, ,Oxnard-Thousand Oaks-Ventura  CA ,16,16,5553,1,2,324,0,0,0,1,5,469,6,6,3281,0,0,0,0,0,0,0,0,0
200903,348,40140,C,Riverside-San Bernardino-Ontario  CA ,361,361,84786,1,2,177,2,6,577,7,119,10827,337,337,79286,1,2,177,0,0,0,6,114,10475
200903,350,21060, ,Elizabethtown  KY ,17,17,2552,0,0,0,0,0,0,0,0,0,7,7,1125,0,0,0,0,0,0,0,0,0
200903,350,31140,C,Louisville-Jefferson County  KY-IN ,148,148,25819,0,0,0,1,4,370,3,28,1652,67,67,11575,0,0,0,0,0,0,0,0,0
200903,352,31180, ,Lubbock  TX ,66,66,14636,0,0,0,0,0,0,0,0,0,66,66,14636,0,0,0,0,0,0,0,0,0
200903,356,31420, ,Macon  GA ,13,13,1480,0,0,0,0,0,0,0,0,0,13,13,1480,0,0,0,0,0,0,0,0,0
200903,356,47580, ,Warner Robins  GA ,36,36,5290,0,0,0,0,0,0,0,0,0,36,36,5290,0,0,0,0,0,0,0,0,0
200903,358,31540,C,Madison  WI ,47,47,11900,1,2,189,1,3,248,1,5,323,45,45,11420,0,0,0,0,0,0,0,0,0
200903,360,31900, ,Mansfield  OH ,4,4,584,0,0,0,0,0,0,0,0,0,4,4,584,0,0,0,0,0,0,0,0,0
200903,372,33260,C,Midland  TX ,33,33,4005,0,0,0,0,0,0,0,0,0,33,33,4005,0,0,0,0,0,0,0,0,0
200903,372,36220,C,Odessa  TX ,15,15,2166,0,0,0,0,0,0,0,0,0,15,15,2166,0,0,0,0,0,0,0,0,0
200903,376,33340,C,Milwaukee-Waukesha-West Allis  WI ,75,75,19949,2,4,480,1,4,275,2,29,2983,64,64,16517,2,4,480,1,4,275,1,24,2575
200903,376,39540, ,Racine  WI ,10,10,1861,0,0,0,0,0,0,0,0,0,10,10,1861,0,0,0,0,0,0,0,0,0
200903,378,33460,C,Minneapolis-St. Paul-Bloomington  MN-WI ,212,212,49890,2,4,767,2,6,320,3,28,4154,185,185,44680,2,4,767,2,6,320,3,28,4154
200903,378,41060, ,St. Cloud  MN ,8,8,1313,0,0,0,0,0,0,1,5,315,4,4,831,0,0,0,0,0,0,0,0,0
200903,380,33660, ,Mobile  AL ,64,64,10942,1,2,195,0,0,0,0,0,0,62,62,10502,1,2,195,0,0,0,0,0,0
200903,384,33740, ,Monroe  LA ,9,9,1353,0,0,0,1,3,120,1,5,383,0,0,0,0,0,0,0,0,0,0,0,0
200903,388,33860, ,Montgomery  AL ,29,29,4199,0,0,0,0,0,0,0,0,0,26,26,3918,0,0,0,0,0,0,0,0,0
200903,392,34100, ,Morristown  TN ,13,13,2017,0,0,0,0,0,0,0,0,0,10,10,1621,0,0,0,0,0,0,0,0,0
200903,396,34820, ,Myrtle Beach-North Myrtle Beach-Conway  SC ,106,106,14461,0,0,0,0,0,0,1,13,2897,98,98,12373,0,0,0,0,0,0,0,0,0
200903,400,34980,C,Nashville-Davidson--Murfreesboro  TN ,345,345,61899,0,0,0,0,0,0,13,104,7980,291,291,51376,0,0,0,0,0,0,13,104,7980
200903,406,35380,C,New Orleans-Metairie-Kenner  LA ,194,194,31005,13,26,1367,0,0,0,1,10,1000,184,184,28932,13,26,1367,0,0,0,1,10,1000
200903,408,14860, ,Bridgeport-Stamford-Norwalk  CT ,26,26,11601,2,4,508,2,7,635,1,6,1120,20,20,5691,2,4,508,2,7,635,1,6,1120
200903,408,28740, ,Kingston  NY ,6,6,1155,1,2,215,0,0,0,0,0,0,6,6,1155,1,2,215,0,0,0,0,0,0
200903,408,35300, ,New Haven-Milford  CT ,14,14,1797,1,2,158,0,0,0,2,11,713,13,13,1632,1,2,158,0,0,0,1,6,405
200903,408,35620,C,New York-Northern New Jersey-Long Island  NY-NJ-PA ,455,455,118240,67,134,14302,15,45,4404,37,488,45014,306,306,83536,60,120,13170,14,42,3812,22,402,35679
200903,408,39100, ,Poughkeepsie-Newburgh-Middletown  NY ,26,26,5192,0,0,0,0,0,0,1,5,570,20,20,4094,0,0,0,0,0,0,0,0,0
200903,408,45940,C,Trenton-Ewing  NJ ,18,18,2488,0,0,0,0,0,0,1,8,758,9,9,1468,0,0,0,0,0,0,1,8,758
200903,416,36420,C,Oklahoma City  OK ,220,220,36798,3,6,476,2,6,442,1,10,562,104,104,19242,2,4,318,1,3,180,0,0,0
200903,420,36540,C,Omaha-Council Bluffs  NE-IA ,170,170,24081,1,2,158,0,0,0,0,0,0,168,168,23702,1,2,158,0,0,0,0,0,0
200903,422,19660,C,Deltona-Daytona Beach-Ormond Beach  FL ,52,52,14602,0,0,0,0,0,0,1,6,588,23,23,8190,0,0,0,0,0,0,0,0,0
200903,422,36740,C,Orlando-Kissimmee  FL ,235,235,58552,4,8,854,0,0,0,15,456,49532,232,232,57846,4,8,854,0,0,0,15,456,49532
200903,422,37380, ,Palm Coast  FL ,9,9,2824,0,0,0,0,0,0,0,0,0,9,9,2824,0,0,0,0,0,0,0,0,0
200903,426,37900, ,Peoria  IL ,24,24,5787,0,0,0,0,0,0,0,0,0,24,24,5787,0,0,0,0,0,0,0,0,0
200903,428,37980,C,Philadelphia-Camden-Wilmington  PA-NJ-DE-MD ,369,369,57643,4,8,850,2,6,609,3,93,7232,257,257,42891,4,8,850,2,6,609,2,88,7152
200903,428,47220,C,Vineland-Millville-Bridgeton  NJ ,21,21,2372,0,0,0,1,3,343,0,0,0,13,13,1424,0,0,0,0,0,0,0,0,0
200903,430,38300,C,Pittsburgh  PA ,160,160,33852,1,2,123,2,7,551,10,60,3831,124,124,26954,0,0,0,1,4,191,8,50,2862
200903,438,30340, ,Lewiston-Auburn  ME ,7,7,1020,0,0,0,0,0,0,0,0,0,3,3,325,0,0,0,0,0,0,0,0,0
200903,438,38860, ,Portland-South Portland-Biddeford  ME ,57,57,9363,1,2,586,0,0,0,0,0,0,34,34,5866,1,2,586,0,0,0,0,0,0
200903,442,38940,C,Port St. Lucie  FL ,32,32,5226,0,0,0,1,3,344,1,5,434,25,25,2570,0,0,0,0,0,0,0,0,0
200903,442,42680,C,Sebastian-Vero Beach  FL ,34,34,11271,0,0,0,0,0,0,0,0,0,34,34,11271,0,0,0,0,0,0,0,0,0
200903,450,20500,C,Durham-Chapel Hill  NC ,134,134,30177,0,0,0,0,0,0,0,0,0,134,134,30177,0,0,0,0,0,0,0,0,0
200903,450,39580,C,Raleigh-Cary  NC ,296,296,52090,3,6,686,0,0,0,0,0,0,278,278,48459,3,6,686,0,0,0,0,0,0
200903,456,39900,C,Reno-Sparks  NV ,53,53,10349,0,0,0,0,0,0,0,0,0,43,43,7942,0,0,0,0,0,0,0,0,0
200903,464,40380, ,Rochester  NY ,51,51,11923,1,2,145,0,0,0,1,5,177,38,38,9656,1,2,145,0,0,0,0,0,0
200903,466,40420, ,Rockford  IL ,11,11,1443,1,2,205,0,0,0,0,0,0,6,6,453,0,0,0,0,0,0,0,0,0
200903,472,40900,C,Sacramento--Arden-Arcade--Roseville  CA ,197,197,46897,0,0,0,0,0,0,0,0,0,196,196,46667,0,0,0,0,0,0,0,0,0
200903,472,49700, ,Yuba City  CA ,21,21,2377,0,0,0,0,0,0,0,0,0,21,21,2377,0,0,0,0,0,0,0,0,0
200903,474,13020, ,Bay City  MI ,2,2,240,0,0,0,0,0,0,0,0,0,2,2,240,0,0,0,0,0,0,0,0,0
200903,474,40980, ,Saginaw-Saginaw Township North  MI ,5,5,733,0,0,0,0,0,0,0,0,0,5,5,733,0,0,0,0,0,0,0,0,0
200903,476,41180,C,St. Louis  MO-IL ,279,279,53766,2,4,424,4,13,1158,3,25,2304,197,197,33870,2,4,424,3,10,832,1,12,1138
200903,480,41540, ,Salisbury  MD ,6,6,627,0,0,0,0,0,0,1,7,955,4,4,411,0,0,0,0,0,0,0,0,0
200903,482,36260, ,Ogden-Clearfield  UT ,83,83,15703,1,2,200,0,0,0,2,12,993,80,80,14493,1,2,200,0,0,0,1,6,469
200903,482,41620,C,Salt Lake City  UT ,108,108,19298,1,2,271,1,3,348,5,44,4047,96,96,16806,0,0,0,1,3,348,3,27,2479
200903,488,34900, ,Napa  CA ,0,0,0,0,0,0,0,0,0,0,0,0,0,0,0,0,0,0,0,0,0,0,0,0
200903,488,41860,C,San Francisco-Oakland-Fremont  CA ,169,169,48891,3,6,1347,3,9,2101,12,153,33373,155,155,43994,3,6,1347,3,9,2101,10,143,32427
200903,488,41940,C,San Jose-Sunnyvale-Santa Clara  CA ,36,36,14664,5,10,810,1,3,244,3,23,4874,27,27,12174,5,10,810,1,3,244,2,18,3840
200903,488,42100, ,Santa Cruz-Watsonville  CA ,3,3,681,0,0,0,0,0,0,0,0,0,3,3,681,0,0,0,0,0,0,0,0,0
200903,488,42220, ,Santa Rosa-Petaluma  CA ,39,39,9805,0,0,0,0,0,0,0,0,0,39,39,9805,0,0,0,0,0,0,0,0,0
200903,488,46700, ,Vallejo-Fairfield  CA ,16,16,3471,0,0,0,0,0,0,0,0,0,16,16,3471,0,0,0,0,0,0,0,0,0
200903,492,42140,C,Santa Fe  NM ,7,7,933,0,0,0,0,0,0,0,0,0,0,0,0,0,0,0,0,0,0,0,0,0
200903,494,14600,C,Bradenton-Sarasota-Venice  FL ,85,85,16729,0,0,0,1,4,618,1,18,6500,85,85,16729,0,0,0,1,4,618,1,18,6500
200903,494,39460,C,Punta Gorda  FL ,21,21,6826,0,0,0,1,4,751,0,0,0,21,21,6826,0,0,0,1,4,751,0,0,0
200903,496,25980, ,Hinesville-Fort Stewart  GA ,6,6,1293,0,0,0,0,0,0,0,0,0,6,6,1293,0,0,0,0,0,0,0,0,0
200903,496,42340, ,Savannah  GA ,81,81,13745,0,0,0,0,0,0,0,0,0,81,81,13745,0,0,0,0,0,0,0,0,0
200903,500,14740, ,Bremerton-Silverdale  WA ,28,28,6169,0,0,0,0,0,0,0,0,0,28,28,6169,0,0,0,0,0,0,0,0,0
200903,500,34580, ,Mount Vernon-Anacortes  WA ,15,15,2645,0,0,0,0,0,0,0,0,0,13,13,2146,0,0,0,0,0,0,0,0,0
200903,500,36500, ,Olympia  WA ,85,85,19486,1,2,280,2,8,1094,0,0,0,85,85,19486,1,2,280,2,8,1094,0,0,0
200903,500,42660,C,Seattle-Tacoma-Bellevue  WA ,328,328,74709,14,28,3746,4,14,1723,18,272,23622,300,300,66753,14,28,3746,3,11,1656,16,256,21865
200903,508,43340, ,Shreveport-Bossier City  LA ,83,83,16771,0,0,0,0,0,0,0,0,0,83,83,16771,0,0,0,0,0,0,0,0,0
200903,512,43580, ,Sioux City  IA-NE-SD ,4,4,800,1,2,345,0,0,0,0,0,0,3,3,621,1,2,345,0,0,0,0,0,0
200903,515,21140, ,Elkhart-Goshen  IN ,10,10,1715,0,0,0,0,0,0,0,0,0,10,10,1715,0,0,0,0,0,0,0,0,0
200903,515,43780, ,South Bend-Mishawaka  IN-MI ,15,15,3834,0,0,0,1,3,497,1,21,1800,14,14,3714,0,0,0,1,3,497,1,21,1800
200903,532,45060, ,Syracuse  NY ,28,28,5646,0,0,0,0,0,0,1,29,1400,28,28,5646,0,0,0,0,0,0,1,29,1400
200903,534,45780, ,Toledo  OH ,22,22,6201,0,0,0,0,0,0,1,5,396,16,16,4937,0,0,0,0,0,0,0,0,0
200903,538,46140,C,Tulsa  OK ,209,209,32275,0,0,0,0,0,0,1,38,2000,202,202,31395,0,0,0,0,0,0,1,38,2000
200903,540,46340, ,Tyler  TX ,10,10,1765,0,0,0,1,3,150,1,5,231,0,0,0,0,0,0,0,0,0,0,0,0
200903,548,12580,C,Baltimore-Towson  MD ,196,196,35270,1,2,150,0,0,0,1,14,1250,186,186,33569,1,2,150,0,0,0,1,14,1250
200903,548,47900,C,Washington-Arlington-Alexandria  DC-VA-MD-WV ,764,764,160218,0,0,0,1,4,381,6,289,21257,725,725,152197,0,0,0,1,4,381,4,276,20285
200903,548,49020, ,Winchester  VA-WV ,22,22,3261,0,0,0,0,0,0,0,0,0,22,22,3261,0,0,0,0,0,0,0,0,0
200903,554,48140, ,Wausau  WI ,4,4,640,1,2,135,0,0,0,2,28,1611,2,2,255,1,2,135,0,0,0,2,28,1611
200903,556,48620, ,Wichita  KS ,92,92,12696,2,4,326,0,0,0,15,168,6495,90,90,12441,1,2,166,0,0,0,15,168,6495
200903,558,48700, ,Williamsport  PA ,1,1,150,0,0,0,0,0,0,0,0,0,1,1,150,0,0,0,0,0,0,0,0,0
200903,564,49620, ,York-Hanover  PA ,53,53,8013,0,0,0,0,0,0,1,5,574,48,48,7187,0,0,0,0,0,0,0,0,0
200903,566,49660, ,Youngstown-Warren-Boardman  OH-PA ,14,14,2768,1,2,100,0,0,0,0,0,0,13,13,2593,0,0,0,0,0,0,0,0,0
200903,999,10180, ,Abilene  TX ,19,19,3023,0,0,0,0,0,0,0,0,0,19,19,3023,0,0,0,0,0,0,0,0,0
200903,999,10500, ,Albany  GA ,13,13,1488,1,2,150,0,0,0,0,0,0,0,0,0,0,0,0,0,0,0,0,0,0
200903,999,10740,C,Albuquerque  NM ,93,93,17570,0,0,0,3,11,1159,1,16,1227,9,9,1518,0,0,0,0,0,0,0,0,0
200903,999,10780, ,Alexandria  LA ,55,55,5948,0,0,0,0,0,0,0,0,0,49,49,5260,0,0,0,0,0,0,0,0,0
200903,999,10900,C,Allentown-Bethlehem-Easton  PA-NJ ,96,96,14649,0,0,0,0,0,0,0,0,0,67,67,10213,0,0,0,0,0,0,0,0,0
200903,999,11020, ,Altoona  PA ,1,1,61,0,0,0,0,0,0,0,0,0,0,0,0,0,0,0,0,0,0,0,0,0
200903,999,11100, ,Amarillo  TX ,37,37,8016,0,0,0,1,4,328,0,0,0,37,37,8016,0,0,0,1,4,328,0,0,0
200903,999,11260,C,Anchorage  AK ,19,19,5304,0,0,0,1,4,642,0,0,0,19,19,5304,0,0,0,1,4,642,0,0,0
200903,999,11500, ,Anniston-Oxford  AL ,16,16,2082,2,4,160,0,0,0,1,46,3248,16,16,2082,2,4,160,0,0,0,1,46,3248
200903,999,12020, ,Athens-Clarke County  GA ,24,24,3910,1,2,150,0,0,0,1,14,755,6,6,1650,1,2,150,0,0,0,0,0,0
200903,999,12100,C,Atlantic City-Hammonton  NJ ,23,23,3622,0,0,0,0,0,0,0,0,0,17,17,2344,0,0,0,0,0,0,0,0,0
200903,999,12260, ,Augusta-Richmond County  GA-SC ,93,93,16698,0,0,0,0,0,0,0,0,0,49,49,9122,0,0,0,0,0,0,0,0,0
200903,999,12420,C,Austin-Round Rock  TX ,493,493,80998,4,8,750,3,11,825,8,273,11823,437,437,73734,3,6,594,3,11,825,7,261,11104
200903,999,12540, ,Bakersfield  CA ,63,63,8542,3,6,476,1,4,314,1,5,305,18,18,1814,0,0,0,0,0,0,0,0,0
200903,999,12620, ,Bangor  ME ,12,12,1691,0,0,0,0,0,0,0,0,0,10,10,1408,0,0,0,0,0,0,0,0,0
200903,999,12700, ,Barnstable Town  MA ,17,17,5047,0,0,0,0,0,0,1,5,625,6,6,2027,0,0,0,0,0,0,0,0,0
200903,999,12980, ,Battle Creek  MI ,0,0,0,0,0,0,0,0,0,0,0,0,0,0,0,0,0,0,0,0,0,0,0,0
200903,999,13140, ,Beaumont-Port Arthur  TX ,102,102,13347,0,0,0,0,0,0,4,120,22482,102,102,13347,0,0,0,0,0,0,4,120,22482
200903,999,13380, ,Bellingham  WA ,21,21,3421,0,0,0,0,0,0,0,0,0,21,21,3421,0,0,0,0,0,0,0,0,0
200903,999,13740, ,Billings  MT ,14,14,2056,0,0,0,0,0,0,0,0,0,14,14,2056,0,0,0,0,0,0,0,0,0
200903,999,13780, ,Binghamton  NY ,2,2,256,0,0,0,0,0,0,0,0,0,2,2,256,0,0,0,0,0,0,0,0,0
200903,999,13900, ,Bismarck  ND ,4,4,624,0,0,0,0,0,0,0,0,0,4,4,624,0,0,0,0,0,0,0,0,0
200903,999,14020, ,Bloomington  IN ,19,19,3062,0,0,0,0,0,0,1,6,423,19,19,3062,0,0,0,0,0,0,1,6,423
200903,999,14060, ,Bloomington-Normal  IL ,10,10,1404,0,0,0,0,0,0,3,38,2737,4,4,493,0,0,0,0,0,0,2,33,2561
200903,999,14260,C,Boise City-Nampa  ID ,123,123,22728,0,0,0,3,12,702,0,0,0,92,92,16362,0,0,0,0,0,0,0,0,0
200903,999,14540, ,Bowling Green  KY ,21,21,2940,0,0,0,0,0,0,1,10,380,21,21,2940,0,0,0,0,0,0,1,10,380
200903,999,15260, ,Brunswick  GA ,25,25,6621,0,0,0,0,0,0,0,0,0,0,0,0,0,0,0,0,0,0,0,0,0
200903,999,15540, ,Burlington-South Burlington  VT ,13,13,2383,0,0,0,1,3,272,0,0,0,8,8,1340,0,0,0,1,3,272,0,0,0
200903,999,15940, ,Canton-Massillon  OH ,21,21,3637,0,0,0,0,0,0,1,5,238,18,18,3310,0,0,0,0,0,0,0,0,0
200903,999,15980,C,Cape Coral-Fort Myers  FL ,58,58,13712,0,0,0,0,0,0,2,13,4294,48,48,10526,0,0,0,0,0,0,1,8,1204
200903,999,16020, ,Cape Girardeau-Jackson  MO-IL ,5,5,545,1,2,140,0,0,0,0,0,0,3,3,221,1,2,140,0,0,0,0,0,0
200903,999,16180,C,Carson City  NV ,8,8,439,0,0,0,0,0,0,0,0,0,8,8,439,0,0,0,0,0,0,0,0,0
200903,999,16220, ,Casper  WY ,4,4,567,0,0,0,0,0,0,0,0,0,4,4,567,0,0,0,0,0,0,0,0,0
200903,999,16300, ,Cedar Rapids  IA ,36,36,4125,1,2,199,2,7,542,0,0,0,27,27,3007,0,0,0,1,4,320,0,0,0
200903,999,16580, ,Champaign-Urbana  IL ,12,12,2292,0,0,0,0,0,0,0,0,0,12,12,2292,0,0,0,0,0,0,0,0,0
200903,999,16620, ,Charleston  WV ,10,10,1723,0,0,0,0,0,0,0,0,0,9,9,1593,0,0,0,0,0,0,0,0,0
200903,999,16700,C,Charleston-North Charleston-Summerville  SC ,206,206,49592,0,0,0,1,3,1242,1,7,1294,136,136,33013,0,0,0,0,0,0,0,0,0
200903,999,16820, ,Charlottesville  VA ,27,27,7314,0,0,0,0,0,0,1,5,657,9,9,1277,0,0,0,0,0,0,0,0,0
200903,999,16940, ,Cheyenne  WY ,12,12,1886,0,0,0,0,0,0,0,0,0,12,12,1886,0,0,0,0,0,0,0,0,0
200903,999,17020, ,Chico  CA ,21,21,2361,0,0,0,1,4,426,0,0,0,21,21,2361,0,0,0,1,4,426,0,0,0
200903,999,17300, ,Clarksville  TN-KY ,102,102,13068,1,2,138,2,8,380,3,16,800,102,102,13068,1,2,138,2,8,380,3,16,800
200903,999,17660, ,Coeur dAlene  ID ,53,53,9526,0,0,0,0,0,0,0,0,0,53,53,9526,0,0,0,0,0,0,0,0,0
200903,999,17780, ,College Station-Bryan  TX ,79,79,11148,0,0,0,0,0,0,0,0,0,79,79,11148,0,0,0,0,0,0,0,0,0
200903,999,17820,C,Colorado Springs  CO ,102,102,30561,1,2,370,0,0,0,0,0,0,102,102,30561,1,2,370,0,0,0,0,0,0
200903,999,17860, ,Columbia  MO ,34,34,4733,1,2,150,0,0,0,0,0,0,34,34,4733,1,2,150,0,0,0,0,0,0
200903,999,19060, ,Cumberland  MD-WV ,7,7,1407,0,0,0,0,0,0,2,15,900,7,7,1407,0,0,0,0,0,0,2,15,900
200903,999,19140,C,Dalton  GA ,15,15,1681,0,0,0,0,0,0,0,0,0,6,6,646,0,0,0,0,0,0,0,0,0
200903,999,19180, ,Danville  IL ,0,0,0,0,0,0,0,0,0,0,0,0,0,0,0,0,0,0,0,0,0,0,0,0
200903,999,19260, ,Danville  VA ,6,6,745,0,0,0,0,0,0,0,0,0,0,0,0,0,0,0,0,0,0,0,0,0
200903,999,19340, ,Davenport-Moline-Rock Island  IA-IL ,19,19,3388,0,0,0,0,0,0,0,0,0,18,18,3264,0,0,0,0,0,0,0,0,0
200903,999,19500, ,Decatur  IL ,2,2,222,0,0,0,0,0,0,0,0,0,2,2,222,0,0,0,0,0,0,0,0,0
200903,999,20100,C,Dover  DE ,47,47,5886,0,0,0,0,0,0,0,0,0,47,47,5886,0,0,0,0,0,0,0,0,0
200903,999,20220, ,Dubuque  IA ,24,24,4683,3,6,523,0,0,0,0,0,0,24,24,4683,3,6,523,0,0,0,0,0,0
200903,999,20260, ,Duluth  MN-WI ,13,13,1594,0,0,0,0,0,0,1,5,576,9,9,1060,0,0,0,0,0,0,0,0,0
200903,999,20940, ,El Centro  CA ,4,4,587,0,0,0,1,3,282,1,5,445,1,1,181,0,0,0,0,0,0,0,0,0
200903,999,21300, ,Elmira  NY ,0,0,0,0,0,0,0,0,0,0,0,0,0,0,0,0,0,0,0,0,0,0,0,0
200903,999,21340, ,El Paso  TX ,220,220,35893,0,0,0,0,0,0,0,0,0,220,220,35893,0,0,0,0,0,0,0,0,0
200903,999,21500, ,Erie  PA ,12,12,2066,2,4,210,0,0,0,0,0,0,12,12,2066,2,4,210,0,0,0,0,0,0
200903,999,21660, ,Eugene-Springfield  OR ,36,36,9347,0,0,0,0,0,0,1,5,430,29,29,7982,0,0,0,0,0,0,0,0,0
200903,999,21780, ,Evansville  IN-KY ,24,24,3418,0,0,0,0,0,0,1,5,212,13,13,1996,0,0,0,0,0,0,0,0,0
200903,999,21820,C,Fairbanks  AK ,2,2,331,0,0,0,0,0,0,0,0,0,0,0,0,0,0,0,0,0,0,0,0,0
200903,999,22140,C,Farmington  NM ,20,20,3200,0,0,0,3,9,247,0,0,0,20,20,3200,0,0,0,3,9,247,0,0,0
200903,999,22180, ,Fayetteville  NC ,159,159,23517,0,0,0,0,0,0,1,8,366,159,159,23517,0,0,0,0,0,0,1,8,366
200903,999,22220, ,Fayetteville-Springdale-Rogers  AR-MO ,58,58,10091,3,6,575,0,0,0,9,96,7986,54,54,9724,1,2,254,0,0,0,9,96,7986
200903,999,22380, ,Flagstaff  AZ ,11,11,2119,0,0,0,0,0,0,0,0,0,4,4,584,0,0,0,0,0,0,0,0,0
200903,999,22500, ,Florence  SC ,29,29,3943,0,0,0,0,0,0,1,9,540,0,0,0,0,0,0,0,0,0,0,0,0
200903,999,22520, ,Florence-Muscle Shoals  AL ,9,9,938,1,2,74,0,0,0,0,0,0,3,3,239,1,2,74,0,0,0,0,0,0
200903,999,22660,C,Fort Collins-Loveland  CO ,26,26,6944,0,0,0,0,0,0,0,0,0,26,26,6944,0,0,0,0,0,0,0,0,0
200903,999,22900, ,Fort Smith  AR-OK ,34,34,4208,0,0,0,0,0,0,2,22,1250,33,33,4100,0,0,0,0,0,0,2,22,1250
200903,999,23020, ,Fort Walton Beach-Crestview-Destin  FL ,17,17,3362,0,0,0,0,0,0,1,5,412,3,3,575,0,0,0,0,0,0,0,0,0
200903,999,23460, ,Gadsden  AL ,5,5,770,0,0,0,0,0,0,0,0,0,5,5,770,0,0,0,0,0,0,0,0,0
200903,999,23540, ,Gainesville  FL ,27,27,3561,0,0,0,0,0,0,1,11,669,20,20,2840,0,0,0,0,0,0,0,0,0
200903,999,24140, ,Goldsboro  NC ,13,13,1871,0,0,0,0,0,0,0,0,0,13,13,1871,0,0,0,0,0,0,0,0,0
200903,999,24220, ,Grand Forks  ND-MN ,0,0,0,0,0,0,0,0,0,0,0,0,0,0,0,0,0,0,0,0,0,0,0,0
200903,999,24300,C,Grand Junction  CO ,21,21,3631,0,0,0,0,0,0,0,0,0,21,21,3631,0,0,0,0,0,0,0,0,0
200903,999,24500, ,Great Falls  MT ,6,6,966,0,0,0,0,0,0,0,0,0,6,6,966,0,0,0,0,0,0,0,0,0
200903,999,24540,C,Greeley  CO ,44,44,9035,0,0,0,0,0,0,1,5,145,31,31,5640,0,0,0,0,0,0,0,0,0
200903,999,24580, ,Green Bay  WI ,16,16,2501,0,0,0,0,0,0,0,0,0,13,13,2075,0,0,0,0,0,0,0,0,0
200903,999,24780, ,Greenville  NC ,75,75,5789,6,12,1120,0,0,0,0,0,0,75,75,5789,6,12,1120,0,0,0,0,0,0
200903,999,25180, ,Hagerstown-Martinsburg  MD-WV ,61,61,8748,0,0,0,0,0,0,0,0,0,61,61,8748,0,0,0,0,0,0,0,0,0
200903,999,25260, ,Hanford-Corcoran  CA ,14,14,2205,0,0,0,0,0,0,0,0,0,14,14,2205,0,0,0,0,0,0,0,0,0
200903,999,25500,C,Harrisonburg  VA ,45,45,5556,0,0,0,0,0,0,1,12,2180,45,45,5556,0,0,0,0,0,0,1,12,2180
200903,999,25620, ,Hattiesburg  MS ,8,8,801,1,2,188,0,0,0,1,23,1205,0,0,0,0,0,0,0,0,0,0,0,0
200903,999,25860, ,Hickory-Lenoir-Morganton  NC ,39,39,8257,0,0,0,0,0,0,0,0,0,39,39,8257,0,0,0,0,0,0,0,0,0
200903,999,26180,C,Honolulu  HI ,49,49,14888,0,0,0,0,0,0,0,0,0,49,49,14888,0,0,0,0,0,0,0,0,0
200903,999,26300, ,Hot Springs  AR ,3,3,328,0,0,0,0,0,0,0,0,0,0,0,0,0,0,0,0,0,0,0,0,0
200903,999,26380, ,Houma-Bayou Cane-Thibodaux  LA ,51,51,9669,0,0,0,0,0,0,0,0,0,51,51,9669,0,0,0,0,0,0,0,0,0
200903,999,26580, ,Huntington-Ashland  WV-KY-OH ,2,2,220,0,0,0,0,0,0,0,0,0,0,0,0,0,0,0,0,0,0,0,0,0
200903,999,26980, ,Iowa City  IA ,50,50,11265,0,0,0,0,0,0,1,12,1090,48,48,10946,0,0,0,0,0,0,1,12,1090
200903,999,27100, ,Jackson  MI ,3,3,290,0,0,0,0,0,0,0,0,0,2,2,181,0,0,0,0,0,0,0,0,0
200903,999,27260,C,Jacksonville  FL ,181,181,35956,1,2,95,0,0,0,2,40,3423,179,179,35524,0,0,0,0,0,0,2,40,3423
200903,999,27340, ,Jacksonville  NC ,107,107,12196,0,0,0,0,0,0,0,0,0,107,107,12196,0,0,0,0,0,0,0,0,0
200903,999,27500, ,Janesville  WI ,9,9,1402,3,6,525,0,0,0,0,0,0,9,9,1402,3,6,525,0,0,0,0,0,0
200903,999,27620, ,Jefferson City  MO ,21,21,2399,0,0,0,0,0,0,0,0,0,18,18,1971,0,0,0,0,0,0,0,0,0
200903,999,27780, ,Johnstown  PA ,1,1,107,0,0,0,0,0,0,0,0,0,0,0,0,0,0,0,0,0,0,0,0,0
200903,999,27900, ,Joplin  MO ,6,6,933,1,2,190,0,0,0,0,0,0,6,6,933,1,2,190,0,0,0,0,0,0
200903,999,28020, ,Kalamazoo-Portage  MI ,27,27,5926,0,0,0,0,0,0,0,0,0,23,23,5417,0,0,0,0,0,0,0,0,0
200903,999,28420, ,Kennewick-Pasco-Richland  WA ,37,37,7965,0,0,0,0,0,0,2,11,697,10,10,1954,0,0,0,0,0,0,0,0,0
200903,999,28660, ,Killeen-Temple-Fort Hood  TX ,162,162,21862,5,10,595,0,0,0,0,0,0,151,151,19698,4,8,499,0,0,0,0,0,0
200903,999,29100, ,La Crosse  WI-MN ,8,8,1058,0,0,0,0,0,0,0,0,0,4,4,465,0,0,0,0,0,0,0,0,0
200903,999,29420, ,Lake Havasu City-Kingman  AZ ,22,22,4515,0,0,0,0,0,0,0,0,0,22,22,4515,0,0,0,0,0,0,0,0,0
200903,999,29460,C,Lakeland-Winter Haven  FL ,106,106,20220,0,0,0,0,0,0,0,0,0,99,99,18579,0,0,0,0,0,0,0,0,0
200903,999,29540, ,Lancaster  PA ,34,34,5536,1,2,380,2,7,565,0,0,0,32,32,5158,1,2,380,1,4,219,0,0,0
200903,999,29700,C,Laredo  TX ,47,47,5782,0,0,0,0,0,0,1,7,415,0,0,0,0,0,0,0,0,0,0,0,0
200903,999,29740,C,Las Cruces  NM ,49,49,8901,1,2,169,0,0,0,0,0,0,24,24,5412,0,0,0,0,0,0,0,0,0
200903,999,29940, ,Lawrence  KS ,7,7,1107,0,0,0,0,0,0,13,156,10355,5,5,625,0,0,0,0,0,0,13,156,10355
200903,999,30020, ,Lawton  OK ,23,23,389,0,0,0,0,0,0,0,0,0,23,23,389,0,0,0,0,0,0,0,0,0
200903,999,30300, ,Lewiston  ID-WA ,1,1,216,0,0,0,0,0,0,0,0,0,0,0,0,0,0,0,0,0,0,0,0,0
200903,999,30700, ,Lincoln  NE ,47,47,6947,1,2,180,0,0,0,0,0,0,47,47,6947,1,2,180,0,0,0,0,0,0
200903,999,30860, ,Logan  UT-ID ,19,19,2837,0,0,0,0,0,0,0,0,0,13,13,1758,0,0,0,0,0,0,0,0,0
200903,999,31020, ,Longview  WA ,10,10,2250,0,0,0,0,0,0,0,0,0,0,0,0,0,0,0,0,0,0,0,0,0
200903,999,31340, ,Lynchburg  VA ,31,31,6238,0,0,0,0,0,0,0,0,0,31,31,6238,0,0,0,0,0,0,0,0,0
200903,999,31740, ,Manhattan  KS ,25,25,5664,0,0,0,0,0,0,1,12,1055,25,25,5664,0,0,0,0,0,0,1,12,1055
200903,999,31860, ,Mankato-North Mankato  MN ,16,16,1837,0,0,0,0,0,0,0,0,0,16,16,1837,0,0,0,0,0,0,0,0,0
200903,999,32580,C,McAllen-Edinburg-Mission  TX ,288,288,22522,2,4,240,2,6,385,0,0,0,270,270,21244,2,4,240,1,3,286,0,0,0
200903,999,32780, ,Medford  OR ,27,27,4994,0,0,0,1,4,451,0,0,0,16,16,2995,0,0,0,0,0,0,0,0,0
200903,999,32820,C,Memphis  TN-MS-AR ,105,105,16959,0,0,0,0,0,0,0,0,0,81,81,13345,0,0,0,0,0,0,0,0,0
200903,999,32900, ,Merced  CA ,3,3,1073,0,0,0,0,0,0,0,0,0,3,3,1073,0,0,0,0,0,0,0,0,0
200903,999,33100,C,Miami-Fort Lauderdale-Pompano Beach  FL ,173,173,43526,1,2,201,0,0,0,7,122,13471,133,133,34749,1,2,201,0,0,0,2,97,6889
200903,999,33540,C,Missoula  MT ,20,20,2276,0,0,0,0,0,0,0,0,0,20,20,2276,0,0,0,0,0,0,0,0,0
200903,999,33700, ,Modesto  CA ,24,24,3423,0,0,0,0,0,0,1,7,676,17,17,2069,0,0,0,0,0,0,0,0,0
200903,999,34060, ,Morgantown  WV ,1,1,60,0,0,0,0,0,0,0,0,0,1,1,60,0,0,0,0,0,0,0,0,0
200903,999,34620, ,Muncie  IN ,4,4,551,0,0,0,0,0,0,0,0,0,2,2,127,0,0,0,0,0,0,0,0,0
200903,999,34940,C,Naples-Marco Island  FL ,38,38,10724,0,0,0,0,0,0,1,10,1308,38,38,10724,0,0,0,0,0,0,1,10,1308
200903,999,35660, ,Niles-Benton Harbor  MI ,1,1,110,0,0,0,0,0,0,0,0,0,1,1,110,0,0,0,0,0,0,0,0,0
200903,999,35980, ,Norwich-New London  CT ,16,16,3945,0,0,0,0,0,0,2,71,2460,13,13,3416,0,0,0,0,0,0,2,71,2460
200903,999,36100,C,Ocala  FL ,24,24,4127,0,0,0,0,0,0,0,0,0,24,24,4127,0,0,0,0,0,0,0,0,0
200903,999,36140,C,Ocean City  NJ ,18,18,2956,4,8,1316,0,0,0,0,0,0,16,16,2721,4,8,1316,0,0,0,0,0,0
200903,999,36980, ,Owensboro  KY ,20,20,2055,0,0,0,0,0,0,0,0,0,20,20,2055,0,0,0,0,0,0,0,0,0
200903,999,37340,C,Palm Bay-Melbourne-Titusville  FL ,46,46,13326,0,0,0,0,0,0,0,0,0,46,46,13326,0,0,0,0,0,0,0,0,0
200903,999,37460, ,Panama City-Lynn Haven-Panama City Beach  FL ,23,23,2611,0,0,0,0,0,0,0,0,0,19,19,1788,0,0,0,0,0,0,0,0,0
200903,999,37620, ,Parkersburg-Marietta-Vienna  WV-OH ,12,12,2397,0,0,0,0,0,0,0,0,0,12,12,2397,0,0,0,0,0,0,0,0,0
200903,999,37860,C,Pensacola-Ferry Pass-Brent  FL ,92,92,16277,0,0,0,0,0,0,0,0,0,92,92,16277,0,0,0,0,0,0,0,0,0
200903,999,38060,C,Phoenix-Mesa-Scottsdale  AZ ,456,456,91339,0,0,0,1,3,414,6,85,8760,422,422,85906,0,0,0,1,3,414,6,85,8760
200903,999,38340, ,Pittsfield  MA ,1,1,103,0,0,0,0,0,0,0,0,0,1,1,103,0,0,0,0,0,0,0,0,0
200903,999,38540, ,Pocatello  ID ,11,11,1049,0,0,0,0,0,0,0,0,0,11,11,1049,0,0,0,0,0,0,0,0,0
200903,999,38900,C,Portland-Vancouver-Beaverton  OR-WA ,214,214,45001,2,4,595,1,3,392,5,30,3410,174,174,36366,2,4,595,1,3,392,5,30,3410
200903,999,39140, ,Prescott  AZ ,26,26,5169,0,0,0,0,0,0,0,0,0,18,18,3640,0,0,0,0,0,0,0,0,0
200903,999,39300, ,Providence-New Bedford-Fall River  RI-MA ,66,66,13819,0,0,0,3,9,1135,1,47,4800,45,45,10316,0,0,0,1,3,360,1,47,4800
200903,999,39340, ,Provo-Orem  UT ,78,78,15963,1,2,183,1,4,437,0,0,0,78,78,15963,1,2,183,1,4,437,0,0,0
200903,999,39380,C,Pueblo  CO ,11,11,1976,0,0,0,1,4,355,0,0,0,11,11,1976,0,0,0,1,4,355,0,0,0
200903,999,39660, ,Rapid City  SD ,22,22,3448,0,0,0,0,0,0,0,0,0,22,22,3448,0,0,0,0,0,0,0,0,0
200903,999,39740, ,Reading  PA ,12,12,2198,0,0,0,0,0,0,0,0,0,9,9,1676,0,0,0,0,0,0,0,0,0
200903,999,39820, ,Redding  CA ,17,17,2929,1,2,179,0,0,0,0,0,0,17,17,2929,1,2,179,0,0,0,0,0,0
200903,999,40060,C,Richmond  VA ,172,172,30013,0,0,0,1,3,600,0,0,0,150,150,26583,0,0,0,1,3,600,0,0,0
200903,999,40220, ,Roanoke  VA ,33,33,4757,0,0,0,0,0,0,0,0,0,33,33,4757,0,0,0,0,0,0,0,0,0
200903,999,40340, ,Rochester  MN ,20,20,3834,0,0,0,0,0,0,0,0,0,19,19,3625,0,0,0,0,0,0,0,0,0
200903,999,40580, ,Rocky Mount  NC ,28,28,3410,0,0,0,0,0,0,0,0,0,18,18,2651,0,0,0,0,0,0,0,0,0
200903,999,40660, ,Rome  GA ,11,11,1313,0,0,0,0,0,0,0,0,0,11,11,1313,0,0,0,0,0,0,0,0,0
200903,999,41100, ,St. George  UT ,38,38,4226,0,0,0,0,0,0,0,0,0,38,38,4226,0,0,0,0,0,0,0,0,0
200903,999,41140, ,St. Joseph  MO-KS ,3,3,524,0,0,0,0,0,0,0,0,0,0,0,0,0,0,0,0,0,0,0,0,0
200903,999,41420, ,Salem  OR ,32,32,7385,1,2,118,0,0,0,0,0,0,29,29,6810,0,0,0,0,0,0,0,0,0
200903,999,41500, ,Salinas  CA ,3,3,642,0,0,0,0,0,0,2,27,1960,2,2,419,0,0,0,0,0,0,1,18,936
200903,999,41660,C,San Angelo  TX ,16,16,2303,0,0,0,0,0,0,0,0,0,16,16,2303,0,0,0,0,0,0,0,0,0
200903,999,41700,C,San Antonio  TX ,456,456,83257,2,4,377,0,0,0,0,0,0,401,401,74380,2,4,377,0,0,0,0,0,0
200903,999,41740,C,San Diego-Carlsbad-San Marcos  CA ,136,136,38823,2,4,379,1,3,439,9,374,35539,136,136,38823,2,4,379,1,3,439,9,374,35539
200903,999,41780, ,Sandusky  OH ,0,0,0,0,0,0,0,0,0,0,0,0,0,0,0,0,0,0,0,0,0,0,0,0
200903,999,42020, ,San Luis Obispo-Paso Robles  CA ,11,11,3045,0,0,0,0,0,0,0,0,0,11,11,3045,0,0,0,0,0,0,0,0,0
200903,999,42060, ,Santa Barbara-Santa Maria  CA ,6,6,4489,0,0,0,0,0,0,0,0,0,6,6,4489,0,0,0,0,0,0,0,0,0
200903,999,42540, ,Scranton--Wilkes-Barre  PA ,10,10,1592,0,0,0,0,0,0,0,0,0,2,2,298,0,0,0,0,0,0,0,0,0
200903,999,43100, ,Sheboygan  WI ,1,1,212,0,0,0,0,0,0,1,5,231,0,0,0,0,0,0,0,0,0,0,0,0
200903,999,43300, ,Sherman-Denison  TX ,1,1,163,0,0,0,0,0,0,0,0,0,0,0,0,0,0,0,0,0,0,0,0,0
200903,999,43620, ,Sioux Falls  SD ,50,50,7583,0,0,0,0,0,0,1,41,2290,50,50,7583,0,0,0,0,0,0,1,41,2290
200903,999,44060, ,Spokane  WA ,30,30,5260,0,0,0,0,0,0,0,0,0,30,30,5260,0,0,0,0,0,0,0,0,0
200903,999,44100, ,Springfield  IL ,8,8,1694,2,4,396,0,0,0,0,0,0,3,3,690,1,2,200,0,0,0,0,0,0
200903,999,44140, ,Springfield  MA ,13,13,2500,1,2,100,0,0,0,1,5,359,10,10,1786,1,2,100,0,0,0,0,0,0
200903,999,44180, ,Springfield  MO ,20,20,5409,0,0,0,0,0,0,3,49,2044,14,14,4318,0,0,0,0,0,0,1,8,330
200903,999,44300, ,State College  PA ,25,25,4093,0,0,0,0,0,0,0,0,0,25,25,4093,0,0,0,0,0,0,0,0,0
200903,999,44700,C,Stockton  CA ,35,35,7962,0,0,0,0,0,0,0,0,0,34,34,7765,0,0,0,0,0,0,0,0,0
200903,999,44940,C,Sumter  SC ,36,36,4048,0,0,0,0,0,0,0,0,0,36,36,4048,0,0,0,0,0,0,0,0,0
200903,999,45220, ,Tallahassee  FL ,65,65,10092,0,0,0,0,0,0,1,20,848,41,41,6102,0,0,0,0,0,0,0,0,0
200903,999,45300,C,Tampa-St. Petersburg-Clearwater  FL ,294,294,65959,3,6,779,3,9,166,17,512,45225,288,288,65152,3,6,779,3,9,166,17,512,45225
200903,999,45460, ,Terre Haute  IN ,14,14,2205,0,0,0,0,0,0,1,6,343,12,12,1934,0,0,0,0,0,0,0,0,0
200903,999,45500, ,Texarkana  TX-Texarkana  AR ,133,133,12103,0,0,0,0,0,0,0,0,0,133,133,12103,0,0,0,0,0,0,0,0,0
200903,999,45820, ,Topeka  KS ,33,33,4809,1,2,3,0,0,0,0,0,0,32,32,4617,1,2,3,0,0,0,0,0,0
200903,999,46060,C,Tucson  AZ ,138,138,27878,2,4,398,1,3,236,2,12,685,58,58,12211,0,0,0,0,0,0,0,0,0
200903,999,46220, ,Tuscaloosa  AL ,27,27,4717,1,2,333,0,0,0,0,0,0,27,27,4717,1,2,333,0,0,0,0,0,0
200903,999,46540, ,Utica-Rome  NY ,0,0,0,0,0,0,0,0,0,0,0,0,0,0,0,0,0,0,0,0,0,0,0,0
200903,999,46660, ,Valdosta  GA ,33,33,3693,1,2,120,0,0,0,0,0,0,0,0,0,0,0,0,0,0,0,0,0,0
200903,999,47020, ,Victoria  TX ,3,3,453,0,0,0,0,0,0,0,0,0,0,0,0,0,0,0,0,0,0,0,0,0
200903,999,47260,C,Virginia Beach-Norfolk-Newport News  VA-NC ,219,219,39714,10,20,1405,0,0,0,6,59,4690,202,202,36191,9,18,1230,0,0,0,5,54,4432
200903,999,47300, ,Visalia-Porterville  CA ,86,86,16178,1,2,136,0,0,0,0,0,0,86,86,16178,1,2,136,0,0,0,0,0,0
200903,999,47380, ,Waco  TX ,25,25,3946,1,2,80,0,0,0,0,0,0,25,25,3946,1,2,80,0,0,0,0,0,0
200903,999,47940, ,Waterloo-Cedar Falls  IA ,16,16,2297,0,0,0,0,0,0,0,0,0,16,16,2297,0,0,0,0,0,0,0,0,0
200903,999,48260, ,Weirton-Steubenville  WV-OH ,1,1,100,0,0,0,0,0,0,0,0,0,1,1,100,0,0,0,0,0,0,0,0,0
200903,999,48300, ,Wenatchee-East Wenatchee  WA ,20,20,2897,0,0,0,0,0,0,0,0,0,20,20,2897,0,0,0,0,0,0,0,0,0
200903,999,48540, ,Wheeling  WV-OH ,0,0,0,0,0,0,0,0,0,0,0,0,0,0,0,0,0,0,0,0,0,0,0,0
200903,999,48660, ,Wichita Falls  TX ,9,9,1977,0,0,0,0,0,0,0,0,0,9,9,1977,0,0,0,0,0,0,0,0,0
200903,999,48900,C,Wilmington  NC ,109,109,20291,0,0,0,1,4,145,0,0,0,107,107,20073,0,0,0,1,4,145,0,0,0
200903,999,49420, ,Yakima  WA ,16,16,3835,0,0,0,0,0,0,0,0,0,16,16,3835,0,0,0,0,0,0,0,0,0
200903,999,49740, ,Yuma  AZ ,42,42,5614,0,0,0,0,0,0,0,0,0,36,36,4950,0,0,0,0,0,0,0,0,0
