Survey,CSA,CBSA,MONCOV,CBSA,,1-unit,,,2-units,,,3-4 units,,,5+ units,,,1-unit rep,,,2-units rep,,,3-4 units rep,,,5+ units rep
Date,Code,Code,,Name,Bldgs,Units,Value,Bldgs,Units,Value,Bldgs,Units,Value,Bldgs,Units,Value,Bldgs,Units,Value,Bldgs,Units,Value,      Bldgs,Units,Value,Bldgs,Units,Value
 
200901,102,18700, ,Corvallis  OR ,6,6,1119,0,0,0,0,0,0,0,0,0,6,6,1119,0,0,0,0,0,0,0,0,0
200901,104,10580, ,Albany-Schenectady-Troy  NY ,22,22,6293,0,0,0,0,0,0,0,0,0,19,19,5860,0,0,0,0,0,0,0,0,0
200901,104,24020, ,Glens Falls  NY ,9,9,1598,0,0,0,0,0,0,0,0,0,5,5,1101,0,0,0,0,0,0,0,0,0
200901,112,11180, ,Ames  IA ,3,3,441,0,0,0,0,0,0,0,0,0,3,3,441,0,0,0,0,0,0,0,0,0
200901,118,11540, ,Appleton  WI ,8,8,2384,1,2,185,0,0,0,0,0,0,8,8,2384,1,2,185,0,0,0,0,0,0
200901,118,36780, ,Oshkosh-Neenah  WI ,8,8,1601,0,0,0,0,0,0,0,0,0,8,8,1601,0,0,0,0,0,0,0,0,0
200901,120,11700, ,Asheville  NC ,64,64,16488,0,0,0,0,0,0,1,6,300,57,57,15036,0,0,0,0,0,0,1,6,300
200901,122,12060,C,Atlanta-Sandy Springs-Marietta  GA ,347,347,55405,0,0,0,0,0,0,1,12,1112,315,315,50192,0,0,0,0,0,0,1,12,1112
200901,122,23580, ,Gainesville  GA ,6,6,1285,0,0,0,0,0,0,0,0,0,6,6,1285,0,0,0,0,0,0,0,0,0
200901,132,12940, ,Baton Rouge  LA ,122,122,14600,1,2,81,0,0,0,0,0,0,85,85,11388,0,0,0,0,0,0,0,0,0
200901,140,13460,C,Bend  OR ,25,25,6238,0,0,0,0,0,0,0,0,0,20,20,5500,0,0,0,0,0,0,0,0,0
200901,142,13820,C,Birmingham-Hoover  AL ,91,91,15308,0,0,0,0,0,0,2,14,1000,51,51,7085,0,0,0,0,0,0,0,0,0
200901,148,14460,C,Boston-Cambridge-Quincy  MA-NH ,156,156,39355,6,12,1635,4,13,1807,7,56,5684,114,114,30739,4,8,1096,3,10,1503,2,29,2393
200901,148,31700, ,Manchester-Nashua  NH ,19,19,4097,0,0,0,0,0,0,0,0,0,15,15,3209,0,0,0,0,0,0,0,0,0
200901,148,49340, ,Worcester  MA ,14,14,2789,0,0,0,0,0,0,1,12,1137,6,6,1509,0,0,0,0,0,0,1,12,1137
200901,154,15180, ,Brownsville-Harlingen  TX ,35,35,3600,8,16,1401,12,48,2365,0,0,0,34,34,3524,8,16,1401,12,48,2365,0,0,0
200901,160,15380, ,Buffalo-Niagara Falls  NY ,42,42,8181,0,0,0,0,0,0,1,92,8000,40,40,7816,0,0,0,0,0,0,1,92,8000
200901,172,16740,C,Charlotte-Gastonia-Concord  NC-SC ,235,235,47380,2,4,271,1,4,381,20,561,45142,174,174,34097,2,4,271,1,4,381,18,532,42537
200901,174,16860, ,Chattanooga  TN-GA ,58,58,8954,1,2,91,0,0,0,1,7,641,46,46,7264,0,0,0,0,0,0,0,0,0
200901,174,17420, ,Cleveland  TN ,12,12,1644,0,0,0,3,12,575,0,0,0,12,12,1644,0,0,0,3,12,575,0,0,0
200901,176,16980,C,Chicago-Naperville-Joliet  IL-IN-WI ,188,188,51856,3,6,1030,2,7,659,4,320,2525,141,141,41716,3,6,1030,2,7,659,1,294,600
200901,176,28100, ,Kankakee-Bradley  IL ,2,2,259,0,0,0,0,0,0,0,0,0,2,2,259,0,0,0,0,0,0,0,0,0
200901,176,33140, ,Michigan City-La Porte  IN ,1,1,220,0,0,0,0,0,0,0,0,0,1,1,220,0,0,0,0,0,0,0,0,0
200901,178,17140,C,Cincinnati-Middletown  OH-KY-IN ,115,115,22502,3,6,517,1,3,278,5,51,4375,102,102,19041,3,6,517,0,0,0,2,36,2525
200901,184,10420, ,Akron  OH ,16,16,2588,0,0,0,0,0,0,1,7,247,14,14,2388,0,0,0,0,0,0,0,0,0
200901,184,17460,C,Cleveland-Elyria-Mentor  OH ,80,80,13948,1,2,205,0,0,0,1,5,220,66,66,11548,1,2,205,0,0,0,0,0,0
200901,192,17900,C,Columbia  SC ,140,140,18570,0,0,0,0,0,0,15,352,31736,95,95,13424,0,0,0,0,0,0,13,328,30382
200901,194,12220,C,Auburn-Opelika  AL ,48,48,9049,0,0,0,0,0,0,0,0,0,48,48,9049,0,0,0,0,0,0,0,0,0
200901,194,17980, ,Columbus  GA-AL ,30,30,4777,0,0,0,0,0,0,2,24,1859,11,11,2670,0,0,0,0,0,0,0,0,0
200901,198,18140,C,Columbus  OH ,113,113,24191,0,0,0,0,0,0,0,0,0,106,106,22781,0,0,0,0,0,0,0,0,0
200901,204,18580, ,Corpus Christi  TX ,47,47,5765,1,2,88,0,0,0,0,0,0,46,46,5599,1,2,88,0,0,0,0,0,0
200901,206,19100,C,Dallas-Fort Worth-Arlington  TX ,706,706,164370,3,6,358,1,4,800,12,1018,78374,659,659,151762,2,4,240,1,4,800,10,981,76574
200901,212,19380, ,Dayton  OH ,53,53,9196,0,0,0,0,0,0,0,0,0,52,52,9010,0,0,0,0,0,0,0,0,0
200901,212,44220, ,Springfield  OH ,5,5,1015,0,0,0,0,0,0,0,0,0,5,5,1015,0,0,0,0,0,0,0,0,0
200901,216,14500, ,Boulder  CO ,11,11,2907,0,0,0,1,3,348,2,28,3217,11,11,2907,0,0,0,1,3,348,2,28,3217
200901,216,19740,C,Denver-Aurora-Broomfield  CO ,151,151,35867,0,0,0,0,0,0,4,37,4851,136,136,32171,0,0,0,0,0,0,3,20,3602
200901,218,19780,C,Des Moines-West Des Moines  IA ,51,51,9525,0,0,0,0,0,0,0,0,0,49,49,9102,0,0,0,0,0,0,0,0,0
200901,220,11460, ,Ann Arbor  MI ,10,10,1949,0,0,0,0,0,0,0,0,0,6,6,1390,0,0,0,0,0,0,0,0,0
200901,220,19820,C,Detroit-Warren-Livonia  MI ,70,70,9859,1,2,306,8,24,2256,0,0,0,64,64,8993,1,2,306,8,24,2256,0,0,0
200901,220,22420, ,Flint  MI ,2,2,300,0,0,0,0,0,0,0,0,0,1,1,117,0,0,0,0,0,0,0,0,0
200901,220,33780, ,Monroe  MI ,2,2,285,0,0,0,0,0,0,0,0,0,2,2,285,0,0,0,0,0,0,0,0,0
200901,222,20020, ,Dothan  AL ,14,14,2427,0,0,0,0,0,0,0,0,0,14,14,2427,0,0,0,0,0,0,0,0,0
200901,232,20740, ,Eau Claire  WI ,0,0,0,0,0,0,0,0,0,0,0,0,0,0,0,0,0,0,0,0,0,0,0,0
200901,244,22020, ,Fargo  ND-MN ,1,1,240,0,0,0,0,0,0,0,0,0,1,1,240,0,0,0,0,0,0,0,0,0
200901,252,22540, ,Fond du Lac  WI ,3,3,470,0,0,0,0,0,0,0,0,0,3,3,470,0,0,0,0,0,0,0,0,0
200901,258,23060,C,Fort Wayne  IN ,18,18,3195,0,0,0,0,0,0,0,0,0,18,18,3195,0,0,0,0,0,0,0,0,0
200901,260,23420, ,Fresno  CA ,71,71,13120,1,2,195,2,6,541,4,25,1722,30,30,6648,0,0,0,0,0,0,0,0,0
200901,260,31460, ,Madera-Chowchilla  CA ,2,2,537,0,0,0,0,0,0,0,0,0,2,2,537,0,0,0,0,0,0,0,0,0
200901,266,24340,C,Grand Rapids-Wyoming  MI ,39,39,6607,0,0,0,0,0,0,0,0,0,29,29,5259,0,0,0,0,0,0,0,0,0
200901,266,26100, ,Holland-Grand Haven  MI ,5,5,1130,0,0,0,0,0,0,0,0,0,3,3,730,0,0,0,0,0,0,0,0,0
200901,266,34740, ,Muskegon-Norton Shores  MI ,0,0,0,0,0,0,0,0,0,0,0,0,0,0,0,0,0,0,0,0,0,0,0,0
200901,268,15500, ,Burlington  NC ,22,22,2816,0,0,0,0,0,0,0,0,0,16,16,1951,0,0,0,0,0,0,0,0,0
200901,268,24660,C,Greensboro-High Point  NC ,83,83,15697,0,0,0,1,4,277,1,24,910,62,62,10826,0,0,0,1,4,277,1,24,910
200901,268,49180, ,Winston-Salem  NC ,32,32,5842,0,0,0,0,0,0,0,0,0,25,25,4646,0,0,0,0,0,0,0,0,0
200901,273,11340, ,Anderson  SC ,8,8,1213,0,0,0,0,0,0,0,0,0,8,8,1213,0,0,0,0,0,0,0,0,0
200901,273,24860,C,Greenville  SC ,89,89,12767,0,0,0,0,0,0,2,11,863,86,86,12402,0,0,0,0,0,0,1,6,180
200901,273,43900, ,Spartanburg  SC ,24,24,3224,0,0,0,0,0,0,0,0,0,24,24,3224,0,0,0,0,0,0,0,0,0
200901,274,25060, ,Gulfport-Biloxi  MS ,159,159,20329,10,20,1138,2,6,370,0,0,0,159,159,20329,10,20,1138,2,6,370,0,0,0
200901,274,37700, ,Pascagoula  MS ,58,58,7617,0,0,0,0,0,0,0,0,0,58,58,7617,0,0,0,0,0,0,0,0,0
200901,276,25420, ,Harrisburg-Carlisle  PA ,28,28,5304,0,0,0,0,0,0,0,0,0,27,27,5140,0,0,0,0,0,0,0,0,0
200901,276,30140, ,Lebanon  PA ,13,13,1753,0,0,0,0,0,0,0,0,0,11,11,1429,0,0,0,0,0,0,0,0,0
200901,278,25540, ,Hartford-West Hartford-East Hartford  CT ,24,24,4475,0,0,0,1,3,337,0,0,0,16,16,2947,0,0,0,1,3,337,0,0,0
200901,288,26420,C,Houston-Sugar Land-Baytown  TX ,1298,1298,246330,4,8,1077,1,4,225,83,1009,63332,1205,1205,228223,4,8,1077,1,4,225,81,994,62596
200901,290,19460, ,Decatur  AL ,3,3,375,0,0,0,0,0,0,0,0,0,3,3,375,0,0,0,0,0,0,0,0,0
200901,290,26620, ,Huntsville  AL ,96,96,11580,0,0,0,0,0,0,3,52,3225,55,55,9753,0,0,0,0,0,0,0,0,0
200901,292,26820, ,Idaho Falls  ID ,5,5,852,0,0,0,0,0,0,0,0,0,5,5,852,0,0,0,0,0,0,0,0,0
200901,294,11300, ,Anderson  IN ,1,1,196,0,0,0,0,0,0,0,0,0,0,0,0,0,0,0,0,0,0,0,0,0
200901,294,18020, ,Columbus  IN ,8,8,1359,0,0,0,0,0,0,0,0,0,8,8,1359,0,0,0,0,0,0,0,0,0
200901,294,26900,C,Indianapolis-Carmel  IN ,131,131,27679,0,0,0,0,0,0,8,64,3883,127,127,27202,0,0,0,0,0,0,8,64,3883
200901,296,27060, ,Ithaca  NY ,0,0,0,1,2,100,0,0,0,0,0,0,0,0,0,1,2,100,0,0,0,0,0,0
200901,297,27180, ,Jackson  TN ,8,8,1145,0,0,0,0,0,0,0,0,0,8,8,1145,0,0,0,0,0,0,0,0,0
200901,298,27140, ,Jackson  MS ,66,66,12424,0,0,0,0,0,0,0,0,0,48,48,10367,0,0,0,0,0,0,0,0,0
200901,304,27740, ,Johnson City  TN ,19,19,2330,0,0,0,0,0,0,0,0,0,6,6,933,0,0,0,0,0,0,0,0,0
200901,304,28700, ,Kingsport-Bristol-Bristol  TN-VA ,16,16,1914,0,0,0,0,0,0,0,0,0,7,7,623,0,0,0,0,0,0,0,0,0
200901,308,27860, ,Jonesboro  AR ,14,14,1428,0,0,0,0,0,0,0,0,0,0,0,0,0,0,0,0,0,0,0,0,0
200901,312,28140,C,Kansas City  MO-KS ,64,64,13580,1,2,90,6,23,1597,1,5,347,55,55,11652,1,2,90,5,20,1254,0,0,0
200901,314,28940, ,Knoxville  TN ,80,80,11041,0,0,0,0,0,0,3,31,1863,14,14,3561,0,0,0,0,0,0,0,0,0
200901,316,29020, ,Kokomo  IN ,0,0,0,0,0,0,0,0,0,0,0,0,0,0,0,0,0,0,0,0,0,0,0,0
200901,318,29180, ,Lafayette  LA ,37,37,5595,1,2,171,0,0,0,1,5,244,18,18,3104,0,0,0,0,0,0,0,0,0
200901,320,29140, ,Lafayette  IN ,4,4,776,0,0,0,0,0,0,0,0,0,4,4,776,0,0,0,0,0,0,0,0,0
200901,324,29340, ,Lake Charles  LA ,60,60,5309,0,0,0,0,0,0,1,16,1202,54,54,4323,0,0,0,0,0,0,0,0,0
200901,330,29620, ,Lansing-East Lansing  MI ,8,8,2157,0,0,0,0,0,0,1,5,202,6,6,1802,0,0,0,0,0,0,0,0,0
200901,332,29820,C,Las Vegas-Paradise  NV ,182,182,26506,0,0,0,0,0,0,1,25,1184,181,181,26273,0,0,0,0,0,0,1,25,1184
200901,336,30460, ,Lexington-Fayette  KY ,44,44,6933,0,0,0,0,0,0,2,148,10445,40,40,6250,0,0,0,0,0,0,2,148,10445
200901,338,30620, ,Lima  OH ,1,1,163,0,0,0,0,0,0,0,0,0,0,0,0,0,0,0,0,0,0,0,0,0
200901,340,30780, ,Little Rock-North Little Rock  AR ,96,96,16073,0,0,0,0,0,0,27,324,10897,93,93,15809,0,0,0,0,0,0,27,324,10897
200901,340,38220, ,Pine Bluff  AR ,0,0,0,0,0,0,0,0,0,0,0,0,0,0,0,0,0,0,0,0,0,0,0,0
200901,346,30980, ,Longview  TX ,7,7,1240,0,0,0,0,0,0,0,0,0,1,1,155,0,0,0,0,0,0,0,0,0
200901,348,31100,C,Los Angeles-Long Beach-Santa Ana  CA ,189,189,66685,27,54,8152,5,16,1320,10,339,51876,167,167,60705,25,50,7683,4,13,778,5,294,44709
200901,348,37100, ,Oxnard-Thousand Oaks-Ventura  CA ,13,13,5558,0,0,0,0,0,0,1,10,938,9,9,4643,0,0,0,0,0,0,0,0,0
200901,348,40140,C,Riverside-San Bernardino-Ontario  CA ,227,227,62199,0,0,0,0,0,0,22,261,20360,218,218,60059,0,0,0,0,0,0,21,254,19868
200901,350,21060, ,Elizabethtown  KY ,8,8,1067,0,0,0,0,0,0,0,0,0,1,1,68,0,0,0,0,0,0,0,0,0
200901,350,31140,C,Louisville-Jefferson County  KY-IN ,89,89,13194,1,2,200,1,3,96,1,23,1385,78,78,10461,1,2,200,0,0,0,1,23,1385
200901,352,31180, ,Lubbock  TX ,40,40,7306,0,0,0,0,0,0,0,0,0,40,40,7306,0,0,0,0,0,0,0,0,0
200901,356,31420, ,Macon  GA ,14,14,2723,0,0,0,0,0,0,0,0,0,14,14,2723,0,0,0,0,0,0,0,0,0
200901,356,47580, ,Warner Robins  GA ,30,30,4032,0,0,0,0,0,0,6,100,3140,30,30,4032,0,0,0,0,0,0,6,100,3140
200901,358,31540,C,Madison  WI ,17,17,4491,0,0,0,1,4,475,2,47,3347,15,15,4158,0,0,0,1,4,475,1,42,3024
200901,360,31900, ,Mansfield  OH ,0,0,0,0,0,0,0,0,0,0,0,0,0,0,0,0,0,0,0,0,0,0,0,0
200901,372,33260,C,Midland  TX ,27,27,2233,0,0,0,0,0,0,0,0,0,27,27,2233,0,0,0,0,0,0,0,0,0
200901,372,36220,C,Odessa  TX ,4,4,996,0,0,0,0,0,0,0,0,0,4,4,996,0,0,0,0,0,0,0,0,0
200901,376,33340,C,Milwaukee-Waukesha-West Allis  WI ,40,40,10971,2,4,404,0,0,0,1,8,650,36,36,9867,1,2,180,0,0,0,1,8,650
200901,376,39540, ,Racine  WI ,6,6,1323,0,0,0,0,0,0,0,0,0,6,6,1323,0,0,0,0,0,0,0,0,0
200901,378,33460,C,Minneapolis-St. Paul-Bloomington  MN-WI ,100,100,30080,0,0,0,0,0,0,1,7,936,91,91,27869,0,0,0,0,0,0,0,0,0
200901,378,41060, ,St. Cloud  MN ,4,4,495,0,0,0,0,0,0,1,5,315,2,2,265,0,0,0,0,0,0,0,0,0
200901,380,33660, ,Mobile  AL ,49,49,9039,0,0,0,0,0,0,4,275,8413,45,45,8364,0,0,0,0,0,0,3,270,8100
200901,384,33740, ,Monroe  LA ,8,8,1403,6,12,600,0,0,0,1,5,383,1,1,350,6,12,600,0,0,0,0,0,0
200901,388,33860, ,Montgomery  AL ,25,25,3164,0,0,0,0,0,0,2,29,1676,8,8,968,0,0,0,0,0,0,0,0,0
200901,392,34100, ,Morristown  TN ,7,7,1283,0,0,0,0,0,0,0,0,0,5,5,1019,0,0,0,0,0,0,0,0,0
200901,396,34820, ,Myrtle Beach-North Myrtle Beach-Conway  SC ,84,84,12398,0,0,0,0,0,0,2,24,4552,78,78,10832,0,0,0,0,0,0,1,6,540
200901,400,34980,C,Nashville-Davidson--Murfreesboro  TN ,211,211,41681,3,6,962,0,0,0,1,14,1642,178,178,34184,3,6,962,0,0,0,1,14,1642
200901,406,35380,C,New Orleans-Metairie-Kenner  LA ,157,157,16428,16,32,1584,0,0,0,2,15,1417,151,151,15241,16,32,1584,0,0,0,1,10,1000
200901,408,14860, ,Bridgeport-Stamford-Norwalk  CT ,19,19,9167,0,0,0,0,0,0,0,0,0,19,19,9167,0,0,0,0,0,0,0,0,0
200901,408,28740, ,Kingston  NY ,2,2,169,0,0,0,0,0,0,0,0,0,2,2,169,0,0,0,0,0,0,0,0,0
200901,408,35300, ,New Haven-Milford  CT ,17,17,3755,1,2,105,0,0,0,1,6,369,16,16,3591,1,2,105,0,0,0,0,0,0
200901,408,35620,C,New York-Northern New Jersey-Long Island  NY-NJ-PA ,407,407,100283,41,82,8677,10,32,3475,34,509,49823,309,309,76253,39,78,8204,10,32,3475,25,457,44656
200901,408,39100, ,Poughkeepsie-Newburgh-Middletown  NY ,17,17,2928,0,0,0,0,0,0,1,5,255,11,11,1751,0,0,0,0,0,0,0,0,0
200901,408,45940,C,Trenton-Ewing  NJ ,20,20,3310,0,0,0,0,0,0,0,0,0,13,13,2468,0,0,0,0,0,0,0,0,0
200901,416,36420,C,Oklahoma City  OK ,199,199,30343,2,4,283,3,12,630,1,12,675,128,128,20096,1,2,125,3,12,630,0,0,0
200901,420,36540,C,Omaha-Council Bluffs  NE-IA ,65,65,12406,0,0,0,0,0,0,4,80,4440,64,64,12194,0,0,0,0,0,0,4,80,4440
200901,422,19660,C,Deltona-Daytona Beach-Ormond Beach  FL ,33,33,9614,0,0,0,0,0,0,1,10,980,31,31,9310,0,0,0,0,0,0,0,0,0
200901,422,36740,C,Orlando-Kissimmee  FL ,249,249,60268,3,6,1149,4,13,2284,8,181,23256,249,249,60268,3,6,1149,4,13,2284,8,181,23256
200901,422,37380, ,Palm Coast  FL ,20,20,4746,0,0,0,0,0,0,0,0,0,17,17,3630,0,0,0,0,0,0,0,0,0
200901,426,37900, ,Peoria  IL ,4,4,938,0,0,0,0,0,0,0,0,0,4,4,938,0,0,0,0,0,0,0,0,0
200901,428,37980,C,Philadelphia-Camden-Wilmington  PA-NJ-DE-MD ,253,253,47491,3,6,637,2,7,711,6,30,1701,199,199,39462,3,6,637,2,7,711,1,5,474
200901,428,47220,C,Vineland-Millville-Bridgeton  NJ ,16,16,1697,0,0,0,0,0,0,0,0,0,6,6,649,0,0,0,0,0,0,0,0,0
200901,430,38300,C,Pittsburgh  PA ,98,98,22273,0,0,0,3,11,987,0,0,0,77,77,18378,0,0,0,2,8,856,0,0,0
200901,438,30340, ,Lewiston-Auburn  ME ,3,3,378,0,0,0,0,0,0,0,0,0,3,3,378,0,0,0,0,0,0,0,0,0
200901,438,38860, ,Portland-South Portland-Biddeford  ME ,35,35,6920,0,0,0,2,8,920,0,0,0,23,23,4181,0,0,0,2,8,920,0,0,0
200901,442,38940,C,Port St. Lucie  FL ,24,24,7087,0,0,0,0,0,0,1,6,521,20,20,6258,0,0,0,0,0,0,0,0,0
200901,442,42680,C,Sebastian-Vero Beach  FL ,23,23,8538,0,0,0,0,0,0,0,0,0,23,23,8538,0,0,0,0,0,0,0,0,0
200901,450,20500,C,Durham-Chapel Hill  NC ,64,64,12767,0,0,0,0,0,0,13,308,3979,63,63,12306,0,0,0,0,0,0,13,308,3979
200901,450,39580,C,Raleigh-Cary  NC ,233,233,47134,0,0,0,0,0,0,1,10,900,218,218,44232,0,0,0,0,0,0,1,10,900
200901,456,39900,C,Reno-Sparks  NV ,36,36,7788,0,0,0,0,0,0,0,0,0,36,36,7788,0,0,0,0,0,0,0,0,0
200901,464,40380, ,Rochester  NY ,30,30,6200,4,8,610,0,0,0,0,0,0,20,20,4523,4,8,610,0,0,0,0,0,0
200901,466,40420, ,Rockford  IL ,12,12,1200,0,0,0,0,0,0,0,0,0,11,11,1058,0,0,0,0,0,0,0,0,0
200901,472,40900,C,Sacramento--Arden-Arcade--Roseville  CA ,127,127,26210,0,0,0,3,9,943,3,21,2162,127,127,26210,0,0,0,3,9,943,3,21,2162
200901,472,49700, ,Yuba City  CA ,2,2,335,0,0,0,0,0,0,0,0,0,2,2,335,0,0,0,0,0,0,0,0,0
200901,474,13020, ,Bay City  MI ,1,1,110,0,0,0,0,0,0,0,0,0,1,1,110,0,0,0,0,0,0,0,0,0
200901,474,40980, ,Saginaw-Saginaw Township North  MI ,3,3,409,0,0,0,0,0,0,1,20,1200,3,3,409,0,0,0,0,0,0,1,20,1200
200901,476,41180,C,St. Louis  MO-IL ,173,173,37872,2,4,470,4,15,1367,4,38,2109,152,152,32886,2,4,470,4,15,1367,3,33,1820
200901,480,41540, ,Salisbury  MD ,6,6,673,0,0,0,0,0,0,1,6,819,4,4,457,0,0,0,0,0,0,0,0,0
200901,482,36260, ,Ogden-Clearfield  UT ,22,22,4090,0,0,0,2,8,1220,0,0,0,22,22,4090,0,0,0,2,8,1220,0,0,0
200901,482,41620,C,Salt Lake City  UT ,79,79,14072,0,0,0,3,10,1318,18,520,39469,71,71,12606,0,0,0,3,10,1318,16,496,37139
200901,488,34900, ,Napa  CA ,0,0,0,0,0,0,0,0,0,0,0,0,0,0,0,0,0,0,0,0,0,0,0,0
200901,488,41860,C,San Francisco-Oakland-Fremont  CA ,99,99,30107,5,10,2476,1,3,232,4,24,3023,84,84,24914,5,10,2476,1,3,232,1,7,1400
200901,488,41940,C,San Jose-Sunnyvale-Santa Clara  CA ,28,28,13453,1,2,440,0,0,0,1,6,1240,22,22,11893,1,2,440,0,0,0,0,0,0
200901,488,42100, ,Santa Cruz-Watsonville  CA ,6,6,1302,0,0,0,0,0,0,0,0,0,6,6,1302,0,0,0,0,0,0,0,0,0
200901,488,42220, ,Santa Rosa-Petaluma  CA ,14,14,6363,0,0,0,0,0,0,0,0,0,14,14,6363,0,0,0,0,0,0,0,0,0
200901,488,46700, ,Vallejo-Fairfield  CA ,4,4,863,0,0,0,0,0,0,0,0,0,4,4,863,0,0,0,0,0,0,0,0,0
200901,492,42140,C,Santa Fe  NM ,5,5,667,0,0,0,0,0,0,0,0,0,0,0,0,0,0,0,0,0,0,0,0,0
200901,494,14600,C,Bradenton-Sarasota-Venice  FL ,70,70,16238,0,0,0,0,0,0,1,8,1030,70,70,16238,0,0,0,0,0,0,1,8,1030
200901,494,39460,C,Punta Gorda  FL ,28,28,4560,1,2,259,0,0,0,0,0,0,28,28,4560,1,2,259,0,0,0,0,0,0
200901,496,25980, ,Hinesville-Fort Stewart  GA ,21,21,4343,0,0,0,0,0,0,0,0,0,21,21,4343,0,0,0,0,0,0,0,0,0
200901,496,42340, ,Savannah  GA ,50,50,9111,0,0,0,0,0,0,1,8,300,50,50,9111,0,0,0,0,0,0,1,8,300
200901,500,14740, ,Bremerton-Silverdale  WA ,14,14,3508,0,0,0,0,0,0,0,0,0,14,14,3508,0,0,0,0,0,0,0,0,0
200901,500,34580, ,Mount Vernon-Anacortes  WA ,14,14,2408,0,0,0,0,0,0,0,0,0,6,6,1098,0,0,0,0,0,0,0,0,0
200901,500,36500, ,Olympia  WA ,36,36,7251,2,4,498,0,0,0,0,0,0,36,36,7251,2,4,498,0,0,0,0,0,0
200901,500,42660,C,Seattle-Tacoma-Bellevue  WA ,303,303,68202,17,34,5320,10,35,4504,30,533,47111,288,288,63710,17,34,5320,10,35,4504,26,500,43686
200901,508,43340, ,Shreveport-Bossier City  LA ,45,45,7476,0,0,0,0,0,0,0,0,0,45,45,7476,0,0,0,0,0,0,0,0,0
200901,512,43580, ,Sioux City  IA-NE-SD ,3,3,830,0,0,0,0,0,0,0,0,0,2,2,650,0,0,0,0,0,0,0,0,0
200901,515,21140, ,Elkhart-Goshen  IN ,10,10,1884,0,0,0,0,0,0,0,0,0,2,2,339,0,0,0,0,0,0,0,0,0
200901,515,43780, ,South Bend-Mishawaka  IN-MI ,8,8,1652,0,0,0,0,0,0,0,0,0,8,8,1652,0,0,0,0,0,0,0,0,0
200901,532,45060, ,Syracuse  NY ,12,12,2359,0,0,0,0,0,0,0,0,0,12,12,2359,0,0,0,0,0,0,0,0,0
200901,534,45780, ,Toledo  OH ,18,18,2958,0,0,0,0,0,0,0,0,0,8,8,1559,0,0,0,0,0,0,0,0,0
200901,538,46140,C,Tulsa  OK ,163,163,29762,0,0,0,0,0,0,0,0,2117,160,160,29384,0,0,0,0,0,0,0,0,2117
200901,540,46340, ,Tyler  TX ,8,8,1515,0,0,0,1,3,150,1,5,231,0,0,0,0,0,0,0,0,0,0,0,0
200901,548,12580,C,Baltimore-Towson  MD ,142,142,25685,1,2,175,1,3,450,2,86,8663,135,135,24493,1,2,175,1,3,450,1,81,8200
200901,548,47900,C,Washington-Arlington-Alexandria  DC-VA-MD-WV ,508,508,96064,0,0,0,0,0,0,10,377,34785,501,501,95074,0,0,0,0,0,0,9,366,33579
200901,548,49020, ,Winchester  VA-WV ,23,23,3825,0,0,0,0,0,0,0,0,0,19,19,3280,0,0,0,0,0,0,0,0,0
200901,554,48140, ,Wausau  WI ,4,4,718,1,2,140,0,0,0,0,0,0,3,3,525,1,2,140,0,0,0,0,0,0
200901,556,48620, ,Wichita  KS ,69,69,8862,1,2,150,0,0,0,0,0,0,68,68,8745,1,2,150,0,0,0,0,0,0
200901,558,48700, ,Williamsport  PA ,0,0,0,0,0,0,0,0,0,0,0,0,0,0,0,0,0,0,0,0,0,0,0,0
200901,564,49620, ,York-Hanover  PA ,46,46,7651,0,0,0,0,0,0,0,0,0,42,42,7006,0,0,0,0,0,0,0,0,0
200901,566,49660, ,Youngstown-Warren-Boardman  OH-PA ,3,3,614,1,2,100,0,0,0,0,0,0,2,2,439,0,0,0,0,0,0,0,0,0
200901,999,10180, ,Abilene  TX ,18,18,2776,0,0,0,0,0,0,0,0,0,18,18,2776,0,0,0,0,0,0,0,0,0
200901,999,10500, ,Albany  GA ,9,9,1033,1,2,150,1,3,153,0,0,0,0,0,0,0,0,0,0,0,0,0,0,0
200901,999,10740,C,Albuquerque  NM ,103,103,17154,0,0,0,1,3,422,1,24,1840,62,62,9652,0,0,0,0,0,0,0,0,0
200901,999,10780, ,Alexandria  LA ,15,15,1907,0,0,0,0,0,0,0,0,0,5,5,768,0,0,0,0,0,0,0,0,0
200901,999,10900,C,Allentown-Bethlehem-Easton  PA-NJ ,71,71,10910,0,0,0,0,0,0,2,28,2306,49,49,7635,0,0,0,0,0,0,2,28,2306
200901,999,11020, ,Altoona  PA ,1,1,61,0,0,0,0,0,0,0,0,0,0,0,0,0,0,0,0,0,0,0,0,0
200901,999,11100, ,Amarillo  TX ,39,39,8773,0,0,0,0,0,0,0,0,0,39,39,8773,0,0,0,0,0,0,0,0,0
200901,999,11260,C,Anchorage  AK ,6,6,1771,0,0,0,0,0,0,0,0,0,5,5,1622,0,0,0,0,0,0,0,0,0
200901,999,11500, ,Anniston-Oxford  AL ,3,3,621,1,2,80,0,0,0,0,0,0,3,3,621,1,2,80,0,0,0,0,0,0
200901,999,12020, ,Athens-Clarke County  GA ,15,15,2451,0,0,0,0,0,0,0,0,0,15,15,2451,0,0,0,0,0,0,0,0,0
200901,999,12100,C,Atlantic City-Hammonton  NJ ,19,19,4258,0,0,0,1,3,603,0,0,0,14,14,3561,0,0,0,0,0,0,0,0,0
200901,999,12260, ,Augusta-Richmond County  GA-SC ,114,114,14834,0,0,0,0,0,0,0,0,0,98,98,13479,0,0,0,0,0,0,0,0,0
200901,999,12420,C,Austin-Round Rock  TX ,467,467,79394,4,8,1025,0,0,0,7,233,13810,425,425,73660,4,8,1025,0,0,0,6,215,12731
200901,999,12540, ,Bakersfield  CA ,55,55,8015,1,2,159,1,4,314,1,5,305,23,23,3231,0,0,0,0,0,0,0,0,0
200901,999,12620, ,Bangor  ME ,5,5,772,0,0,0,0,0,0,0,0,0,2,2,210,0,0,0,0,0,0,0,0,0
200901,999,12700, ,Barnstable Town  MA ,25,25,7603,0,0,0,0,0,0,0,0,0,16,16,4655,0,0,0,0,0,0,0,0,0
200901,999,12980, ,Battle Creek  MI ,0,0,0,0,0,0,0,0,0,0,0,0,0,0,0,0,0,0,0,0,0,0,0,0
200901,999,13140, ,Beaumont-Port Arthur  TX ,31,31,3895,0,0,0,0,0,0,0,0,0,31,31,3895,0,0,0,0,0,0,0,0,0
200901,999,13380, ,Bellingham  WA ,19,19,4040,0,0,0,1,3,155,0,0,0,19,19,4040,0,0,0,1,3,155,0,0,0
200901,999,13740, ,Billings  MT ,23,23,946,0,0,0,0,0,0,0,0,0,23,23,946,0,0,0,0,0,0,0,0,0
200901,999,13780, ,Binghamton  NY ,3,3,455,0,0,0,0,0,0,0,0,0,3,3,455,0,0,0,0,0,0,0,0,0
200901,999,13900, ,Bismarck  ND ,1,1,196,0,0,0,0,0,0,0,0,0,1,1,196,0,0,0,0,0,0,0,0,0
200901,999,14020, ,Bloomington  IN ,10,10,1611,0,0,0,0,0,0,0,0,0,10,10,1611,0,0,0,0,0,0,0,0,0
200901,999,14060, ,Bloomington-Normal  IL ,8,8,1236,0,0,0,0,0,0,1,5,176,4,4,629,0,0,0,0,0,0,0,0,0
200901,999,14260,C,Boise City-Nampa  ID ,64,64,12061,0,0,0,28,106,3488,0,0,0,42,42,7490,0,0,0,26,98,3020,0,0,0
200901,999,14540, ,Bowling Green  KY ,15,15,1848,0,0,0,0,0,0,0,0,0,15,15,1848,0,0,0,0,0,0,0,0,0
200901,999,15260, ,Brunswick  GA ,18,18,4767,0,0,0,0,0,0,0,0,0,0,0,0,0,0,0,0,0,0,0,0,0
200901,999,15540, ,Burlington-South Burlington  VT ,7,7,1111,0,0,0,0,0,0,0,0,0,4,4,615,0,0,0,0,0,0,0,0,0
200901,999,15940, ,Canton-Massillon  OH ,7,7,1516,0,0,0,0,0,0,1,5,238,6,6,1408,0,0,0,0,0,0,0,0,0
200901,999,15980,C,Cape Coral-Fort Myers  FL ,35,35,12475,0,0,0,1,4,1168,1,9,5562,28,28,10244,0,0,0,1,4,1168,0,0,0
200901,999,16020, ,Cape Girardeau-Jackson  MO-IL ,1,1,250,2,4,485,0,0,0,0,0,0,1,1,250,2,4,485,0,0,0,0,0,0
200901,999,16180,C,Carson City  NV ,1,1,296,0,0,0,0,0,0,0,0,0,1,1,296,0,0,0,0,0,0,0,0,0
200901,999,16220, ,Casper  WY ,12,12,1780,0,0,0,0,0,0,0,0,0,12,12,1780,0,0,0,0,0,0,0,0,0
200901,999,16300, ,Cedar Rapids  IA ,8,8,838,0,0,0,1,4,268,1,15,640,7,7,708,0,0,0,1,4,268,1,15,640
200901,999,16580, ,Champaign-Urbana  IL ,33,33,4496,0,0,0,5,18,996,8,48,1594,33,33,4496,0,0,0,5,18,996,8,48,1594
200901,999,16620, ,Charleston  WV ,6,6,835,1,2,169,0,0,0,0,0,0,5,5,705,1,2,169,0,0,0,0,0,0
200901,999,16700,C,Charleston-North Charleston-Summerville  SC ,124,124,27980,0,0,0,1,4,143,1,10,1848,82,82,17515,0,0,0,1,4,143,0,0,0
200901,999,16820, ,Charlottesville  VA ,36,36,11698,2,4,500,0,0,0,1,5,657,23,23,7338,2,4,500,0,0,0,0,0,0
200901,999,16940, ,Cheyenne  WY ,11,11,1517,0,0,0,0,0,0,0,0,0,11,11,1517,0,0,0,0,0,0,0,0,0
200901,999,17020, ,Chico  CA ,27,27,3880,0,0,0,0,0,0,0,0,0,26,26,3716,0,0,0,0,0,0,0,0,0
200901,999,17300, ,Clarksville  TN-KY ,55,55,5323,1,2,86,2,8,500,0,0,0,55,55,5323,1,2,86,2,8,500,0,0,0
200901,999,17660, ,Coeur dAlene  ID ,20,20,3164,0,0,0,0,0,0,0,0,0,20,20,3164,0,0,0,0,0,0,0,0,0
200901,999,17780, ,College Station-Bryan  TX ,30,30,4531,0,0,0,0,0,0,0,0,0,30,30,4531,0,0,0,0,0,0,0,0,0
200901,999,17820,C,Colorado Springs  CO ,73,73,24270,1,2,370,0,0,0,0,0,0,73,73,24270,1,2,370,0,0,0,0,0,0
200901,999,17860, ,Columbia  MO ,24,24,3289,0,0,0,0,0,0,1,12,1210,24,24,3289,0,0,0,0,0,0,1,12,1210
200901,999,19060, ,Cumberland  MD-WV ,5,5,1152,0,0,0,0,0,0,0,0,0,5,5,1152,0,0,0,0,0,0,0,0,0
200901,999,19140,C,Dalton  GA ,11,11,1376,0,0,0,1,3,143,1,5,247,2,2,355,0,0,0,0,0,0,0,0,0
200901,999,19180, ,Danville  IL ,0,0,0,0,0,0,0,0,0,0,0,0,0,0,0,0,0,0,0,0,0,0,0,0
200901,999,19260, ,Danville  VA ,4,4,497,0,0,0,0,0,0,0,0,0,0,0,0,0,0,0,0,0,0,0,0,0
200901,999,19340, ,Davenport-Moline-Rock Island  IA-IL ,5,5,935,0,0,0,0,0,0,0,0,0,2,2,236,0,0,0,0,0,0,0,0,0
200901,999,19500, ,Decatur  IL ,0,0,0,0,0,0,0,0,0,0,0,0,0,0,0,0,0,0,0,0,0,0,0,0
200901,999,20100,C,Dover  DE ,39,39,5396,0,0,0,0,0,0,0,0,0,38,38,5288,0,0,0,0,0,0,0,0,0
200901,999,20220, ,Dubuque  IA ,9,9,2046,0,0,0,0,0,0,0,0,0,9,9,2046,0,0,0,0,0,0,0,0,0
200901,999,20260, ,Duluth  MN-WI ,7,7,1029,0,0,0,0,0,0,0,0,0,1,1,180,0,0,0,0,0,0,0,0,0
200901,999,20940, ,El Centro  CA ,13,13,2152,0,0,0,0,0,0,0,0,0,13,13,2152,0,0,0,0,0,0,0,0,0
200901,999,21300, ,Elmira  NY ,0,0,0,0,0,0,0,0,0,0,0,0,0,0,0,0,0,0,0,0,0,0,0,0
200901,999,21340, ,El Paso  TX ,121,121,18836,0,0,0,1,4,277,0,0,0,121,121,18836,0,0,0,1,4,277,0,0,0
200901,999,21500, ,Erie  PA ,3,3,543,0,0,0,0,0,0,0,0,0,3,3,543,0,0,0,0,0,0,0,0,0
200901,999,21660, ,Eugene-Springfield  OR ,23,23,5034,1,2,307,1,4,510,0,0,0,23,23,5034,1,2,307,1,4,510,0,0,0
200901,999,21780, ,Evansville  IN-KY ,11,11,1436,0,0,0,0,0,0,2,10,1881,4,4,526,0,0,0,0,0,0,0,0,0
200901,999,21820,C,Fairbanks  AK ,1,1,165,0,0,0,0,0,0,0,0,0,0,0,0,0,0,0,0,0,0,0,0,0
200901,999,22140,C,Farmington  NM ,17,17,2933,0,0,0,0,0,0,0,0,0,17,17,2933,0,0,0,0,0,0,0,0,0
200901,999,22180, ,Fayetteville  NC ,77,77,11715,0,0,0,0,0,0,13,108,6603,77,77,11715,0,0,0,0,0,0,13,108,6603
200901,999,22220, ,Fayetteville-Springdale-Rogers  AR-MO ,47,47,8345,2,4,321,2,7,787,1,6,654,44,44,7999,0,0,0,1,4,651,1,6,654
200901,999,22380, ,Flagstaff  AZ ,5,5,1270,0,0,0,0,0,0,0,0,0,5,5,1270,0,0,0,0,0,0,0,0,0
200901,999,22500, ,Florence  SC ,21,21,2855,0,0,0,0,0,0,1,9,540,0,0,0,0,0,0,0,0,0,0,0,0
200901,999,22520, ,Florence-Muscle Shoals  AL ,8,8,1039,0,0,0,0,0,0,0,0,0,8,8,1039,0,0,0,0,0,0,0,0,0
200901,999,22660,C,Fort Collins-Loveland  CO ,15,15,3742,0,0,0,0,0,0,1,20,1602,15,15,3742,0,0,0,0,0,0,1,20,1602
200901,999,22900, ,Fort Smith  AR-OK ,24,24,2309,12,24,1602,0,0,0,1,8,280,24,24,2309,12,24,1602,0,0,0,1,8,280
200901,999,23020, ,Fort Walton Beach-Crestview-Destin  FL ,11,11,5264,0,0,0,0,0,0,0,0,0,11,11,5264,0,0,0,0,0,0,0,0,0
200901,999,23460, ,Gadsden  AL ,4,4,584,0,0,0,0,0,0,0,0,0,0,0,0,0,0,0,0,0,0,0,0,0
200901,999,23540, ,Gainesville  FL ,15,15,2020,0,0,0,0,0,0,1,19,1156,10,10,1503,0,0,0,0,0,0,0,0,0
200901,999,24140, ,Goldsboro  NC ,7,7,1133,0,0,0,0,0,0,0,0,0,7,7,1133,0,0,0,0,0,0,0,0,0
200901,999,24220, ,Grand Forks  ND-MN ,0,0,0,0,0,0,0,0,0,0,0,0,0,0,0,0,0,0,0,0,0,0,0,0
200901,999,24300,C,Grand Junction  CO ,19,19,3203,0,0,0,0,0,0,0,0,0,19,19,3203,0,0,0,0,0,0,0,0,0
200901,999,24500, ,Great Falls  MT ,4,4,756,0,0,0,0,0,0,0,0,0,4,4,756,0,0,0,0,0,0,0,0,0
200901,999,24540,C,Greeley  CO ,36,36,6880,0,0,0,0,0,0,1,7,203,26,26,4215,0,0,0,0,0,0,0,0,0
200901,999,24580, ,Green Bay  WI ,11,11,1527,0,0,0,0,0,0,1,6,243,9,9,1243,0,0,0,0,0,0,0,0,0
200901,999,24780, ,Greenville  NC ,16,16,1742,0,0,0,0,0,0,0,0,0,16,16,1742,0,0,0,0,0,0,0,0,0
200901,999,25180, ,Hagerstown-Martinsburg  MD-WV ,24,24,4481,0,0,0,0,0,0,3,36,1800,24,24,4481,0,0,0,0,0,0,3,36,1800
200901,999,25260, ,Hanford-Corcoran  CA ,10,10,1523,0,0,0,0,0,0,0,0,0,10,10,1523,0,0,0,0,0,0,0,0,0
200901,999,25500,C,Harrisonburg  VA ,48,48,4489,0,0,0,0,0,0,0,0,0,48,48,4489,0,0,0,0,0,0,0,0,0
200901,999,25620, ,Hattiesburg  MS ,6,6,601,0,0,0,1,3,693,1,32,1677,0,0,0,0,0,0,0,0,0,0,0,0
200901,999,25860, ,Hickory-Lenoir-Morganton  NC ,39,39,9341,0,0,0,0,0,0,0,0,0,39,39,9341,0,0,0,0,0,0,0,0,0
200901,999,26180,C,Honolulu  HI ,47,47,13036,0,0,0,0,0,0,0,0,0,47,47,13036,0,0,0,0,0,0,0,0,0
200901,999,26300, ,Hot Springs  AR ,2,2,219,0,0,0,0,0,0,0,0,0,0,0,0,0,0,0,0,0,0,0,0,0
200901,999,26380, ,Houma-Bayou Cane-Thibodaux  LA ,43,43,10594,4,8,680,0,0,0,0,0,0,43,43,10594,4,8,680,0,0,0,0,0,0
200901,999,26580, ,Huntington-Ashland  WV-KY-OH ,2,2,220,0,0,0,0,0,0,0,0,0,0,0,0,0,0,0,0,0,0,0,0,0
200901,999,26980, ,Iowa City  IA ,11,11,2131,0,0,0,0,0,0,0,0,0,10,10,1989,0,0,0,0,0,0,0,0,0
200901,999,27100, ,Jackson  MI ,0,0,0,0,0,0,0,0,0,0,0,0,0,0,0,0,0,0,0,0,0,0,0,0
200901,999,27260,C,Jacksonville  FL ,227,227,42727,6,12,1029,0,0,0,2,28,2882,225,225,42242,6,12,1029,0,0,0,2,28,2882
200901,999,27340, ,Jacksonville  NC ,33,33,4108,0,0,0,0,0,0,0,0,0,4,4,672,0,0,0,0,0,0,0,0,0
200901,999,27500, ,Janesville  WI ,1,1,160,0,0,0,0,0,0,0,0,0,1,1,160,0,0,0,0,0,0,0,0,0
200901,999,27620, ,Jefferson City  MO ,4,4,595,0,0,0,0,0,0,0,0,0,3,3,452,0,0,0,0,0,0,0,0,0
200901,999,27780, ,Johnstown  PA ,0,0,0,0,0,0,0,0,0,0,0,0,0,0,0,0,0,0,0,0,0,0,0,0
200901,999,27900, ,Joplin  MO ,2,2,180,0,0,0,0,0,0,4,32,2140,2,2,180,0,0,0,0,0,0,4,32,2140
200901,999,28020, ,Kalamazoo-Portage  MI ,16,16,2767,0,0,0,0,0,0,0,0,0,14,14,2512,0,0,0,0,0,0,0,0,0
200901,999,28420, ,Kennewick-Pasco-Richland  WA ,23,23,4877,0,0,0,0,0,0,1,7,583,6,6,1115,0,0,0,0,0,0,0,0,0
200901,999,28660, ,Killeen-Temple-Fort Hood  TX ,57,57,8190,1,2,96,0,0,0,0,0,0,49,49,6616,0,0,0,0,0,0,0,0,0
200901,999,29100, ,La Crosse  WI-MN ,19,19,2654,0,0,0,0,0,0,1,5,199,18,18,2421,0,0,0,0,0,0,0,0,0
200901,999,29420, ,Lake Havasu City-Kingman  AZ ,17,17,3809,0,0,0,0,0,0,0,0,0,17,17,3809,0,0,0,0,0,0,0,0,0
200901,999,29460,C,Lakeland-Winter Haven  FL ,76,76,13166,0,0,0,0,0,0,0,0,0,73,73,12381,0,0,0,0,0,0,0,0,0
200901,999,29540, ,Lancaster  PA ,37,37,4750,2,4,300,0,0,0,2,49,2800,32,32,3691,2,4,300,0,0,0,2,49,2800
200901,999,29700,C,Laredo  TX ,70,70,7385,1,2,86,0,0,0,0,0,0,70,70,7385,1,2,86,0,0,0,0,0,0
200901,999,29740,C,Las Cruces  NM ,68,68,11659,0,0,0,0,0,0,20,140,8100,68,68,11659,0,0,0,0,0,0,20,140,8100
200901,999,29940, ,Lawrence  KS ,6,6,1353,0,0,0,0,0,0,0,0,0,5,5,1111,0,0,0,0,0,0,0,0,0
200901,999,30020, ,Lawton  OK ,14,14,2564,0,0,0,0,0,0,0,0,0,14,14,2564,0,0,0,0,0,0,0,0,0
200901,999,30300, ,Lewiston  ID-WA ,1,1,216,0,0,0,0,0,0,0,0,0,0,0,0,0,0,0,0,0,0,0,0,0
200901,999,30700, ,Lincoln  NE ,25,25,3609,0,0,0,0,0,0,0,0,0,25,25,3609,0,0,0,0,0,0,0,0,0
200901,999,30860, ,Logan  UT-ID ,6,6,851,0,0,0,3,11,1241,0,0,0,5,5,702,0,0,0,2,8,991,0,0,0
200901,999,31020, ,Longview  WA ,8,8,1809,0,0,0,0,0,0,0,0,0,1,1,192,0,0,0,0,0,0,0,0,0
200901,999,31340, ,Lynchburg  VA ,25,25,5211,0,0,0,0,0,0,0,0,0,25,25,5211,0,0,0,0,0,0,0,0,0
200901,999,31740, ,Manhattan  KS ,12,12,2170,0,0,0,0,0,0,0,0,0,12,12,2170,0,0,0,0,0,0,0,0,0
200901,999,31860, ,Mankato-North Mankato  MN ,4,4,1270,1,2,143,0,0,0,0,0,0,1,1,750,0,0,0,0,0,0,0,0,0
200901,999,32580,C,McAllen-Edinburg-Mission  TX ,204,204,21705,4,8,325,3,12,433,1,5,141,185,185,20249,4,8,325,2,8,300,0,0,0
200901,999,32780, ,Medford  OR ,19,19,3052,1,2,164,0,0,0,0,0,0,17,17,2684,0,0,0,0,0,0,0,0,0
200901,999,32820,C,Memphis  TN-MS-AR ,86,86,13994,0,0,0,0,0,0,3,197,11640,50,50,8338,0,0,0,0,0,0,2,192,11140
200901,999,32900, ,Merced  CA ,2,2,171,0,0,0,0,0,0,0,0,0,2,2,171,0,0,0,0,0,0,0,0,0
200901,999,33100,C,Miami-Fort Lauderdale-Pompano Beach  FL ,127,127,27043,2,4,201,8,32,2391,20,313,22480,94,94,18447,2,4,201,8,32,2391,15,283,17757
200901,999,33540,C,Missoula  MT ,6,6,1037,1,2,131,0,0,0,0,0,0,6,6,1037,1,2,131,0,0,0,0,0,0
200901,999,33700, ,Modesto  CA ,21,21,4302,1,2,197,0,0,0,2,31,3038,16,16,3335,0,0,0,0,0,0,1,20,1975
200901,999,34060, ,Morgantown  WV ,4,4,1070,0,0,0,0,0,0,0,0,0,4,4,1070,0,0,0,0,0,0,0,0,0
200901,999,34620, ,Muncie  IN ,1,1,148,0,0,0,0,0,0,0,0,0,1,1,148,0,0,0,0,0,0,0,0,0
200901,999,34940,C,Naples-Marco Island  FL ,40,40,14203,0,0,0,1,4,1157,0,0,0,40,40,14203,0,0,0,1,4,1157,0,0,0
200901,999,35660, ,Niles-Benton Harbor  MI ,0,0,0,0,0,0,0,0,0,1,5,288,0,0,0,0,0,0,0,0,0,0,0,0
200901,999,35980, ,Norwich-New London  CT ,9,9,1736,0,0,0,0,0,0,0,0,0,7,7,1363,0,0,0,0,0,0,0,0,0
200901,999,36100,C,Ocala  FL ,21,21,5811,5,10,909,0,0,0,0,0,0,21,21,5811,5,10,909,0,0,0,0,0,0
200901,999,36140,C,Ocean City  NJ ,16,16,3459,2,4,741,0,0,0,0,0,0,15,15,3278,2,4,741,0,0,0,0,0,0
200901,999,36980, ,Owensboro  KY ,12,12,911,0,0,0,0,0,0,0,0,0,12,12,911,0,0,0,0,0,0,0,0,0
200901,999,37340,C,Palm Bay-Melbourne-Titusville  FL ,58,58,15660,0,0,0,0,0,0,4,56,6684,58,58,15660,0,0,0,0,0,0,4,56,6684
200901,999,37460, ,Panama City-Lynn Haven-Panama City Beach  FL ,14,14,1407,1,2,206,0,0,0,0,0,0,11,11,790,1,2,206,0,0,0,0,0,0
200901,999,37620, ,Parkersburg-Marietta-Vienna  WV-OH ,3,3,691,0,0,0,0,0,0,0,0,0,3,3,691,0,0,0,0,0,0,0,0,0
200901,999,37860,C,Pensacola-Ferry Pass-Brent  FL ,61,61,10698,0,0,0,0,0,0,0,0,0,61,61,10698,0,0,0,0,0,0,0,0,0
200901,999,38060,C,Phoenix-Mesa-Scottsdale  AZ ,345,345,72447,4,8,1124,1,4,457,4,162,18954,324,324,68925,4,8,1124,1,4,457,4,162,18954
200901,999,38340, ,Pittsfield  MA ,1,1,177,0,0,0,0,0,0,0,0,0,1,1,177,0,0,0,0,0,0,0,0,0
200901,999,38540, ,Pocatello  ID ,9,9,814,0,0,0,0,0,0,0,0,0,8,8,708,0,0,0,0,0,0,0,0,0
200901,999,38900,C,Portland-Vancouver-Beaverton  OR-WA ,155,155,37047,0,0,0,1,3,316,7,62,6188,122,122,29791,0,0,0,1,3,316,6,57,5656
200901,999,39140, ,Prescott  AZ ,25,25,4630,0,0,0,0,0,0,0,0,0,25,25,4630,0,0,0,0,0,0,0,0,0
200901,999,39300, ,Providence-New Bedford-Fall River  RI-MA ,40,40,9189,2,4,276,2,6,591,0,0,0,22,22,6225,2,4,276,2,6,591,0,0,0
200901,999,39340, ,Provo-Orem  UT ,56,56,9265,1,2,218,0,0,0,1,5,482,47,47,7698,0,0,0,0,0,0,0,0,0
200901,999,39380,C,Pueblo  CO ,12,12,2044,0,0,0,0,0,0,0,0,0,12,12,2044,0,0,0,0,0,0,0,0,0
200901,999,39660, ,Rapid City  SD ,17,17,2740,0,0,0,0,0,0,0,0,0,16,16,2579,0,0,0,0,0,0,0,0,0
200901,999,39740, ,Reading  PA ,8,8,1927,0,0,0,0,0,0,1,8,360,5,5,1405,0,0,0,0,0,0,1,8,360
200901,999,39820, ,Redding  CA ,9,9,1517,0,0,0,0,0,0,0,0,0,9,9,1517,0,0,0,0,0,0,0,0,0
200901,999,40060,C,Richmond  VA ,142,142,23880,0,0,0,0,0,0,0,0,0,128,128,21984,0,0,0,0,0,0,0,0,0
200901,999,40220, ,Roanoke  VA ,30,30,5439,0,0,0,0,0,0,0,0,0,21,21,3799,0,0,0,0,0,0,0,0,0
200901,999,40340, ,Rochester  MN ,4,4,835,0,0,0,0,0,0,5,40,4925,4,4,835,0,0,0,0,0,0,5,40,4925
200901,999,40580, ,Rocky Mount  NC ,13,13,1670,0,0,0,0,0,0,0,0,0,6,6,1139,0,0,0,0,0,0,0,0,0
200901,999,40660, ,Rome  GA ,1,1,300,0,0,0,0,0,0,3,24,2430,1,1,300,0,0,0,0,0,0,3,24,2430
200901,999,41100, ,St. George  UT ,33,33,4783,0,0,0,0,0,0,0,0,0,32,32,4480,0,0,0,0,0,0,0,0,0
200901,999,41140, ,St. Joseph  MO-KS ,2,2,362,1,2,200,0,0,0,0,0,0,2,2,362,1,2,200,0,0,0,0,0,0
200901,999,41420, ,Salem  OR ,12,12,2780,0,0,0,0,0,0,3,20,1681,9,9,2166,0,0,0,0,0,0,3,20,1681
200901,999,41500, ,Salinas  CA ,5,5,1787,0,0,0,0,0,0,2,10,1138,4,4,1635,0,0,0,0,0,0,0,0,0
200901,999,41660,C,San Angelo  TX ,10,10,1764,0,0,0,0,0,0,0,0,0,10,10,1764,0,0,0,0,0,0,0,0,0
200901,999,41700,C,San Antonio  TX ,292,292,59187,0,0,0,0,0,0,1,5,1066,254,254,52560,0,0,0,0,0,0,0,0,0
200901,999,41740,C,San Diego-Carlsbad-San Marcos  CA ,78,78,25691,0,0,0,0,0,0,1,6,981,77,77,25127,0,0,0,0,0,0,1,6,981
200901,999,41780, ,Sandusky  OH ,0,0,0,0,0,0,0,0,0,0,0,0,0,0,0,0,0,0,0,0,0,0,0,0
200901,999,42020, ,San Luis Obispo-Paso Robles  CA ,11,11,2154,0,0,0,0,0,0,1,6,613,2,2,427,0,0,0,0,0,0,0,0,0
200901,999,42060, ,Santa Barbara-Santa Maria  CA ,10,10,5398,0,0,0,0,0,0,0,0,0,10,10,5398,0,0,0,0,0,0,0,0,0
200901,999,42540, ,Scranton--Wilkes-Barre  PA ,7,7,1085,0,0,0,0,0,0,0,0,0,3,3,435,0,0,0,0,0,0,0,0,0
200901,999,43100, ,Sheboygan  WI ,2,2,1340,0,0,0,0,0,0,0,0,0,2,2,1340,0,0,0,0,0,0,0,0,0
200901,999,43300, ,Sherman-Denison  TX ,0,0,0,0,0,0,0,0,0,0,0,0,0,0,0,0,0,0,0,0,0,0,0,0
200901,999,43620, ,Sioux Falls  SD ,15,15,2370,0,0,0,1,4,343,1,8,438,15,15,2370,0,0,0,1,4,343,1,8,438
200901,999,44060, ,Spokane  WA ,14,14,2482,0,0,0,0,0,0,0,0,0,14,14,2482,0,0,0,0,0,0,0,0,0
200901,999,44100, ,Springfield  IL ,1,1,1195,0,0,0,0,0,0,0,0,0,1,1,1195,0,0,0,0,0,0,0,0,0
200901,999,44140, ,Springfield  MA ,8,8,1346,0,0,0,0,0,0,0,0,0,3,3,569,0,0,0,0,0,0,0,0,0
200901,999,44180, ,Springfield  MO ,13,13,2335,0,0,0,0,0,0,1,45,1881,10,10,1790,0,0,0,0,0,0,0,0,0
200901,999,44300, ,State College  PA ,8,8,1773,1,2,400,0,0,0,0,0,0,8,8,1773,1,2,400,0,0,0,0,0,0
200901,999,44700,C,Stockton  CA ,29,29,6703,0,0,0,0,0,0,1,5,608,9,9,2560,0,0,0,0,0,0,0,0,0
200901,999,44940,C,Sumter  SC ,28,28,3471,0,0,0,0,0,0,0,0,0,28,28,3471,0,0,0,0,0,0,0,0,0
200901,999,45220, ,Tallahassee  FL ,47,47,7718,1,2,142,0,0,0,1,31,1314,30,30,4892,0,0,0,0,0,0,0,0,0
200901,999,45300,C,Tampa-St. Petersburg-Clearwater  FL ,234,234,55221,1,2,308,1,3,55,18,398,27712,210,210,50154,1,2,308,1,3,55,18,398,27712
200901,999,45460, ,Terre Haute  IN ,5,5,780,1,2,191,0,0,0,1,5,286,4,4,645,0,0,0,0,0,0,0,0,0
200901,999,45500, ,Texarkana  TX-Texarkana  AR ,4,4,496,0,0,0,0,0,0,0,0,0,4,4,496,0,0,0,0,0,0,0,0,0
200901,999,45820, ,Topeka  KS ,12,12,2101,0,0,0,1,4,1200,0,0,0,11,11,1909,0,0,0,1,4,1200,0,0,0
200901,999,46060,C,Tucson  AZ ,101,101,20408,1,2,199,0,0,0,1,6,334,81,81,17108,0,0,0,0,0,0,0,0,0
200901,999,46220, ,Tuscaloosa  AL ,14,14,2995,0,0,0,0,0,0,3,41,2348,2,2,891,0,0,0,0,0,0,0,0,0
200901,999,46540, ,Utica-Rome  NY ,0,0,0,0,0,0,0,0,0,0,0,0,0,0,0,0,0,0,0,0,0,0,0,0
200901,999,46660, ,Valdosta  GA ,29,29,2771,0,0,0,0,0,0,0,0,0,29,29,2771,0,0,0,0,0,0,0,0,0
200901,999,47020, ,Victoria  TX ,3,3,453,0,0,0,0,0,0,0,0,0,0,0,0,0,0,0,0,0,0,0,0,0
200901,999,47260,C,Virginia Beach-Norfolk-Newport News  VA-NC ,118,118,21825,1,2,200,0,0,0,3,44,2570,108,108,20048,1,2,200,0,0,0,1,18,1269
200901,999,47300, ,Visalia-Porterville  CA ,51,51,9067,0,0,0,1,3,294,0,0,0,51,51,9067,0,0,0,1,3,294,0,0,0
200901,999,47380, ,Waco  TX ,14,14,1960,0,0,0,0,0,0,0,0,0,13,13,1684,0,0,0,0,0,0,0,0,0
200901,999,47940, ,Waterloo-Cedar Falls  IA ,3,3,429,0,0,0,0,0,0,0,0,0,2,2,298,0,0,0,0,0,0,0,0,0
200901,999,48260, ,Weirton-Steubenville  WV-OH ,0,0,0,0,0,0,0,0,0,0,0,0,0,0,0,0,0,0,0,0,0,0,0,0
200901,999,48300, ,Wenatchee-East Wenatchee  WA ,9,9,1546,0,0,0,0,0,0,0,0,0,9,9,1546,0,0,0,0,0,0,0,0,0
200901,999,48540, ,Wheeling  WV-OH ,0,0,0,0,0,0,0,0,0,0,0,0,0,0,0,0,0,0,0,0,0,0,0,0
200901,999,48660, ,Wichita Falls  TX ,4,4,809,1,2,151,0,0,0,1,19,835,0,0,0,0,0,0,0,0,0,0,0,0
200901,999,48900,C,Wilmington  NC ,146,146,26822,1,2,239,0,0,0,4,53,5170,35,35,6629,0,0,0,0,0,0,1,6,762
200901,999,49420, ,Yakima  WA ,8,8,2216,0,0,0,0,0,0,0,0,0,7,7,2061,0,0,0,0,0,0,0,0,0
200901,999,49740, ,Yuma  AZ ,39,39,4727,0,0,0,0,0,0,0,0,0,39,39,4727,0,0,0,0,0,0,0,0,0
