Survey,CSA,CBSA,MONCOV,CBSA,,1-unit,,,2-units,,,3-4 units,,,5+ units,,,1-unit rep,,,2-units rep,,,3-4 units rep,,,5+ units rep
Date,Code,Code,,Name,Bldgs,Units,Value,Bldgs,Units,Value,Bldgs,Units,Value,Bldgs,Units,Value,Bldgs,Units,Value,Bldgs,Units,Value,      Bldgs,Units,Value,Bldgs,Units,Value
 
201007,102,18700, ,Corvallis  OR ,2,2,447,0,0,0,0,0,0,0,0,0,2,2,447,0,0,0,0,0,0,0,0,0
201007,104,10580, ,Albany-Schenectady-Troy  NY ,69,69,15110,0,0,0,0,0,0,1,6,750,56,56,12903,0,0,0,0,0,0,1,6,750
201007,104,24020, ,Glens Falls  NY ,20,20,2979,0,0,0,0,0,0,0,0,0,12,12,2508,0,0,0,0,0,0,0,0,0
201007,112,11180, ,Ames  IA ,4,4,1008,0,0,0,0,0,0,0,0,0,2,2,567,0,0,0,0,0,0,0,0,0
201007,118,11540, ,Appleton  WI ,25,25,5951,1,2,180,0,0,0,1,48,1160,24,24,5786,1,2,180,0,0,0,1,48,1160
201007,118,36780, ,Oshkosh-Neenah  WI ,15,15,2086,1,2,366,0,0,0,3,24,1026,15,15,2086,1,2,366,0,0,0,3,24,1026
201007,120,11700, ,Asheville  NC ,87,87,18214,0,0,0,1,3,500,2,28,1336,41,41,8062,0,0,0,0,0,0,0,0,0
201007,122,12060,C,Atlanta-Sandy Springs-Marietta  GA ,511,511,93098,0,0,0,1,4,446,0,0,0,469,469,84858,0,0,0,1,4,446,0,0,0
201007,122,23580, ,Gainesville  GA ,11,11,2070,0,0,0,0,0,0,0,0,0,11,11,2070,0,0,0,0,0,0,0,0,0
201007,126,12420,C,Austin-Round Rock-San Marcos  TX ,518,518,88750,0,0,0,0,0,0,3,20,1122,436,436,75126,0,0,0,0,0,0,0,0,0
201007,132,12940, ,Baton Rouge  LA ,190,190,31399,0,0,0,1,3,249,1,7,570,125,125,21266,0,0,0,0,0,0,0,0,0
201007,140,13460,C,Bend  OR ,42,42,10066,0,0,0,0,0,0,0,0,0,42,42,10066,0,0,0,0,0,0,0,0,0
201007,142,13820,C,Birmingham-Hoover  AL ,128,128,22144,1,2,99,1,3,315,0,0,0,78,78,12338,0,0,0,0,0,0,0,0,0
201007,148,14460,C,Boston-Cambridge-Quincy  MA-NH ,331,331,85786,10,20,2463,2,7,1735,15,338,59295,249,249,67156,8,16,1942,1,4,1060,7,260,52093
201007,148,31700, ,Manchester-Nashua  NH ,24,24,4203,3,6,772,2,8,605,1,7,535,19,19,3424,3,6,772,0,0,0,0,0,0
201007,148,39300, ,Providence-New Bedford-Fall River  RI-MA ,89,89,20409,1,2,168,0,0,0,0,0,0,57,57,14852,0,0,0,0,0,0,0,0,0
201007,148,49340, ,Worcester  MA ,60,60,11172,0,0,0,0,0,0,1,17,1026,48,48,8944,0,0,0,0,0,0,0,0,0
201007,154,15180, ,Brownsville-Harlingen  TX ,85,85,8906,1,2,91,0,0,0,2,16,602,85,85,8906,1,2,91,0,0,0,2,16,602
201007,160,15380, ,Buffalo-Niagara Falls  NY ,55,55,13793,0,0,0,1,4,250,1,8,871,53,53,13520,0,0,0,1,4,250,0,0,0
201007,164,16020, ,Cape Girardeau-Jackson  MO-IL ,4,4,671,0,0,0,0,0,0,0,0,0,4,4,671,0,0,0,0,0,0,0,0,0
201007,172,16740,C,Charlotte-Gastonia-Rock Hill  NC-SC ,304,304,57224,0,0,0,0,0,0,7,166,13771,197,197,37988,0,0,0,0,0,0,0,0,0
201007,174,16860, ,Chattanooga  TN-GA ,79,79,11630,1,2,92,0,0,0,1,5,464,58,58,8428,0,0,0,0,0,0,0,0,0
201007,174,17420, ,Cleveland  TN ,14,14,2105,0,0,0,1,4,280,0,0,0,14,14,2105,0,0,0,1,4,280,0,0,0
201007,176,16980,C,Chicago-Joliet-Naperville  IL-IN-WI ,402,402,94947,4,8,782,4,13,1910,7,208,14216,318,318,73507,3,6,545,3,10,1370,4,184,12288
201007,176,28100, ,Kankakee-Bradley  IL ,5,5,1116,0,0,0,0,0,0,0,0,0,4,4,1004,0,0,0,0,0,0,0,0,0
201007,176,33140, ,Michigan City-La Porte  IN ,11,11,1939,0,0,0,0,0,0,0,0,0,11,11,1939,0,0,0,0,0,0,0,0,0
201007,178,17140,C,Cincinnati-Middletown  OH-KY-IN ,237,237,43274,1,2,246,2,8,840,1,5,447,161,161,28430,1,2,246,2,8,840,0,0,0
201007,184,10420, ,Akron  OH ,48,48,8255,0,0,0,0,0,0,1,5,177,42,42,7657,0,0,0,0,0,0,0,0,0
201007,184,17460,C,Cleveland-Elyria-Mentor  OH ,177,177,38857,0,0,0,0,0,0,1,5,530,150,150,33749,0,0,0,0,0,0,0,0,0
201007,192,17900,C,Columbia  SC ,214,214,31890,0,0,0,0,0,0,3,98,6881,52,52,7767,0,0,0,0,0,0,1,48,2792
201007,194,12220,C,Auburn-Opelika  AL ,35,35,7600,0,0,0,0,0,0,0,0,0,35,35,7600,0,0,0,0,0,0,0,0,0
201007,194,17980, ,Columbus  GA-AL ,56,56,8894,0,0,0,1,3,136,3,30,2024,6,6,1412,0,0,0,0,0,0,0,0,0
201007,198,18140,C,Columbus  OH ,466,466,57228,0,0,0,6,24,2201,22,232,17757,445,445,52973,0,0,0,6,24,2201,22,232,17757
201007,204,18580, ,Corpus Christi  TX ,67,67,9559,0,0,0,0,0,0,0,0,0,64,64,9356,0,0,0,0,0,0,0,0,0
201007,206,19100,C,Dallas-Fort Worth-Arlington  TX ,1244,1244,293987,2,4,377,5,16,1546,29,633,33229,1121,1121,265167,1,2,211,5,16,1546,26,593,30122
201007,206,43300, ,Sherman-Denison  TX ,1,1,159,0,0,0,0,0,0,0,0,0,0,0,0,0,0,0,0,0,0,0,0,0
201007,212,19380, ,Dayton  OH ,53,53,12834,0,0,0,0,0,0,0,0,0,49,49,12186,0,0,0,0,0,0,0,0,0
201007,212,44220, ,Springfield  OH ,5,5,849,0,0,0,0,0,0,0,0,0,5,5,849,0,0,0,0,0,0,0,0,0
201007,216,14500, ,Boulder  CO ,31,31,6668,0,0,0,1,4,531,0,0,0,31,31,6668,0,0,0,1,4,531,0,0,0
201007,216,19740,C,Denver-Aurora-Broomfield  CO ,338,338,81909,3,6,921,2,7,913,0,0,0,337,337,80659,3,6,921,2,7,913,0,0,0
201007,216,24540,C,Greeley  CO ,53,53,10487,0,0,0,0,0,0,1,5,145,35,35,6264,0,0,0,0,0,0,0,0,0
201007,218,19780,C,Des Moines-West Des Moines  IA ,176,176,35739,3,6,654,0,0,0,4,96,4620,170,170,34639,3,6,654,0,0,0,4,96,4620
201007,220,11460, ,Ann Arbor  MI ,19,19,2727,0,0,0,0,0,0,1,5,302,11,11,1649,0,0,0,0,0,0,0,0,0
201007,220,19820,C,Detroit-Warren-Livonia  MI ,204,204,47622,1,2,297,0,0,0,0,0,0,184,184,43435,1,2,297,0,0,0,0,0,0
201007,220,22420, ,Flint  MI ,5,5,799,0,0,0,0,0,0,0,0,0,3,3,382,0,0,0,0,0,0,0,0,0
201007,220,33780, ,Monroe  MI ,10,10,1569,0,0,0,0,0,0,0,0,0,9,9,1393,0,0,0,0,0,0,0,0,0
201007,222,20020, ,Dothan  AL ,20,20,516,0,0,0,0,0,0,0,0,0,20,20,516,0,0,0,0,0,0,0,0,0
201007,232,20740, ,Eau Claire  WI ,22,22,2607,1,2,15,0,0,0,0,0,0,21,21,2557,1,2,15,0,0,0,0,0,0
201007,244,22020, ,Fargo  ND-MN ,72,72,10819,0,0,0,0,0,0,0,0,0,72,72,10819,0,0,0,0,0,0,0,0,0
201007,252,22540, ,Fond du Lac  WI ,3,3,426,1,2,330,0,0,0,0,0,0,2,2,208,1,2,330,0,0,0,0,0,0
201007,258,23060,C,Fort Wayne  IN ,61,61,11441,14,28,1568,0,0,0,0,0,0,61,61,11441,14,28,1568,0,0,0,0,0,0
201007,260,23420, ,Fresno  CA ,129,129,19977,0,0,0,1,3,215,1,5,459,26,26,5053,0,0,0,0,0,0,0,0,0
201007,260,31460, ,Madera-Chowchilla  CA ,19,19,2609,0,0,0,0,0,0,1,6,343,19,19,2609,0,0,0,0,0,0,1,6,343
201007,266,24340,C,Grand Rapids-Wyoming  MI ,65,65,10847,0,0,0,0,0,0,0,0,0,47,47,8625,0,0,0,0,0,0,0,0,0
201007,266,26100, ,Holland-Grand Haven  MI ,24,24,4456,0,0,0,0,0,0,0,0,0,12,12,1894,0,0,0,0,0,0,0,0,0
201007,266,34740, ,Muskegon-Norton Shores  MI ,5,5,882,0,0,0,0,0,0,0,0,0,4,4,632,0,0,0,0,0,0,0,0,0
201007,268,15500, ,Burlington  NC ,29,29,3957,0,0,0,0,0,0,0,0,0,29,29,3957,0,0,0,0,0,0,0,0,0
201007,268,24660,C,Greensboro-High Point  NC ,124,124,19238,0,0,0,0,0,0,7,82,3392,64,64,6691,0,0,0,0,0,0,6,74,2572
201007,268,49180, ,Winston-Salem  NC ,66,66,9002,0,0,0,0,0,0,11,132,3466,66,66,9002,0,0,0,0,0,0,11,132,3466
201007,273,11340, ,Anderson  SC ,16,16,2534,0,0,0,0,0,0,0,0,0,16,16,2534,0,0,0,0,0,0,0,0,0
201007,273,24860,C,Greenville-Maudlin-Easley  SC ,114,114,27278,0,0,0,0,0,0,1,5,300,97,97,22931,0,0,0,0,0,0,0,0,0
201007,273,43900, ,Spartanburg  SC ,44,44,4786,0,0,0,0,0,0,1,5,255,0,0,0,0,0,0,0,0,0,0,0,0
201007,274,25060, ,Gulfport-Biloxi  MS ,85,85,11657,3,6,488,1,4,255,2,20,1262,37,37,5253,0,0,0,0,0,0,0,0,0
201007,274,37700, ,Pascagoula  MS ,32,32,4806,0,0,0,0,0,0,0,0,0,13,13,1777,0,0,0,0,0,0,0,0,0
201007,276,25420, ,Harrisburg-Carlisle  PA ,45,45,8392,0,0,0,0,0,0,1,12,800,37,37,6677,0,0,0,0,0,0,1,12,800
201007,276,30140, ,Lebanon  PA ,19,19,2768,0,0,0,0,0,0,0,0,0,13,13,1901,0,0,0,0,0,0,0,0,0
201007,278,25540, ,Hartford-West Hartford-East Hartford  CT ,74,74,12743,0,0,0,1,3,337,2,15,840,55,55,9589,0,0,0,0,0,0,1,10,775
201007,288,26420,C,Houston-Sugar Land-Baytown  TX ,1537,1537,281628,2,4,293,2,8,684,27,341,30294,1454,1454,267626,2,4,293,2,8,684,23,316,28970
201007,290,19460, ,Decatur  AL ,4,4,1151,0,0,0,0,0,0,0,0,0,4,4,1151,0,0,0,0,0,0,0,0,0
201007,290,26620, ,Huntsville  AL ,170,170,24132,0,0,0,0,0,0,0,0,0,170,170,24132,0,0,0,0,0,0,0,0,0
201007,292,26820, ,Idaho Falls  ID ,19,19,2780,0,0,0,0,0,0,0,0,0,12,12,1709,0,0,0,0,0,0,0,0,0
201007,294,11300, ,Anderson  IN ,6,6,810,0,0,0,0,0,0,0,0,0,4,4,292,0,0,0,0,0,0,0,0,0
201007,294,18020, ,Columbus  IN ,12,12,2233,0,0,0,0,0,0,0,0,0,0,0,0,0,0,0,0,0,0,0,0,0
201007,294,26900,C,Indianapolis-Carmel  IN ,305,305,60171,1,2,4,1,4,192,13,309,20391,297,297,58905,1,2,4,1,4,192,13,309,20391
201007,296,27060, ,Ithaca  NY ,2,2,815,0,0,0,0,0,0,0,0,0,1,1,582,0,0,0,0,0,0,0,0,0
201007,297,27180, ,Jackson  TN ,23,23,4306,0,0,0,0,0,0,0,0,0,23,23,4306,0,0,0,0,0,0,0,0,0
201007,298,27140, ,Jackson  MS ,72,72,14917,0,0,0,0,0,0,0,0,0,68,68,14482,0,0,0,0,0,0,0,0,0
201007,304,27740, ,Johnson City  TN ,21,21,3421,0,0,0,0,0,0,0,0,0,14,14,2547,0,0,0,0,0,0,0,0,0
201007,304,28700, ,Kingsport-Bristol-Bristol  TN-VA ,29,29,3629,3,6,155,0,0,0,0,0,0,14,14,1304,3,6,155,0,0,0,0,0,0
201007,308,27860, ,Jonesboro  AR ,29,29,4042,0,0,0,0,0,0,0,0,0,27,27,3880,0,0,0,0,0,0,0,0,0
201007,312,28140,C,Kansas City  MO-KS ,167,167,41506,0,0,0,0,0,0,0,0,0,144,144,38001,0,0,0,0,0,0,0,0,0
201007,314,28940, ,Knoxville  TN ,132,132,18819,1,2,134,0,0,0,2,23,1167,78,78,10921,0,0,0,0,0,0,0,0,0
201007,314,34100, ,Morristown  TN ,18,18,3884,0,0,0,0,0,0,0,0,0,16,16,3680,0,0,0,0,0,0,0,0,0
201007,316,29020, ,Kokomo  IN ,0,0,0,0,0,0,0,0,0,0,0,0,0,0,0,0,0,0,0,0,0,0,0,0
201007,318,29180, ,Lafayette  LA ,56,56,8332,0,0,0,0,0,0,1,6,293,28,28,4635,0,0,0,0,0,0,0,0,0
201007,320,29140, ,Lafayette  IN ,36,36,6536,0,0,0,0,0,0,0,0,0,36,36,6536,0,0,0,0,0,0,0,0,0
201007,324,29340, ,Lake Charles  LA ,48,48,7406,0,0,0,0,0,0,0,0,0,48,48,7406,0,0,0,0,0,0,0,0,0
201007,330,29620, ,Lansing-East Lansing  MI ,26,26,5030,0,0,0,0,0,0,3,88,9301,20,20,3886,0,0,0,0,0,0,3,88,9301
201007,332,29820,C,Las Vegas-Paradise  NV ,390,390,51015,0,0,0,2,6,522,0,0,0,389,389,50722,0,0,0,2,6,522,0,0,0
201007,336,30460, ,Lexington-Fayette  KY ,98,98,14873,0,0,0,0,0,0,1,24,1000,94,94,14080,0,0,0,0,0,0,1,24,1000
201007,338,30620, ,Lima  OH ,3,3,488,0,0,0,0,0,0,0,0,0,2,2,300,0,0,0,0,0,0,0,0,0
201007,340,30780, ,Little Rock-North Little Rock-Conway  AR ,133,133,22639,6,12,300,0,0,0,6,144,7625,131,131,22406,6,12,300,0,0,0,6,144,7625
201007,340,38220, ,Pine Bluff  AR ,2,2,154,0,0,0,0,0,0,0,0,0,1,1,50,0,0,0,0,0,0,0,0,0
201007,346,30980, ,Longview  TX ,18,18,2305,0,0,0,0,0,0,0,0,0,18,18,2305,0,0,0,0,0,0,0,0,0
201007,348,31100,C,Los Angeles-Long Beach-Santa Ana  CA ,333,333,114991,12,24,4412,9,32,6785,25,664,114253,287,287,96474,11,22,3583,8,29,6491,21,626,108260
201007,348,37100, ,Oxnard-Thousand Oaks-Ventura  CA ,9,9,3706,0,0,0,0,0,0,1,5,537,3,3,1907,0,0,0,0,0,0,0,0,0
201007,348,40140,C,Riverside-San Bernardino-Ontario  CA ,466,466,94119,0,0,0,0,0,0,14,109,9489,438,438,88815,0,0,0,0,0,0,12,99,8441
201007,350,21060, ,Elizabethtown  KY ,32,32,4531,2,4,300,0,0,0,0,0,0,18,18,2450,2,4,300,0,0,0,0,0,0
201007,350,31140,C,Louisville-Jefferson County  KY-IN ,153,153,25886,0,0,0,0,0,0,2,14,910,134,134,22379,0,0,0,0,0,0,2,14,910
201007,352,31180, ,Lubbock  TX ,87,87,16407,3,6,629,0,0,0,0,0,0,87,87,16407,3,6,629,0,0,0,0,0,0
201007,356,31420, ,Macon  GA ,11,11,1919,0,0,0,0,0,0,0,0,0,11,11,1919,0,0,0,0,0,0,0,0,0
201007,356,47580, ,Warner Robins  GA ,60,60,10601,0,0,0,0,0,0,0,0,0,60,60,10601,0,0,0,0,0,0,0,0,0
201007,358,31540,C,Madison  WI ,76,76,19981,1,2,189,1,3,248,2,48,5116,50,50,14558,0,0,0,0,0,0,0,0,0
201007,360,31900, ,Mansfield  OH ,5,5,991,0,0,0,0,0,0,0,0,0,5,5,991,0,0,0,0,0,0,0,0,0
201007,372,33260,C,Midland  TX ,21,21,2500,0,0,0,0,0,0,0,0,0,21,21,2500,0,0,0,0,0,0,0,0,0
201007,372,36220,C,Odessa  TX ,26,26,5235,0,0,0,0,0,0,0,0,0,26,26,5235,0,0,0,0,0,0,0,0,0
201007,376,33340,C,Milwaukee-Waukesha-West Allis  WI ,71,71,22378,0,0,0,0,0,0,0,0,0,61,61,17762,0,0,0,0,0,0,0,0,0
201007,376,39540, ,Racine  WI ,16,16,3647,1,2,230,0,0,0,0,0,0,16,16,3647,1,2,230,0,0,0,0,0,0
201007,378,33460,C,Minneapolis-St. Paul-Bloomington  MN-WI ,336,336,86236,1,2,125,2,8,1113,2,38,3681,294,294,76678,1,2,125,2,8,1113,2,38,3681
201007,378,41060, ,St. Cloud  MN ,26,26,5788,0,0,0,0,0,0,1,6,421,20,20,4955,0,0,0,0,0,0,0,0,0
201007,380,33660, ,Mobile  AL ,67,67,12500,0,0,0,0,0,0,0,0,0,67,67,12500,0,0,0,0,0,0,0,0,0
201007,384,33740, ,Monroe  LA ,15,15,2613,0,0,0,0,0,0,0,0,0,3,3,550,0,0,0,0,0,0,0,0,0
201007,388,33860, ,Montgomery  AL ,29,29,4604,0,0,0,14,56,5361,1,5,122,26,26,4434,0,0,0,14,56,5361,0,0,0
201007,396,34820, ,Myrtle Beach-North Myrtle Beach-Conway  SC ,97,97,15564,0,0,0,0,0,0,0,0,0,97,97,15564,0,0,0,0,0,0,0,0,0
201007,400,34980,C,Nashville-Davidson--Murfreesboro-Franklin  TN ,300,300,58804,1,2,358,2,8,448,2,10,468,276,276,54946,1,2,358,2,8,448,2,10,468
201007,406,35380,C,New Orleans-Metairie-Kenner  LA ,133,133,25366,3,6,650,0,0,0,0,0,0,120,120,23146,2,4,500,0,0,0,0,0,0
201007,408,14860, ,Bridgeport-Stamford-Norwalk  CT ,35,35,17061,2,4,301,0,0,0,1,5,255,23,23,8633,1,2,130,0,0,0,0,0,0
201007,408,28740, ,Kingston  NY ,6,6,1044,0,0,0,0,0,0,0,0,0,4,4,685,0,0,0,0,0,0,0,0,0
201007,408,35300, ,New Haven-Milford  CT ,30,30,4374,0,0,0,0,0,0,1,5,308,24,24,3743,0,0,0,0,0,0,0,0,0
201007,408,35620,C,New York-Northern New Jersey-Long Island  NY-NJ-PA ,697,697,153508,75,150,16883,19,66,7298,29,445,61079,535,535,120584,66,132,15106,18,63,7060,16,365,55666
201007,408,39100, ,Poughkeepsie-Newburgh-Middletown  NY ,58,58,11709,0,0,0,0,0,0,1,5,255,52,52,10900,0,0,0,0,0,0,0,0,0
201007,408,45940,C,Trenton-Ewing  NJ ,37,37,5451,0,0,0,0,0,0,1,12,1187,33,33,3847,0,0,0,0,0,0,1,12,1187
201007,416,36420,C,Oklahoma City  OK ,257,257,46785,1,2,167,0,0,0,1,6,343,135,135,28067,0,0,0,0,0,0,0,0,0
201007,420,36540,C,Omaha-Council Bluffs  NE-IA ,184,184,28930,0,0,0,1,4,214,0,0,0,150,150,23128,0,0,0,1,4,214,0,0,0
201007,422,19660,C,Deltona-Daytona Beach-Ormond Beach  FL ,50,50,13980,0,0,0,0,0,0,2,10,980,38,38,10984,0,0,0,0,0,0,0,0,0
201007,422,36740,C,Orlando-Kissimmee-Sanford  FL ,365,365,75615,2,4,651,1,4,395,1,7,529,363,363,74318,2,4,651,1,4,395,1,7,529
201007,422,37380, ,Palm Coast  FL ,19,19,4132,0,0,0,0,0,0,0,0,0,19,19,4132,0,0,0,0,0,0,0,0,0
201007,426,37900, ,Peoria  IL ,22,22,6088,2,4,706,0,0,0,0,0,0,20,20,5723,2,4,706,0,0,0,0,0,0
201007,428,37980,C,Philadelphia-Camden-Wilmington  PA-NJ-DE-MD ,407,407,70856,47,94,7954,2,7,465,8,123,11636,279,279,49331,47,94,7954,2,7,465,3,86,8691
201007,428,39740, ,Reading  PA ,11,11,2268,0,0,0,0,0,0,0,0,0,7,7,1382,0,0,0,0,0,0,0,0,0
201007,428,47220,C,Vineland-Millville-Bridgeton  NJ ,20,20,2289,0,0,0,0,0,0,0,0,0,3,3,334,0,0,0,0,0,0,0,0,0
201007,430,38300,C,Pittsburgh  PA ,253,253,53802,1,2,142,1,3,349,1,12,2591,148,148,32842,0,0,0,0,0,0,0,0,0
201007,438,30340, ,Lewiston-Auburn  ME ,6,6,1024,1,2,185,0,0,0,2,16,1090,0,0,0,0,0,0,0,0,0,2,16,1090
201007,438,38860, ,Portland-South Portland-Biddeford  ME ,100,100,19148,1,2,125,0,0,0,0,0,0,73,73,13629,1,2,125,0,0,0,0,0,0
201007,442,38940,C,Port St. Lucie  FL ,38,38,10699,0,0,0,0,0,0,1,6,1154,36,36,10391,0,0,0,0,0,0,1,6,1154
201007,442,42680,C,Sebastian-Vero Beach  FL ,18,18,5503,0,0,0,0,0,0,0,0,0,18,18,5503,0,0,0,0,0,0,0,0,0
201007,450,20500,C,Durham-Chapel Hill  NC ,135,135,25529,0,0,0,0,0,0,10,210,9806,130,130,24177,0,0,0,0,0,0,10,210,9806
201007,450,39580,C,Raleigh-Cary  NC ,374,374,72317,0,0,0,0,0,0,0,0,0,352,352,68209,0,0,0,0,0,0,0,0,0
201007,456,39900,C,Reno-Sparks  NV ,39,39,10777,0,0,0,0,0,0,0,0,0,39,39,10777,0,0,0,0,0,0,0,0,0
201007,464,40380, ,Rochester  NY ,64,64,13164,2,4,345,2,8,1149,2,18,2169,46,46,9749,1,2,200,1,4,421,0,0,0
201007,466,40420, ,Rockford  IL ,53,53,4703,0,0,0,0,0,0,0,0,0,53,53,4703,0,0,0,0,0,0,0,0,0
201007,472,40900,C,Sacramento--Arden-Arcade--Roseville  CA ,144,144,34767,0,0,0,2,6,650,1,74,9201,139,139,33136,0,0,0,2,6,650,1,74,9201
201007,472,49700, ,Yuba City  CA ,8,8,958,0,0,0,0,0,0,0,0,0,8,8,958,0,0,0,0,0,0,0,0,0
201007,474,13020, ,Bay City  MI ,1,1,125,0,0,0,0,0,0,0,0,0,1,1,125,0,0,0,0,0,0,0,0,0
201007,474,40980, ,Saginaw-Saginaw Township North  MI ,4,4,1310,0,0,0,0,0,0,0,0,0,4,4,1310,0,0,0,0,0,0,0,0,0
201007,476,41180,C,St. Louis  MO-IL ,384,384,73495,10,20,2107,7,27,2644,3,33,3027,277,277,45518,9,18,1868,6,23,2231,1,12,975
201007,480,41540, ,Salisbury  MD ,8,8,1140,0,0,0,0,0,0,0,0,0,8,8,1140,0,0,0,0,0,0,0,0,0
201007,482,36260, ,Ogden-Clearfield  UT ,76,76,16714,0,0,0,0,0,0,0,0,0,58,58,13634,0,0,0,0,0,0,0,0,0
201007,482,41620,C,Salt Lake City  UT ,150,150,34385,1,2,243,4,14,1674,5,50,4049,120,120,29048,1,2,243,2,8,1006,0,0,0
201007,488,34900, ,Napa  CA ,9,9,3365,0,0,0,0,0,0,0,0,0,3,3,1105,0,0,0,0,0,0,0,0,0
201007,488,41860,C,San Francisco-Oakland-Fremont  CA ,175,175,59165,2,4,1122,4,12,2661,8,62,10564,147,147,50620,1,2,430,4,12,2661,4,22,3821
201007,488,41940,C,San Jose-Sunnyvale-Santa Clara  CA ,124,124,39128,0,0,0,0,0,0,14,241,29384,109,109,35427,0,0,0,0,0,0,12,230,26805
201007,488,42100, ,Santa Cruz-Watsonville  CA ,8,8,1986,0,0,0,0,0,0,0,0,0,8,8,1986,0,0,0,0,0,0,0,0,0
201007,488,42220, ,Santa Rosa-Petaluma  CA ,16,16,3876,0,0,0,0,0,0,0,0,0,16,16,3876,0,0,0,0,0,0,0,0,0
201007,488,46700, ,Vallejo-Fairfield  CA ,36,36,7956,0,0,0,0,0,0,0,0,0,35,35,7587,0,0,0,0,0,0,0,0,0
201007,492,42140,C,Santa Fe  NM ,9,9,1200,0,0,0,0,0,0,0,0,0,0,0,0,0,0,0,0,0,0,0,0,0
201007,494,35840,C,North Port-Bradenton-Sarasota  FL ,156,156,42446,0,0,0,2,7,919,5,71,9357,155,155,41449,0,0,0,2,7,919,5,71,9357
201007,494,39460,C,Punta Gorda  FL ,24,24,5364,0,0,0,0,0,0,0,0,0,2,2,596,0,0,0,0,0,0,0,0,0
201007,496,25980, ,Hinesville-Fort Stewart  GA ,2,2,665,0,0,0,0,0,0,0,0,0,2,2,665,0,0,0,0,0,0,0,0,0
201007,496,42340, ,Savannah  GA ,75,75,11771,0,0,0,0,0,0,0,0,0,64,64,9778,0,0,0,0,0,0,0,0,0
201007,500,14740, ,Bremerton-Silverdale  WA ,35,35,6580,0,0,0,0,0,0,0,0,0,35,35,6580,0,0,0,0,0,0,0,0,0
201007,500,34580, ,Mount Vernon-Anacortes  WA ,22,22,4310,0,0,0,0,0,0,0,0,0,20,20,3910,0,0,0,0,0,0,0,0,0
201007,500,36500, ,Olympia  WA ,85,85,19664,0,0,0,0,0,0,0,0,0,85,85,19664,0,0,0,0,0,0,0,0,0
201007,500,42660,C,Seattle-Tacoma-Bellevue  WA ,481,481,123807,13,26,4516,3,12,1415,3,197,5655,443,443,114447,13,26,4516,3,12,1415,1,179,4000
201007,508,43340, ,Shreveport-Bossier City  LA ,89,89,15374,0,0,0,0,0,0,2,24,1461,59,59,11795,0,0,0,0,0,0,0,0,0
201007,512,43580, ,Sioux City  IA-NE-SD ,14,14,3758,0,0,0,0,0,0,0,0,0,7,7,1741,0,0,0,0,0,0,0,0,0
201007,515,21140, ,Elkhart-Goshen  IN ,18,18,2079,0,0,0,0,0,0,0,0,0,18,18,2079,0,0,0,0,0,0,0,0,0
201007,515,43780, ,South Bend-Mishawaka  IN-MI ,14,14,1929,0,0,0,0,0,0,0,0,0,14,14,1929,0,0,0,0,0,0,0,0,0
201007,532,45060, ,Syracuse  NY ,34,34,5621,0,0,0,0,0,0,1,131,4850,33,33,5396,0,0,0,0,0,0,1,131,4850
201007,534,45780, ,Toledo  OH ,45,45,9031,0,0,0,0,0,0,0,0,0,37,37,7233,0,0,0,0,0,0,0,0,0
201007,538,46140,C,Tulsa  OK ,182,182,30246,0,0,0,0,0,0,0,0,0,176,176,29269,0,0,0,0,0,0,0,0,0
201007,540,46340, ,Tyler  TX ,10,10,1765,0,0,0,0,0,0,1,5,231,0,0,0,0,0,0,0,0,0,0,0,0
201007,548,12580,C,Baltimore-Towson  MD ,278,278,50905,0,0,0,0,0,0,7,159,37374,194,194,33747,0,0,0,0,0,0,3,81,6620
201007,548,47900,C,Washington-Arlington-Alexandria  DC-VA-MD-WV ,795,795,149877,8,16,1960,0,0,0,6,402,19488,723,723,136419,6,12,1593,0,0,0,3,293,7336
201007,548,49020, ,Winchester  VA-WV ,36,36,5601,0,0,0,0,0,0,0,0,0,36,36,5601,0,0,0,0,0,0,0,0,0
201007,554,48140, ,Wausau  WI ,16,16,2676,1,2,180,0,0,0,0,0,0,5,5,559,1,2,180,0,0,0,0,0,0
201007,556,48620, ,Wichita  KS ,75,75,11679,1,2,111,0,0,0,2,26,996,56,56,8754,1,2,111,0,0,0,0,0,0
201007,558,48700, ,Williamsport  PA ,4,4,758,2,4,280,0,0,0,0,0,0,4,4,758,2,4,280,0,0,0,0,0,0
201007,564,49620, ,York-Hanover  PA ,32,32,6095,0,0,0,0,0,0,0,0,0,23,23,4045,0,0,0,0,0,0,0,0,0
201007,566,49660, ,Youngstown-Warren-Boardman  OH-PA ,18,18,3752,0,0,0,0,0,0,1,6,190,13,13,2626,0,0,0,0,0,0,1,6,190
201007,999,10180, ,Abilene  TX ,104,104,9137,0,0,0,0,0,0,0,0,0,104,104,9137,0,0,0,0,0,0,0,0,0
201007,999,10500, ,Albany  GA ,12,12,1463,1,2,150,0,0,0,8,51,6400,1,1,211,0,0,0,0,0,0,8,51,6400
201007,999,10740,C,Albuquerque  NM ,134,134,25304,0,0,0,1,3,422,1,11,855,15,15,4705,0,0,0,0,0,0,0,0,0
201007,999,10780, ,Alexandria  LA ,29,29,4425,2,4,414,0,0,0,0,0,0,0,0,0,0,0,0,0,0,0,0,0,0
201007,999,10900,C,Allentown-Bethlehem-Easton  PA-NJ ,104,104,16774,2,4,118,1,3,525,6,66,2191,76,76,12086,2,4,118,0,0,0,4,56,740
201007,999,11020, ,Altoona  PA ,2,2,440,0,0,0,0,0,0,0,0,0,2,2,440,0,0,0,0,0,0,0,0,0
201007,999,11100, ,Amarillo  TX ,28,28,7302,0,0,0,0,0,0,0,0,0,28,28,7302,0,0,0,0,0,0,0,0,0
201007,999,11260,C,Anchorage  AK ,47,47,10431,0,0,0,0,0,0,0,0,0,42,42,9435,0,0,0,0,0,0,0,0,0
201007,999,11500, ,Anniston-Oxford  AL ,6,6,640,0,0,0,0,0,0,0,0,0,6,6,640,0,0,0,0,0,0,0,0,0
201007,999,12020, ,Athens-Clarke County  GA ,10,10,2374,0,0,0,0,0,0,0,0,0,10,10,2374,0,0,0,0,0,0,0,0,0
201007,999,12100,C,Atlantic City-Hammonton  NJ ,30,30,5323,1,2,83,0,0,0,0,0,0,26,26,4493,0,0,0,0,0,0,0,0,0
201007,999,12260, ,Augusta-Richmond County  GA-SC ,146,146,26863,0,0,0,0,0,0,0,0,0,139,139,26079,0,0,0,0,0,0,0,0,0
201007,999,12540, ,Bakersfield-Delano  CA ,137,137,24223,1,2,147,0,0,0,1,7,523,43,43,4856,0,0,0,0,0,0,0,0,0
201007,999,12620, ,Bangor  ME ,12,12,2257,0,0,0,0,0,0,1,5,426,8,8,1416,0,0,0,0,0,0,0,0,0
201007,999,12700, ,Barnstable Town  MA ,34,34,8923,0,0,0,0,0,0,0,0,0,26,26,7020,0,0,0,0,0,0,0,0,0
201007,999,12980, ,Battle Creek  MI ,1,1,133,0,0,0,0,0,0,0,0,0,0,0,0,0,0,0,0,0,0,0,0,0
201007,999,13140, ,Beaumont-Port Arthur  TX ,123,123,10129,0,0,0,0,0,0,0,0,0,123,123,10129,0,0,0,0,0,0,0,0,0
201007,999,13380, ,Bellingham  WA ,29,29,8454,0,0,0,0,0,0,0,0,0,25,25,7431,0,0,0,0,0,0,0,0,0
201007,999,13740, ,Billings  MT ,48,48,7831,0,0,0,0,0,0,0,0,0,48,48,7831,0,0,0,0,0,0,0,0,0
201007,999,13780, ,Binghamton  NY ,3,3,513,0,0,0,0,0,0,0,0,0,3,3,513,0,0,0,0,0,0,0,0,0
201007,999,13900, ,Bismarck  ND ,44,44,8223,0,0,0,2,8,1040,1,25,1550,44,44,8223,0,0,0,2,8,1040,1,25,1550
201007,999,14020, ,Bloomington  IN ,17,17,2723,0,0,0,0,0,0,0,0,0,17,17,2723,0,0,0,0,0,0,0,0,0
201007,999,14060, ,Bloomington-Normal  IL ,21,21,3696,0,0,0,0,0,0,1,7,361,3,3,304,0,0,0,0,0,0,0,0,0
201007,999,14260,C,Boise City-Nampa  ID ,136,136,30261,0,0,0,0,0,0,0,0,0,136,136,30261,0,0,0,0,0,0,0,0,0
201007,999,14540, ,Bowling Green  KY ,30,30,4869,0,0,0,0,0,0,0,0,0,30,30,4869,0,0,0,0,0,0,0,0,0
201007,999,15260, ,Brunswick  GA ,25,25,6440,0,0,0,0,0,0,0,0,0,0,0,0,0,0,0,0,0,0,0,0,0
201007,999,15540, ,Burlington-South Burlington  VT ,31,31,6164,1,2,165,1,4,370,0,0,0,23,23,4209,0,0,0,0,0,0,0,0,0
201007,999,15940, ,Canton-Massillon  OH ,20,20,5816,0,0,0,0,0,0,0,0,0,20,20,5816,0,0,0,0,0,0,0,0,0
201007,999,15980,C,Cape Coral-Fort Myers  FL ,119,119,23163,0,0,0,0,0,0,0,0,0,119,119,23163,0,0,0,0,0,0,0,0,0
201007,999,16180,C,Carson City  NV ,3,3,838,0,0,0,0,0,0,0,0,0,3,3,838,0,0,0,0,0,0,0,0,0
201007,999,16220, ,Casper  WY ,19,19,4367,0,0,0,0,0,0,0,0,0,19,19,4367,0,0,0,0,0,0,0,0,0
201007,999,16300, ,Cedar Rapids  IA ,75,75,6957,0,0,0,0,0,0,0,0,0,72,72,6643,0,0,0,0,0,0,0,0,0
201007,999,16580, ,Champaign-Urbana  IL ,17,17,4150,0,0,0,0,0,0,1,24,1726,17,17,4150,0,0,0,0,0,0,1,24,1726
201007,999,16620, ,Charleston  WV ,9,9,1330,0,0,0,1,3,215,0,0,0,2,2,156,0,0,0,0,0,0,0,0,0
201007,999,16700,C,Charleston-North Charleston-Summerville  SC ,248,248,49268,0,0,0,1,3,420,2,21,1018,167,167,37435,0,0,0,1,3,420,0,0,0
201007,999,16820, ,Charlottesville  VA ,34,34,7601,1,2,246,0,0,0,10,256,17858,34,34,7601,1,2,246,0,0,0,10,256,17858
201007,999,16940, ,Cheyenne  WY ,14,14,2368,1,2,140,0,0,0,1,22,1823,0,0,0,0,0,0,0,0,0,0,0,0
201007,999,17020, ,Chico  CA ,20,20,3002,0,0,0,5,20,1952,8,64,6187,20,20,3002,0,0,0,5,20,1952,8,64,6187
201007,999,17300, ,Clarksville  TN-KY ,82,82,9721,1,2,197,1,4,280,0,0,0,82,82,9721,1,2,197,1,4,280,0,0,0
201007,999,17660, ,Coeur dAlene  ID ,49,49,9554,0,0,0,0,0,0,0,0,0,27,27,6334,0,0,0,0,0,0,0,0,0
201007,999,17780, ,College Station-Bryan  TX ,52,52,7103,0,0,0,0,0,0,0,0,0,9,9,1117,0,0,0,0,0,0,0,0,0
201007,999,17820,C,Colorado Springs  CO ,154,154,45235,0,0,0,0,0,0,0,0,0,150,150,44236,0,0,0,0,0,0,0,0,0
201007,999,17860, ,Columbia  MO ,34,34,5090,0,0,0,0,0,0,0,0,0,34,34,5090,0,0,0,0,0,0,0,0,0
201007,999,18880, ,Crestview-Fort Walton Beach-Destin  FL ,13,13,2809,0,0,0,0,0,0,0,0,0,13,13,2809,0,0,0,0,0,0,0,0,0
201007,999,19060, ,Cumberland  MD-WV ,4,4,826,0,0,0,0,0,0,0,0,0,4,4,826,0,0,0,0,0,0,0,0,0
201007,999,19140,C,Dalton  GA ,8,8,903,0,0,0,0,0,0,0,0,0,3,3,350,0,0,0,0,0,0,0,0,0
201007,999,19180, ,Danville  IL ,0,0,0,0,0,0,0,0,0,0,0,0,0,0,0,0,0,0,0,0,0,0,0,0
201007,999,19260, ,Danville  VA ,5,5,621,0,0,0,0,0,0,1,5,295,0,0,0,0,0,0,0,0,0,0,0,0
201007,999,19340, ,Davenport-Moline-Rock Island  IA-IL ,28,28,5265,0,0,0,0,0,0,2,29,1750,17,17,3569,0,0,0,0,0,0,1,16,1167
201007,999,19500, ,Decatur  IL ,5,5,845,0,0,0,0,0,0,0,0,0,5,5,845,0,0,0,0,0,0,0,0,0
201007,999,20100,C,Dover  DE ,48,48,6241,0,0,0,0,0,0,3,21,1407,2,2,205,0,0,0,0,0,0,2,16,1092
201007,999,20220, ,Dubuque  IA ,15,15,3103,0,0,0,0,0,0,0,0,0,15,15,3103,0,0,0,0,0,0,0,0,0
201007,999,20260, ,Duluth  MN-WI ,27,27,3796,1,2,150,0,0,0,1,5,574,19,19,2800,1,2,150,0,0,0,0,0,0
201007,999,20940, ,El Centro  CA ,2,2,331,0,0,0,0,0,0,0,0,0,1,1,133,0,0,0,0,0,0,0,0,0
201007,999,21300, ,Elmira  NY ,1,1,150,0,0,0,0,0,0,0,0,0,1,1,150,0,0,0,0,0,0,0,0,0
201007,999,21340, ,El Paso  TX ,204,204,34337,0,0,0,0,0,0,21,209,12000,204,204,34337,0,0,0,0,0,0,21,209,12000
201007,999,21500, ,Erie  PA ,19,19,3351,0,0,0,0,0,0,0,0,0,19,19,3351,0,0,0,0,0,0,0,0,0
201007,999,21660, ,Eugene-Springfield  OR ,39,39,9540,1,2,248,2,6,474,0,0,0,31,31,8010,1,2,248,2,6,474,0,0,0
201007,999,21780, ,Evansville  IN-KY ,28,28,4019,0,0,0,0,0,0,1,12,600,28,28,4019,0,0,0,0,0,0,1,12,600
201007,999,21820,C,Fairbanks  AK ,3,3,550,0,0,0,0,0,0,0,0,0,0,0,0,0,0,0,0,0,0,0,0,0
201007,999,22140,C,Farmington  NM ,19,19,4009,0,0,0,0,0,0,0,0,0,19,19,4009,0,0,0,0,0,0,0,0,0
201007,999,22180, ,Fayetteville  NC ,140,140,22050,0,0,0,0,0,0,21,344,22284,140,140,22050,0,0,0,0,0,0,21,344,22284
201007,999,22220, ,Fayetteville-Springdale-Rogers  AR-MO ,84,84,38862,1,2,120,0,0,0,0,0,0,78,78,38458,0,0,0,0,0,0,0,0,0
201007,999,22380, ,Flagstaff  AZ ,22,22,5099,0,0,0,0,0,0,0,0,0,22,22,5099,0,0,0,0,0,0,0,0,0
201007,999,22500, ,Florence  SC ,25,25,3344,2,4,204,0,0,0,0,0,0,5,5,916,0,0,0,0,0,0,0,0,0
201007,999,22520, ,Florence-Muscle Shoals  AL ,10,10,1106,0,0,0,0,0,0,0,0,0,4,4,375,0,0,0,0,0,0,0,0,0
201007,999,22660,C,Fort Collins-Loveland  CO ,39,39,9716,0,0,0,0,0,0,1,20,1602,39,39,9716,0,0,0,0,0,0,1,20,1602
201007,999,22900, ,Fort Smith  AR-OK ,21,21,3089,4,8,808,0,0,0,0,0,0,16,16,2696,4,8,808,0,0,0,0,0,0
201007,999,23460, ,Gadsden  AL ,3,3,454,0,0,0,0,0,0,0,0,0,1,1,216,0,0,0,0,0,0,0,0,0
201007,999,23540, ,Gainesville  FL ,21,21,2796,0,0,0,0,0,0,2,15,918,16,16,2061,0,0,0,0,0,0,0,0,0
201007,999,24140, ,Goldsboro  NC ,16,16,2391,0,0,0,0,0,0,0,0,0,0,0,0,0,0,0,0,0,0,0,0,0
201007,999,24220, ,Grand Forks  ND-MN ,5,5,1452,0,0,0,0,0,0,0,0,0,5,5,1452,0,0,0,0,0,0,0,0,0
201007,999,24300,C,Grand Junction  CO ,24,24,5175,0,0,0,0,0,0,0,0,0,24,24,5175,0,0,0,0,0,0,0,0,0
201007,999,24500, ,Great Falls  MT ,3,3,743,0,0,0,0,0,0,0,0,0,3,3,743,0,0,0,0,0,0,0,0,0
201007,999,24580, ,Green Bay  WI ,37,37,6189,0,0,0,0,0,0,3,15,550,18,18,3706,0,0,0,0,0,0,0,0,0
201007,999,24780, ,Greenville  NC ,19,19,2774,5,10,855,0,0,0,0,0,0,19,19,2774,5,10,855,0,0,0,0,0,0
201007,999,25180, ,Hagerstown-Martinsburg  MD-WV ,49,49,8871,0,0,0,0,0,0,0,0,0,49,49,8871,0,0,0,0,0,0,0,0,0
201007,999,25260, ,Hanford-Corcoran  CA ,11,11,1773,0,0,0,0,0,0,0,0,0,9,9,1457,0,0,0,0,0,0,0,0,0
201007,999,25500,C,Harrisonburg  VA ,36,36,4747,0,0,0,0,0,0,0,0,0,36,36,4747,0,0,0,0,0,0,0,0,0
201007,999,25620, ,Hattiesburg  MS ,1,1,165,0,0,0,0,0,0,0,0,0,1,1,165,0,0,0,0,0,0,0,0,0
201007,999,25860, ,Hickory-Lenoir-Morganton  NC ,37,37,10143,0,0,0,0,0,0,0,0,0,37,37,10143,0,0,0,0,0,0,0,0,0
201007,999,26180,C,Honolulu  HI ,51,51,16182,0,0,0,0,0,0,0,0,0,51,51,16182,0,0,0,0,0,0,0,0,0
201007,999,26300, ,Hot Springs  AR ,3,3,329,0,0,0,0,0,0,0,0,0,0,0,0,0,0,0,0,0,0,0,0,0
201007,999,26380, ,Houma-Bayou Cane-Thibodaux  LA ,29,29,6982,0,0,0,0,0,0,0,0,0,29,29,6982,0,0,0,0,0,0,0,0,0
201007,999,26580, ,Huntington-Ashland  WV-KY-OH ,2,2,227,0,0,0,0,0,0,0,0,0,0,0,0,0,0,0,0,0,0,0,0,0
201007,999,26980, ,Iowa City  IA ,39,39,8499,1,2,210,0,0,0,3,24,4361,37,37,8142,0,0,0,0,0,0,3,24,4361
201007,999,27100, ,Jackson  MI ,4,4,457,0,0,0,0,0,0,0,0,0,2,2,239,0,0,0,0,0,0,0,0,0
201007,999,27260,C,Jacksonville  FL ,265,265,55849,0,0,0,0,0,0,2,24,2300,259,259,54767,0,0,0,0,0,0,2,24,2300
201007,999,27340, ,Jacksonville  NC ,129,129,14094,1,2,178,0,0,0,3,58,2246,17,17,2392,0,0,0,0,0,0,0,0,0
201007,999,27500, ,Janesville  WI ,7,7,1252,0,0,0,0,0,0,1,5,250,6,6,1113,0,0,0,0,0,0,0,0,0
201007,999,27620, ,Jefferson City  MO ,12,12,2356,0,0,0,0,0,0,0,0,0,3,3,480,0,0,0,0,0,0,0,0,0
201007,999,27780, ,Johnstown  PA ,0,0,0,0,0,0,0,0,0,0,0,0,0,0,0,0,0,0,0,0,0,0,0,0
201007,999,27900, ,Joplin  MO ,4,4,515,0,0,0,0,0,0,1,5,376,0,0,0,0,0,0,0,0,0,0,0,0
201007,999,28020, ,Kalamazoo-Portage  MI ,26,26,5968,0,0,0,0,0,0,0,0,0,19,19,4928,0,0,0,0,0,0,0,0,0
201007,999,28420, ,Kennewick-Pasco-Richland  WA ,79,79,23776,0,0,0,0,0,0,0,0,0,14,14,3967,0,0,0,0,0,0,0,0,0
201007,999,28660, ,Killeen-Temple-Fort Hood  TX ,131,131,18808,2,4,257,0,0,0,0,0,0,131,131,18808,2,4,257,0,0,0,0,0,0
201007,999,29100, ,La Crosse  WI-MN ,21,21,2813,0,0,0,0,0,0,0,0,0,13,13,1408,0,0,0,0,0,0,0,0,0
201007,999,29420, ,Lake Havasu City-Kingman  AZ ,21,21,4167,5,10,379,0,0,0,0,0,0,13,13,2404,5,10,379,0,0,0,0,0,0
201007,999,29460,C,Lakeland-Winter Haven  FL ,67,67,12983,0,0,0,0,0,0,0,0,0,63,63,12260,0,0,0,0,0,0,0,0,0
201007,999,29540, ,Lancaster  PA ,39,39,5892,0,0,0,0,0,0,0,0,0,26,26,4369,0,0,0,0,0,0,0,0,0
201007,999,29700,C,Laredo  TX ,54,54,7669,0,0,0,1,4,180,0,0,0,54,54,7669,0,0,0,1,4,180,0,0,0
201007,999,29740,C,Las Cruces  NM ,62,62,13000,0,0,0,0,0,0,19,142,10030,62,62,13000,0,0,0,0,0,0,19,142,10030
201007,999,29940, ,Lawrence  KS ,15,15,3095,0,0,0,0,0,0,5,96,4861,13,13,2519,0,0,0,0,0,0,5,96,4861
201007,999,30020, ,Lawton  OK ,18,18,2815,0,0,0,0,0,0,3,28,1790,0,0,0,0,0,0,0,0,0,0,0,0
201007,999,30300, ,Lewiston  ID-WA ,1,1,204,0,0,0,0,0,0,0,0,0,0,0,0,0,0,0,0,0,0,0,0,0
201007,999,30700, ,Lincoln  NE ,57,57,9311,1,2,160,0,0,0,1,5,366,1,1,140,0,0,0,0,0,0,0,0,0
201007,999,30860, ,Logan  UT-ID ,19,19,3623,0,0,0,0,0,0,1,5,417,17,17,3316,0,0,0,0,0,0,0,0,0
201007,999,31020, ,Longview  WA ,9,9,1672,0,0,0,0,0,0,0,0,0,8,8,1463,0,0,0,0,0,0,0,0,0
201007,999,31340, ,Lynchburg  VA ,39,39,7550,0,0,0,0,0,0,1,24,500,29,29,5917,0,0,0,0,0,0,1,24,500
201007,999,31740, ,Manhattan  KS ,22,22,4510,1,2,197,1,3,171,1,19,1569,6,6,1322,0,0,0,0,0,0,0,0,0
201007,999,31860, ,Mankato-North Mankato  MN ,20,20,3619,0,0,0,0,0,0,0,0,0,7,7,1753,0,0,0,0,0,0,0,0,0
201007,999,32580,C,McAllen-Edinburg-Mission  TX ,254,254,38481,1,2,176,5,18,1393,0,0,0,237,237,37156,1,2,176,4,15,1277,0,0,0
201007,999,32780, ,Medford  OR ,24,24,5358,0,0,0,0,0,0,0,0,0,20,20,4761,0,0,0,0,0,0,0,0,0
201007,999,32820,C,Memphis  TN-MS-AR ,130,130,22089,0,0,0,0,0,0,0,0,0,91,91,15952,0,0,0,0,0,0,0,0,0
201007,999,32900, ,Merced  CA ,7,7,1890,0,0,0,0,0,0,0,0,0,6,6,1681,0,0,0,0,0,0,0,0,0
201007,999,33100,C,Miami-Fort Lauderdale-Pompano Beach  FL ,267,267,58165,1,2,208,0,0,0,6,103,15795,241,241,52356,0,0,0,0,0,0,2,50,12170
201007,999,33540,C,Missoula  MT ,17,17,3046,0,0,0,0,0,0,0,0,0,17,17,3046,0,0,0,0,0,0,0,0,0
201007,999,33700, ,Modesto  CA ,14,14,2547,0,0,0,0,0,0,0,0,0,3,3,795,0,0,0,0,0,0,0,0,0
201007,999,34060, ,Morgantown  WV ,2,2,374,0,0,0,0,0,0,0,0,0,0,0,0,0,0,0,0,0,0,0,0,0
201007,999,34620, ,Muncie  IN ,4,4,587,0,0,0,0,0,0,0,0,0,2,2,168,0,0,0,0,0,0,0,0,0
201007,999,34940,C,Naples-Marco Island  FL ,57,57,27549,0,0,0,2,8,1858,1,20,3305,11,11,14639,0,0,0,0,0,0,0,0,0
201007,999,35660, ,Niles-Benton Harbor  MI ,3,3,430,0,0,0,0,0,0,0,0,0,3,3,430,0,0,0,0,0,0,0,0,0
201007,999,35980, ,Norwich-New London  CT ,19,19,3501,1,2,252,0,0,0,1,6,478,14,14,2550,1,2,252,0,0,0,1,6,478
201007,999,36100,C,Ocala  FL ,31,31,5502,0,0,0,0,0,0,0,0,0,31,31,5502,0,0,0,0,0,0,0,0,0
201007,999,36140,C,Ocean City  NJ ,15,15,4167,4,8,1305,0,0,0,0,0,0,10,10,2441,4,8,1305,0,0,0,0,0,0
201007,999,36980, ,Owensboro  KY ,22,22,1980,1,2,94,6,23,1269,6,35,2171,22,22,1980,1,2,94,6,23,1269,6,35,2171
201007,999,37340,C,Palm Bay-Melbourne-Titusville  FL ,80,80,23017,0,0,0,0,0,0,0,0,0,80,80,23017,0,0,0,0,0,0,0,0,0
201007,999,37460, ,Panama City-Lynn Haven-Panama City Beach  FL ,20,20,3648,0,0,0,0,0,0,0,0,0,20,20,3648,0,0,0,0,0,0,0,0,0
201007,999,37620, ,Parkersburg-Marietta-Vienna  WV-OH ,9,9,1914,0,0,0,0,0,0,0,0,0,8,8,1718,0,0,0,0,0,0,0,0,0
201007,999,37860,C,Pensacola-Ferry Pass-Brent  FL ,75,75,12906,4,8,703,0,0,0,0,0,0,38,38,6684,4,8,703,0,0,0,0,0,0
201007,999,38060,C,Phoenix-Mesa-Glendale  AZ ,549,549,116893,0,0,0,5,16,2345,1,20,3577,546,546,116144,0,0,0,5,16,2345,0,0,0
201007,999,38340, ,Pittsfield  MA ,1,1,195,0,0,0,0,0,0,0,0,0,1,1,195,0,0,0,0,0,0,0,0,0
201007,999,38540, ,Pocatello  ID ,11,11,1349,0,0,0,0,0,0,0,0,0,11,11,1349,0,0,0,0,0,0,0,0,0
201007,999,38900,C,Portland-Vancouver-Hillsboro  OR-WA ,255,255,66196,0,0,0,1,4,384,5,53,3813,246,246,63600,0,0,0,1,4,384,5,53,3813
201007,999,39140, ,Prescott  AZ ,17,17,4515,0,0,0,0,0,0,0,0,0,17,17,4515,0,0,0,0,0,0,0,0,0
201007,999,39340, ,Provo-Orem  UT ,95,95,17954,2,4,622,0,0,0,0,0,0,93,93,17583,1,2,319,0,0,0,0,0,0
201007,999,39380,C,Pueblo  CO ,13,13,2326,0,0,0,0,0,0,0,0,0,13,13,2326,0,0,0,0,0,0,0,0,0
201007,999,39660, ,Rapid City  SD ,38,38,6065,0,0,0,0,0,0,0,0,0,38,38,6065,0,0,0,0,0,0,0,0,0
201007,999,39820, ,Redding  CA ,10,10,2368,0,0,0,0,0,0,0,0,0,10,10,2368,0,0,0,0,0,0,0,0,0
201007,999,40060,C,Richmond  VA ,247,247,41383,0,0,0,2,8,800,5,167,8373,232,232,39494,0,0,0,2,8,800,5,167,8373
201007,999,40220, ,Roanoke  VA ,42,42,11180,0,0,0,0,0,0,0,0,0,42,42,11180,0,0,0,0,0,0,0,0,0
201007,999,40340, ,Rochester  MN ,30,30,6845,0,0,0,1,4,750,0,0,0,28,28,6436,0,0,0,1,4,750,0,0,0
201007,999,40580, ,Rocky Mount  NC ,19,19,2165,0,0,0,0,0,0,0,0,0,14,14,1856,0,0,0,0,0,0,0,0,0
201007,999,40660, ,Rome  GA ,2,2,100,0,0,0,0,0,0,0,0,0,2,2,100,0,0,0,0,0,0,0,0,0
201007,999,41100, ,St. George  UT ,54,54,10562,0,0,0,0,0,0,0,0,0,52,52,10031,0,0,0,0,0,0,0,0,0
201007,999,41140, ,St. Joseph  MO-KS ,5,5,495,0,0,0,0,0,0,0,0,0,5,5,495,0,0,0,0,0,0,0,0,0
201007,999,41420, ,Salem  OR ,38,38,8754,0,0,0,0,0,0,3,18,1580,12,12,3250,0,0,0,0,0,0,0,0,0
201007,999,41500, ,Salinas  CA ,16,16,3481,0,0,0,0,0,0,0,0,0,15,15,3118,0,0,0,0,0,0,0,0,0
201007,999,41660,C,San Angelo  TX ,15,15,1724,0,0,0,0,0,0,0,0,0,15,15,1724,0,0,0,0,0,0,0,0,0
201007,999,41700,C,San Antonio-New Braunfels  TX ,444,444,80199,1,2,156,1,3,242,3,36,3308,145,145,28641,0,0,0,0,0,0,0,0,0
201007,999,41740,C,San Diego-Carlsbad-San Marcos  CA ,163,163,45118,0,0,0,2,8,1112,6,122,9091,149,149,42183,0,0,0,2,8,1112,6,122,9091
201007,999,41780, ,Sandusky  OH ,0,0,0,0,0,0,0,0,0,0,0,0,0,0,0,0,0,0,0,0,0,0,0,0
201007,999,42020, ,San Luis Obispo-Paso Robles  CA ,18,18,5574,0,0,0,0,0,0,14,133,13629,1,1,270,0,0,0,0,0,0,13,128,13007
201007,999,42060, ,Santa Barbara-Santa Maria-Goleta  CA ,31,31,13102,0,0,0,0,0,0,0,0,0,31,31,13102,0,0,0,0,0,0,0,0,0
201007,999,42540, ,Scranton--Wilkes-Barre  PA ,15,15,2645,0,0,0,0,0,0,0,0,0,0,0,0,0,0,0,0,0,0,0,0,0
201007,999,43100, ,Sheboygan  WI ,3,3,640,0,0,0,0,0,0,0,0,0,2,2,406,0,0,0,0,0,0,0,0,0
201007,999,43620, ,Sioux Falls  SD ,31,31,5481,0,0,0,1,4,364,3,43,3295,31,31,5481,0,0,0,1,4,364,3,43,3295
201007,999,44060, ,Spokane  WA ,68,68,11934,0,0,0,0,0,0,0,0,0,68,68,11934,0,0,0,0,0,0,0,0,0
201007,999,44100, ,Springfield  IL ,2,2,517,1,2,350,0,0,0,0,0,0,2,2,517,1,2,350,0,0,0,0,0,0
201007,999,44140, ,Springfield  MA ,34,34,7078,2,4,375,0,0,0,0,0,0,30,30,6181,2,4,375,0,0,0,0,0,0
201007,999,44180, ,Springfield  MO ,58,58,7698,5,10,855,0,0,0,3,43,1810,45,45,5561,5,10,855,0,0,0,1,8,355
201007,999,44300, ,State College  PA ,11,11,2889,0,0,0,0,0,0,0,0,0,11,11,2889,0,0,0,0,0,0,0,0,0
201007,999,44600, ,Steubenville-Weirton  OH-WV ,1,1,250,0,0,0,0,0,0,0,0,0,1,1,250,0,0,0,0,0,0,0,0,0
201007,999,44700,C,Stockton  CA ,70,70,15516,0,0,0,0,0,0,0,0,0,41,41,10844,0,0,0,0,0,0,0,0,0
201007,999,44940,C,Sumter  SC ,31,31,3534,0,0,0,1,4,407,0,0,0,0,0,0,0,0,0,0,0,0,0,0,0
201007,999,45220, ,Tallahassee  FL ,42,42,6767,0,0,0,0,0,0,1,26,1477,17,17,2854,0,0,0,0,0,0,0,0,0
201007,999,45300,C,Tampa-St. Petersburg-Clearwater  FL ,393,393,95997,0,0,0,4,12,1162,0,0,0,390,390,95080,0,0,0,4,12,1162,0,0,0
201007,999,45460, ,Terre Haute  IN ,16,16,2368,1,2,167,0,0,0,0,0,0,13,13,2082,0,0,0,0,0,0,0,0,0
201007,999,45500, ,Texarkana  TX-Texarkana  AR ,5,5,665,0,0,0,0,0,0,5,100,2500,5,5,665,0,0,0,0,0,0,5,100,2500
201007,999,45820, ,Topeka  KS ,26,26,5534,1,2,250,0,0,0,0,0,0,24,24,5176,1,2,250,0,0,0,0,0,0
201007,999,46060,C,Tucson  AZ ,145,145,34562,0,0,0,0,0,0,2,14,1169,114,114,28743,0,0,0,0,0,0,0,0,0
201007,999,46220, ,Tuscaloosa  AL ,25,25,4746,0,0,0,0,0,0,0,0,0,25,25,4746,0,0,0,0,0,0,0,0,0
201007,999,46540, ,Utica-Rome  NY ,0,0,0,0,0,0,0,0,0,0,0,0,0,0,0,0,0,0,0,0,0,0,0,0
201007,999,46660, ,Valdosta  GA ,36,36,3524,0,0,0,0,0,0,2,30,1887,0,0,0,0,0,0,0,0,0,0,0,0
201007,999,47020, ,Victoria  TX ,4,4,620,0,0,0,0,0,0,0,0,0,0,0,0,0,0,0,0,0,0,0,0,0
201007,999,47260,C,Virginia Beach-Norfolk-Newport News  VA-NC ,255,255,51605,2,4,180,0,0,0,11,120,5491,243,243,48890,2,4,180,0,0,0,8,66,3164
201007,999,47300, ,Visalia-Porterville  CA ,57,57,9859,1,2,70,0,0,0,0,0,0,57,57,9859,1,2,70,0,0,0,0,0,0
201007,999,47380, ,Waco  TX ,13,13,2216,0,0,0,2,8,640,0,0,0,13,13,2216,0,0,0,2,8,640,0,0,0
201007,999,47940, ,Waterloo-Cedar Falls  IA ,21,21,4604,0,0,0,0,0,0,0,0,0,16,16,3933,0,0,0,0,0,0,0,0,0
201007,999,48300, ,Wenatchee-East Wenatchee  WA ,24,24,4868,0,0,0,0,0,0,0,0,0,24,24,4868,0,0,0,0,0,0,0,0,0
201007,999,48540, ,Wheeling  WV-OH ,0,0,0,0,0,0,0,0,0,0,0,0,0,0,0,0,0,0,0,0,0,0,0,0
201007,999,48660, ,Wichita Falls  TX ,11,11,2006,1,2,195,0,0,0,0,0,0,0,0,0,0,0,0,0,0,0,0,0,0
201007,999,48900,C,Wilmington  NC ,150,150,29564,0,0,0,1,3,450,0,0,0,131,131,26531,0,0,0,1,3,450,0,0,0
201007,999,49420, ,Yakima  WA ,12,12,2608,0,0,0,0,0,0,0,0,0,0,0,0,0,0,0,0,0,0,0,0,0
201007,999,49740, ,Yuma  AZ ,42,42,8241,0,0,0,0,0,0,0,0,0,42,42,8241,0,0,0,0,0,0,0,0,0
