Survey,CSA,CBSA,MONCOV,CBSA,,1-unit,,,2-units,,,3-4 units,,,5+ units,,,1-unit rep,,,2-units rep,,,3-4 units rep,,,5+ units rep
Date,Code,Code,,Name,Bldgs,Units,Value,Bldgs,Units,Value,Bldgs,Units,Value,Bldgs,Units,Value,Bldgs,Units,Value,Bldgs,Units,Value,      Bldgs,Units,Value,Bldgs,Units,Value
 
201005,102,18700, ,Corvallis  OR ,2,2,332,0,0,0,0,0,0,0,0,0,2,2,332,0,0,0,0,0,0,0,0,0
201005,104,10580, ,Albany-Schenectady-Troy  NY ,61,61,16493,0,0,0,0,0,0,1,5,274,53,53,15009,0,0,0,0,0,0,0,0,0
201005,104,24020, ,Glens Falls  NY ,17,17,2031,0,0,0,0,0,0,0,0,0,8,8,1500,0,0,0,0,0,0,0,0,0
201005,112,11180, ,Ames  IA ,6,6,1343,0,0,0,0,0,0,0,0,0,5,5,1120,0,0,0,0,0,0,0,0,0
201005,118,11540, ,Appleton  WI ,21,21,3907,1,2,163,0,0,0,0,0,0,17,17,3459,0,0,0,0,0,0,0,0,0
201005,118,36780, ,Oshkosh-Neenah  WI ,19,19,4441,0,0,0,2,8,496,1,60,4959,19,19,4441,0,0,0,2,8,496,1,60,4959
201005,120,11700, ,Asheville  NC ,102,102,23700,1,2,368,0,0,0,0,0,0,90,90,21185,1,2,368,0,0,0,0,0,0
201005,122,12060,C,Atlanta-Sandy Springs-Marietta  GA ,481,481,84543,0,0,0,2,6,7435,4,22,3247,444,444,76770,0,0,0,2,6,7435,4,22,3247
201005,122,23580, ,Gainesville  GA ,16,16,1878,0,0,0,0,0,0,0,0,0,16,16,1878,0,0,0,0,0,0,0,0,0
201005,126,12420,C,Austin-Round Rock-San Marcos  TX ,538,538,90563,0,0,0,0,0,0,7,133,49009,447,447,75337,0,0,0,0,0,0,5,115,48007
201005,132,12940, ,Baton Rouge  LA ,255,255,38561,0,0,0,0,0,0,1,5,407,175,175,26041,0,0,0,0,0,0,0,0,0
201005,140,13460,C,Bend  OR ,21,21,6274,0,0,0,0,0,0,1,6,480,21,21,6274,0,0,0,0,0,0,1,6,480
201005,142,13820,C,Birmingham-Hoover  AL ,105,105,19034,0,0,0,1,3,315,0,0,0,52,52,8657,0,0,0,0,0,0,0,0,0
201005,148,14460,C,Boston-Cambridge-Quincy  MA-NH ,329,329,80665,6,12,1309,2,8,1176,9,55,5604,217,217,53740,5,10,1092,2,8,1176,2,11,1240
201005,148,31700, ,Manchester-Nashua  NH ,41,41,7401,1,2,143,1,3,272,0,0,0,37,37,6402,1,2,143,1,3,272,0,0,0
201005,148,39300, ,Providence-New Bedford-Fall River  RI-MA ,98,98,14344,0,0,0,2,6,627,0,0,0,68,68,8981,0,0,0,0,0,0,0,0,0
201005,148,49340, ,Worcester  MA ,52,52,10201,3,6,1060,0,0,0,1,13,785,34,34,6921,2,4,710,0,0,0,0,0,0
201005,154,15180, ,Brownsville-Harlingen  TX ,79,79,7428,1,2,55,1,3,164,0,0,0,79,79,7428,1,2,55,1,3,164,0,0,0
201005,160,15380, ,Buffalo-Niagara Falls  NY ,74,74,16077,0,0,0,0,0,0,1,7,762,72,72,15757,0,0,0,0,0,0,0,0,0
201005,164,16020, ,Cape Girardeau-Jackson  MO-IL ,9,9,1183,0,0,0,0,0,0,0,0,0,9,9,1183,0,0,0,0,0,0,0,0,0
201005,172,16740,C,Charlotte-Gastonia-Rock Hill  NC-SC ,393,393,76825,0,0,0,0,0,0,11,127,6397,291,291,51758,0,0,0,0,0,0,10,121,5930
201005,174,16860, ,Chattanooga  TN-GA ,75,75,11122,0,0,0,0,0,0,1,5,464,56,56,8442,0,0,0,0,0,0,0,0,0
201005,174,17420, ,Cleveland  TN ,9,9,1504,0,0,0,2,8,288,0,0,0,9,9,1504,0,0,0,2,8,288,0,0,0
201005,176,16980,C,Chicago-Joliet-Naperville  IL-IN-WI ,455,455,101688,8,16,1626,9,30,3870,10,423,225225,365,365,80194,4,8,877,8,27,3690,7,400,223097
201005,176,28100, ,Kankakee-Bradley  IL ,1,1,315,1,2,244,0,0,0,0,0,0,1,1,315,1,2,244,0,0,0,0,0,0
201005,176,33140, ,Michigan City-La Porte  IN ,9,9,1723,0,0,0,0,0,0,0,0,0,9,9,1723,0,0,0,0,0,0,0,0,0
201005,178,17140,C,Cincinnati-Middletown  OH-KY-IN ,285,285,50087,2,4,300,1,4,300,3,20,991,229,229,39837,1,2,150,1,4,300,1,10,90
201005,184,10420, ,Akron  OH ,31,31,5202,0,0,0,0,0,0,1,5,177,25,25,4604,0,0,0,0,0,0,0,0,0
201005,184,17460,C,Cleveland-Elyria-Mentor  OH ,157,157,32053,0,0,0,2,7,1167,1,5,300,104,104,22496,0,0,0,1,4,790,1,5,300
201005,192,17900,C,Columbia  SC ,216,216,32903,0,0,0,0,0,0,2,41,3255,62,62,9410,0,0,0,0,0,0,0,0,0
201005,194,12220,C,Auburn-Opelika  AL ,31,31,6456,0,0,0,0,0,0,3,48,5108,31,31,6456,0,0,0,0,0,0,3,48,5108
201005,194,17980, ,Columbus  GA-AL ,64,64,10481,0,0,0,1,3,136,15,315,19568,44,44,8363,0,0,0,0,0,0,14,308,19037
201005,198,18140,C,Columbus  OH ,285,285,61233,2,4,794,4,12,1298,1,5,417,257,257,55661,2,4,794,3,9,1092,0,0,0
201005,204,18580, ,Corpus Christi  TX ,80,80,9244,0,0,0,0,0,0,0,0,0,77,77,8891,0,0,0,0,0,0,0,0,0
201005,206,19100,C,Dallas-Fort Worth-Arlington  TX ,1209,1209,306999,2,4,541,1,3,216,4,48,4039,1059,1059,274006,2,4,541,0,0,0,2,12,1515
201005,206,43300, ,Sherman-Denison  TX ,1,1,159,0,0,0,0,0,0,0,0,0,0,0,0,0,0,0,0,0,0,0,0,0
201005,212,19380, ,Dayton  OH ,55,55,14269,0,0,0,0,0,0,0,0,0,38,38,10946,0,0,0,0,0,0,0,0,0
201005,212,44220, ,Springfield  OH ,3,3,798,0,0,0,0,0,0,0,0,0,3,3,798,0,0,0,0,0,0,0,0,0
201005,216,14500, ,Boulder  CO ,7,7,2300,0,0,0,1,4,498,0,0,0,7,7,2300,0,0,0,1,4,498,0,0,0
201005,216,19740,C,Denver-Aurora-Broomfield  CO ,288,288,70035,8,16,2245,2,6,456,1,8,816,245,245,58216,8,16,2245,2,6,456,1,8,816
201005,216,24540,C,Greeley  CO ,76,76,16437,0,0,0,0,0,0,1,5,145,56,56,11403,0,0,0,0,0,0,0,0,0
201005,218,19780,C,Des Moines-West Des Moines  IA ,175,175,37971,2,4,410,4,16,2367,0,0,0,172,172,37475,2,4,410,4,16,2367,0,0,0
201005,220,11460, ,Ann Arbor  MI ,27,27,3965,0,0,0,0,0,0,1,5,302,17,17,2373,0,0,0,0,0,0,0,0,0
201005,220,19820,C,Detroit-Warren-Livonia  MI ,159,159,36577,6,12,1128,10,40,3702,0,0,0,136,136,29589,6,12,1128,9,36,3384,0,0,0
201005,220,22420, ,Flint  MI ,2,2,216,0,0,0,0,0,0,0,0,0,2,2,216,0,0,0,0,0,0,0,0,0
201005,220,33780, ,Monroe  MI ,4,4,699,0,0,0,0,0,0,0,0,0,0,0,0,0,0,0,0,0,0,0,0,0
201005,222,20020, ,Dothan  AL ,11,11,2222,0,0,0,0,0,0,0,0,0,11,11,2222,0,0,0,0,0,0,0,0,0
201005,232,20740, ,Eau Claire  WI ,31,31,6326,3,6,750,1,4,190,0,0,0,31,31,6326,3,6,750,1,4,190,0,0,0
201005,244,22020, ,Fargo  ND-MN ,94,94,14373,0,0,0,0,0,0,1,12,650,94,94,14373,0,0,0,0,0,0,1,12,650
201005,252,22540, ,Fond du Lac  WI ,10,10,1769,0,0,0,0,0,0,0,0,0,9,9,1551,0,0,0,0,0,0,0,0,0
201005,258,23060,C,Fort Wayne  IN ,54,54,12980,0,0,0,0,0,0,2,14,400,54,54,12980,0,0,0,0,0,0,2,14,400
201005,260,23420, ,Fresno  CA ,138,138,22422,0,0,0,1,3,215,0,0,0,31,31,6912,0,0,0,0,0,0,0,0,0
201005,260,31460, ,Madera-Chowchilla  CA ,7,7,3053,0,0,0,0,0,0,0,0,0,7,7,3053,0,0,0,0,0,0,0,0,0
201005,266,24340,C,Grand Rapids-Wyoming  MI ,83,83,12431,0,0,0,0,0,0,0,0,0,61,61,9912,0,0,0,0,0,0,0,0,0
201005,266,26100, ,Holland-Grand Haven  MI ,25,25,4197,0,0,0,0,0,0,1,5,437,18,18,2604,0,0,0,0,0,0,0,0,0
201005,266,34740, ,Muskegon-Norton Shores  MI ,5,5,797,1,2,240,0,0,0,0,0,0,5,5,797,1,2,240,0,0,0,0,0,0
201005,268,15500, ,Burlington  NC ,49,49,7693,0,0,0,1,4,463,11,277,11994,49,49,7693,0,0,0,1,4,463,11,277,11994
201005,268,24660,C,Greensboro-High Point  NC ,104,104,18529,0,0,0,1,4,634,1,7,338,72,72,11106,0,0,0,1,4,634,1,7,338
201005,268,49180, ,Winston-Salem  NC ,52,52,7622,0,0,0,0,0,0,9,80,3210,52,52,7622,0,0,0,0,0,0,9,80,3210
201005,273,11340, ,Anderson  SC ,21,21,3536,0,0,0,0,0,0,0,0,0,21,21,3536,0,0,0,0,0,0,0,0,0
201005,273,24860,C,Greenville-Maudlin-Easley  SC ,128,128,30512,0,0,0,0,0,0,0,0,0,125,125,30077,0,0,0,0,0,0,0,0,0
201005,273,43900, ,Spartanburg  SC ,48,48,5221,0,0,0,0,0,0,0,0,0,0,0,0,0,0,0,0,0,0,0,0,0
201005,274,25060, ,Gulfport-Biloxi  MS ,87,87,12451,3,6,550,0,0,0,2,26,3921,81,81,11782,2,4,305,0,0,0,2,26,3921
201005,274,37700, ,Pascagoula  MS ,21,21,3226,0,0,0,0,0,0,0,0,0,21,21,3226,0,0,0,0,0,0,0,0,0
201005,276,25420, ,Harrisburg-Carlisle  PA ,48,48,9780,0,0,0,0,0,0,1,16,900,41,41,8268,0,0,0,0,0,0,1,16,900
201005,276,30140, ,Lebanon  PA ,18,18,2755,0,0,0,0,0,0,0,0,0,12,12,1888,0,0,0,0,0,0,0,0,0
201005,278,25540, ,Hartford-West Hartford-East Hartford  CT ,79,79,16024,0,0,0,0,0,0,2,15,840,63,63,13319,0,0,0,0,0,0,1,10,775
201005,288,26420,C,Houston-Sugar Land-Baytown  TX ,2126,2126,389119,1,2,221,0,0,0,16,390,26768,2035,2035,373278,1,2,221,0,0,0,13,368,25641
201005,290,19460, ,Decatur  AL ,5,5,904,0,0,0,0,0,0,0,0,0,5,5,904,0,0,0,0,0,0,0,0,0
201005,290,26620, ,Huntsville  AL ,183,183,29038,0,0,0,0,0,0,0,0,0,183,183,29038,0,0,0,0,0,0,0,0,0
201005,292,26820, ,Idaho Falls  ID ,30,30,4071,0,0,0,0,0,0,0,0,0,30,30,4071,0,0,0,0,0,0,0,0,0
201005,294,11300, ,Anderson  IN ,5,5,1540,0,0,0,0,0,0,0,0,0,3,3,1022,0,0,0,0,0,0,0,0,0
201005,294,18020, ,Columbus  IN ,7,7,1317,0,0,0,0,0,0,0,0,0,7,7,1317,0,0,0,0,0,0,0,0,0
201005,294,26900,C,Indianapolis-Carmel  IN ,354,354,64598,1,2,239,1,3,0,4,65,5363,335,335,61705,1,2,239,0,0,0,4,65,5363
201005,296,27060, ,Ithaca  NY ,5,5,1126,1,2,150,0,0,0,0,0,0,3,3,508,1,2,150,0,0,0,0,0,0
201005,297,27180, ,Jackson  TN ,20,20,3180,0,0,0,0,0,0,0,0,0,20,20,3180,0,0,0,0,0,0,0,0,0
201005,298,27140, ,Jackson  MS ,130,130,25636,0,0,0,0,0,0,0,0,0,126,126,25200,0,0,0,0,0,0,0,0,0
201005,304,27740, ,Johnson City  TN ,82,82,6491,0,0,0,0,0,0,0,0,0,82,82,6491,0,0,0,0,0,0,0,0,0
201005,304,28700, ,Kingsport-Bristol-Bristol  TN-VA ,33,33,5105,2,4,317,0,0,0,0,0,0,14,14,2238,2,4,317,0,0,0,0,0,0
201005,308,27860, ,Jonesboro  AR ,58,58,4891,0,0,0,0,0,0,0,0,0,56,56,4729,0,0,0,0,0,0,0,0,0
201005,312,28140,C,Kansas City  MO-KS ,183,183,38319,1,2,248,3,11,716,0,0,0,127,127,25947,0,0,0,2,8,371,0,0,0
201005,314,28940, ,Knoxville  TN ,89,89,13710,0,0,0,0,0,0,4,150,10414,89,89,13710,0,0,0,0,0,0,4,150,10414
201005,314,34100, ,Morristown  TN ,21,21,3091,0,0,0,0,0,0,0,0,0,18,18,2785,0,0,0,0,0,0,0,0,0
201005,316,29020, ,Kokomo  IN ,2,2,376,0,0,0,0,0,0,0,0,0,2,2,376,0,0,0,0,0,0,0,0,0
201005,318,29180, ,Lafayette  LA ,41,41,6136,0,0,0,0,0,0,1,5,244,10,10,2043,0,0,0,0,0,0,0,0,0
201005,320,29140, ,Lafayette  IN ,27,27,4712,0,0,0,0,0,0,0,0,0,27,27,4712,0,0,0,0,0,0,0,0,0
201005,324,29340, ,Lake Charles  LA ,47,47,8454,5,10,581,0,0,0,0,0,0,39,39,7032,5,10,581,0,0,0,0,0,0
201005,330,29620, ,Lansing-East Lansing  MI ,18,18,4109,0,0,0,0,0,0,0,0,0,13,13,3122,0,0,0,0,0,0,0,0,0
201005,332,29820,C,Las Vegas-Paradise  NV ,412,412,54934,0,0,0,6,18,1566,0,0,0,411,411,54641,0,0,0,6,18,1566,0,0,0
201005,336,30460, ,Lexington-Fayette  KY ,77,77,12573,0,0,0,0,0,0,0,0,0,73,73,11780,0,0,0,0,0,0,0,0,0
201005,338,30620, ,Lima  OH ,2,2,472,0,0,0,8,32,1200,0,0,0,1,1,284,0,0,0,8,32,1200,0,0,0
201005,340,30780, ,Little Rock-North Little Rock-Conway  AR ,135,135,22610,8,16,1596,0,0,0,3,66,3480,128,128,22007,8,16,1596,0,0,0,3,66,3480
201005,340,38220, ,Pine Bluff  AR ,5,5,311,0,0,0,0,0,0,4,48,2100,5,5,311,0,0,0,0,0,0,4,48,2100
201005,346,30980, ,Longview  TX ,13,13,2364,0,0,0,0,0,0,6,60,4500,13,13,2364,0,0,0,0,0,0,6,60,4500
201005,348,31100,C,Los Angeles-Long Beach-Santa Ana  CA ,301,301,104645,15,30,5740,10,33,5265,19,248,39353,246,246,83652,15,30,5740,9,30,4970,15,213,33384
201005,348,37100, ,Oxnard-Thousand Oaks-Ventura  CA ,23,23,7029,0,0,0,0,0,0,1,5,537,14,14,4273,0,0,0,0,0,0,0,0,0
201005,348,40140,C,Riverside-San Bernardino-Ontario  CA ,326,326,74998,0,0,0,0,0,0,2,10,894,299,299,70327,0,0,0,0,0,0,0,0,0
201005,350,21060, ,Elizabethtown  KY ,17,17,2780,2,4,280,0,0,0,0,0,0,3,3,699,2,4,280,0,0,0,0,0,0
201005,350,31140,C,Louisville-Jefferson County  KY-IN ,195,195,33204,1,2,300,0,0,0,1,5,202,95,95,16318,1,2,300,0,0,0,0,0,0
201005,352,31180, ,Lubbock  TX ,57,57,12750,0,0,0,0,0,0,0,0,0,57,57,12750,0,0,0,0,0,0,0,0,0
201005,356,31420, ,Macon  GA ,10,10,1341,0,0,0,0,0,0,0,0,0,10,10,1341,0,0,0,0,0,0,0,0,0
201005,356,47580, ,Warner Robins  GA ,45,45,7451,0,0,0,0,0,0,0,0,0,45,45,7451,0,0,0,0,0,0,0,0,0
201005,358,31540,C,Madison  WI ,82,82,16010,3,6,990,2,6,722,3,49,5013,55,55,10378,3,6,990,1,3,450,0,0,0
201005,360,31900, ,Mansfield  OH ,4,4,648,0,0,0,0,0,0,0,0,0,0,0,0,0,0,0,0,0,0,0,0,0
201005,372,33260,C,Midland  TX ,37,37,5364,0,0,0,0,0,0,0,0,0,37,37,5364,0,0,0,0,0,0,0,0,0
201005,372,36220,C,Odessa  TX ,19,19,3298,0,0,0,0,0,0,0,0,0,19,19,3298,0,0,0,0,0,0,0,0,0
201005,376,33340,C,Milwaukee-Waukesha-West Allis  WI ,113,113,27851,10,20,2180,0,0,0,0,0,0,100,100,22512,10,20,2180,0,0,0,0,0,0
201005,376,39540, ,Racine  WI ,13,13,2983,0,0,0,0,0,0,0,0,0,13,13,2983,0,0,0,0,0,0,0,0,0
201005,378,33460,C,Minneapolis-St. Paul-Bloomington  MN-WI ,350,350,90730,0,0,0,0,0,0,5,117,12768,323,323,85177,0,0,0,0,0,0,4,109,11393
201005,378,41060, ,St. Cloud  MN ,21,21,3462,0,0,0,0,0,0,1,6,421,11,11,1741,0,0,0,0,0,0,0,0,0
201005,380,33660, ,Mobile  AL ,51,51,8599,0,0,0,0,0,0,0,0,0,49,49,8216,0,0,0,0,0,0,0,0,0
201005,384,33740, ,Monroe  LA ,14,14,2364,0,0,0,0,0,0,0,0,0,1,1,130,0,0,0,0,0,0,0,0,0
201005,388,33860, ,Montgomery  AL ,46,46,6419,0,0,0,0,0,0,1,5,122,39,39,5684,0,0,0,0,0,0,0,0,0
201005,396,34820, ,Myrtle Beach-North Myrtle Beach-Conway  SC ,106,106,15757,0,0,0,0,0,0,1,13,2897,97,97,13465,0,0,0,0,0,0,0,0,0
201005,400,34980,C,Nashville-Davidson--Murfreesboro-Franklin  TN ,275,275,55488,1,2,122,0,0,0,2,16,400,238,238,46711,1,2,122,0,0,0,2,16,400
201005,406,35380,C,New Orleans-Metairie-Kenner  LA ,119,119,23153,4,8,869,0,0,0,0,0,0,117,117,22771,4,8,869,0,0,0,0,0,0
201005,408,14860, ,Bridgeport-Stamford-Norwalk  CT ,48,48,21773,1,2,272,3,10,1139,0,0,0,39,39,12602,1,2,272,3,10,1139,0,0,0
201005,408,28740, ,Kingston  NY ,10,10,1631,0,0,0,0,0,0,0,0,0,8,8,1272,0,0,0,0,0,0,0,0,0
201005,408,35300, ,New Haven-Milford  CT ,26,26,3431,1,2,70,0,0,0,1,5,385,21,21,2735,1,2,70,0,0,0,0,0,0
201005,408,35620,C,New York-Northern New Jersey-Long Island  NY-NJ-PA ,600,600,150821,46,92,9372,23,76,6848,26,584,64472,403,403,97789,42,84,8788,21,70,5964,17,536,59091
201005,408,39100, ,Poughkeepsie-Newburgh-Middletown  NY ,53,53,5328,0,0,0,0,0,0,1,6,664,41,41,3397,0,0,0,0,0,0,0,0,0
201005,408,45940,C,Trenton-Ewing  NJ ,13,13,3326,0,0,0,0,0,0,0,0,0,3,3,525,0,0,0,0,0,0,0,0,0
201005,416,36420,C,Oklahoma City  OK ,233,233,40159,0,0,0,0,0,0,1,5,285,94,94,18873,0,0,0,0,0,0,0,0,0
201005,420,36540,C,Omaha-Council Bluffs  NE-IA ,196,196,30326,1,2,228,0,0,0,0,0,0,175,175,26494,1,2,228,0,0,0,0,0,0
201005,422,19660,C,Deltona-Daytona Beach-Ormond Beach  FL ,49,49,12825,0,0,0,0,0,0,1,6,588,36,36,9546,0,0,0,0,0,0,0,0,0
201005,422,36740,C,Orlando-Kissimmee-Sanford  FL ,315,315,69718,0,0,0,0,0,0,1,10,1649,310,310,67652,0,0,0,0,0,0,1,10,1649
201005,422,37380, ,Palm Coast  FL ,12,12,3025,0,0,0,0,0,0,0,0,0,12,12,3025,0,0,0,0,0,0,0,0,0
201005,426,37900, ,Peoria  IL ,27,27,6614,0,0,0,0,0,0,0,0,0,19,19,4722,0,0,0,0,0,0,0,0,0
201005,428,37980,C,Philadelphia-Camden-Wilmington  PA-NJ-DE-MD ,418,418,69843,12,24,1911,7,22,1984,10,90,5854,232,232,40833,11,22,1792,7,22,1984,2,46,2719
201005,428,39740, ,Reading  PA ,16,16,3820,0,0,0,0,0,0,0,0,0,13,13,3144,0,0,0,0,0,0,0,0,0
201005,428,47220,C,Vineland-Millville-Bridgeton  NJ ,35,35,3811,0,0,0,0,0,0,0,0,0,30,30,3073,0,0,0,0,0,0,0,0,0
201005,430,38300,C,Pittsburgh  PA ,310,310,65470,1,2,180,4,15,1265,2,11,1582,215,215,46207,0,0,0,3,11,800,0,0,0
201005,438,30340, ,Lewiston-Auburn  ME ,23,23,2423,0,0,0,0,0,0,1,10,1237,19,19,1793,0,0,0,0,0,0,1,10,1237
201005,438,38860, ,Portland-South Portland-Biddeford  ME ,94,94,17657,0,0,0,0,0,0,1,11,833,65,65,11708,0,0,0,0,0,0,1,11,833
201005,442,38940,C,Port St. Lucie  FL ,33,33,6809,0,0,0,0,0,0,0,0,0,31,31,6501,0,0,0,0,0,0,0,0,0
201005,442,42680,C,Sebastian-Vero Beach  FL ,26,26,9329,0,0,0,0,0,0,0,0,0,26,26,9329,0,0,0,0,0,0,0,0,0
201005,450,20500,C,Durham-Chapel Hill  NC ,102,102,21634,0,0,0,0,0,0,1,48,3790,97,97,20282,0,0,0,0,0,0,1,48,3790
201005,450,39580,C,Raleigh-Cary  NC ,392,392,72405,0,0,0,1,4,80,1,24,2640,368,368,68026,0,0,0,1,4,80,1,24,2640
201005,456,39900,C,Reno-Sparks  NV ,45,45,11159,0,0,0,0,0,0,0,0,0,39,39,9111,0,0,0,0,0,0,0,0,0
201005,464,40380, ,Rochester  NY ,133,133,16829,1,2,400,0,0,0,1,10,1390,115,115,13516,1,2,400,0,0,0,0,0,0
201005,466,40420, ,Rockford  IL ,41,41,4426,2,4,316,0,0,0,0,0,0,41,41,4426,2,4,316,0,0,0,0,0,0
201005,472,40900,C,Sacramento--Arden-Arcade--Roseville  CA ,232,232,55607,1,2,358,0,0,0,0,0,0,231,231,55377,0,0,0,0,0,0,0,0,0
201005,472,49700, ,Yuba City  CA ,5,5,1109,0,0,0,0,0,0,0,0,0,5,5,1109,0,0,0,0,0,0,0,0,0
201005,474,13020, ,Bay City  MI ,2,2,315,0,0,0,0,0,0,0,0,0,2,2,315,0,0,0,0,0,0,0,0,0
201005,474,40980, ,Saginaw-Saginaw Township North  MI ,5,5,878,0,0,0,0,0,0,0,0,0,2,2,516,0,0,0,0,0,0,0,0,0
201005,476,41180,C,St. Louis  MO-IL ,307,307,66732,10,20,1428,15,49,3325,11,82,7787,204,204,39164,8,16,1014,13,43,2703,8,47,4305
201005,480,41540, ,Salisbury  MD ,14,14,1965,0,0,0,0,0,0,1,5,683,11,11,1655,0,0,0,0,0,0,0,0,0
201005,482,36260, ,Ogden-Clearfield  UT ,102,102,19699,0,0,0,1,4,378,2,18,2295,94,94,18141,0,0,0,1,4,378,2,18,2295
201005,482,41620,C,Salt Lake City  UT ,153,153,33145,1,2,251,1,3,371,8,87,8976,101,101,24483,0,0,0,0,0,0,0,0,0
201005,488,34900, ,Napa  CA ,3,3,1179,0,0,0,0,0,0,0,0,0,3,3,1179,0,0,0,0,0,0,0,0,0
201005,488,41860,C,San Francisco-Oakland-Fremont  CA ,215,215,78523,9,18,4166,3,11,3755,7,38,6039,198,198,72064,9,18,4166,3,11,3755,5,28,5093
201005,488,41940,C,San Jose-Sunnyvale-Santa Clara  CA ,37,37,13746,1,2,657,0,0,0,6,410,51686,16,16,6526,1,2,657,0,0,0,4,400,49313
201005,488,42100, ,Santa Cruz-Watsonville  CA ,8,8,2300,0,0,0,0,0,0,0,0,0,1,1,502,0,0,0,0,0,0,0,0,0
201005,488,42220, ,Santa Rosa-Petaluma  CA ,30,30,7589,0,0,0,0,0,0,0,0,0,30,30,7589,0,0,0,0,0,0,0,0,0
201005,488,46700, ,Vallejo-Fairfield  CA ,20,20,5307,0,0,0,0,0,0,0,0,0,20,20,5307,0,0,0,0,0,0,0,0,0
201005,492,42140,C,Santa Fe  NM ,9,9,1200,0,0,0,0,0,0,0,0,0,0,0,0,0,0,0,0,0,0,0,0,0
201005,494,35840,C,North Port-Bradenton-Sarasota  FL ,125,125,27444,1,2,400,1,4,618,2,18,3460,125,125,27444,1,2,400,1,4,618,2,18,3460
201005,494,39460,C,Punta Gorda  FL ,24,24,5741,0,0,0,0,0,0,0,0,0,24,24,5741,0,0,0,0,0,0,0,0,0
201005,496,25980, ,Hinesville-Fort Stewart  GA ,3,3,722,0,0,0,0,0,0,0,0,0,3,3,722,0,0,0,0,0,0,0,0,0
201005,496,42340, ,Savannah  GA ,66,66,9860,0,0,0,0,0,0,0,0,0,47,47,6443,0,0,0,0,0,0,0,0,0
201005,500,14740, ,Bremerton-Silverdale  WA ,33,33,6351,1,2,50,0,0,0,0,0,0,33,33,6351,1,2,50,0,0,0,0,0,0
201005,500,34580, ,Mount Vernon-Anacortes  WA ,18,18,3394,0,0,0,0,0,0,1,5,299,8,8,1881,0,0,0,0,0,0,0,0,0
201005,500,36500, ,Olympia  WA ,74,74,16323,0,0,0,0,0,0,0,0,0,74,74,16323,0,0,0,0,0,0,0,0,0
201005,500,42660,C,Seattle-Tacoma-Bellevue  WA ,481,481,122408,1,2,332,5,17,2632,10,147,26203,449,449,114822,1,2,332,5,17,2632,8,134,25182
201005,508,43340, ,Shreveport-Bossier City  LA ,85,85,16324,0,0,0,0,0,0,2,20,1218,26,26,5986,0,0,0,0,0,0,0,0,0
201005,512,43580, ,Sioux City  IA-NE-SD ,15,15,3466,1,2,170,0,0,0,0,0,0,8,8,1449,1,2,170,0,0,0,0,0,0
201005,515,21140, ,Elkhart-Goshen  IN ,14,14,2556,0,0,0,0,0,0,1,5,220,2,2,310,0,0,0,0,0,0,0,0,0
201005,515,43780, ,South Bend-Mishawaka  IN-MI ,11,11,2383,0,0,0,0,0,0,0,0,0,11,11,2383,0,0,0,0,0,0,0,0,0
201005,532,45060, ,Syracuse  NY ,39,39,7438,0,0,0,0,0,0,1,7,900,34,34,6367,0,0,0,0,0,0,1,7,900
201005,534,45780, ,Toledo  OH ,26,26,5723,0,0,0,0,0,0,0,0,0,17,17,3718,0,0,0,0,0,0,0,0,0
201005,538,46140,C,Tulsa  OK ,167,167,29833,2,4,280,0,0,0,22,228,11338,160,160,28700,2,4,280,0,0,0,22,228,11338
201005,540,46340, ,Tyler  TX ,10,10,1765,0,0,0,0,0,0,1,5,231,0,0,0,0,0,0,0,0,0,0,0,0
201005,548,12580,C,Baltimore-Towson  MD ,272,272,48941,0,0,0,1,3,269,6,162,71149,178,178,29826,0,0,0,0,0,0,4,98,45828
201005,548,47900,C,Washington-Arlington-Alexandria  DC-VA-MD-WV ,765,765,141427,12,24,1340,1,4,360,7,97,6390,670,670,122214,12,24,1340,1,4,360,5,73,2998
201005,548,49020, ,Winchester  VA-WV ,20,20,3235,0,0,0,0,0,0,0,0,0,20,20,3235,0,0,0,0,0,0,0,0,0
201005,554,48140, ,Wausau  WI ,23,23,3925,1,2,350,0,0,0,0,0,0,8,8,1236,1,2,350,0,0,0,0,0,0
201005,556,48620, ,Wichita  KS ,112,112,14180,2,4,224,0,0,0,2,14,550,108,108,13664,2,4,224,0,0,0,2,14,550
201005,558,48700, ,Williamsport  PA ,3,3,576,0,0,0,0,0,0,0,0,0,3,3,576,0,0,0,0,0,0,0,0,0
201005,564,49620, ,York-Hanover  PA ,42,42,7899,0,0,0,0,0,0,0,0,0,32,32,5668,0,0,0,0,0,0,0,0,0
201005,566,49660, ,Youngstown-Warren-Boardman  OH-PA ,18,18,3929,0,0,0,0,0,0,0,0,0,5,5,810,0,0,0,0,0,0,0,0,0
201005,999,10180, ,Abilene  TX ,18,18,4020,0,0,0,0,0,0,0,0,0,18,18,4020,0,0,0,0,0,0,0,0,0
201005,999,10500, ,Albany  GA ,15,15,1850,0,0,0,0,0,0,0,0,0,3,3,483,0,0,0,0,0,0,0,0,0
201005,999,10740,C,Albuquerque  NM ,136,136,23636,0,0,0,1,3,422,1,10,777,0,0,0,0,0,0,0,0,0,0,0,0
201005,999,10780, ,Alexandria  LA ,27,27,4158,1,2,207,0,0,0,0,0,0,0,0,0,0,0,0,0,0,0,0,0,0
201005,999,10900,C,Allentown-Bethlehem-Easton  PA-NJ ,95,95,15264,0,0,0,0,0,0,2,12,997,38,38,7156,0,0,0,0,0,0,0,0,0
201005,999,11020, ,Altoona  PA ,2,2,390,0,0,0,0,0,0,0,0,0,2,2,390,0,0,0,0,0,0,0,0,0
201005,999,11100, ,Amarillo  TX ,30,30,7067,0,0,0,0,0,0,0,0,0,30,30,7067,0,0,0,0,0,0,0,0,0
201005,999,11260,C,Anchorage  AK ,68,68,17229,0,0,0,2,8,1681,2,14,2181,67,67,17089,0,0,0,2,8,1681,2,14,2181
201005,999,11500, ,Anniston-Oxford  AL ,13,13,2098,0,0,0,0,0,0,0,0,0,13,13,2098,0,0,0,0,0,0,0,0,0
201005,999,12020, ,Athens-Clarke County  GA ,15,15,2413,1,2,257,0,0,0,0,0,0,7,7,1255,0,0,0,0,0,0,0,0,0
201005,999,12100,C,Atlantic City-Hammonton  NJ ,37,37,7558,0,0,0,0,0,0,0,0,0,26,26,5110,0,0,0,0,0,0,0,0,0
201005,999,12260, ,Augusta-Richmond County  GA-SC ,178,178,32835,0,0,0,0,0,0,1,9,544,133,133,28356,0,0,0,0,0,0,0,0,0
201005,999,12540, ,Bakersfield-Delano  CA ,119,119,22873,3,6,305,0,0,0,10,77,5150,20,20,2468,2,4,158,0,0,0,9,70,4628
201005,999,12620, ,Bangor  ME ,11,11,2046,0,0,0,0,0,0,1,5,426,8,8,1384,0,0,0,0,0,0,0,0,0
201005,999,12700, ,Barnstable Town  MA ,23,23,6295,0,0,0,0,0,0,0,0,0,10,10,2800,0,0,0,0,0,0,0,0,0
201005,999,12980, ,Battle Creek  MI ,0,0,0,0,0,0,0,0,0,0,0,0,0,0,0,0,0,0,0,0,0,0,0,0
201005,999,13140, ,Beaumont-Port Arthur  TX ,68,68,5571,0,0,0,0,0,0,0,0,0,68,68,5571,0,0,0,0,0,0,0,0,0
201005,999,13380, ,Bellingham  WA ,16,16,3343,1,2,195,0,0,0,0,0,0,16,16,3343,1,2,195,0,0,0,0,0,0
201005,999,13740, ,Billings  MT ,29,29,4533,0,0,0,0,0,0,0,0,0,29,29,4533,0,0,0,0,0,0,0,0,0
201005,999,13780, ,Binghamton  NY ,1,1,212,0,0,0,0,0,0,0,0,0,1,1,212,0,0,0,0,0,0,0,0,0
201005,999,13900, ,Bismarck  ND ,67,67,12250,1,2,497,0,0,0,0,0,0,67,67,12250,1,2,497,0,0,0,0,0,0
201005,999,14020, ,Bloomington  IN ,15,15,2403,0,0,0,0,0,0,0,0,0,15,15,2403,0,0,0,0,0,0,0,0,0
201005,999,14060, ,Bloomington-Normal  IL ,22,22,3821,0,0,0,0,0,0,1,6,309,4,4,429,0,0,0,0,0,0,0,0,0
201005,999,14260,C,Boise City-Nampa  ID ,148,148,29674,2,4,310,0,0,0,0,0,0,146,146,29253,2,4,310,0,0,0,0,0,0
201005,999,14540, ,Bowling Green  KY ,34,34,5724,1,2,175,0,0,0,0,0,0,34,34,5724,1,2,175,0,0,0,0,0,0
201005,999,15260, ,Brunswick  GA ,28,28,7132,0,0,0,0,0,0,0,0,0,0,0,0,0,0,0,0,0,0,0,0,0
201005,999,15540, ,Burlington-South Burlington  VT ,16,16,3700,1,2,400,1,3,425,2,11,904,11,11,2498,1,2,400,1,3,425,1,6,550
201005,999,15940, ,Canton-Massillon  OH ,24,24,5814,2,4,640,0,0,0,0,0,0,21,21,5487,2,4,640,0,0,0,0,0,0
201005,999,15980,C,Cape Coral-Fort Myers  FL ,98,98,15971,4,8,1583,0,0,0,0,0,0,98,98,15971,4,8,1583,0,0,0,0,0,0
201005,999,16180,C,Carson City  NV ,0,0,0,1,2,291,0,0,0,0,0,0,0,0,0,1,2,291,0,0,0,0,0,0
201005,999,16220, ,Casper  WY ,14,14,2336,0,0,0,0,0,0,0,0,0,8,8,1082,0,0,0,0,0,0,0,0,0
201005,999,16300, ,Cedar Rapids  IA ,63,63,6001,6,12,823,8,32,2123,2,10,606,61,61,5739,6,12,823,8,32,2123,2,10,606
201005,999,16580, ,Champaign-Urbana  IL ,13,13,4083,0,0,0,0,0,0,1,24,3988,12,12,3987,0,0,0,0,0,0,1,24,3988
201005,999,16620, ,Charleston  WV ,10,10,1783,0,0,0,0,0,0,0,0,0,2,2,432,0,0,0,0,0,0,0,0,0
201005,999,16700,C,Charleston-North Charleston-Summerville  SC ,226,226,46139,0,0,0,0,0,0,1,14,701,113,113,25082,0,0,0,0,0,0,0,0,0
201005,999,16820, ,Charlottesville  VA ,41,41,12759,1,2,242,0,0,0,0,0,0,32,32,10830,1,2,242,0,0,0,0,0,0
201005,999,16940, ,Cheyenne  WY ,10,10,1793,0,0,0,0,0,0,0,0,0,10,10,1793,0,0,0,0,0,0,0,0,0
201005,999,17020, ,Chico  CA ,10,10,1801,0,0,0,3,10,758,0,0,0,10,10,1801,0,0,0,3,10,758,0,0,0
201005,999,17300, ,Clarksville  TN-KY ,85,85,9403,0,0,0,1,4,280,0,0,0,85,85,9403,0,0,0,1,4,280,0,0,0
201005,999,17660, ,Coeur dAlene  ID ,52,52,9475,0,0,0,0,0,0,0,0,0,29,29,6109,0,0,0,0,0,0,0,0,0
201005,999,17780, ,College Station-Bryan  TX ,58,58,7934,0,0,0,0,0,0,0,0,0,11,11,1392,0,0,0,0,0,0,0,0,0
201005,999,17820,C,Colorado Springs  CO ,156,156,49793,0,0,0,0,0,0,0,0,0,156,156,49793,0,0,0,0,0,0,0,0,0
201005,999,17860, ,Columbia  MO ,51,51,10119,0,0,0,0,0,0,0,0,0,51,51,10119,0,0,0,0,0,0,0,0,0
201005,999,18880, ,Crestview-Fort Walton Beach-Destin  FL ,36,36,6601,0,0,0,0,0,0,0,0,0,36,36,6601,0,0,0,0,0,0,0,0,0
201005,999,19060, ,Cumberland  MD-WV ,2,2,340,0,0,0,0,0,0,0,0,0,2,2,340,0,0,0,0,0,0,0,0,0
201005,999,19140,C,Dalton  GA ,9,9,914,0,0,0,0,0,0,0,0,0,3,3,250,0,0,0,0,0,0,0,0,0
201005,999,19180, ,Danville  IL ,1,1,250,0,0,0,0,0,0,0,0,0,1,1,250,0,0,0,0,0,0,0,0,0
201005,999,19260, ,Danville  VA ,6,6,745,0,0,0,0,0,0,0,0,0,0,0,0,0,0,0,0,0,0,0,0,0
201005,999,19340, ,Davenport-Moline-Rock Island  IA-IL ,28,28,5143,1,2,249,0,0,0,1,10,448,18,18,3622,0,0,0,0,0,0,0,0,0
201005,999,19500, ,Decatur  IL ,4,4,775,0,0,0,0,0,0,0,0,0,4,4,775,0,0,0,0,0,0,0,0,0
201005,999,20100,C,Dover  DE ,51,51,6691,0,0,0,0,0,0,0,0,0,1,1,130,0,0,0,0,0,0,0,0,0
201005,999,20220, ,Dubuque  IA ,65,65,7423,0,0,0,0,0,0,2,36,2808,62,62,6856,0,0,0,0,0,0,2,36,2808
201005,999,20260, ,Duluth  MN-WI ,45,45,5134,0,0,0,0,0,0,1,5,380,37,37,4139,0,0,0,0,0,0,0,0,0
201005,999,20940, ,El Centro  CA ,13,13,2249,0,0,0,0,0,0,0,0,0,0,0,0,0,0,0,0,0,0,0,0,0
201005,999,21300, ,Elmira  NY ,1,1,110,0,0,0,0,0,0,0,0,0,0,0,0,0,0,0,0,0,0,0,0,0
201005,999,21340, ,El Paso  TX ,243,243,39743,0,0,0,0,0,0,22,706,43108,243,243,39743,0,0,0,0,0,0,22,706,43108
201005,999,21500, ,Erie  PA ,26,26,5725,0,0,0,0,0,0,0,0,0,26,26,5725,0,0,0,0,0,0,0,0,0
201005,999,21660, ,Eugene-Springfield  OR ,36,36,7676,0,0,0,0,0,0,0,0,0,34,34,7342,0,0,0,0,0,0,0,0,0
201005,999,21780, ,Evansville  IN-KY ,43,43,6969,0,0,0,0,0,0,1,5,217,26,26,4835,0,0,0,0,0,0,0,0,0
201005,999,21820,C,Fairbanks  AK ,5,5,888,0,0,0,0,0,0,0,0,0,2,2,338,0,0,0,0,0,0,0,0,0
201005,999,22140,C,Farmington  NM ,14,14,2709,0,0,0,0,0,0,9,72,4350,14,14,2709,0,0,0,0,0,0,9,72,4350
201005,999,22180, ,Fayetteville  NC ,137,137,21789,0,0,0,0,0,0,0,0,0,137,137,21789,0,0,0,0,0,0,0,0,0
201005,999,22220, ,Fayetteville-Springdale-Rogers  AR-MO ,109,109,22234,1,2,120,0,0,0,1,5,656,72,72,15474,0,0,0,0,0,0,0,0,0
201005,999,22380, ,Flagstaff  AZ ,18,18,3952,0,0,0,0,0,0,0,0,0,18,18,3952,0,0,0,0,0,0,0,0,0
201005,999,22500, ,Florence  SC ,26,26,3211,2,4,204,0,0,0,0,0,0,0,0,0,0,0,0,0,0,0,0,0,0
201005,999,22520, ,Florence-Muscle Shoals  AL ,13,13,1454,0,0,0,0,0,0,0,0,0,6,6,605,0,0,0,0,0,0,0,0,0
201005,999,22660,C,Fort Collins-Loveland  CO ,34,34,7883,0,0,0,0,0,0,0,0,0,33,33,7683,0,0,0,0,0,0,0,0,0
201005,999,22900, ,Fort Smith  AR-OK ,40,40,5752,5,10,733,0,0,0,5,41,5522,34,34,5253,5,10,733,0,0,0,5,41,5522
201005,999,23460, ,Gadsden  AL ,4,4,424,0,0,0,0,0,0,0,0,0,4,4,424,0,0,0,0,0,0,0,0,0
201005,999,23540, ,Gainesville  FL ,17,17,1969,0,0,0,0,0,0,1,7,429,12,12,1404,0,0,0,0,0,0,0,0,0
201005,999,24140, ,Goldsboro  NC ,17,17,2540,0,0,0,0,0,0,0,0,0,0,0,0,0,0,0,0,0,0,0,0,0
201005,999,24220, ,Grand Forks  ND-MN ,9,9,1984,0,0,0,0,0,0,1,11,934,0,0,0,0,0,0,0,0,0,0,0,0
201005,999,24300,C,Grand Junction  CO ,44,44,10011,6,12,905,0,0,0,0,0,0,44,44,10011,6,12,905,0,0,0,0,0,0
201005,999,24500, ,Great Falls  MT ,9,9,1584,0,0,0,0,0,0,1,12,962,9,9,1584,0,0,0,0,0,0,1,12,962
201005,999,24580, ,Green Bay  WI ,50,50,8072,2,4,535,0,0,0,0,0,0,32,32,5972,1,2,250,0,0,0,0,0,0
201005,999,24780, ,Greenville  NC ,31,31,4046,3,6,408,0,0,0,0,0,0,31,31,4046,3,6,408,0,0,0,0,0,0
201005,999,25180, ,Hagerstown-Martinsburg  MD-WV ,53,53,8778,0,0,0,0,0,0,1,60,6591,53,53,8778,0,0,0,0,0,0,1,60,6591
201005,999,25260, ,Hanford-Corcoran  CA ,15,15,2347,0,0,0,0,0,0,6,48,7807,15,15,2347,0,0,0,0,0,0,6,48,7807
201005,999,25500,C,Harrisonburg  VA ,30,30,5652,0,0,0,0,0,0,0,0,0,30,30,5652,0,0,0,0,0,0,0,0,0
201005,999,25620, ,Hattiesburg  MS ,0,0,0,0,0,0,0,0,0,0,0,0,0,0,0,0,0,0,0,0,0,0,0,0
201005,999,25860, ,Hickory-Lenoir-Morganton  NC ,43,43,8949,0,0,0,0,0,0,0,0,0,43,43,8949,0,0,0,0,0,0,0,0,0
201005,999,26180,C,Honolulu  HI ,132,132,35533,0,0,0,0,0,0,21,255,21876,132,132,35533,0,0,0,0,0,0,21,255,21876
201005,999,26300, ,Hot Springs  AR ,4,4,439,0,0,0,0,0,0,0,0,0,0,0,0,0,0,0,0,0,0,0,0,0
201005,999,26380, ,Houma-Bayou Cane-Thibodaux  LA ,27,27,6275,0,0,0,0,0,0,0,0,0,27,27,6275,0,0,0,0,0,0,0,0,0
201005,999,26580, ,Huntington-Ashland  WV-KY-OH ,2,2,227,0,0,0,0,0,0,0,0,0,0,0,0,0,0,0,0,0,0,0,0,0
201005,999,26980, ,Iowa City  IA ,18,18,4520,0,0,0,0,0,0,0,0,0,16,16,4163,0,0,0,0,0,0,0,0,0
201005,999,27100, ,Jackson  MI ,3,3,337,0,0,0,0,0,0,0,0,0,1,1,118,0,0,0,0,0,0,0,0,0
201005,999,27260,C,Jacksonville  FL ,325,325,57282,0,0,0,0,0,0,2,15,1352,322,322,56811,0,0,0,0,0,0,2,15,1352
201005,999,27340, ,Jacksonville  NC ,195,195,21187,7,14,535,1,3,225,0,0,0,195,195,21187,7,14,535,1,3,225,0,0,0
201005,999,27500, ,Janesville  WI ,8,8,1456,0,0,0,0,0,0,0,0,0,8,8,1456,0,0,0,0,0,0,0,0,0
201005,999,27620, ,Jefferson City  MO ,15,15,2759,0,0,0,1,3,351,0,0,0,0,0,0,0,0,0,0,0,0,0,0,0
201005,999,27780, ,Johnstown  PA ,1,1,209,0,0,0,0,0,0,0,0,0,0,0,0,0,0,0,0,0,0,0,0,0
201005,999,27900, ,Joplin  MO ,3,3,700,0,0,0,0,0,0,0,0,0,3,3,700,0,0,0,0,0,0,0,0,0
201005,999,28020, ,Kalamazoo-Portage  MI ,11,11,1767,0,0,0,0,0,0,0,0,0,5,5,1004,0,0,0,0,0,0,0,0,0
201005,999,28420, ,Kennewick-Pasco-Richland  WA ,82,82,23787,0,0,0,0,0,0,0,0,0,15,15,3419,0,0,0,0,0,0,0,0,0
201005,999,28660, ,Killeen-Temple-Fort Hood  TX ,158,158,21890,4,8,500,0,0,0,0,0,0,142,142,19010,4,8,500,0,0,0,0,0,0
201005,999,29100, ,La Crosse  WI-MN ,18,18,2739,0,0,0,0,0,0,0,0,0,10,10,1334,0,0,0,0,0,0,0,0,0
201005,999,29420, ,Lake Havasu City-Kingman  AZ ,18,18,3732,0,0,0,0,0,0,0,0,0,18,18,3732,0,0,0,0,0,0,0,0,0
201005,999,29460,C,Lakeland-Winter Haven  FL ,117,117,21497,0,0,0,0,0,0,0,0,0,109,109,20067,0,0,0,0,0,0,0,0,0
201005,999,29540, ,Lancaster  PA ,52,52,10924,0,0,0,0,0,0,2,34,1774,49,49,10387,0,0,0,0,0,0,2,34,1774
201005,999,29700,C,Laredo  TX ,60,60,7972,1,2,97,1,4,385,0,0,0,0,0,0,0,0,0,0,0,0,0,0,0
201005,999,29740,C,Las Cruces  NM ,76,76,13591,0,0,0,0,0,0,4,24,1314,19,19,4021,0,0,0,0,0,0,0,0,0
201005,999,29940, ,Lawrence  KS ,21,21,3608,0,0,0,0,0,0,0,0,0,18,18,2745,0,0,0,0,0,0,0,0,0
201005,999,30020, ,Lawton  OK ,12,12,1847,0,0,0,0,0,0,0,0,0,12,12,1847,0,0,0,0,0,0,0,0,0
201005,999,30300, ,Lewiston  ID-WA ,2,2,408,0,0,0,0,0,0,0,0,0,0,0,0,0,0,0,0,0,0,0,0,0
201005,999,30700, ,Lincoln  NE ,58,58,9382,0,0,0,0,0,0,1,5,366,1,1,131,0,0,0,0,0,0,0,0,0
201005,999,30860, ,Logan  UT-ID ,17,17,4210,0,0,0,1,3,250,1,5,417,14,14,3637,0,0,0,0,0,0,0,0,0
201005,999,31020, ,Longview  WA ,9,9,2061,0,0,0,0,0,0,0,0,0,9,9,2061,0,0,0,0,0,0,0,0,0
201005,999,31340, ,Lynchburg  VA ,71,71,17713,0,0,0,0,0,0,2,24,1080,59,59,15754,0,0,0,0,0,0,2,24,1080
201005,999,31740, ,Manhattan  KS ,24,24,4792,1,2,197,1,4,228,1,17,1404,7,7,1405,0,0,0,0,0,0,0,0,0
201005,999,31860, ,Mankato-North Mankato  MN ,15,15,2757,1,2,180,0,0,0,0,0,0,15,15,2757,1,2,180,0,0,0,0,0,0
201005,999,32580,C,McAllen-Edinburg-Mission  TX ,308,308,48280,1,2,176,0,0,0,2,105,8582,294,294,47098,1,2,176,0,0,0,2,105,8582
201005,999,32780, ,Medford  OR ,31,31,5543,0,0,0,0,0,0,0,0,0,31,31,5543,0,0,0,0,0,0,0,0,0
201005,999,32820,C,Memphis  TN-MS-AR ,154,154,25508,0,0,0,0,0,0,0,0,0,138,138,23446,0,0,0,0,0,0,0,0,0
201005,999,32900, ,Merced  CA ,0,0,0,0,0,0,0,0,0,0,0,0,0,0,0,0,0,0,0,0,0,0,0,0
201005,999,33100,C,Miami-Fort Lauderdale-Pompano Beach  FL ,328,328,79975,1,2,216,0,0,0,7,114,13099,297,297,69708,0,0,0,0,0,0,2,65,3965
201005,999,33540,C,Missoula  MT ,19,19,2828,0,0,0,1,4,135,1,15,430,19,19,2828,0,0,0,1,4,135,1,15,430
201005,999,33700, ,Modesto  CA ,15,15,2601,0,0,0,0,0,0,0,0,0,5,5,1103,0,0,0,0,0,0,0,0,0
201005,999,34060, ,Morgantown  WV ,0,0,0,0,0,0,0,0,0,0,0,0,0,0,0,0,0,0,0,0,0,0,0,0
201005,999,34620, ,Muncie  IN ,3,3,527,1,2,150,0,0,0,0,0,0,1,1,109,1,2,150,0,0,0,0,0,0
201005,999,34940,C,Naples-Marco Island  FL ,85,85,32489,0,0,0,4,15,3299,4,54,8734,85,85,32489,0,0,0,4,15,3299,4,54,8734
201005,999,35660, ,Niles-Benton Harbor  MI ,3,3,647,0,0,0,0,0,0,0,0,0,2,2,400,0,0,0,0,0,0,0,0,0
201005,999,35980, ,Norwich-New London  CT ,23,23,4806,0,0,0,0,0,0,0,0,0,19,19,4145,0,0,0,0,0,0,0,0,0
201005,999,36100,C,Ocala  FL ,40,40,7109,0,0,0,0,0,0,0,0,0,40,40,7109,0,0,0,0,0,0,0,0,0
201005,999,36140,C,Ocean City  NJ ,12,12,5138,5,10,1616,0,0,0,1,12,1936,12,12,5138,5,10,1616,0,0,0,1,12,1936
201005,999,36980, ,Owensboro  KY ,20,20,1722,1,2,127,0,0,0,0,0,0,20,20,1722,1,2,127,0,0,0,0,0,0
201005,999,37340,C,Palm Bay-Melbourne-Titusville  FL ,88,88,21461,0,0,0,0,0,0,0,0,0,87,87,20672,0,0,0,0,0,0,0,0,0
201005,999,37460, ,Panama City-Lynn Haven-Panama City Beach  FL ,19,19,3097,0,0,0,0,0,0,1,6,553,19,19,3097,0,0,0,0,0,0,1,6,553
201005,999,37620, ,Parkersburg-Marietta-Vienna  WV-OH ,2,2,426,0,0,0,0,0,0,0,0,0,2,2,426,0,0,0,0,0,0,0,0,0
201005,999,37860,C,Pensacola-Ferry Pass-Brent  FL ,102,102,17322,0,0,0,0,0,0,0,0,0,102,102,17322,0,0,0,0,0,0,0,0,0
201005,999,38060,C,Phoenix-Mesa-Glendale  AZ ,616,616,130852,0,0,0,5,16,2471,1,19,3398,595,595,127812,0,0,0,5,16,2471,0,0,0
201005,999,38340, ,Pittsfield  MA ,1,1,220,0,0,0,0,0,0,0,0,0,1,1,220,0,0,0,0,0,0,0,0,0
201005,999,38540, ,Pocatello  ID ,12,12,1878,0,0,0,0,0,0,0,0,0,12,12,1878,0,0,0,0,0,0,0,0,0
201005,999,38900,C,Portland-Vancouver-Hillsboro  OR-WA ,296,296,69164,3,6,583,0,0,0,4,48,5187,238,238,56146,3,6,583,0,0,0,4,48,5187
201005,999,39140, ,Prescott  AZ ,24,24,6562,0,0,0,1,4,40,0,0,0,20,20,5730,0,0,0,1,4,40,0,0,0
201005,999,39340, ,Provo-Orem  UT ,142,142,31966,0,0,0,1,4,611,2,18,1945,141,141,31780,0,0,0,1,4,611,2,18,1945
201005,999,39380,C,Pueblo  CO ,12,12,2081,0,0,0,0,0,0,0,0,0,12,12,2081,0,0,0,0,0,0,0,0,0
201005,999,39660, ,Rapid City  SD ,37,37,5584,0,0,0,0,0,0,0,0,0,35,35,5350,0,0,0,0,0,0,0,0,0
201005,999,39820, ,Redding  CA ,11,11,2401,0,0,0,0,0,0,0,0,0,11,11,2401,0,0,0,0,0,0,0,0,0
201005,999,40060,C,Richmond  VA ,246,246,40307,13,26,1926,5,19,1736,1,14,422,196,196,34800,13,26,1926,4,16,1468,0,0,0
201005,999,40220, ,Roanoke  VA ,39,39,7602,1,2,120,0,0,0,0,0,0,26,26,5184,1,2,120,0,0,0,0,0,0
201005,999,40340, ,Rochester  MN ,28,28,5834,0,0,0,0,0,0,1,98,15897,23,23,4931,0,0,0,0,0,0,1,98,15897
201005,999,40580, ,Rocky Mount  NC ,18,18,1868,0,0,0,0,0,0,0,0,0,13,13,1560,0,0,0,0,0,0,0,0,0
201005,999,40660, ,Rome  GA ,6,6,683,0,0,0,0,0,0,0,0,0,6,6,683,0,0,0,0,0,0,0,0,0
201005,999,41100, ,St. George  UT ,79,79,15040,0,0,0,0,0,0,0,0,0,78,78,14705,0,0,0,0,0,0,0,0,0
201005,999,41140, ,St. Joseph  MO-KS ,7,7,1258,2,4,488,0,0,0,0,0,0,0,0,0,0,0,0,0,0,0,0,0,0
201005,999,41420, ,Salem  OR ,34,34,7208,0,0,0,0,0,0,0,0,0,31,31,6632,0,0,0,0,0,0,0,0,0
201005,999,41500, ,Salinas  CA ,8,8,2046,0,0,0,0,0,0,0,0,0,6,6,1320,0,0,0,0,0,0,0,0,0
201005,999,41660,C,San Angelo  TX ,17,17,2950,0,0,0,0,0,0,0,0,0,17,17,2950,0,0,0,0,0,0,0,0,0
201005,999,41700,C,San Antonio-New Braunfels  TX ,527,527,97832,0,0,0,1,3,242,5,25,2043,454,454,85584,0,0,0,0,0,0,5,25,2043
201005,999,41740,C,San Diego-Carlsbad-San Marcos  CA ,201,201,51581,0,0,0,0,0,0,2,172,24100,200,200,51380,0,0,0,0,0,0,2,172,24100
201005,999,41780, ,Sandusky  OH ,0,0,0,0,0,0,0,0,0,0,0,0,0,0,0,0,0,0,0,0,0,0,0,0
201005,999,42020, ,San Luis Obispo-Paso Robles  CA ,14,14,4511,0,0,0,0,0,0,0,0,0,14,14,4511,0,0,0,0,0,0,0,0,0
201005,999,42060, ,Santa Barbara-Santa Maria-Goleta  CA ,15,15,9752,1,2,473,0,0,0,0,0,0,15,15,9752,1,2,473,0,0,0,0,0,0
201005,999,42540, ,Scranton--Wilkes-Barre  PA ,13,13,2673,0,0,0,0,0,0,0,0,0,8,8,1779,0,0,0,0,0,0,0,0,0
201005,999,43100, ,Sheboygan  WI ,6,6,1407,0,0,0,0,0,0,0,0,0,5,5,1173,0,0,0,0,0,0,0,0,0
201005,999,43620, ,Sioux Falls  SD ,72,72,13434,1,2,273,7,28,2392,3,45,2754,72,72,13434,1,2,273,7,28,2392,3,45,2754
201005,999,44060, ,Spokane  WA ,49,49,9350,0,0,0,0,0,0,0,0,0,48,48,9183,0,0,0,0,0,0,0,0,0
201005,999,44100, ,Springfield  IL ,10,10,2415,2,4,560,1,4,550,0,0,0,10,10,2415,2,4,560,1,4,550,0,0,0
201005,999,44140, ,Springfield  MA ,22,22,4580,2,4,347,0,0,0,0,0,0,12,12,3041,1,2,225,0,0,0,0,0,0
201005,999,44180, ,Springfield  MO ,47,47,6708,4,8,603,0,0,0,1,34,1414,31,31,4218,2,4,300,0,0,0,0,0,0
201005,999,44300, ,State College  PA ,23,23,3946,0,0,0,0,0,0,0,0,1208,23,23,3946,0,0,0,0,0,0,0,0,1208
201005,999,44600, ,Steubenville-Weirton  OH-WV ,1,1,50,0,0,0,0,0,0,0,0,0,1,1,50,0,0,0,0,0,0,0,0,0
201005,999,44700,C,Stockton  CA ,60,60,13561,0,0,0,0,0,0,0,0,0,60,60,13561,0,0,0,0,0,0,0,0,0
201005,999,44940,C,Sumter  SC ,32,32,3430,0,0,0,0,0,0,0,0,0,32,32,3430,0,0,0,0,0,0,0,0,0
201005,999,45220, ,Tallahassee  FL ,41,41,5498,0,0,0,0,0,0,1,24,1363,18,18,1715,0,0,0,0,0,0,0,0,0
201005,999,45300,C,Tampa-St. Petersburg-Clearwater  FL ,429,429,91370,1,2,308,0,0,0,1,6,504,408,408,87999,1,2,308,0,0,0,1,6,504
201005,999,45460, ,Terre Haute  IN ,10,10,1406,1,2,167,0,0,0,0,0,0,7,7,1121,0,0,0,0,0,0,0,0,0
201005,999,45500, ,Texarkana  TX-Texarkana  AR ,6,6,726,0,0,0,0,0,0,0,0,0,2,2,188,0,0,0,0,0,0,0,0,0
201005,999,45820, ,Topeka  KS ,15,15,3162,8,16,951,0,0,0,0,0,0,13,13,2804,8,16,951,0,0,0,0,0,0
201005,999,46060,C,Tucson  AZ ,160,160,34323,0,0,0,0,0,0,2,12,1002,81,81,18634,0,0,0,0,0,0,0,0,0
201005,999,46220, ,Tuscaloosa  AL ,31,31,7315,1,2,310,0,0,0,1,16,5500,31,31,7315,1,2,310,0,0,0,1,16,5500
201005,999,46540, ,Utica-Rome  NY ,0,0,0,0,0,0,0,0,0,0,0,0,0,0,0,0,0,0,0,0,0,0,0,0
201005,999,46660, ,Valdosta  GA ,37,37,2760,0,0,0,0,0,0,0,0,0,37,37,2760,0,0,0,0,0,0,0,0,0
201005,999,47020, ,Victoria  TX ,4,4,620,0,0,0,0,0,0,0,0,0,0,0,0,0,0,0,0,0,0,0,0,0
201005,999,47260,C,Virginia Beach-Norfolk-Newport News  VA-NC ,192,192,40887,0,0,0,0,0,0,1,69,4200,182,182,38085,0,0,0,0,0,0,1,69,4200
201005,999,47300, ,Visalia-Porterville  CA ,76,76,13996,1,2,367,0,0,0,0,0,0,76,76,13996,1,2,367,0,0,0,0,0,0
201005,999,47380, ,Waco  TX ,43,43,6771,0,0,0,0,0,0,10,112,3201,42,42,6408,0,0,0,0,0,0,10,112,3201
201005,999,47940, ,Waterloo-Cedar Falls  IA ,19,19,3416,1,2,221,0,0,0,0,0,0,14,14,2745,0,0,0,0,0,0,0,0,0
201005,999,48300, ,Wenatchee-East Wenatchee  WA ,31,31,5977,0,0,0,0,0,0,0,0,0,31,31,5977,0,0,0,0,0,0,0,0,0
201005,999,48540, ,Wheeling  WV-OH ,1,1,65,0,0,0,0,0,0,0,0,0,1,1,65,0,0,0,0,0,0,0,0,0
201005,999,48660, ,Wichita Falls  TX ,10,10,1663,1,2,178,0,0,0,1,12,1841,10,10,1663,1,2,178,0,0,0,1,12,1841
201005,999,48900,C,Wilmington  NC ,117,117,26459,0,0,0,0,0,0,1,24,368,71,71,17819,0,0,0,0,0,0,1,24,368
201005,999,49420, ,Yakima  WA ,15,15,3993,0,0,0,0,0,0,0,0,0,15,15,3993,0,0,0,0,0,0,0,0,0
201005,999,49740, ,Yuma  AZ ,28,28,4644,0,0,0,0,0,0,0,0,0,28,28,4644,0,0,0,0,0,0,0,0,0
