Survey,CSA,CBSA,MONCOV,CBSA,,1-unit,,,2-units,,,3-4 units,,,5+ units,,,1-unit rep,,,2-units rep,,,3-4 units rep,,,5+ units rep
Date,Code,Code,,Name,Bldgs,Units,Value,Bldgs,Units,Value,Bldgs,Units,Value,Bldgs,Units,Value,Bldgs,Units,Value,Bldgs,Units,Value,      Bldgs,Units,Value,Bldgs,Units,Value
 
201201,102,18700, ,Corvallis  OR ,2,2,556,0,0,0,0,0,0,0,0,0,2,2,556,0,0,0,0,0,0,0,0,0
201201,104,10580, ,Albany-Schenectady-Troy  NY ,48,48,11466,0,0,0,2,7,850,0,0,0,43,43,10402,0,0,0,2,7,850,0,0,0
201201,104,24020, ,Glens Falls  NY ,8,8,1240,0,0,0,0,0,0,0,0,0,1,1,220,0,0,0,0,0,0,0,0,0
201201,112,11180, ,Ames  IA ,1,1,200,0,0,0,0,0,0,0,0,0,1,1,200,0,0,0,0,0,0,0,0,0
201201,118,11540, ,Appleton  WI ,13,13,2030,0,0,0,0,0,0,0,0,0,13,13,2030,0,0,0,0,0,0,0,0,0
201201,118,36780, ,Oshkosh-Neenah  WI ,10,10,2207,0,0,0,0,0,0,1,6,283,10,10,2207,0,0,0,0,0,0,1,6,283
201201,120,11700, ,Asheville  NC ,65,65,14279,0,0,0,0,0,0,0,0,0,54,54,11971,0,0,0,0,0,0,0,0,0
201201,122,12060,C,Atlanta-Sandy Springs-Marietta  GA ,556,556,115523,0,0,0,1,4,91,10,506,64296,494,494,101799,0,0,0,1,4,91,8,486,62696
201201,122,23580, ,Gainesville  GA ,8,8,980,0,0,0,0,0,0,0,0,0,8,8,980,0,0,0,0,0,0,0,0,0
201201,126,12420,C,Austin-Round Rock-San Marcos  TX ,615,615,114695,4,8,825,0,0,0,19,482,35774,538,538,102499,4,8,825,0,0,0,1,304,23791
201201,132,12940, ,Baton Rouge  LA ,209,209,38103,0,0,0,0,0,0,1,7,570,98,98,22322,0,0,0,0,0,0,0,0,0
201201,140,13460,C,Bend  OR ,33,33,7129,0,0,0,0,0,0,0,0,0,30,30,6582,0,0,0,0,0,0,0,0,0
201201,142,13820,C,Birmingham-Hoover  AL ,133,133,27439,0,0,0,0,0,0,0,0,0,102,102,22476,0,0,0,0,0,0,0,0,0
201201,148,14460,C,Boston-Cambridge-Quincy  MA-NH ,220,220,56991,7,14,1993,2,6,500,15,139,13275,168,168,44803,6,12,1826,2,6,500,3,61,6049
201201,148,31700, ,Manchester-Nashua  NH ,18,18,3504,0,0,0,0,0,0,0,0,0,18,18,3504,0,0,0,0,0,0,0,0,0
201201,148,39300, ,Providence-New Bedford-Fall River  RI-MA ,65,65,11894,3,6,535,1,3,100,0,0,0,49,49,9309,2,4,425,0,0,0,0,0,0
201201,148,49340, ,Worcester  MA ,29,29,5990,0,0,0,0,0,0,0,0,0,22,22,4401,0,0,0,0,0,0,0,0,0
201201,154,15180, ,Brownsville-Harlingen  TX ,70,70,7303,8,16,603,1,4,174,0,0,0,60,60,5822,8,16,603,1,4,174,0,0,0
201201,160,15380, ,Buffalo-Niagara Falls  NY ,28,28,6409,2,4,350,0,0,0,1,9,968,26,26,6012,2,4,350,0,0,0,0,0,0
201201,164,16020, ,Cape Girardeau-Jackson  MO-IL ,7,7,985,0,0,0,0,0,0,1,10,1070,7,7,985,0,0,0,0,0,0,1,10,1070
201201,172,16740,C,Charlotte-Gastonia-Rock Hill  NC-SC ,390,390,73638,0,0,0,0,0,0,22,605,52154,388,388,73309,0,0,0,0,0,0,22,605,52154
201201,174,16860, ,Chattanooga  TN-GA ,79,79,12513,1,2,92,0,0,0,1,10,930,62,62,10115,0,0,0,0,0,0,0,0,0
201201,174,17420, ,Cleveland  TN ,13,13,1764,0,0,0,5,16,1250,0,0,0,13,13,1764,0,0,0,5,16,1250,0,0,0
201201,176,16980,C,Chicago-Joliet-Naperville  IL-IN-WI ,207,207,54084,2,4,437,0,0,0,3,24,2097,169,169,45357,1,2,200,0,0,0,2,12,1200
201201,176,28100, ,Kankakee-Bradley  IL ,0,0,0,0,0,0,0,0,0,0,0,0,0,0,0,0,0,0,0,0,0,0,0,0
201201,176,33140, ,Michigan City-La Porte  IN ,1,1,120,0,0,0,0,0,0,0,0,0,1,1,120,0,0,0,0,0,0,0,0,0
201201,178,17140,C,Cincinnati-Middletown  OH-KY-IN ,142,142,27805,0,0,0,1,3,225,2,14,1285,126,126,24352,0,0,0,1,3,225,1,8,900
201201,184,10420, ,Akron  OH ,13,13,3567,0,0,0,0,0,0,0,0,0,13,13,3567,0,0,0,0,0,0,0,0,0
201201,184,17460,C,Cleveland-Elyria-Mentor  OH ,85,85,17225,0,0,0,0,0,0,2,10,840,62,62,12015,0,0,0,0,0,0,2,10,840
201201,192,17900,C,Columbia  SC ,196,196,30306,0,0,0,0,0,0,4,69,4378,23,23,3950,0,0,0,0,0,0,0,0,0
201201,194,12220,C,Auburn-Opelika  AL ,41,41,9436,0,0,0,0,0,0,0,0,0,41,41,9436,0,0,0,0,0,0,0,0,0
201201,194,17980, ,Columbus  GA-AL ,35,35,5626,1,2,166,0,0,0,2,14,1062,17,17,3721,0,0,0,0,0,0,0,0,0
201201,198,18140,C,Columbus  OH ,147,147,31772,0,0,0,1,4,169,25,506,40934,139,139,30090,0,0,0,1,4,169,25,506,40934
201201,204,18580, ,Corpus Christi  TX ,100,100,15417,0,0,0,0,0,0,0,0,0,99,99,15332,0,0,0,0,0,0,0,0,0
201201,206,19100,C,Dallas-Fort Worth-Arlington  TX ,1256,1256,288487,4,8,665,1,4,468,32,1231,117248,1115,1115,252170,4,8,665,0,0,0,23,870,76087
201201,206,43300, ,Sherman-Denison  TX ,1,1,155,0,0,0,0,0,0,0,0,0,0,0,0,0,0,0,0,0,0,0,0,0
201201,212,19380, ,Dayton  OH ,71,71,14352,0,0,0,0,0,0,0,0,0,71,71,14352,0,0,0,0,0,0,0,0,0
201201,212,44220, ,Springfield  OH ,1,1,250,0,0,0,0,0,0,0,0,0,1,1,250,0,0,0,0,0,0,0,0,0
201201,216,14500, ,Boulder  CO ,23,23,7040,0,0,0,0,0,0,0,0,0,23,23,7040,0,0,0,0,0,0,0,0,0
201201,216,19740,C,Denver-Aurora-Broomfield  CO ,320,320,78134,1,2,340,1,4,710,6,282,24622,315,315,77088,1,2,340,1,4,710,6,282,24622
201201,216,24540,C,Greeley  CO ,82,82,18624,0,0,0,0,0,0,1,5,145,74,74,16554,0,0,0,0,0,0,0,0,0
201201,218,19780,C,Des Moines-West Des Moines  IA ,59,59,13631,0,0,0,0,0,0,1,16,2008,58,58,13434,0,0,0,0,0,0,1,16,2008
201201,220,11460, ,Ann Arbor  MI ,9,9,1526,0,0,0,0,0,0,0,0,0,5,5,839,0,0,0,0,0,0,0,0,0
201201,220,19820,C,Detroit-Warren-Livonia  MI ,158,158,36351,0,0,0,1,3,181,1,17,1043,142,142,33515,0,0,0,0,0,0,0,0,0
201201,220,22420, ,Flint  MI ,3,3,766,0,0,0,0,0,0,0,0,0,3,3,766,0,0,0,0,0,0,0,0,0
201201,220,33780, ,Monroe  MI ,6,6,1000,0,0,0,0,0,0,0,0,0,3,3,464,0,0,0,0,0,0,0,0,0
201201,222,20020, ,Dothan  AL ,11,11,2579,0,0,0,0,0,0,0,0,0,11,11,2579,0,0,0,0,0,0,0,0,0
201201,232,20740, ,Eau Claire  WI ,1,1,127,0,0,0,0,0,0,0,0,0,1,1,127,0,0,0,0,0,0,0,0,0
201201,244,22020, ,Fargo  ND-MN ,11,11,2460,0,0,0,0,0,0,1,42,2660,11,11,2460,0,0,0,0,0,0,1,42,2660
201201,252,22540, ,Fond du Lac  WI ,1,1,211,0,0,0,0,0,0,1,5,250,1,1,211,0,0,0,0,0,0,0,0,0
201201,258,23060,C,Fort Wayne  IN ,29,29,5430,0,0,0,0,0,0,0,0,0,29,29,5430,0,0,0,0,0,0,0,0,0
201201,260,23420, ,Fresno  CA ,89,89,17575,0,0,0,1,3,276,1,10,1333,14,14,3641,0,0,0,0,0,0,0,0,0
201201,260,31460, ,Madera-Chowchilla  CA ,10,10,1830,1,2,362,0,0,0,0,0,0,10,10,1830,1,2,362,0,0,0,0,0,0
201201,266,24340,C,Grand Rapids-Wyoming  MI ,62,62,12903,0,0,0,0,0,0,0,0,0,53,53,11453,0,0,0,0,0,0,0,0,0
201201,266,26100, ,Holland-Grand Haven  MI ,17,17,3346,0,0,0,0,0,0,0,0,0,11,11,2352,0,0,0,0,0,0,0,0,0
201201,266,34740, ,Muskegon-Norton Shores  MI ,9,9,1442,0,0,0,0,0,0,0,0,0,8,8,1263,0,0,0,0,0,0,0,0,0
201201,268,15500, ,Burlington  NC ,18,18,2614,0,0,0,0,0,0,0,0,0,18,18,2614,0,0,0,0,0,0,0,0,0
201201,268,24660,C,Greensboro-High Point  NC ,71,71,15971,0,0,0,2,8,287,6,128,5229,58,58,13894,0,0,0,2,8,287,5,115,3918
201201,268,49180, ,Winston-Salem  NC ,55,55,7916,0,0,0,1,4,204,0,0,0,55,55,7916,0,0,0,1,4,204,0,0,0
201201,273,11340, ,Anderson  SC ,16,16,3399,0,0,0,0,0,0,0,0,0,16,16,3399,0,0,0,0,0,0,0,0,0
201201,273,24860,C,Greenville-Maudlin-Easley  SC ,126,126,33189,0,0,0,0,0,0,0,0,0,123,123,32703,0,0,0,0,0,0,0,0,0
201201,273,43900, ,Spartanburg  SC ,41,41,5013,0,0,0,0,0,0,0,0,0,0,0,0,0,0,0,0,0,0,0,0,0
201201,274,25060, ,Gulfport-Biloxi  MS ,52,52,8175,2,4,273,1,4,255,1,19,1573,23,23,4117,0,0,0,0,0,0,0,0,0
201201,274,37700, ,Pascagoula  MS ,23,23,4020,0,0,0,0,0,0,0,0,0,23,23,4020,0,0,0,0,0,0,0,0,0
201201,276,25420, ,Harrisburg-Carlisle  PA ,54,54,9811,0,0,0,0,0,0,0,0,0,39,39,7267,0,0,0,0,0,0,0,0,0
201201,276,30140, ,Lebanon  PA ,6,6,859,0,0,0,0,0,0,0,0,0,4,4,499,0,0,0,0,0,0,0,0,0
201201,278,25540, ,Hartford-West Hartford-East Hartford  CT ,49,49,9976,2,4,479,0,0,0,1,5,952,38,38,8187,2,4,479,0,0,0,0,0,0
201201,288,26420,C,Houston-Sugar Land-Baytown  TX ,1829,1829,370822,4,8,920,0,0,0,21,932,59372,1667,1667,339131,4,8,920,0,0,0,18,876,55675
201201,290,19460, ,Decatur  AL ,2,2,303,0,0,0,0,0,0,0,0,0,2,2,303,0,0,0,0,0,0,0,0,0
201201,290,26620, ,Huntsville  AL ,140,140,20044,0,0,0,0,0,0,13,276,16220,140,140,20044,0,0,0,0,0,0,13,276,16220
201201,292,26820, ,Idaho Falls  ID ,11,11,1384,0,0,0,0,0,0,0,0,0,11,11,1384,0,0,0,0,0,0,0,0,0
201201,294,11300, ,Anderson  IN ,3,3,812,0,0,0,0,0,0,0,0,0,2,2,550,0,0,0,0,0,0,0,0,0
201201,294,18020, ,Columbus  IN ,12,12,2399,0,0,0,0,0,0,0,0,0,12,12,2399,0,0,0,0,0,0,0,0,0
201201,294,26900,C,Indianapolis-Carmel  IN ,187,187,37837,0,0,0,18,71,3347,0,0,0,183,183,37079,0,0,0,17,68,3170,0,0,0
201201,296,27060, ,Ithaca  NY ,0,0,0,0,0,0,0,0,0,1,5,557,0,0,0,0,0,0,0,0,0,0,0,0
201201,297,27180, ,Jackson  TN ,13,13,2098,0,0,0,0,0,0,0,0,0,0,0,0,0,0,0,0,0,0,0,0,0
201201,298,27140, ,Jackson  MS ,73,73,12799,1,2,353,0,0,0,1,12,1406,62,62,10837,0,0,0,0,0,0,0,0,0
201201,304,27740, ,Johnson City  TN ,19,19,2545,0,0,0,1,4,195,6,106,5556,13,13,1696,0,0,0,1,4,195,6,106,5556
201201,304,28700, ,Kingsport-Bristol-Bristol  TN-VA ,27,27,4779,0,0,0,0,0,0,0,0,0,14,14,2993,0,0,0,0,0,0,0,0,0
201201,308,27860, ,Jonesboro  AR ,20,20,2337,0,0,0,0,0,0,0,0,0,20,20,2337,0,0,0,0,0,0,0,0,0
201201,312,28140,C,Kansas City  MO-KS ,184,184,43665,0,0,0,0,0,0,0,0,0,156,156,36226,0,0,0,0,0,0,0,0,0
201201,314,28940, ,Knoxville  TN ,79,79,14026,0,0,0,0,0,0,0,0,0,79,79,14026,0,0,0,0,0,0,0,0,0
201201,314,34100, ,Morristown  TN ,12,12,1607,0,0,0,0,0,0,0,0,0,8,8,1222,0,0,0,0,0,0,0,0,0
201201,316,29020, ,Kokomo  IN ,0,0,0,0,0,0,0,0,0,0,0,0,0,0,0,0,0,0,0,0,0,0,0,0
201201,318,29180, ,Lafayette  LA ,70,70,11505,0,0,0,0,0,0,1,11,537,42,42,7806,0,0,0,0,0,0,0,0,0
201201,320,29140, ,Lafayette  IN ,16,16,3428,0,0,0,0,0,0,0,0,0,16,16,3428,0,0,0,0,0,0,0,0,0
201201,324,29340, ,Lake Charles  LA ,32,32,4944,0,0,0,0,0,0,0,0,0,32,32,4944,0,0,0,0,0,0,0,0,0
201201,330,29620, ,Lansing-East Lansing  MI ,15,15,3224,0,0,0,0,0,0,1,16,1420,7,7,1308,0,0,0,0,0,0,0,0,0
201201,332,29820,C,Las Vegas-Paradise  NV ,238,238,38661,0,0,0,0,0,0,1,75,4394,238,238,38661,0,0,0,0,0,0,1,75,4394
201201,336,30460, ,Lexington-Fayette  KY ,75,75,10335,0,0,0,0,0,0,1,27,1543,5,5,1089,0,0,0,0,0,0,0,0,0
201201,338,30620, ,Lima  OH ,1,1,187,0,0,0,0,0,0,0,0,0,0,0,0,0,0,0,0,0,0,0,0,0
201201,340,30780, ,Little Rock-North Little Rock-Conway  AR ,115,115,18537,1,2,75,0,0,0,0,0,0,113,113,18303,1,2,75,0,0,0,0,0,0
201201,340,38220, ,Pine Bluff  AR ,0,0,0,0,0,0,0,0,0,0,0,0,0,0,0,0,0,0,0,0,0,0,0,0
201201,346,30980, ,Longview  TX ,13,13,1969,1,2,97,0,0,0,1,17,1042,0,0,0,0,0,0,0,0,0,0,0,0
201201,348,31100,C,Los Angeles-Long Beach-Santa Ana  CA ,278,278,81766,14,28,6970,2,7,913,19,150,12217,241,241,70777,14,28,6970,1,4,619,14,110,7080
201201,348,37100, ,Oxnard-Thousand Oaks-Ventura  CA ,32,32,8834,0,0,0,0,0,0,1,5,544,23,23,5628,0,0,0,0,0,0,0,0,0
201201,348,40140,C,Riverside-San Bernardino-Ontario  CA ,194,194,45432,0,0,0,0,0,0,3,34,6560,175,175,42873,0,0,0,0,0,0,3,34,6560
201201,350,21060, ,Elizabethtown  KY ,14,14,2453,0,0,0,2,8,330,3,52,1279,14,14,2453,0,0,0,2,8,330,3,52,1279
201201,350,31140,C,Louisville-Jefferson County  KY-IN ,139,139,27032,2,4,205,1,3,118,0,0,0,125,125,24303,2,4,205,0,0,0,0,0,0
201201,352,31180, ,Lubbock  TX ,48,48,11852,2,4,400,0,0,0,0,0,0,48,48,11852,2,4,400,0,0,0,0,0,0
201201,356,31420, ,Macon  GA ,8,8,1320,0,0,0,0,0,0,0,0,0,8,8,1320,0,0,0,0,0,0,0,0,0
201201,356,47580, ,Warner Robins  GA ,26,26,5315,0,0,0,0,0,0,0,0,0,26,26,5315,0,0,0,0,0,0,0,0,0
201201,358,31540,C,Madison  WI ,37,37,9375,0,0,0,1,3,274,1,21,2165,24,24,6764,0,0,0,0,0,0,0,0,0
201201,360,31900, ,Mansfield  OH ,0,0,0,0,0,0,0,0,0,0,0,0,0,0,0,0,0,0,0,0,0,0,0,0
201201,372,33260,C,Midland  TX ,44,44,8018,0,0,0,0,0,0,0,0,0,44,44,8018,0,0,0,0,0,0,0,0,0
201201,372,36220,C,Odessa  TX ,36,36,8834,0,0,0,0,0,0,0,0,0,36,36,8834,0,0,0,0,0,0,0,0,0
201201,376,33340,C,Milwaukee-Waukesha-West Allis  WI ,57,57,16993,1,2,325,0,0,0,1,34,3000,51,51,14527,0,0,0,0,0,0,1,34,3000
201201,376,39540, ,Racine  WI ,6,6,1399,0,0,0,0,0,0,0,0,0,3,3,690,0,0,0,0,0,0,0,0,0
201201,378,33460,C,Minneapolis-St. Paul-Bloomington  MN-WI ,202,202,61531,1,2,157,0,0,0,4,317,40289,196,196,58975,1,2,157,0,0,0,3,309,39309
201201,378,41060, ,St. Cloud  MN ,6,6,1296,0,0,0,0,0,0,0,0,0,2,2,403,0,0,0,0,0,0,0,0,0
201201,380,33660, ,Mobile  AL ,41,41,7533,0,0,0,0,0,0,0,0,0,40,40,7460,0,0,0,0,0,0,0,0,0
201201,384,33740, ,Monroe  LA ,19,19,3374,0,0,0,0,0,0,1,6,490,1,1,250,0,0,0,0,0,0,0,0,0
201201,388,33860, ,Montgomery  AL ,35,35,5884,0,0,0,0,0,0,0,0,0,29,29,4919,0,0,0,0,0,0,0,0,0
201201,396,34820, ,Myrtle Beach-North Myrtle Beach-Conway  SC ,108,108,20499,1,2,180,0,0,0,6,232,7200,108,108,20499,1,2,180,0,0,0,6,232,7200
201201,400,34980,C,Nashville-Davidson--Murfreesboro-Franklin  TN ,323,323,60754,0,0,0,0,0,0,2,98,7294,281,281,54524,0,0,0,0,0,0,1,86,6662
201201,406,35380,C,New Orleans-Metairie-Kenner  LA ,154,154,26516,7,14,1277,0,0,0,1,14,1727,66,66,12761,0,0,0,0,0,0,0,0,0
201201,408,14860, ,Bridgeport-Stamford-Norwalk  CT ,34,34,20968,0,0,0,0,0,0,2,22,1230,30,30,16089,0,0,0,0,0,0,1,12,870
201201,408,28740, ,Kingston  NY ,6,6,1095,1,2,85,0,0,0,0,0,0,5,5,946,1,2,85,0,0,0,0,0,0
201201,408,35300, ,New Haven-Milford  CT ,14,14,2131,2,4,95,0,0,0,1,7,431,10,10,1637,2,4,95,0,0,0,0,0,0
201201,408,35620,C,New York-Northern New Jersey-Long Island  NY-NJ-PA ,377,377,111288,25,50,3922,8,26,2287,71,1233,104116,264,264,85962,21,42,3380,7,23,2118,48,1017,86360
201201,408,39100, ,Poughkeepsie-Newburgh-Middletown  NY ,20,20,3343,0,0,0,0,0,0,2,10,823,16,16,2532,0,0,0,0,0,0,0,0,0
201201,408,45940,C,Trenton-Ewing  NJ ,12,12,2852,0,0,0,0,0,0,3,46,5782,3,3,1128,0,0,0,0,0,0,0,0,0
201201,416,36420,C,Oklahoma City  OK ,322,322,60659,1,2,165,0,0,0,2,11,631,208,208,43267,0,0,0,0,0,0,0,0,0
201201,420,36540,C,Omaha-Council Bluffs  NE-IA ,106,106,20070,0,0,0,1,3,160,2,47,3277,99,99,18927,0,0,0,0,0,0,1,30,2271
201201,422,19660,C,Deltona-Daytona Beach-Ormond Beach  FL ,37,37,10067,0,0,0,0,0,0,1,11,1078,33,33,9521,0,0,0,0,0,0,0,0,0
201201,422,36740,C,Orlando-Kissimmee-Sanford  FL ,432,432,98258,17,34,1623,0,0,0,12,430,24286,412,412,94365,17,34,1623,0,0,0,12,430,24286
201201,422,37380,C,Palm Coast  FL ,20,20,5606,0,0,0,0,0,0,0,0,0,20,20,5606,0,0,0,0,0,0,0,0,0
201201,426,37900, ,Peoria  IL ,16,16,2611,0,0,0,0,0,0,0,0,0,12,12,1708,0,0,0,0,0,0,0,0,0
201201,428,37980,C,Philadelphia-Camden-Wilmington  PA-NJ-DE-MD ,294,294,46589,4,8,505,6,19,596,17,583,17029,215,215,32583,4,8,505,6,19,596,9,531,14000
201201,428,39740, ,Reading  PA ,9,9,1669,0,0,0,0,0,0,0,0,0,6,6,1005,0,0,0,0,0,0,0,0,0
201201,428,47220,C,Vineland-Millville-Bridgeton  NJ ,13,13,1635,0,0,0,0,0,0,0,0,0,8,8,1064,0,0,0,0,0,0,0,0,0
201201,430,38300,C,Pittsburgh  PA ,206,206,43064,0,0,0,2,7,963,0,0,0,138,138,32004,0,0,0,1,4,720,0,0,0
201201,438,30340, ,Lewiston-Auburn  ME ,5,5,737,0,0,0,0,0,0,0,0,0,4,4,537,0,0,0,0,0,0,0,0,0
201201,438,38860, ,Portland-South Portland-Biddeford  ME ,46,46,7952,0,0,0,0,0,0,1,31,4015,30,30,5031,0,0,0,0,0,0,1,31,4015
201201,442,38940,C,Port St. Lucie  FL ,36,36,10008,0,0,0,0,0,0,1,5,695,35,35,9837,0,0,0,0,0,0,0,0,0
201201,442,42680,C,Sebastian-Vero Beach  FL ,26,26,7261,0,0,0,0,0,0,0,0,0,22,22,5230,0,0,0,0,0,0,0,0,0
201201,450,20500,C,Durham-Chapel Hill  NC ,124,124,29897,0,0,0,0,0,0,16,542,36870,115,115,27805,0,0,0,0,0,0,14,528,35987
201201,450,39580,C,Raleigh-Cary  NC ,414,414,84672,0,0,0,9,35,2815,12,337,35349,404,404,83394,0,0,0,9,35,2815,12,337,35349
201201,456,39900,C,Reno-Sparks  NV ,29,29,6942,0,0,0,0,0,0,1,66,6140,29,29,6942,0,0,0,0,0,0,1,66,6140
201201,464,40380, ,Rochester  NY ,42,42,8485,0,0,0,1,3,481,0,0,0,32,32,6672,0,0,0,1,3,481,0,0,0
201201,466,40420, ,Rockford  IL ,4,4,365,0,0,0,0,0,0,0,0,0,3,3,224,0,0,0,0,0,0,0,0,0
201201,472,40900,C,Sacramento--Arden-Arcade--Roseville  CA ,153,153,37814,0,0,0,1,4,337,0,0,0,152,152,37563,0,0,0,1,4,337,0,0,0
201201,472,49700, ,Yuba City  CA ,3,3,424,0,0,0,0,0,0,0,0,0,3,3,424,0,0,0,0,0,0,0,0,0
201201,474,13020, ,Bay City  MI ,0,0,0,0,0,0,0,0,0,0,0,0,0,0,0,0,0,0,0,0,0,0,0,0
201201,474,40980, ,Saginaw-Saginaw Township North  MI ,6,6,1131,0,0,0,0,0,0,0,0,0,6,6,1131,0,0,0,0,0,0,0,0,0
201201,476,41180,C,St. Louis  MO-IL ,216,216,42943,3,6,462,1,4,320,4,34,2894,173,173,31535,3,6,462,1,4,320,0,0,0
201201,480,41540, ,Salisbury  MD ,2,2,483,0,0,0,0,0,0,0,0,0,2,2,483,0,0,0,0,0,0,0,0,0
201201,482,36260, ,Ogden-Clearfield  UT ,78,78,16781,0,0,0,2,8,692,2,24,943,77,77,16384,0,0,0,2,8,692,2,24,943
201201,482,41620,C,Salt Lake City  UT ,117,117,26363,1,2,243,2,7,851,6,77,7752,85,85,19916,1,2,243,0,0,0,1,32,3502
201201,488,34900, ,Napa  CA ,0,0,0,0,0,0,0,0,0,0,0,0,0,0,0,0,0,0,0,0,0,0,0,0
201201,488,41860,C,San Francisco-Oakland-Fremont  CA ,182,182,59861,3,6,1917,1,4,887,5,55,7213,136,136,46256,3,6,1917,0,0,0,2,18,3241
201201,488,41940,C,San Jose-Sunnyvale-Santa Clara  CA ,78,78,28153,1,2,406,0,0,0,2,191,38563,73,73,26156,1,2,406,0,0,0,2,191,38563
201201,488,42100, ,Santa Cruz-Watsonville  CA ,11,11,2460,0,0,0,0,0,0,0,0,0,10,10,1865,0,0,0,0,0,0,0,0,0
201201,488,42220, ,Santa Rosa-Petaluma  CA ,6,6,1192,1,2,1167,0,0,0,0,0,0,6,6,1192,1,2,1167,0,0,0,0,0,0
201201,488,46700, ,Vallejo-Fairfield  CA ,20,20,4280,0,0,0,0,0,0,0,0,0,20,20,4280,0,0,0,0,0,0,0,0,0
201201,492,42140,C,Santa Fe  NM ,6,6,800,0,0,0,0,0,0,0,0,0,0,0,0,0,0,0,0,0,0,0,0,0
201201,494,35840,C,North Port-Bradenton-Sarasota  FL ,168,168,41122,0,0,0,2,6,1114,1,8,1194,166,166,40368,0,0,0,2,6,1114,1,8,1194
201201,494,39460,C,Punta Gorda  FL ,20,20,3250,5,10,435,0,0,0,0,0,0,0,0,0,0,0,0,0,0,0,0,0,0
201201,496,25980, ,Hinesville-Fort Stewart  GA ,18,18,4951,0,0,0,0,0,0,0,0,0,18,18,4951,0,0,0,0,0,0,0,0,0
201201,496,42340, ,Savannah  GA ,87,87,17415,0,0,0,0,0,0,0,0,0,81,81,16577,0,0,0,0,0,0,0,0,0
201201,500,14740, ,Bremerton-Silverdale  WA ,14,14,3581,0,0,0,0,0,0,0,0,0,14,14,3581,0,0,0,0,0,0,0,0,0
201201,500,34580, ,Mount Vernon-Anacortes  WA ,12,12,2592,0,0,0,0,0,0,0,0,0,6,6,1638,0,0,0,0,0,0,0,0,0
201201,500,36500, ,Olympia  WA ,21,21,5444,0,0,0,0,0,0,0,0,0,21,21,5444,0,0,0,0,0,0,0,0,0
201201,500,42660,C,Seattle-Tacoma-Bellevue  WA ,422,422,117398,7,14,2300,3,12,1370,9,169,26136,400,400,110128,7,14,2300,3,12,1370,7,159,24916
201201,508,43340, ,Shreveport-Bossier City  LA ,80,80,15351,0,0,0,0,0,0,1,28,1705,49,49,11531,0,0,0,0,0,0,0,0,0
201201,512,43580, ,Sioux City  IA-NE-SD ,6,6,1640,0,0,0,0,0,0,0,0,0,2,2,505,0,0,0,0,0,0,0,0,0
201201,515,21140, ,Elkhart-Goshen  IN ,10,10,1069,0,0,0,0,0,0,0,0,0,10,10,1069,0,0,0,0,0,0,0,0,0
201201,515,43780, ,South Bend-Mishawaka  IN-MI ,5,5,976,0,0,0,0,0,0,0,0,0,5,5,976,0,0,0,0,0,0,0,0,0
201201,532,45060, ,Syracuse  NY ,18,18,3895,0,0,0,0,0,0,1,26,2068,15,15,3360,0,0,0,0,0,0,1,26,2068
201201,534,45780, ,Toledo  OH ,22,22,4334,1,2,179,1,3,268,0,0,0,14,14,2806,0,0,0,0,0,0,0,0,0
201201,538,46140,C,Tulsa  OK ,174,174,32022,0,0,0,0,0,0,11,132,4465,160,160,29453,0,0,0,0,0,0,11,132,4465
201201,540,46340, ,Tyler  TX ,9,9,1588,0,0,0,1,3,150,1,8,370,0,0,0,0,0,0,0,0,0,0,0,0
201201,548,12580,C,Baltimore-Towson  MD ,275,275,51524,0,0,0,0,0,0,2,78,8335,188,188,34112,0,0,0,0,0,0,0,0,0
201201,548,47900,C,Washington-Arlington-Alexandria  DC-VA-MD-WV ,765,765,143853,13,26,2014,0,0,0,8,393,13459,666,666,124249,11,22,1418,0,0,0,6,320,6785
201201,548,49020, ,Winchester  VA-WV ,9,9,1614,0,0,0,0,0,0,0,0,0,9,9,1614,0,0,0,0,0,0,0,0,0
201201,554,48140, ,Wausau  WI ,8,8,1535,0,0,0,0,0,0,0,0,0,3,3,596,0,0,0,0,0,0,0,0,0
201201,556,48620, ,Wichita  KS ,43,43,6699,9,18,2643,0,0,0,0,0,0,41,41,6455,9,18,2643,0,0,0,0,0,0
201201,558,48700, ,Williamsport  PA ,1,1,110,0,0,0,0,0,0,0,0,0,0,0,0,0,0,0,0,0,0,0,0,0
201201,564,49620, ,York-Hanover  PA ,15,15,2392,0,0,0,0,0,0,2,17,1130,14,14,2188,0,0,0,0,0,0,1,7,455
201201,566,49660, ,Youngstown-Warren-Boardman  OH-PA ,2,2,439,0,0,0,0,0,0,0,0,0,2,2,439,0,0,0,0,0,0,0,0,0
201201,999,10180, ,Abilene  TX ,15,15,3187,0,0,0,0,0,0,0,0,0,15,15,3187,0,0,0,0,0,0,0,0,0
201201,999,10500, ,Albany  GA ,11,11,1252,0,0,0,1,3,153,1,5,188,0,0,0,0,0,0,0,0,0,0,0,0
201201,999,10740,C,Albuquerque  NM ,84,84,15279,0,0,0,0,0,0,1,10,779,22,22,4559,0,0,0,0,0,0,0,0,0
201201,999,10780, ,Alexandria  LA ,26,26,4259,1,2,208,0,0,0,1,12,787,2,2,333,0,0,0,0,0,0,0,0,0
201201,999,10900,C,Allentown-Bethlehem-Easton  PA-NJ ,44,44,7592,2,4,362,1,3,510,4,34,2817,28,28,5080,1,2,171,1,3,510,2,24,1367
201201,999,11020, ,Altoona  PA ,0,0,0,0,0,0,0,0,0,0,0,0,0,0,0,0,0,0,0,0,0,0,0,0
201201,999,11100, ,Amarillo  TX ,33,33,7659,0,0,0,0,0,0,0,0,0,33,33,7659,0,0,0,0,0,0,0,0,0
201201,999,11260,C,Anchorage  AK ,20,20,5394,0,0,0,0,0,0,0,0,0,18,18,5022,0,0,0,0,0,0,0,0,0
201201,999,11500, ,Anniston-Oxford  AL ,3,3,468,0,0,0,0,0,0,0,0,0,3,3,468,0,0,0,0,0,0,0,0,0
201201,999,12020, ,Athens-Clarke County  GA ,6,6,1506,15,30,4062,0,0,0,0,0,0,6,6,1506,15,30,4062,0,0,0,0,0,0
201201,999,12100,C,Atlantic City-Hammonton  NJ ,33,33,8736,0,0,0,0,0,0,1,8,1757,23,23,7825,0,0,0,0,0,0,0,0,0
201201,999,12260, ,Augusta-Richmond County  GA-SC ,171,171,30251,0,0,0,0,0,0,0,0,0,49,49,10613,0,0,0,0,0,0,0,0,0
201201,999,12540, ,Bakersfield-Delano  CA ,74,74,13728,1,2,257,0,0,0,1,13,1424,18,18,2324,0,0,0,0,0,0,0,0,0
201201,999,12620, ,Bangor  ME ,2,2,412,0,0,0,1,4,200,0,0,0,1,1,200,0,0,0,1,4,200,0,0,0
201201,999,12700, ,Barnstable Town  MA ,17,17,7058,0,0,0,0,0,0,0,0,0,12,12,5718,0,0,0,0,0,0,0,0,0
201201,999,12980, ,Battle Creek  MI ,0,0,0,0,0,0,0,0,0,0,0,0,0,0,0,0,0,0,0,0,0,0,0,0
201201,999,13140, ,Beaumont-Port Arthur  TX ,39,39,6172,0,0,0,0,0,0,0,0,0,39,39,6172,0,0,0,0,0,0,0,0,0
201201,999,13380, ,Bellingham  WA ,11,11,2554,0,0,0,0,0,0,0,0,0,7,7,1627,0,0,0,0,0,0,0,0,0
201201,999,13740, ,Billings  MT ,12,12,2556,0,0,0,0,0,0,0,0,0,12,12,2556,0,0,0,0,0,0,0,0,0
201201,999,13780, ,Binghamton  NY ,1,1,40,0,0,0,0,0,0,0,0,0,1,1,40,0,0,0,0,0,0,0,0,0
201201,999,13900, ,Bismarck  ND ,26,26,4493,0,0,0,0,0,0,1,5,358,2,2,480,0,0,0,0,0,0,0,0,0
201201,999,14020, ,Bloomington  IN ,8,8,1338,2,4,383,0,0,0,0,0,0,8,8,1338,2,4,383,0,0,0,0,0,0
201201,999,14060, ,Bloomington-Normal  IL ,14,14,2359,0,0,0,0,0,0,0,0,0,14,14,2359,0,0,0,0,0,0,0,0,0
201201,999,14260,C,Boise City-Nampa  ID ,132,132,32168,0,0,0,5,20,1416,0,0,0,130,130,31822,0,0,0,5,20,1416,0,0,0
201201,999,14540, ,Bowling Green  KY ,18,18,3319,0,0,0,0,0,0,2,16,1270,18,18,3319,0,0,0,0,0,0,2,16,1270
201201,999,15260, ,Brunswick  GA ,27,27,6598,0,0,0,0,0,0,0,0,0,0,0,0,0,0,0,0,0,0,0,0,0
201201,999,15540, ,Burlington-South Burlington  VT ,11,11,2315,1,2,340,0,0,0,1,11,1267,9,9,1754,1,2,340,0,0,0,0,0,0
201201,999,15940, ,Canton-Massillon  OH ,10,10,2274,0,0,0,0,0,0,1,5,404,8,8,2047,0,0,0,0,0,0,0,0,0
201201,999,15980,C,Cape Coral-Fort Myers  FL ,93,93,19011,0,0,0,1,4,389,0,0,0,93,93,19011,0,0,0,1,4,389,0,0,0
201201,999,16180,C,Carson City  NV ,1,1,425,0,0,0,0,0,0,0,0,0,1,1,425,0,0,0,0,0,0,0,0,0
201201,999,16220, ,Casper  WY ,18,18,4266,0,0,0,0,0,0,0,0,0,18,18,4266,0,0,0,0,0,0,0,0,0
201201,999,16300, ,Cedar Rapids  IA ,27,27,2569,0,0,0,2,7,523,0,0,0,26,26,2335,0,0,0,2,7,523,0,0,0
201201,999,16580, ,Champaign-Urbana  IL ,8,8,2175,2,4,505,0,0,0,0,0,0,8,8,2175,2,4,505,0,0,0,0,0,0
201201,999,16620, ,Charleston  WV ,3,3,359,0,0,0,0,0,0,0,0,0,3,3,359,0,0,0,0,0,0,0,0,0
201201,999,16700,C,Charleston-North Charleston-Summerville  SC ,253,253,63479,0,0,0,0,0,0,2,41,3239,132,132,41827,0,0,0,0,0,0,0,0,0
201201,999,16820, ,Charlottesville  VA ,35,35,10344,0,0,0,0,0,0,0,0,0,35,35,10344,0,0,0,0,0,0,0,0,0
201201,999,16940, ,Cheyenne  WY ,24,24,4514,0,0,0,0,0,0,0,0,0,8,8,1861,0,0,0,0,0,0,0,0,0
201201,999,17020, ,Chico  CA ,10,10,2085,0,0,0,0,0,0,0,0,0,10,10,2085,0,0,0,0,0,0,0,0,0
201201,999,17300, ,Clarksville  TN-KY ,90,90,10602,0,0,0,1,4,220,2,16,760,90,90,10602,0,0,0,1,4,220,2,16,760
201201,999,17660, ,Coeur dAlene  ID ,19,19,4319,1,2,217,0,0,0,0,0,0,19,19,4319,1,2,217,0,0,0,0,0,0
201201,999,17780, ,College Station-Bryan  TX ,53,53,7334,1,2,245,0,0,0,0,0,0,31,31,4613,1,2,245,0,0,0,0,0,0
201201,999,17820,C,Colorado Springs  CO ,128,128,37461,0,0,0,0,0,0,0,0,0,128,128,37461,0,0,0,0,0,0,0,0,0
201201,999,17860, ,Columbia  MO ,45,45,9535,0,0,0,0,0,0,0,0,0,45,45,9535,0,0,0,0,0,0,0,0,0
201201,999,18880, ,Crestview-Fort Walton Beach-Destin  FL ,32,32,8695,0,0,0,0,0,0,1,10,760,32,32,8695,0,0,0,0,0,0,1,10,760
201201,999,19060, ,Cumberland  MD-WV ,4,4,1136,0,0,0,0,0,0,0,0,0,4,4,1136,0,0,0,0,0,0,0,0,0
201201,999,19140,C,Dalton  GA ,4,4,583,0,0,0,0,0,0,0,0,0,0,0,0,0,0,0,0,0,0,0,0,0
201201,999,19180, ,Danville  IL ,0,0,0,0,0,0,0,0,0,0,0,0,0,0,0,0,0,0,0,0,0,0,0,0
201201,999,19260, ,Danville  VA ,6,6,745,0,0,0,0,0,0,1,5,295,0,0,0,0,0,0,0,0,0,0,0,0
201201,999,19340, ,Davenport-Moline-Rock Island  IA-IL ,15,15,2722,0,0,0,0,0,0,1,6,269,3,3,445,0,0,0,0,0,0,0,0,0
201201,999,19500, ,Decatur  IL ,0,0,0,0,0,0,0,0,0,0,0,0,0,0,0,0,0,0,0,0,0,0,0,0
201201,999,20100,C,Dover  DE ,52,52,7246,0,0,0,0,0,0,0,0,0,11,11,1763,0,0,0,0,0,0,0,0,0
201201,999,20220, ,Dubuque  IA ,4,4,752,0,0,0,1,3,367,0,0,0,4,4,752,0,0,0,1,3,367,0,0,0
201201,999,20260, ,Duluth  MN-WI ,10,10,1195,0,0,0,0,0,0,0,0,0,4,4,246,0,0,0,0,0,0,0,0,0
201201,999,20940, ,El Centro  CA ,10,10,1950,0,0,0,0,0,0,0,0,0,9,9,1731,0,0,0,0,0,0,0,0,0
201201,999,21300, ,Elmira  NY ,1,1,170,0,0,0,0,0,0,0,0,0,0,0,0,0,0,0,0,0,0,0,0,0
201201,999,21340, ,El Paso  TX ,201,201,30009,1,2,62,1,4,406,0,0,0,201,201,30009,1,2,62,1,4,406,0,0,0
201201,999,21500, ,Erie  PA ,6,6,859,0,0,0,0,0,0,0,0,0,6,6,859,0,0,0,0,0,0,0,0,0
201201,999,21660, ,Eugene-Springfield  OR ,21,21,4389,0,0,0,0,0,0,0,0,0,13,13,2859,0,0,0,0,0,0,0,0,0
201201,999,21780, ,Evansville  IN-KY ,28,28,4606,0,0,0,0,0,0,0,0,0,28,28,4606,0,0,0,0,0,0,0,0,0
201201,999,21820,C,Fairbanks  AK ,2,2,368,0,0,0,0,0,0,0,0,0,0,0,0,0,0,0,0,0,0,0,0,0
201201,999,22140,C,Farmington  NM ,19,19,3937,0,0,0,0,0,0,0,0,0,19,19,3937,0,0,0,0,0,0,0,0,0
201201,999,22180, ,Fayetteville  NC ,105,105,17831,0,0,0,0,0,0,4,52,4921,105,105,17831,0,0,0,0,0,0,4,52,4921
201201,999,22220, ,Fayetteville-Springdale-Rogers  AR-MO ,93,93,23141,7,14,1922,0,0,0,0,0,0,72,72,17160,7,14,1922,0,0,0,0,0,0
201201,999,22380, ,Flagstaff  AZ ,6,6,1384,0,0,0,0,0,0,17,300,18550,0,0,0,0,0,0,0,0,0,17,300,18550
201201,999,22500, ,Florence  SC ,24,24,3512,1,2,102,0,0,0,0,0,0,3,3,873,0,0,0,0,0,0,0,0,0
201201,999,22520, ,Florence-Muscle Shoals  AL ,10,10,1118,0,0,0,0,0,0,1,5,172,4,4,390,0,0,0,0,0,0,0,0,0
201201,999,22660,C,Fort Collins-Loveland  CO ,44,44,9383,0,0,0,0,0,0,0,0,0,44,44,9383,0,0,0,0,0,0,0,0,0
201201,999,22900, ,Fort Smith  AR-OK ,18,18,3012,7,14,1220,0,0,0,0,0,0,14,14,2546,7,14,1220,0,0,0,0,0,0
201201,999,23460, ,Gadsden  AL ,2,2,299,0,0,0,0,0,0,0,0,0,2,2,299,0,0,0,0,0,0,0,0,0
201201,999,23540, ,Gainesville  FL ,17,17,2857,0,0,0,0,0,0,1,18,1103,13,13,2424,0,0,0,0,0,0,0,0,0
201201,999,24140, ,Goldsboro  NC ,8,8,1269,0,0,0,0,0,0,0,0,0,8,8,1269,0,0,0,0,0,0,0,0,0
201201,999,24220, ,Grand Forks  ND-MN ,2,2,521,0,0,0,0,0,0,0,0,0,2,2,521,0,0,0,0,0,0,0,0,0
201201,999,24300,C,Grand Junction  CO ,22,22,4832,0,0,0,0,0,0,0,0,0,22,22,4832,0,0,0,0,0,0,0,0,0
201201,999,24500, ,Great Falls  MT ,2,2,203,0,0,0,0,0,0,0,0,0,2,2,203,0,0,0,0,0,0,0,0,0
201201,999,24580, ,Green Bay  WI ,21,21,4954,0,0,0,0,0,0,1,5,150,15,15,4173,0,0,0,0,0,0,0,0,0
201201,999,24780, ,Greenville  NC ,23,23,3783,1,2,180,0,0,0,0,0,0,23,23,3783,1,2,180,0,0,0,0,0,0
201201,999,25180, ,Hagerstown-Martinsburg  MD-WV ,30,30,5065,0,0,0,0,0,0,0,0,0,30,30,5065,0,0,0,0,0,0,0,0,0
201201,999,25260, ,Hanford-Corcoran  CA ,13,13,2095,0,0,0,0,0,0,0,0,0,13,13,2095,0,0,0,0,0,0,0,0,0
201201,999,25500,C,Harrisonburg  VA ,29,29,4534,0,0,0,0,0,0,4,48,2448,29,29,4534,0,0,0,0,0,0,4,48,2448
201201,999,25620, ,Hattiesburg  MS ,1,1,175,0,0,0,0,0,0,0,0,0,1,1,175,0,0,0,0,0,0,0,0,0
201201,999,25860, ,Hickory-Lenoir-Morganton  NC ,17,17,4924,0,0,0,0,0,0,0,0,0,17,17,4924,0,0,0,0,0,0,0,0,0
201201,999,26180,C,Honolulu  HI ,59,59,17811,1,2,643,0,0,0,2,53,7470,0,0,0,0,0,0,0,0,0,0,0,0
201201,999,26300, ,Hot Springs  AR ,4,4,1020,0,0,0,0,0,0,0,0,0,4,4,1020,0,0,0,0,0,0,0,0,0
201201,999,26380, ,Houma-Bayou Cane-Thibodaux  LA ,42,42,10919,0,0,0,0,0,0,0,0,0,42,42,10919,0,0,0,0,0,0,0,0,0
201201,999,26580, ,Huntington-Ashland  WV-KY-OH ,4,4,843,0,0,0,0,0,0,1,5,250,0,0,0,0,0,0,0,0,0,0,0,0
201201,999,26980, ,Iowa City  IA ,15,15,3456,0,0,0,0,0,0,0,0,0,15,15,3456,0,0,0,0,0,0,0,0,0
201201,999,27100, ,Jackson  MI ,1,1,109,0,0,0,0,0,0,0,0,0,0,0,0,0,0,0,0,0,0,0,0,0
201201,999,27260,C,Jacksonville  FL ,289,289,64532,7,14,2275,0,0,0,1,16,908,284,284,63384,7,14,2275,0,0,0,1,16,908
201201,999,27340, ,Jacksonville  NC ,163,163,18448,0,0,0,2,8,440,2,11,880,163,163,18448,0,0,0,2,8,440,2,11,880
201201,999,27500, ,Janesville  WI ,4,4,755,0,0,0,0,0,0,0,0,0,4,4,755,0,0,0,0,0,0,0,0,0
201201,999,27620, ,Jefferson City  MO ,6,6,1123,1,2,209,0,0,0,0,0,0,0,0,0,0,0,0,0,0,0,0,0,0
201201,999,27780, ,Johnstown  PA ,0,0,0,0,0,0,0,0,0,0,0,0,0,0,0,0,0,0,0,0,0,0,0,0
201201,999,27900, ,Joplin  MO ,3,3,467,0,0,0,0,0,0,1,5,341,0,0,0,0,0,0,0,0,0,0,0,0
201201,999,28020, ,Kalamazoo-Portage  MI ,21,21,5108,0,0,0,0,0,0,0,0,0,18,18,4726,0,0,0,0,0,0,0,0,0
201201,999,28420, ,Kennewick-Pasco-Richland  WA ,95,95,21867,0,0,0,0,0,0,2,22,2344,9,9,1642,0,0,0,0,0,0,0,0,0
201201,999,28660, ,Killeen-Temple-Fort Hood  TX ,169,169,23474,16,32,2306,0,0,0,0,0,0,154,154,20629,16,32,2306,0,0,0,0,0,0
201201,999,29100, ,La Crosse  WI-MN ,6,6,1080,0,0,0,0,0,0,0,0,0,1,1,200,0,0,0,0,0,0,0,0,0
201201,999,29420, ,Lake Havasu City-Kingman  AZ ,24,24,4598,0,0,0,0,0,0,0,0,0,24,24,4598,0,0,0,0,0,0,0,0,0
201201,999,29460,C,Lakeland-Winter Haven  FL ,121,121,21579,0,0,0,0,0,0,0,0,0,120,120,21458,0,0,0,0,0,0,0,0,0
201201,999,29540, ,Lancaster  PA ,34,34,4500,0,0,0,0,0,0,1,16,850,25,25,3486,0,0,0,0,0,0,1,16,850
201201,999,29700,C,Laredo  TX ,52,52,7525,0,0,0,0,0,0,0,0,0,0,0,0,0,0,0,0,0,0,0,0,0
201201,999,29740,C,Las Cruces  NM ,61,61,11590,2,4,442,0,0,0,0,0,0,61,61,11590,2,4,442,0,0,0,0,0,0
201201,999,29940, ,Lawrence  KS ,9,9,1674,0,0,0,0,0,0,0,0,0,8,8,1425,0,0,0,0,0,0,0,0,0
201201,999,30020, ,Lawton  OK ,7,7,1145,1,2,65,1,4,200,0,0,0,7,7,1145,1,2,65,1,4,200,0,0,0
201201,999,30300, ,Lewiston  ID-WA ,2,2,429,0,0,0,0,0,0,0,0,0,2,2,429,0,0,0,0,0,0,0,0,0
201201,999,30700, ,Lincoln  NE ,32,32,6617,0,0,0,0,0,0,0,0,0,31,31,6482,0,0,0,0,0,0,0,0,0
201201,999,30860, ,Logan  UT-ID ,3,3,770,0,0,0,0,0,0,1,5,417,3,3,770,0,0,0,0,0,0,0,0,0
201201,999,31020, ,Longview  WA ,6,6,1372,0,0,0,0,0,0,0,0,0,6,6,1372,0,0,0,0,0,0,0,0,0
201201,999,31340, ,Lynchburg  VA ,29,29,6411,0,0,0,0,0,0,0,0,0,29,29,6411,0,0,0,0,0,0,0,0,0
201201,999,31740, ,Manhattan  KS ,14,14,2719,1,2,212,0,0,0,1,18,1642,3,3,567,0,0,0,0,0,0,0,0,0
201201,999,31860, ,Mankato-North Mankato  MN ,5,5,870,0,0,0,0,0,0,1,5,390,0,0,0,0,0,0,0,0,0,0,0,0
201201,999,32580,C,McAllen-Edinburg-Mission  TX ,231,231,34017,8,16,1307,2,7,487,2,10,573,144,144,21297,7,14,1144,1,4,261,0,0,0
201201,999,32780, ,Medford  OR ,20,20,3665,0,0,0,0,0,0,0,0,0,19,19,3508,0,0,0,0,0,0,0,0,0
201201,999,32820,C,Memphis  TN-MS-AR ,138,138,23779,0,0,0,0,0,0,6,72,6000,117,117,20782,0,0,0,0,0,0,6,72,6000
201201,999,32900, ,Merced  CA ,3,3,361,0,0,0,0,0,0,0,0,0,3,3,361,0,0,0,0,0,0,0,0,0
201201,999,33100,C,Miami-Fort Lauderdale-Pompano Beach  FL ,260,260,71938,5,10,851,3,9,2818,41,1100,93923,254,254,70861,4,8,642,3,9,2818,40,1095,93295
201201,999,33540,C,Missoula  MT ,4,4,921,0,0,0,0,0,0,1,15,658,4,4,921,0,0,0,0,0,0,1,15,658
201201,999,33700, ,Modesto  CA ,8,8,1494,0,0,0,0,0,0,0,0,0,3,3,695,0,0,0,0,0,0,0,0,0
201201,999,34060, ,Morgantown  WV ,0,0,0,0,0,0,0,0,0,0,0,0,0,0,0,0,0,0,0,0,0,0,0,0
201201,999,34620, ,Muncie  IN ,4,4,571,0,0,0,0,0,0,0,0,0,3,3,492,0,0,0,0,0,0,0,0,0
201201,999,34940,C,Naples-Marco Island  FL ,57,57,19087,0,0,0,2,8,1759,4,29,5799,57,57,19087,0,0,0,2,8,1759,4,29,5799
201201,999,35660, ,Niles-Benton Harbor  MI ,1,1,165,0,0,0,0,0,0,0,0,0,1,1,165,0,0,0,0,0,0,0,0,0
201201,999,35980, ,Norwich-New London  CT ,10,10,2112,0,0,0,0,0,0,0,0,0,8,8,1604,0,0,0,0,0,0,0,0,0
201201,999,36100,C,Ocala  FL ,18,18,3601,0,0,0,0,0,0,0,0,0,18,18,3601,0,0,0,0,0,0,0,0,0
201201,999,36140,C,Ocean City  NJ ,21,21,5603,7,14,3228,0,0,0,0,0,0,21,21,5603,7,14,3228,0,0,0,0,0,0
201201,999,36980, ,Owensboro  KY ,13,13,905,0,0,0,0,0,0,0,0,0,13,13,905,0,0,0,0,0,0,0,0,0
201201,999,37340,C,Palm Bay-Melbourne-Titusville  FL ,60,60,16233,0,0,0,0,0,0,0,0,0,47,47,13292,0,0,0,0,0,0,0,0,0
201201,999,37460, ,Panama City-Lynn Haven-Panama City Beach  FL ,15,15,2128,0,0,0,0,0,0,3,38,3104,3,3,856,0,0,0,0,0,0,1,18,1500
201201,999,37620, ,Parkersburg-Marietta-Vienna  WV-OH ,4,4,866,0,0,0,0,0,0,0,0,0,4,4,866,0,0,0,0,0,0,0,0,0
201201,999,37860,C,Pensacola-Ferry Pass-Brent  FL ,77,77,14067,0,0,0,0,0,0,0,0,0,77,77,14067,0,0,0,0,0,0,0,0,0
201201,999,38060,C,Phoenix-Mesa-Glendale  AZ ,673,673,159042,0,0,0,1,3,431,0,0,0,667,667,158098,0,0,0,1,3,431,0,0,0
201201,999,38340, ,Pittsfield  MA ,0,0,0,0,0,0,0,0,0,0,0,0,0,0,0,0,0,0,0,0,0,0,0,0
201201,999,38540, ,Pocatello  ID ,4,4,336,0,0,0,0,0,0,0,0,0,4,4,336,0,0,0,0,0,0,0,0,0
201201,999,38900,C,Portland-Vancouver-Hillsboro  OR-WA ,281,281,66195,0,0,0,6,24,2822,4,217,18782,272,272,63924,0,0,0,6,24,2822,4,217,18782
201201,999,39140, ,Prescott  AZ ,11,11,2149,1,2,276,0,0,0,1,5,599,10,10,1973,1,2,276,0,0,0,0,0,0
201201,999,39340, ,Provo-Orem  UT ,144,144,30456,1,2,241,0,0,0,0,0,0,139,139,29584,1,2,241,0,0,0,0,0,0
201201,999,39380,C,Pueblo  CO ,9,9,1507,0,0,0,0,0,0,0,0,0,9,9,1507,0,0,0,0,0,0,0,0,0
201201,999,39660, ,Rapid City  SD ,25,25,4126,0,0,0,0,0,0,0,0,0,22,22,3705,0,0,0,0,0,0,0,0,0
201201,999,39820, ,Redding  CA ,8,8,1367,0,0,0,0,0,0,0,0,0,8,8,1367,0,0,0,0,0,0,0,0,0
201201,999,40060,C,Richmond  VA ,200,200,36104,0,0,0,3,12,1442,6,140,5896,183,183,33599,0,0,0,3,12,1442,6,140,5896
201201,999,40220, ,Roanoke  VA ,25,25,4765,0,0,0,0,0,0,0,0,0,25,25,4765,0,0,0,0,0,0,0,0,0
201201,999,40340, ,Rochester  MN ,7,7,1412,0,0,0,0,0,0,0,0,0,6,6,1239,0,0,0,0,0,0,0,0,0
201201,999,40580, ,Rocky Mount  NC ,11,11,1419,0,0,0,0,0,0,0,0,0,8,8,1219,0,0,0,0,0,0,0,0,0
201201,999,40660, ,Rome  GA ,5,5,593,0,0,0,0,0,0,0,0,0,0,0,0,0,0,0,0,0,0,0,0,0
201201,999,41100, ,St. George  UT ,75,75,14090,0,0,0,1,3,239,0,0,0,75,75,14090,0,0,0,1,3,239,0,0,0
201201,999,41140, ,St. Joseph  MO-KS ,4,4,1054,0,0,0,0,0,0,0,0,0,4,4,1054,0,0,0,0,0,0,0,0,0
201201,999,41420, ,Salem  OR ,15,15,3102,0,0,0,0,0,0,0,0,0,12,12,2504,0,0,0,0,0,0,0,0,0
201201,999,41500, ,Salinas  CA ,7,7,1596,0,0,0,0,0,0,0,0,0,6,6,1150,0,0,0,0,0,0,0,0,0
201201,999,41660,C,San Angelo  TX ,54,54,6545,0,0,0,0,0,0,0,0,0,54,54,6545,0,0,0,0,0,0,0,0,0
201201,999,41700,C,San Antonio-New Braunfels  TX ,396,396,73957,6,12,825,1,4,200,8,197,13508,170,170,34731,6,12,825,0,0,0,0,0,0
201201,999,41740,C,San Diego-Carlsbad-San Marcos  CA ,159,159,51092,17,34,6233,6,18,2840,1,5,976,159,159,51092,17,34,6233,6,18,2840,1,5,976
201201,999,41780, ,Sandusky  OH ,0,0,0,0,0,0,0,0,0,0,0,0,0,0,0,0,0,0,0,0,0,0,0,0
201201,999,42020, ,San Luis Obispo-Paso Robles  CA ,22,22,6720,0,0,0,0,0,0,0,0,0,6,6,1274,0,0,0,0,0,0,0,0,0
201201,999,42060, ,Santa Barbara-Santa Maria-Goleta  CA ,9,9,3644,0,0,0,0,0,0,0,0,0,9,9,3644,0,0,0,0,0,0,0,0,0
201201,999,42540, ,Scranton--Wilkes-Barre  PA ,29,29,4828,0,0,0,1,4,400,0,0,0,29,29,4828,0,0,0,1,4,400,0,0,0
201201,999,43100, ,Sheboygan  WI ,1,1,465,0,0,0,0,0,0,0,0,0,1,1,465,0,0,0,0,0,0,0,0,0
201201,999,43620, ,Sioux Falls  SD ,20,20,3474,0,0,0,0,0,0,0,0,0,19,19,3335,0,0,0,0,0,0,0,0,0
201201,999,44060, ,Spokane  WA ,30,30,7019,0,0,0,0,0,0,0,0,0,29,29,6850,0,0,0,0,0,0,0,0,0
201201,999,44100, ,Springfield  IL ,1,1,178,0,0,0,0,0,0,0,0,0,0,0,0,0,0,0,0,0,0,0,0,0
201201,999,44140, ,Springfield  MA ,12,12,2414,4,8,674,0,0,0,0,0,0,11,11,2183,4,8,674,0,0,0,0,0,0
201201,999,44180, ,Springfield  MO ,30,30,6355,0,0,0,0,0,0,1,26,1081,25,25,5488,0,0,0,0,0,0,0,0,0
201201,999,44300, ,State College  PA ,7,7,1882,0,0,0,0,0,0,0,0,0,5,5,1597,0,0,0,0,0,0,0,0,0
201201,999,44600, ,Steubenville-Weirton  OH-WV ,0,0,0,0,0,0,0,0,0,0,0,0,0,0,0,0,0,0,0,0,0,0,0,0
201201,999,44700,C,Stockton  CA ,55,55,15034,0,0,0,0,0,0,0,0,0,54,54,14803,0,0,0,0,0,0,0,0,0
201201,999,44940,C,Sumter  SC ,23,23,2213,0,0,0,0,0,0,0,0,0,23,23,2213,0,0,0,0,0,0,0,0,0
201201,999,45220, ,Tallahassee  FL ,40,40,5355,0,0,0,0,0,0,0,0,0,15,15,1964,0,0,0,0,0,0,0,0,0
201201,999,45300,C,Tampa-St. Petersburg-Clearwater  FL ,400,400,108207,1,2,288,4,12,1451,6,108,11621,398,398,107793,1,2,288,4,12,1451,6,108,11621
201201,999,45460, ,Terre Haute  IN ,4,4,606,1,2,82,0,0,0,1,5,194,2,2,403,0,0,0,0,0,0,0,0,0
201201,999,45500, ,Texarkana  TX-Texarkana  AR ,16,16,1512,0,0,0,0,0,0,0,0,0,16,16,1512,0,0,0,0,0,0,0,0,0
201201,999,45820, ,Topeka  KS ,13,13,1956,0,0,0,0,0,0,0,0,0,12,12,1758,0,0,0,0,0,0,0,0,0
201201,999,46060,C,Tucson  AZ ,113,113,31045,0,0,0,0,0,0,0,0,0,69,69,21927,0,0,0,0,0,0,0,0,0
201201,999,46220, ,Tuscaloosa  AL ,33,33,7224,1,2,266,0,0,0,1,40,3321,14,14,3573,0,0,0,0,0,0,0,0,0
201201,999,46540, ,Utica-Rome  NY ,4,4,170,0,0,0,0,0,0,0,0,0,3,3,80,0,0,0,0,0,0,0,0,0
201201,999,46660, ,Valdosta  GA ,11,11,1160,0,0,0,0,0,0,0,0,0,11,11,1160,0,0,0,0,0,0,0,0,0
201201,999,47020, ,Victoria  TX ,4,4,578,0,0,0,0,0,0,0,0,0,4,4,578,0,0,0,0,0,0,0,0,0
201201,999,47260,C,Virginia Beach-Norfolk-Newport News  VA-NC ,222,222,36984,1,2,331,0,0,0,1,6,849,211,211,34258,1,2,331,0,0,0,1,6,849
201201,999,47300, ,Visalia-Porterville  CA ,23,23,4916,0,0,0,0,0,0,0,0,0,23,23,4916,0,0,0,0,0,0,0,0,0
201201,999,47380, ,Waco  TX ,21,21,4823,0,0,0,0,0,0,0,0,0,19,19,4106,0,0,0,0,0,0,0,0,0
201201,999,47940, ,Waterloo-Cedar Falls  IA ,5,5,809,0,0,0,0,0,0,5,60,3364,3,3,560,0,0,0,0,0,0,5,60,3364
201201,999,48300, ,Wenatchee-East Wenatchee  WA ,10,10,1535,0,0,0,0,0,0,0,0,0,10,10,1535,0,0,0,0,0,0,0,0,0
201201,999,48540, ,Wheeling  WV-OH ,0,0,0,0,0,0,0,0,0,0,0,0,0,0,0,0,0,0,0,0,0,0,0,0
201201,999,48660, ,Wichita Falls  TX ,10,10,1991,1,2,193,0,0,0,0,0,0,0,0,0,0,0,0,0,0,0,0,0,0
201201,999,48900,C,Wilmington  NC ,124,124,24836,1,2,341,0,0,0,13,286,34367,85,85,17908,0,0,0,0,0,0,13,286,34367
201201,999,49420, ,Yakima  WA ,7,7,1782,0,0,0,0,0,0,0,0,0,7,7,1782,0,0,0,0,0,0,0,0,0
201201,999,49740, ,Yuma  AZ ,32,32,4322,0,0,0,0,0,0,0,0,0,32,32,4322,0,0,0,0,0,0,0,0,0
