Survey,CSA,CBSA,MONCOV,CBSA,,1-unit,,,2-units,,,3-4 units,,,5+ units,,,1-unit rep,,,2-units rep,,,3-4 units rep,,,5+ units rep
Date,Code,Code,,Name,Bldgs,Units,Value,Bldgs,Units,Value,Bldgs,Units,Value,Bldgs,Units,Value,Bldgs,Units,Value,Bldgs,Units,Value,      Bldgs,Units,Value,Bldgs,Units,Value
 
201211,102,18700, ,Corvallis  OR ,3,3,720,1,2,307,2,8,527,4,25,2767,0,0,0,0,0,0,0,0,0,0,0,0
201211,104,10580, ,Albany-Schenectady-Troy  NY ,58,58,15338,1,2,343,1,3,281,6,36,1713,40,40,11320,1,2,343,0,0,0,1,8,812
201211,104,24020, ,Glens Falls  NY ,16,16,3432,0,0,0,0,0,0,0,0,0,9,9,1890,0,0,0,0,0,0,0,0,0
201211,112,11180, ,Ames  IA ,17,17,3786,0,0,0,0,0,0,7,204,9514,17,17,3786,0,0,0,0,0,0,7,204,9514
201211,118,11540, ,Appleton  WI ,29,29,5722,0,0,0,4,16,1385,5,46,2200,29,29,5722,0,0,0,4,16,1385,5,46,2200
201211,118,36780, ,Oshkosh-Neenah  WI ,10,10,1701,0,0,0,0,0,0,0,0,0,10,10,1701,0,0,0,0,0,0,0,0,0
201211,120,11700, ,Asheville  NC ,67,67,13838,0,0,0,0,0,0,0,0,0,66,66,13709,0,0,0,0,0,0,0,0,0
201211,122,12060,C,Atlanta-Sandy Springs-Marietta  GA ,699,699,139567,3,6,522,2,8,1354,1,48,4771,641,641,126146,3,6,522,2,8,1354,0,0,0
201211,122,23580, ,Gainesville  GA ,16,16,2058,0,0,0,0,0,0,0,0,0,16,16,2058,0,0,0,0,0,0,0,0,0
201211,126,12420,C,Austin-Round Rock-San Marcos  TX ,496,496,86047,0,0,0,2,8,217,24,936,42741,411,411,72455,0,0,0,2,8,217,10,786,32684
201211,132,12940, ,Baton Rouge  LA ,264,264,45866,0,0,0,0,0,0,1,10,815,137,137,26844,0,0,0,0,0,0,0,0,0
201211,140,13460,C,Bend  OR ,64,64,16061,0,0,0,0,0,0,0,0,0,64,64,16061,0,0,0,0,0,0,0,0,0
201211,142,13820,C,Birmingham-Hoover  AL ,123,123,27504,0,0,0,0,0,0,3,277,16071,97,97,21924,0,0,0,0,0,0,2,270,15721
201211,148,14460,C,Boston-Cambridge-Quincy  MA-NH ,375,375,104027,19,38,4683,8,27,3468,19,276,33186,303,303,85435,8,16,3279,6,21,2493,8,207,27101
201211,148,31700, ,Manchester-Nashua  NH ,27,27,5011,0,0,0,0,0,0,0,0,0,24,24,4527,0,0,0,0,0,0,0,0,0
201211,148,39300, ,Providence-New Bedford-Fall River  RI-MA ,80,80,13895,5,10,897,2,6,755,1,5,350,56,56,9560,2,4,390,0,0,0,1,5,350
201211,148,49340, ,Worcester  MA ,38,38,8228,1,2,100,1,3,360,3,84,4080,25,25,5234,1,2,100,1,3,360,3,84,4080
201211,154,15180, ,Brownsville-Harlingen  TX ,70,70,7839,4,8,213,0,0,0,0,0,0,59,59,6454,4,8,213,0,0,0,0,0,0
201211,160,15380, ,Buffalo-Niagara Falls  NY ,56,56,10917,0,0,0,0,0,0,5,58,6424,56,56,10917,0,0,0,0,0,0,5,58,6424
201211,164,16020, ,Cape Girardeau-Jackson  MO-IL ,21,21,3858,0,0,0,0,0,0,0,0,0,20,20,3838,0,0,0,0,0,0,0,0,0
201211,172,16740,C,Charlotte-Gastonia-Rock Hill  NC-SC ,534,534,106164,5,10,1390,0,0,0,12,423,41662,529,529,104901,5,10,1390,0,0,0,12,423,41662
201211,174,16860, ,Chattanooga  TN-GA ,84,84,14013,0,0,0,0,0,0,1,10,930,65,65,11333,0,0,0,0,0,0,0,0,0
201211,174,17420, ,Cleveland  TN ,23,23,2598,0,0,0,0,0,0,0,0,0,23,23,2598,0,0,0,0,0,0,0,0,0
201211,176,16980,C,Chicago-Joliet-Naperville  IL-IN-WI ,523,523,140055,5,10,1395,10,34,2449,21,660,55714,447,447,122624,4,8,1104,10,34,2449,16,617,52758
201211,176,28100, ,Kankakee-Bradley  IL ,0,0,0,0,0,0,0,0,0,0,0,0,0,0,0,0,0,0,0,0,0,0,0,0
201211,176,33140, ,Michigan City-La Porte  IN ,2,2,528,0,0,0,0,0,0,0,0,0,2,2,528,0,0,0,0,0,0,0,0,0
201211,178,17140,C,Cincinnati-Middletown  OH-KY-IN ,221,221,44297,3,6,764,1,4,1009,2,39,2594,171,171,33755,3,6,764,1,4,1009,1,6,750
201211,184,10420, ,Akron  OH ,41,41,7551,0,0,0,0,0,0,0,0,0,41,41,7551,0,0,0,0,0,0,0,0,0
201211,184,17460,C,Cleveland-Elyria-Mentor  OH ,166,166,33482,0,0,0,0,0,0,4,79,6011,130,130,26439,0,0,0,0,0,0,2,69,4950
201211,192,17900,C,Columbia  SC ,221,221,34611,0,0,0,0,0,0,9,106,8247,62,62,9395,0,0,0,0,0,0,6,46,3919
201211,194,12220,C,Auburn-Opelika  AL ,33,33,8720,0,0,0,0,0,0,0,0,0,33,33,8720,0,0,0,0,0,0,0,0,0
201211,194,17980, ,Columbus  GA-AL ,38,38,5653,0,0,0,1,3,136,1,17,1289,18,18,3536,0,0,0,0,0,0,0,0,0
201211,198,18140,C,Columbus  OH ,205,205,48577,11,22,3608,14,54,6297,10,569,45720,192,192,45860,11,22,3608,14,54,6297,10,569,45720
201211,204,18580, ,Corpus Christi  TX ,76,76,10799,0,0,0,1,3,307,3,32,1895,17,17,1227,0,0,0,0,0,0,0,0,0
201211,206,19100,C,Dallas-Fort Worth-Arlington  TX ,1532,1532,399233,9,18,2168,0,0,0,36,865,69022,1459,1459,373644,9,18,2168,0,0,0,36,865,69022
201211,206,43300, ,Sherman-Denison  TX ,0,0,0,0,0,0,0,0,0,0,0,0,0,0,0,0,0,0,0,0,0,0,0,0
201211,212,19380, ,Dayton  OH ,63,63,17529,0,0,0,0,0,0,5,132,15618,62,62,17343,0,0,0,0,0,0,5,132,15618
201211,212,44220, ,Springfield  OH ,2,2,286,0,0,0,0,0,0,0,0,0,2,2,286,0,0,0,0,0,0,0,0,0
201211,216,14500, ,Boulder  CO ,34,34,8900,0,0,0,0,0,0,0,0,0,34,34,8900,0,0,0,0,0,0,0,0,0
201211,216,19740,C,Denver-Aurora-Broomfield  CO ,501,501,126566,15,30,4877,0,0,0,25,899,87150,463,463,115094,15,30,4877,0,0,0,24,891,86405
201211,216,24540,C,Greeley  CO ,85,85,19941,0,0,0,0,0,0,1,6,625,73,73,16609,0,0,0,0,0,0,1,6,625
201211,218,19780,C,Des Moines-West Des Moines  IA ,234,234,53488,0,0,0,1,3,142,3,77,6397,211,211,47917,0,0,0,0,0,0,2,72,5788
201211,220,11460, ,Ann Arbor  MI ,16,16,3750,0,0,0,0,0,0,1,54,3363,10,10,1848,0,0,0,0,0,0,0,0,0
201211,220,19820,C,Detroit-Warren-Livonia  MI ,314,314,73664,1,2,188,3,11,1428,6,78,9441,284,284,66183,0,0,0,1,4,790,3,48,5908
201211,220,22420, ,Flint  MI ,3,3,1256,0,0,0,0,0,0,0,0,0,2,2,1000,0,0,0,0,0,0,0,0,0
201211,220,33780, ,Monroe  MI ,7,7,1305,0,0,0,0,0,0,0,0,0,1,1,250,0,0,0,0,0,0,0,0,0
201211,222,20020, ,Dothan  AL ,13,13,3809,0,0,0,0,0,0,0,0,0,13,13,3809,0,0,0,0,0,0,0,0,0
201211,232,20740, ,Eau Claire  WI ,17,17,3471,0,0,0,0,0,0,0,0,0,16,16,3377,0,0,0,0,0,0,0,0,0
201211,244,22020, ,Fargo  ND-MN ,67,67,14966,0,0,0,0,0,0,2,72,4270,67,67,14966,0,0,0,0,0,0,2,72,4270
201211,252,22540, ,Fond du Lac  WI ,2,2,581,1,2,140,0,0,0,1,16,800,1,1,350,1,2,140,0,0,0,0,0,0
201211,258,23060,C,Fort Wayne  IN ,58,58,11740,0,0,0,0,0,0,11,264,14850,58,58,11740,0,0,0,0,0,0,11,264,14850
201211,260,23420, ,Fresno  CA ,117,117,22135,0,0,0,1,4,367,2,17,2266,27,27,5504,0,0,0,0,0,0,0,0,0
201211,260,31460, ,Madera-Chowchilla  CA ,3,3,851,0,0,0,0,0,0,2,40,1779,3,3,851,0,0,0,0,0,0,2,40,1779
201211,266,24340,C,Grand Rapids-Wyoming  MI ,100,100,20078,0,0,0,0,0,0,1,69,13000,73,73,15400,0,0,0,0,0,0,1,69,13000
201211,266,26100, ,Holland-Grand Haven  MI ,41,41,9007,0,0,0,0,0,0,2,10,873,33,33,7435,0,0,0,0,0,0,0,0,0
201211,266,34740, ,Muskegon-Norton Shores  MI ,9,9,1677,1,2,190,0,0,0,0,0,0,4,4,738,1,2,190,0,0,0,0,0,0
201211,268,15500, ,Burlington  NC ,31,31,4963,0,0,0,0,0,0,0,0,0,31,31,4963,0,0,0,0,0,0,0,0,0
201211,268,24660,C,Greensboro-High Point  NC ,108,108,22934,0,0,0,0,0,0,0,0,0,108,108,22934,0,0,0,0,0,0,0,0,0
201211,268,49180, ,Winston-Salem  NC ,56,56,7154,0,0,0,2,6,306,0,0,0,56,56,7154,0,0,0,2,6,306,0,0,0
201211,273,11340, ,Anderson  SC ,27,27,5667,0,0,0,0,0,0,0,0,0,27,27,5667,0,0,0,0,0,0,0,0,0
201211,273,24860,C,Greenville-Maudlin-Easley  SC ,189,189,47684,0,0,0,0,0,0,1,5,515,185,185,46780,0,0,0,0,0,0,0,0,0
201211,273,43900, ,Spartanburg  SC ,55,55,6390,0,0,0,0,0,0,0,0,0,55,55,6390,0,0,0,0,0,0,0,0,0
201211,274,25060, ,Gulfport-Biloxi  MS ,47,47,6971,0,0,0,0,0,0,0,0,0,35,35,5545,0,0,0,0,0,0,0,0,0
201211,274,37700, ,Pascagoula  MS ,28,28,4360,0,0,0,0,0,0,0,0,0,1,1,120,0,0,0,0,0,0,0,0,0
201211,276,25420, ,Harrisburg-Carlisle  PA ,66,66,12851,1,2,297,0,0,0,1,5,350,46,46,8984,1,2,297,0,0,0,0,0,0
201211,276,30140, ,Lebanon  PA ,14,14,2600,0,0,0,0,0,0,0,0,0,13,13,2414,0,0,0,0,0,0,0,0,0
201211,278,25540, ,Hartford-West Hartford-East Hartford  CT ,62,62,12393,0,0,0,0,0,0,4,34,3538,51,51,10819,0,0,0,0,0,0,2,22,2165
201211,288,26420,C,Houston-Sugar Land-Baytown  TX ,2150,2150,430418,6,12,3539,2,8,190,67,1826,151972,1617,1617,324873,6,12,3539,2,8,190,63,1755,146670
201211,290,19460, ,Decatur  AL ,6,6,754,0,0,0,0,0,0,0,0,0,6,6,754,0,0,0,0,0,0,0,0,0
201211,290,26620, ,Huntsville  AL ,140,140,22299,0,0,0,0,0,0,0,0,0,104,104,10322,0,0,0,0,0,0,0,0,0
201211,292,26820, ,Idaho Falls  ID ,30,30,4000,0,0,0,0,0,0,0,0,0,30,30,4000,0,0,0,0,0,0,0,0,0
201211,294,11300, ,Anderson  IN ,4,4,1503,0,0,0,0,0,0,0,0,0,2,2,980,0,0,0,0,0,0,0,0,0
201211,294,18020, ,Columbus  IN ,9,9,2960,0,0,0,0,0,0,0,0,0,9,9,2960,0,0,0,0,0,0,0,0,0
201211,294,26900,C,Indianapolis-Carmel  IN ,311,311,82295,3,6,735,2,7,300,8,80,7866,307,307,81691,3,6,735,1,4,300,8,80,7866
201211,296,27060, ,Ithaca  NY ,6,6,1382,11,22,2629,0,0,0,1,5,557,5,5,980,11,22,2629,0,0,0,0,0,0
201211,297,27180, ,Jackson  TN ,21,21,4441,0,0,0,0,0,0,8,96,7150,21,21,4441,0,0,0,0,0,0,8,96,7150
201211,298,27140, ,Jackson  MS ,90,90,18924,0,0,0,0,0,0,1,21,2642,72,72,14916,0,0,0,0,0,0,0,0,0
201211,304,27740, ,Johnson City  TN ,23,23,2832,0,0,0,0,0,0,0,0,0,23,23,2832,0,0,0,0,0,0,0,0,0
201211,304,28700, ,Kingsport-Bristol-Bristol  TN-VA ,19,19,3198,0,0,0,0,0,0,0,0,0,8,8,1479,0,0,0,0,0,0,0,0,0
201211,308,27860, ,Jonesboro  AR ,16,16,2485,0,0,0,0,0,0,0,0,0,15,15,2410,0,0,0,0,0,0,0,0,0
201211,312,28140,C,Kansas City  MO-KS ,267,267,67356,3,6,902,5,19,1601,30,326,17031,213,213,53347,2,4,563,4,16,1135,30,326,17031
201211,314,28940, ,Knoxville  TN ,97,97,17919,1,2,280,0,0,0,0,0,0,84,84,16037,1,2,280,0,0,0,0,0,0
201211,314,34100, ,Morristown  TN ,12,12,3348,0,0,0,0,0,0,0,0,0,9,9,3057,0,0,0,0,0,0,0,0,0
201211,316,29020, ,Kokomo  IN ,3,3,962,0,0,0,0,0,0,8,68,6450,3,3,962,0,0,0,0,0,0,8,68,6450
201211,318,29180, ,Lafayette  LA ,104,104,17401,0,0,0,0,0,0,2,12,586,72,72,13174,0,0,0,0,0,0,0,0,0
201211,320,29140, ,Lafayette  IN ,68,68,11803,0,0,0,0,0,0,0,0,0,68,68,11803,0,0,0,0,0,0,0,0,0
201211,324,29340, ,Lake Charles  LA ,51,51,9061,5,10,667,0,0,0,1,61,4798,3,3,945,0,0,0,0,0,0,0,0,0
201211,330,29620, ,Lansing-East Lansing  MI ,20,20,4720,0,0,0,0,0,0,0,0,0,13,13,3153,0,0,0,0,0,0,0,0,0
201211,332,29820,C,Las Vegas-Paradise  NV ,470,470,65754,0,0,0,1,4,428,3,45,2610,470,470,65754,0,0,0,1,4,428,3,45,2610
201211,336,30460, ,Lexington-Fayette  KY ,86,86,12907,1,2,202,1,4,500,1,29,1613,37,37,6256,0,0,0,1,4,500,0,0,0
201211,338,30620, ,Lima  OH ,1,1,187,0,0,0,0,0,0,0,0,0,0,0,0,0,0,0,0,0,0,0,0,0
201211,340,30780, ,Little Rock-North Little Rock-Conway  AR ,121,121,25089,5,10,1570,0,0,0,0,0,0,119,119,24857,5,10,1570,0,0,0,0,0,0
201211,340,38220, ,Pine Bluff  AR ,1,1,105,0,0,0,0,0,0,0,0,0,1,1,105,0,0,0,0,0,0,0,0,0
201211,346,30980, ,Longview  TX ,17,17,3482,0,0,0,0,0,0,0,0,0,17,17,3482,0,0,0,0,0,0,0,0,0
201211,348,31100,C,Los Angeles-Long Beach-Santa Ana  CA ,411,411,126844,93,186,25684,6,20,3576,33,745,96401,355,355,106289,91,182,24565,3,11,1729,25,670,87214
201211,348,37100, ,Oxnard-Thousand Oaks-Ventura  CA ,14,14,5684,0,0,0,0,0,0,2,14,1521,0,0,0,0,0,0,0,0,0,0,0,0
201211,348,40140,C,Riverside-San Bernardino-Ontario  CA ,367,367,89952,0,0,0,6,18,3729,2,28,1878,309,309,77846,0,0,0,6,18,3729,1,16,1004
201211,350,21060, ,Elizabethtown  KY ,15,15,2298,0,0,0,0,0,0,0,0,0,15,15,2298,0,0,0,0,0,0,0,0,0
201211,350,31140,C,Louisville-Jefferson County  KY-IN ,169,169,34059,0,0,0,1,4,280,4,74,5637,148,148,30226,0,0,0,1,4,280,4,74,5637
201211,352,31180, ,Lubbock  TX ,41,41,10100,0,0,0,0,0,0,0,0,0,41,41,10100,0,0,0,0,0,0,0,0,0
201211,356,31420, ,Macon  GA ,7,7,1231,0,0,0,0,0,0,0,0,0,7,7,1231,0,0,0,0,0,0,0,0,0
201211,356,47580, ,Warner Robins  GA ,24,24,4730,0,0,0,0,0,0,0,0,0,24,24,4730,0,0,0,0,0,0,0,0,0
201211,358,31540,C,Madison  WI ,64,64,15387,2,4,640,1,4,440,5,154,16089,39,39,10331,2,4,640,1,4,440,1,51,6000
201211,360,31900, ,Mansfield  OH ,3,3,609,0,0,0,0,0,0,0,0,0,3,3,609,0,0,0,0,0,0,0,0,0
201211,372,33260,C,Midland  TX ,50,50,8940,0,0,0,0,0,0,9,200,11000,50,50,8940,0,0,0,0,0,0,9,200,11000
201211,372,36220,C,Odessa  TX ,42,42,7591,0,0,0,0,0,0,0,0,0,42,42,7591,0,0,0,0,0,0,0,0,0
201211,376,33340,C,Milwaukee-Waukesha-West Allis  WI ,91,91,28081,1,2,325,0,0,0,0,0,0,77,77,23009,0,0,0,0,0,0,0,0,0
201211,376,39540, ,Racine  WI ,9,9,2406,0,0,0,0,0,0,0,0,0,5,5,1147,0,0,0,0,0,0,0,0,0
201211,378,33460,C,Minneapolis-St. Paul-Bloomington  MN-WI ,481,481,136191,1,2,157,2,7,1130,8,575,77068,454,454,127989,1,2,157,2,7,1130,7,551,74750
201211,378,41060, ,St. Cloud  MN ,16,16,2958,0,0,0,0,0,0,1,20,1700,11,11,2086,0,0,0,0,0,0,0,0,0
201211,380,33660, ,Mobile  AL ,52,52,10457,0,0,0,0,0,0,1,12,136,52,52,10457,0,0,0,0,0,0,1,12,136
201211,384,33740, ,Monroe  LA ,26,26,4489,0,0,0,1,3,496,1,8,650,0,0,0,0,0,0,0,0,0,0,0,0
201211,388,33860, ,Montgomery  AL ,45,45,8037,0,0,0,0,0,0,1,9,220,41,41,7780,0,0,0,0,0,0,0,0,0
201211,396,34820, ,Myrtle Beach-North Myrtle Beach-Conway  SC ,170,170,30381,0,0,0,0,0,0,0,0,0,148,148,24970,0,0,0,0,0,0,0,0,0
201211,400,34980,C,Nashville-Davidson--Murfreesboro-Franklin  TN ,429,429,89021,0,0,0,0,0,0,14,211,36403,363,363,76622,0,0,0,0,0,0,13,206,36298
201211,406,35380,C,New Orleans-Metairie-Kenner  LA ,175,175,31201,12,24,1978,0,0,0,1,16,1789,92,92,17027,0,0,0,0,0,0,0,0,0
201211,408,14860, ,Bridgeport-Stamford-Norwalk  CT ,55,55,27667,0,0,0,0,0,0,1,9,344,48,48,20361,0,0,0,0,0,0,0,0,0
201211,408,28740, ,Kingston  NY ,3,3,646,0,0,0,0,0,0,0,0,0,2,2,427,0,0,0,0,0,0,0,0,0
201211,408,35300, ,New Haven-Milford  CT ,20,20,3361,1,2,120,0,0,0,1,8,492,16,16,2598,1,2,120,0,0,0,0,0,0
201211,408,35620,C,New York-Northern New Jersey-Long Island  NY-NJ-PA ,521,521,166479,44,88,10075,12,43,5433,67,1142,90998,314,314,109695,37,74,8522,10,36,4156,38,937,73662
201211,408,39100, ,Poughkeepsie-Newburgh-Middletown  NY ,24,24,5464,1,2,680,1,3,412,5,45,4497,13,13,3233,0,0,0,0,0,0,2,12,1000
201211,408,45940,C,Trenton-Ewing  NJ ,8,8,2452,0,0,0,1,3,186,0,0,0,3,3,1662,0,0,0,0,0,0,0,0,0
201211,416,36420,C,Oklahoma City  OK ,286,286,55766,4,8,805,0,0,0,14,237,10198,152,152,35440,3,6,640,0,0,0,13,224,9454
201211,420,36540,C,Omaha-Council Bluffs  NE-IA ,220,220,44666,0,0,0,0,0,0,3,159,11964,185,185,37233,0,0,0,0,0,0,3,159,11964
201211,422,19660,C,Deltona-Daytona Beach-Ormond Beach  FL ,50,50,14958,0,0,0,0,0,0,0,0,0,35,35,10605,0,0,0,0,0,0,0,0,0
201211,422,36740,C,Orlando-Kissimmee-Sanford  FL ,550,550,127513,3,6,933,0,0,0,22,734,81322,544,544,126270,3,6,933,0,0,0,22,734,81322
201211,422,37380,C,Palm Coast  FL ,21,21,6270,0,0,0,0,0,0,0,0,0,21,21,6270,0,0,0,0,0,0,0,0,0
201211,426,37900, ,Peoria  IL ,25,25,7358,0,0,0,0,0,0,1,5,250,8,8,3279,0,0,0,0,0,0,0,0,0
201211,428,37980,C,Philadelphia-Camden-Wilmington  PA-NJ-DE-MD ,394,394,70083,6,12,824,2,6,160,13,126,9396,260,260,50871,6,12,824,2,6,160,5,74,5786
201211,428,39740, ,Reading  PA ,3,3,434,0,0,0,0,0,0,0,0,0,1,1,109,0,0,0,0,0,0,0,0,0
201211,428,47220,C,Vineland-Millville-Bridgeton  NJ ,14,14,1335,0,0,0,0,0,0,0,0,0,2,2,130,0,0,0,0,0,0,0,0,0
201211,430,38300,C,Pittsburgh  PA ,218,218,52760,1,2,156,2,7,1155,5,27,3370,108,108,27997,0,0,0,1,3,600,2,12,1759
201211,438,30340, ,Lewiston-Auburn  ME ,3,3,245,0,0,0,0,0,0,0,0,0,3,3,245,0,0,0,0,0,0,0,0,0
201211,438,38860, ,Portland-South Portland-Biddeford  ME ,81,81,18811,1,2,180,2,8,1080,1,42,3065,44,44,11719,1,2,180,2,8,1080,1,42,3065
201211,442,38940,C,Port St. Lucie  FL ,45,45,17303,3,6,539,0,0,0,1,5,311,45,45,17303,3,6,539,0,0,0,0,0,0
201211,442,42680,C,Sebastian-Vero Beach  FL ,38,38,12459,0,0,0,0,0,0,0,0,0,32,32,10723,0,0,0,0,0,0,0,0,0
201211,450,20500,C,Durham-Chapel Hill  NC ,117,117,25638,0,0,0,0,0,0,4,80,5118,117,117,25638,0,0,0,0,0,0,4,80,5118
201211,450,39580,C,Raleigh-Cary  NC ,581,581,122634,0,0,0,0,0,0,27,1213,72131,554,554,117300,0,0,0,0,0,0,27,1213,72131
201211,456,39900,C,Reno-Sparks  NV ,65,65,16350,0,0,0,0,0,0,0,0,0,65,65,16350,0,0,0,0,0,0,0,0,0
201211,464,40380, ,Rochester  NY ,60,60,11952,4,8,1113,0,0,0,2,17,1577,37,37,7596,0,0,0,0,0,0,0,0,0
201211,466,40420, ,Rockford  IL ,5,5,707,0,0,0,0,0,0,0,0,0,3,3,426,0,0,0,0,0,0,0,0,0
201211,472,40900,C,Sacramento--Arden-Arcade--Roseville  CA ,298,298,73255,0,0,0,1,4,595,5,62,7924,296,296,72761,0,0,0,1,4,595,5,62,7924
201211,472,49700, ,Yuba City  CA ,6,6,1044,0,0,0,0,0,0,0,0,0,6,6,1044,0,0,0,0,0,0,0,0,0
201211,474,13020, ,Bay City  MI ,1,1,221,0,0,0,0,0,0,0,0,0,0,0,0,0,0,0,0,0,0,0,0,0
201211,474,40980, ,Saginaw-Saginaw Township North  MI ,11,11,1716,0,0,0,0,0,0,1,5,263,10,10,1447,0,0,0,0,0,0,1,5,263
201211,476,41180,C,St. Louis  MO-IL ,345,345,74123,3,6,968,2,6,857,11,145,13286,240,240,43932,2,4,682,0,0,0,8,96,8543
201211,480,41540, ,Salisbury  MD ,7,7,1242,0,0,0,0,0,0,0,0,0,6,6,1107,0,0,0,0,0,0,0,0,0
201211,482,36260, ,Ogden-Clearfield  UT ,132,132,30782,0,0,0,0,0,0,5,132,11246,127,127,29764,0,0,0,0,0,0,5,132,11246
201211,482,41620,C,Salt Lake City  UT ,254,254,58423,0,0,0,1,4,567,5,34,2564,211,211,48274,0,0,0,1,4,567,0,0,0
201211,488,34900, ,Napa  CA ,4,4,1113,3,6,1084,0,0,0,0,0,0,4,4,1113,3,6,1084,0,0,0,0,0,0
201211,488,41860,C,San Francisco-Oakland-Fremont  CA ,199,199,61476,1,2,800,3,12,2955,16,216,41524,153,153,45999,1,2,800,3,12,2955,10,156,33626
201211,488,41940,C,San Jose-Sunnyvale-Santa Clara  CA ,95,95,33854,0,0,0,3,10,3013,10,98,23303,84,84,27863,0,0,0,3,10,3013,8,71,18688
201211,488,42100, ,Santa Cruz-Watsonville  CA ,3,3,1168,0,0,0,0,0,0,0,0,0,3,3,1168,0,0,0,0,0,0,0,0,0
201211,488,42220, ,Santa Rosa-Petaluma  CA ,19,19,6267,0,0,0,0,0,0,3,50,690,19,19,6267,0,0,0,0,0,0,3,50,690
201211,488,46700, ,Vallejo-Fairfield  CA ,59,59,12678,0,0,0,0,0,0,0,0,0,59,59,12678,0,0,0,0,0,0,0,0,0
201211,492,42140,C,Santa Fe  NM ,10,10,1334,0,0,0,0,0,0,0,0,0,0,0,0,0,0,0,0,0,0,0,0,0
201211,494,35840,C,North Port-Bradenton-Sarasota  FL ,222,222,50460,0,0,0,0,0,0,0,0,0,220,220,49931,0,0,0,0,0,0,0,0,0
201211,494,39460,C,Punta Gorda  FL ,26,26,7794,0,0,0,0,0,0,0,0,0,26,26,7794,0,0,0,0,0,0,0,0,0
201211,496,25980, ,Hinesville-Fort Stewart  GA ,9,9,2370,0,0,0,0,0,0,0,0,0,9,9,2370,0,0,0,0,0,0,0,0,0
201211,496,42340, ,Savannah  GA ,79,79,12642,0,0,0,0,0,0,4,58,3780,49,49,8426,0,0,0,0,0,0,0,0,0
201211,500,14740, ,Bremerton-Silverdale  WA ,35,35,6719,0,0,0,0,0,0,1,10,833,35,35,6719,0,0,0,0,0,0,1,10,833
201211,500,34580, ,Mount Vernon-Anacortes  WA ,15,15,2628,0,0,0,0,0,0,0,0,0,5,5,786,0,0,0,0,0,0,0,0,0
201211,500,36500, ,Olympia  WA ,60,60,14102,0,0,0,0,0,0,0,0,0,60,60,14102,0,0,0,0,0,0,0,0,0
201211,500,42660,C,Seattle-Tacoma-Bellevue  WA ,552,552,146220,10,20,3009,5,18,3223,11,473,63445,534,534,140889,10,20,3009,5,18,3223,9,463,62472
201211,508,43340, ,Shreveport-Bossier City  LA ,84,84,16973,0,0,0,0,0,0,2,37,2253,47,47,12447,0,0,0,0,0,0,0,0,0
201211,512,43580, ,Sioux City  IA-NE-SD ,14,14,3959,2,4,500,0,0,0,0,0,0,6,6,1730,2,4,500,0,0,0,0,0,0
201211,515,21140, ,Elkhart-Goshen  IN ,23,23,3733,0,0,0,0,0,0,0,0,0,23,23,3733,0,0,0,0,0,0,0,0,0
201211,515,43780, ,South Bend-Mishawaka  IN-MI ,13,13,2308,0,0,0,0,0,0,8,90,10527,12,12,2179,0,0,0,0,0,0,8,90,10527
201211,532,45060, ,Syracuse  NY ,25,25,4795,0,0,0,0,0,0,0,0,0,25,25,4795,0,0,0,0,0,0,0,0,0
201211,534,45780, ,Toledo  OH ,45,45,9238,1,2,265,0,0,0,0,0,0,34,34,6887,1,2,265,0,0,0,0,0,0
201211,538,46140,C,Tulsa  OK ,187,187,35351,0,0,0,0,0,0,0,0,0,180,180,33712,0,0,0,0,0,0,0,0,0
201211,540,46340, ,Tyler  TX ,11,11,2265,0,0,0,0,0,0,2,10,462,0,0,0,0,0,0,0,0,0,0,0,0
201211,548,12580,C,Baltimore-Towson  MD ,311,311,61848,0,0,0,1,3,277,9,390,35259,26,26,5219,0,0,0,0,0,0,0,0,0
201211,548,47900,C,Washington-Arlington-Alexandria  DC-VA-MD-WV ,840,840,171462,8,16,1758,0,0,0,13,1572,161926,657,657,136457,3,6,693,0,0,0,8,936,83025
201211,548,49020, ,Winchester  VA-WV ,17,17,2714,0,0,0,0,0,0,0,0,0,17,17,2714,0,0,0,0,0,0,0,0,0
201211,554,48140, ,Wausau  WI ,20,20,4327,0,0,0,0,0,0,3,36,1800,10,10,2245,0,0,0,0,0,0,3,36,1800
201211,556,48620, ,Wichita  KS ,69,69,12991,3,6,521,0,0,0,1,12,931,24,24,6246,0,0,0,0,0,0,0,0,0
201211,558,48700, ,Williamsport  PA ,1,1,237,0,0,0,0,0,0,0,0,0,0,0,0,0,0,0,0,0,0,0,0,0
201211,564,49620, ,York-Hanover  PA ,19,19,3451,0,0,0,1,4,320,0,0,0,19,19,3451,0,0,0,1,4,320,0,0,0
201211,566,49660, ,Youngstown-Warren-Boardman  OH-PA ,19,19,4192,0,0,0,0,0,0,0,0,0,1,1,125,0,0,0,0,0,0,0,0,0
201211,999,10180, ,Abilene  TX ,16,16,2726,0,0,0,0,0,0,0,0,0,16,16,2726,0,0,0,0,0,0,0,0,0
201211,999,10500, ,Albany  GA ,14,14,1562,1,2,150,0,0,0,0,0,0,1,1,83,0,0,0,0,0,0,0,0,0
201211,999,10740,C,Albuquerque  NM ,146,146,26771,1,2,283,1,3,422,2,28,2180,5,5,1951,0,0,0,0,0,0,0,0,0
201211,999,10780, ,Alexandria  LA ,26,26,4321,1,2,208,0,0,0,1,10,656,1,1,176,0,0,0,0,0,0,0,0,0
201211,999,10900,C,Allentown-Bethlehem-Easton  PA-NJ ,90,90,15157,0,0,0,1,3,510,1,5,576,55,55,10117,0,0,0,1,3,510,0,0,0
201211,999,11020, ,Altoona  PA ,3,3,582,0,0,0,0,0,0,0,0,0,3,3,582,0,0,0,0,0,0,0,0,0
201211,999,11100, ,Amarillo  TX ,47,47,10337,0,0,0,0,0,0,0,0,0,47,47,10337,0,0,0,0,0,0,0,0,0
201211,999,11260,C,Anchorage  AK ,36,36,10033,1,2,263,0,0,0,1,6,635,30,30,8771,0,0,0,0,0,0,1,6,635
201211,999,11500, ,Anniston-Oxford  AL ,3,3,639,0,0,0,0,0,0,0,0,0,3,3,639,0,0,0,0,0,0,0,0,0
201211,999,12020, ,Athens-Clarke County  GA ,19,19,4500,0,0,0,0,0,0,0,0,0,19,19,4500,0,0,0,0,0,0,0,0,0
201211,999,12100,C,Atlantic City-Hammonton  NJ ,28,28,4914,1,2,105,0,0,0,1,5,1098,15,15,2987,0,0,0,0,0,0,0,0,0
201211,999,12260, ,Augusta-Richmond County  GA-SC ,168,168,29787,0,0,0,0,0,0,0,0,0,32,32,8822,0,0,0,0,0,0,0,0,0
201211,999,12540, ,Bakersfield-Delano  CA ,67,67,13103,1,2,145,0,0,0,2,17,1157,0,0,0,0,0,0,0,0,0,0,0,0
201211,999,12620, ,Bangor  ME ,9,9,1642,1,2,209,0,0,0,0,0,0,6,6,1087,0,0,0,0,0,0,0,0,0
201211,999,12700, ,Barnstable Town  MA ,31,31,15986,0,0,0,1,4,700,0,0,0,26,26,14606,0,0,0,1,4,700,0,0,0
201211,999,12980, ,Battle Creek  MI ,1,1,166,0,0,0,0,0,0,0,0,0,0,0,0,0,0,0,0,0,0,0,0,0
201211,999,13140, ,Beaumont-Port Arthur  TX ,10,10,2183,0,0,0,0,0,0,0,0,0,10,10,2183,0,0,0,0,0,0,0,0,0
201211,999,13380, ,Bellingham  WA ,16,16,3067,0,0,0,0,0,0,0,0,0,16,16,3067,0,0,0,0,0,0,0,0,0
201211,999,13740, ,Billings  MT ,36,36,7643,0,0,0,0,0,0,0,0,0,36,36,7643,0,0,0,0,0,0,0,0,0
201211,999,13780, ,Binghamton  NY ,0,0,0,0,0,0,0,0,0,0,0,0,0,0,0,0,0,0,0,0,0,0,0,0
201211,999,13900, ,Bismarck  ND ,59,59,10571,1,2,286,4,15,1812,1,7,542,4,4,1345,0,0,0,3,12,1449,0,0,0
201211,999,14020, ,Bloomington  IN ,9,9,1553,0,0,0,0,0,0,1,25,2162,9,9,1553,0,0,0,0,0,0,1,25,2162
201211,999,14060, ,Bloomington-Normal  IL ,20,20,3698,0,0,0,0,0,0,2,32,1370,20,20,3698,0,0,0,0,0,0,2,32,1370
201211,999,14260,C,Boise City-Nampa  ID ,227,227,52903,1,2,114,0,0,0,2,32,2740,223,223,52388,1,2,114,0,0,0,2,32,2740
201211,999,14540, ,Bowling Green  KY ,25,25,4945,0,0,0,0,0,0,0,0,0,25,25,4945,0,0,0,0,0,0,0,0,0
201211,999,15260, ,Brunswick  GA ,31,31,7858,0,0,0,0,0,0,0,0,0,2,2,400,0,0,0,0,0,0,0,0,0
201211,999,15540, ,Burlington-South Burlington  VT ,19,19,4982,0,0,0,0,0,0,1,36,4500,14,14,3619,0,0,0,0,0,0,1,36,4500
201211,999,15940, ,Canton-Massillon  OH ,19,19,4723,7,14,1916,0,0,0,0,0,0,17,17,4510,7,14,1916,0,0,0,0,0,0
201211,999,15980,C,Cape Coral-Fort Myers  FL ,103,103,21638,3,6,505,6,21,4668,1,6,2400,103,103,21638,3,6,505,6,21,4668,1,6,2400
201211,999,16180,C,Carson City  NV ,2,2,520,0,0,0,0,0,0,0,0,0,2,2,520,0,0,0,0,0,0,0,0,0
201211,999,16220, ,Casper  WY ,19,19,3070,0,0,0,0,0,0,0,0,0,19,19,3070,0,0,0,0,0,0,0,0,0
201211,999,16300, ,Cedar Rapids  IA ,54,54,5803,5,10,835,6,20,1517,1,5,167,27,27,3248,3,6,545,5,17,1330,0,0,0
201211,999,16580, ,Champaign-Urbana  IL ,4,4,1087,0,0,0,0,0,0,0,0,0,4,4,1087,0,0,0,0,0,0,0,0,0
201211,999,16620, ,Charleston  WV ,13,13,2202,0,0,0,0,0,0,0,0,0,2,2,300,0,0,0,0,0,0,0,0,0
201211,999,16700,C,Charleston-North Charleston-Summerville  SC ,253,253,58732,4,8,292,3,12,1284,7,94,7631,135,135,28956,4,8,292,3,12,1284,4,44,5113
201211,999,16820, ,Charlottesville  VA ,37,37,9717,0,0,0,0,0,0,0,0,0,37,37,9717,0,0,0,0,0,0,0,0,0
201211,999,16940, ,Cheyenne  WY ,30,30,1631,0,0,0,0,0,0,0,0,0,30,30,1631,0,0,0,0,0,0,0,0,0
201211,999,17020, ,Chico  CA ,14,14,3017,0,0,0,0,0,0,0,0,0,14,14,3017,0,0,0,0,0,0,0,0,0
201211,999,17300, ,Clarksville  TN-KY ,68,68,8847,0,0,0,3,12,560,3,19,835,68,68,8847,0,0,0,3,12,560,3,19,835
201211,999,17660, ,Coeur dAlene  ID ,54,54,11706,0,0,0,0,0,0,2,17,1319,41,41,9626,0,0,0,0,0,0,0,0,0
201211,999,17780, ,College Station-Bryan  TX ,31,31,4993,0,0,0,1,3,263,2,44,2226,18,18,2559,0,0,0,0,0,0,1,9,650
201211,999,17820,C,Colorado Springs  CO ,191,191,68105,0,0,0,0,0,0,0,0,0,191,191,68105,0,0,0,0,0,0,0,0,0
201211,999,17860, ,Columbia  MO ,50,50,9551,0,0,0,0,0,0,0,0,0,50,50,9551,0,0,0,0,0,0,0,0,0
201211,999,18880, ,Crestview-Fort Walton Beach-Destin  FL ,22,22,6349,0,0,0,0,0,0,0,0,0,22,22,6349,0,0,0,0,0,0,0,0,0
201211,999,19060, ,Cumberland  MD-WV ,2,2,255,0,0,0,0,0,0,0,0,0,2,2,255,0,0,0,0,0,0,0,0,0
201211,999,19140,C,Dalton  GA ,5,5,644,0,0,0,0,0,0,0,0,0,1,1,182,0,0,0,0,0,0,0,0,0
201211,999,19180, ,Danville  IL ,0,0,0,0,0,0,0,0,0,0,0,0,0,0,0,0,0,0,0,0,0,0,0,0
201211,999,19260, ,Danville  VA ,12,12,1755,0,0,0,0,0,0,0,0,0,0,0,0,0,0,0,0,0,0,0,0,0
201211,999,19340, ,Davenport-Moline-Rock Island  IA-IL ,44,44,10887,0,0,0,0,0,0,1,5,361,28,28,7629,0,0,0,0,0,0,0,0,0
201211,999,19500, ,Decatur  IL ,0,0,0,0,0,0,0,0,0,0,0,0,0,0,0,0,0,0,0,0,0,0,0,0
201211,999,20100,C,Dover  DE ,47,47,6604,0,0,0,0,0,0,3,26,1761,1,1,144,0,0,0,0,0,0,2,16,818
201211,999,20220, ,Dubuque  IA ,24,24,4408,0,0,0,0,0,0,0,0,0,24,24,4408,0,0,0,0,0,0,0,0,0
201211,999,20260, ,Duluth  MN-WI ,20,20,3227,1,2,219,0,0,0,2,12,1377,8,8,1131,0,0,0,0,0,0,0,0,0
201211,999,20940, ,El Centro  CA ,23,23,3795,0,0,0,0,0,0,0,0,0,23,23,3795,0,0,0,0,0,0,0,0,0
201211,999,21300, ,Elmira  NY ,1,1,186,0,0,0,0,0,0,0,0,0,0,0,0,0,0,0,0,0,0,0,0,0
201211,999,21340, ,El Paso  TX ,165,165,25720,2,4,333,0,0,0,0,0,0,165,165,25720,2,4,333,0,0,0,0,0,0
201211,999,21500, ,Erie  PA ,13,13,2716,0,0,0,0,0,0,0,0,0,13,13,2716,0,0,0,0,0,0,0,0,0
201211,999,21660, ,Eugene-Springfield  OR ,43,43,9098,0,0,0,0,0,0,1,7,832,31,31,6100,0,0,0,0,0,0,1,7,832
201211,999,21780, ,Evansville  IN-KY ,26,26,5463,0,0,0,1,4,400,0,0,0,26,26,5463,0,0,0,1,4,400,0,0,0
201211,999,21820,C,Fairbanks  AK ,4,4,735,0,0,0,0,0,0,0,0,0,0,0,0,0,0,0,0,0,0,0,0,0
201211,999,22140,C,Farmington  NM ,11,11,2095,0,0,0,0,0,0,0,0,0,11,11,2095,0,0,0,0,0,0,0,0,0
201211,999,22180, ,Fayetteville  NC ,77,77,11456,10,20,1842,1,4,225,9,192,10800,77,77,11456,10,20,1842,1,4,225,9,192,10800
201211,999,22220, ,Fayetteville-Springdale-Rogers  AR-MO ,107,107,23499,0,0,0,0,0,0,0,0,0,80,80,17915,0,0,0,0,0,0,0,0,0
201211,999,22380, ,Flagstaff  AZ ,7,7,1359,0,0,0,0,0,0,0,0,0,7,7,1359,0,0,0,0,0,0,0,0,0
201211,999,22500, ,Florence  SC ,29,29,3846,2,4,204,0,0,0,0,0,0,5,5,853,0,0,0,0,0,0,0,0,0
201211,999,22520, ,Florence-Muscle Shoals  AL ,8,8,1064,0,0,0,0,0,0,0,0,0,1,1,218,0,0,0,0,0,0,0,0,0
201211,999,22660,C,Fort Collins-Loveland  CO ,95,95,23363,0,0,0,0,0,0,3,20,2733,95,95,23363,0,0,0,0,0,0,3,20,2733
201211,999,22900, ,Fort Smith  AR-OK ,102,102,13560,0,0,0,0,0,0,0,0,0,98,98,13199,0,0,0,0,0,0,0,0,0
201211,999,23460, ,Gadsden  AL ,4,4,543,0,0,0,0,0,0,0,0,0,4,4,543,0,0,0,0,0,0,0,0,0
201211,999,23540, ,Gainesville  FL ,37,37,4542,0,0,0,0,0,0,2,19,1164,30,30,3794,0,0,0,0,0,0,0,0,0
201211,999,24140, ,Goldsboro  NC ,14,14,1961,0,0,0,0,0,0,0,0,0,0,0,0,0,0,0,0,0,0,0,0,0
201211,999,24220, ,Grand Forks  ND-MN ,8,8,2136,0,0,0,0,0,0,0,0,0,8,8,2136,0,0,0,0,0,0,0,0,0
201211,999,24300,C,Grand Junction  CO ,28,28,6872,0,0,0,0,0,0,0,0,0,28,28,6872,0,0,0,0,0,0,0,0,0
201211,999,24500, ,Great Falls  MT ,3,3,1001,0,0,0,0,0,0,0,0,0,3,3,1001,0,0,0,0,0,0,0,0,0
201211,999,24580, ,Green Bay  WI ,38,38,7408,0,0,0,1,3,300,3,20,941,13,13,3683,0,0,0,0,0,0,0,0,0
201211,999,24780, ,Greenville  NC ,20,20,3468,0,0,0,0,0,0,0,0,0,9,9,1357,0,0,0,0,0,0,0,0,0
201211,999,25180, ,Hagerstown-Martinsburg  MD-WV ,63,63,11688,0,0,0,0,0,0,0,0,0,63,63,11688,0,0,0,0,0,0,0,0,0
201211,999,25260, ,Hanford-Corcoran  CA ,10,10,1391,0,0,0,0,0,0,0,0,0,5,5,690,0,0,0,0,0,0,0,0,0
201211,999,25500,C,Harrisonburg  VA ,25,25,3405,0,0,0,0,0,0,0,0,0,25,25,3405,0,0,0,0,0,0,0,0,0
201211,999,25620, ,Hattiesburg  MS ,2,2,341,1,2,18,0,0,0,0,0,0,0,0,0,0,0,0,0,0,0,0,0,0
201211,999,25860, ,Hickory-Lenoir-Morganton  NC ,26,26,7364,0,0,0,0,0,0,0,0,0,14,14,3955,0,0,0,0,0,0,0,0,0
201211,999,26180,C,Honolulu  HI ,91,91,27963,0,0,0,1,3,350,0,0,0,91,91,27963,0,0,0,1,3,350,0,0,0
201211,999,26300, ,Hot Springs  AR ,2,2,418,0,0,0,0,0,0,0,0,0,2,2,418,0,0,0,0,0,0,0,0,0
201211,999,26380, ,Houma-Bayou Cane-Thibodaux  LA ,29,29,6738,0,0,0,0,0,0,0,0,0,29,29,6738,0,0,0,0,0,0,0,0,0
201211,999,26580, ,Huntington-Ashland  WV-KY-OH ,2,2,173,0,0,0,0,0,0,0,0,0,0,0,0,0,0,0,0,0,0,0,0,0
201211,999,26980, ,Iowa City  IA ,73,73,15049,1,2,308,0,0,0,1,9,638,70,70,14413,1,2,308,0,0,0,0,0,0
201211,999,27100, ,Jackson  MI ,4,4,763,0,0,0,0,0,0,0,0,0,2,2,545,0,0,0,0,0,0,0,0,0
201211,999,27260,C,Jacksonville  FL ,425,425,95884,0,0,0,0,0,0,20,257,18589,425,425,95884,0,0,0,0,0,0,20,257,18589
201211,999,27340, ,Jacksonville  NC ,92,92,13461,0,0,0,7,28,1193,6,36,368,92,92,13461,0,0,0,7,28,1193,6,36,368
201211,999,27500, ,Janesville  WI ,6,6,1113,1,2,355,0,0,0,0,0,0,6,6,1113,1,2,355,0,0,0,0,0,0
201211,999,27620, ,Jefferson City  MO ,15,15,3013,0,0,0,0,0,0,0,0,0,7,7,1351,0,0,0,0,0,0,0,0,0
201211,999,27780, ,Johnstown  PA ,0,0,0,0,0,0,0,0,0,0,0,0,0,0,0,0,0,0,0,0,0,0,0,0
201211,999,27900, ,Joplin  MO ,7,7,1046,1,2,137,0,0,0,1,7,478,1,1,135,0,0,0,0,0,0,0,0,0
201211,999,28020, ,Kalamazoo-Portage  MI ,32,32,6093,1,2,415,0,0,0,0,0,0,23,23,4578,1,2,415,0,0,0,0,0,0
201211,999,28420, ,Kennewick-Pasco-Richland  WA ,124,124,28958,1,2,295,0,0,0,2,36,3283,6,6,145,0,0,0,0,0,0,0,0,0
201211,999,28660, ,Killeen-Temple-Fort Hood  TX ,133,133,19062,4,8,410,0,0,0,1,25,1319,84,84,10309,3,6,323,0,0,0,0,0,0
201211,999,29100, ,La Crosse  WI-MN ,15,15,2457,1,2,130,0,0,0,0,0,0,7,7,1049,1,2,130,0,0,0,0,0,0
201211,999,29420, ,Lake Havasu City-Kingman  AZ ,37,37,7609,5,10,355,0,0,0,0,0,0,37,37,7609,5,10,355,0,0,0,0,0,0
201211,999,29460,C,Lakeland-Winter Haven  FL ,120,120,32358,1,2,380,0,0,0,0,0,0,118,118,32161,1,2,380,0,0,0,0,0,0
201211,999,29540, ,Lancaster  PA ,36,36,6155,0,0,0,1,3,85,0,0,0,25,25,5008,0,0,0,1,3,85,0,0,0
201211,999,29700,C,Laredo  TX ,61,61,8949,1,2,189,0,0,0,1,40,2812,0,0,0,0,0,0,0,0,0,0,0,0
201211,999,29740,C,Las Cruces  NM ,60,60,11669,0,0,0,0,0,0,0,0,0,53,53,10278,0,0,0,0,0,0,0,0,0
201211,999,29940, ,Lawrence  KS ,18,18,4985,0,0,0,0,0,0,0,0,0,18,18,4985,0,0,0,0,0,0,0,0,0
201211,999,30020, ,Lawton  OK ,3,3,460,0,0,0,0,0,0,0,0,0,3,3,460,0,0,0,0,0,0,0,0,0
201211,999,30300, ,Lewiston  ID-WA ,3,3,655,0,0,0,0,0,0,0,0,0,0,0,0,0,0,0,0,0,0,0,0,0
201211,999,30700, ,Lincoln  NE ,86,86,18371,0,0,0,0,0,0,3,90,3764,86,86,18371,0,0,0,0,0,0,3,90,3764
201211,999,30860, ,Logan  UT-ID ,22,22,3894,0,0,0,2,7,797,1,6,543,10,10,1861,0,0,0,1,4,547,0,0,0
201211,999,31020, ,Longview  WA ,10,10,1966,0,0,0,0,0,0,0,0,0,10,10,1966,0,0,0,0,0,0,0,0,0
201211,999,31340, ,Lynchburg  VA ,42,42,10451,1,2,100,0,0,0,0,0,0,42,42,10451,1,2,100,0,0,0,0,0,0
201211,999,31740, ,Manhattan  KS ,19,19,4699,0,0,0,0,0,0,3,41,4057,19,19,4699,0,0,0,0,0,0,3,41,4057
201211,999,31860, ,Mankato-North Mankato  MN ,14,14,2766,0,0,0,0,0,0,1,12,1528,2,2,862,0,0,0,0,0,0,0,0,0
201211,999,32580,C,McAllen-Edinburg-Mission  TX ,177,177,30930,3,6,414,1,4,450,0,0,0,165,165,29933,3,6,414,1,4,450,0,0,0
201211,999,32780, ,Medford  OR ,29,29,5552,0,0,0,2,8,811,5,36,3271,19,19,3737,0,0,0,2,8,811,4,26,2187
201211,999,32820,C,Memphis  TN-MS-AR ,174,174,31109,1,2,109,21,63,3262,1,8,349,137,137,25099,1,2,109,21,63,3262,1,8,349
201211,999,32900, ,Merced  CA ,10,10,2736,0,0,0,0,0,0,0,0,0,0,0,0,0,0,0,0,0,0,0,0,0
201211,999,33100,C,Miami-Fort Lauderdale-Pompano Beach  FL ,424,424,107266,1,2,174,5,16,4528,8,173,16265,382,382,91972,1,2,174,5,16,4528,6,162,15124
201211,999,33540,C,Missoula  MT ,11,11,1718,1,2,64,3,12,262,2,21,661,6,6,591,1,2,64,3,12,262,2,21,661
201211,999,33700, ,Modesto  CA ,17,17,3223,0,0,0,0,0,0,0,0,0,16,16,2982,0,0,0,0,0,0,0,0,0
201211,999,34060, ,Morgantown  WV ,0,0,0,0,0,0,0,0,0,0,0,0,0,0,0,0,0,0,0,0,0,0,0,0
201211,999,34620, ,Muncie  IN ,5,5,583,1,2,127,0,0,0,0,0,0,1,1,150,0,0,0,0,0,0,0,0,0
201211,999,34940,C,Naples-Marco Island  FL ,100,100,74448,0,0,0,4,16,2035,3,24,4585,100,100,74448,0,0,0,4,16,2035,3,24,4585
201211,999,35660, ,Niles-Benton Harbor  MI ,6,6,1385,0,0,0,0,0,0,0,0,0,5,5,1221,0,0,0,0,0,0,0,0,0
201211,999,35980, ,Norwich-New London  CT ,18,18,3714,0,0,0,0,0,0,0,0,0,13,13,2741,0,0,0,0,0,0,0,0,0
201211,999,36100,C,Ocala  FL ,28,28,627,0,0,0,1,4,170,0,0,0,28,28,627,0,0,0,1,4,170,0,0,0
201211,999,36140,C,Ocean City  NJ ,30,30,10136,7,14,2279,1,4,272,2,19,2203,28,28,9421,7,14,2279,1,4,272,2,19,2203
201211,999,36980, ,Owensboro  KY ,12,12,1249,0,0,0,1,4,239,0,0,0,12,12,1249,0,0,0,1,4,239,0,0,0
201211,999,37340,C,Palm Bay-Melbourne-Titusville  FL ,88,88,27171,0,0,0,0,0,0,0,0,0,76,76,24279,0,0,0,0,0,0,0,0,0
201211,999,37460, ,Panama City-Lynn Haven-Panama City Beach  FL ,55,55,6568,0,0,0,0,0,0,0,0,0,55,55,6568,0,0,0,0,0,0,0,0,0
201211,999,37620, ,Parkersburg-Marietta-Vienna  WV-OH ,4,4,431,0,0,0,0,0,0,0,0,0,4,4,431,0,0,0,0,0,0,0,0,0
201211,999,37860,C,Pensacola-Ferry Pass-Brent  FL ,102,102,19235,0,0,0,0,0,0,2,14,119,102,102,19235,0,0,0,0,0,0,2,14,119
201211,999,38060,C,Phoenix-Mesa-Glendale  AZ ,840,840,206474,18,36,3323,0,0,0,15,145,14652,784,784,199096,18,36,3323,0,0,0,15,145,14652
201211,999,38340, ,Pittsfield  MA ,1,1,240,0,0,0,0,0,0,0,0,0,1,1,240,0,0,0,0,0,0,0,0,0
201211,999,38540, ,Pocatello  ID ,5,5,836,0,0,0,0,0,0,0,0,0,3,3,645,0,0,0,0,0,0,0,0,0
201211,999,38900,C,Portland-Vancouver-Hillsboro  OR-WA ,261,261,66882,3,6,763,3,12,995,13,209,19651,188,188,50069,0,0,0,2,8,717,10,119,10451
201211,999,39140, ,Prescott  AZ ,38,38,8820,0,0,0,0,0,0,0,0,0,28,28,6175,0,0,0,0,0,0,0,0,0
201211,999,39340, ,Provo-Orem  UT ,146,146,35877,3,6,906,0,0,0,19,344,28209,146,146,35877,3,6,906,0,0,0,19,344,28209
201211,999,39380,C,Pueblo  CO ,13,13,2070,0,0,0,0,0,0,0,0,0,13,13,2070,0,0,0,0,0,0,0,0,0
201211,999,39660, ,Rapid City  SD ,37,37,6713,0,0,0,0,0,0,0,0,0,37,37,6713,0,0,0,0,0,0,0,0,0
201211,999,39820, ,Redding  CA ,19,19,3174,0,0,0,0,0,0,0,0,0,19,19,3174,0,0,0,0,0,0,0,0,0
201211,999,40060,C,Richmond  VA ,232,232,41655,23,46,3546,1,4,480,10,334,18599,224,224,40339,23,46,3546,1,4,480,10,334,18599
201211,999,40220, ,Roanoke  VA ,49,49,10932,1,2,80,0,0,0,0,0,0,49,49,10932,1,2,80,0,0,0,0,0,0
201211,999,40340, ,Rochester  MN ,34,34,8294,0,0,0,0,0,0,0,0,0,32,32,7799,0,0,0,0,0,0,0,0,0
201211,999,40580, ,Rocky Mount  NC ,13,13,2203,1,2,220,0,0,0,0,0,0,13,13,2203,1,2,220,0,0,0,0,0,0
201211,999,40660, ,Rome  GA ,3,3,427,0,0,0,0,0,0,1,12,779,0,0,0,0,0,0,0,0,0,0,0,0
201211,999,41100, ,St. George  UT ,101,101,17387,0,0,0,0,0,0,1,56,5000,101,101,17387,0,0,0,0,0,0,1,56,5000
201211,999,41140, ,St. Joseph  MO-KS ,5,5,1100,0,0,0,0,0,0,0,0,0,5,5,1100,0,0,0,0,0,0,0,0,0
201211,999,41420, ,Salem  OR ,27,27,5992,0,0,0,0,0,0,0,0,0,25,25,5554,0,0,0,0,0,0,0,0,0
201211,999,41500, ,Salinas  CA ,23,23,4975,0,0,0,0,0,0,0,0,0,23,23,4975,0,0,0,0,0,0,0,0,0
201211,999,41660,C,San Angelo  TX ,20,20,3073,0,0,0,0,0,0,0,0,0,20,20,3073,0,0,0,0,0,0,0,0,0
201211,999,41700,C,San Antonio-New Braunfels  TX ,376,376,74322,0,0,0,0,0,0,2,10,1306,289,289,64446,0,0,0,0,0,0,0,0,0
201211,999,41740,C,San Diego-Carlsbad-San Marcos  CA ,153,153,51888,3,6,913,1,4,627,7,117,28190,142,142,48800,3,6,913,1,4,627,6,110,27562
201211,999,41780, ,Sandusky  OH ,1,1,327,0,0,0,0,0,0,0,0,0,0,0,0,0,0,0,0,0,0,0,0,0
201211,999,42020, ,San Luis Obispo-Paso Robles  CA ,19,19,7726,1,2,32,0,0,0,0,0,0,19,19,7726,1,2,32,0,0,0,0,0,0
201211,999,42060, ,Santa Barbara-Santa Maria-Goleta  CA ,15,15,4321,0,0,0,0,0,0,0,0,0,15,15,4321,0,0,0,0,0,0,0,0,0
201211,999,42540, ,Scranton--Wilkes-Barre  PA ,9,9,2397,0,0,0,0,0,0,0,0,0,8,8,2256,0,0,0,0,0,0,0,0,0
201211,999,43100, ,Sheboygan  WI ,3,3,978,0,0,0,0,0,0,0,0,0,1,1,400,0,0,0,0,0,0,0,0,0
201211,999,43620, ,Sioux Falls  SD ,88,88,16411,0,0,0,0,0,0,3,46,2656,88,88,16411,0,0,0,0,0,0,3,46,2656
201211,999,44060, ,Spokane  WA ,62,62,21911,1,2,730,0,0,0,6,84,9412,61,61,21743,1,2,730,0,0,0,6,84,9412
201211,999,44100, ,Springfield  IL ,9,9,2480,1,2,450,0,0,0,0,0,0,9,9,2480,1,2,450,0,0,0,0,0,0
201211,999,44140, ,Springfield  MA ,20,20,4551,2,4,320,0,0,0,0,0,0,18,18,4052,2,4,320,0,0,0,0,0,0
201211,999,44180, ,Springfield  MO ,58,58,9246,0,0,0,0,0,0,5,95,3791,38,38,6341,0,0,0,0,0,0,0,0,0
201211,999,44300, ,State College  PA ,67,67,8070,0,0,0,3,12,1040,0,0,0,66,66,7897,0,0,0,3,12,1040,0,0,0
201211,999,44600, ,Steubenville-Weirton  OH-WV ,0,0,0,0,0,0,0,0,0,0,0,0,0,0,0,0,0,0,0,0,0,0,0,0
201211,999,44700,C,Stockton  CA ,130,130,29295,0,0,0,0,0,0,0,0,0,130,130,29295,0,0,0,0,0,0,0,0,0
201211,999,44940,C,Sumter  SC ,13,13,1676,0,0,0,0,0,0,0,0,0,13,13,1676,0,0,0,0,0,0,0,0,0
201211,999,45220, ,Tallahassee  FL ,47,47,8468,5,10,716,1,3,398,1,34,2368,18,18,3854,0,0,0,0,0,0,0,0,0
201211,999,45300,C,Tampa-St. Petersburg-Clearwater  FL ,525,525,148353,3,6,852,2,6,111,13,601,54263,524,524,148130,3,6,852,2,6,111,13,601,54263
201211,999,45460, ,Terre Haute  IN ,11,11,2020,0,0,0,0,0,0,3,37,1826,8,8,1705,0,0,0,0,0,0,0,0,0
201211,999,45500, ,Texarkana  TX-Texarkana  AR ,11,11,1442,1,2,240,0,0,0,0,0,0,10,10,1355,1,2,240,0,0,0,0,0,0
201211,999,45820, ,Topeka  KS ,18,18,3574,2,4,320,0,0,0,0,0,0,15,15,2991,2,4,320,0,0,0,0,0,0
201211,999,46060,C,Tucson  AZ ,179,179,67567,2,4,178,1,3,299,7,87,10218,70,70,41258,0,0,0,0,0,0,0,0,0
201211,999,46220, ,Tuscaloosa  AL ,29,29,5969,1,2,266,0,0,0,2,47,3748,8,8,1993,0,0,0,0,0,0,0,0,0
201211,999,46540, ,Utica-Rome  NY ,2,2,328,0,0,0,0,0,0,0,0,0,0,0,0,0,0,0,0,0,0,0,0,0
201211,999,46660, ,Valdosta  GA ,22,22,2638,0,0,0,0,0,0,0,0,0,22,22,2638,0,0,0,0,0,0,0,0,0
201211,999,47020, ,Victoria  TX ,8,8,2499,0,0,0,0,0,0,0,0,0,8,8,2499,0,0,0,0,0,0,0,0,0
201211,999,47260,C,Virginia Beach-Norfolk-Newport News  VA-NC ,276,276,54552,0,0,0,0,0,0,4,62,3029,238,238,46645,0,0,0,0,0,0,1,24,1712
201211,999,47300, ,Visalia-Porterville  CA ,43,43,8561,0,0,0,0,0,0,0,0,0,43,43,8561,0,0,0,0,0,0,0,0,0
201211,999,47380, ,Waco  TX ,15,15,3239,0,0,0,0,0,0,0,0,0,13,13,2570,0,0,0,0,0,0,0,0,0
201211,999,47940, ,Waterloo-Cedar Falls  IA ,29,29,4994,1,2,234,0,0,0,0,0,0,23,23,4302,1,2,234,0,0,0,0,0,0
201211,999,48300, ,Wenatchee-East Wenatchee  WA ,24,24,4192,0,0,0,0,0,0,0,0,0,24,24,4192,0,0,0,0,0,0,0,0,0
201211,999,48540, ,Wheeling  WV-OH ,0,0,0,0,0,0,0,0,0,0,0,0,0,0,0,0,0,0,0,0,0,0,0,0
201211,999,48660, ,Wichita Falls  TX ,5,5,671,0,0,0,0,0,0,0,0,0,5,5,671,0,0,0,0,0,0,0,0,0
201211,999,48900,C,Wilmington  NC ,172,172,37483,2,4,315,0,0,0,1,48,5111,125,125,29494,2,4,315,0,0,0,1,48,5111
201211,999,49420, ,Yakima  WA ,16,16,4353,0,0,0,0,0,0,0,0,0,15,15,4169,0,0,0,0,0,0,0,0,0
201211,999,49740, ,Yuma  AZ ,49,49,8180,0,0,0,0,0,0,0,0,0,49,49,8180,0,0,0,0,0,0,0,0,0
