Survey,CSA,CBSA,MONCOV,CBSA,,1-unit,,,2-units,,,3-4 units,,,5+ units,,,1-unit rep,,,2-units rep,,,3-4 units rep,,,5+ units rep
Date,Code,Code,,Name,Bldgs,Units,Value,Bldgs,Units,Value,Bldgs,Units,Value,Bldgs,Units,Value,Bldgs,Units,Value,Bldgs,Units,Value,      Bldgs,Units,Value,Bldgs,Units,Value
 
201309,102,18700, ,Corvallis  OR ,5,5,1188,0,0,0,0,0,0,2,15,2407,0,0,0,0,0,0,0,0,0,0,0,0
201309,104,10580, ,Albany-Schenectady-Troy  NY ,81,81,19275,0,0,0,0,0,0,6,49,4487,48,48,11847,0,0,0,0,0,0,4,39,3870
201309,104,24020, ,Glens Falls  NY ,23,23,3493,0,0,0,0,0,0,0,0,0,7,7,1637,0,0,0,0,0,0,0,0,0
201309,112,11180, ,Ames  IA ,17,17,3858,0,0,0,0,0,0,0,0,0,17,17,3858,0,0,0,0,0,0,0,0,0
201309,118,11540, ,Appleton  WI ,40,40,8606,0,0,0,1,4,195,6,60,2700,37,37,8151,0,0,0,1,4,195,6,60,2700
201309,118,36780, ,Oshkosh-Neenah  WI ,45,45,10950,0,0,0,0,0,0,0,0,0,45,45,10950,0,0,0,0,0,0,0,0,0
201309,120,11700, ,Asheville  NC ,139,139,32424,0,0,0,0,0,0,0,0,0,93,93,26329,0,0,0,0,0,0,0,0,0
201309,122,12060,C,Atlanta-Sandy Springs-Marietta  GA ,1234,1234,259308,1,2,299,3,12,1750,18,827,93433,1071,1071,233593,1,2,299,1,4,925,15,728,84646
201309,122,23580, ,Gainesville  GA ,50,50,8539,0,0,0,0,0,0,0,0,0,50,50,8539,0,0,0,0,0,0,0,0,0
201309,126,12420,C,Austin-Round Rock-San Marcos  TX ,674,674,142313,12,24,4492,20,75,10075,47,743,58699,572,572,122965,12,24,4492,20,75,10075,31,555,46079
201309,132,12940, ,Baton Rouge  LA ,274,274,51274,0,0,0,1,3,249,1,11,896,187,187,38235,0,0,0,0,0,0,0,0,0
201309,140,13460,C,Bend  OR ,113,113,32845,0,0,0,1,3,822,0,0,0,111,111,32412,0,0,0,1,3,822,0,0,0
201309,142,13820,C,Birmingham-Hoover  AL ,172,172,41740,0,0,0,0,0,0,5,122,8420,109,109,27897,0,0,0,0,0,0,0,0,0
201309,148,14460,C,Boston-Cambridge-Quincy  MA-NH ,431,431,116108,21,42,4891,3,9,800,18,491,141931,310,310,83436,19,38,4496,3,9,800,5,363,130044
201309,148,31700, ,Manchester-Nashua  NH ,46,46,9018,1,2,264,0,0,0,1,5,662,36,36,6959,0,0,0,0,0,0,0,0,0
201309,148,39300, ,Providence-New Bedford-Fall River  RI-MA ,101,101,20061,6,12,1281,1,3,130,0,0,0,66,66,13835,4,8,856,0,0,0,0,0,0
201309,148,49340, ,Worcester  MA ,80,80,15568,2,4,612,3,11,1131,1,7,340,59,59,11431,1,2,294,1,4,550,0,0,0
201309,154,15180, ,Brownsville-Harlingen  TX ,65,65,6762,6,12,739,0,0,0,0,0,0,64,64,6751,6,12,739,0,0,0,0,0,0
201309,160,15380, ,Buffalo-Niagara Falls  NY ,63,63,15803,0,0,0,0,0,0,16,172,14484,45,45,11944,0,0,0,0,0,0,15,159,13184
201309,164,16020, ,Cape Girardeau-Jackson  MO-IL ,12,12,2474,0,0,0,0,0,0,0,0,0,4,4,854,0,0,0,0,0,0,0,0,0
201309,172,16740,C,Charlotte-Gastonia-Rock Hill  NC-SC ,586,586,131179,1,2,701,0,0,0,12,650,49882,583,583,130725,1,2,701,0,0,0,12,650,49882
201309,174,16860, ,Chattanooga  TN-GA ,123,123,20427,0,0,0,0,0,0,2,12,1116,99,99,17075,0,0,0,0,0,0,0,0,0
201309,174,17420, ,Cleveland  TN ,22,22,2275,0,0,0,2,8,427,0,0,0,15,15,1608,0,0,0,1,4,144,0,0,0
201309,176,16980,C,Chicago-Joliet-Naperville  IL-IN-WI ,678,678,190200,7,14,2410,11,35,12321,33,1527,176265,553,553,159865,6,12,2173,11,35,12321,26,1431,166477
201309,176,28100, ,Kankakee-Bradley  IL ,2,2,548,0,0,0,0,0,0,0,0,0,2,2,548,0,0,0,0,0,0,0,0,0
201309,176,33140, ,Michigan City-La Porte  IN ,7,7,1594,0,0,0,0,0,0,0,0,0,7,7,1594,0,0,0,0,0,0,0,0,0
201309,178,17140,C,Cincinnati-Middletown  OH-KY-IN ,272,272,56100,0,0,0,4,15,1219,5,196,5183,224,224,47393,0,0,0,2,8,522,4,191,4862
201309,184,10420, ,Akron  OH ,37,37,11993,0,0,0,0,0,0,0,0,0,37,37,11993,0,0,0,0,0,0,0,0,0
201309,184,17460,C,Cleveland-Elyria-Mentor  OH ,210,210,45044,0,0,0,0,0,0,2,19,1742,162,162,34718,0,0,0,0,0,0,1,8,575
201309,192,17900,C,Columbia  SC ,262,262,51427,0,0,0,0,0,0,2,37,2088,167,167,40580,0,0,0,0,0,0,0,0,0
201309,194,12220,C,Auburn-Opelika  AL ,64,64,19334,0,0,0,0,0,0,0,0,0,64,64,19334,0,0,0,0,0,0,0,0,0
201309,194,17980, ,Columbus  GA-AL ,51,51,8448,0,0,0,1,4,182,2,42,2885,11,11,2889,0,0,0,0,0,0,0,0,0
201309,198,18140,C,Columbus  OH ,268,268,65078,7,14,2274,3,11,1845,18,572,39874,187,187,47385,6,12,2097,3,11,1845,16,553,37459
201309,204,18580, ,Corpus Christi  TX ,95,95,15685,0,0,0,0,0,0,1,20,1187,7,7,1122,0,0,0,0,0,0,0,0,0
201309,206,19100,C,Dallas-Fort Worth-Arlington  TX ,1547,1547,412985,4,8,737,27,106,13975,39,1850,123388,1308,1308,347424,2,4,351,24,96,13000,24,1181,73542
201309,206,43300, ,Sherman-Denison  TX ,0,0,0,0,0,0,0,0,0,0,0,0,0,0,0,0,0,0,0,0,0,0,0,0
201309,212,19380, ,Dayton  OH ,47,47,13878,1,2,197,0,0,0,0,0,0,46,46,13696,0,0,0,0,0,0,0,0,0
201309,212,44220, ,Springfield  OH ,3,3,629,0,0,0,0,0,0,0,0,0,3,3,629,0,0,0,0,0,0,0,0,0
201309,216,14500, ,Boulder  CO ,19,19,6680,0,0,0,0,0,0,1,26,2761,13,13,4265,0,0,0,0,0,0,0,0,0
201309,216,19740,C,Denver-Aurora-Broomfield  CO ,454,454,130607,4,8,1475,2,7,1457,4,517,76884,433,433,123309,3,6,1134,1,4,1100,3,507,75702
201309,216,24540,C,Greeley  CO ,90,90,22149,0,0,0,0,0,0,0,0,0,61,61,15607,0,0,0,0,0,0,0,0,0
201309,218,19780,C,Des Moines-West Des Moines  IA ,301,301,74649,0,0,0,0,0,0,4,167,18797,279,279,68571,0,0,0,0,0,0,3,122,12825
201309,220,11460, ,Ann Arbor  MI ,22,22,5581,0,0,0,0,0,0,0,0,0,14,14,3216,0,0,0,0,0,0,0,0,0
201309,220,19820,C,Detroit-Warren-Livonia  MI ,510,510,130518,2,4,695,7,27,2709,8,70,7496,464,464,117892,2,4,695,6,24,2471,7,47,4624
201309,220,22420, ,Flint  MI ,19,19,4019,0,0,0,0,0,0,0,0,0,15,15,3027,0,0,0,0,0,0,0,0,0
201309,220,33780, ,Monroe  MI ,19,19,3706,0,0,0,0,0,0,0,0,0,17,17,3357,0,0,0,0,0,0,0,0,0
201309,222,20020, ,Dothan  AL ,15,15,4490,0,0,0,0,0,0,0,0,0,15,15,4490,0,0,0,0,0,0,0,0,0
201309,232,20740, ,Eau Claire  WI ,32,32,8116,2,4,410,0,0,0,1,11,620,32,32,8116,1,2,250,0,0,0,0,0,0
201309,244,22020, ,Fargo  ND-MN ,146,146,27499,0,0,0,4,16,1820,12,207,15770,146,146,27499,0,0,0,4,16,1820,12,207,15770
201309,252,22540, ,Fond du Lac  WI ,6,6,1418,0,0,0,0,0,0,3,36,1410,5,5,1233,0,0,0,0,0,0,3,36,1410
201309,258,23060,C,Fort Wayne  IN ,94,94,20456,0,0,0,0,0,0,0,0,0,94,94,20456,0,0,0,0,0,0,0,0,0
201309,260,23420, ,Fresno  CA ,114,114,30820,0,0,0,1,3,276,0,0,0,101,101,28571,0,0,0,0,0,0,0,0,0
201309,260,31460, ,Madera-Chowchilla  CA ,14,14,3756,0,0,0,0,0,0,0,0,0,14,14,3756,0,0,0,0,0,0,0,0,0
201309,266,24340,C,Grand Rapids-Wyoming  MI ,124,124,26161,0,0,0,0,0,0,0,0,0,88,88,19850,0,0,0,0,0,0,0,0,0
201309,266,26100, ,Holland-Grand Haven  MI ,59,59,12885,1,2,150,0,0,0,1,5,403,43,43,9541,0,0,0,0,0,0,0,0,0
201309,266,34740, ,Muskegon-Norton Shores  MI ,12,12,2559,1,2,200,0,0,0,0,0,0,7,7,1452,1,2,200,0,0,0,0,0,0
201309,268,15500, ,Burlington  NC ,41,41,6316,0,0,0,0,0,0,0,0,0,41,41,6316,0,0,0,0,0,0,0,0,0
201309,268,24660,C,Greensboro-High Point  NC ,106,106,24799,0,0,0,0,0,0,2,57,6691,106,106,24799,0,0,0,0,0,0,2,57,6691
201309,268,49180, ,Winston-Salem  NC ,94,94,16631,0,0,0,0,0,0,1,12,640,94,94,16631,0,0,0,0,0,0,1,12,640
201309,273,11340, ,Anderson  SC ,40,40,8108,0,0,0,0,0,0,0,0,0,40,40,8108,0,0,0,0,0,0,0,0,0
201309,273,24860,C,Greenville-Maudlin-Easley  SC ,197,197,47802,0,0,0,0,0,0,5,158,11270,162,162,42097,0,0,0,0,0,0,5,158,11270
201309,273,43900, ,Spartanburg  SC ,75,75,13586,0,0,0,0,0,0,10,240,9590,75,75,13586,0,0,0,0,0,0,10,240,9590
201309,274,25060, ,Gulfport-Biloxi  MS ,60,60,10614,0,0,0,0,0,0,0,0,0,53,53,9818,0,0,0,0,0,0,0,0,0
201309,274,37700, ,Pascagoula  MS ,18,18,2649,0,0,0,0,0,0,0,0,0,13,13,1862,0,0,0,0,0,0,0,0,0
201309,276,25420, ,Harrisburg-Carlisle  PA ,115,115,17078,1,2,275,1,4,595,5,32,2716,61,61,8266,0,0,0,1,4,595,4,23,2130
201309,276,30140, ,Lebanon  PA ,20,20,3685,2,4,488,0,0,0,1,12,946,20,20,3685,2,4,488,0,0,0,1,12,946
201309,278,25540, ,Hartford-West Hartford-East Hartford  CT ,66,66,14110,0,0,0,1,4,400,1,8,873,51,51,10786,0,0,0,1,4,400,0,0,0
201309,288,26420,C,Houston-Sugar Land-Baytown  TX ,2541,2541,397850,0,0,0,0,0,0,62,2001,257542,1913,1913,373102,0,0,0,0,0,0,56,1895,246125
201309,290,19460, ,Decatur  AL ,5,5,901,0,0,0,0,0,0,0,0,0,5,5,901,0,0,0,0,0,0,0,0,0
201309,290,26620, ,Huntsville  AL ,126,126,15417,0,0,0,0,0,0,2,44,1989,35,35,10760,0,0,0,0,0,0,0,0,0
201309,292,26820, ,Idaho Falls  ID ,35,35,6114,0,0,0,0,0,0,1,48,4435,35,35,6114,0,0,0,0,0,0,1,48,4435
201309,294,11300, ,Anderson  IN ,6,6,2172,0,0,0,0,0,0,0,0,0,3,3,1495,0,0,0,0,0,0,0,0,0
201309,294,18020, ,Columbus  IN ,17,17,4353,0,0,0,0,0,0,0,0,0,17,17,4353,0,0,0,0,0,0,0,0,0
201309,294,26900,C,Indianapolis-Carmel  IN ,373,373,88231,5,10,946,0,0,0,5,200,16414,338,338,81490,4,8,740,0,0,0,5,200,16414
201309,296,27060, ,Ithaca  NY ,4,4,784,2,4,330,0,0,0,1,5,557,0,0,0,0,0,0,0,0,0,0,0,0
201309,297,27180, ,Jackson  TN ,13,13,3253,0,0,0,0,0,0,0,0,0,13,13,3253,0,0,0,0,0,0,0,0,0
201309,298,27140, ,Jackson  MS ,116,116,26237,0,0,0,0,0,0,0,0,0,95,95,20181,0,0,0,0,0,0,0,0,0
201309,304,27740, ,Johnson City  TN ,35,35,5561,0,0,0,0,0,0,0,0,0,32,32,5223,0,0,0,0,0,0,0,0,0
201309,304,28700, ,Kingsport-Bristol-Bristol  TN-VA ,27,27,5493,0,0,0,0,0,0,0,0,0,17,17,3354,0,0,0,0,0,0,0,0,0
201309,308,27860, ,Jonesboro  AR ,19,19,2788,1,2,75,0,0,0,1,8,440,19,19,2788,1,2,75,0,0,0,1,8,440
201309,312,28140,C,Kansas City  MO-KS ,386,386,91034,12,24,2281,6,23,2644,16,299,27052,284,284,65582,11,22,1942,5,20,2200,12,244,23745
201309,314,28940, ,Knoxville  TN ,155,155,28574,0,0,0,0,0,0,3,177,15500,144,144,26909,0,0,0,0,0,0,3,177,15500
201309,314,34100, ,Morristown  TN ,16,16,2511,1,2,128,1,3,140,0,0,0,13,13,2210,0,0,0,0,0,0,0,0,0
201309,316,29020, ,Kokomo  IN ,4,4,920,0,0,0,0,0,0,0,0,0,4,4,920,0,0,0,0,0,0,0,0,0
201309,318,29180, ,Lafayette  LA ,111,111,19009,0,0,0,0,0,0,1,15,733,72,72,13858,0,0,0,0,0,0,0,0,0
201309,320,29140, ,Lafayette  IN ,57,57,10267,0,0,0,0,0,0,1,5,402,19,19,2514,0,0,0,0,0,0,0,0,0
201309,324,29340, ,Lake Charles  LA ,55,55,8935,4,8,665,0,0,0,0,0,0,53,53,8667,4,8,665,0,0,0,0,0,0
201309,330,29620, ,Lansing-East Lansing  MI ,38,38,9338,0,0,0,0,0,0,5,362,31253,33,33,8379,0,0,0,0,0,0,5,362,31253
201309,332,29820,C,Las Vegas-Paradise  NV ,518,518,76166,0,0,0,0,0,0,2,43,2264,518,518,76166,0,0,0,0,0,0,2,43,2264
201309,336,30460, ,Lexington-Fayette  KY ,109,109,16628,0,0,0,1,3,452,3,108,8619,31,31,5791,0,0,0,0,0,0,0,0,0
201309,338,30620, ,Lima  OH ,2,2,325,0,0,0,0,0,0,0,0,0,1,1,150,0,0,0,0,0,0,0,0,0
201309,340,30780, ,Little Rock-North Little Rock-Conway  AR ,111,111,20214,4,8,568,0,0,0,0,0,0,111,111,20214,4,8,568,0,0,0,0,0,0
201309,340,38220, ,Pine Bluff  AR ,3,3,312,0,0,0,0,0,0,1,5,248,1,1,45,0,0,0,0,0,0,0,0,0
201309,346,30980, ,Longview  TX ,19,19,2749,1,2,137,0,0,0,1,17,985,0,0,0,0,0,0,0,0,0,0,0,0
201309,348,31100,C,Los Angeles-Long Beach-Santa Ana  CA ,598,598,206908,25,50,9820,12,46,7420,38,769,100984,543,543,182471,24,48,9142,10,40,6097,34,714,93490
201309,348,37100, ,Oxnard-Thousand Oaks-Ventura  CA ,13,13,4065,1,2,227,2,8,689,1,14,1521,3,3,889,1,2,227,2,8,689,0,0,0
201309,348,40140,C,Riverside-San Bernardino-Ontario  CA ,483,483,113701,0,0,0,5,15,3100,4,21,1908,467,467,111193,0,0,0,5,15,3100,4,21,1908
201309,350,21060, ,Elizabethtown  KY ,18,18,2630,0,0,0,0,0,0,0,0,0,6,6,626,0,0,0,0,0,0,0,0,0
201309,350,31140,C,Louisville-Jefferson County  KY-IN ,234,234,47373,2,4,410,0,0,0,6,135,6506,127,127,24802,0,0,0,0,0,0,1,16,960
201309,352,31180, ,Lubbock  TX ,57,57,13923,0,0,0,0,0,0,7,152,12353,57,57,13923,0,0,0,0,0,0,7,152,12353
201309,356,31420, ,Macon  GA ,6,6,1085,0,0,0,0,0,0,1,26,1305,1,1,190,0,0,0,0,0,0,0,0,0
201309,356,47580, ,Warner Robins  GA ,38,38,7511,0,0,0,0,0,0,0,0,0,38,38,7511,0,0,0,0,0,0,0,0,0
201309,358,31540,C,Madison  WI ,112,112,31590,3,6,898,2,7,869,5,243,27262,82,82,24770,2,4,600,1,4,650,1,40,3000
201309,360,31900, ,Mansfield  OH ,6,6,1276,0,0,0,0,0,0,0,0,0,6,6,1276,0,0,0,0,0,0,0,0,0
201309,372,33260,C,Midland  TX ,61,61,11319,0,0,0,0,0,0,1,110,8000,61,61,11319,0,0,0,0,0,0,1,110,8000
201309,372,36220,C,Odessa  TX ,92,92,17780,8,16,960,0,0,0,0,0,0,92,92,17780,8,16,960,0,0,0,0,0,0
201309,376,33340,C,Milwaukee-Waukesha-West Allis  WI ,88,88,28225,2,4,522,2,8,885,3,76,5975,70,70,22464,1,2,150,2,8,885,3,76,5975
201309,376,39540, ,Racine  WI ,8,8,2029,2,4,663,0,0,0,0,0,0,8,8,2029,2,4,663,0,0,0,0,0,0
201309,378,33460,C,Minneapolis-St. Paul-Bloomington  MN-WI ,688,688,195647,0,0,0,0,0,0,9,717,79474,535,535,152321,0,0,0,0,0,0,8,709,78412
201309,378,41060, ,St. Cloud  MN ,45,45,9494,0,0,0,0,0,0,2,83,5301,40,40,8724,0,0,0,0,0,0,1,63,3601
201309,380,33660, ,Mobile  AL ,42,42,8773,0,0,0,4,16,733,0,0,0,42,42,8773,0,0,0,4,16,733,0,0,0
201309,384,33740, ,Monroe  LA ,32,32,5463,0,0,0,0,0,0,2,10,986,0,0,0,0,0,0,0,0,0,0,0,0
201309,388,33860, ,Montgomery  AL ,36,36,7405,0,0,0,0,0,0,1,11,269,26,26,6258,0,0,0,0,0,0,0,0,0
201309,396,34820, ,Myrtle Beach-North Myrtle Beach-Conway  SC ,196,196,33781,2,4,239,0,0,0,4,69,5190,16,16,2634,0,0,0,0,0,0,2,54,4085
201309,400,34980,C,Nashville-Davidson--Murfreesboro-Franklin  TN ,564,564,124617,3,6,210,2,6,210,8,131,9169,416,416,95189,3,6,210,2,6,210,4,56,4205
201309,406,35380,C,New Orleans-Metairie-Kenner  LA ,157,157,28396,8,16,1736,0,0,0,0,0,0,72,72,13299,8,16,1736,0,0,0,0,0,0
201309,408,14860, ,Bridgeport-Stamford-Norwalk  CT ,53,53,26066,0,0,0,0,0,0,0,0,0,46,46,16868,0,0,0,0,0,0,0,0,0
201309,408,28740, ,Kingston  NY ,5,5,955,0,0,0,0,0,0,0,0,0,4,4,800,0,0,0,0,0,0,0,0,0
201309,408,35300, ,New Haven-Milford  CT ,26,26,5708,1,2,110,0,0,0,2,12,738,18,18,4060,1,2,110,0,0,0,0,0,0
201309,408,35620,C,New York-Northern New Jersey-Long Island  NY-NJ-PA ,946,946,242179,73,146,16484,27,92,8415,76,1521,129022,706,706,184725,66,132,15142,24,81,7273,38,1156,98627
201309,408,39100, ,Poughkeepsie-Newburgh-Middletown  NY ,37,37,7900,0,0,0,1,3,470,5,31,2724,30,30,6374,0,0,0,0,0,0,0,0,0
201309,408,45940,C,Trenton-Ewing  NJ ,13,13,4472,1,2,8,0,0,0,3,22,1787,5,5,2046,1,2,8,0,0,0,0,0,0
201309,416,36420,C,Oklahoma City  OK ,545,545,109731,16,32,2795,1,4,208,10,91,5527,523,523,105268,16,32,2795,1,4,208,10,91,5527
201309,420,36540,C,Omaha-Council Bluffs  NE-IA ,251,251,47413,1,2,148,0,0,0,4,61,5530,214,214,39053,1,2,148,0,0,0,1,30,1797
201309,422,19660,C,Deltona-Daytona Beach-Ormond Beach  FL ,102,102,30718,0,0,0,0,0,0,0,0,0,80,80,24430,0,0,0,0,0,0,0,0,0
201309,422,36740,C,Orlando-Kissimmee-Sanford  FL ,825,825,188473,1,2,421,1,3,208,3,210,16443,692,692,155517,1,2,421,0,0,0,3,210,16443
201309,422,37380,C,Palm Coast  FL ,32,32,8777,0,0,0,9,34,1110,2,10,1528,23,23,5619,0,0,0,9,34,1110,2,10,1528
201309,426,37900, ,Peoria  IL ,37,37,9360,1,2,337,0,0,0,0,0,0,5,5,1225,0,0,0,0,0,0,0,0,0
201309,428,37980,C,Philadelphia-Camden-Wilmington  PA-NJ-DE-MD ,548,548,93963,9,18,2429,6,20,1667,42,347,15055,425,425,70598,8,16,2207,6,20,1667,37,311,13003
201309,428,39740, ,Reading  PA ,13,13,2226,0,0,0,0,0,0,0,0,0,12,12,1935,0,0,0,0,0,0,0,0,0
201309,428,47220,C,Vineland-Millville-Bridgeton  NJ ,20,20,2153,0,0,0,0,0,0,0,0,0,3,3,413,0,0,0,0,0,0,0,0,0
201309,430,38300,C,Pittsburgh  PA ,262,262,57437,3,6,780,3,9,894,2,11,1049,158,158,35633,2,4,480,0,0,0,1,6,540
201309,438,30340, ,Lewiston-Auburn  ME ,9,9,1731,0,0,0,0,0,0,0,0,0,8,8,1520,0,0,0,0,0,0,0,0,0
201309,438,38860, ,Portland-South Portland-Biddeford  ME ,112,112,22742,3,6,574,2,7,825,2,21,1225,51,51,9591,1,2,175,1,4,540,1,16,850
201309,442,38940,C,Port St. Lucie  FL ,112,112,30775,1,2,490,0,0,0,1,5,734,112,112,30775,1,2,490,0,0,0,0,0,0
201309,442,42680,C,Sebastian-Vero Beach  FL ,23,23,8228,0,0,0,0,0,0,0,0,0,22,22,7300,0,0,0,0,0,0,0,0,0
201309,450,20500,C,Durham-Chapel Hill  NC ,153,153,34738,0,0,0,0,0,0,5,176,13539,30,30,8249,0,0,0,0,0,0,0,0,0
201309,450,39580,C,Raleigh-Cary  NC ,708,708,136569,0,0,0,0,0,0,2,66,3872,668,668,129021,0,0,0,0,0,0,1,28,1454
201309,456,39900,C,Reno-Sparks  NV ,103,103,29312,0,0,0,0,0,0,5,80,9674,102,102,29147,0,0,0,0,0,0,5,80,9674
201309,464,40380, ,Rochester  NY ,71,71,15752,0,0,0,1,4,439,1,5,506,44,44,10604,0,0,0,0,0,0,0,0,0
201309,466,40420, ,Rockford  IL ,7,7,1175,0,0,0,0,0,0,0,0,0,5,5,894,0,0,0,0,0,0,0,0,0
201309,472,40900,C,Sacramento--Arden-Arcade--Roseville  CA ,254,254,74535,4,8,1002,0,0,0,0,0,0,244,244,71928,4,8,1002,0,0,0,0,0,0
201309,472,49700, ,Yuba City  CA ,4,4,607,0,0,0,0,0,0,0,0,0,2,2,113,0,0,0,0,0,0,0,0,0
201309,474,13020, ,Bay City  MI ,1,1,230,0,0,0,0,0,0,0,0,0,0,0,0,0,0,0,0,0,0,0,0,0
201309,474,40980, ,Saginaw-Saginaw Township North  MI ,8,8,1790,0,0,0,0,0,0,0,0,0,8,8,1790,0,0,0,0,0,0,0,0,0
201309,476,41180,C,St. Louis  MO-IL ,390,390,84677,1,2,290,4,14,1402,4,58,3964,320,320,68501,1,2,290,3,11,1090,2,24,709
201309,480,41540, ,Salisbury  MD ,4,4,601,0,0,0,0,0,0,1,25,2865,4,4,601,0,0,0,0,0,0,0,0,0
201309,482,36260, ,Ogden-Clearfield  UT ,161,161,38731,1,2,261,1,4,403,1,6,937,119,119,29553,1,2,261,1,4,403,1,6,937
201309,482,41620,C,Salt Lake City  UT ,304,304,72386,1,2,303,5,16,2819,3,36,2481,270,270,64013,1,2,303,4,13,1978,2,30,2062
201309,488,34900, ,Napa  CA ,6,6,1715,0,0,0,0,0,0,0,0,0,0,0,0,0,0,0,0,0,0,0,0,0
201309,488,41860,C,San Francisco-Oakland-Fremont  CA ,220,220,82691,6,12,3388,0,0,0,12,217,34216,115,115,53114,2,4,1810,0,0,0,5,124,24312
201309,488,41940,C,San Jose-Sunnyvale-Santa Clara  CA ,115,115,45415,0,0,0,0,0,0,3,132,18888,99,99,37899,0,0,0,0,0,0,1,103,14368
201309,488,42100, ,Santa Cruz-Watsonville  CA ,17,17,4589,0,0,0,0,0,0,0,0,0,17,17,4589,0,0,0,0,0,0,0,0,0
201309,488,42220, ,Santa Rosa-Petaluma  CA ,31,31,11574,0,0,0,0,0,0,0,0,0,31,31,11574,0,0,0,0,0,0,0,0,0
201309,488,46700, ,Vallejo-Fairfield  CA ,29,29,5684,0,0,0,0,0,0,0,0,0,29,29,5684,0,0,0,0,0,0,0,0,0
201309,492,42140,C,Santa Fe  NM ,11,11,1467,0,0,0,0,0,0,0,0,0,0,0,0,0,0,0,0,0,0,0,0,0
201309,494,35840,C,North Port-Bradenton-Sarasota  FL ,284,284,75640,0,0,0,2,7,954,5,263,20392,219,219,55469,0,0,0,2,7,954,4,249,18725
201309,494,39460,C,Punta Gorda  FL ,31,31,6289,0,0,0,0,0,0,0,0,0,6,6,1749,0,0,0,0,0,0,0,0,0
201309,496,25980, ,Hinesville-Fort Stewart  GA ,10,10,3699,0,0,0,0,0,0,0,0,0,10,10,3699,0,0,0,0,0,0,0,0,0
201309,496,42340, ,Savannah  GA ,114,114,21836,0,0,0,0,0,0,0,0,0,114,114,21836,0,0,0,0,0,0,0,0,0
201309,500,14740, ,Bremerton-Silverdale  WA ,25,25,7012,0,0,0,0,0,0,0,0,0,25,25,7012,0,0,0,0,0,0,0,0,0
201309,500,34580, ,Mount Vernon-Anacortes  WA ,24,24,4370,0,0,0,0,0,0,0,0,0,13,13,2321,0,0,0,0,0,0,0,0,0
201309,500,36500, ,Olympia  WA ,53,53,13393,0,0,0,0,0,0,0,0,0,53,53,13393,0,0,0,0,0,0,0,0,0
201309,500,42660,C,Seattle-Tacoma-Bellevue  WA ,523,523,149556,10,20,3485,5,19,3531,33,1208,156889,405,405,116793,5,10,1734,2,8,1295,25,695,84250
201309,508,43340, ,Shreveport-Bossier City  LA ,89,89,15495,0,0,0,0,0,0,2,43,2618,45,45,10104,0,0,0,0,0,0,0,0,0
201309,512,43580, ,Sioux City  IA-NE-SD ,17,17,4046,1,2,190,0,0,0,0,0,0,8,8,1485,1,2,190,0,0,0,0,0,0
201309,515,21140, ,Elkhart-Goshen  IN ,15,15,2670,0,0,0,0,0,0,0,0,0,15,15,2670,0,0,0,0,0,0,0,0,0
201309,515,43780, ,South Bend-Mishawaka  IN-MI ,17,17,3985,0,0,0,0,0,0,0,0,0,16,16,3527,0,0,0,0,0,0,0,0,0
201309,532,45060, ,Syracuse  NY ,41,41,9090,0,0,0,0,0,0,3,82,5036,41,41,9090,0,0,0,0,0,0,3,82,5036
201309,534,45780, ,Toledo  OH ,53,53,13087,1,2,197,0,0,0,1,8,643,19,19,5274,0,0,0,0,0,0,0,0,0
201309,538,46140,C,Tulsa  OK ,275,275,52749,4,8,511,0,0,0,0,0,0,274,274,52686,4,8,511,0,0,0,0,0,0
201309,540,46340, ,Tyler  TX ,14,14,4851,0,0,0,0,0,0,1,29,3819,0,0,0,0,0,0,0,0,0,0,0,0
201309,548,12580,C,Baltimore-Towson  MD ,399,399,80488,0,0,0,0,0,0,6,515,67783,373,373,76784,0,0,0,0,0,0,4,452,61861
201309,548,47900,C,Washington-Arlington-Alexandria  DC-VA-MD-WV ,1010,1010,212249,3,6,377,0,0,0,13,1472,127907,794,794,168032,3,6,377,0,0,0,9,1232,107340
201309,548,49020, ,Winchester  VA-WV ,30,30,6287,0,0,0,0,0,0,0,0,0,30,30,6287,0,0,0,0,0,0,0,0,0
201309,554,48140, ,Wausau  WI ,15,15,2780,0,0,0,0,0,0,0,0,0,3,3,305,0,0,0,0,0,0,0,0,0
201309,556,48620, ,Wichita  KS ,74,74,13125,8,16,1661,1,4,480,0,0,0,63,63,11319,7,14,1386,1,4,480,0,0,0
201309,558,48700, ,Williamsport  PA ,5,5,882,0,0,0,0,0,0,0,0,0,3,3,560,0,0,0,0,0,0,0,0,0
201309,564,49620, ,York-Hanover  PA ,45,45,8302,0,0,0,1,3,240,1,5,425,42,42,7622,0,0,0,0,0,0,1,5,425
201309,566,49660, ,Youngstown-Warren-Boardman  OH-PA ,22,22,4197,0,0,0,0,0,0,0,0,0,16,16,2895,0,0,0,0,0,0,0,0,0
201309,999,10180, ,Abilene  TX ,20,20,8915,0,0,0,0,0,0,0,0,0,20,20,8915,0,0,0,0,0,0,0,0,0
201309,999,10500, ,Albany  GA ,16,16,1815,1,2,150,0,0,0,0,0,0,0,0,0,0,0,0,0,0,0,0,0,0
201309,999,10740,C,Albuquerque  NM ,150,150,30469,2,4,406,1,4,335,1,15,600,91,91,20108,1,2,123,0,0,0,1,15,600
201309,999,10780, ,Alexandria  LA ,28,28,5357,0,0,0,0,0,0,0,0,0,12,12,2746,0,0,0,0,0,0,0,0,0
201309,999,10900,C,Allentown-Bethlehem-Easton  PA-NJ ,85,85,14926,1,2,93,1,4,55,1,5,576,41,41,9031,1,2,93,1,4,55,0,0,0
201309,999,11020, ,Altoona  PA ,1,1,160,0,0,0,0,0,0,0,0,0,1,1,160,0,0,0,0,0,0,0,0,0
201309,999,11100, ,Amarillo  TX ,81,81,15727,0,0,0,0,0,0,0,0,0,81,81,15727,0,0,0,0,0,0,0,0,0
201309,999,11260,C,Anchorage  AK ,42,42,12002,6,12,1861,7,28,5097,1,7,2073,41,41,11818,6,12,1861,7,28,5097,1,7,2073
201309,999,11500, ,Anniston-Oxford  AL ,1,1,139,0,0,0,0,0,0,0,0,0,1,1,139,0,0,0,0,0,0,0,0,0
201309,999,12020, ,Athens-Clarke County  GA ,109,109,16755,0,0,0,0,0,0,0,0,0,109,109,16755,0,0,0,0,0,0,0,0,0
201309,999,12100,C,Atlantic City-Hammonton  NJ ,36,36,5860,0,0,0,0,0,0,1,6,1318,26,26,4627,0,0,0,0,0,0,0,0,0
201309,999,12260, ,Augusta-Richmond County  GA-SC ,147,147,25330,0,0,0,0,0,0,0,0,0,103,103,18152,0,0,0,0,0,0,0,0,0
201309,999,12540, ,Bakersfield-Delano  CA ,99,99,19548,1,2,145,0,0,0,1,11,570,77,77,16264,0,0,0,0,0,0,0,0,0
201309,999,12620, ,Bangor  ME ,12,12,2160,0,0,0,0,0,0,0,0,0,9,9,1654,0,0,0,0,0,0,0,0,0
201309,999,12700, ,Barnstable Town  MA ,34,34,14377,0,0,0,0,0,0,1,5,683,22,22,9135,0,0,0,0,0,0,0,0,0
201309,999,12980, ,Battle Creek  MI ,3,3,525,0,0,0,0,0,0,0,0,0,2,2,359,0,0,0,0,0,0,0,0,0
201309,999,13140, ,Beaumont-Port Arthur  TX ,14,14,2915,0,0,0,0,0,0,0,0,0,14,14,2915,0,0,0,0,0,0,0,0,0
201309,999,13380, ,Bellingham  WA ,28,28,6976,1,2,310,0,0,0,0,0,0,28,28,6976,1,2,310,0,0,0,0,0,0
201309,999,13740, ,Billings  MT ,38,38,7076,0,0,0,0,0,0,0,0,0,38,38,7076,0,0,0,0,0,0,0,0,0
201309,999,13780, ,Binghamton  NY ,1,1,100,0,0,0,0,0,0,0,0,0,1,1,100,0,0,0,0,0,0,0,0,0
201309,999,13900, ,Bismarck  ND ,112,112,22692,2,4,465,4,13,2224,3,79,7985,24,24,6754,0,0,0,1,4,857,0,0,0
201309,999,14020, ,Bloomington  IN ,21,21,3850,2,4,412,0,0,0,7,66,5157,21,21,3850,2,4,412,0,0,0,7,66,5157
201309,999,14060, ,Bloomington-Normal  IL ,21,21,4093,0,0,0,0,0,0,2,23,1302,3,3,335,0,0,0,0,0,0,0,0,0
201309,999,14260,C,Boise City-Nampa  ID ,275,275,60535,0,0,0,1,3,196,7,124,8018,178,178,39707,0,0,0,0,0,0,6,114,7508
201309,999,14540, ,Bowling Green  KY ,40,40,8207,1,2,110,0,0,0,0,0,0,40,40,8207,1,2,110,0,0,0,0,0,0
201309,999,15260, ,Brunswick  GA ,24,24,5931,0,0,0,0,0,0,0,0,0,24,24,5931,0,0,0,0,0,0,0,0,0
201309,999,15540, ,Burlington-South Burlington  VT ,39,39,8121,3,6,1085,1,3,410,1,5,385,31,31,6594,3,6,1085,1,3,410,0,0,0
201309,999,15940, ,Canton-Massillon  OH ,26,26,6411,1,2,240,14,54,1625,1,5,384,23,23,6085,1,2,240,14,54,1625,0,0,0
201309,999,15980,C,Cape Coral-Fort Myers  FL ,181,181,39169,5,10,1082,3,12,2772,8,54,10557,181,181,39169,5,10,1082,3,12,2772,8,54,10557
201309,999,16180,C,Carson City  NV ,6,6,2261,0,0,0,0,0,0,0,0,0,6,6,2261,0,0,0,0,0,0,0,0,0
201309,999,16220, ,Casper  WY ,33,33,7733,0,0,0,0,0,0,0,0,0,29,29,6828,0,0,0,0,0,0,0,0,0
201309,999,16300, ,Cedar Rapids  IA ,65,65,7235,3,6,466,1,4,293,1,5,167,31,31,3805,2,4,330,0,0,0,0,0,0
201309,999,16580, ,Champaign-Urbana  IL ,11,11,2498,0,0,0,0,0,0,1,49,3879,5,5,1213,0,0,0,0,0,0,0,0,0
201309,999,16620, ,Charleston  WV ,24,24,5072,0,0,0,0,0,0,0,0,0,23,23,4932,0,0,0,0,0,0,0,0,0
201309,999,16700,C,Charleston-North Charleston-Summerville  SC ,332,332,82523,0,0,0,0,0,0,2,44,3310,244,244,64714,0,0,0,0,0,0,0,0,0
201309,999,16820, ,Charlottesville  VA ,51,51,13414,0,0,0,0,0,0,0,0,0,51,51,13414,0,0,0,0,0,0,0,0,0
201309,999,16940, ,Cheyenne  WY ,25,25,4169,2,4,1062,8,32,1840,0,0,0,25,25,4169,2,4,1062,8,32,1840,0,0,0
201309,999,17020, ,Chico  CA ,20,20,4186,0,0,0,0,0,0,0,0,0,13,13,2703,0,0,0,0,0,0,0,0,0
201309,999,17300, ,Clarksville  TN-KY ,83,83,10845,0,0,0,2,8,400,3,21,985,81,81,10703,0,0,0,2,8,400,3,21,985
201309,999,17660, ,Coeur dAlene  ID ,52,52,11129,0,0,0,1,3,213,1,15,1194,23,23,4798,0,0,0,0,0,0,0,0,0
201309,999,17780, ,College Station-Bryan  TX ,60,60,10675,1,2,270,0,0,0,1,18,1500,60,60,10675,1,2,270,0,0,0,1,18,1500
201309,999,17820,C,Colorado Springs  CO ,179,179,74255,0,0,0,0,0,0,11,238,26515,179,179,74255,0,0,0,0,0,0,11,238,26515
201309,999,17860, ,Columbia  MO ,97,97,15511,1,2,198,0,0,0,1,47,3722,16,16,4409,0,0,0,0,0,0,0,0,0
201309,999,18880, ,Crestview-Fort Walton Beach-Destin  FL ,51,51,17840,0,0,0,0,0,0,0,0,0,15,15,6617,0,0,0,0,0,0,0,0,0
201309,999,19060, ,Cumberland  MD-WV ,6,6,808,0,0,0,0,0,0,0,0,0,6,6,808,0,0,0,0,0,0,0,0,0
201309,999,19140,C,Dalton  GA ,8,8,1334,0,0,0,0,0,0,0,0,0,5,5,963,0,0,0,0,0,0,0,0,0
201309,999,19180, ,Danville  IL ,0,0,0,0,0,0,0,0,0,0,0,0,0,0,0,0,0,0,0,0,0,0,0,0
201309,999,19260, ,Danville  VA ,10,10,1400,1,2,60,0,0,0,1,5,295,0,0,0,0,0,0,0,0,0,0,0,0
201309,999,19340, ,Davenport-Moline-Rock Island  IA-IL ,40,40,7013,0,0,0,1,3,300,1,8,747,8,8,1306,0,0,0,1,3,300,0,0,0
201309,999,19500, ,Decatur  IL ,2,2,441,0,0,0,0,0,0,0,0,0,2,2,441,0,0,0,0,0,0,0,0,0
201309,999,20100,C,Dover  DE ,66,66,8280,0,0,0,0,0,0,2,14,734,66,66,8280,0,0,0,0,0,0,2,14,734
201309,999,20220, ,Dubuque  IA ,27,27,5896,2,4,440,0,0,0,0,0,0,27,27,5896,2,4,440,0,0,0,0,0,0
201309,999,20260, ,Duluth  MN-WI ,41,41,6942,0,0,0,0,0,0,0,0,0,41,41,6942,0,0,0,0,0,0,0,0,0
201309,999,20940, ,El Centro  CA ,18,18,3022,0,0,0,0,0,0,0,0,0,18,18,3022,0,0,0,0,0,0,0,0,0
201309,999,21300, ,Elmira  NY ,2,2,182,0,0,0,0,0,0,1,5,409,0,0,0,0,0,0,0,0,0,0,0,0
201309,999,21340, ,El Paso  TX ,203,203,33108,0,0,0,1,4,499,0,0,0,203,203,33108,0,0,0,1,4,499,0,0,0
201309,999,21500, ,Erie  PA ,72,72,7222,6,12,804,0,0,0,2,87,2050,72,72,7222,6,12,804,0,0,0,2,87,2050
201309,999,21660, ,Eugene-Springfield  OR ,32,32,7332,1,2,322,1,4,400,2,23,2411,13,13,2636,0,0,0,0,0,0,0,0,0
201309,999,21780, ,Evansville  IN-KY ,47,47,7509,1,2,200,1,3,325,1,7,439,31,31,4373,1,2,200,0,0,0,0,0,0
201309,999,21820,C,Fairbanks  AK ,4,4,735,0,0,0,0,0,0,0,0,0,0,0,0,0,0,0,0,0,0,0,0,0
201309,999,22140,C,Farmington  NM ,14,14,2578,0,0,0,0,0,0,0,0,0,4,4,657,0,0,0,0,0,0,0,0,0
201309,999,22180, ,Fayetteville  NC ,110,110,20227,0,0,0,0,0,0,4,48,4057,110,110,20227,0,0,0,0,0,0,4,48,4057
201309,999,22220, ,Fayetteville-Springdale-Rogers  AR-MO ,165,165,37314,0,0,0,0,0,0,0,0,0,125,125,29231,0,0,0,0,0,0,0,0,0
201309,999,22380, ,Flagstaff  AZ ,18,18,4568,0,0,0,0,0,0,0,0,0,18,18,4568,0,0,0,0,0,0,0,0,0
201309,999,22500, ,Florence  SC ,30,30,4911,0,0,0,1,4,455,0,0,0,10,10,1765,0,0,0,0,0,0,0,0,0
201309,999,22520, ,Florence-Muscle Shoals  AL ,13,13,1680,0,0,0,1,4,165,2,16,659,4,4,597,0,0,0,1,4,165,2,16,659
201309,999,22660,C,Fort Collins-Loveland  CO ,121,121,33153,1,2,360,3,12,1598,1,8,929,118,118,32532,1,2,360,3,12,1598,1,8,929
201309,999,22900, ,Fort Smith  AR-OK ,31,31,5679,8,16,1695,0,0,0,0,0,0,27,27,5313,8,16,1695,0,0,0,0,0,0
201309,999,23460, ,Gadsden  AL ,0,0,0,0,0,0,0,0,0,0,0,0,0,0,0,0,0,0,0,0,0,0,0,0
201309,999,23540, ,Gainesville  FL ,39,39,7385,0,0,0,0,0,0,1,21,1287,34,34,6822,0,0,0,0,0,0,0,0,0
201309,999,24140, ,Goldsboro  NC ,42,42,5906,2,4,307,0,0,0,0,0,0,42,42,5906,2,4,307,0,0,0,0,0,0
201309,999,24220, ,Grand Forks  ND-MN ,26,26,6442,0,0,0,0,0,0,4,32,4000,26,26,6442,0,0,0,0,0,0,4,32,4000
201309,999,24300,C,Grand Junction  CO ,58,58,12854,0,0,0,0,0,0,0,0,0,58,58,12854,0,0,0,0,0,0,0,0,0
201309,999,24500, ,Great Falls  MT ,6,6,1480,0,0,0,0,0,0,0,0,0,6,6,1480,0,0,0,0,0,0,0,0,0
201309,999,24580, ,Green Bay  WI ,53,53,10558,0,0,0,0,0,0,2,12,513,33,33,7852,0,0,0,0,0,0,0,0,0
201309,999,24780, ,Greenville  NC ,41,41,6049,1,2,211,0,0,0,0,0,0,30,30,3906,1,2,211,0,0,0,0,0,0
201309,999,25180, ,Hagerstown-Martinsburg  MD-WV ,55,55,9735,2,4,768,0,0,0,0,0,0,55,55,9735,2,4,768,0,0,0,0,0,0
201309,999,25260, ,Hanford-Corcoran  CA ,13,13,1866,0,0,0,0,0,0,0,0,0,4,4,608,0,0,0,0,0,0,0,0,0
201309,999,25500,C,Harrisonburg  VA ,29,29,5346,0,0,0,0,0,0,0,0,0,29,29,5346,0,0,0,0,0,0,0,0,0
201309,999,25620, ,Hattiesburg  MS ,2,2,377,1,2,172,4,15,394,0,0,0,0,0,0,0,0,0,0,0,0,0,0,0
201309,999,25860, ,Hickory-Lenoir-Morganton  NC ,55,55,14291,0,0,0,0,0,0,0,0,0,55,55,14291,0,0,0,0,0,0,0,0,0
201309,999,26180,C,Honolulu  HI ,86,86,25531,0,0,0,1,4,549,4,659,111641,86,86,25531,0,0,0,1,4,549,4,659,111641
201309,999,26300, ,Hot Springs  AR ,5,5,397,0,0,0,0,0,0,0,0,0,5,5,397,0,0,0,0,0,0,0,0,0
201309,999,26380, ,Houma-Bayou Cane-Thibodaux  LA ,39,39,9829,0,0,0,0,0,0,0,0,0,39,39,9829,0,0,0,0,0,0,0,0,0
201309,999,26580, ,Huntington-Ashland  WV-KY-OH ,3,3,258,0,0,0,0,0,0,0,0,0,0,0,0,0,0,0,0,0,0,0,0,0
201309,999,26980, ,Iowa City  IA ,29,29,7566,1,2,300,0,0,0,1,12,967,27,27,7096,0,0,0,0,0,0,1,12,967
201309,999,27100, ,Jackson  MI ,7,7,1018,0,0,0,0,0,0,0,0,0,4,4,690,0,0,0,0,0,0,0,0,0
201309,999,27260,C,Jacksonville  FL ,474,474,96907,2,4,419,0,0,0,2,44,5600,448,448,90304,1,2,240,0,0,0,2,44,5600
201309,999,27340, ,Jacksonville  NC ,87,87,11326,0,0,0,0,0,0,0,0,0,87,87,11326,0,0,0,0,0,0,0,0,0
201309,999,27500, ,Janesville  WI ,9,9,1622,0,0,0,0,0,0,0,0,0,8,8,1470,0,0,0,0,0,0,0,0,0
201309,999,27620, ,Jefferson City  MO ,17,17,3205,1,2,209,0,0,0,0,0,0,0,0,0,0,0,0,0,0,0,0,0,0
201309,999,27780, ,Johnstown  PA ,2,2,700,0,0,0,0,0,0,0,0,0,2,2,700,0,0,0,0,0,0,0,0,0
201309,999,27900, ,Joplin  MO ,12,12,1054,0,0,0,0,0,0,7,70,3500,12,12,1054,0,0,0,0,0,0,7,70,3500
201309,999,28020, ,Kalamazoo-Portage  MI ,34,34,8867,0,0,0,0,0,0,0,0,0,22,22,6951,0,0,0,0,0,0,0,0,0
201309,999,28420, ,Kennewick-Pasco-Richland  WA ,77,77,20995,2,4,401,0,0,0,2,20,2445,27,27,8316,0,0,0,0,0,0,0,0,0
201309,999,28660, ,Killeen-Temple-Fort Hood  TX ,106,106,17944,0,0,0,0,0,0,0,0,0,106,106,17944,0,0,0,0,0,0,0,0,0
201309,999,29100, ,La Crosse  WI-MN ,23,23,3922,0,0,0,0,0,0,0,0,0,9,9,1497,0,0,0,0,0,0,0,0,0
201309,999,29420, ,Lake Havasu City-Kingman  AZ ,39,39,8493,0,0,0,0,0,0,0,0,0,37,37,8030,0,0,0,0,0,0,0,0,0
201309,999,29460,C,Lakeland-Winter Haven  FL ,178,178,38368,0,0,0,0,0,0,0,0,0,176,176,38171,0,0,0,0,0,0,0,0,0
201309,999,29540, ,Lancaster  PA ,39,39,7202,0,0,0,0,0,0,3,44,3671,28,28,5469,0,0,0,0,0,0,2,32,2777
201309,999,29700,C,Laredo  TX ,71,71,10363,0,0,0,1,4,189,1,73,4456,0,0,0,0,0,0,0,0,0,0,0,0
201309,999,29740,C,Las Cruces  NM ,44,44,8715,0,0,0,0,0,0,1,38,3000,44,44,8715,0,0,0,0,0,0,1,38,3000
201309,999,29940, ,Lawrence  KS ,13,13,3869,0,0,0,0,0,0,0,0,0,10,10,2992,0,0,0,0,0,0,0,0,0
201309,999,30020, ,Lawton  OK ,2,2,1250,0,0,0,0,0,0,0,0,0,2,2,1250,0,0,0,0,0,0,0,0,0
201309,999,30300, ,Lewiston  ID-WA ,2,2,425,0,0,0,0,0,0,0,0,0,2,2,425,0,0,0,0,0,0,0,0,0
201309,999,30700, ,Lincoln  NE ,84,84,16514,0,0,0,0,0,0,2,63,2079,0,0,0,0,0,0,0,0,0,0,0,0
201309,999,30860, ,Logan  UT-ID ,20,20,5178,0,0,0,1,4,336,3,17,2122,18,18,4868,0,0,0,0,0,0,2,10,1494
201309,999,31020, ,Longview  WA ,13,13,2679,0,0,0,0,0,0,0,0,0,12,12,2509,0,0,0,0,0,0,0,0,0
201309,999,31340, ,Lynchburg  VA ,49,49,8094,0,0,0,0,0,0,0,0,0,49,49,8094,0,0,0,0,0,0,0,0,0
201309,999,31740, ,Manhattan  KS ,23,23,5234,1,2,270,0,0,0,0,0,0,23,23,5234,1,2,270,0,0,0,0,0,0
201309,999,31860, ,Mankato-North Mankato  MN ,21,21,3764,1,2,174,0,0,0,5,88,10847,11,11,2380,0,0,0,0,0,0,2,40,7707
201309,999,32580,C,McAllen-Edinburg-Mission  TX ,205,205,32745,1,2,168,8,32,2445,0,0,0,197,197,32269,1,2,168,8,32,2445,0,0,0
201309,999,32780, ,Medford  OR ,36,36,8327,0,0,0,0,0,0,1,7,830,21,21,5072,0,0,0,0,0,0,0,0,0
201309,999,32820,C,Memphis  TN-MS-AR ,181,181,31915,0,0,0,0,0,0,1,197,15126,135,135,24239,0,0,0,0,0,0,1,197,15126
201309,999,32900, ,Merced  CA ,4,4,1108,0,0,0,0,0,0,0,0,0,4,4,1108,0,0,0,0,0,0,0,0,0
201309,999,33100,C,Miami-Fort Lauderdale-Pompano Beach  FL ,525,525,158287,5,10,1264,2,6,1000,30,1035,99603,496,496,148590,4,8,1098,2,6,1000,23,907,76227
201309,999,33540,C,Missoula  MT ,19,19,3532,1,2,144,0,0,0,0,0,0,19,19,3532,1,2,144,0,0,0,0,0,0
201309,999,33700, ,Modesto  CA ,24,24,5635,0,0,0,0,0,0,0,0,0,20,20,4967,0,0,0,0,0,0,0,0,0
201309,999,34060, ,Morgantown  WV ,6,6,731,0,0,0,0,0,0,0,0,0,6,6,731,0,0,0,0,0,0,0,0,0
201309,999,34620, ,Muncie  IN ,4,4,449,0,0,0,0,0,0,0,0,0,4,4,449,0,0,0,0,0,0,0,0,0
201309,999,34940,C,Naples-Marco Island  FL ,58,58,27326,0,0,0,2,8,1215,4,24,7420,58,58,27326,0,0,0,2,8,1215,4,24,7420
201309,999,35660, ,Niles-Benton Harbor  MI ,2,2,542,0,0,0,0,0,0,0,0,0,1,1,325,0,0,0,0,0,0,0,0,0
201309,999,35980, ,Norwich-New London  CT ,23,23,5943,2,4,130,3,9,286,0,0,0,18,18,5147,2,4,130,3,9,286,0,0,0
201309,999,36100,C,Ocala  FL ,42,42,8615,0,0,0,0,0,0,0,0,0,42,42,8615,0,0,0,0,0,0,0,0,0
201309,999,36140,C,Ocean City  NJ ,46,46,13072,4,8,1493,0,0,0,0,0,0,43,43,12447,4,8,1493,0,0,0,0,0,0
201309,999,36980, ,Owensboro  KY ,18,18,1711,5,10,389,0,0,0,4,52,5900,18,18,1711,5,10,389,0,0,0,4,52,5900
201309,999,37340,C,Palm Bay-Melbourne-Titusville  FL ,97,97,30843,0,0,0,0,0,0,0,0,0,96,96,30420,0,0,0,0,0,0,0,0,0
201309,999,37460, ,Panama City-Lynn Haven-Panama City Beach  FL ,38,38,6607,0,0,0,0,0,0,0,0,0,31,31,5492,0,0,0,0,0,0,0,0,0
201309,999,37620, ,Parkersburg-Marietta-Vienna  WV-OH ,8,8,1299,0,0,0,0,0,0,0,0,0,8,8,1299,0,0,0,0,0,0,0,0,0
201309,999,37860,C,Pensacola-Ferry Pass-Brent  FL ,173,173,28286,0,0,0,0,0,0,0,0,0,173,173,28286,0,0,0,0,0,0,0,0,0
201309,999,38060,C,Phoenix-Mesa-Glendale  AZ ,911,911,224710,0,0,0,3,11,1428,3,19,3969,821,821,206214,0,0,0,3,11,1428,3,19,3969
201309,999,38340, ,Pittsfield  MA ,2,2,450,0,0,0,0,0,0,0,0,0,1,1,260,0,0,0,0,0,0,0,0,0
201309,999,38540, ,Pocatello  ID ,10,10,1623,0,0,0,0,0,0,0,0,0,6,6,1220,0,0,0,0,0,0,0,0,0
201309,999,38900,C,Portland-Vancouver-Hillsboro  OR-WA ,473,473,124745,1,2,323,0,0,0,18,212,14707,381,381,98043,1,2,323,0,0,0,15,176,11649
201309,999,39140, ,Prescott  AZ ,73,73,16281,0,0,0,0,0,0,0,0,0,60,60,12596,0,0,0,0,0,0,0,0,0
201309,999,39340, ,Provo-Orem  UT ,242,242,61886,0,0,0,1,3,578,1,7,682,209,209,56354,0,0,0,0,0,0,0,0,0
201309,999,39380,C,Pueblo  CO ,6,6,1074,0,0,0,0,0,0,0,0,0,6,6,1074,0,0,0,0,0,0,0,0,0
201309,999,39660, ,Rapid City  SD ,47,47,8334,0,0,0,0,0,0,2,150,11657,41,41,7609,0,0,0,0,0,0,2,150,11657
201309,999,39820, ,Redding  CA ,22,22,4806,0,0,0,0,0,0,0,0,0,22,22,4806,0,0,0,0,0,0,0,0,0
201309,999,40060,C,Richmond  VA ,317,317,60100,0,0,0,2,8,960,19,622,15776,306,306,58647,0,0,0,2,8,960,19,622,15776
201309,999,40220, ,Roanoke  VA ,34,34,6802,0,0,0,0,0,0,0,0,0,20,20,4101,0,0,0,0,0,0,0,0,0
201309,999,40340, ,Rochester  MN ,49,49,11876,0,0,0,0,0,0,0,0,0,44,44,10781,0,0,0,0,0,0,0,0,0
201309,999,40580, ,Rocky Mount  NC ,13,13,2092,0,0,0,0,0,0,0,0,0,2,2,240,0,0,0,0,0,0,0,0,0
201309,999,40660, ,Rome  GA ,3,3,709,0,0,0,0,0,0,0,0,0,0,0,0,0,0,0,0,0,0,0,0,0
201309,999,41100, ,St. George  UT ,137,137,26941,0,0,0,0,0,0,0,0,0,137,137,26941,0,0,0,0,0,0,0,0,0
201309,999,41140, ,St. Joseph  MO-KS ,2,2,420,0,0,0,0,0,0,0,0,0,2,2,420,0,0,0,0,0,0,0,0,0
201309,999,41420, ,Salem  OR ,28,28,6746,0,0,0,0,0,0,2,29,2417,22,22,5177,0,0,0,0,0,0,1,24,1942
201309,999,41500, ,Salinas  CA ,29,29,7253,0,0,0,0,0,0,0,0,0,26,26,6451,0,0,0,0,0,0,0,0,0
201309,999,41660,C,San Angelo  TX ,22,22,4138,0,0,0,0,0,0,0,0,0,22,22,4138,0,0,0,0,0,0,0,0,0
201309,999,41700,C,San Antonio-New Braunfels  TX ,430,430,85310,3,6,516,0,0,0,16,287,21058,179,179,42035,1,2,168,0,0,0,0,0,0
201309,999,41740,C,San Diego-Carlsbad-San Marcos  CA ,190,190,67726,4,8,950,4,13,2499,3,21,19258,185,185,66435,4,8,950,4,13,2499,2,16,18792
201309,999,41780, ,Sandusky  OH ,1,1,70,0,0,0,0,0,0,0,0,0,1,1,70,0,0,0,0,0,0,0,0,0
201309,999,42020, ,San Luis Obispo-Paso Robles  CA ,32,32,13889,0,0,0,0,0,0,0,0,0,32,32,13889,0,0,0,0,0,0,0,0,0
201309,999,42060, ,Santa Barbara-Santa Maria-Goleta  CA ,24,24,6893,0,0,0,0,0,0,0,0,0,24,24,6893,0,0,0,0,0,0,0,0,0
201309,999,42540, ,Scranton--Wilkes-Barre  PA ,12,12,3186,0,0,0,0,0,0,0,0,0,10,10,2822,0,0,0,0,0,0,0,0,0
201309,999,43100, ,Sheboygan  WI ,8,8,1978,1,2,260,0,0,0,0,0,0,7,7,1718,0,0,0,0,0,0,0,0,0
201309,999,43620, ,Sioux Falls  SD ,127,127,21333,0,0,0,0,0,0,2,63,5481,127,127,21333,0,0,0,0,0,0,2,63,5481
201309,999,44060, ,Spokane  WA ,63,63,16827,0,0,0,0,0,0,0,0,0,63,63,16827,0,0,0,0,0,0,0,0,0
201309,999,44100, ,Springfield  IL ,9,9,2541,4,8,1385,0,0,0,0,0,0,9,9,2541,4,8,1385,0,0,0,0,0,0
201309,999,44140, ,Springfield  MA ,24,24,5232,0,0,0,0,0,0,1,5,359,19,19,4116,0,0,0,0,0,0,0,0,0
201309,999,44180, ,Springfield  MO ,62,62,11267,1,2,115,0,0,0,3,105,4365,33,33,6697,0,0,0,0,0,0,0,0,0
201309,999,44300, ,State College  PA ,16,16,3825,0,0,0,0,0,0,0,0,0,15,15,3652,0,0,0,0,0,0,0,0,0
201309,999,44600, ,Steubenville-Weirton  OH-WV ,3,3,690,0,0,0,0,0,0,0,0,0,3,3,690,0,0,0,0,0,0,0,0,0
201309,999,44700,C,Stockton  CA ,41,41,10173,0,0,0,0,0,0,0,0,0,40,40,9805,0,0,0,0,0,0,0,0,0
201309,999,44940,C,Sumter  SC ,23,23,2720,0,0,0,0,0,0,1,5,563,0,0,0,0,0,0,0,0,0,0,0,0
201309,999,45220, ,Tallahassee  FL ,37,37,6277,0,0,0,0,0,0,2,70,6206,14,14,2841,0,0,0,0,0,0,0,0,0
201309,999,45300,C,Tampa-St. Petersburg-Clearwater  FL ,463,463,201408,5,10,1850,0,0,0,2,29,3990,457,457,200164,5,10,1850,0,0,0,1,17,2733
201309,999,45460, ,Terre Haute  IN ,8,8,1772,0,0,0,0,0,0,0,0,0,8,8,1772,0,0,0,0,0,0,0,0,0
201309,999,45500, ,Texarkana  TX-Texarkana  AR ,7,7,1012,0,0,0,0,0,0,0,0,0,7,7,1012,0,0,0,0,0,0,0,0,0
201309,999,45820, ,Topeka  KS ,18,18,3857,0,0,0,0,0,0,0,0,0,16,16,3427,0,0,0,0,0,0,0,0,0
201309,999,46060,C,Tucson  AZ ,167,167,42113,2,4,203,0,0,0,2,46,5395,114,114,29349,0,0,0,0,0,0,0,0,0
201309,999,46220, ,Tuscaloosa  AL ,44,44,11728,0,0,0,0,0,0,1,6,650,44,44,11728,0,0,0,0,0,0,1,6,650
201309,999,46540, ,Utica-Rome  NY ,3,3,425,0,0,0,0,0,0,0,0,0,0,0,0,0,0,0,0,0,0,0,0,0
201309,999,46660, ,Valdosta  GA ,31,31,3325,0,0,0,0,0,0,0,0,0,0,0,0,0,0,0,0,0,0,0,0,0
201309,999,47020, ,Victoria  TX ,12,12,2152,0,0,0,0,0,0,0,0,0,12,12,2152,0,0,0,0,0,0,0,0,0
201309,999,47260,C,Virginia Beach-Norfolk-Newport News  VA-NC ,283,283,57209,2,4,446,0,0,0,9,310,16241,227,227,45714,2,4,446,0,0,0,8,301,15718
201309,999,47300, ,Visalia-Porterville  CA ,42,42,10533,0,0,0,0,0,0,0,0,0,42,42,10533,0,0,0,0,0,0,0,0,0
201309,999,47380, ,Waco  TX ,44,44,8401,0,0,0,0,0,0,0,0,0,44,44,8401,0,0,0,0,0,0,0,0,0
201309,999,47940, ,Waterloo-Cedar Falls  IA ,30,30,6463,0,0,0,0,0,0,0,0,0,23,23,5646,0,0,0,0,0,0,0,0,0
201309,999,48300, ,Wenatchee-East Wenatchee  WA ,35,35,7154,0,0,0,0,0,0,0,0,0,35,35,7154,0,0,0,0,0,0,0,0,0
201309,999,48540, ,Wheeling  WV-OH ,0,0,0,0,0,0,0,0,0,0,0,0,0,0,0,0,0,0,0,0,0,0,0,0
201309,999,48660, ,Wichita Falls  TX ,4,4,1299,0,0,0,0,0,0,5,40,5624,4,4,1299,0,0,0,0,0,0,5,40,5624
201309,999,48900,C,Wilmington  NC ,221,221,46107,1,2,280,0,0,0,4,96,10835,123,123,22879,0,0,0,0,0,0,0,0,0
201309,999,49420, ,Yakima  WA ,9,9,2272,0,0,0,0,0,0,0,0,0,9,9,2272,0,0,0,0,0,0,0,0,0
201309,999,49740, ,Yuma  AZ ,41,41,7450,1,2,200,0,0,0,0,0,0,41,41,7450,1,2,200,0,0,0,0,0,0
