Survey,CSA,CBSA,MONCOV,CBSA,,1-unit,,,2-units,,,3-4 units,,,5+ units,,,1-unit rep,,,2-units rep,,,3-4 units rep,,,5+ units rep
Date,Code,Code,,Name,Bldgs,Units,Value,Bldgs,Units,Value,Bldgs,Units,Value,Bldgs,Units,Value,Bldgs,Units,Value,Bldgs,Units,Value,      Bldgs,Units,Value,Bldgs,Units,Value
 
201310,102,18700, ,Corvallis  OR ,6,6,1425,0,0,0,0,0,0,2,22,3530,0,0,0,0,0,0,0,0,0,0,0,0
201310,104,10580, ,Albany-Schenectady-Troy  NY ,99,99,30173,0,0,476,1,3,486,5,34,3465,91,91,28415,0,0,476,0,0,0,5,34,3465
201310,104,24020, ,Glens Falls  NY ,28,28,5353,0,0,0,0,0,0,0,0,0,18,18,4567,0,0,0,0,0,0,0,0,0
201310,112,11180, ,Ames  IA ,39,39,10166,0,0,0,1,4,330,25,265,18844,38,38,9974,0,0,0,1,4,330,25,265,18844
201310,118,11540, ,Appleton  WI ,41,41,9712,3,6,1233,0,0,0,0,0,0,40,40,9516,3,6,1233,0,0,0,0,0,0
201310,118,36780, ,Oshkosh-Neenah  WI ,23,23,5316,0,0,0,0,0,0,3,24,1155,23,23,5316,0,0,0,0,0,0,3,24,1155
201310,120,11700, ,Asheville  NC ,107,107,22779,0,0,0,0,0,0,0,0,0,43,43,9282,0,0,0,0,0,0,0,0,0
201310,122,12060,C,Atlanta-Sandy Springs-Marietta  GA ,1293,1293,260777,2,4,648,5,20,3250,13,809,48514,1261,1261,253108,2,4,648,5,20,3250,12,804,48240
201310,122,23580, ,Gainesville  GA ,38,38,9510,0,0,0,0,0,0,0,0,0,38,38,9510,0,0,0,0,0,0,0,0,0
201310,126,12420,C,Austin-Round Rock-San Marcos  TX ,806,806,173974,6,12,1232,1,4,472,40,951,61559,700,700,154408,6,12,1232,1,4,472,20,731,46791
201310,132,12940, ,Baton Rouge  LA ,256,256,48220,0,0,0,0,0,0,0,0,0,256,256,48220,0,0,0,0,0,0,0,0,0
201310,140,13460,C,Bend  OR ,126,126,36509,0,0,0,0,0,0,0,0,0,124,124,36076,0,0,0,0,0,0,0,0,0
201310,142,13820,C,Birmingham-Hoover  AL ,225,225,52939,0,0,0,0,0,0,6,143,9889,155,155,37761,0,0,0,0,0,0,0,0,0
201310,148,14460,C,Boston-Cambridge-Quincy  MA-NH ,525,525,142914,17,34,4910,6,20,2867,21,222,30564,401,401,107905,14,28,4345,4,14,1588,6,71,9580
201310,148,31700, ,Manchester-Nashua  NH ,41,41,7002,2,4,631,0,0,0,0,0,0,38,38,6256,2,4,631,0,0,0,0,0,0
201310,148,39300, ,Providence-New Bedford-Fall River  RI-MA ,127,127,25876,7,14,1495,0,0,0,1,5,500,88,88,19070,4,8,920,0,0,0,0,0,0
201310,148,49340, ,Worcester  MA ,92,92,18026,2,4,820,3,11,1535,0,0,0,70,70,13968,2,4,820,2,7,950,0,0,0
201310,154,15180, ,Brownsville-Harlingen  TX ,68,68,7149,2,4,270,0,0,0,1,5,306,44,44,5028,1,2,168,0,0,0,0,0,0
201310,160,15380, ,Buffalo-Niagara Falls  NY ,74,74,18547,1,2,130,0,0,0,4,23,2245,67,67,17523,1,2,130,0,0,0,3,18,1688
201310,164,16020, ,Cape Girardeau-Jackson  MO-IL ,11,11,1975,0,0,0,0,0,0,0,0,0,11,11,1975,0,0,0,0,0,0,0,0,0
201310,172,16740,C,Charlotte-Gastonia-Rock Hill  NC-SC ,641,641,134850,0,0,0,8,31,3475,41,900,31882,639,639,134547,0,0,0,8,31,3475,41,900,31882
201310,174,16860, ,Chattanooga  TN-GA ,104,104,17181,0,0,0,0,0,0,2,14,1302,78,78,13547,0,0,0,0,0,0,0,0,0
201310,174,17420, ,Cleveland  TN ,18,18,2593,1,2,50,1,4,280,0,0,0,18,18,2593,1,2,50,1,4,280,0,0,0
201310,176,16980,C,Chicago-Joliet-Naperville  IL-IN-WI ,864,864,229695,5,10,2027,7,24,3434,17,509,80106,703,703,191847,4,8,1790,7,24,3434,11,451,72354
201310,176,28100, ,Kankakee-Bradley  IL ,2,2,521,0,0,0,0,0,0,0,0,0,2,2,521,0,0,0,0,0,0,0,0,0
201310,176,33140, ,Michigan City-La Porte  IN ,6,6,1166,0,0,0,0,0,0,0,0,0,6,6,1166,0,0,0,0,0,0,0,0,0
201310,178,17140,C,Cincinnati-Middletown  OH-KY-IN ,248,248,54032,4,8,710,3,11,2626,1,5,425,233,233,51000,4,8,710,2,8,2126,0,0,0
201310,184,10420, ,Akron  OH ,44,44,11320,0,0,0,0,0,0,0,0,0,44,44,11320,0,0,0,0,0,0,0,0,0
201310,184,17460,C,Cleveland-Elyria-Mentor  OH ,232,232,51927,0,0,0,0,0,0,5,46,3205,143,143,34912,0,0,0,0,0,0,0,0,0
201310,192,17900,C,Columbia  SC ,269,269,42297,0,0,0,0,0,0,4,77,5504,64,64,9720,0,0,0,0,0,0,0,0,0
201310,194,12220,C,Auburn-Opelika  AL ,57,57,16670,0,0,0,0,0,0,1,7,715,20,20,5227,0,0,0,0,0,0,0,0,0
201310,194,17980, ,Columbus  GA-AL ,48,48,6933,0,0,0,0,0,0,2,23,1745,13,13,2064,0,0,0,0,0,0,0,0,0
201310,198,18140,C,Columbus  OH ,309,309,71405,3,6,980,14,50,6700,47,665,54435,263,263,60976,3,6,980,13,47,6465,47,665,54435
201310,204,18580, ,Corpus Christi  TX ,102,102,19279,0,0,0,0,0,0,0,0,0,102,102,19279,0,0,0,0,0,0,0,0,0
201310,206,19100,C,Dallas-Fort Worth-Arlington  TX ,1749,1749,488838,28,56,7979,3,9,1085,74,3019,222904,1624,1624,446621,28,56,7979,2,6,535,73,3010,221949
201310,206,43300, ,Sherman-Denison  TX ,0,0,0,0,0,0,0,0,0,0,0,0,0,0,0,0,0,0,0,0,0,0,0,0
201310,212,19380, ,Dayton  OH ,73,73,22060,1,2,197,0,0,0,0,0,0,73,73,22060,0,0,0,0,0,0,0,0,0
201310,212,44220, ,Springfield  OH ,3,3,800,0,0,0,1,4,625,0,0,0,3,3,800,0,0,0,1,4,625,0,0,0
201310,216,14500, ,Boulder  CO ,26,26,9076,0,0,0,0,0,0,2,49,4807,4,4,2671,0,0,0,0,0,0,0,0,0
201310,216,19740,C,Denver-Aurora-Broomfield  CO ,595,595,157615,15,30,6132,4,12,1434,38,662,55426,557,557,148520,15,30,6132,4,12,1434,33,439,36466
201310,216,24540,C,Greeley  CO ,147,147,29655,1,2,298,1,3,267,0,0,0,127,127,24871,0,0,0,1,3,267,0,0,0
201310,218,19780,C,Des Moines-West Des Moines  IA ,438,438,96055,35,70,7598,3,12,1246,11,411,46795,416,416,89878,35,70,7598,3,12,1246,9,367,40956
201310,220,11460, ,Ann Arbor  MI ,25,25,6365,0,0,0,0,0,0,4,36,2696,16,16,3705,0,0,0,0,0,0,4,36,2696
201310,220,19820,C,Detroit-Warren-Livonia  MI ,510,510,141216,0,0,0,2,7,550,6,206,24660,461,461,128422,0,0,0,1,4,250,5,183,21788
201310,220,22420, ,Flint  MI ,18,18,3817,0,0,0,0,0,0,0,0,0,18,18,3817,0,0,0,0,0,0,0,0,0
201310,220,33780, ,Monroe  MI ,12,12,2026,0,0,0,0,0,0,0,0,0,10,10,1616,0,0,0,0,0,0,0,0,0
201310,222,20020, ,Dothan  AL ,16,16,4662,0,0,0,0,0,0,0,0,0,16,16,4662,0,0,0,0,0,0,0,0,0
201310,232,20740, ,Eau Claire  WI ,39,39,8442,9,18,1936,0,0,0,2,16,1100,39,39,8442,9,18,1936,0,0,0,2,16,1100
201310,244,22020, ,Fargo  ND-MN ,102,102,23047,0,0,0,0,0,0,8,353,26997,102,102,23047,0,0,0,0,0,0,8,353,26997
201310,252,22540, ,Fond du Lac  WI ,1,1,320,0,0,0,0,0,0,0,0,0,1,1,320,0,0,0,0,0,0,0,0,0
201310,258,23060,C,Fort Wayne  IN ,87,87,20005,2,4,900,0,0,0,2,11,330,87,87,20005,2,4,900,0,0,0,2,11,330
201310,260,23420, ,Fresno  CA ,157,157,39926,0,0,0,1,4,367,4,34,3037,64,64,18706,0,0,0,0,0,0,1,6,610
201310,260,31460, ,Madera-Chowchilla  CA ,8,8,2011,0,0,0,0,0,0,0,0,0,8,8,2011,0,0,0,0,0,0,0,0,0
201310,266,24340,C,Grand Rapids-Wyoming  MI ,166,166,34129,1,2,143,0,0,0,1,24,2300,129,129,27582,0,0,0,0,0,0,1,24,2300
201310,266,26100, ,Holland-Grand Haven  MI ,45,45,10678,0,0,0,0,0,0,1,5,403,22,22,6305,0,0,0,0,0,0,0,0,0
201310,266,34740, ,Muskegon-Norton Shores  MI ,12,12,2405,1,2,180,0,0,0,0,0,0,5,5,1039,1,2,180,0,0,0,0,0,0
201310,268,15500, ,Burlington  NC ,51,51,7285,0,0,0,0,0,0,0,0,0,51,51,7285,0,0,0,0,0,0,0,0,0
201310,268,24660,C,Greensboro-High Point  NC ,144,144,34358,0,0,0,0,0,0,3,18,1147,144,144,34358,0,0,0,0,0,0,3,18,1147
201310,268,49180, ,Winston-Salem  NC ,69,69,11509,0,0,0,0,0,0,0,0,0,69,69,11509,0,0,0,0,0,0,0,0,0
201310,273,11340, ,Anderson  SC ,45,45,8834,0,0,0,0,0,0,0,0,0,45,45,8834,0,0,0,0,0,0,0,0,0
201310,273,24860,C,Greenville-Maudlin-Easley  SC ,243,243,59317,0,0,0,1,3,309,0,0,0,221,221,54834,0,0,0,0,0,0,0,0,0
201310,273,43900, ,Spartanburg  SC ,92,92,18642,0,0,0,0,0,0,0,0,0,92,92,18642,0,0,0,0,0,0,0,0,0
201310,274,25060, ,Gulfport-Biloxi  MS ,68,68,12298,0,0,0,0,0,0,0,0,0,53,53,10091,0,0,0,0,0,0,0,0,0
201310,274,37700, ,Pascagoula  MS ,15,15,2251,0,0,0,0,0,0,0,0,0,15,15,2251,0,0,0,0,0,0,0,0,0
201310,276,25420, ,Harrisburg-Carlisle  PA ,107,107,20893,0,0,0,0,0,0,1,20,1400,85,85,17900,0,0,0,0,0,0,1,20,1400
201310,276,30140, ,Lebanon  PA ,21,21,3964,0,0,0,0,0,0,0,0,0,21,21,3964,0,0,0,0,0,0,0,0,0
201310,278,25540, ,Hartford-West Hartford-East Hartford  CT ,95,95,19989,2,4,410,0,0,0,1,5,40,82,82,16682,2,4,410,0,0,0,0,0,0
201310,288,26420,C,Houston-Sugar Land-Baytown  TX ,2829,2829,458833,3,6,598,4,16,1957,68,2707,223688,2075,2075,403017,3,6,598,4,16,1957,64,2656,218337
201310,290,19460, ,Decatur  AL ,9,9,1856,0,0,0,0,0,0,0,0,0,9,9,1856,0,0,0,0,0,0,0,0,0
201310,290,26620, ,Huntsville  AL ,167,167,25475,0,0,0,0,0,0,0,0,0,167,167,25475,0,0,0,0,0,0,0,0,0
201310,292,26820, ,Idaho Falls  ID ,37,37,7263,0,0,0,0,0,0,0,0,0,37,37,7263,0,0,0,0,0,0,0,0,0
201310,294,11300, ,Anderson  IN ,5,5,1188,0,0,0,0,0,0,0,0,0,1,1,250,0,0,0,0,0,0,0,0,0
201310,294,18020, ,Columbus  IN ,18,18,4999,0,0,0,0,0,0,0,0,0,18,18,4999,0,0,0,0,0,0,0,0,0
201310,294,26900,C,Indianapolis-Carmel  IN ,360,360,88346,2,4,439,3,12,506,11,267,22321,333,333,83764,2,4,439,2,8,506,11,267,22321
201310,296,27060, ,Ithaca  NY ,3,3,598,2,4,454,0,0,0,1,5,557,0,0,0,0,0,0,0,0,0,0,0,0
201310,297,27180, ,Jackson  TN ,8,8,1885,0,0,0,0,0,0,0,0,0,8,8,1885,0,0,0,0,0,0,0,0,0
201310,298,27140, ,Jackson  MS ,114,114,25977,0,0,0,0,0,0,0,0,0,78,78,16337,0,0,0,0,0,0,0,0,0
201310,304,27740, ,Johnson City  TN ,68,68,10208,1,2,125,0,0,0,0,0,0,65,65,9870,1,2,125,0,0,0,0,0,0
201310,304,28700, ,Kingsport-Bristol-Bristol  TN-VA ,20,20,4199,0,0,0,0,0,0,0,0,0,10,10,2059,0,0,0,0,0,0,0,0,0
201310,308,27860, ,Jonesboro  AR ,19,19,3034,0,0,0,2,8,443,0,0,0,19,19,3034,0,0,0,2,8,443,0,0,0
201310,312,28140,C,Kansas City  MO-KS ,369,369,97599,1,2,339,1,3,370,9,340,21904,279,279,74452,0,0,0,0,0,0,9,340,21904
201310,314,28940, ,Knoxville  TN ,133,133,28318,0,0,0,0,0,0,0,0,0,129,129,27515,0,0,0,0,0,0,0,0,0
201310,314,34100, ,Morristown  TN ,10,10,1627,0,0,0,0,0,0,0,0,0,10,10,1627,0,0,0,0,0,0,0,0,0
201310,316,29020, ,Kokomo  IN ,4,4,593,0,0,0,0,0,0,2,60,5000,4,4,593,0,0,0,0,0,0,2,60,5000
201310,318,29180, ,Lafayette  LA ,99,99,16668,0,0,0,0,0,0,2,17,831,58,58,11253,0,0,0,0,0,0,0,0,0
201310,320,29140, ,Lafayette  IN ,49,49,10330,0,0,0,0,0,0,0,0,0,49,49,10330,0,0,0,0,0,0,0,0,0
201310,324,29340, ,Lake Charles  LA ,43,43,8907,3,6,585,0,0,0,0,0,0,15,15,3203,3,6,585,0,0,0,0,0,0
201310,330,29620, ,Lansing-East Lansing  MI ,22,22,5013,0,0,0,0,0,0,0,0,0,15,15,3631,0,0,0,0,0,0,0,0,0
201310,332,29820,C,Las Vegas-Paradise  NV ,617,617,105663,0,0,0,0,0,0,2,34,1976,617,617,105663,0,0,0,0,0,0,2,34,1976
201310,336,30460, ,Lexington-Fayette  KY ,92,92,16643,0,0,0,0,0,0,0,0,0,84,84,15462,0,0,0,0,0,0,0,0,0
201310,338,30620, ,Lima  OH ,4,4,755,0,0,0,0,0,0,0,0,0,2,2,440,0,0,0,0,0,0,0,0,0
201310,340,30780, ,Little Rock-North Little Rock-Conway  AR ,106,106,24611,0,0,0,0,0,0,4,78,5070,106,106,24611,0,0,0,0,0,0,4,78,5070
201310,340,38220, ,Pine Bluff  AR ,2,2,455,2,4,200,0,0,0,0,0,0,2,2,455,2,4,200,0,0,0,0,0,0
201310,346,30980, ,Longview  TX ,20,20,2894,1,2,137,0,0,0,1,20,1159,0,0,0,0,0,0,0,0,0,0,0,0
201310,348,31100,C,Los Angeles-Long Beach-Santa Ana  CA ,795,795,269039,38,76,16328,10,39,8708,29,814,125008,728,728,244005,36,72,15414,9,36,7712,23,727,105086
201310,348,37100, ,Oxnard-Thousand Oaks-Ventura  CA ,19,19,5735,0,0,0,1,3,539,2,22,2391,6,6,1317,0,0,0,0,0,0,0,0,0
201310,348,40140,C,Riverside-San Bernardino-Ontario  CA ,496,496,121059,9,18,2386,0,0,0,19,391,27574,437,437,110432,9,18,2386,0,0,0,19,391,27574
201310,350,21060, ,Elizabethtown  KY ,22,22,3606,0,0,0,0,0,0,0,0,0,8,8,1268,0,0,0,0,0,0,0,0,0
201310,350,31140,C,Louisville-Jefferson County  KY-IN ,221,221,45939,0,0,0,0,0,0,2,24,1165,183,183,39828,0,0,0,0,0,0,1,16,960
201310,352,31180, ,Lubbock  TX ,81,81,18737,2,4,440,0,0,0,0,0,0,81,81,18737,2,4,440,0,0,0,0,0,0
201310,356,31420, ,Macon  GA ,7,7,1324,0,0,0,0,0,0,1,31,1556,1,1,250,0,0,0,0,0,0,0,0,0
201310,356,47580, ,Warner Robins  GA ,40,40,7599,0,0,0,0,0,0,0,0,0,40,40,7599,0,0,0,0,0,0,0,0,0
201310,358,31540,C,Madison  WI ,143,143,33638,3,6,878,4,16,1650,5,229,26974,117,117,27963,2,4,580,4,16,1650,1,48,4250
201310,360,31900, ,Mansfield  OH ,4,4,1003,0,0,0,0,0,0,0,0,0,0,0,0,0,0,0,0,0,0,0,0,0
201310,372,33260,C,Midland  TX ,44,44,9442,0,0,0,0,0,0,16,250,26828,44,44,9442,0,0,0,0,0,0,16,250,26828
201310,372,36220,C,Odessa  TX ,68,68,12506,0,0,0,0,0,0,0,0,0,68,68,12506,0,0,0,0,0,0,0,0,0
201310,376,33340,C,Milwaukee-Waukesha-West Allis  WI ,131,131,38912,2,4,831,0,0,0,1,14,3917,110,110,31472,1,2,506,0,0,0,0,0,0
201310,376,39540, ,Racine  WI ,24,24,6148,4,8,1200,0,0,0,0,0,0,24,24,6148,4,8,1200,0,0,0,0,0,0
201310,378,33460,C,Minneapolis-St. Paul-Bloomington  MN-WI ,663,663,204077,2,4,794,1,4,970,6,425,82726,619,619,188501,2,4,794,1,4,970,6,425,82726
201310,378,41060, ,St. Cloud  MN ,26,26,5799,0,0,0,0,0,0,1,20,1700,22,22,5150,0,0,0,0,0,0,0,0,0
201310,380,33660, ,Mobile  AL ,55,55,9764,0,0,0,0,0,0,0,0,0,55,55,9764,0,0,0,0,0,0,0,0,0
201310,384,33740, ,Monroe  LA ,34,34,5809,0,0,0,1,3,468,3,15,1392,0,0,0,0,0,0,0,0,0,0,0,0
201310,388,33860, ,Montgomery  AL ,31,31,5234,0,0,0,0,0,0,1,13,318,26,26,4909,0,0,0,0,0,0,0,0,0
201310,396,34820, ,Myrtle Beach-North Myrtle Beach-Conway  SC ,222,222,40574,5,10,590,0,0,0,6,117,6352,222,222,40574,5,10,590,0,0,0,6,117,6352
201310,400,34980,C,Nashville-Davidson--Murfreesboro-Franklin  TN ,576,576,136091,0,0,0,2,6,148,28,544,31557,512,512,123908,0,0,0,1,3,148,27,518,30195
201310,406,35380,C,New Orleans-Metairie-Kenner  LA ,219,219,49511,6,12,1053,0,0,0,0,0,0,199,199,46093,6,12,1053,0,0,0,0,0,0
201310,408,14860, ,Bridgeport-Stamford-Norwalk  CT ,67,67,35656,2,4,798,2,7,550,6,230,13872,53,53,23831,2,4,798,2,7,550,6,230,13872
201310,408,28740, ,Kingston  NY ,6,6,921,0,0,0,0,0,0,0,0,0,3,3,450,0,0,0,0,0,0,0,0,0
201310,408,35300, ,New Haven-Milford  CT ,28,28,5127,1,2,120,0,0,0,1,12,738,24,24,4517,1,2,120,0,0,0,0,0,0
201310,408,35620,C,New York-Northern New Jersey-Long Island  NY-NJ-PA ,1093,1093,289299,85,170,16232,27,84,7603,97,1978,200820,761,761,213688,74,148,14098,22,69,6587,51,1474,155597
201310,408,39100, ,Poughkeepsie-Newburgh-Middletown  NY ,55,55,10875,0,0,0,0,0,0,3,32,3263,48,48,9708,0,0,0,0,0,0,1,14,1100
201310,408,45940,C,Trenton-Ewing  NJ ,10,10,3795,0,0,0,0,0,0,4,67,6890,6,6,2870,0,0,0,0,0,0,3,61,6312
201310,416,36420,C,Oklahoma City  OK ,599,599,124495,1,2,240,0,0,0,1,18,1500,581,581,120846,1,2,240,0,0,0,1,18,1500
201310,420,36540,C,Omaha-Council Bluffs  NE-IA ,319,319,59013,0,0,0,1,3,269,4,99,6344,286,286,50074,0,0,0,1,3,269,2,66,4038
201310,422,19660,C,Deltona-Daytona Beach-Ormond Beach  FL ,94,94,29439,0,0,0,0,0,0,0,0,0,82,82,26329,0,0,0,0,0,0,0,0,0
201310,422,36740,C,Orlando-Kissimmee-Sanford  FL ,805,805,177486,8,16,2341,1,4,456,9,382,21485,743,743,165720,8,16,2341,1,4,456,9,382,21485
201310,422,37380,C,Palm Coast  FL ,40,40,12143,0,0,0,7,28,4640,2,12,1832,32,32,9025,0,0,0,7,28,4640,2,12,1832
201310,426,37900, ,Peoria  IL ,40,40,10454,2,4,459,0,0,0,0,0,0,12,12,3698,0,0,0,0,0,0,0,0,0
201310,428,37980,C,Philadelphia-Camden-Wilmington  PA-NJ-DE-MD ,512,512,90123,13,26,1625,8,31,2004,18,264,22920,376,376,68833,13,26,1625,8,31,2004,9,183,18331
201310,428,39740, ,Reading  PA ,8,8,1432,0,0,0,0,0,0,2,17,1358,3,3,572,0,0,0,0,0,0,2,17,1358
201310,428,47220,C,Vineland-Millville-Bridgeton  NJ ,25,25,2864,0,0,0,0,0,0,0,0,0,14,14,1501,0,0,0,0,0,0,0,0,0
201310,430,38300,C,Pittsburgh  PA ,303,303,74073,1,2,300,4,13,1389,3,17,1862,180,180,48490,0,0,0,2,6,852,2,12,1514
201310,438,30340, ,Lewiston-Auburn  ME ,4,4,795,1,2,200,0,0,0,0,0,0,3,3,584,1,2,200,0,0,0,0,0,0
201310,438,38860, ,Portland-South Portland-Biddeford  ME ,127,127,30020,4,8,663,0,0,0,0,0,0,75,75,19359,2,4,330,0,0,0,0,0,0
201310,442,38940,C,Port St. Lucie  FL ,86,86,20241,0,0,0,0,0,0,1,5,734,86,86,20241,0,0,0,0,0,0,0,0,0
201310,442,42680,C,Sebastian-Vero Beach  FL ,33,33,11263,0,0,0,0,0,0,0,0,0,27,27,10119,0,0,0,0,0,0,0,0,0
201310,450,20500,C,Durham-Chapel Hill  NC ,160,160,37096,1,2,275,4,16,894,3,18,1145,124,124,27389,1,2,275,4,16,894,3,18,1145
201310,450,39580,C,Raleigh-Cary  NC ,602,602,121507,0,0,0,0,0,0,18,454,19760,559,559,113409,0,0,0,0,0,0,17,410,16959
201310,456,39900,C,Reno-Sparks  NV ,69,69,16350,1,2,308,0,0,0,0,0,0,68,68,16185,1,2,308,0,0,0,0,0,0
201310,464,40380, ,Rochester  NY ,76,76,15736,7,14,2647,0,0,0,1,6,607,56,56,12811,7,14,2647,0,0,0,0,0,0
201310,466,40420, ,Rockford  IL ,12,12,1845,0,0,0,0,0,0,0,0,0,9,9,1423,0,0,0,0,0,0,0,0,0
201310,472,40900,C,Sacramento--Arden-Arcade--Roseville  CA ,294,294,103421,2,4,420,0,0,0,1,5,313,291,291,102674,2,4,420,0,0,0,0,0,0
201310,472,49700, ,Yuba City  CA ,6,6,1317,0,0,0,0,0,0,0,0,0,6,6,1317,0,0,0,0,0,0,0,0,0
201310,474,13020, ,Bay City  MI ,1,1,230,0,0,0,0,0,0,0,0,0,0,0,0,0,0,0,0,0,0,0,0,0
201310,474,40980, ,Saginaw-Saginaw Township North  MI ,7,7,1623,0,0,0,0,0,0,0,0,0,6,6,1354,0,0,0,0,0,0,0,0,0
201310,476,41180,C,St. Louis  MO-IL ,426,426,102600,1,2,250,1,3,400,15,221,16440,316,316,72601,1,2,250,1,3,400,9,174,12274
201310,480,41540, ,Salisbury  MD ,4,4,625,0,0,0,0,0,0,1,29,3323,4,4,625,0,0,0,0,0,0,0,0,0
201310,482,36260, ,Ogden-Clearfield  UT ,176,176,45470,0,0,0,1,4,378,2,12,1275,150,150,40716,0,0,0,1,4,378,2,12,1275
201310,482,41620,C,Salt Lake City  UT ,323,323,80256,5,10,2133,6,21,3543,17,225,25900,258,258,64458,5,10,2133,5,18,2701,14,205,23334
201310,488,34900, ,Napa  CA ,2,2,612,0,0,0,0,0,0,0,0,0,2,2,612,0,0,0,0,0,0,0,0,0
201310,488,41860,C,San Francisco-Oakland-Fremont  CA ,346,346,132500,9,18,5949,0,0,0,9,957,267895,305,305,115665,5,10,4370,0,0,0,5,883,255369
201310,488,41940,C,San Jose-Sunnyvale-Santa Clara  CA ,132,132,50276,0,0,0,2,7,1464,10,234,52604,110,110,40385,0,0,0,1,4,626,8,192,46101
201310,488,42100, ,Santa Cruz-Watsonville  CA ,14,14,3196,0,0,0,0,0,0,1,5,539,5,5,1500,0,0,0,0,0,0,0,0,0
201310,488,42220, ,Santa Rosa-Petaluma  CA ,38,38,10492,0,0,0,0,0,0,0,0,0,38,38,10492,0,0,0,0,0,0,0,0,0
201310,488,46700, ,Vallejo-Fairfield  CA ,32,32,7515,0,0,0,0,0,0,0,0,0,32,32,7515,0,0,0,0,0,0,0,0,0
201310,492,42140,C,Santa Fe  NM ,13,13,1734,0,0,0,0,0,0,0,0,0,0,0,0,0,0,0,0,0,0,0,0,0
201310,494,35840,C,North Port-Bradenton-Sarasota  FL ,352,352,96800,0,0,0,9,31,5639,3,17,2885,343,343,94621,0,0,0,7,25,4728,2,12,2418
201310,494,39460,C,Punta Gorda  FL ,33,33,6706,0,0,0,0,0,0,0,0,0,7,7,1984,0,0,0,0,0,0,0,0,0
201310,496,25980, ,Hinesville-Fort Stewart  GA ,7,7,1999,0,0,0,0,0,0,0,0,0,7,7,1999,0,0,0,0,0,0,0,0,0
201310,496,42340, ,Savannah  GA ,76,76,17767,0,0,0,1,4,200,12,73,3711,66,66,16025,0,0,0,1,4,200,11,68,3320
201310,500,14740, ,Bremerton-Silverdale  WA ,43,43,10509,0,0,0,0,0,0,0,0,0,43,43,10509,0,0,0,0,0,0,0,0,0
201310,500,34580, ,Mount Vernon-Anacortes  WA ,23,23,4954,0,0,0,0,0,0,0,0,0,10,10,2495,0,0,0,0,0,0,0,0,0
201310,500,36500, ,Olympia  WA ,66,66,16707,0,0,0,0,0,0,11,260,26860,66,66,16707,0,0,0,0,0,0,11,260,26860
201310,500,42660,C,Seattle-Tacoma-Bellevue  WA ,705,705,204443,14,28,5014,5,16,3885,23,846,103319,628,628,181758,13,26,4674,5,16,3885,21,829,101889
201310,508,43340, ,Shreveport-Bossier City  LA ,92,92,20115,0,0,0,0,0,0,2,46,2801,46,46,14480,0,0,0,0,0,0,0,0,0
201310,512,43580, ,Sioux City  IA-NE-SD ,23,23,6155,2,4,320,0,0,0,0,0,0,14,14,3594,2,4,320,0,0,0,0,0,0
201310,515,21140, ,Elkhart-Goshen  IN ,20,20,4102,0,0,0,0,0,0,0,0,0,19,19,3816,0,0,0,0,0,0,0,0,0
201310,515,43780, ,South Bend-Mishawaka  IN-MI ,24,24,4632,0,0,0,0,0,0,0,0,0,23,23,4173,0,0,0,0,0,0,0,0,0
201310,532,45060, ,Syracuse  NY ,31,31,6153,0,0,0,0,0,0,0,0,0,30,30,6028,0,0,0,0,0,0,0,0,0
201310,534,45780, ,Toledo  OH ,65,65,14217,0,0,0,0,0,0,1,11,884,48,48,10596,0,0,0,0,0,0,0,0,0
201310,538,46140,C,Tulsa  OK ,188,188,43400,2,4,295,0,0,0,1,18,1525,188,188,43400,2,4,295,0,0,0,1,18,1525
201310,540,46340, ,Tyler  TX ,18,18,7475,2,4,807,1,3,588,0,0,0,17,17,7197,2,4,807,1,3,588,0,0,0
201310,548,12580,C,Baltimore-Towson  MD ,388,388,76116,0,0,0,0,0,0,4,106,8666,267,267,53867,0,0,0,0,0,0,1,30,1500
201310,548,47900,C,Washington-Arlington-Alexandria  DC-VA-MD-WV ,1173,1173,252481,4,8,702,0,0,0,19,1534,95087,1108,1108,237947,4,8,702,0,0,0,17,1467,89119
201310,548,49020, ,Winchester  VA-WV ,34,34,7316,0,0,0,0,0,0,0,0,0,34,34,7316,0,0,0,0,0,0,0,0,0
201310,554,48140, ,Wausau  WI ,17,17,3365,0,0,0,2,8,986,0,0,0,5,5,890,0,0,0,2,8,986,0,0,0
201310,556,48620, ,Wichita  KS ,77,77,15321,15,30,3230,1,4,698,6,56,4362,14,14,4202,5,10,1607,1,4,698,4,24,2000
201310,558,48700, ,Williamsport  PA ,1,1,45,0,0,0,0,0,0,0,0,0,1,1,45,0,0,0,0,0,0,0,0,0
201310,564,49620, ,York-Hanover  PA ,39,39,7219,0,0,0,0,0,0,1,8,720,38,38,7014,0,0,0,0,0,0,1,8,720
201310,566,49660, ,Youngstown-Warren-Boardman  OH-PA ,25,25,5470,0,0,0,0,0,0,0,0,0,10,10,2006,0,0,0,0,0,0,0,0,0
201310,999,10180, ,Abilene  TX ,20,20,4095,0,0,0,0,0,0,0,0,0,20,20,4095,0,0,0,0,0,0,0,0,0
201310,999,10500, ,Albany  GA ,17,17,1930,1,2,150,1,3,153,0,0,0,0,0,0,0,0,0,0,0,0,0,0,0
201310,999,10740,C,Albuquerque  NM ,92,92,17724,1,2,283,2,8,671,26,316,24924,23,23,5618,0,0,0,0,0,0,26,316,24924
201310,999,10780, ,Alexandria  LA ,23,23,4842,0,0,0,0,0,0,0,0,0,7,7,2230,0,0,0,0,0,0,0,0,0
201310,999,10900,C,Allentown-Bethlehem-Easton  PA-NJ ,110,110,21061,1,2,250,1,4,680,6,57,5602,78,78,15950,0,0,0,1,4,680,4,46,4740
201310,999,11020, ,Altoona  PA ,3,3,839,0,0,0,0,0,0,0,0,0,2,2,655,0,0,0,0,0,0,0,0,0
201310,999,11100, ,Amarillo  TX ,33,33,8262,0,0,0,0,0,0,0,0,0,33,33,8262,0,0,0,0,0,0,0,0,0
201310,999,11260,C,Anchorage  AK ,47,47,12257,1,2,249,0,0,0,0,0,0,47,47,12257,1,2,249,0,0,0,0,0,0
201310,999,11500, ,Anniston-Oxford  AL ,1,1,289,0,0,0,0,0,0,0,0,0,1,1,289,0,0,0,0,0,0,0,0,0
201310,999,12020, ,Athens-Clarke County  GA ,34,34,8034,0,0,0,0,0,0,8,142,13491,34,34,8034,0,0,0,0,0,0,8,142,13491
201310,999,12100,C,Atlantic City-Hammonton  NJ ,45,45,9655,1,2,677,0,0,0,2,12,2078,31,31,7695,1,2,677,0,0,0,1,6,760
201310,999,12260, ,Augusta-Richmond County  GA-SC ,164,164,28670,1,2,180,1,3,400,0,0,0,118,118,21139,0,0,0,0,0,0,0,0,0
201310,999,12540, ,Bakersfield-Delano  CA ,142,142,28556,1,2,145,1,3,295,4,46,3447,6,6,854,0,0,0,0,0,0,0,0,0
201310,999,12620, ,Bangor  ME ,23,23,3614,0,0,0,0,0,0,0,0,0,23,23,3614,0,0,0,0,0,0,0,0,0
201310,999,12700, ,Barnstable Town  MA ,46,46,22094,0,0,0,3,11,1925,1,5,683,25,25,13660,0,0,0,3,11,1925,0,0,0
201310,999,12980, ,Battle Creek  MI ,1,1,166,0,0,0,0,0,0,0,0,0,0,0,0,0,0,0,0,0,0,0,0,0
201310,999,13140, ,Beaumont-Port Arthur  TX ,18,18,3320,0,0,0,0,0,0,0,0,0,18,18,3320,0,0,0,0,0,0,0,0,0
201310,999,13380, ,Bellingham  WA ,29,29,7003,0,0,0,0,0,0,2,81,7556,29,29,7003,0,0,0,0,0,0,2,81,7556
201310,999,13740, ,Billings  MT ,41,41,8813,0,0,0,0,0,0,0,0,0,41,41,8813,0,0,0,0,0,0,0,0,0
201310,999,13780, ,Binghamton  NY ,1,1,225,0,0,0,0,0,0,0,0,0,1,1,225,0,0,0,0,0,0,0,0,0
201310,999,13900, ,Bismarck  ND ,107,107,20268,3,6,697,4,13,2173,8,272,23989,13,13,3182,0,0,0,1,4,807,4,191,15800
201310,999,14020, ,Bloomington  IN ,11,11,2017,2,4,412,0,0,0,0,0,0,11,11,2017,2,4,412,0,0,0,0,0,0
201310,999,14060, ,Bloomington-Normal  IL ,33,33,5346,0,0,0,0,0,0,3,125,12052,14,14,1379,0,0,0,0,0,0,1,102,10750
201310,999,14260,C,Boise City-Nampa  ID ,314,314,78154,1,2,218,0,0,0,8,144,9935,314,314,78154,1,2,218,0,0,0,8,144,9935
201310,999,14540, ,Bowling Green  KY ,29,29,5950,0,0,0,0,0,0,0,0,0,29,29,5950,0,0,0,0,0,0,0,0,0
201310,999,15260, ,Brunswick  GA ,37,37,9514,0,0,0,0,0,0,0,0,0,0,0,0,0,0,0,0,0,0,0,0,0
201310,999,15540, ,Burlington-South Burlington  VT ,36,36,8853,1,2,385,1,3,551,2,22,1945,22,22,6034,1,2,385,1,3,551,1,17,1520
201310,999,15940, ,Canton-Massillon  OH ,26,26,6490,1,2,60,0,0,0,2,17,1134,22,22,6055,1,2,60,0,0,0,1,12,750
201310,999,15980,C,Cape Coral-Fort Myers  FL ,234,234,51868,0,0,0,0,0,0,2,12,2346,234,234,51868,0,0,0,0,0,0,2,12,2346
201310,999,16180,C,Carson City  NV ,3,3,940,0,0,0,0,0,0,0,0,0,3,3,940,0,0,0,0,0,0,0,0,0
201310,999,16220, ,Casper  WY ,18,18,2991,0,0,0,0,0,0,1,32,1875,18,18,2991,0,0,0,0,0,0,1,32,1875
201310,999,16300, ,Cedar Rapids  IA ,63,63,6869,2,4,351,2,6,440,1,5,167,29,29,3571,1,2,215,0,0,0,0,0,0
201310,999,16580, ,Champaign-Urbana  IL ,14,14,2280,0,0,0,0,0,0,1,28,540,14,14,2280,0,0,0,0,0,0,1,28,540
201310,999,16620, ,Charleston  WV ,9,9,1941,0,0,0,0,0,0,0,0,0,7,7,1661,0,0,0,0,0,0,0,0,0
201310,999,16700,C,Charleston-North Charleston-Summerville  SC ,312,312,74518,0,0,0,1,3,364,4,213,24299,213,213,53643,0,0,0,1,3,364,3,172,22245
201310,999,16820, ,Charlottesville  VA ,39,39,9014,0,0,0,0,0,0,0,0,0,39,39,9014,0,0,0,0,0,0,0,0,0
201310,999,16940, ,Cheyenne  WY ,31,31,6128,0,0,0,0,0,0,0,0,0,31,31,6128,0,0,0,0,0,0,0,0,0
201310,999,17020, ,Chico  CA ,34,34,7812,2,4,443,0,0,0,0,0,0,27,27,6330,2,4,443,0,0,0,0,0,0
201310,999,17300, ,Clarksville  TN-KY ,100,100,12993,10,20,1400,0,0,0,4,27,1560,100,100,12993,10,20,1400,0,0,0,4,27,1560
201310,999,17660, ,Coeur dAlene  ID ,79,79,17175,0,0,0,1,3,213,2,34,2655,46,46,11790,0,0,0,0,0,0,0,0,0
201310,999,17780, ,College Station-Bryan  TX ,43,43,6964,0,0,0,2,8,433,8,192,6997,43,43,6964,0,0,0,2,8,433,8,192,6997
201310,999,17820,C,Colorado Springs  CO ,217,217,91666,1,2,307,0,0,0,0,0,0,217,217,91666,1,2,307,0,0,0,0,0,0
201310,999,17860, ,Columbia  MO ,116,116,21549,0,0,0,0,0,0,1,32,3000,116,116,21549,0,0,0,0,0,0,1,32,3000
201310,999,18880, ,Crestview-Fort Walton Beach-Destin  FL ,34,34,11008,0,0,0,0,0,0,0,0,0,34,34,11008,0,0,0,0,0,0,0,0,0
201310,999,19060, ,Cumberland  MD-WV ,3,3,616,0,0,0,0,0,0,0,0,0,3,3,616,0,0,0,0,0,0,0,0,0
201310,999,19140,C,Dalton  GA ,7,7,1072,0,0,0,0,0,0,0,0,0,3,3,578,0,0,0,0,0,0,0,0,0
201310,999,19180, ,Danville  IL ,0,0,0,0,0,0,0,0,0,0,0,0,0,0,0,0,0,0,0,0,0,0,0,0
201310,999,19260, ,Danville  VA ,10,10,1400,0,0,0,0,0,0,1,5,295,0,0,0,0,0,0,0,0,0,0,0,0
201310,999,19340, ,Davenport-Moline-Rock Island  IA-IL ,52,52,10319,0,0,0,0,0,0,0,0,0,35,35,6192,0,0,0,0,0,0,0,0,0
201310,999,19500, ,Decatur  IL ,0,0,0,0,0,0,0,0,0,0,0,0,0,0,0,0,0,0,0,0,0,0,0,0
201310,999,20100,C,Dover  DE ,60,60,8433,0,0,0,0,0,0,2,16,800,60,60,8433,0,0,0,0,0,0,2,16,800
201310,999,20220, ,Dubuque  IA ,35,35,5718,0,0,0,0,0,0,0,0,0,33,33,5241,0,0,0,0,0,0,0,0,0
201310,999,20260, ,Duluth  MN-WI ,22,22,4073,0,0,0,0,0,0,0,0,0,22,22,4073,0,0,0,0,0,0,0,0,0
201310,999,20940, ,El Centro  CA ,9,9,1660,0,0,0,0,0,0,0,0,0,6,6,1196,0,0,0,0,0,0,0,0,0
201310,999,21300, ,Elmira  NY ,4,4,482,0,0,0,0,0,0,1,5,409,2,2,300,0,0,0,0,0,0,0,0,0
201310,999,21340, ,El Paso  TX ,214,214,34142,5,10,669,0,0,0,0,0,0,214,214,34142,5,10,669,0,0,0,0,0,0
201310,999,21500, ,Erie  PA ,9,9,2266,6,12,1272,0,0,0,0,0,0,9,9,2266,6,12,1272,0,0,0,0,0,0
201310,999,21660, ,Eugene-Springfield  OR ,35,35,8874,1,2,322,1,4,400,4,33,3460,12,12,3187,0,0,0,0,0,0,0,0,0
201310,999,21780, ,Evansville  IN-KY ,53,53,10540,0,0,0,0,0,0,0,0,0,53,53,10540,0,0,0,0,0,0,0,0,0
201310,999,21820,C,Fairbanks  AK ,5,5,919,0,0,0,0,0,0,0,0,0,0,0,0,0,0,0,0,0,0,0,0,0
201310,999,22140,C,Farmington  NM ,15,15,3824,0,0,0,0,0,0,0,0,0,15,15,3824,0,0,0,0,0,0,0,0,0
201310,999,22180, ,Fayetteville  NC ,99,99,18700,0,0,0,0,0,0,1,8,320,99,99,18700,0,0,0,0,0,0,1,8,320
201310,999,22220, ,Fayetteville-Springdale-Rogers  AR-MO ,169,169,40840,5,10,1262,8,32,4530,0,0,0,161,161,39752,5,10,1262,8,32,4530,0,0,0
201310,999,22380, ,Flagstaff  AZ ,25,25,4185,0,0,0,0,0,0,0,0,0,19,19,2945,0,0,0,0,0,0,0,0,0
201310,999,22500, ,Florence  SC ,23,23,3642,1,2,67,0,0,0,0,0,0,2,2,339,0,0,0,0,0,0,0,0,0
201310,999,22520, ,Florence-Muscle Shoals  AL ,18,18,2725,0,0,0,0,0,0,4,28,1120,9,9,1642,0,0,0,0,0,0,4,28,1120
201310,999,22660,C,Fort Collins-Loveland  CO ,70,70,19885,0,0,0,0,0,0,2,60,4828,67,67,19074,0,0,0,0,0,0,2,60,4828
201310,999,22900, ,Fort Smith  AR-OK ,31,31,5186,3,6,1031,0,0,0,0,0,0,26,26,4728,3,6,1031,0,0,0,0,0,0
201310,999,23460, ,Gadsden  AL ,1,1,527,0,0,0,0,0,0,0,0,0,1,1,527,0,0,0,0,0,0,0,0,0
201310,999,23540, ,Gainesville  FL ,41,41,7164,0,0,0,0,0,0,2,26,1593,32,32,6220,0,0,0,0,0,0,0,0,0
201310,999,24140, ,Goldsboro  NC ,22,22,3446,0,0,0,0,0,0,0,0,0,22,22,3446,0,0,0,0,0,0,0,0,0
201310,999,24220, ,Grand Forks  ND-MN ,19,19,3117,0,0,0,0,0,0,0,0,0,19,19,3117,0,0,0,0,0,0,0,0,0
201310,999,24300,C,Grand Junction  CO ,37,37,8473,0,0,0,0,0,0,0,0,0,37,37,8473,0,0,0,0,0,0,0,0,0
201310,999,24500, ,Great Falls  MT ,1,1,409,0,0,0,0,0,0,0,0,0,1,1,409,0,0,0,0,0,0,0,0,0
201310,999,24580, ,Green Bay  WI ,56,56,11450,1,2,210,4,16,960,16,132,6917,29,29,7460,1,2,210,4,16,960,13,115,6170
201310,999,24780, ,Greenville  NC ,30,30,5177,6,12,1002,0,0,0,0,0,0,18,18,2839,6,12,1002,0,0,0,0,0,0
201310,999,25180, ,Hagerstown-Martinsburg  MD-WV ,74,74,14435,0,0,0,0,0,0,0,0,0,74,74,14435,0,0,0,0,0,0,0,0,0
201310,999,25260, ,Hanford-Corcoran  CA ,22,22,3436,0,0,0,0,0,0,1,5,500,12,12,2040,0,0,0,0,0,0,1,5,500
201310,999,25500,C,Harrisonburg  VA ,28,28,5885,0,0,0,0,0,0,0,0,0,28,28,5885,0,0,0,0,0,0,0,0,0
201310,999,25620, ,Hattiesburg  MS ,2,2,377,1,2,172,3,12,315,0,0,0,0,0,0,0,0,0,0,0,0,0,0,0
201310,999,25860, ,Hickory-Lenoir-Morganton  NC ,37,37,8506,0,0,0,0,0,0,0,0,0,37,37,8506,0,0,0,0,0,0,0,0,0
201310,999,26180,C,Honolulu  HI ,73,73,29217,0,0,0,0,0,0,2,164,12000,73,73,29217,0,0,0,0,0,0,2,164,12000
201310,999,26300, ,Hot Springs  AR ,4,4,1290,0,0,0,0,0,0,0,0,0,4,4,1290,0,0,0,0,0,0,0,0,0
201310,999,26380, ,Houma-Bayou Cane-Thibodaux  LA ,39,39,8763,2,4,160,0,0,0,0,0,0,39,39,8763,2,4,160,0,0,0,0,0,0
201310,999,26580, ,Huntington-Ashland  WV-KY-OH ,3,3,258,0,0,0,0,0,0,1,5,250,0,0,0,0,0,0,0,0,0,0,0,0
201310,999,26980, ,Iowa City  IA ,44,44,10610,1,2,300,0,0,0,3,58,7519,42,42,10139,0,0,0,0,0,0,3,58,7519
201310,999,27100, ,Jackson  MI ,4,4,479,0,0,0,0,0,0,0,0,0,1,1,151,0,0,0,0,0,0,0,0,0
201310,999,27260,C,Jacksonville  FL ,519,519,110148,1,2,250,0,0,0,1,5,1004,494,494,103944,1,2,250,0,0,0,0,0,0
201310,999,27340, ,Jacksonville  NC ,64,64,8225,2,4,150,0,0,0,0,0,0,64,64,8225,2,4,150,0,0,0,0,0,0
201310,999,27500, ,Janesville  WI ,6,6,1032,2,4,340,0,0,0,0,0,0,5,5,890,2,4,340,0,0,0,0,0,0
201310,999,27620, ,Jefferson City  MO ,20,20,3781,0,0,0,1,3,277,0,0,0,0,0,0,0,0,0,0,0,0,0,0,0
201310,999,27780, ,Johnstown  PA ,1,1,183,0,0,0,0,0,0,0,0,0,1,1,183,0,0,0,0,0,0,0,0,0
201310,999,27900, ,Joplin  MO ,21,21,3277,4,8,600,0,0,0,0,0,0,21,21,3277,4,8,600,0,0,0,0,0,0
201310,999,28020, ,Kalamazoo-Portage  MI ,29,29,5906,3,6,1331,0,0,0,0,0,0,13,13,3172,3,6,1331,0,0,0,0,0,0
201310,999,28420, ,Kennewick-Pasco-Richland  WA ,90,90,22952,2,4,401,0,0,0,3,29,3544,32,32,8277,0,0,0,0,0,0,0,0,0
201310,999,28660, ,Killeen-Temple-Fort Hood  TX ,147,147,24301,6,12,913,0,0,0,0,0,0,101,101,16045,0,0,0,0,0,0,0,0,0
201310,999,29100, ,La Crosse  WI-MN ,28,28,5363,0,0,0,0,0,0,0,0,0,15,15,3075,0,0,0,0,0,0,0,0,0
201310,999,29420, ,Lake Havasu City-Kingman  AZ ,42,42,8840,0,0,0,0,0,0,0,0,0,42,42,8840,0,0,0,0,0,0,0,0,0
201310,999,29460,C,Lakeland-Winter Haven  FL ,166,166,38961,0,0,0,0,0,0,0,0,0,163,163,38643,0,0,0,0,0,0,0,0,0
201310,999,29540, ,Lancaster  PA ,40,40,7485,0,0,0,0,0,0,0,0,0,36,36,6727,0,0,0,0,0,0,0,0,0
201310,999,29700,C,Laredo  TX ,75,75,10946,0,0,0,1,3,142,1,86,5249,0,0,0,0,0,0,0,0,0,0,0,0
201310,999,29740,C,Las Cruces  NM ,54,54,11023,0,0,0,0,0,0,0,0,0,25,25,5196,0,0,0,0,0,0,0,0,0
201310,999,29940, ,Lawrence  KS ,10,10,2799,0,0,0,0,0,0,0,0,0,7,7,1922,0,0,0,0,0,0,0,0,0
201310,999,30020, ,Lawton  OK ,6,6,1211,0,0,0,0,0,0,0,0,0,6,6,1211,0,0,0,0,0,0,0,0,0
201310,999,30300, ,Lewiston  ID-WA ,3,3,682,0,0,0,0,0,0,0,0,0,3,3,682,0,0,0,0,0,0,0,0,0
201310,999,30700, ,Lincoln  NE ,91,91,17923,0,0,0,0,0,0,2,64,2112,1,1,136,0,0,0,0,0,0,0,0,0
201310,999,30860, ,Logan  UT-ID ,25,25,4406,0,0,0,1,4,336,1,12,1076,24,24,4251,0,0,0,0,0,0,0,0,0
201310,999,31020, ,Longview  WA ,12,12,2668,0,0,0,0,0,0,0,0,0,10,10,2330,0,0,0,0,0,0,0,0,0
201310,999,31340, ,Lynchburg  VA ,54,54,9794,0,0,0,0,0,0,0,0,0,54,54,9794,0,0,0,0,0,0,0,0,0
201310,999,31740, ,Manhattan  KS ,27,27,5720,1,2,322,0,0,0,1,31,2647,5,5,1139,1,2,322,0,0,0,0,0,0
201310,999,31860, ,Mankato-North Mankato  MN ,20,20,3534,3,6,494,3,12,960,3,49,3205,9,9,2012,2,4,320,3,12,960,0,0,0
201310,999,32580,C,McAllen-Edinburg-Mission  TX ,195,195,23327,2,4,289,10,40,2279,0,0,0,187,187,22845,2,4,289,10,40,2279,0,0,0
201310,999,32780, ,Medford  OR ,59,59,12885,0,0,0,0,0,0,0,0,0,59,59,12885,0,0,0,0,0,0,0,0,0
201310,999,32820,C,Memphis  TN-MS-AR ,196,196,35952,0,0,0,0,0,0,3,251,17687,150,150,28429,0,0,0,0,0,0,3,251,17687
201310,999,32900, ,Merced  CA ,10,10,2930,0,0,0,0,0,0,0,0,0,10,10,2930,0,0,0,0,0,0,0,0,0
201310,999,33100,C,Miami-Fort Lauderdale-Pompano Beach  FL ,512,512,163656,2,4,697,0,0,0,42,1499,194215,487,487,157300,2,4,697,0,0,0,36,1355,171906
201310,999,33540,C,Missoula  MT ,23,23,2921,0,0,0,0,0,0,2,25,1139,11,11,1858,0,0,0,0,0,0,1,13,683
201310,999,33700, ,Modesto  CA ,24,24,5174,0,0,0,0,0,0,0,0,0,20,20,4506,0,0,0,0,0,0,0,0,0
201310,999,34060, ,Morgantown  WV ,1,1,338,0,0,0,0,0,0,0,0,0,1,1,338,0,0,0,0,0,0,0,0,0
201310,999,34620, ,Muncie  IN ,5,5,1195,0,0,0,0,0,0,2,226,17660,5,5,1195,0,0,0,0,0,0,2,226,17660
201310,999,34940,C,Naples-Marco Island  FL ,138,138,53954,0,0,0,2,8,1263,3,24,2955,27,27,27138,0,0,0,0,0,0,0,0,0
201310,999,35660, ,Niles-Benton Harbor  MI ,6,6,2065,0,0,0,0,0,0,0,0,0,5,5,1848,0,0,0,0,0,0,0,0,0
201310,999,35980, ,Norwich-New London  CT ,33,33,8279,8,16,3533,0,0,0,0,0,0,27,27,7144,8,16,3533,0,0,0,0,0,0
201310,999,36100,C,Ocala  FL ,61,61,12919,0,0,0,0,0,0,0,0,0,61,61,12919,0,0,0,0,0,0,0,0,0
201310,999,36140,C,Ocean City  NJ ,69,69,22337,7,14,2523,1,3,204,0,0,0,65,65,21576,7,14,2523,1,3,204,0,0,0
201310,999,36980, ,Owensboro  KY ,12,12,3408,5,10,525,0,0,0,7,188,9900,12,12,3408,5,10,525,0,0,0,7,188,9900
201310,999,37340,C,Palm Bay-Melbourne-Titusville  FL ,125,125,41519,0,0,0,0,0,0,0,0,0,124,124,41096,0,0,0,0,0,0,0,0,0
201310,999,37460, ,Panama City-Lynn Haven-Panama City Beach  FL ,47,47,7756,0,0,0,0,0,0,1,5,384,20,20,4279,0,0,0,0,0,0,0,0,0
201310,999,37620, ,Parkersburg-Marietta-Vienna  WV-OH ,5,5,978,0,0,0,0,0,0,0,0,0,5,5,978,0,0,0,0,0,0,0,0,0
201310,999,37860,C,Pensacola-Ferry Pass-Brent  FL ,209,209,37603,0,0,0,0,0,0,0,0,0,209,209,37603,0,0,0,0,0,0,0,0,0
201310,999,38060,C,Phoenix-Mesa-Glendale  AZ ,1030,1030,265472,1,2,126,1,4,641,1,115,22952,1016,1016,262585,1,2,126,1,4,641,1,115,22952
201310,999,38340, ,Pittsfield  MA ,3,3,924,0,0,0,0,0,0,0,0,0,0,0,0,0,0,0,0,0,0,0,0,0
201310,999,38540, ,Pocatello  ID ,12,12,1599,0,0,0,0,0,0,0,0,0,7,7,1095,0,0,0,0,0,0,0,0,0
201310,999,38900,C,Portland-Vancouver-Hillsboro  OR-WA ,471,471,129217,8,16,2196,2,7,781,13,400,34739,457,457,126392,8,16,2196,2,7,781,12,395,34423
201310,999,39140, ,Prescott  AZ ,66,66,15610,0,0,0,0,0,0,0,0,0,66,66,15610,0,0,0,0,0,0,0,0,0
201310,999,39340, ,Provo-Orem  UT ,256,256,63698,1,2,397,2,7,1365,4,35,3389,256,256,63698,1,2,397,2,7,1365,4,35,3389
201310,999,39380,C,Pueblo  CO ,17,17,3238,0,0,0,0,0,0,0,0,0,17,17,3238,0,0,0,0,0,0,0,0,0
201310,999,39660, ,Rapid City  SD ,32,32,5686,0,0,0,0,0,0,2,11,1100,25,25,4840,0,0,0,0,0,0,2,11,1100
201310,999,39820, ,Redding  CA ,12,12,2202,0,0,0,0,0,0,0,0,0,12,12,2202,0,0,0,0,0,0,0,0,0
201310,999,40060,C,Richmond  VA ,291,291,60040,0,0,0,0,0,0,0,0,0,277,277,58371,0,0,0,0,0,0,0,0,0
201310,999,40220, ,Roanoke  VA ,49,49,12232,1,2,60,0,0,0,0,0,0,49,49,12232,1,2,60,0,0,0,0,0,0
201310,999,40340, ,Rochester  MN ,47,47,11535,0,0,0,1,4,701,0,0,0,41,41,10033,0,0,0,1,4,701,0,0,0
201310,999,40580, ,Rocky Mount  NC ,17,17,3051,0,0,0,0,0,0,0,0,0,17,17,3051,0,0,0,0,0,0,0,0,0
201310,999,40660, ,Rome  GA ,3,3,709,0,0,0,0,0,0,0,0,0,0,0,0,0,0,0,0,0,0,0,0,0
201310,999,41100, ,St. George  UT ,165,165,33890,0,0,0,0,0,0,0,0,0,165,165,33890,0,0,0,0,0,0,0,0,0
201310,999,41140, ,St. Joseph  MO-KS ,7,7,1370,1,2,219,0,0,0,0,0,0,0,0,0,0,0,0,0,0,0,0,0,0
201310,999,41420, ,Salem  OR ,58,58,12964,0,0,0,0,0,0,0,0,0,55,55,12301,0,0,0,0,0,0,0,0,0
201310,999,41500, ,Salinas  CA ,7,7,1737,0,0,0,0,0,0,0,0,0,7,7,1737,0,0,0,0,0,0,0,0,0
201310,999,41660,C,San Angelo  TX ,24,24,4730,0,0,0,0,0,0,0,0,0,24,24,4730,0,0,0,0,0,0,0,0,0
201310,999,41700,C,San Antonio-New Braunfels  TX ,516,516,102897,12,24,2085,0,0,0,20,337,24883,233,233,54206,9,18,1601,0,0,0,0,0,0
201310,999,41740,C,San Diego-Carlsbad-San Marcos  CA ,200,200,72075,8,16,1446,5,15,2506,5,543,69677,200,200,72075,8,16,1446,5,15,2506,5,543,69677
201310,999,41780, ,Sandusky  OH ,1,1,70,0,0,0,0,0,0,0,0,0,1,1,70,0,0,0,0,0,0,0,0,0
201310,999,42020, ,San Luis Obispo-Paso Robles  CA ,23,23,8951,0,0,0,0,0,0,0,0,0,4,4,1234,0,0,0,0,0,0,0,0,0
201310,999,42060, ,Santa Barbara-Santa Maria-Goleta  CA ,11,11,7156,0,0,0,0,0,0,0,0,0,11,11,7156,0,0,0,0,0,0,0,0,0
201310,999,42540, ,Scranton--Wilkes-Barre  PA ,8,8,1858,0,0,0,1,3,255,0,0,0,7,7,1674,0,0,0,1,3,255,0,0,0
201310,999,43100, ,Sheboygan  WI ,4,4,928,0,0,0,0,0,0,0,0,0,1,1,170,0,0,0,0,0,0,0,0,0
201310,999,43620, ,Sioux Falls  SD ,102,102,17467,0,0,0,0,0,0,3,31,2523,102,102,17467,0,0,0,0,0,0,3,31,2523
201310,999,44060, ,Spokane  WA ,103,103,28442,4,8,869,0,0,0,0,0,0,103,103,28442,4,8,869,0,0,0,0,0,0
201310,999,44100, ,Springfield  IL ,11,11,3036,4,8,1198,0,0,0,0,0,0,0,0,0,0,0,0,0,0,0,0,0,0
201310,999,44140, ,Springfield  MA ,23,23,4906,0,0,0,0,0,0,0,0,0,14,14,3238,0,0,0,0,0,0,0,0,0
201310,999,44180, ,Springfield  MO ,73,73,12056,1,2,115,0,0,0,5,107,4448,42,42,7158,0,0,0,0,0,0,0,0,0
201310,999,44300, ,State College  PA ,16,16,4446,0,0,0,0,0,0,1,12,1000,12,12,3787,0,0,0,0,0,0,1,12,1000
201310,999,44600, ,Steubenville-Weirton  OH-WV ,3,3,449,0,0,0,0,0,0,0,0,0,3,3,449,0,0,0,0,0,0,0,0,0
201310,999,44700,C,Stockton  CA ,72,72,16734,0,0,0,0,0,0,0,0,0,71,71,16365,0,0,0,0,0,0,0,0,0
201310,999,44940,C,Sumter  SC ,31,31,3761,0,0,0,0,0,0,0,0,0,31,31,3761,0,0,0,0,0,0,0,0,0
201310,999,45220, ,Tallahassee  FL ,49,49,9570,0,0,0,0,0,0,3,82,7270,23,23,5718,0,0,0,0,0,0,0,0,0
201310,999,45300,C,Tampa-St. Petersburg-Clearwater  FL ,508,508,167060,4,8,864,5,18,1491,15,558,38875,505,505,166274,4,8,864,5,18,1491,15,558,38875
201310,999,45460, ,Terre Haute  IN ,9,9,1705,1,2,170,1,3,211,1,6,296,6,6,1322,0,0,0,0,0,0,0,0,0
201310,999,45500, ,Texarkana  TX-Texarkana  AR ,6,6,488,4,8,360,0,0,0,0,0,0,6,6,488,4,8,360,0,0,0,0,0,0
201310,999,45820, ,Topeka  KS ,33,33,5496,2,4,320,0,0,0,0,0,0,32,32,5282,2,4,320,0,0,0,0,0,0
201310,999,46060,C,Tucson  AZ ,211,211,52668,1,2,102,0,0,0,3,66,7741,137,137,36998,0,0,0,0,0,0,0,0,0
201310,999,46220, ,Tuscaloosa  AL ,34,34,9028,1,2,465,0,0,0,0,0,0,34,34,9028,1,2,465,0,0,0,0,0,0
201310,999,46540, ,Utica-Rome  NY ,2,2,290,0,0,0,0,0,0,0,0,0,0,0,0,0,0,0,0,0,0,0,0,0
201310,999,46660, ,Valdosta  GA ,32,32,3437,0,0,0,0,0,0,0,0,0,0,0,0,0,0,0,0,0,0,0,0,0
201310,999,47020, ,Victoria  TX ,12,12,2343,0,0,0,0,0,0,0,0,0,12,12,2343,0,0,0,0,0,0,0,0,0
201310,999,47260,C,Virginia Beach-Norfolk-Newport News  VA-NC ,238,238,52298,0,0,0,0,0,0,1,24,1050,206,206,44139,0,0,0,0,0,0,1,24,1050
201310,999,47300, ,Visalia-Porterville  CA ,85,85,21477,0,0,0,0,0,0,0,0,0,85,85,21477,0,0,0,0,0,0,0,0,0
201310,999,47380, ,Waco  TX ,21,21,3263,0,0,0,0,0,0,0,0,0,21,21,3263,0,0,0,0,0,0,0,0,0
201310,999,47940, ,Waterloo-Cedar Falls  IA ,26,26,5456,0,0,0,1,4,713,0,0,0,17,17,4303,0,0,0,1,4,713,0,0,0
201310,999,48300, ,Wenatchee-East Wenatchee  WA ,23,23,4596,0,0,0,0,0,0,0,0,0,10,10,2295,0,0,0,0,0,0,0,0,0
201310,999,48540, ,Wheeling  WV-OH ,0,0,0,0,0,0,0,0,0,0,0,0,0,0,0,0,0,0,0,0,0,0,0,0
201310,999,48660, ,Wichita Falls  TX ,11,11,2888,0,0,0,0,0,0,1,8,475,0,0,0,0,0,0,0,0,0,0,0,0
201310,999,48900,C,Wilmington  NC ,238,238,52111,0,0,0,0,0,0,6,113,12753,126,126,26684,0,0,0,0,0,0,0,0,0
201310,999,49420, ,Yakima  WA ,10,10,3047,0,0,0,0,0,0,0,0,0,10,10,3047,0,0,0,0,0,0,0,0,0
201310,999,49740, ,Yuma  AZ ,34,34,5477,0,0,0,0,0,0,0,0,0,34,34,5477,0,0,0,0,0,0,0,0,0
