Survey,CSA,CBSA,MONCOV,CBSA,,1-unit,,,2-units,,,3-4 units,,,5+ units,,,1-unit rep,,,2-units rep,,,3-4 units rep,,,5+ units rep
Date,Code,Code,,Name,Bldgs,Units,Value,Bldgs,Units,Value,Bldgs,Units,Value,Bldgs,Units,Value,Bldgs,Units,Value,Bldgs,Units,Value,      Bldgs,Units,Value,Bldgs,Units,Value
 
201405,104,10580, ,Albany-Schenectady-Troy  NY ,85,85,23251,2,4,492,1,3,324,1,6,959,79,79,21647,2,4,492,1,3,324,1,6,959
201405,104,24020, ,Glens Falls  NY ,19,19,4248,0,0,0,0,0,0,2,16,200,13,13,3625,0,0,0,0,0,0,2,16,200
201405,106,10740,C,Albuquerque  NM ,149,149,28607,0,0,0,1,4,335,1,5,208,66,66,13800,0,0,0,0,0,0,0,0,0
201405,106,42140,C,Santa Fe  NM ,19,19,4212,0,0,0,0,0,0,0,0,0,19,19,4212,0,0,0,0,0,0,0,0,0
201405,108,11100, ,Amarillo  TX ,37,37,8964,0,0,0,0,0,0,0,0,0,37,37,8964,0,0,0,0,0,0,0,0,0
201405,118,11540, ,Appleton  WI ,55,55,11415,2,4,350,1,4,415,9,84,4050,52,52,10793,2,4,350,1,4,415,9,84,4050
201405,118,36780, ,Oshkosh-Neenah  WI ,28,28,5282,0,0,0,0,0,0,0,0,0,28,28,5282,0,0,0,0,0,0,0,0,0
201405,120,11700, ,Asheville  NC ,120,120,30928,0,0,0,0,0,0,1,7,224,46,46,12785,0,0,0,0,0,0,0,0,0
201405,122,12020, ,Athens-Clarke County  GA ,48,48,13118,0,0,0,0,0,0,0,0,0,48,48,13118,0,0,0,0,0,0,0,0,0
201405,122,12060,C,Atlanta-Sandy Springs-Roswell  GA ,1519,1519,302342,1,2,161,3,10,1903,39,1004,88185,1228,1228,262629,1,2,161,3,10,1903,37,964,84173
201405,122,23580, ,Gainesville  GA ,43,43,7873,2,4,580,0,0,0,0,0,0,43,43,7873,2,4,580,0,0,0,0,0,0
201405,140,13460,C,Bend-Redmond  OR ,94,94,23084,2,4,882,0,0,0,0,0,0,83,83,20984,2,4,882,0,0,0,0,0,0
201405,142,13820,C,Birmingham-Hoover  AL ,215,215,49670,0,0,0,0,0,0,3,89,7070,170,170,39435,0,0,0,0,0,0,2,84,6752
201405,144,14020, ,Bloomington  IN ,16,16,2900,1,2,205,0,0,0,4,37,2946,0,0,0,0,0,0,0,0,0,0,0,0
201405,145,14010, ,Bloomington  IL ,33,33,5525,0,0,0,0,0,0,1,20,1054,14,14,1669,0,0,0,0,0,0,0,0,0
201405,146,14100, ,Bloomsburg-Berwick  PA ,2,2,420,0,0,0,0,0,0,0,0,0,2,2,420,0,0,0,0,0,0,0,0,0
201405,147,14260,C,Boise City  ID ,414,414,86974,2,4,377,4,16,912,4,171,16466,413,413,86743,2,4,377,4,16,912,4,171,16466
201405,148,12700, ,Barnstable Town  MA ,49,49,14368,0,0,0,0,0,0,2,10,1366,33,33,8116,0,0,0,0,0,0,0,0,0
201405,148,14460,C,Boston-Cambridge-Newton  MA-NH ,434,434,121614,20,40,6248,8,24,3256,29,476,75130,318,318,90545,15,30,4846,5,15,1990,14,323,58482
201405,148,31700, ,Manchester-Nashua  NH ,32,32,6395,1,2,298,1,3,444,0,0,0,21,21,3904,0,0,0,0,0,0,0,0,0
201405,148,39300, ,Providence-Warwick  RI-MA ,137,137,29776,2,4,654,1,3,538,3,18,3146,101,101,22701,0,0,0,0,0,0,0,0,0
201405,148,49340, ,Worcester  MA-CT ,78,78,16248,5,10,1757,1,3,360,1,13,1000,52,52,11651,3,6,1077,0,0,0,1,13,1000
201405,150,14540, ,Bowling Green  KY ,31,31,6683,0,0,0,0,0,0,0,0,0,31,31,6683,0,0,0,0,0,0,0,0,0
201405,154,15180, ,Brownsville-Harlingen  TX ,94,94,8480,2,4,227,0,0,0,0,0,0,94,94,8480,2,4,227,0,0,0,0,0,0
201405,160,15380, ,Buffalo-Cheektowaga-Niagara Falls  NY ,79,79,19105,0,0,0,6,24,2697,5,30,3516,76,76,18578,0,0,0,6,24,2697,4,23,2485
201405,162,15980,C,Cape Coral-Fort Myers  FL ,260,260,68809,10,20,2150,4,16,2643,6,159,11512,260,260,68809,10,20,2150,4,16,2643,6,159,11512
201405,162,34940,C,Naples-Immokalee-Marco Island  FL ,172,172,75787,0,0,0,2,8,1269,4,69,5745,29,29,41176,0,0,0,0,0,0,0,0,0
201405,164,16020, ,Cape Girardeau  MO-IL ,8,8,1906,0,0,0,0,0,0,0,0,0,8,8,1906,0,0,0,0,0,0,0,0,0
201405,168,16300, ,Cedar Rapids  IA ,53,53,6357,2,4,339,2,6,467,2,25,2220,10,10,1417,0,0,0,0,0,0,0,0,0
201405,168,26980, ,Iowa City  IA ,62,62,14568,0,0,0,1,4,591,0,0,0,59,59,13968,0,0,0,1,4,591,0,0,0
201405,170,16620, ,Charleston  WV ,1,1,300,0,0,0,0,0,0,0,0,0,1,1,300,0,0,0,0,0,0,0,0,0
201405,170,26580, ,Huntington-Ashland  WV-KY-OH ,11,11,2074,0,0,0,0,0,0,0,0,0,8,8,1659,0,0,0,0,0,0,0,0,0
201405,172,16740, ,Charlotte-Concord-Gastonia  NC-SC ,909,909,210929,1,2,100,0,0,0,8,160,16177,805,805,182123,1,2,100,0,0,0,7,152,15275
201405,174,16860, ,Chattanooga  TN-GA ,96,96,16464,0,0,0,0,0,0,0,0,0,95,95,16356,0,0,0,0,0,0,0,0,0
201405,174,17420, ,Cleveland  TN ,26,26,3342,0,0,0,1,3,220,0,0,0,0,0,0,0,0,0,0,0,0,0,0,0
201405,174,19140,C,Dalton  GA ,7,7,987,0,0,0,0,0,0,0,0,0,0,0,0,0,0,0,0,0,0,0,0,0
201405,176,16980,C,Chicago-Naperville-Elgin  IL-IN-WI ,742,742,212375,9,18,2707,9,30,5289,20,759,70946,616,616,177282,8,16,2470,9,30,5289,18,740,69117
201405,176,28100, ,Kankakee  IL ,6,6,1412,0,0,0,0,0,0,0,0,0,6,6,1412,0,0,0,0,0,0,0,0,0
201405,176,33140, ,Michigan City-La Porte  IN ,2,2,1035,0,0,0,0,0,0,0,0,0,2,2,1035,0,0,0,0,0,0,0,0,0
201405,178,17140, ,Cincinnati  OH-KY-IN ,319,319,68409,0,0,0,1,4,300,3,77,7668,268,268,57859,0,0,0,1,4,300,2,72,7321
201405,184,10420, ,Akron  OH ,39,39,10869,0,0,0,0,0,0,0,0,0,39,39,10869,0,0,0,0,0,0,0,0,0
201405,184,15940, ,Canton-Massillon  OH ,44,44,8398,1,2,167,2,6,270,2,10,861,1,1,175,0,0,0,0,0,0,0,0,0
201405,184,17460,C,Cleveland-Elyria  OH ,231,231,53833,4,8,40,2,7,438,3,19,1741,126,126,34311,0,0,0,2,7,438,2,13,813
201405,190,17860,C,Columbia  MO ,72,72,22023,2,4,655,0,0,0,3,138,21500,72,72,22023,2,4,655,0,0,0,3,138,21500
201405,192,17900,C,Columbia  SC ,292,292,50344,0,0,0,0,0,0,3,41,2567,67,67,8386,0,0,0,0,0,0,0,0,0
201405,194,12220,C,Auburn-Opelika  AL ,65,65,18341,0,0,0,0,0,0,1,5,1540,15,15,3995,0,0,0,0,0,0,0,0,0
201405,194,17980, ,Columbus  GA-AL ,54,54,7954,0,0,0,1,3,136,1,19,1441,24,24,4779,0,0,0,0,0,0,0,0,0
201405,198,18140, ,Columbus  OH ,354,354,85929,0,0,0,0,0,0,15,308,37187,300,300,74565,0,0,0,0,0,0,15,308,37187
201405,204,18580, ,Corpus Christi  TX ,128,128,20381,0,0,0,0,0,0,6,77,3611,10,10,1001,0,0,0,0,0,0,0,0,0
201405,206,19100, ,Dallas-Fort Worth-Arlington  TX ,1832,1832,494763,7,14,1283,1,4,431,55,1843,413323,1686,1686,448557,7,14,1283,1,4,431,55,1843,413323
201405,206,43300, ,Sherman-Denison  TX ,0,0,0,0,0,0,0,0,0,0,0,0,0,0,0,0,0,0,0,0,0,0,0,0
201405,209,19340, ,Davenport-Moline-Rock Island  IA-IL ,35,35,8116,0,0,0,0,0,0,0,0,0,8,8,2134,0,0,0,0,0,0,0,0,0
201405,212,19380, ,Dayton  OH ,69,69,19530,1,2,210,1,3,250,0,0,0,41,41,13039,1,2,210,1,3,250,0,0,0
201405,212,44220, ,Springfield  OH ,3,3,549,0,0,0,0,0,0,0,0,0,3,3,549,0,0,0,0,0,0,0,0,0
201405,216,14500, ,Boulder  CO ,24,24,15998,0,0,0,0,0,0,0,0,0,24,24,15998,0,0,0,0,0,0,0,0,0
201405,216,19740,C,Denver-Aurora-Lakewood  CO ,767,767,192897,11,22,3351,0,0,0,3,231,28829,758,758,191224,11,22,3351,0,0,0,2,207,25162
201405,216,24540,C,Greeley  CO ,133,133,30831,0,0,0,1,4,510,2,24,2041,84,84,20672,0,0,0,0,0,0,0,0,0
201405,218,11180, ,Ames  IA ,17,17,4462,0,0,0,0,0,0,1,50,7666,12,12,3324,0,0,0,0,0,0,1,50,7666
201405,218,19780,C,Des Moines-West Des Moines  IA ,323,323,79405,5,10,1791,0,0,0,3,38,4613,321,321,78965,5,10,1791,0,0,0,3,38,4613
201405,220,11460, ,Ann Arbor  MI ,18,18,4084,0,0,0,0,0,0,7,84,8079,9,9,1858,0,0,0,0,0,0,7,84,8079
201405,220,19820,C,Detroit-Warren-Dearborn  MI ,532,532,136497,2,4,516,0,0,0,11,323,22263,449,449,111639,1,2,256,0,0,0,7,290,18846
201405,220,22420, ,Flint  MI ,15,15,2924,0,0,0,0,0,0,0,0,0,5,5,917,0,0,0,0,0,0,0,0,0
201405,220,33780, ,Monroe  MI ,11,11,2110,0,0,0,0,0,0,0,0,0,9,9,1783,0,0,0,0,0,0,0,0,0
201405,222,20020, ,Dothan  AL ,16,16,5120,0,0,0,0,0,0,0,0,0,16,16,5120,0,0,0,0,0,0,0,0,0
201405,232,20740, ,Eau Claire  WI ,28,28,5196,2,4,500,0,0,0,1,12,825,28,28,5196,2,4,500,0,0,0,1,12,825
201405,236,21300, ,Elmira  NY ,1,1,149,0,0,0,0,0,0,0,0,0,0,0,0,0,0,0,0,0,0,0,0,0
201405,238,21340, ,El Paso  TX ,165,165,28738,3,6,584,1,4,229,8,47,5443,165,165,28738,3,6,584,1,4,229,8,47,5443
201405,238,29740,C,Las Cruces  NM ,44,44,11010,0,0,0,0,0,0,0,0,0,31,31,8636,0,0,0,0,0,0,0,0,0
201405,240,21500, ,Erie  PA ,14,14,2691,0,0,0,0,0,0,2,13,830,14,14,2691,0,0,0,0,0,0,2,13,830
201405,244,22020, ,Fargo  ND-MN ,116,116,28828,0,0,0,6,24,3240,5,186,14490,116,116,28828,0,0,0,6,24,3240,5,186,14490
201405,246,22180, ,Fayetteville  NC ,88,88,16112,0,0,0,0,0,0,0,0,0,88,88,16112,0,0,0,0,0,0,0,0,0
201405,258,23060,C,Fort Wayne  IN ,89,89,20323,1,2,252,1,4,600,8,64,2944,89,89,20323,1,2,252,1,4,600,8,64,2944
201405,260,23420, ,Fresno  CA ,120,120,29371,1,2,175,2,7,460,21,162,9887,103,103,26427,1,2,175,1,4,185,21,162,9887
201405,260,31460, ,Madera  CA ,19,19,4970,0,0,0,0,0,0,0,0,0,19,19,4970,0,0,0,0,0,0,0,0,0
201405,264,23540, ,Gainesville  FL ,50,50,8965,0,0,0,0,0,0,2,23,1409,42,42,8029,0,0,0,0,0,0,0,0,0
201405,266,24340, ,Grand Rapids-Wyoming  MI ,170,170,44901,1,2,190,1,3,480,2,19,2510,127,127,35412,1,2,190,1,3,480,1,14,2098
201405,266,34740, ,Muskegon  MI ,13,13,2334,0,0,0,0,0,0,0,0,0,7,7,1221,0,0,0,0,0,0,0,0,0
201405,267,24580, ,Green Bay  WI ,61,61,14214,1,2,300,1,3,180,5,36,2030,33,33,9798,1,2,300,0,0,0,2,16,730
201405,268,15500, ,Burlington  NC ,54,54,7464,0,0,0,0,0,0,0,0,0,54,54,7464,0,0,0,0,0,0,0,0,0
201405,268,24660,C,Greensboro-High Point  NC ,157,157,39344,0,0,0,0,0,0,0,0,0,128,128,33349,0,0,0,0,0,0,0,0,0
201405,268,49180, ,Winston-Salem  NC ,146,146,26823,1,2,404,1,4,312,0,0,0,146,146,26823,1,2,404,1,4,312,0,0,0
201405,273,24860, ,Greenville-Anderson-Maudlin  SC ,369,369,86443,0,0,0,0,0,0,4,60,4761,347,347,83961,0,0,0,0,0,0,3,40,3046
201405,273,43900, ,Spartanburg  SC ,68,68,12129,0,0,0,0,0,0,0,0,0,68,68,12129,0,0,0,0,0,0,0,0,0
201405,274,24780,C,Greenville  NC ,28,28,11126,5,10,711,0,0,0,6,64,4696,28,28,11126,5,10,711,0,0,0,6,64,4696
201405,276,23900,C,Gettysburg  PA ,33,33,7632,0,0,0,0,0,0,0,0,0,33,33,7632,0,0,0,0,0,0,0,0,0
201405,276,25420, ,Harrisburg-Carlisle  PA ,70,70,12266,5,10,1399,2,6,859,1,6,790,51,51,8498,5,10,1399,2,6,859,1,6,790
201405,276,30140, ,Lebanon  PA ,39,39,5730,2,4,650,0,0,0,0,0,0,34,34,4470,2,4,650,0,0,0,0,0,0
201405,276,49620, ,York-Hanover  PA ,60,60,10178,0,0,0,1,4,463,1,7,455,60,60,10178,0,0,0,1,4,463,1,7,455
201405,277,25500,C,Harrisonburg  VA ,38,38,7105,0,0,0,0,0,0,0,0,0,33,33,6484,0,0,0,0,0,0,0,0,0
201405,277,44420, ,Staunton-Waynesboro  VA ,24,24,5214,0,0,0,0,0,0,0,0,0,24,24,5214,0,0,0,0,0,0,0,0,0
201405,278,25540, ,Hartford-West Hartford-East Hartford  CT ,64,64,13838,1,2,90,0,0,0,4,26,3063,51,51,10971,1,2,90,0,0,0,3,21,2819
201405,278,35980, ,Norwich-New London  CT ,20,20,4532,0,0,0,0,0,0,2,56,5074,16,16,3870,0,0,0,0,0,0,2,56,5074
201405,280,25860, ,Hickory-Lenoir-Morganton  NC ,52,52,10896,1,2,170,0,0,0,1,8,350,52,52,10896,1,2,170,0,0,0,1,8,350
201405,284,26300, ,Hot Springs  AR ,1,1,249,0,0,0,0,0,0,0,0,0,1,1,249,0,0,0,0,0,0,0,0,0
201405,288,26420,C,Houston-The Woodlands-Sugar Land  TX ,3511,3511,652097,8,16,1996,1,3,900,45,2271,241948,2790,2790,571519,8,16,1996,1,3,900,42,2240,240408
201405,290,19460, ,Decatur  AL ,5,5,1260,0,0,0,0,0,0,0,0,0,5,5,1260,0,0,0,0,0,0,0,0,0
201405,290,26620, ,Huntsville  AL ,157,157,22308,0,0,0,0,0,0,0,0,0,157,157,22308,0,0,0,0,0,0,0,0,0
201405,292,26820, ,Idaho Falls  ID ,57,57,9047,0,0,0,0,0,0,0,0,0,57,57,9047,0,0,0,0,0,0,0,0,0
201405,294,18020, ,Columbus  IN ,19,19,5569,0,0,0,0,0,0,0,0,0,19,19,5569,0,0,0,0,0,0,0,0,0
201405,294,26900, ,Indianapolis-Carmel-Anderson  IN ,545,545,131562,0,0,0,1,3,375,10,100,7298,492,492,119785,0,0,0,0,0,0,8,86,6596
201405,294,34620, ,Muncie  IN ,2,2,140,0,0,0,0,0,0,1,44,5100,2,2,140,0,0,0,0,0,0,1,44,5100
201405,296,27060, ,Ithaca  NY ,4,4,777,1,2,227,0,0,0,1,5,557,1,1,80,0,0,0,0,0,0,0,0,0
201405,298,27140, ,Jackson  MS ,149,149,35471,0,0,0,0,0,0,0,0,0,131,131,31293,0,0,0,0,0,0,0,0,0
201405,300,27260,C,Jacksonville  FL ,600,600,148640,1,2,262,1,4,938,0,0,0,593,593,146309,1,2,262,1,4,938,0,0,0
201405,304,27740, ,Johnson City  TN ,32,32,5647,0,0,0,0,0,0,0,0,0,28,28,5195,0,0,0,0,0,0,0,0,0
201405,304,28700, ,Kingsport-Bristol-Bristol  TN-VA ,27,27,4817,0,0,0,0,0,0,0,0,0,13,13,2289,0,0,0,0,0,0,0,0,0
201405,306,27780, ,Johnstown  PA ,2,2,580,0,0,0,0,0,0,0,0,0,2,2,580,0,0,0,0,0,0,0,0,0
201405,308,27860, ,Jonesboro  AR ,32,32,6412,1,2,145,9,36,1350,0,0,0,30,30,6032,1,2,145,9,36,1350,0,0,0
201405,309,27900, ,Joplin  MO ,26,26,2643,1,2,141,0,0,0,0,0,0,26,26,2643,1,2,141,0,0,0,0,0,0
201405,310,12980, ,Battle Creek  MI ,6,6,944,0,0,0,0,0,0,0,0,0,4,4,488,0,0,0,0,0,0,0,0,0
201405,310,28020, ,Kalamazoo-Portage  MI ,31,31,7233,1,2,505,0,0,0,1,5,431,15,15,4253,1,2,505,0,0,0,0,0,0
201405,312,28140,C,Kansas City  MO-KS ,397,397,95367,3,6,462,2,7,821,13,402,25525,311,311,72375,3,6,462,2,7,821,12,397,25275
201405,312,29940, ,Lawrence  KS ,14,14,3449,0,0,0,0,0,0,0,0,0,12,12,2855,0,0,0,0,0,0,0,0,0
201405,312,41140, ,St. Joseph  MO-KS ,7,7,1187,0,0,0,0,0,0,0,0,0,0,0,0,0,0,0,0,0,0,0,0,0
201405,314,28940, ,Knoxville  TN ,147,147,27502,0,0,0,0,0,0,4,176,7500,141,141,26304,0,0,0,0,0,0,4,176,7500
201405,314,34100, ,Morristown  TN ,16,16,3606,0,0,0,0,0,0,0,0,0,13,13,3048,0,0,0,0,0,0,0,0,0
201405,316,29020, ,Kokomo  IN ,6,6,1088,1,2,400,0,0,0,0,0,0,6,6,1088,1,2,400,0,0,0,0,0,0
201405,318,29180, ,Lafayette  LA ,150,150,28112,0,0,0,0,0,0,2,12,586,107,107,22397,0,0,0,0,0,0,0,0,0
201405,320,29200, ,Lafayette-West Lafayette  IN ,47,47,10032,0,0,0,0,0,0,4,77,3150,47,47,10032,0,0,0,0,0,0,4,77,3150
201405,330,29620, ,Lansing-East Lansing  MI ,34,34,7606,0,0,0,0,0,0,2,24,2575,28,28,6449,0,0,0,0,0,0,2,24,2575
201405,332,29420, ,Lake Havasu City-Kingman  AZ ,59,59,11334,0,0,0,0,0,0,0,0,0,59,59,11334,0,0,0,0,0,0,0,0,0
201405,332,29820,C,Las Vegas-Henderson-Paradise  NV ,694,694,128978,0,0,0,1,4,320,11,200,11840,694,694,128978,0,0,0,1,4,320,11,200,11840
201405,336,30460, ,Lexington-Fayette  KY ,114,114,15309,2,4,474,1,3,387,1,19,1516,40,40,4163,1,2,340,0,0,0,0,0,0
201405,338,30620, ,Lima  OH ,4,4,737,0,0,0,0,0,0,0,0,0,0,0,0,0,0,0,0,0,0,0,0,0
201405,339,30700, ,Lincoln  NE ,90,90,17768,0,0,0,0,0,0,2,63,2212,0,0,0,0,0,0,0,0,0,0,0,0
201405,340,30780, ,Little Rock-North Little Rock-Conway  AR ,98,98,21496,0,0,0,0,0,0,1,51,2800,98,98,21496,0,0,0,0,0,0,1,51,2800
201405,340,38220, ,Pine Bluff  AR ,5,5,744,1,2,100,0,0,0,0,0,0,4,4,611,0,0,0,0,0,0,0,0,0
201405,346,30980, ,Longview  TX ,20,20,2914,1,2,145,0,0,0,2,23,2156,0,0,0,0,0,0,0,0,0,0,0,0
201405,348,31080,C,Los Angeles-Long Beach-Anaheim  CA ,759,759,252550,25,50,11077,7,28,5156,25,1033,168812,698,698,222846,23,46,9744,7,28,5156,15,918,148172
201405,348,37100, ,Oxnard-Thousand Oaks-Ventura  CA ,45,45,15738,0,0,0,1,3,539,2,23,2499,31,31,11702,0,0,0,0,0,0,0,0,0
201405,348,40140,C,Riverside-San Bernardino-Ontario  CA ,719,719,181818,2,4,352,2,8,1421,7,44,4160,635,635,166632,2,4,352,2,8,1421,5,31,3446
201405,350,21060, ,Elizabethtown-Fort Knox  KY ,28,28,4309,0,0,0,0,0,0,0,0,0,26,26,3999,0,0,0,0,0,0,0,0,0
201405,350,31140, ,Louisville-Jefferson County  KY-IN ,258,258,54033,0,0,0,1,3,295,7,125,5085,142,142,28530,0,0,0,0,0,0,1,16,886
201405,352,31180, ,Lubbock  TX ,88,88,18422,0,0,0,0,0,0,0,0,0,88,88,18422,0,0,0,0,0,0,0,0,0
201405,356,31420, ,Macon  GA ,23,23,3604,0,0,0,0,0,0,0,0,0,23,23,3604,0,0,0,0,0,0,0,0,0
201405,356,47580, ,Warner Robins  GA ,39,39,8734,0,0,0,0,0,0,1,6,244,39,39,8734,0,0,0,0,0,0,1,6,244
201405,357,27500, ,Janesville-Beloit  WI ,6,6,1341,4,8,800,0,0,0,0,0,0,6,6,1341,4,8,800,0,0,0,0,0,0
201405,357,31540, ,Madison  WI ,127,127,33521,0,0,0,1,3,413,7,384,38817,62,62,16896,0,0,0,0,0,0,3,207,19417
201405,358,31740, ,Manhattan  KS ,30,30,6681,0,0,0,1,3,526,0,0,0,13,13,2775,0,0,0,0,0,0,0,0,0
201405,359,31860, ,Mankato-North Mankato  MN ,24,24,4390,1,2,160,0,0,0,2,14,1454,4,4,737,0,0,0,0,0,0,0,0,0
201405,360,31900, ,Mansfield  OH ,5,5,1050,0,0,0,0,0,0,0,0,0,0,0,0,0,0,0,0,0,0,0,0,0
201405,365,32580,C,McAllen-Edinburg-Mission  TX ,264,264,30343,2,4,200,5,20,965,1,6,150,173,173,24012,2,4,200,5,20,965,1,6,150
201405,366,24420,C,Grand Pass  OR ,22,22,5310,0,0,0,0,0,0,0,0,0,15,15,3904,0,0,0,0,0,0,0,0,0
201405,366,32780, ,Medford  OR ,49,49,21777,2,4,773,0,0,0,6,63,7784,45,45,20994,2,4,773,0,0,0,6,63,7784
201405,368,32820, ,Memphis  TN-MS-AR ,235,235,43279,1,2,160,0,0,0,2,64,5130,211,211,40147,1,2,160,0,0,0,2,64,5130
201405,370,33100,C,Miami-Fort Lauderdale-West Palm Beach  FL ,535,535,183737,5,10,1375,0,0,0,16,836,101347,512,512,177212,5,10,1375,0,0,0,10,760,85133
201405,370,38940,C,Port St. Lucie  FL ,88,88,25816,0,0,0,0,0,0,0,0,0,87,87,22846,0,0,0,0,0,0,0,0,0
201405,370,42680,C,Sebastian-Vero Beach  FL ,51,51,17642,0,0,0,0,0,0,0,0,0,34,34,14017,0,0,0,0,0,0,0,0,0
201405,372,33260,C,Midland  TX ,80,80,15797,0,0,0,0,0,0,0,0,0,80,80,15797,0,0,0,0,0,0,0,0,0
201405,372,36220,C,Odessa  TX ,48,48,9888,0,0,0,0,0,0,0,0,0,48,48,9888,0,0,0,0,0,0,0,0,0
201405,376,33340,C,Milwaukee-Waukesha-West Allis  WI ,121,121,39683,4,8,1251,5,20,1551,3,64,5900,97,97,29934,3,6,926,5,20,1551,3,64,5900
201405,376,39540, ,Racine  WI ,13,13,3227,0,0,0,0,0,0,0,0,0,5,5,1028,0,0,0,0,0,0,0,0,0
201405,378,33460, ,Minneapolis-St. Paul-Bloomington  MN-WI ,654,654,197373,1,2,304,1,3,625,4,813,119619,572,572,176524,1,2,304,0,0,0,4,813,119619
201405,378,41060, ,St. Cloud  MN ,40,40,8827,0,0,0,0,0,0,2,16,1360,35,35,7995,0,0,0,0,0,0,0,0,0
201405,380,19300, ,Daphne-Fairhope-Foley  AL ,90,90,16758,0,0,0,0,0,0,0,0,0,77,77,14862,0,0,0,0,0,0,0,0,0
201405,380,33660, ,Mobile  AL ,67,67,17319,0,0,0,0,0,0,0,0,0,67,67,17319,0,0,0,0,0,0,0,0,0
201405,382,32900, ,Merced  CA ,20,20,4561,0,0,0,0,0,0,1,5,444,19,19,4304,0,0,0,0,0,0,0,0,0
201405,382,33700, ,Modesto  CA ,43,43,9389,0,0,0,0,0,0,0,0,0,38,38,8794,0,0,0,0,0,0,0,0,0
201405,384,33740, ,Monroe  LA ,38,38,7365,0,0,0,1,3,472,0,0,0,0,0,0,0,0,0,0,0,0,0,0,0
201405,390,34060, ,Morgantown  WV ,0,0,0,0,0,0,0,0,0,0,0,0,0,0,0,0,0,0,0,0,0,0,0,0
201405,396,34820, ,Myrtle Beach-Conway-North Myrtle Beach  SC ,478,478,88876,2,4,460,0,0,0,0,0,0,414,414,75316,2,4,460,0,0,0,0,0,0
201405,400,34980, ,Nashville-Davidson--Murfreesboro--Franklin  TN ,697,697,160009,6,12,1642,0,0,0,6,403,44012,557,557,132359,5,10,1529,0,0,0,3,343,40248
201405,404,35100, ,New Bern  NC ,28,28,4439,0,0,0,0,0,0,0,0,0,7,7,1540,0,0,0,0,0,0,0,0,0
201405,406,25220,C,Hammond  LA ,54,54,6415,0,0,0,0,0,0,0,0,0,51,51,5955,0,0,0,0,0,0,0,0,0
201405,406,35380, ,New Orleans-Metairie-Kenner  LA ,214,214,47634,3,6,425,0,0,0,0,0,0,207,207,45937,3,6,425,0,0,0,0,0,0
201405,408,10900,C,Allentown-Bethlehem-Easton  PA-NJ ,106,106,20052,0,0,0,2,8,1360,1,6,259,49,49,8580,0,0,0,2,8,1360,0,0,0
201405,408,14860, ,Bridgeport-Stamford-Norwalk  CT ,78,78,39083,6,12,1996,12,48,4883,1,53,4868,67,67,26213,5,10,1881,12,48,4883,1,53,4868
201405,408,20700, ,East Stroudsburg  PA ,14,14,3101,0,0,0,0,0,0,0,0,0,14,14,3101,0,0,0,0,0,0,0,0,0
201405,408,28740, ,Kingston  NY ,5,5,1024,0,0,0,0,0,0,0,0,0,2,2,361,0,0,0,0,0,0,0,0,0
201405,408,35300, ,New Haven-Milford  CT ,21,21,4676,1,2,100,0,0,0,2,16,984,10,10,2610,1,2,100,0,0,0,0,0,0
201405,408,35620, ,New York-Newark-Jersey City  NY-NJ-PA ,1019,1019,265844,54,108,12509,35,127,18113,98,2556,207059,744,744,202189,46,92,10815,33,120,17310,56,2071,167977
201405,408,45940,C,Trenton  NJ ,17,17,4389,1,2,107,1,3,114,1,28,1952,10,10,3636,0,0,0,0,0,0,1,28,1952
201405,412,35840,C,North Port-Sarasota-Bradenton  FL ,360,360,96220,1,2,208,3,11,2490,1,6,83,360,360,96220,1,2,208,3,11,2490,1,6,83
201405,412,39460,C,Punta Gorda  FL ,63,63,14091,0,0,0,0,0,0,0,0,0,63,63,14091,0,0,0,0,0,0,0,0,0
201405,416,36420,C,Oklahoma City  OK ,486,486,84724,4,8,1050,1,4,150,4,50,3225,389,389,68662,3,6,850,1,4,150,4,50,3225
201405,420,36540,C,Omaha-Council Bluffs  NE-IA ,264,264,51161,0,0,0,0,0,0,0,0,0,253,253,48430,0,0,0,0,0,0,0,0,0
201405,422,19660,C,Deltona-Daytona Beach-Ormond Beach  FL ,164,164,48943,0,0,0,0,0,0,0,0,0,145,145,43361,0,0,0,0,0,0,0,0,0
201405,422,36740,C,Orlando-Kissimmee-Sanford  FL ,809,809,211637,6,12,1134,2,8,1290,12,357,27547,761,761,201700,6,12,1134,2,8,1290,12,357,27547
201405,422,45540,C,The Villages  FL ,183,183,49462,0,0,0,0,0,0,0,0,0,183,183,49462,0,0,0,0,0,0,0,0,0
201405,425,37620, ,Parkersburg-Vienna  WV-OH ,7,7,1082,0,0,0,0,0,0,0,0,0,1,1,40,0,0,0,0,0,0,0,0,0
201405,426,37900, ,Peoria  IL ,17,17,4408,0,0,0,0,0,0,0,0,0,10,10,2560,0,0,0,0,0,0,0,0,0
201405,428,12100,C,Atlantic City-Hammonton  NJ ,40,40,8032,1,2,197,0,0,0,2,145,16383,31,31,5833,1,2,197,0,0,0,2,145,16383
201405,428,20100,C,Dover  DE ,81,81,10030,0,0,0,0,0,0,0,0,0,81,81,10030,0,0,0,0,0,0,0,0,0
201405,428,36140,C,Ocean City  NJ ,32,32,9144,5,10,2519,1,3,607,0,0,0,27,27,8338,5,10,2519,1,3,607,0,0,0
201405,428,37980,C,Philadelphia-Camden-Wilmington  PA-NJ-DE-MD ,541,541,91390,9,18,1890,17,56,4521,78,526,31361,337,337,63764,9,18,1890,15,50,3493,67,427,22547
201405,428,39740, ,Reading  PA ,14,14,2130,0,0,0,0,0,0,1,6,589,12,12,1794,0,0,0,0,0,0,0,0,0
201405,428,47220,C,Vineland-Bridgeton  NJ ,18,18,1959,0,0,0,0,0,0,0,0,0,2,2,109,0,0,0,0,0,0,0,0,0
201405,430,38300,C,Pittsburgh  PA ,296,296,80901,1,2,300,3,9,1331,10,181,17935,185,185,57269,0,0,0,0,0,0,7,149,15635
201405,430,48260, ,Weirton-Steubenville  WV-OH ,0,0,0,0,0,0,0,0,0,0,0,0,0,0,0,0,0,0,0,0,0,0,0,0
201405,438,30340, ,Lewiston-Auburn  ME ,4,4,605,0,0,0,0,0,0,0,0,0,4,4,605,0,0,0,0,0,0,0,0,0
201405,438,38860, ,Portland-South Portland  ME ,134,134,28254,1,2,175,6,20,1980,3,22,3331,65,65,13618,1,2,175,6,20,1980,1,5,450
201405,440,10540, ,Albany  OR ,22,22,5519,0,0,0,0,0,0,1,5,440,20,20,5152,0,0,0,0,0,0,0,0,0
201405,440,18700, ,Corvallis  OR ,9,9,2536,0,0,0,0,0,0,0,0,0,9,9,2536,0,0,0,0,0,0,0,0,0
201405,440,31020, ,Longview  WA ,7,7,1108,0,0,0,0,0,0,0,0,0,7,7,1108,0,0,0,0,0,0,0,0,0
201405,440,38900,C,Portland-Vancouver-Hillsboro  OR-WA ,502,502,134492,1,2,386,2,7,739,32,1269,151364,336,336,90116,1,2,386,1,4,600,25,1164,142738
201405,440,41420, ,Salem  OR ,64,64,16420,0,0,0,0,0,0,0,0,0,64,64,16420,0,0,0,0,0,0,0,0,0
201405,444,39380,C,Pueblo  CO ,9,9,1525,0,0,0,0,0,0,0,0,0,9,9,1525,0,0,0,0,0,0,0,0,0
201405,450,20500,C,Durham-Chapel Hill  NC ,182,182,40684,0,0,0,1,3,194,6,241,14861,21,21,7570,0,0,0,0,0,0,0,0,0
201405,450,39580,C,Raleigh  NC ,687,687,152498,0,0,0,0,0,0,5,354,35570,684,684,151916,0,0,0,0,0,0,5,354,35570
201405,452,39660, ,Rapid City  SD ,59,59,12114,0,0,0,0,0,0,0,0,0,48,48,10097,0,0,0,0,0,0,0,0,0
201405,454,39820, ,Redding  CA ,13,13,2812,0,0,0,0,0,0,0,0,0,13,13,2812,0,0,0,0,0,0,0,0,0
201405,456,16180,C,Carson City  NV ,2,2,672,1,2,336,0,0,0,0,0,0,2,2,672,1,2,336,0,0,0,0,0,0
201405,456,39900,C,Reno  NV ,126,126,33371,0,0,0,0,0,0,4,64,7450,126,126,33371,0,0,0,0,0,0,4,64,7450
201405,462,40340, ,Rochester  MN ,57,57,13211,0,0,0,1,4,458,0,0,0,47,47,10990,0,0,0,1,4,458,0,0,0
201405,464,40380, ,Rochester  NY ,95,95,22329,3,6,1221,1,3,329,4,20,1501,71,71,16490,3,6,1221,0,0,0,1,5,500
201405,466,40420, ,Rockford  IL ,10,10,2093,0,0,0,0,0,0,0,0,0,8,8,1811,0,0,0,0,0,0,0,0,0
201405,468,40580, ,Rocky Mount  NC ,13,13,2694,0,0,0,0,0,0,0,0,0,0,0,0,0,0,0,0,0,0,0,0,0
201405,470,40660, ,Rome  GA ,4,4,727,0,0,0,0,0,0,0,0,0,4,4,727,0,0,0,0,0,0,0,0,0
201405,472,40900,C,Sacramento--Roseville--Arden-Arcade  CA ,437,437,128832,1,2,250,0,0,0,2,40,3492,434,434,128034,1,2,250,0,0,0,2,40,3492
201405,472,49700, ,Yuba City  CA ,11,11,2027,0,0,0,0,0,0,0,0,0,11,11,2027,0,0,0,0,0,0,0,0,0
201405,474,13020, ,Bay City  MI ,0,0,0,0,0,0,0,0,0,0,0,0,0,0,0,0,0,0,0,0,0,0,0,0
201405,474,33220, ,Midland  MI ,3,3,489,0,0,0,0,0,0,0,0,0,3,3,489,0,0,0,0,0,0,0,0,0
201405,474,40980, ,Saginaw  MI ,9,9,1585,0,0,0,0,0,0,0,0,0,9,9,1585,0,0,0,0,0,0,0,0,0
201405,476,41180,C,St. Louis  MO-IL ,434,434,110732,3,6,583,2,7,674,6,68,6573,332,332,81689,3,6,583,1,4,320,2,24,2400
201405,482,36260, ,Ogden-Clearfield  UT ,200,200,35783,1,2,246,2,7,921,6,47,4407,179,179,30997,1,2,246,2,7,921,5,42,3941
201405,482,39340, ,Provo-Orem  UT ,199,199,55108,4,8,1136,0,0,0,3,42,4477,199,199,55108,4,8,1136,0,0,0,3,42,4477
201405,482,41620,C,Salt Lake City  UT ,271,271,64381,1,2,303,3,11,1570,10,148,13551,187,187,43963,0,0,0,1,4,390,8,138,12444
201405,488,34900, ,Napa  CA ,1,1,281,0,0,0,0,0,0,0,0,0,1,1,281,0,0,0,0,0,0,0,0,0
201405,488,41860,C,San Francisco-Oakland-Hayward  CA ,413,413,147548,1,2,1800,1,3,1615,9,184,28924,376,376,132530,0,0,0,1,3,1615,5,121,20176
201405,488,41940,C,San Jose-Sunnyvale-Santa Clara  CA ,149,149,56575,1,2,432,2,8,5073,13,695,91296,127,127,51126,1,2,432,2,8,5073,12,662,85344
201405,488,42100, ,Santa Cruz-Watsonville  CA ,15,15,4223,0,0,0,0,0,0,1,5,509,7,7,2500,0,0,0,0,0,0,0,0,0
201405,488,42220, ,Santa Rosa  CA ,17,17,4098,1,2,1179,1,4,361,2,14,1577,17,17,4098,1,2,1179,1,4,361,2,14,1577
201405,488,44700,C,Stockton-Lodi  CA ,123,123,31551,0,0,0,0,0,0,0,0,0,119,119,30483,0,0,0,0,0,0,0,0,0
201405,488,46700, ,Vallejo-Fairfield  CA ,16,16,4047,0,0,0,0,0,0,0,0,0,16,16,4047,0,0,0,0,0,0,0,0,0
201405,496,25980, ,Hinesville  GA ,10,10,2914,0,0,0,0,0,0,0,0,0,10,10,2914,0,0,0,0,0,0,0,0,0
201405,496,42340, ,Savannah  GA ,139,139,25472,0,0,0,0,0,0,32,192,24500,129,129,23815,0,0,0,0,0,0,32,192,24500
201405,500,14740, ,Bremerton-Silverdale  WA ,33,33,9291,0,0,0,0,0,0,0,0,0,33,33,9291,0,0,0,0,0,0,0,0,0
201405,500,34580, ,Mount Vernon-Anacortes  WA ,19,19,3156,0,0,0,0,0,0,0,0,0,5,5,604,0,0,0,0,0,0,0,0,0
201405,500,36500, ,Olympia-Tumwater  WA ,72,72,19398,1,2,362,0,0,0,0,0,0,72,72,19398,1,2,362,0,0,0,0,0,0
201405,500,42660,C,Seattle-Tacoma-Bellevue  WA ,769,769,240438,17,34,6874,4,12,2271,36,1417,192250,709,709,221054,17,34,6874,4,12,2271,30,1359,187162
201405,512,43580, ,Sioux City  IA-NE-SD ,23,23,5511,0,0,0,0,0,0,0,0,0,14,14,2950,0,0,0,0,0,0,0,0,0
201405,515,21140, ,Elkhart-Goshen  IN ,31,31,6438,0,0,0,0,0,0,0,0,0,30,30,6268,0,0,0,0,0,0,0,0,0
201405,515,35660, ,Niles-Benton Harbor  MI ,5,5,1401,0,0,0,0,0,0,0,0,0,4,4,1189,0,0,0,0,0,0,0,0,0
201405,515,43780, ,South Bend-Mishawaka  IN-MI ,23,23,5473,0,0,0,0,0,0,1,20,1086,8,8,1359,0,0,0,0,0,0,0,0,0
201405,518,17660, ,Coeur dAlene  ID ,94,94,22238,0,0,0,0,0,0,9,53,5007,94,94,22238,0,0,0,0,0,0,9,53,5007
201405,518,44060, ,Spokane-Spokane Valley  WA ,96,96,23389,0,0,0,0,0,0,0,0,0,96,96,23389,0,0,0,0,0,0,0,0,0
201405,520,44180, ,Springfield  MO ,81,81,16536,1,2,115,0,0,0,2,92,3824,67,67,14108,0,0,0,0,0,0,0,0,0
201405,521,44140, ,Springfield  MA ,23,23,5159,2,4,429,0,0,0,0,0,0,19,19,4274,2,4,429,0,0,0,0,0,0
201405,522,44100, ,Springfield  IL ,10,10,2753,2,4,430,0,0,0,0,0,0,3,3,765,0,0,0,0,0,0,0,0,0
201405,524,44300, ,State College  PA ,19,19,4484,0,0,0,0,0,0,0,0,0,17,17,4151,0,0,0,0,0,0,0,0,0
201405,532,45060, ,Syracuse  NY ,43,43,9088,0,0,0,0,0,0,5,167,6260,43,43,9088,0,0,0,0,0,0,5,167,6260
201405,533,45220, ,Tallahassee  FL ,58,58,10182,0,0,0,0,0,0,1,57,4483,26,26,4628,0,0,0,0,0,0,0,0,0
201405,534,45780, ,Toledo  OH ,39,39,9430,1,2,277,0,0,0,4,92,5637,39,39,9430,1,2,277,0,0,0,4,92,5637
201405,536,46060,C,Tucson  AZ ,221,221,53187,2,4,197,0,0,0,4,69,8111,78,78,21561,0,0,0,0,0,0,0,0,0
201405,538,46140,C,Tulsa  OK ,273,273,52685,6,12,1917,1,4,325,5,288,23854,265,265,51530,6,12,1917,1,4,325,5,288,23854
201405,540,46340, ,Tyler  TX ,19,19,6069,1,2,231,0,0,0,0,0,0,19,19,6069,1,2,231,0,0,0,0,0,0
201405,544,47020,C,Victoria  TX ,19,19,2859,0,0,0,0,0,0,14,340,35286,19,19,2859,0,0,0,0,0,0,14,340,35286
201405,545,47260, ,Virginia Beach-Norfolk-Newport News  VA-NC ,318,318,65148,0,0,0,0,0,0,19,196,11130,271,271,53969,0,0,0,0,0,0,18,188,10639
201405,546,25260, ,Hanford-Corcoran  CA ,25,25,4201,0,0,0,0,0,0,0,0,0,17,17,2968,0,0,0,0,0,0,0,0,0
201405,546,47300, ,Visalia-Porterville  CA ,50,50,11474,0,0,0,0,0,0,0,0,0,50,50,11474,0,0,0,0,0,0,0,0,0
201405,548,12580,C,Baltimore-Columbia-Towson  MD ,383,383,80779,1,2,200,1,3,393,7,126,10198,354,354,76025,0,0,0,0,0,0,5,25,1050
201405,548,15680, ,California-Lexington Park  MD ,38,38,8193,0,0,0,0,0,0,0,0,0,38,38,8193,0,0,0,0,0,0,0,0,0
201405,548,16540,C,Chambersburg-Waynesboro  PA ,30,30,5340,0,0,0,0,0,0,2,40,4157,19,19,3743,0,0,0,0,0,0,2,40,4157
201405,548,25180, ,Hagerstown-Martinsburg  MD-WV ,50,50,8561,0,0,0,0,0,0,1,8,400,50,50,8561,0,0,0,0,0,0,1,8,400
201405,548,47900,C,Washington-Arlington-Alexandria  DC-VA-MD-WV ,1292,1292,278573,5,10,1109,0,0,0,5,263,21121,1167,1167,251723,5,10,1109,0,0,0,3,235,19106
201405,548,49020, ,Winchester  VA-WV ,40,40,8875,0,0,0,0,0,0,0,0,0,40,40,8875,0,0,0,0,0,0,0,0,0
201405,554,48140, ,Wausau  WI ,13,13,2759,0,0,0,0,0,0,1,5,250,2,2,305,0,0,0,0,0,0,0,0,0
201405,556,48620, ,Wichita  KS ,96,96,19078,4,8,750,0,0,0,1,16,789,31,31,7035,0,0,0,0,0,0,0,0,0
201405,558,48700, ,Williamsport  PA ,4,4,671,0,0,0,0,0,0,0,0,0,1,1,140,0,0,0,0,0,0,0,0,0
201405,566,49660, ,Youngstown-Warren-Boardman  OH-PA ,22,22,4735,0,0,0,0,0,0,0,0,0,15,15,3406,0,0,0,0,0,0,0,0,0
201405,999,10180, ,Abilene  TX ,26,26,5698,0,0,0,0,0,0,0,0,0,0,0,0,0,0,0,0,0,0,0,0,0
201405,999,10500, ,Albany  GA ,12,12,1549,0,0,0,0,0,0,0,0,0,8,8,1107,0,0,0,0,0,0,0,0,0
201405,999,10780, ,Alexandria  LA ,34,34,5742,1,2,167,0,0,0,0,0,0,5,5,363,0,0,0,0,0,0,0,0,0
201405,999,11020, ,Altoona  PA ,1,1,230,0,0,0,0,0,0,0,0,0,1,1,230,0,0,0,0,0,0,0,0,0
201405,999,11260,C,Anchorage  AK ,47,47,14317,3,6,783,11,43,4561,0,0,0,2,2,554,3,6,783,10,40,4015,0,0,0
201405,999,11500, ,Anniston-Oxford-Jacksonville  AL ,2,2,225,0,0,0,0,0,0,0,0,0,2,2,225,0,0,0,0,0,0,0,0,0
201405,999,12260, ,Augusta-Richmond County  GA-SC ,190,190,33576,1,2,180,0,0,0,0,0,0,33,33,6848,0,0,0,0,0,0,0,0,0
201405,999,12420,C,Austin-Round Rock  TX ,1226,1226,267089,10,20,2979,3,9,987,35,961,82079,1135,1135,249056,10,20,2979,3,9,987,19,807,71743
201405,999,12540, ,Bakersfield  CA ,174,174,32885,0,0,0,1,3,295,4,38,3484,58,58,8378,0,0,0,0,0,0,0,0,0
201405,999,12620, ,Bangor  ME ,9,9,1886,0,0,0,0,0,0,0,0,0,9,9,1886,0,0,0,0,0,0,0,0,0
201405,999,12940, ,Baton Rouge  LA ,249,249,49393,0,0,0,1,4,612,0,0,0,192,192,37697,0,0,0,1,4,612,0,0,0
201405,999,13140, ,Beaumont-Port Arthur  TX ,90,90,16512,0,0,0,0,0,0,0,0,0,90,90,16512,0,0,0,0,0,0,0,0,0
201405,999,13220, ,Beckley  WV ,12,12,2551,0,0,0,0,0,0,0,0,0,0,0,0,0,0,0,0,0,0,0,0,0
201405,999,13380, ,Bellingham  WA ,29,29,6215,1,2,100,0,0,0,1,16,1864,29,29,6215,1,2,100,0,0,0,1,16,1864
201405,999,13740, ,Billings  MT ,46,46,8646,0,0,0,0,0,0,0,0,0,46,46,8646,0,0,0,0,0,0,0,0,0
201405,999,13780, ,Binghamton  NY ,0,0,0,0,0,0,0,0,0,0,0,0,0,0,0,0,0,0,0,0,0,0,0,0
201405,999,13900, ,Bismarck  ND ,92,92,17750,1,2,209,0,0,0,2,21,1744,79,79,15327,1,2,209,0,0,0,1,16,1320
201405,999,15260, ,Brunswick  GA ,39,39,10201,0,0,0,0,0,0,0,0,0,0,0,0,0,0,0,0,0,0,0,0,0
201405,999,15540, ,Burlington-South Burlington  VT ,31,31,7748,2,4,559,0,0,0,1,5,385,22,22,6053,1,2,360,0,0,0,0,0,0
201405,999,16060, ,Carbondale-Marion  IL ,0,0,0,0,0,0,0,0,0,0,0,0,0,0,0,0,0,0,0,0,0,0,0,0
201405,999,16220, ,Casper  WY ,26,26,5827,0,0,0,0,0,0,0,0,0,26,26,5827,0,0,0,0,0,0,0,0,0
201405,999,16580, ,Champaign-Urbana  IL ,39,39,9132,0,0,0,0,0,0,0,0,0,39,39,9132,0,0,0,0,0,0,0,0,0
201405,999,16700,C,Charleston-North Charleston  SC ,346,346,93681,0,0,0,0,0,0,1,32,1603,269,269,79668,0,0,0,0,0,0,0,0,0
201405,999,16820, ,Charlottesville  VA ,46,46,11407,0,0,0,0,0,0,0,0,0,39,39,10080,0,0,0,0,0,0,0,0,0
201405,999,16940, ,Cheyenne  WY ,34,34,5835,0,0,0,0,0,0,1,14,1090,8,8,1708,0,0,0,0,0,0,0,0,0
201405,999,17020, ,Chico  CA ,38,38,8033,0,0,0,0,0,0,0,0,0,38,38,8033,0,0,0,0,0,0,0,0,0
201405,999,17300, ,Clarksville  TN-KY ,129,129,17225,1,2,70,0,0,0,0,0,0,127,127,17083,1,2,70,0,0,0,0,0,0
201405,999,17780, ,College Station-Bryan  TX ,91,91,18014,0,0,0,0,0,0,3,320,33000,91,91,18014,0,0,0,0,0,0,3,320,33000
201405,999,17820,C,Colorado Springs  CO ,277,277,113377,0,0,0,0,0,0,0,0,0,277,277,113377,0,0,0,0,0,0,0,0,0
201405,999,18880, ,Crestview-Fort Walton Beach-Destin  FL ,140,140,59876,0,0,0,0,0,0,0,0,0,140,140,59876,0,0,0,0,0,0,0,0,0
201405,999,19060, ,Cumberland  MD-WV ,7,7,1344,0,0,0,0,0,0,0,0,0,7,7,1344,0,0,0,0,0,0,0,0,0
201405,999,19180, ,Danville  IL ,0,0,0,0,0,0,0,0,0,0,0,0,0,0,0,0,0,0,0,0,0,0,0,0
201405,999,19500, ,Decatur  IL ,0,0,0,0,0,0,0,0,0,0,0,0,0,0,0,0,0,0,0,0,0,0,0,0
201405,999,20220, ,Dubuque  IA ,29,29,4867,0,0,0,0,0,0,0,0,0,22,22,3676,0,0,0,0,0,0,0,0,0
201405,999,20260, ,Duluth  MN-WI ,21,21,4036,0,0,0,0,0,0,1,5,720,21,21,4036,0,0,0,0,0,0,0,0,0
201405,999,20940, ,El Centro  CA ,0,0,0,0,0,0,0,0,0,0,0,0,0,0,0,0,0,0,0,0,0,0,0,0
201405,999,21660, ,Eugene  OR ,41,41,9887,1,2,305,2,8,886,1,56,2900,7,7,1804,0,0,0,0,0,0,0,0,0
201405,999,21780, ,Evansville  IN-KY ,42,42,6859,2,4,415,0,0,0,0,0,0,42,42,6859,2,4,415,0,0,0,0,0,0
201405,999,21820,C,Fairbanks  AK ,5,5,919,0,0,0,0,0,0,0,0,0,0,0,0,0,0,0,0,0,0,0,0,0
201405,999,22140,C,Farmington  NM ,16,16,3513,0,0,0,0,0,0,0,0,0,0,0,0,0,0,0,0,0,0,0,0,0
201405,999,22220, ,Fayetteville-Springdale-Rogers  AR-MO ,190,190,43461,1,2,308,0,0,0,28,491,43570,187,187,43141,1,2,308,0,0,0,28,491,43570
201405,999,22380, ,Flagstaff  AZ ,19,19,5467,0,0,0,0,0,0,0,0,0,19,19,5467,0,0,0,0,0,0,0,0,0
201405,999,22500, ,Florence  SC ,31,31,5183,0,0,0,0,0,0,0,0,0,8,8,1327,0,0,0,0,0,0,0,0,0
201405,999,22520, ,Florence-Muscle Shoals  AL ,15,15,1867,0,0,0,0,0,0,0,0,0,4,4,529,0,0,0,0,0,0,0,0,0
201405,999,22540, ,Fond du Lac  WI ,4,4,563,1,2,150,0,0,0,0,0,0,3,3,360,1,2,150,0,0,0,0,0,0
201405,999,22660,C,Fort Collins  CO ,138,138,36569,2,4,810,0,0,0,2,100,10132,138,138,36569,2,4,810,0,0,0,2,100,10132
201405,999,22900, ,Fort Smith  AR-OK ,22,22,4434,2,4,460,0,0,0,0,0,0,12,12,2979,2,4,460,0,0,0,0,0,0
201405,999,23460, ,Gadsden  AL ,4,4,556,0,0,0,0,0,0,0,0,0,1,1,166,0,0,0,0,0,0,0,0,0
201405,999,24140, ,Goldsboro  NC ,21,21,3240,0,0,0,0,0,0,0,0,0,21,21,3240,0,0,0,0,0,0,0,0,0
201405,999,24220, ,Grand Forks  ND-MN ,17,17,4276,0,0,0,0,0,0,2,12,1580,17,17,4276,0,0,0,0,0,0,2,12,1580
201405,999,24260, ,Grand Island  NE ,8,8,1310,0,0,0,0,0,0,1,30,1600,8,8,1310,0,0,0,0,0,0,1,30,1600
201405,999,24300,C,Grand Junction  CO ,40,40,10440,0,0,0,0,0,0,3,24,1091,40,40,10440,0,0,0,0,0,0,3,24,1091
201405,999,24500, ,Great Falls  MT ,3,3,974,0,0,0,0,0,0,0,0,0,3,3,974,0,0,0,0,0,0,0,0,0
201405,999,25060, ,Gulfport-Biloxi-Pascagoula  MS ,86,86,16932,0,0,0,0,0,0,1,6,343,70,70,14417,0,0,0,0,0,0,1,6,343
201405,999,25620, ,Hattiesburg  MS ,4,4,1515,0,0,0,2,7,184,0,0,0,0,0,0,0,0,0,0,0,0,0,0,0
201405,999,25940, ,Hilton Head Island-Bluffton-Beaufort  SC ,92,92,37841,0,0,0,0,0,0,1,6,1059,40,40,16629,0,0,0,0,0,0,0,0,0
201405,999,26140, ,Homosassa Springs  FL ,19,19,3912,0,0,0,0,0,0,0,0,0,1,1,399,0,0,0,0,0,0,0,0,0
201405,999,26380, ,Houma-Thibodaux  LA ,48,48,10072,0,0,0,0,0,0,1,20,9182,48,48,10072,0,0,0,0,0,0,1,20,9182
201405,999,27100, ,Jackson  MI ,5,5,953,0,0,0,0,0,0,0,0,0,2,2,625,0,0,0,0,0,0,0,0,0
201405,999,27180, ,Jackson  TN ,23,23,5887,0,0,0,0,0,0,0,0,0,23,23,5887,0,0,0,0,0,0,0,0,0
201405,999,27340, ,Jacksonville  NC ,135,135,12409,3,6,478,0,0,0,0,0,0,135,135,12409,3,6,478,0,0,0,0,0,0
201405,999,27620, ,Jefferson City  MO ,13,13,2529,0,0,0,2,8,500,0,0,0,2,2,243,0,0,0,2,8,500,0,0,0
201405,999,27980,C,Kahului-Wailuku-Lahaina  HI ,41,41,10748,0,0,0,0,0,0,0,0,0,41,41,10748,0,0,0,0,0,0,0,0,0
201405,999,28420, ,Kennewick-Richland  WA ,84,84,22452,6,12,1216,0,0,0,1,7,819,8,8,2677,0,0,0,0,0,0,0,0,0
201405,999,28660, ,Killeen-Temple  TX ,92,92,14386,3,6,489,1,3,364,0,0,0,92,92,14386,3,6,489,1,3,364,0,0,0
201405,999,29100, ,La Crosse-Onalaska  WI-MN ,23,23,5049,0,0,0,0,0,0,0,0,0,14,14,2737,0,0,0,0,0,0,0,0,0
201405,999,29340, ,Lake Charles  LA ,52,52,9380,3,6,530,0,0,0,0,0,0,13,13,2468,3,6,530,0,0,0,0,0,0
201405,999,29460,C,Lakeland-Winter Haven  FL ,246,246,50345,0,0,0,0,0,0,0,0,0,244,244,50006,0,0,0,0,0,0,0,0,0
201405,999,29540, ,Lancaster  PA ,68,68,12249,0,0,0,0,0,0,0,0,0,61,61,11408,0,0,0,0,0,0,0,0,0
201405,999,29700,C,Laredo  TX ,85,85,12421,0,0,0,1,3,143,1,61,3813,0,0,0,0,0,0,0,0,0,0,0,0
201405,999,30020, ,Lawton  OK ,1,1,184,0,0,0,2,8,600,0,0,0,1,1,184,0,0,0,2,8,600,0,0,0
201405,999,30300, ,Lewiston  ID-WA ,4,4,919,1,2,201,0,0,0,0,0,0,4,4,919,1,2,201,0,0,0,0,0,0
201405,999,30860, ,Logan  UT-ID ,25,25,5938,0,0,0,1,4,335,5,56,5868,23,23,5628,0,0,0,0,0,0,4,48,5149
201405,999,31340, ,Lynchburg  VA ,59,59,11522,0,0,0,1,3,160,0,0,0,59,59,11522,0,0,0,1,3,160,0,0,0
201405,999,33540,C,Missoula  MT ,34,34,4990,0,0,0,5,20,1359,1,8,202,24,24,2784,0,0,0,5,20,1359,1,8,202
201405,999,33860, ,Montgomery  AL ,44,44,6849,0,0,0,0,0,0,1,10,245,31,31,5398,0,0,0,0,0,0,0,0,0
201405,999,36100,C,Ocala  FL ,50,50,8767,0,0,0,1,3,175,0,0,0,49,49,8616,0,0,0,0,0,0,0,0,0
201405,999,36980, ,Owensboro  KY ,32,32,2849,0,0,0,1,4,263,0,0,0,32,32,2849,0,0,0,1,4,263,0,0,0
201405,999,37340,C,Palm Bay-Melbourne-Titusville  FL ,116,116,38925,0,0,0,0,0,0,0,0,0,115,115,38514,0,0,0,0,0,0,0,0,0
201405,999,37460, ,Panama City  FL ,46,46,8732,1,2,76,0,0,0,1,8,360,36,36,7061,0,0,0,0,0,0,0,0,0
201405,999,37860,C,Pensacola-Ferry Pass-Brent  FL ,136,136,29519,0,0,0,0,0,0,0,0,0,136,136,29519,0,0,0,0,0,0,0,0,0
201405,999,38060,C,Phoenix-Mesa-Scottsdale  AZ ,1103,1103,286204,0,0,0,0,0,0,12,757,97916,1047,1047,274915,0,0,0,0,0,0,12,757,97916
201405,999,38340, ,Pittsfield  MA ,1,1,151,0,0,0,0,0,0,0,0,0,0,0,0,0,0,0,0,0,0,0,0,0
201405,999,38540, ,Pocatello  ID ,12,12,1371,0,0,0,0,0,0,0,0,0,6,6,783,0,0,0,0,0,0,0,0,0
201405,999,39140, ,Prescott  AZ ,66,66,15397,2,4,519,0,0,0,0,0,0,66,66,15397,2,4,519,0,0,0,0,0,0
201405,999,40060,C,Richmond  VA ,290,290,60496,0,0,0,1,4,384,2,129,5104,283,283,59349,0,0,0,1,4,384,2,129,5104
201405,999,40220, ,Roanoke  VA ,21,21,4598,0,0,0,0,0,0,2,36,1608,21,21,4598,0,0,0,0,0,0,2,36,1608
201405,999,41100, ,St. George  UT ,156,156,28098,0,0,0,0,0,0,0,0,0,156,156,28098,0,0,0,0,0,0,0,0,0
201405,999,41500, ,Salinas  CA ,18,18,4757,0,0,0,0,0,0,0,0,0,17,17,4457,0,0,0,0,0,0,0,0,0
201405,999,41540, ,Salisbury  MD-DE ,191,191,28679,5,10,669,2,6,1778,3,60,4857,189,189,28418,5,10,669,2,6,1778,1,6,1100
201405,999,41660,C,San Angelo  TX ,17,17,3665,0,0,0,0,0,0,14,224,11428,17,17,3665,0,0,0,0,0,0,14,224,11428
201405,999,41700,C,San Antonio-New Braunfels  TX ,581,581,130773,35,70,6338,0,0,0,24,200,17084,506,506,118827,34,68,6203,0,0,0,23,194,15805
201405,999,41740,C,San Diego-Carlsbad  CA ,217,217,81622,3,6,665,14,47,8987,8,59,9840,212,212,79780,3,6,665,14,47,8987,7,51,9043
201405,999,42020, ,San Luis Obispo-Paso Robles-Arroyo Grande  CA ,35,35,13603,0,0,0,1,4,637,1,7,1022,30,30,12106,0,0,0,1,4,637,0,0,0
201405,999,42200, ,Santa Maria-Santa Barbara  CA ,22,22,6696,0,0,0,0,0,0,13,208,16977,22,22,6696,0,0,0,0,0,0,13,208,16977
201405,999,42540, ,Scranton--Wilkes-Barre--Hazleton  PA ,13,13,2978,1,2,220,0,0,0,0,0,0,8,8,2015,0,0,0,0,0,0,0,0,0
201405,999,42700,C,Sebring  FL ,6,6,2102,0,0,0,0,0,0,0,0,0,6,6,2102,0,0,0,0,0,0,0,0,0
201405,999,43100, ,Sheboygan  WI ,6,6,1808,2,4,380,0,0,0,0,0,0,3,3,960,1,2,235,0,0,0,0,0,0
201405,999,43340, ,Shreveport-Bossier City  LA ,111,111,18118,0,0,0,0,0,0,2,38,2314,34,34,5104,0,0,0,0,0,0,0,0,0
201405,999,43420, ,Sierra Vista-Douglas  AZ ,15,15,1995,0,0,0,0,0,0,1,5,613,8,8,791,0,0,0,0,0,0,0,0,0
201405,999,43620, ,Sioux Falls  SD ,100,100,17334,0,0,0,0,0,0,7,182,16054,100,100,17334,0,0,0,0,0,0,7,182,16054
201405,999,44940,C,Sumter  SC ,29,29,3292,0,0,0,0,0,0,0,0,0,29,29,3292,0,0,0,0,0,0,0,0,0
201405,999,45300,C,Tampa-St. Petersburg-Clearwater  FL ,731,731,212582,2,4,650,3,12,1137,7,145,11858,652,652,185546,1,2,291,1,4,159,2,12,1287
201405,999,45460, ,Terre Haute  IN ,5,5,870,1,2,110,0,0,0,1,9,478,3,3,600,0,0,0,0,0,0,0,0,0
201405,999,45500, ,Texarkana  TX-AR ,7,7,1129,0,0,0,0,0,0,0,0,0,7,7,1129,0,0,0,0,0,0,0,0,0
201405,999,45820, ,Topeka  KS ,25,25,5152,0,0,0,0,0,0,0,0,0,25,25,5152,0,0,0,0,0,0,0,0,0
201405,999,46220, ,Tuscaloosa  AL ,54,54,12197,0,0,0,0,0,0,4,37,5419,16,16,3526,0,0,0,0,0,0,0,0,0
201405,999,46520,C,Urban Honolulu  HI ,59,59,17950,0,0,0,0,0,0,0,0,0,59,59,17950,0,0,0,0,0,0,0,0,0
201405,999,46540, ,Utica-Rome  NY ,1,1,146,0,0,0,0,0,0,0,0,0,0,0,0,0,0,0,0,0,0,0,0,0
201405,999,46660, ,Valdosta  GA ,31,31,5413,0,0,0,0,0,0,0,0,0,31,31,5413,0,0,0,0,0,0,0,0,0
201405,999,47380, ,Waco  TX ,40,40,9549,0,0,0,0,0,0,0,0,0,40,40,9549,0,0,0,0,0,0,0,0,0
201405,999,47460, ,Walla Walla  WA ,8,8,1644,0,0,0,0,0,0,0,0,0,8,8,1644,0,0,0,0,0,0,0,0,0
201405,999,47940, ,Waterloo-Cedar Falls  IA ,26,26,5388,0,0,0,0,0,0,0,0,0,18,18,4457,0,0,0,0,0,0,0,0,0
201405,999,48060, ,Watertown-Fort Drum  NY ,9,9,1433,0,0,0,0,0,0,6,30,2601,0,0,0,0,0,0,0,0,0,0,0,0
201405,999,48300, ,Wenatchee  WA ,35,35,7471,0,0,0,0,0,0,0,0,0,35,35,7471,0,0,0,0,0,0,0,0,0
201405,999,48540, ,Wheeling  WV-OH ,0,0,0,0,0,0,0,0,0,0,0,0,0,0,0,0,0,0,0,0,0,0,0,0
201405,999,48660, ,Wichita Falls  TX ,8,8,1725,0,0,0,0,0,0,1,5,703,0,0,0,0,0,0,0,0,0,0,0,0
201405,999,48900,C,Wilmington  NC ,136,136,34624,2,4,480,0,0,0,2,79,10187,25,25,5412,2,4,480,0,0,0,0,0,0
201405,999,49420, ,Yakima  WA ,14,14,4803,0,0,0,0,0,0,0,0,0,14,14,4803,0,0,0,0,0,0,0,0,0
201405,999,49740, ,Yuma  AZ ,60,60,10081,0,0,0,0,0,0,0,0,0,60,60,10081,0,0,0,0,0,0,0,0,0
