Survey,CSA,CBSA,MONCOV,CBSA,,1-unit,,,2-units,,,3-4 units,,,5+ units,,,1-unit rep,,,2-units rep,,,3-4 units rep,,,5+ units rep
Date,Code,Code,,Name,Bldgs,Units,Value,Bldgs,Units,Value,Bldgs,Units,Value,Bldgs,Units,Value,Bldgs,Units,Value,Bldgs,Units,Value,      Bldgs,Units,Value,Bldgs,Units,Value
 
201407,104,10580, ,Albany-Schenectady-Troy  NY ,84,84,20012,0,0,0,3,10,1081,5,111,13655,82,82,19457,0,0,0,3,10,1081,5,111,13655
201407,104,24020, ,Glens Falls  NY ,25,25,5106,0,0,0,0,0,0,0,0,0,20,20,4587,0,0,0,0,0,0,0,0,0
201407,106,10740,C,Albuquerque  NM ,134,134,26584,0,0,0,2,8,671,1,5,208,50,50,11595,0,0,0,0,0,0,0,0,0
201407,106,42140,C,Santa Fe  NM ,13,13,6956,0,0,0,0,0,0,0,0,0,13,13,6956,0,0,0,0,0,0,0,0,0
201407,108,11100, ,Amarillo  TX ,36,36,9151,0,0,0,0,0,0,0,0,0,36,36,9151,0,0,0,0,0,0,0,0,0
201407,118,11540, ,Appleton  WI ,37,37,8958,2,4,460,3,12,1300,3,24,1500,35,35,8622,2,4,460,3,12,1300,3,24,1500
201407,118,36780, ,Oshkosh-Neenah  WI ,30,30,7396,0,0,0,0,0,0,0,0,0,30,30,7396,0,0,0,0,0,0,0,0,0
201407,120,11700, ,Asheville  NC ,118,118,29765,0,0,0,0,0,0,1,8,256,31,31,8538,0,0,0,0,0,0,0,0,0
201407,122,12020, ,Athens-Clarke County  GA ,29,29,7699,0,0,0,0,0,0,0,0,0,29,29,7699,0,0,0,0,0,0,0,0,0
201407,122,12060,C,Atlanta-Sandy Springs-Roswell  GA ,1653,1653,314419,0,0,0,4,14,2477,23,980,120793,1612,1612,307947,0,0,0,4,14,2477,22,975,120722
201407,122,23580, ,Gainesville  GA ,55,55,9684,0,0,0,0,0,0,0,0,0,34,34,5877,0,0,0,0,0,0,0,0,0
201407,140,13460,C,Bend-Redmond  OR ,126,126,31051,2,4,652,0,0,0,0,0,0,115,115,28951,2,4,652,0,0,0,0,0,0
201407,142,13820,C,Birmingham-Hoover  AL ,207,207,50602,0,0,0,0,0,0,4,56,5004,157,157,38752,0,0,0,0,0,0,1,8,368
201407,144,14020, ,Bloomington  IN ,16,16,2900,2,4,410,0,0,0,5,41,3265,0,0,0,0,0,0,0,0,0,0,0,0
201407,145,14010, ,Bloomington  IL ,25,25,4599,0,0,0,0,0,0,0,0,0,25,25,4599,0,0,0,0,0,0,0,0,0
201407,146,14100, ,Bloomsburg-Berwick  PA ,4,4,635,0,0,0,0,0,0,0,0,0,3,3,441,0,0,0,0,0,0,0,0,0
201407,147,14260,C,Boise City  ID ,292,292,68902,1,2,107,1,4,369,3,40,3007,292,292,68902,1,2,107,1,4,369,3,40,3007
201407,148,12700, ,Barnstable Town  MA ,40,40,16299,0,0,0,0,0,0,1,8,1093,30,30,12036,0,0,0,0,0,0,0,0,0
201407,148,14460,C,Boston-Cambridge-Newton  MA-NH ,456,456,129941,12,24,2809,6,18,2954,24,677,117355,339,339,95901,8,16,1756,5,15,2485,9,392,74765
201407,148,31700, ,Manchester-Nashua  NH ,43,43,7983,1,2,298,1,3,444,5,197,13947,33,33,5887,0,0,0,0,0,0,4,192,13469
201407,148,39300, ,Providence-Warwick  RI-MA ,137,137,26097,5,10,1079,0,0,0,2,24,4583,100,100,18230,4,8,895,0,0,0,0,0,0
201407,148,49340, ,Worcester  MA-CT ,79,79,15143,1,2,225,1,3,439,0,0,0,61,61,11803,1,2,225,0,0,0,0,0,0
201407,150,14540, ,Bowling Green  KY ,50,50,10780,0,0,0,0,0,0,0,0,0,50,50,10780,0,0,0,0,0,0,0,0,0
201407,154,15180, ,Brownsville-Harlingen  TX ,92,92,8325,4,8,315,1,3,162,2,133,7082,92,92,8325,4,8,315,1,3,162,2,133,7082
201407,160,15380, ,Buffalo-Cheektowaga-Niagara Falls  NY ,72,72,18466,3,6,580,2,7,1100,7,62,4082,56,56,14592,3,6,580,2,7,1100,5,40,1850
201407,162,15980,C,Cape Coral-Fort Myers  FL ,274,274,75099,6,12,1085,15,56,11561,3,30,3965,274,274,75099,6,12,1085,15,56,11561,3,30,3965
201407,162,34940,C,Naples-Immokalee-Marco Island  FL ,180,180,70158,1,2,22650,3,12,1904,8,103,22112,29,29,33612,1,2,22650,0,0,0,4,32,16200
201407,164,16020, ,Cape Girardeau  MO-IL ,12,12,2268,2,4,450,0,0,0,0,0,0,12,12,2268,2,4,450,0,0,0,0,0,0
201407,168,16300, ,Cedar Rapids  IA ,53,53,6733,4,8,524,2,8,587,1,22,2237,26,26,3483,1,2,118,1,4,308,0,0,0
201407,168,26980, ,Iowa City  IA ,88,88,14485,0,0,0,0,0,0,2,48,5420,85,85,13885,0,0,0,0,0,0,2,48,5420
201407,170,16620, ,Charleston  WV ,1,1,335,0,0,0,0,0,0,0,0,0,1,1,335,0,0,0,0,0,0,0,0,0
201407,170,26580, ,Huntington-Ashland  WV-KY-OH ,10,10,1899,0,0,0,0,0,0,0,0,0,7,7,1509,0,0,0,0,0,0,0,0,0
201407,172,16740, ,Charlotte-Concord-Gastonia  NC-SC ,1003,1003,222995,1,2,161,1,3,365,13,668,62191,918,918,201802,1,2,161,1,3,365,12,660,61289
201407,174,16860, ,Chattanooga  TN-GA ,92,92,18808,1,2,222,0,0,0,0,0,0,91,91,18700,1,2,222,0,0,0,0,0,0
201407,174,17420, ,Cleveland  TN ,33,33,4707,0,0,0,1,4,294,0,0,0,22,22,3486,0,0,0,0,0,0,0,0,0
201407,174,19140,C,Dalton  GA ,8,8,1253,0,0,0,0,0,0,0,0,0,3,3,647,0,0,0,0,0,0,0,0,0
201407,176,16980,C,Chicago-Naperville-Elgin  IL-IN-WI ,759,759,221144,6,12,1746,16,58,8426,27,879,138916,650,650,196365,5,10,1606,16,58,8426,22,848,136163
201407,176,28100, ,Kankakee  IL ,3,3,706,0,0,0,0,0,0,0,0,0,3,3,706,0,0,0,0,0,0,0,0,0
201407,176,33140, ,Michigan City-La Porte  IN ,9,9,4620,0,0,0,0,0,0,0,0,0,9,9,4620,0,0,0,0,0,0,0,0,0
201407,178,17140, ,Cincinnati  OH-KY-IN ,354,354,77053,0,0,0,3,9,237,10,196,20744,313,313,68598,0,0,0,3,9,237,8,168,20226
201407,184,10420, ,Akron  OH ,47,47,13004,0,0,0,0,0,0,0,0,0,47,47,13004,0,0,0,0,0,0,0,0,0
201407,184,15940, ,Canton-Massillon  OH ,31,31,8499,0,0,0,11,44,3460,1,6,461,28,28,8173,0,0,0,11,44,3460,0,0,0
201407,184,17460,C,Cleveland-Elyria  OH ,196,196,51945,7,14,71,2,7,1017,3,60,3502,143,143,44090,0,0,0,1,4,400,3,60,3502
201407,190,17860,C,Columbia  MO ,59,59,13223,0,0,0,0,0,0,0,0,0,59,59,13223,0,0,0,0,0,0,0,0,0
201407,192,17900,C,Columbia  SC ,313,313,61727,0,0,0,1,3,135,2,35,1975,196,196,48047,0,0,0,1,3,135,0,0,0
201407,194,12220,C,Auburn-Opelika  AL ,67,67,20119,0,0,0,0,0,0,1,5,1540,28,28,7887,0,0,0,0,0,0,0,0,0
201407,194,17980, ,Columbus  GA-AL ,46,46,6906,0,0,0,1,3,136,2,20,1517,15,15,3624,0,0,0,0,0,0,0,0,0
201407,198,18140, ,Columbus  OH ,322,322,79853,17,34,4395,18,72,8405,40,640,59044,265,265,66499,16,32,4025,16,64,7524,40,640,59044
201407,204,18580, ,Corpus Christi  TX ,105,105,17497,0,0,0,0,0,0,0,0,0,101,101,16885,0,0,0,0,0,0,0,0,0
201407,206,19100, ,Dallas-Fort Worth-Arlington  TX ,2275,2275,604130,9,18,1635,1,4,290,15,578,38929,1813,1813,511486,5,10,892,0,0,0,7,370,23491
201407,206,43300, ,Sherman-Denison  TX ,0,0,0,0,0,0,0,0,0,0,0,0,0,0,0,0,0,0,0,0,0,0,0,0
201407,209,19340, ,Davenport-Moline-Rock Island  IA-IL ,42,42,8817,2,4,430,0,0,0,1,5,338,12,12,2423,2,4,430,0,0,0,0,0,0
201407,212,19380, ,Dayton  OH ,61,61,18504,2,4,614,0,0,0,0,0,0,34,34,12271,1,2,360,0,0,0,0,0,0
201407,212,44220, ,Springfield  OH ,7,7,1797,0,0,0,0,0,0,0,0,0,7,7,1797,0,0,0,0,0,0,0,0,0
201407,216,14500, ,Boulder  CO ,45,45,19295,0,0,0,0,0,0,3,138,18932,45,45,19295,0,0,0,0,0,0,3,138,18932
201407,216,19740,C,Denver-Aurora-Lakewood  CO ,755,755,212784,4,8,1393,1,4,712,10,793,63415,714,714,199826,3,6,1004,1,4,712,6,733,58728
201407,216,24540,C,Greeley  CO ,180,180,45438,1,2,239,0,0,0,3,18,1868,135,135,34052,1,2,239,0,0,0,2,10,1297
201407,218,11180, ,Ames  IA ,18,18,4986,0,0,0,0,0,0,0,0,0,14,14,4075,0,0,0,0,0,0,0,0,0
201407,218,19780,C,Des Moines-West Des Moines  IA ,238,238,59462,0,0,0,0,0,0,1,14,1956,226,226,55896,0,0,0,0,0,0,0,0,0
201407,220,11460, ,Ann Arbor  MI ,18,18,5222,1,2,480,0,0,0,0,0,0,10,10,3244,1,2,480,0,0,0,0,0,0
201407,220,19820,C,Detroit-Warren-Dearborn  MI ,510,510,129949,1,2,183,16,56,4998,21,318,37542,469,469,120076,0,0,0,13,46,4404,18,298,36005
201407,220,22420, ,Flint  MI ,22,22,4506,1,2,374,0,0,0,2,24,2028,13,13,2700,1,2,374,0,0,0,2,24,2028
201407,220,33780, ,Monroe  MI ,10,10,1585,0,0,0,0,0,0,0,0,0,7,7,965,0,0,0,0,0,0,0,0,0
201407,222,20020, ,Dothan  AL ,27,27,7315,0,0,0,0,0,0,0,0,0,27,27,7315,0,0,0,0,0,0,0,0,0
201407,232,20740, ,Eau Claire  WI ,40,40,7792,0,0,0,0,0,0,0,0,0,40,40,7792,0,0,0,0,0,0,0,0,0
201407,236,21300, ,Elmira  NY ,1,1,149,0,0,0,0,0,0,0,0,0,0,0,0,0,0,0,0,0,0,0,0,0
201407,238,21340, ,El Paso  TX ,210,210,33019,0,0,0,1,3,710,2,20,2781,195,195,31379,0,0,0,1,3,710,2,20,2781
201407,238,29740,C,Las Cruces  NM ,73,73,15017,0,0,0,0,0,0,0,0,0,73,73,15017,0,0,0,0,0,0,0,0,0
201407,240,21500, ,Erie  PA ,8,8,1874,21,42,2814,0,0,0,1,30,1500,8,8,1874,21,42,2814,0,0,0,1,30,1500
201407,244,22020, ,Fargo  ND-MN ,122,122,27508,0,0,0,0,0,0,8,296,27240,122,122,27508,0,0,0,0,0,0,8,296,27240
201407,246,22180, ,Fayetteville  NC ,103,103,17287,0,0,0,0,0,0,2,48,2183,103,103,17287,0,0,0,0,0,0,2,48,2183
201407,258,23060,C,Fort Wayne  IN ,97,97,23950,2,4,600,0,0,0,0,0,0,97,97,23950,2,4,600,0,0,0,0,0,0
201407,260,23420, ,Fresno  CA ,192,192,55096,0,0,0,1,4,367,0,0,0,174,174,51978,0,0,0,0,0,0,0,0,0
201407,260,31460, ,Madera  CA ,15,15,3932,0,0,0,0,0,0,0,0,0,15,15,3932,0,0,0,0,0,0,0,0,0
201407,264,23540, ,Gainesville  FL ,43,43,8513,0,0,0,0,0,0,2,24,1470,34,34,7448,0,0,0,0,0,0,0,0,0
201407,266,24340, ,Grand Rapids-Wyoming  MI ,207,207,47548,1,2,264,0,0,0,3,27,2349,165,165,38426,0,0,0,0,0,0,2,20,1772
201407,266,34740, ,Muskegon  MI ,9,9,2025,0,0,0,0,0,0,0,0,0,8,8,1769,0,0,0,0,0,0,0,0,0
201407,267,24580, ,Green Bay  WI ,52,52,12695,0,0,0,1,4,240,4,23,1460,29,29,8803,0,0,0,0,0,0,0,0,0
201407,268,15500, ,Burlington  NC ,42,42,6139,0,0,0,0,0,0,0,0,0,29,29,4623,0,0,0,0,0,0,0,0,0
201407,268,24660,C,Greensboro-High Point  NC ,145,145,40566,0,0,0,0,0,0,2,103,10495,115,115,34364,0,0,0,0,0,0,2,103,10495
201407,268,49180, ,Winston-Salem  NC ,125,125,24523,0,0,0,0,0,0,4,30,2100,125,125,24523,0,0,0,0,0,0,4,30,2100
201407,273,24860, ,Greenville-Anderson-Maudlin  SC ,322,322,73667,0,0,0,0,0,0,1,20,1715,297,297,70696,0,0,0,0,0,0,0,0,0
201407,273,43900, ,Spartanburg  SC ,116,116,20145,0,0,0,0,0,0,0,0,0,116,116,20145,0,0,0,0,0,0,0,0,0
201407,274,24780,C,Greenville  NC ,20,20,3672,1,2,180,0,0,0,1,8,873,20,20,3672,1,2,180,0,0,0,1,8,873
201407,276,23900,C,Gettysburg  PA ,17,17,5855,0,0,0,0,0,0,0,0,0,17,17,5855,0,0,0,0,0,0,0,0,0
201407,276,25420, ,Harrisburg-Carlisle  PA ,52,52,11411,1,2,264,0,0,0,0,0,0,39,39,8350,1,2,264,0,0,0,0,0,0
201407,276,30140, ,Lebanon  PA ,22,22,3824,0,0,0,0,0,0,0,0,0,20,20,3356,0,0,0,0,0,0,0,0,0
201407,276,49620, ,York-Hanover  PA ,43,43,7657,0,0,0,0,0,0,0,0,0,42,42,7411,0,0,0,0,0,0,0,0,0
201407,277,25500,C,Harrisonburg  VA ,35,35,6036,0,0,0,0,0,0,0,0,0,35,35,6036,0,0,0,0,0,0,0,0,0
201407,277,44420, ,Staunton-Waynesboro  VA ,17,17,3076,0,0,0,0,0,0,9,204,13134,17,17,3076,0,0,0,0,0,0,9,204,13134
201407,278,25540, ,Hartford-West Hartford-East Hartford  CT ,78,78,18002,0,0,0,0,0,0,4,29,2067,64,64,14798,0,0,0,0,0,0,3,23,1775
201407,278,35980, ,Norwich-New London  CT ,17,17,3267,0,0,0,0,0,0,1,41,6016,12,12,2193,0,0,0,0,0,0,1,41,6016
201407,280,25860, ,Hickory-Lenoir-Morganton  NC ,41,41,8290,0,0,0,0,0,0,0,0,0,32,32,7088,0,0,0,0,0,0,0,0,0
201407,284,26300, ,Hot Springs  AR ,3,3,1589,0,0,0,0,0,0,0,0,0,3,3,1589,0,0,0,0,0,0,0,0,0
201407,288,26420,C,Houston-The Woodlands-Sugar Land  TX ,3641,3641,641996,1,2,454,14,53,5475,59,1878,153496,2820,2820,545478,1,2,454,14,53,5475,57,1861,152558
201407,290,19460, ,Decatur  AL ,6,6,996,0,0,0,0,0,0,0,0,0,6,6,996,0,0,0,0,0,0,0,0,0
201407,290,26620, ,Huntsville  AL ,172,172,29529,0,0,0,6,18,3750,1,123,8156,172,172,29529,0,0,0,6,18,3750,1,123,8156
201407,292,26820, ,Idaho Falls  ID ,48,48,6807,0,0,0,0,0,0,0,0,0,48,48,6807,0,0,0,0,0,0,0,0,0
201407,294,18020, ,Columbus  IN ,30,30,7282,0,0,0,0,0,0,0,0,0,30,30,7282,0,0,0,0,0,0,0,0,0
201407,294,26900, ,Indianapolis-Carmel-Anderson  IN ,426,426,115985,7,14,1135,4,16,841,56,699,48472,366,366,102120,1,2,255,4,16,841,54,669,46782
201407,294,34620, ,Muncie  IN ,2,2,856,0,0,0,0,0,0,0,0,0,2,2,856,0,0,0,0,0,0,0,0,0
201407,296,27060, ,Ithaca  NY ,5,5,1077,1,2,227,0,0,0,1,6,669,1,1,175,0,0,0,0,0,0,0,0,0
201407,298,27140, ,Jackson  MS ,167,167,35687,0,0,0,1,3,378,0,0,0,144,144,29747,0,0,0,0,0,0,0,0,0
201407,300,27260,C,Jacksonville  FL ,640,640,149453,0,0,0,16,64,7444,0,0,0,640,640,149453,0,0,0,16,64,7444,0,0,0
201407,304,27740, ,Johnson City  TN ,70,70,7410,0,0,0,0,0,0,1,20,765,66,66,6958,0,0,0,0,0,0,1,20,765
201407,304,28700, ,Kingsport-Bristol-Bristol  TN-VA ,31,31,6443,0,0,0,0,0,0,0,0,0,16,16,3714,0,0,0,0,0,0,0,0,0
201407,306,27780, ,Johnstown  PA ,2,2,304,0,0,0,0,0,0,0,0,0,2,2,304,0,0,0,0,0,0,0,0,0
201407,308,27860, ,Jonesboro  AR ,29,29,4864,1,2,67,0,0,0,0,0,0,27,27,4484,1,2,67,0,0,0,0,0,0
201407,309,27900, ,Joplin  MO ,12,12,1157,0,0,0,0,0,0,0,0,0,12,12,1157,0,0,0,0,0,0,0,0,0
201407,310,12980, ,Battle Creek  MI ,3,3,553,0,0,0,0,0,0,0,0,0,2,2,325,0,0,0,0,0,0,0,0,0
201407,310,28020, ,Kalamazoo-Portage  MI ,43,43,10889,1,2,472,0,0,0,1,5,431,17,17,4925,1,2,472,0,0,0,0,0,0
201407,312,28140,C,Kansas City  MO-KS ,374,374,91442,6,12,1144,0,0,0,7,164,12558,287,287,68321,5,10,818,0,0,0,7,164,12558
201407,312,29940, ,Lawrence  KS ,7,7,2221,0,0,0,0,0,0,0,0,0,5,5,1627,0,0,0,0,0,0,0,0,0
201407,312,41140, ,St. Joseph  MO-KS ,6,6,1018,0,0,0,0,0,0,0,0,0,0,0,0,0,0,0,0,0,0,0,0,0
201407,314,28940, ,Knoxville  TN ,150,150,40777,0,0,0,0,0,0,0,0,0,150,150,40777,0,0,0,0,0,0,0,0,0
201407,314,34100, ,Morristown  TN ,16,16,3150,0,0,0,0,0,0,0,0,0,4,4,770,0,0,0,0,0,0,0,0,0
201407,316,29020, ,Kokomo  IN ,5,5,609,1,2,175,0,0,0,0,0,0,5,5,609,1,2,175,0,0,0,0,0,0
201407,318,29180, ,Lafayette  LA ,161,161,34961,0,0,0,0,0,0,0,0,0,160,160,34794,0,0,0,0,0,0,0,0,0
201407,320,29200, ,Lafayette-West Lafayette  IN ,47,47,9943,0,0,0,0,0,0,0,0,0,47,47,9943,0,0,0,0,0,0,0,0,0
201407,330,29620, ,Lansing-East Lansing  MI ,44,44,10549,1,2,179,0,0,0,0,0,0,38,38,9391,0,0,0,0,0,0,0,0,0
201407,332,29420, ,Lake Havasu City-Kingman  AZ ,55,55,11560,0,0,0,0,0,0,0,0,0,55,55,11560,0,0,0,0,0,0,0,0,0
201407,332,29820,C,Las Vegas-Henderson-Paradise  NV ,819,819,155393,7,14,686,18,71,4132,21,307,15446,819,819,155393,7,14,686,18,71,4132,21,307,15446
201407,336,30460, ,Lexington-Fayette  KY ,113,113,17355,1,2,400,0,0,0,1,18,1437,36,36,5754,0,0,0,0,0,0,0,0,0
201407,338,30620, ,Lima  OH ,1,1,159,0,0,0,0,0,0,0,0,0,0,0,0,0,0,0,0,0,0,0,0,0
201407,339,30700, ,Lincoln  NE ,86,86,17930,0,0,0,0,0,0,2,115,9090,85,85,17755,0,0,0,0,0,0,2,115,9090
201407,340,30780, ,Little Rock-North Little Rock-Conway  AR ,86,86,18179,0,0,0,0,0,0,0,0,0,86,86,18179,0,0,0,0,0,0,0,0,0
201407,340,38220, ,Pine Bluff  AR ,1,1,133,0,0,0,0,0,0,0,0,0,0,0,0,0,0,0,0,0,0,0,0,0
201407,346,30980, ,Longview  TX ,33,33,5023,0,0,0,0,0,0,0,0,0,33,33,5023,0,0,0,0,0,0,0,0,0
201407,348,31080,C,Los Angeles-Long Beach-Anaheim  CA ,755,755,243285,37,74,14630,9,28,5474,43,1348,272508,701,701,215534,34,68,13031,9,28,5474,28,1045,228643
201407,348,37100, ,Oxnard-Thousand Oaks-Ventura  CA ,18,18,5778,0,0,0,4,12,2453,14,207,23987,3,3,1086,0,0,0,4,12,2453,11,182,21271
201407,348,40140,C,Riverside-San Bernardino-Ontario  CA ,642,642,171524,4,8,1114,5,16,2510,11,119,11969,561,561,152133,0,0,0,2,6,899,2,41,4139
201407,350,21060, ,Elizabethtown-Fort Knox  KY ,28,28,5332,0,0,0,0,0,0,0,0,0,25,25,4866,0,0,0,0,0,0,0,0,0
201407,350,31140, ,Louisville-Jefferson County  KY-IN ,220,220,49035,0,0,0,2,8,788,7,128,5201,102,102,22785,0,0,0,0,0,0,1,16,886
201407,352,31180, ,Lubbock  TX ,60,60,16039,12,24,2400,0,0,0,0,0,0,60,60,16039,12,24,2400,0,0,0,0,0,0
201407,356,31420, ,Macon  GA ,9,9,1507,0,0,0,0,0,0,0,0,0,9,9,1507,0,0,0,0,0,0,0,0,0
201407,356,47580, ,Warner Robins  GA ,29,29,6353,0,0,0,0,0,0,0,0,0,29,29,6353,0,0,0,0,0,0,0,0,0
201407,357,27500, ,Janesville-Beloit  WI ,8,8,1597,2,4,420,0,0,0,0,0,0,5,5,1177,0,0,0,0,0,0,0,0,0
201407,357,31540, ,Madison  WI ,114,114,31278,4,8,1155,2,6,829,6,199,21826,70,70,21553,1,2,220,0,0,0,0,0,0
201407,358,31740, ,Manhattan  KS ,14,14,5114,0,0,0,0,0,0,0,0,0,14,14,5114,0,0,0,0,0,0,0,0,0
201407,359,31860, ,Mankato-North Mankato  MN ,24,24,4724,1,2,339,0,0,0,1,11,600,7,7,1695,0,0,0,0,0,0,0,0,0
201407,360,31900, ,Mansfield  OH ,6,6,1718,0,0,0,0,0,0,0,0,0,6,6,1718,0,0,0,0,0,0,0,0,0
201407,365,32580,C,McAllen-Edinburg-Mission  TX ,261,261,27503,8,16,861,6,24,1568,3,156,8313,252,252,26638,8,16,861,6,24,1568,3,156,8313
201407,366,24420,C,Grand Pass  OR ,18,18,3960,0,0,0,0,0,0,0,0,0,11,11,2554,0,0,0,0,0,0,0,0,0
201407,366,32780, ,Medford  OR ,60,60,16806,3,6,816,0,0,0,1,18,2323,57,57,16218,3,6,816,0,0,0,1,18,2323
201407,368,32820, ,Memphis  TN-MS-AR ,267,267,49411,0,0,0,0,0,0,2,10,731,217,217,41620,0,0,0,0,0,0,1,5,509
201407,370,33100,C,Miami-Fort Lauderdale-West Palm Beach  FL ,669,669,216016,8,16,2679,4,15,3783,16,559,33337,636,636,205790,8,16,2679,3,12,3251,10,487,16947
201407,370,38940,C,Port St. Lucie  FL ,83,83,22053,0,0,0,0,0,0,4,32,6860,81,81,18732,0,0,0,0,0,0,4,32,6860
201407,370,42680,C,Sebastian-Vero Beach  FL ,46,46,15296,0,0,0,0,0,0,0,0,0,27,27,10645,0,0,0,0,0,0,0,0,0
201407,372,33260,C,Midland  TX ,131,131,25942,0,0,0,0,0,0,0,0,0,131,131,25942,0,0,0,0,0,0,0,0,0
201407,372,36220,C,Odessa  TX ,70,70,13459,1,2,120,0,0,0,2,51,4126,0,0,0,0,0,0,0,0,0,0,0,0
201407,376,33340,C,Milwaukee-Waukesha-West Allis  WI ,123,123,40291,3,6,1045,2,8,743,2,44,1596,102,102,31684,2,4,720,2,8,743,2,44,1596
201407,376,39540, ,Racine  WI ,12,12,3056,1,2,300,0,0,0,0,0,0,4,4,856,1,2,300,0,0,0,0,0,0
201407,378,33460, ,Minneapolis-St. Paul-Bloomington  MN-WI ,736,736,213266,2,4,737,4,15,2947,4,197,25942,622,622,177794,2,4,737,3,12,2322,4,197,25942
201407,378,41060, ,St. Cloud  MN ,33,33,7626,0,0,0,0,0,0,2,19,1615,29,29,6973,0,0,0,0,0,0,0,0,0
201407,380,19300, ,Daphne-Fairhope-Foley  AL ,111,111,20711,7,14,693,0,0,0,0,0,0,66,66,11268,7,14,693,0,0,0,0,0,0
201407,380,33660, ,Mobile  AL ,51,51,10150,0,0,0,0,0,0,0,0,0,51,51,10150,0,0,0,0,0,0,0,0,0
201407,382,32900, ,Merced  CA ,7,7,1696,2,4,686,0,0,0,0,0,0,7,7,1696,2,4,686,0,0,0,0,0,0
201407,382,33700, ,Modesto  CA ,20,20,4527,0,0,0,0,0,0,1,5,379,9,9,2660,0,0,0,0,0,0,0,0,0
201407,384,33740, ,Monroe  LA ,40,40,7736,0,0,0,1,3,472,1,5,579,0,0,0,0,0,0,0,0,0,0,0,0
201407,390,34060, ,Morgantown  WV ,0,0,0,0,0,0,0,0,0,0,0,0,0,0,0,0,0,0,0,0,0,0,0,0
201407,396,34820, ,Myrtle Beach-Conway-North Myrtle Beach  SC ,525,525,77786,1,2,230,0,0,0,3,72,3212,425,425,59205,1,2,230,0,0,0,3,72,3212
201407,400,34980, ,Nashville-Davidson--Murfreesboro--Franklin  TN ,789,789,174953,2,4,606,0,0,0,5,123,10124,622,622,141183,1,2,493,0,0,0,2,61,6495
201407,404,35100, ,New Bern  NC ,31,31,4712,0,0,0,0,0,0,0,0,0,8,8,1596,0,0,0,0,0,0,0,0,0
201407,406,25220,C,Hammond  LA ,52,52,7354,0,0,0,0,0,0,0,0,0,49,49,6894,0,0,0,0,0,0,0,0,0
201407,406,35380, ,New Orleans-Metairie-Kenner  LA ,225,225,50210,9,18,2680,0,0,0,0,0,0,212,212,46979,9,18,2680,0,0,0,0,0,0
201407,408,10900,C,Allentown-Bethlehem-Easton  PA-NJ ,94,94,20107,0,0,0,0,0,0,1,8,345,44,44,9440,0,0,0,0,0,0,0,0,0
201407,408,14860, ,Bridgeport-Stamford-Norwalk  CT ,84,84,39290,3,6,1067,0,0,0,0,0,0,74,74,27590,3,6,1067,0,0,0,0,0,0
201407,408,20700, ,East Stroudsburg  PA ,15,15,2842,0,0,0,0,0,0,0,0,0,13,13,2533,0,0,0,0,0,0,0,0,0
201407,408,28740, ,Kingston  NY ,7,7,1473,0,0,0,0,0,0,0,0,0,7,7,1473,0,0,0,0,0,0,0,0,0
201407,408,35300, ,New Haven-Milford  CT ,25,25,4468,1,2,108,0,0,0,2,22,1354,16,16,2627,1,2,108,0,0,0,0,0,0
201407,408,35620, ,New York-Newark-Jersey City  NY-NJ-PA ,1018,1018,263467,51,102,12924,16,53,5567,99,3983,585916,787,787,206331,43,86,11600,13,43,4462,56,3306,538379
201407,408,45940,C,Trenton  NJ ,10,10,3981,0,0,0,0,0,0,3,69,6866,5,5,2012,0,0,0,0,0,0,0,0,0
201407,412,35840,C,North Port-Sarasota-Bradenton  FL ,404,404,106851,0,0,0,6,21,4955,9,212,11932,403,403,106529,0,0,0,6,21,4955,9,212,11932
201407,412,39460,C,Punta Gorda  FL ,53,53,11621,0,0,0,0,0,0,0,0,0,8,8,2709,0,0,0,0,0,0,0,0,0
201407,416,36420,C,Oklahoma City  OK ,519,519,112397,3,6,600,3,10,842,0,0,0,463,463,101050,3,6,600,3,10,842,0,0,0
201407,420,36540,C,Omaha-Council Bluffs  NE-IA ,177,177,35859,1,2,229,0,0,0,2,58,13676,140,140,27703,0,0,0,0,0,0,1,50,12907
201407,422,19660,C,Deltona-Daytona Beach-Ormond Beach  FL ,155,155,47768,0,0,0,0,0,0,0,0,0,137,137,40604,0,0,0,0,0,0,0,0,0
201407,422,36740,C,Orlando-Kissimmee-Sanford  FL ,938,938,233783,7,14,2515,1,4,300,19,641,77939,837,837,203367,7,14,2515,1,4,300,18,627,76170
201407,422,45540,C,The Villages  FL ,156,156,45093,0,0,0,0,0,0,0,0,0,156,156,45093,0,0,0,0,0,0,0,0,0
201407,425,37620, ,Parkersburg-Vienna  WV-OH ,12,12,1593,0,0,0,0,0,0,0,0,0,12,12,1593,0,0,0,0,0,0,0,0,0
201407,426,37900, ,Peoria  IL ,15,15,3942,1,2,192,0,0,0,0,0,0,8,8,2094,0,0,0,0,0,0,0,0,0
201407,428,12100,C,Atlantic City-Hammonton  NJ ,39,39,7425,0,0,0,0,0,0,1,9,1977,29,29,6290,0,0,0,0,0,0,0,0,0
201407,428,20100,C,Dover  DE ,88,88,12053,0,0,0,1,4,317,0,0,0,86,86,11735,0,0,0,1,4,317,0,0,0
201407,428,36140,C,Ocean City  NJ ,39,39,21695,4,8,1472,0,0,0,0,0,0,34,34,20575,4,8,1472,0,0,0,0,0,0
201407,428,37980,C,Philadelphia-Camden-Wilmington  PA-NJ-DE-MD ,535,535,89594,8,16,1403,10,34,3756,40,584,88963,343,343,64215,8,16,1403,9,30,3071,27,447,77498
201407,428,39740, ,Reading  PA ,15,15,2560,0,0,0,0,0,0,1,9,883,8,8,1569,0,0,0,0,0,0,0,0,0
201407,428,47220,C,Vineland-Bridgeton  NJ ,13,13,1494,0,0,0,0,0,0,0,0,0,4,4,416,0,0,0,0,0,0,0,0,0
201407,430,38300,C,Pittsburgh  PA ,281,281,66790,1,2,153,4,14,1223,8,206,17184,177,177,44001,1,2,153,2,8,630,5,160,13712
201407,430,48260, ,Weirton-Steubenville  WV-OH ,4,4,1110,0,0,0,0,0,0,0,0,0,4,4,1110,0,0,0,0,0,0,0,0,0
201407,438,30340, ,Lewiston-Auburn  ME ,6,6,1181,0,0,0,0,0,0,0,0,0,5,5,940,0,0,0,0,0,0,0,0,0
201407,438,38860, ,Portland-South Portland  ME ,120,120,27786,2,4,260,2,7,900,2,25,3691,54,54,13675,1,2,100,2,7,900,0,0,0
201407,440,10540, ,Albany  OR ,13,13,2793,1,2,213,0,0,0,8,83,8385,11,11,2361,0,0,0,0,0,0,7,78,7945
201407,440,18700, ,Corvallis  OR ,8,8,2049,0,0,0,1,3,623,1,5,311,0,0,0,0,0,0,0,0,0,0,0,0
201407,440,31020, ,Longview  WA ,12,12,2690,0,0,0,0,0,0,0,0,0,12,12,2690,0,0,0,0,0,0,0,0,0
201407,440,38900,C,Portland-Vancouver-Hillsboro  OR-WA ,486,486,133974,12,24,3438,3,11,844,24,470,84801,370,370,97681,12,24,3438,3,11,844,20,412,79291
201407,440,41420, ,Salem  OR ,50,50,12481,0,0,0,0,0,0,0,0,0,45,45,11325,0,0,0,0,0,0,0,0,0
201407,444,39380,C,Pueblo  CO ,9,9,1501,0,0,0,0,0,0,0,0,0,9,9,1501,0,0,0,0,0,0,0,0,0
201407,450,20500,C,Durham-Chapel Hill  NC ,197,197,50904,0,0,0,0,0,0,0,0,0,197,197,50904,0,0,0,0,0,0,0,0,0
201407,450,39580,C,Raleigh  NC ,719,719,148051,0,0,0,0,0,0,15,334,32501,675,675,139068,0,0,0,0,0,0,15,334,32501
201407,452,39660, ,Rapid City  SD ,70,70,12980,0,0,0,0,0,0,0,0,0,63,63,12006,0,0,0,0,0,0,0,0,0
201407,454,39820, ,Redding  CA ,21,21,4524,0,0,0,0,0,0,0,0,0,21,21,4524,0,0,0,0,0,0,0,0,0
201407,456,16180,C,Carson City  NV ,3,3,1694,0,0,0,0,0,0,0,0,0,3,3,1694,0,0,0,0,0,0,0,0,0
201407,456,39900,C,Reno  NV ,151,151,39474,2,4,679,0,0,0,8,84,10017,151,151,39474,2,4,679,0,0,0,8,84,10017
201407,462,40340, ,Rochester  MN ,47,47,11109,0,0,0,2,8,1224,0,0,0,40,40,9695,0,0,0,2,8,1224,0,0,0
201407,464,40380, ,Rochester  NY ,75,75,17123,0,0,0,3,10,1000,3,15,1256,69,69,15222,0,0,0,3,10,1000,2,10,1000
201407,466,40420, ,Rockford  IL ,17,17,2161,1,2,350,0,0,0,0,0,0,17,17,2161,1,2,350,0,0,0,0,0,0
201407,468,40580, ,Rocky Mount  NC ,14,14,2901,0,0,0,0,0,0,0,0,0,0,0,0,0,0,0,0,0,0,0,0,0
201407,470,40660, ,Rome  GA ,8,8,1226,0,0,0,0,0,0,0,0,0,8,8,1226,0,0,0,0,0,0,0,0,0
201407,472,40900,C,Sacramento--Roseville--Arden-Arcade  CA ,293,293,98932,0,0,0,0,0,0,0,0,0,291,291,98278,0,0,0,0,0,0,0,0,0
201407,472,49700, ,Yuba City  CA ,9,9,1786,0,0,0,0,0,0,0,0,0,9,9,1786,0,0,0,0,0,0,0,0,0
201407,474,13020, ,Bay City  MI ,2,2,565,0,0,0,0,0,0,0,0,0,2,2,565,0,0,0,0,0,0,0,0,0
201407,474,33220, ,Midland  MI ,5,5,651,0,0,0,0,0,0,3,137,3406,5,5,651,0,0,0,0,0,0,3,137,3406
201407,474,40980, ,Saginaw  MI ,7,7,1273,1,2,180,0,0,0,0,0,0,7,7,1273,1,2,180,0,0,0,0,0,0
201407,476,41180,C,St. Louis  MO-IL ,429,429,105509,6,12,1727,6,20,2876,13,173,16537,339,339,79146,4,8,1291,6,20,2876,9,142,13601
201407,482,36260, ,Ogden-Clearfield  UT ,152,152,39133,2,4,518,1,4,490,8,47,1527,117,117,29582,2,4,518,1,4,490,7,42,1062
201407,482,39340, ,Provo-Orem  UT ,235,235,59072,0,0,0,0,0,0,6,118,16446,225,225,56634,0,0,0,0,0,0,6,118,16446
201407,482,41620,C,Salt Lake City  UT ,264,264,63878,1,2,290,4,14,2275,6,102,13287,191,191,47300,1,2,290,3,11,1724,4,92,12372
201407,488,34900, ,Napa  CA ,0,0,0,0,0,0,0,0,0,0,0,0,0,0,0,0,0,0,0,0,0,0,0,0
201407,488,41860,C,San Francisco-Oakland-Hayward  CA ,305,305,102898,10,20,6764,1,3,1500,14,809,171082,264,264,86141,10,20,6764,1,3,1500,8,741,161489
201407,488,41940,C,San Jose-Sunnyvale-Santa Clara  CA ,150,150,61503,1,2,330,4,14,5324,6,486,63843,111,111,51423,1,2,330,3,11,4578,5,444,56268
201407,488,42100, ,Santa Cruz-Watsonville  CA ,10,10,3399,0,0,0,1,3,344,1,5,509,3,3,1891,0,0,0,0,0,0,0,0,0
201407,488,42220, ,Santa Rosa  CA ,21,21,8737,0,0,0,0,0,0,0,0,0,21,21,8737,0,0,0,0,0,0,0,0,0
201407,488,44700,C,Stockton-Lodi  CA ,110,110,30913,0,0,0,0,0,0,0,0,0,110,110,30913,0,0,0,0,0,0,0,0,0
201407,488,46700, ,Vallejo-Fairfield  CA ,25,25,6326,0,0,0,0,0,0,0,0,0,25,25,6326,0,0,0,0,0,0,0,0,0
201407,496,25980, ,Hinesville  GA ,14,14,3496,0,0,0,0,0,0,0,0,0,14,14,3496,0,0,0,0,0,0,0,0,0
201407,496,42340, ,Savannah  GA ,126,126,19820,0,0,0,0,0,0,1,8,320,102,102,15500,0,0,0,0,0,0,1,8,320
201407,500,14740, ,Bremerton-Silverdale  WA ,37,37,10423,0,0,0,0,0,0,0,0,0,37,37,10423,0,0,0,0,0,0,0,0,0
201407,500,34580, ,Mount Vernon-Anacortes  WA ,19,19,4096,0,0,0,0,0,0,0,0,0,8,8,2288,0,0,0,0,0,0,0,0,0
201407,500,36500, ,Olympia-Tumwater  WA ,99,99,24505,0,0,0,0,0,0,0,0,0,99,99,24505,0,0,0,0,0,0,0,0,0
201407,500,42660,C,Seattle-Tacoma-Bellevue  WA ,879,879,274645,34,68,13405,8,26,4627,29,1123,130492,812,812,250633,34,68,13405,8,26,4627,23,1058,124784
201407,512,43580, ,Sioux City  IA-NE-SD ,19,19,4847,1,2,340,0,0,0,0,0,0,10,10,2286,1,2,340,0,0,0,0,0,0
201407,515,21140, ,Elkhart-Goshen  IN ,32,32,6223,0,0,0,0,0,0,0,0,0,32,32,6223,0,0,0,0,0,0,0,0,0
201407,515,35660, ,Niles-Benton Harbor  MI ,8,8,2257,0,0,0,0,0,0,0,0,0,6,6,1820,0,0,0,0,0,0,0,0,0
201407,515,43780, ,South Bend-Mishawaka  IN-MI ,22,22,4233,0,0,0,0,0,0,0,0,0,21,21,3943,0,0,0,0,0,0,0,0,0
201407,518,17660, ,Coeur dAlene  ID ,71,71,16074,2,4,483,0,0,0,4,41,3538,48,48,11947,0,0,0,0,0,0,0,0,0
201407,518,44060, ,Spokane-Spokane Valley  WA ,41,41,6342,1,2,382,0,0,0,0,0,0,40,40,6159,1,2,382,0,0,0,0,0,0
201407,520,44180, ,Springfield  MO ,79,79,16798,1,2,115,0,0,0,4,103,4282,65,65,14369,0,0,0,0,0,0,0,0,0
201407,521,44140, ,Springfield  MA ,16,16,3317,0,0,0,0,0,0,1,5,359,11,11,2221,0,0,0,0,0,0,0,0,0
201407,522,44100, ,Springfield  IL ,9,9,2347,3,6,900,0,0,0,0,0,0,1,1,75,0,0,0,0,0,0,0,0,0
201407,524,44300, ,State College  PA ,18,18,5485,1,2,232,0,0,0,1,16,852,17,17,5312,1,2,232,0,0,0,1,16,852
201407,532,45060, ,Syracuse  NY ,41,41,7224,1,2,280,0,0,0,0,0,0,41,41,7224,1,2,280,0,0,0,0,0,0
201407,533,45220, ,Tallahassee  FL ,71,71,13834,0,0,0,0,0,0,2,59,4641,39,39,8375,0,0,0,0,0,0,0,0,0
201407,534,45780, ,Toledo  OH ,55,55,11892,0,0,0,0,0,0,2,10,419,39,39,8300,0,0,0,0,0,0,0,0,0
201407,536,46060,C,Tucson  AZ ,228,228,58335,1,2,98,0,0,0,5,79,9286,63,63,22022,0,0,0,0,0,0,0,0,0
201407,538,46140,C,Tulsa  OK ,274,274,58957,2,4,639,0,0,0,2,56,4131,272,272,58791,2,4,639,0,0,0,2,56,4131
201407,540,46340, ,Tyler  TX ,26,26,9054,0,0,0,0,0,0,0,0,0,26,26,9054,0,0,0,0,0,0,0,0,0
201407,544,47020,C,Victoria  TX ,23,23,3684,0,0,0,0,0,0,0,0,0,23,23,3684,0,0,0,0,0,0,0,0,0
201407,545,47260, ,Virginia Beach-Norfolk-Newport News  VA-NC ,390,390,82815,0,0,0,2,8,1142,5,31,3381,353,353,74102,0,0,0,2,8,1142,4,21,2768
201407,546,25260, ,Hanford-Corcoran  CA ,21,21,3149,0,0,0,0,0,0,0,0,0,0,0,0,0,0,0,0,0,0,0,0,0
201407,546,47300, ,Visalia-Porterville  CA ,105,105,20197,0,0,0,0,0,0,0,0,0,105,105,20197,0,0,0,0,0,0,0,0,0
201407,548,12580,C,Baltimore-Columbia-Towson  MD ,506,506,107028,1,2,355,1,4,524,6,148,11392,478,478,102834,0,0,0,0,0,0,5,60,3400
201407,548,15680, ,California-Lexington Park  MD ,49,49,10564,0,0,0,0,0,0,0,0,0,49,49,10564,0,0,0,0,0,0,0,0,0
201407,548,16540,C,Chambersburg-Waynesboro  PA ,22,22,4393,5,10,1506,0,0,0,0,0,0,12,12,2783,4,8,1200,0,0,0,0,0,0
201407,548,25180, ,Hagerstown-Martinsburg  MD-WV ,76,76,16219,0,0,0,3,12,870,2,24,2293,76,76,16219,0,0,0,3,12,870,2,24,2293
201407,548,47900,C,Washington-Arlington-Alexandria  DC-VA-MD-WV ,1118,1118,237040,17,34,2622,1,4,431,27,1675,148580,868,868,187224,17,34,2622,1,4,431,20,1452,127068
201407,548,49020, ,Winchester  VA-WV ,48,48,8716,0,0,0,0,0,0,0,0,0,48,48,8716,0,0,0,0,0,0,0,0,0
201407,554,48140, ,Wausau  WI ,13,13,2769,0,0,0,0,0,0,3,33,1950,2,2,315,0,0,0,0,0,0,2,28,1700
201407,556,48620, ,Wichita  KS ,92,92,18266,7,14,1341,0,0,0,1,17,838,29,29,6422,0,0,0,0,0,0,0,0,0
201407,558,48700, ,Williamsport  PA ,2,2,499,0,0,0,0,0,0,0,0,0,1,1,265,0,0,0,0,0,0,0,0,0
201407,566,49660, ,Youngstown-Warren-Boardman  OH-PA ,22,22,4557,0,0,0,0,0,0,0,0,0,22,22,4557,0,0,0,0,0,0,0,0,0
201407,999,10180, ,Abilene  TX ,14,14,2961,0,0,0,0,0,0,0,0,0,14,14,2961,0,0,0,0,0,0,0,0,0
201407,999,10500, ,Albany  GA ,11,11,1603,1,2,150,0,0,0,0,0,0,6,6,1049,0,0,0,0,0,0,0,0,0
201407,999,10780, ,Alexandria  LA ,28,28,4691,0,0,0,0,0,0,0,0,0,4,4,612,0,0,0,0,0,0,0,0,0
201407,999,11020, ,Altoona  PA ,4,4,684,0,0,0,0,0,0,0,0,0,4,4,684,0,0,0,0,0,0,0,0,0
201407,999,11260,C,Anchorage  AK ,45,45,13713,1,2,322,1,3,546,0,0,0,1,1,255,0,0,0,0,0,0,0,0,0
201407,999,11500, ,Anniston-Oxford-Jacksonville  AL ,5,5,827,0,0,0,0,0,0,0,0,0,5,5,827,0,0,0,0,0,0,0,0,0
201407,999,12260, ,Augusta-Richmond County  GA-SC ,214,214,45110,0,0,0,0,0,0,0,0,0,204,204,43184,0,0,0,0,0,0,0,0,0
201407,999,12420,C,Austin-Round Rock  TX ,1069,1069,241785,7,14,1890,4,16,496,52,1024,69070,961,961,220386,7,14,1890,4,16,496,34,851,57314
201407,999,12540, ,Bakersfield  CA ,159,159,31947,0,0,0,1,4,393,4,40,3668,44,44,7614,0,0,0,0,0,0,0,0,0
201407,999,12620, ,Bangor  ME ,8,8,1707,2,4,640,0,0,0,0,0,0,6,6,1356,2,4,640,0,0,0,0,0,0
201407,999,12940, ,Baton Rouge  LA ,244,244,50668,0,0,0,0,0,0,0,0,0,174,174,36644,0,0,0,0,0,0,0,0,0
201407,999,13140, ,Beaumont-Port Arthur  TX ,41,41,6377,0,0,0,0,0,0,0,0,0,41,41,6377,0,0,0,0,0,0,0,0,0
201407,999,13220, ,Beckley  WV ,13,13,2775,0,0,0,0,0,0,0,0,0,0,0,0,0,0,0,0,0,0,0,0,0
201407,999,13380, ,Bellingham  WA ,31,31,7729,1,2,94,2,7,970,1,42,2760,9,9,2272,1,2,94,1,4,650,1,42,2760
201407,999,13740, ,Billings  MT ,54,54,16923,0,0,0,0,0,0,0,0,0,54,54,16923,0,0,0,0,0,0,0,0,0
201407,999,13780, ,Binghamton  NY ,1,1,130,0,0,0,0,0,0,0,0,0,0,0,0,0,0,0,0,0,0,0,0,0
201407,999,13900, ,Bismarck  ND ,77,77,15031,0,0,0,0,0,0,5,264,26018,71,71,13663,0,0,0,0,0,0,5,264,26018
201407,999,15260, ,Brunswick  GA ,41,41,10729,0,0,0,0,0,0,0,0,0,0,0,0,0,0,0,0,0,0,0,0,0
201407,999,15540, ,Burlington-South Burlington  VT ,26,26,5710,4,8,1161,0,0,0,0,0,0,20,20,4568,4,8,1161,0,0,0,0,0,0
201407,999,16060, ,Carbondale-Marion  IL ,0,0,0,0,0,0,0,0,0,0,0,0,0,0,0,0,0,0,0,0,0,0,0,0
201407,999,16220, ,Casper  WY ,22,22,5108,0,0,0,0,0,0,0,0,0,22,22,5108,0,0,0,0,0,0,0,0,0
201407,999,16580, ,Champaign-Urbana  IL ,9,9,2400,0,0,0,0,0,0,1,181,23868,9,9,2400,0,0,0,0,0,0,1,181,23868
201407,999,16700,C,Charleston-North Charleston  SC ,396,396,97808,0,0,0,0,0,0,1,33,1653,316,316,83989,0,0,0,0,0,0,0,0,0
201407,999,16820, ,Charlottesville  VA ,49,49,11739,0,0,0,0,0,0,0,0,0,9,9,2206,0,0,0,0,0,0,0,0,0
201407,999,16940, ,Cheyenne  WY ,41,41,8123,0,0,0,0,0,0,0,0,0,41,41,8123,0,0,0,0,0,0,0,0,0
201407,999,17020, ,Chico  CA ,35,35,6595,0,0,0,1,3,188,16,160,14709,35,35,6595,0,0,0,1,3,188,16,160,14709
201407,999,17300, ,Clarksville  TN-KY ,104,104,13382,0,0,0,1,4,200,1,8,520,102,102,13240,0,0,0,1,4,200,1,8,520
201407,999,17780, ,College Station-Bryan  TX ,52,52,12059,1,2,320,0,0,0,4,102,14318,52,52,12059,1,2,320,0,0,0,4,102,14318
201407,999,17820,C,Colorado Springs  CO ,197,197,85705,13,26,3878,0,0,0,17,252,37401,197,197,85705,13,26,3878,0,0,0,17,252,37401
201407,999,18880, ,Crestview-Fort Walton Beach-Destin  FL ,138,138,54469,0,0,0,0,0,0,0,0,0,138,138,54469,0,0,0,0,0,0,0,0,0
201407,999,19060, ,Cumberland  MD-WV ,3,3,576,0,0,0,0,0,0,0,0,0,3,3,576,0,0,0,0,0,0,0,0,0
201407,999,19180, ,Danville  IL ,0,0,0,0,0,0,0,0,0,0,0,0,0,0,0,0,0,0,0,0,0,0,0,0
201407,999,19500, ,Decatur  IL ,0,0,0,0,0,0,0,0,0,0,0,0,0,0,0,0,0,0,0,0,0,0,0,0
201407,999,20220, ,Dubuque  IA ,24,24,4609,0,0,0,0,0,0,0,0,0,24,24,4609,0,0,0,0,0,0,0,0,0
201407,999,20260, ,Duluth  MN-WI ,29,29,5601,1,2,215,0,0,0,4,43,3690,29,29,5601,1,2,215,0,0,0,3,38,2970
201407,999,20940, ,El Centro  CA ,24,24,6647,1,2,160,1,3,80,0,0,0,24,24,6647,1,2,160,1,3,80,0,0,0
201407,999,21660, ,Eugene  OR ,40,40,9693,10,20,2676,1,4,905,5,29,3102,24,24,5735,10,20,2676,1,4,905,5,29,3102
201407,999,21780, ,Evansville  IN-KY ,44,44,6189,3,6,640,0,0,0,0,0,0,44,44,6189,3,6,640,0,0,0,0,0,0
201407,999,21820,C,Fairbanks  AK ,6,6,1103,0,0,0,0,0,0,0,0,0,0,0,0,0,0,0,0,0,0,0,0,0
201407,999,22140,C,Farmington  NM ,8,8,1430,0,0,0,0,0,0,0,0,0,8,8,1430,0,0,0,0,0,0,0,0,0
201407,999,22220, ,Fayetteville-Springdale-Rogers  AR-MO ,214,214,46116,0,0,0,0,0,0,0,0,0,210,210,45690,0,0,0,0,0,0,0,0,0
201407,999,22380, ,Flagstaff  AZ ,42,42,9744,0,0,0,0,0,0,1,21,1656,42,42,9744,0,0,0,0,0,0,1,21,1656
201407,999,22500, ,Florence  SC ,37,37,6377,1,2,160,0,0,0,0,0,0,13,13,2354,1,2,160,0,0,0,0,0,0
201407,999,22520, ,Florence-Muscle Shoals  AL ,14,14,1580,0,0,0,0,0,0,0,0,0,4,4,379,0,0,0,0,0,0,0,0,0
201407,999,22540, ,Fond du Lac  WI ,11,11,2070,0,0,0,0,0,0,0,0,0,10,10,1867,0,0,0,0,0,0,0,0,0
201407,999,22660,C,Fort Collins  CO ,186,186,48801,2,4,718,0,0,0,1,54,6000,184,184,48227,2,4,718,0,0,0,1,54,6000
201407,999,22900, ,Fort Smith  AR-OK ,22,22,4535,0,0,0,0,0,0,0,0,0,16,16,3935,0,0,0,0,0,0,0,0,0
201407,999,23460, ,Gadsden  AL ,1,1,88,0,0,0,0,0,0,0,0,0,1,1,88,0,0,0,0,0,0,0,0,0
201407,999,24140, ,Goldsboro  NC ,17,17,2392,0,0,0,0,0,0,0,0,0,17,17,2392,0,0,0,0,0,0,0,0,0
201407,999,24220, ,Grand Forks  ND-MN ,15,15,3896,0,0,0,0,0,0,1,32,3500,15,15,3896,0,0,0,0,0,0,1,32,3500
201407,999,24260, ,Grand Island  NE ,27,27,4170,3,6,875,2,6,561,0,0,0,27,27,4170,3,6,875,2,6,561,0,0,0
201407,999,24300,C,Grand Junction  CO ,53,53,13910,1,2,108,0,0,0,0,0,0,53,53,13910,1,2,108,0,0,0,0,0,0
201407,999,24500, ,Great Falls  MT ,4,4,1071,0,0,0,0,0,0,3,84,7727,4,4,1071,0,0,0,0,0,0,3,84,7727
201407,999,25060, ,Gulfport-Biloxi-Pascagoula  MS ,84,84,13467,1,2,245,0,0,0,11,218,23000,65,65,10113,0,0,0,0,0,0,11,218,23000
201407,999,25620, ,Hattiesburg  MS ,4,4,1515,0,0,0,2,8,210,0,0,0,0,0,0,0,0,0,0,0,0,0,0,0
201407,999,25940, ,Hilton Head Island-Bluffton-Beaufort  SC ,125,125,46779,0,0,0,0,0,0,0,0,0,125,125,46779,0,0,0,0,0,0,0,0,0
201407,999,26140, ,Homosassa Springs  FL ,20,20,3903,0,0,0,0,0,0,0,0,0,0,0,0,0,0,0,0,0,0,0,0,0
201407,999,26380, ,Houma-Thibodaux  LA ,45,45,12029,0,0,0,0,0,0,0,0,0,20,20,4803,0,0,0,0,0,0,0,0,0
201407,999,27100, ,Jackson  MI ,5,5,762,0,0,0,0,0,0,0,0,0,2,2,361,0,0,0,0,0,0,0,0,0
201407,999,27180, ,Jackson  TN ,18,18,3378,0,0,0,0,0,0,0,0,0,18,18,3378,0,0,0,0,0,0,0,0,0
201407,999,27340, ,Jacksonville  NC ,85,85,11465,4,8,300,0,0,0,0,0,0,85,85,11465,4,8,300,0,0,0,0,0,0
201407,999,27620, ,Jefferson City  MO ,18,18,3454,1,2,209,0,0,0,0,0,0,0,0,0,0,0,0,0,0,0,0,0,0
201407,999,27980,C,Kahului-Wailuku-Lahaina  HI ,25,25,6380,3,6,1353,0,0,0,0,0,0,25,25,6380,3,6,1353,0,0,0,0,0,0
201407,999,28420, ,Kennewick-Richland  WA ,89,89,23795,8,16,1708,0,0,0,1,8,936,14,14,4264,0,0,0,0,0,0,0,0,0
201407,999,28660, ,Killeen-Temple  TX ,150,150,26571,2,4,320,0,0,0,0,0,0,94,94,16634,2,4,320,0,0,0,0,0,0
201407,999,29100, ,La Crosse-Onalaska  WI-MN ,18,18,3898,0,0,0,0,0,0,0,0,0,10,10,1843,0,0,0,0,0,0,0,0,0
201407,999,29340, ,Lake Charles  LA ,55,55,10535,4,8,760,0,0,0,0,0,0,14,14,3253,4,8,760,0,0,0,0,0,0
201407,999,29460,C,Lakeland-Winter Haven  FL ,231,231,45520,0,0,0,1,3,281,0,0,0,206,206,41590,0,0,0,0,0,0,0,0,0
201407,999,29540, ,Lancaster  PA ,67,67,13183,2,4,684,0,0,0,0,0,0,59,59,12145,2,4,684,0,0,0,0,0,0
201407,999,29700,C,Laredo  TX ,90,90,13152,0,0,0,1,4,191,1,62,3875,0,0,0,0,0,0,0,0,0,0,0,0
201407,999,30020, ,Lawton  OK ,2,2,460,0,0,0,0,0,0,0,0,0,2,2,460,0,0,0,0,0,0,0,0,0
201407,999,30300, ,Lewiston  ID-WA ,2,2,633,0,0,0,0,0,0,0,0,0,2,2,633,0,0,0,0,0,0,0,0,0
201407,999,30860, ,Logan  UT-ID ,18,18,3403,0,0,0,1,4,335,1,12,1078,16,16,3093,0,0,0,0,0,0,0,0,0
201407,999,31340, ,Lynchburg  VA ,43,43,9669,0,0,0,0,0,0,6,196,15360,43,43,9669,0,0,0,0,0,0,6,196,15360
201407,999,33540,C,Missoula  MT ,14,14,1830,0,0,0,0,0,0,1,6,173,14,14,1830,0,0,0,0,0,0,1,6,173
201407,999,33860, ,Montgomery  AL ,42,42,7300,0,0,0,0,0,0,2,58,4045,29,29,5849,0,0,0,0,0,0,1,48,3800
201407,999,36100,C,Ocala  FL ,56,56,11005,0,0,0,0,0,0,4,24,5420,56,56,11005,0,0,0,0,0,0,4,24,5420
201407,999,36980, ,Owensboro  KY ,25,25,2861,0,0,0,0,0,0,0,0,0,25,25,2861,0,0,0,0,0,0,0,0,0
201407,999,37340,C,Palm Bay-Melbourne-Titusville  FL ,124,124,39834,0,0,0,0,0,0,0,0,0,122,122,39012,0,0,0,0,0,0,0,0,0
201407,999,37460, ,Panama City  FL ,55,55,10409,1,2,163,0,0,0,0,0,0,23,23,5112,0,0,0,0,0,0,0,0,0
201407,999,37860,C,Pensacola-Ferry Pass-Brent  FL ,162,162,27524,0,0,0,0,0,0,1,22,1320,60,60,13115,0,0,0,0,0,0,0,0,0
201407,999,38060,C,Phoenix-Mesa-Scottsdale  AZ ,1096,1096,286122,0,0,0,0,0,0,9,648,77597,1040,1040,274832,0,0,0,0,0,0,9,648,77597
201407,999,38340, ,Pittsfield  MA ,1,1,190,0,0,0,0,0,0,0,0,0,0,0,0,0,0,0,0,0,0,0,0,0
201407,999,38540, ,Pocatello  ID ,21,21,3138,0,0,0,0,0,0,0,0,0,21,21,3138,0,0,0,0,0,0,0,0,0
201407,999,39140, ,Prescott  AZ ,62,62,15334,0,0,0,0,0,0,0,0,0,39,39,8885,0,0,0,0,0,0,0,0,0
201407,999,40060,C,Richmond  VA ,294,294,57648,0,0,0,3,11,1060,0,0,0,270,270,54339,0,0,0,3,11,1060,0,0,0
201407,999,40220, ,Roanoke  VA ,47,47,9337,1,2,120,0,0,0,0,0,0,47,47,9337,1,2,120,0,0,0,0,0,0
201407,999,41100, ,St. George  UT ,111,111,22189,0,0,0,0,0,0,1,8,1300,111,111,22189,0,0,0,0,0,0,1,8,1300
201407,999,41500, ,Salinas  CA ,12,12,3153,0,0,0,0,0,0,3,36,2934,10,10,2622,0,0,0,0,0,0,3,36,2934
201407,999,41540, ,Salisbury  MD-DE ,168,168,23458,2,4,389,3,11,1342,5,78,6721,167,167,23312,2,4,389,3,11,1342,4,24,2964
201407,999,41660,C,San Angelo  TX ,21,21,4527,0,0,0,0,0,0,0,0,0,21,21,4527,0,0,0,0,0,0,0,0,0
201407,999,41700,C,San Antonio-New Braunfels  TX ,553,553,123255,30,60,5473,1,4,393,33,424,32906,485,485,111591,30,60,5473,1,4,393,32,418,31627
201407,999,41740,C,San Diego-Carlsbad  CA ,182,182,73602,4,8,2352,3,12,2154,38,470,60812,178,178,72200,4,8,2352,3,12,2154,36,455,59057
201407,999,42020, ,San Luis Obispo-Paso Robles-Arroyo Grande  CA ,42,42,13795,0,0,0,0,0,0,0,0,0,15,15,3032,0,0,0,0,0,0,0,0,0
201407,999,42200, ,Santa Maria-Santa Barbara  CA ,28,28,6581,0,0,0,0,0,0,0,0,0,28,28,6581,0,0,0,0,0,0,0,0,0
201407,999,42540, ,Scranton--Wilkes-Barre--Hazleton  PA ,11,11,1811,1,2,220,1,3,367,0,0,0,7,7,1048,0,0,0,0,0,0,0,0,0
201407,999,42700,C,Sebring  FL ,5,5,1142,0,0,0,0,0,0,0,0,0,4,4,1008,0,0,0,0,0,0,0,0,0
201407,999,43100, ,Sheboygan  WI ,7,7,1533,0,0,0,0,0,0,0,0,0,4,4,685,0,0,0,0,0,0,0,0,0
201407,999,43340, ,Shreveport-Bossier City  LA ,109,109,19088,0,0,0,0,0,0,2,38,2314,53,53,12230,0,0,0,0,0,0,0,0,0
201407,999,43420, ,Sierra Vista-Douglas  AZ ,11,11,1410,0,0,0,0,0,0,1,5,613,4,4,207,0,0,0,0,0,0,0,0,0
201407,999,43620, ,Sioux Falls  SD ,97,97,19274,0,0,0,1,4,333,2,28,2756,95,95,18983,0,0,0,1,4,333,2,28,2756
201407,999,44940,C,Sumter  SC ,29,29,3840,0,0,0,0,0,0,0,0,0,29,29,3840,0,0,0,0,0,0,0,0,0
201407,999,45300,C,Tampa-St. Petersburg-Clearwater  FL ,756,756,219679,3,6,958,7,26,2737,17,420,50721,685,685,196033,0,0,0,4,15,1398,13,284,39902
201407,999,45460, ,Terre Haute  IN ,3,3,330,1,2,110,1,4,276,1,10,531,2,2,195,0,0,0,0,0,0,0,0,0
201407,999,45500, ,Texarkana  TX-AR ,5,5,643,0,0,0,0,0,0,0,0,0,5,5,643,0,0,0,0,0,0,0,0,0
201407,999,45820, ,Topeka  KS ,29,29,6624,2,4,440,0,0,0,0,0,0,28,28,6427,2,4,440,0,0,0,0,0,0
201407,999,46220, ,Tuscaloosa  AL ,33,33,7422,2,4,988,0,0,0,0,0,0,33,33,7422,2,4,988,0,0,0,0,0,0
201407,999,46520,C,Urban Honolulu  HI ,110,110,34696,0,0,0,0,0,0,0,0,0,110,110,34696,0,0,0,0,0,0,0,0,0
201407,999,46540, ,Utica-Rome  NY ,1,1,146,0,0,0,0,0,0,0,0,0,0,0,0,0,0,0,0,0,0,0,0,0
201407,999,46660, ,Valdosta  GA ,34,34,4267,1,2,133,0,0,0,0,0,0,0,0,0,0,0,0,0,0,0,0,0,0
201407,999,47380, ,Waco  TX ,30,30,5393,0,0,0,0,0,0,7,187,19249,25,25,4207,0,0,0,0,0,0,7,187,19249
201407,999,47460, ,Walla Walla  WA ,4,4,869,0,0,0,0,0,0,0,0,0,4,4,869,0,0,0,0,0,0,0,0,0
201407,999,47940, ,Waterloo-Cedar Falls  IA ,25,25,10648,2,4,610,1,4,661,0,0,0,18,18,9833,2,4,610,1,4,661,0,0,0
201407,999,48060, ,Watertown-Fort Drum  NY ,8,8,1273,0,0,0,0,0,0,4,45,3902,0,0,0,0,0,0,0,0,0,0,0,0
201407,999,48300, ,Wenatchee  WA ,32,32,7104,2,4,436,0,0,0,0,0,0,17,17,4404,2,4,436,0,0,0,0,0,0
201407,999,48540, ,Wheeling  WV-OH ,0,0,0,0,0,0,0,0,0,0,0,0,0,0,0,0,0,0,0,0,0,0,0,0
201407,999,48660, ,Wichita Falls  TX ,6,6,1521,0,0,0,0,0,0,0,0,0,6,6,1521,0,0,0,0,0,0,0,0,0
201407,999,48900,C,Wilmington  NC ,128,128,32911,0,0,0,0,0,0,2,81,10445,9,9,1744,0,0,0,0,0,0,0,0,0
201407,999,49420, ,Yakima  WA ,12,12,3207,0,0,0,0,0,0,0,0,0,12,12,3207,0,0,0,0,0,0,0,0,0
201407,999,49740, ,Yuma  AZ ,43,43,7226,0,0,0,0,0,0,0,0,0,43,43,7226,0,0,0,0,0,0,0,0,0
