Survey,CSA,CBSA,MONCOV,CBSA,,1-unit,,,2-units,,,3-4 units,,,5+ units,,,1-unit rep,,,2-units rep,,,3-4 units rep,,,5+ units rep
Date,Code,Code,,Name,Bldgs,Units,Value,Bldgs,Units,Value,Bldgs,Units,Value,Bldgs,Units,Value,Bldgs,Units,Value,Bldgs,Units,Value,      Bldgs,Units,Value,Bldgs,Units,Value
 
201608,104,10580,C,Albany-Schenectady-Troy  NY ,129,129,31007,4,8,1063,9,35,3447,7,150,15795,99,99,24159,4,8,1063,9,35,3447,3,120,12183
201608,104,24020, ,Glens Falls  NY ,19,19,4056,0,0,0,0,0,0,0,0,0,13,13,3564,0,0,0,0,0,0,0,0,0
201608,106,10740,C,Albuquerque  NM ,190,190,39791,0,0,0,1,4,335,1,5,208,102,102,23421,0,0,0,0,0,0,0,0,0
201608,106,42140,C,Santa Fe  NM ,11,11,2663,0,0,0,0,0,0,0,0,0,0,0,0,0,0,0,0,0,0,0,0,0
201608,108,11100, ,Amarillo  TX ,40,40,9017,1,2,257,0,0,0,0,0,0,40,40,9017,1,2,257,0,0,0,0,0,0
201608,118,11540, ,Appleton  WI ,45,45,12636,4,8,956,0,0,0,0,0,0,44,44,12436,4,8,956,0,0,0,0,0,0
201608,118,36780, ,Oshkosh-Neenah  WI ,33,33,9162,1,2,233,0,0,0,0,0,0,33,33,9162,1,2,233,0,0,0,0,0,0
201608,120,11700, ,Asheville  NC ,143,143,36144,0,0,0,0,0,0,2,23,2395,43,43,8100,0,0,0,0,0,0,0,0,0
201608,122,12020, ,Athens-Clarke County  GA ,40,40,9689,0,0,0,0,0,0,0,0,0,40,40,9689,0,0,0,0,0,0,0,0,0
201608,122,12060, ,Atlanta-Sandy Springs-Roswell  GA ,2167,2167,463085,5,10,1013,2,8,1723,11,465,64386,2078,2078,442640,5,10,1013,2,8,1723,9,439,61814
201608,122,23580, ,Gainesville  GA ,98,98,18924,0,0,0,0,0,0,0,0,0,98,98,18924,0,0,0,0,0,0,0,0,0
201608,140,13460, ,Bend-Redmond  OR ,175,175,46047,2,4,647,15,50,5132,2,36,4084,156,156,41618,2,4,647,15,50,5132,2,36,4084
201608,142,13820,C,Birmingham-Hoover  AL ,227,227,52206,0,0,0,0,0,0,2,67,5555,123,123,28619,0,0,0,0,0,0,0,0,0
201608,144,14020,C,Bloomington  IN ,17,17,4066,3,6,695,0,0,0,0,0,0,15,15,3812,3,6,695,0,0,0,0,0,0
201608,145,14010, ,Bloomington  IL ,10,10,1146,0,0,0,0,0,0,1,16,2200,10,10,1146,0,0,0,0,0,0,1,16,2200
201608,146,14100,C,Bloomsburg-Berwick  PA ,9,9,1837,0,0,0,0,0,0,0,0,0,2,2,575,0,0,0,0,0,0,0,0,0
201608,147,14260,C,Boise City  ID ,548,548,122459,3,6,947,4,16,1610,8,194,21136,459,459,105356,3,6,947,4,16,1610,8,194,21136
201608,148,12700, ,Barnstable Town  MA ,10,10,3439,0,0,0,0,0,0,0,0,0,10,10,3439,0,0,0,0,0,0,0,0,0
201608,148,14460,C,Boston-Cambridge-Newton  MA-NH ,485,485,143073,29,58,9116,6,21,1670,17,193,46383,319,319,96436,22,44,6926,4,14,953,5,82,29736
201608,148,31700, ,Manchester-Nashua  NH ,35,35,6309,2,4,513,0,0,0,2,47,6434,23,23,4080,1,2,200,0,0,0,1,41,5627
201608,148,39300,C,Providence-Warwick  RI-MA ,166,166,34863,3,6,748,5,18,2440,1,5,459,122,122,26604,1,2,317,4,15,1837,0,0,0
201608,148,49340, ,Worcester  MA-CT ,25,25,6546,0,0,0,1,3,540,0,0,0,22,22,5952,0,0,0,0,0,0,0,0,0
201608,150,14540, ,Bowling Green  KY ,51,51,11621,0,0,0,0,0,0,2,16,1606,51,51,11621,0,0,0,0,0,0,2,16,1606
201608,154,15180, ,Brownsville-Harlingen  TX ,68,68,8947,1,2,46,2,8,259,0,0,0,68,68,8947,1,2,46,2,8,259,0,0,0
201608,160,15380,C,Buffalo-Cheektowaga-Niagara Falls  NY ,92,92,23895,0,0,0,0,0,0,5,94,10908,78,78,20900,0,0,0,0,0,0,4,89,10172
201608,162,15980,C,Cape Coral-Fort Myers  FL ,400,400,94866,4,8,497,4,16,3391,1,40,6200,400,400,94866,4,8,497,4,16,3391,1,40,6200
201608,162,34940, ,Naples-Immokalee-Marco Island  FL ,230,230,55210,0,0,0,5,20,3041,4,28,6249,230,230,55210,0,0,0,5,20,3041,4,28,6249
201608,164,16020, ,Cape Girardeau  MO-IL ,0,0,0,0,0,0,0,0,0,0,0,0,0,0,0,0,0,0,0,0,0,0,0,0
201608,168,16300, ,Cedar Rapids  IA ,52,52,6092,6,12,1250,1,3,328,0,0,0,49,49,5220,5,10,730,1,3,328,0,0,0
201608,168,26980, ,Iowa City  IA ,37,37,8590,0,0,0,0,0,0,3,45,4170,36,36,8452,0,0,0,0,0,0,3,45,4170
201608,170,16620, ,Charleston  WV ,6,6,1317,1,2,265,1,3,205,1,10,628,1,1,298,0,0,0,0,0,0,0,0,0
201608,170,26580, ,Huntington-Ashland  WV-KY-OH ,10,10,1950,0,0,0,0,0,0,0,0,0,8,8,1804,0,0,0,0,0,0,0,0,0
201608,172,16740, ,Charlotte-Concord-Gastonia  NC-SC ,1302,1302,316250,1,2,249,1,3,395,23,1001,104271,1196,1196,287186,1,2,249,1,3,395,21,964,100770
201608,174,16860, ,Chattanooga  TN-GA ,135,135,24670,0,0,0,0,0,0,1,11,833,89,89,15719,0,0,0,0,0,0,0,0,0
201608,174,17420, ,Cleveland  TN ,31,31,5157,5,10,796,1,3,300,0,0,0,15,15,2275,5,10,796,1,3,300,0,0,0
201608,176,16980, ,Chicago-Naperville-Elgin  IL-IN-WI ,805,805,239964,11,22,4466,16,53,8695,31,639,109323,652,652,198723,9,18,4112,13,43,7575,26,571,102344
201608,176,28100, ,Kankakee  IL ,1,1,360,0,0,0,0,0,0,0,0,0,1,1,360,0,0,0,0,0,0,0,0,0
201608,176,33140, ,Michigan City-La Porte  IN ,11,11,2300,0,0,0,0,0,0,0,0,0,11,11,2300,0,0,0,0,0,0,0,0,0
201608,178,17140, ,Cincinnati  OH-KY-IN ,334,334,81412,3,6,860,2,7,817,27,409,39817,308,308,74289,3,6,860,2,7,817,27,409,39817
201608,184,10420, ,Akron  OH ,57,57,12718,0,0,0,0,0,0,0,0,0,57,57,12718,0,0,0,0,0,0,0,0,0
201608,184,15940, ,Canton-Massillon  OH ,43,43,10303,0,0,0,1,3,154,1,5,384,39,39,9837,0,0,0,0,0,0,0,0,0
201608,184,17460, ,Cleveland-Elyria  OH ,255,255,62687,2,4,21,2,8,583,4,21,1620,170,170,47507,0,0,0,1,4,360,3,16,1400
201608,190,17860,C,Columbia  MO ,66,66,15045,0,0,0,0,0,0,3,52,7696,66,66,15045,0,0,0,0,0,0,3,52,7696
201608,192,17900,C,Columbia  SC ,384,384,71878,0,0,0,0,0,0,1,30,1693,98,98,15422,0,0,0,0,0,0,0,0,0
201608,194,12220, ,Auburn-Opelika  AL ,73,73,22166,0,0,0,0,0,0,0,0,0,25,25,7160,0,0,0,0,0,0,0,0,0
201608,194,17980, ,Columbus  GA-AL ,58,58,11018,0,0,0,0,0,0,2,37,3067,29,29,5095,0,0,0,0,0,0,1,12,700
201608,198,18140, ,Columbus  OH ,420,420,98248,2,4,532,25,84,10210,16,420,47995,364,364,84692,1,2,232,24,81,9983,15,390,45826
201608,204,18580, ,Corpus Christi  TX ,102,102,19398,0,0,0,0,0,0,0,0,0,98,98,18699,0,0,0,0,0,0,0,0,0
201608,206,19100, ,Dallas-Fort Worth-Arlington  TX ,2939,2939,823236,13,26,5549,10,33,1200,47,2177,224300,2680,2680,746147,12,24,5306,10,33,1200,46,2171,223740
201608,209,19340, ,Davenport-Moline-Rock Island  IA-IL ,38,38,8191,0,0,0,0,0,0,0,0,0,20,20,3510,0,0,0,0,0,0,0,0,0
201608,212,19380, ,Dayton  OH ,84,84,26272,0,0,0,0,0,0,0,0,0,53,53,19476,0,0,0,0,0,0,0,0,0
201608,212,44220, ,Springfield  OH ,10,10,2596,0,0,0,0,0,0,0,0,0,10,10,2596,0,0,0,0,0,0,0,0,0
201608,216,14500, ,Boulder  CO ,53,53,20751,0,0,0,1,3,330,1,8,1108,23,23,9622,0,0,0,1,3,330,0,0,0
201608,216,19740, ,Denver-Aurora-Lakewood  CO ,982,982,273776,1,2,280,1,3,519,10,553,70846,890,890,247102,1,2,280,0,0,0,9,543,69996
201608,216,24540, ,Greeley  CO ,157,157,42093,3,6,1398,0,0,0,2,10,1112,84,84,21301,2,4,698,0,0,0,0,0,0
201608,218,11180, ,Ames  IA ,6,6,1977,0,0,0,0,0,0,4,121,18500,6,6,1977,0,0,0,0,0,0,4,121,18500
201608,218,19780, ,Des Moines-West Des Moines  IA ,322,322,82966,0,0,0,0,0,0,11,636,87010,310,310,79699,0,0,0,0,0,0,11,636,87010
201608,220,11460, ,Ann Arbor  MI ,15,15,3927,0,0,0,0,0,0,0,0,0,2,2,428,0,0,0,0,0,0,0,0,0
201608,220,19820, ,Detroit-Warren-Dearborn  MI ,595,595,159971,5,10,2238,4,15,1299,5,46,4871,534,534,142072,5,10,2238,3,12,1060,5,46,4871
201608,220,22420, ,Flint  MI ,14,14,3804,0,0,0,0,0,0,0,0,0,14,14,3804,0,0,0,0,0,0,0,0,0
201608,220,33780, ,Monroe  MI ,0,0,0,0,0,0,0,0,0,0,0,0,0,0,0,0,0,0,0,0,0,0,0,0
201608,222,20020, ,Dothan  AL ,21,21,5466,0,0,0,0,0,0,0,0,0,19,19,5202,0,0,0,0,0,0,0,0,0
201608,232,20740, ,Eau Claire  WI ,45,45,12133,5,10,1117,0,0,0,1,5,267,41,41,11355,5,10,1117,0,0,0,0,0,0
201608,236,21300, ,Elmira  NY ,0,0,0,0,0,0,0,0,0,0,0,0,0,0,0,0,0,0,0,0,0,0,0,0
201608,238,21340,C,El Paso  TX ,252,252,40577,4,8,649,1,3,300,8,140,14197,24,24,2478,0,0,0,0,0,0,0,0,0
201608,238,29740,C,Las Cruces  NM ,79,79,16146,0,0,0,0,0,0,0,0,0,79,79,16146,0,0,0,0,0,0,0,0,0
201608,240,21500, ,Erie  PA ,5,5,1335,1,2,310,0,0,0,0,0,0,5,5,1335,1,2,310,0,0,0,0,0,0
201608,244,22020, ,Fargo  ND-MN ,123,123,28048,0,0,0,0,0,0,4,119,9105,116,116,26184,0,0,0,0,0,0,3,114,8605
201608,246,22180,C,Fayetteville  NC ,70,70,13936,0,0,0,0,0,0,0,0,0,70,70,13936,0,0,0,0,0,0,0,0,0
201608,258,23060, ,Fort Wayne  IN ,152,152,36918,5,10,740,0,0,0,0,0,0,152,152,36918,5,10,740,0,0,0,0,0,0
201608,260,23420,C,Fresno  CA ,197,197,52506,6,12,2111,0,0,0,2,17,1340,103,103,27033,6,12,2111,0,0,0,0,0,0
201608,260,31460, ,Madera  CA ,29,29,5407,0,0,0,0,0,0,0,0,0,29,29,5407,0,0,0,0,0,0,0,0,0
201608,264,23540, ,Gainesville  FL ,60,60,8386,0,0,0,0,0,0,2,21,1287,53,53,7595,0,0,0,0,0,0,0,0,0
201608,266,24340, ,Grand Rapids-Wyoming  MI ,153,153,35439,3,6,633,3,12,1050,4,76,7813,101,101,25283,1,2,217,3,12,1050,2,14,4240
201608,266,34740, ,Muskegon  MI ,4,4,465,0,0,0,0,0,0,0,0,0,0,0,0,0,0,0,0,0,0,0,0,0
201608,267,24580, ,Green Bay  WI ,56,56,11556,0,0,0,0,0,0,3,21,1592,33,33,7545,0,0,0,0,0,0,2,16,1050
201608,268,15500, ,Burlington  NC ,67,67,8523,6,12,2025,4,12,2025,0,0,0,67,67,8523,6,12,2025,4,12,2025,0,0,0
201608,268,24660,C,Greensboro-High Point  NC ,145,145,38498,0,0,0,0,0,0,8,70,8586,118,118,32141,0,0,0,0,0,0,6,52,6717
201608,268,49180, ,Winston-Salem  NC ,90,90,23680,0,0,0,0,0,0,8,88,12662,90,90,23680,0,0,0,0,0,0,8,88,12662
201608,273,24860, ,Greenville-Anderson-Mauldin  SC ,412,412,95520,2,4,277,0,0,0,1,14,1368,398,398,93153,2,4,277,0,0,0,0,0,0
201608,273,43900, ,Spartanburg  SC ,191,191,33138,0,0,0,0,0,0,0,0,0,191,191,33138,0,0,0,0,0,0,0,0,0
201608,274,24780, ,Greenville  NC ,10,10,2289,6,12,1430,0,0,0,4,96,8696,10,10,2289,6,12,1430,0,0,0,4,96,8696
201608,276,23900,C,Gettysburg  PA ,31,31,2634,0,0,0,0,0,0,0,0,0,31,31,2634,0,0,0,0,0,0,0,0,0
201608,276,25420,C,Harrisburg-Carlisle  PA ,113,113,22065,0,0,0,0,0,0,2,25,1186,71,71,12261,0,0,0,0,0,0,1,20,935
201608,276,30140, ,Lebanon  PA ,23,23,4220,0,0,0,0,0,0,0,0,0,23,23,4220,0,0,0,0,0,0,0,0,0
201608,276,49620, ,York-Hanover  PA ,16,16,2922,0,0,0,0,0,0,0,0,0,14,14,2408,0,0,0,0,0,0,0,0,0
201608,277,25500,C,Harrisonburg  VA ,34,34,7429,0,0,0,1,3,71,0,0,0,28,28,6473,0,0,0,0,0,0,0,0,0
201608,277,44420, ,Staunton-Waynesboro  VA ,22,22,3770,0,0,0,0,0,0,0,0,0,22,22,3770,0,0,0,0,0,0,0,0,0
201608,278,25540,C,Hartford-West Hartford-East Hartford  CT ,66,66,15277,0,0,0,2,8,885,6,53,4757,56,56,12955,0,0,0,2,8,885,3,38,3625
201608,278,35980, ,Norwich-New London  CT ,16,16,3614,9,18,2628,0,0,0,2,18,1748,11,11,2811,9,18,2628,0,0,0,2,18,1748
201608,280,25860, ,Hickory-Lenoir-Morganton  NC ,1,1,153,0,0,0,0,0,0,1,7,390,0,0,0,0,0,0,0,0,0,0,0,0
201608,284,26300, ,Hot Springs  AR ,4,4,1444,0,0,0,0,0,0,0,0,0,4,4,1444,0,0,0,0,0,0,0,0,0
201608,288,26420, ,Houston-The Woodlands-Sugar Land  TX ,3234,3234,577289,2,4,429,1,4,360,25,535,38085,2003,2003,398636,2,4,429,1,4,360,21,485,35029
201608,290,19460, ,Decatur  AL ,21,21,2867,0,0,0,0,0,0,0,0,0,21,21,2867,0,0,0,0,0,0,0,0,0
201608,290,26620,C,Huntsville  AL ,204,204,32115,0,0,0,0,0,0,0,0,0,203,203,31988,0,0,0,0,0,0,0,0,0
201608,292,26820, ,Idaho Falls  ID ,154,154,20379,1,2,169,0,0,0,0,0,0,153,153,20135,1,2,169,0,0,0,0,0,0
201608,294,18020, ,Columbus  IN ,25,25,5647,0,0,0,0,0,0,0,0,0,0,0,0,0,0,0,0,0,0,0,0,0
201608,294,26900, ,Indianapolis-Carmel-Anderson  IN ,526,526,143213,15,30,4118,4,14,1608,12,234,16899,487,487,136503,15,30,4118,4,14,1608,11,229,16581
201608,294,34620, ,Muncie  IN ,7,7,106,0,0,0,0,0,0,0,0,0,7,7,106,0,0,0,0,0,0,0,0,0
201608,296,27060, ,Ithaca  NY ,3,3,638,0,0,0,0,0,0,0,0,0,1,1,150,0,0,0,0,0,0,0,0,0
201608,297,27180, ,Jackson  TN ,19,19,3795,0,0,0,0,0,0,0,0,0,19,19,3795,0,0,0,0,0,0,0,0,0
201608,298,27140, ,Jackson  MS ,144,144,32493,0,0,0,0,0,0,0,0,0,103,103,22473,0,0,0,0,0,0,0,0,0
201608,300,27260,C,Jacksonville  FL ,806,806,188167,0,0,0,0,0,0,2,92,9778,772,772,178148,0,0,0,0,0,0,2,92,9778
201608,304,27740, ,Johnson City  TN ,12,12,2194,0,0,0,0,0,0,2,16,564,12,12,2194,0,0,0,0,0,0,2,16,564
201608,304,28700, ,Kingsport-Bristol-Bristol  TN-VA ,1,1,189,0,0,0,0,0,0,0,0,0,0,0,0,0,0,0,0,0,0,0,0,0
201608,306,27780, ,Johnstown  PA ,2,2,500,0,0,0,0,0,0,0,0,0,2,2,500,0,0,0,0,0,0,0,0,0
201608,308,27860, ,Jonesboro  AR ,117,117,11852,5,10,555,5,20,700,0,0,0,117,117,11852,5,10,555,5,20,700,0,0,0
201608,309,27900, ,Joplin  MO ,16,16,2395,0,0,0,0,0,0,0,0,0,16,16,2395,0,0,0,0,0,0,0,0,0
201608,310,12980, ,Battle Creek  MI ,0,0,0,0,0,0,0,0,0,0,0,0,0,0,0,0,0,0,0,0,0,0,0,0
201608,310,28020, ,Kalamazoo-Portage  MI ,13,13,4604,0,0,0,0,0,0,0,0,0,13,13,4604,0,0,0,0,0,0,0,0,0
201608,312,28140, ,Kansas City  MO-KS ,491,491,125071,6,12,1115,9,33,3590,6,349,40818,401,401,94756,6,12,1115,7,27,2706,4,320,38151
201608,312,29940, ,Lawrence  KS ,34,34,6558,0,0,0,0,0,0,1,53,5757,0,0,0,0,0,0,0,0,0,0,0,0
201608,312,41140, ,St. Joseph  MO-KS ,0,0,0,0,0,0,0,0,0,0,0,0,0,0,0,0,0,0,0,0,0,0,0,0
201608,314,28940, ,Knoxville  TN ,243,243,50068,1,2,100,0,0,0,1,16,1052,231,231,47646,0,0,0,0,0,0,0,0,0
201608,316,29020, ,Kokomo  IN ,7,7,897,0,0,0,0,0,0,0,0,0,7,7,897,0,0,0,0,0,0,0,0,0
201608,318,29180, ,Lafayette  LA ,196,196,40614,0,0,0,0,0,0,1,31,2264,49,49,10142,0,0,0,0,0,0,0,0,0
201608,320,29200, ,Lafayette-West Lafayette  IN ,40,40,8862,2,4,720,0,0,0,0,0,0,0,0,0,0,0,0,0,0,0,0,0,0
201608,324,29340, ,Lake Charles  LA ,61,61,13476,2,4,400,1,3,180,0,0,0,23,23,5424,2,4,400,1,3,180,0,0,0
201608,330,29620, ,Lansing-East Lansing  MI ,16,16,3172,0,0,0,0,0,0,1,6,396,12,12,2696,0,0,0,0,0,0,0,0,0
201608,332,29420, ,Lake Havasu City-Kingman  AZ ,48,48,10546,0,0,0,0,0,0,0,0,0,48,48,10546,0,0,0,0,0,0,0,0,0
201608,332,29820,C,Las Vegas-Henderson-Paradise  NV ,705,705,137358,0,0,0,0,0,0,0,0,0,705,705,137358,0,0,0,0,0,0,0,0,0
201608,336,30460,C,Lexington-Fayette  KY ,155,155,24107,1,2,400,0,0,0,6,171,9921,89,89,14020,0,0,0,0,0,0,4,120,7000
201608,338,30620, ,Lima  OH ,1,1,235,0,0,0,0,0,0,0,0,0,0,0,0,0,0,0,0,0,0,0,0,0
201608,339,30700, ,Lincoln  NE ,108,108,22851,0,0,0,0,0,0,3,160,16880,1,1,360,0,0,0,0,0,0,0,0,0
201608,340,30780, ,Little Rock-North Little Rock-Conway  AR ,146,146,32641,0,0,0,0,0,0,15,239,24740,103,103,27313,0,0,0,0,0,0,15,239,24740
201608,340,38220, ,Pine Bluff  AR ,2,2,272,0,0,0,0,0,0,0,0,0,1,1,115,0,0,0,0,0,0,0,0,0
201608,346,30980, ,Longview  TX ,18,18,2763,0,0,0,0,0,0,0,0,0,0,0,0,0,0,0,0,0,0,0,0,0
201608,348,31080,C,Los Angeles-Long Beach-Anaheim  CA ,787,787,293860,34,68,13525,18,63,12385,60,2488,397539,624,624,231603,32,64,12191,18,63,12385,47,2206,359186
201608,348,37100, ,Oxnard-Thousand Oaks-Ventura  CA ,16,16,3692,0,0,0,1,4,634,1,33,3894,8,8,1697,0,0,0,0,0,0,0,0,0
201608,348,40140, ,Riverside-San Bernardino-Ontario  CA ,683,683,183046,1,2,243,0,0,0,10,142,13915,637,637,173922,1,2,243,0,0,0,8,129,13147
201608,350,21060, ,Elizabethtown-Fort Knox  KY ,29,29,4556,0,0,0,1,4,190,0,0,0,25,25,4024,0,0,0,1,4,190,0,0,0
201608,350,31140, ,Louisville-Jefferson County  KY-IN ,296,296,64223,1,2,209,4,16,773,4,79,6445,136,136,29076,0,0,0,2,8,550,0,0,0
201608,352,31180, ,Lubbock  TX ,99,99,25048,4,8,750,0,0,0,4,62,4229,4,4,698,0,0,0,0,0,0,0,0,0
201608,356,31420, ,Macon-Bibb County  GA ,5,5,1150,0,0,0,0,0,0,0,0,0,5,5,1150,0,0,0,0,0,0,0,0,0
201608,356,47580, ,Warner Robins  GA ,60,60,11564,0,0,0,0,0,0,0,0,0,60,60,11564,0,0,0,0,0,0,0,0,0
201608,357,27500, ,Janesville-Beloit  WI ,12,12,2999,1,2,205,0,0,0,0,0,0,11,11,2795,0,0,0,0,0,0,0,0,0
201608,357,31540, ,Madison  WI ,122,122,37315,4,8,1117,4,13,1636,5,271,34775,77,77,24094,2,4,600,1,4,497,2,88,11300
201608,358,31740, ,Manhattan  KS ,19,19,4830,1,2,377,0,0,0,4,24,5144,19,19,4830,1,2,377,0,0,0,4,24,5144
201608,359,31860, ,Mankato-North Mankato  MN ,11,11,2041,1,2,180,3,12,955,1,38,2965,0,0,0,0,0,0,0,0,0,0,0,0
201608,365,32580,C,McAllen-Edinburg-Mission  TX ,287,287,52452,1,2,185,19,76,6698,1,9,768,272,272,49634,1,2,185,19,76,6698,1,9,768
201608,366,32780, ,Medford  OR ,50,50,12584,0,0,0,0,0,0,2,29,3778,50,50,12584,0,0,0,0,0,0,2,29,3778
201608,368,32820, ,Memphis  TN-MS-AR ,292,292,57119,0,0,0,0,0,0,4,356,35724,252,252,49322,0,0,0,0,0,0,4,356,35724
201608,370,33100, ,Miami-Fort Lauderdale-West Palm Beach  FL ,680,680,183542,14,28,6588,2,7,1636,30,1151,230983,623,623,157454,14,28,6588,1,4,1122,26,1077,226219
201608,370,38940, ,Port St. Lucie  FL ,139,139,34755,5,10,1497,0,0,0,1,6,1456,139,139,34755,5,10,1497,0,0,0,1,6,1456
201608,370,42680, ,Sebastian-Vero Beach  FL ,70,70,27644,0,0,0,0,0,0,0,0,0,70,70,27644,0,0,0,0,0,0,0,0,0
201608,372,33260, ,Midland  TX ,85,85,14289,0,0,0,0,0,0,0,0,0,85,85,14289,0,0,0,0,0,0,0,0,0
201608,372,36220,C,Odessa  TX ,26,26,5106,0,0,0,0,0,0,0,0,0,26,26,5106,0,0,0,0,0,0,0,0,0
201608,376,33340,C,Milwaukee-Waukesha-West Allis  WI ,197,197,63277,1,2,400,0,0,0,2,338,40140,176,176,55636,1,2,400,0,0,0,2,338,40140
201608,376,39540, ,Racine  WI ,17,17,4755,0,0,0,0,0,0,0,0,0,6,6,1581,0,0,0,0,0,0,0,0,0
201608,378,33460, ,Minneapolis-St. Paul-Bloomington  MN-WI ,770,770,237709,3,6,875,3,10,1658,11,726,90263,675,675,204653,3,6,875,3,10,1658,10,683,81903
201608,378,41060, ,St. Cloud  MN ,0,0,0,0,0,0,0,0,0,0,0,0,0,0,0,0,0,0,0,0,0,0,0,0
201608,380,19300, ,Daphne-Fairhope-Foley  AL ,176,176,34675,0,0,0,0,0,0,1,18,1507,136,136,28908,0,0,0,0,0,0,0,0,0
201608,380,33660, ,Mobile  AL ,100,100,20932,0,0,0,0,0,0,0,0,0,99,99,20859,0,0,0,0,0,0,0,0,0
201608,382,32900, ,Merced  CA ,14,14,3631,0,0,0,0,0,0,0,0,0,14,14,3631,0,0,0,0,0,0,0,0,0
201608,382,33700, ,Modesto  CA ,5,5,716,0,0,0,0,0,0,0,0,0,0,0,0,0,0,0,0,0,0,0,0,0
201608,384,33740, ,Monroe  LA ,45,45,9648,0,0,0,1,4,629,0,0,0,0,0,0,0,0,0,0,0,0,0,0,0
201608,390,34060, ,Morgantown  WV ,1,1,86,1,2,115,0,0,0,0,0,0,1,1,86,1,2,115,0,0,0,0,0,0
201608,396,34820, ,Myrtle Beach-Conway-North Myrtle Beach  SC-NC ,469,469,87336,2,4,197,0,0,0,1,5,596,344,344,58956,2,4,197,0,0,0,0,0,0
201608,400,34980, ,Nashville-Davidson--Murfreesboro--Franklin  TN ,1050,1050,265495,3,6,661,2,8,855,12,203,9848,971,971,248293,2,4,496,2,8,855,10,155,5628
201608,406,25220, ,Hammond  LA ,52,52,7691,1,2,150,0,0,0,0,0,0,47,47,6956,0,0,0,0,0,0,0,0,0
201608,406,35380, ,New Orleans-Metairie  LA ,229,229,48705,3,6,464,3,9,1177,8,217,51941,213,213,44269,2,4,311,3,9,1177,8,217,51941
201608,408,10900, ,Allentown-Bethlehem-Easton  PA-NJ ,32,32,7146,0,0,0,0,0,0,0,0,0,24,24,5863,0,0,0,0,0,0,0,0,0
201608,408,14860,C,Bridgeport-Stamford-Norwalk  CT ,55,55,39622,2,4,340,1,3,720,0,0,0,37,37,20126,2,4,340,1,3,720,0,0,0
201608,408,20700, ,East Stroudsburg  PA ,5,5,1813,0,0,0,0,0,0,0,0,0,5,5,1813,0,0,0,0,0,0,0,0,0
201608,408,28740, ,Kingston  NY ,4,4,1141,0,0,0,0,0,0,1,5,1220,2,2,524,0,0,0,0,0,0,0,0,0
201608,408,35300, ,New Haven-Milford  CT ,18,18,2945,1,2,247,0,0,0,1,14,861,11,11,1820,0,0,0,0,0,0,0,0,0
201608,408,35620, ,New York-Newark-Jersey City  NY-NJ-PA ,825,825,270123,89,178,23104,27,86,12721,97,3186,418024,555,555,208099,73,146,18650,22,70,10513,61,2811,386569
201608,408,45940,C,Trenton  NJ ,21,21,4930,0,0,0,0,0,0,1,5,381,6,6,1715,0,0,0,0,0,0,0,0,0
201608,412,35840,C,North Port-Sarasota-Bradenton  FL ,557,557,145160,1,2,226,9,36,7471,8,253,33419,541,541,140686,0,0,0,8,32,6898,7,248,32075
201608,412,39460, ,Punta Gorda  FL ,82,82,18566,1,2,274,0,0,0,1,7,708,0,0,0,0,0,0,0,0,0,0,0,0
201608,416,36420,C,Oklahoma City  OK ,435,435,94890,15,30,3245,0,0,0,6,355,28194,384,384,84088,13,26,2805,0,0,0,6,355,28194
201608,420,36540, ,Omaha-Council Bluffs  NE-IA ,282,282,55393,18,36,3321,1,3,500,0,0,0,266,266,51674,18,36,3321,0,0,0,0,0,0
201608,422,19660, ,Deltona-Daytona Beach-Ormond Beach  FL ,151,151,45494,2,4,601,0,0,0,1,10,850,102,102,29584,2,4,601,0,0,0,0,0,0
201608,422,36740, ,Orlando-Kissimmee-Sanford  FL ,1444,1444,395734,14,28,4578,6,23,4088,26,572,62488,1190,1190,320081,14,28,4578,6,23,4088,25,567,61814
201608,422,45540, ,The Villages  FL ,102,102,27376,1,2,199,0,0,0,0,0,0,102,102,27376,1,2,199,0,0,0,0,0,0
201608,425,37620, ,Parkersburg-Vienna  WV ,9,9,1745,0,0,0,0,0,0,0,0,0,9,9,1745,0,0,0,0,0,0,0,0,0
201608,426,37860,C,Pensacola-Ferry Pass-Brent  FL ,193,193,37884,0,0,0,0,0,0,0,0,0,193,193,37884,0,0,0,0,0,0,0,0,0
201608,427,37900, ,Peoria  IL ,3,3,640,0,0,0,0,0,0,0,0,0,3,3,640,0,0,0,0,0,0,0,0,0
201608,428,12100,C,Atlantic City-Hammonton  NJ ,26,26,3856,0,0,0,0,0,0,1,13,1941,19,19,3281,0,0,0,0,0,0,0,0,0
201608,428,20100,C,Dover  DE ,107,107,16056,0,0,0,0,0,0,2,56,3438,105,105,15784,0,0,0,0,0,0,2,56,3438
201608,428,36140,C,Ocean City  NJ ,32,32,13468,3,6,1522,3,12,75,0,0,0,25,25,11588,3,6,1522,3,12,75,0,0,0
201608,428,37980,C,Philadelphia-Camden-Wilmington  PA-NJ-DE-MD ,621,621,126196,12,24,2538,15,49,5228,23,313,34970,376,376,90806,11,22,2381,14,45,4584,14,235,28947
201608,428,39740, ,Reading  PA ,1,1,207,0,0,0,0,0,0,0,0,0,0,0,0,0,0,0,0,0,0,0,0,0
201608,428,47220,C,Vineland-Bridgeton  NJ ,13,13,1393,0,0,0,0,0,0,0,0,0,0,0,0,0,0,0,0,0,0,0,0,0
201608,430,38300, ,Pittsburgh  PA ,93,93,29256,2,4,270,0,0,0,1,47,3854,44,44,16733,2,4,270,0,0,0,0,0,0
201608,430,48260, ,Weirton-Steubenville  WV-OH ,0,0,0,0,0,0,0,0,0,0,0,0,0,0,0,0,0,0,0,0,0,0,0,0
201608,438,30340, ,Lewiston-Auburn  ME ,7,7,1400,0,0,0,0,0,0,0,0,0,5,5,1055,0,0,0,0,0,0,0,0,0
201608,438,38860, ,Portland-South Portland  ME ,122,122,30966,3,6,853,0,0,0,1,6,500,76,76,19212,3,6,853,0,0,0,1,6,500
201608,440,10540, ,Albany  OR ,24,24,6505,0,0,0,0,0,0,0,0,0,17,17,5170,0,0,0,0,0,0,0,0,0
201608,440,18700, ,Corvallis  OR ,3,3,923,0,0,0,0,0,0,0,0,0,3,3,923,0,0,0,0,0,0,0,0,0
201608,440,31020, ,Longview  WA ,12,12,2495,0,0,0,0,0,0,0,0,0,0,0,0,0,0,0,0,0,0,0,0,0
201608,440,38900, ,Portland-Vancouver-Hillsboro  OR-WA ,680,680,193834,17,34,6551,4,13,2293,22,662,73391,532,532,149387,17,34,6551,4,13,2293,18,614,68078
201608,440,41420, ,Salem  OR ,35,35,10538,0,0,0,0,0,0,15,171,18456,35,35,10538,0,0,0,0,0,0,15,171,18456
201608,444,39380,C,Pueblo  CO ,25,25,4320,0,0,0,0,0,0,0,0,0,25,25,4320,0,0,0,0,0,0,0,0,0
201608,450,20500,C,Durham-Chapel Hill  NC ,297,297,65826,0,0,0,0,0,0,0,0,0,297,297,65826,0,0,0,0,0,0,0,0,0
201608,450,39580,C,Raleigh  NC ,832,832,171461,0,0,0,1,4,220,12,397,38848,763,763,157744,0,0,0,1,4,220,12,397,38848
201608,452,39660, ,Rapid City  SD ,39,39,8514,0,0,0,0,0,0,2,110,8808,32,32,7395,0,0,0,0,0,0,2,110,8808
201608,454,39820, ,Redding  CA ,13,13,2802,0,0,0,0,0,0,0,0,0,13,13,2802,0,0,0,0,0,0,0,0,0
201608,456,16180,C,Carson City  NV ,1,1,340,0,0,0,0,0,0,8,64,6909,1,1,340,0,0,0,0,0,0,8,64,6909
201608,456,39900,C,Reno  NV ,136,136,35802,11,22,3254,0,0,0,25,208,20738,136,136,35802,11,22,3254,0,0,0,25,208,20738
201608,462,40340, ,Rochester  MN ,39,39,10340,6,12,2478,0,0,0,1,159,20300,38,38,10069,6,12,2478,0,0,0,1,159,20300
201608,464,40380, ,Rochester  NY ,124,124,27344,2,4,545,0,0,0,3,92,9240,91,91,19754,1,2,180,0,0,0,2,87,8658
201608,466,40420, ,Rockford  IL ,9,9,1311,0,0,0,0,0,0,0,0,0,9,9,1311,0,0,0,0,0,0,0,0,0
201608,470,40660, ,Rome  GA ,6,6,1007,0,0,0,0,0,0,0,0,0,6,6,1007,0,0,0,0,0,0,0,0,0
201608,472,40900,C,Sacramento--Roseville--Arden-Arcade  CA ,548,548,174738,6,12,1487,0,0,0,3,52,5280,544,544,173613,6,12,1487,0,0,0,3,52,5280
201608,474,13020, ,Bay City  MI ,0,0,0,0,0,0,0,0,0,0,0,0,0,0,0,0,0,0,0,0,0,0,0,0
201608,474,33220, ,Midland  MI ,14,14,1187,14,28,2141,0,0,0,0,0,0,14,14,1187,14,28,2141,0,0,0,0,0,0
201608,474,40980, ,Saginaw  MI ,3,3,350,0,0,0,0,0,0,0,0,0,3,3,350,0,0,0,0,0,0,0,0,0
201608,476,41180, ,St. Louis  MO-IL ,539,539,144264,2,4,512,2,7,718,6,268,34321,413,413,98759,2,4,512,2,7,718,1,157,22000
201608,482,36260, ,Ogden-Clearfield  UT ,198,198,48581,0,0,0,1,3,353,4,170,12237,134,134,29942,0,0,0,0,0,0,4,170,12237
201608,482,39340, ,Provo-Orem  UT ,407,407,113100,11,22,2485,1,4,714,5,118,24145,399,399,110839,11,22,2485,1,4,714,5,118,24145
201608,482,41620, ,Salt Lake City  UT ,404,404,99532,1,2,285,2,7,959,4,163,17559,318,318,75418,0,0,0,0,0,0,0,0,0
201608,488,41860,C,San Francisco-Oakland-Hayward  CA ,391,391,149284,6,12,3623,6,20,10977,25,438,100759,286,286,110642,5,10,3203,4,14,9637,17,344,86422
201608,488,41940,C,San Jose-Sunnyvale-Santa Clara  CA ,187,187,73242,0,0,0,5,19,3609,11,192,32851,133,133,57200,0,0,0,5,19,3609,7,141,22669
201608,488,42100, ,Santa Cruz-Watsonville  CA ,11,11,2535,0,0,0,0,0,0,2,10,1017,0,0,0,0,0,0,0,0,0,0,0,0
201608,488,42220, ,Santa Rosa  CA ,57,57,15861,0,0,0,0,0,0,0,0,0,53,53,14564,0,0,0,0,0,0,0,0,0
201608,488,44700, ,Stockton-Lodi  CA ,107,107,26474,0,0,0,0,0,0,0,0,0,58,58,17853,0,0,0,0,0,0,0,0,0
201608,488,46700, ,Vallejo-Fairfield  CA ,66,66,15848,0,0,0,0,0,0,0,0,0,66,66,15848,0,0,0,0,0,0,0,0,0
201608,496,25980, ,Hinesville  GA ,14,14,3285,0,0,0,0,0,0,0,0,0,14,14,3285,0,0,0,0,0,0,0,0,0
201608,496,42340, ,Savannah  GA ,134,134,26695,0,0,0,0,0,0,0,0,0,111,111,23699,0,0,0,0,0,0,0,0,0
201608,500,14740,C,Bremerton-Silverdale  WA ,82,82,28618,1,2,365,0,0,0,0,0,0,82,82,28618,1,2,365,0,0,0,0,0,0
201608,500,34580, ,Mount Vernon-Anacortes  WA ,38,38,8014,0,0,0,0,0,0,0,0,0,25,25,5879,0,0,0,0,0,0,0,0,0
201608,500,36500, ,Olympia-Tumwater  WA ,76,76,19682,0,0,0,0,0,0,1,20,2262,46,46,12135,0,0,0,0,0,0,1,20,2262
201608,500,42660,C,Seattle-Tacoma-Bellevue  WA ,794,794,276941,13,26,6016,9,29,4756,33,667,82528,700,700,234357,12,24,5634,9,29,4756,28,579,69686
201608,512,43580, ,Sioux City  IA-NE-SD ,13,13,3441,0,0,0,0,0,0,0,0,0,3,3,595,0,0,0,0,0,0,0,0,0
201608,515,21140, ,Elkhart-Goshen  IN ,28,28,4961,0,0,0,0,0,0,0,0,0,28,28,4961,0,0,0,0,0,0,0,0,0
201608,515,35660, ,Niles-Benton Harbor  MI ,2,2,425,0,0,0,0,0,0,0,0,0,2,2,425,0,0,0,0,0,0,0,0,0
201608,515,43780, ,South Bend-Mishawaka  IN-MI ,23,23,6229,0,0,0,0,0,0,0,0,0,23,23,6229,0,0,0,0,0,0,0,0,0
201608,518,17660, ,Coeur dAlene  ID ,102,102,24240,3,6,991,0,0,0,1,11,1600,102,102,24240,3,6,991,0,0,0,1,11,1600
201608,518,44060, ,Spokane-Spokane Valley  WA ,169,169,40899,1,2,311,1,4,522,8,152,18489,145,145,36372,0,0,0,0,0,0,7,138,17091
201608,520,44180, ,Springfield  MO ,60,60,13132,1,2,115,0,0,0,3,101,4199,43,43,10184,0,0,0,0,0,0,0,0,0
201608,521,44140, ,Springfield  MA ,7,7,1842,0,0,0,0,0,0,0,0,0,6,6,1657,0,0,0,0,0,0,0,0,0
201608,522,44100, ,Springfield  IL ,9,9,2374,3,6,915,0,0,0,0,0,0,0,0,0,0,0,0,0,0,0,0,0,0
201608,524,44300, ,State College  PA ,17,17,3701,0,0,0,0,0,0,1,5,791,7,7,813,0,0,0,0,0,0,0,0,0
201608,532,45060, ,Syracuse  NY ,42,42,9175,0,0,0,1,3,326,1,12,737,41,41,9072,0,0,0,0,0,0,0,0,0
201608,533,45220, ,Tallahassee  FL ,62,62,11860,0,0,0,0,0,0,1,11,939,9,9,1520,0,0,0,0,0,0,0,0,0
201608,534,45780, ,Toledo  OH ,46,46,14068,4,8,1290,0,0,0,0,0,0,44,44,13842,4,8,1290,0,0,0,0,0,0
201608,536,46060,C,Tucson  AZ ,168,168,49101,1,2,346,0,0,0,1,15,2649,115,115,33223,0,0,0,0,0,0,0,0,0
201608,538,46140,C,Tulsa  OK ,284,284,60709,18,36,2501,0,0,0,14,324,14142,282,282,60543,18,36,2501,0,0,0,14,324,14142
201608,540,46340, ,Tyler  TX ,35,35,11841,0,0,0,5,18,3313,0,0,0,35,35,11841,0,0,0,5,18,3313,0,0,0
201608,545,47260, ,Virginia Beach-Norfolk-Newport News  VA-NC ,383,383,82045,0,0,0,4,14,1484,5,160,14135,355,355,78519,0,0,0,4,14,1484,4,144,13494
201608,546,47300, ,Visalia-Porterville  CA ,100,100,21522,0,0,0,0,0,0,0,0,0,100,100,21522,0,0,0,0,0,0,0,0,0
201608,548,12580,C,Baltimore-Columbia-Towson  MD ,399,399,88210,1,2,165,0,0,0,1,82,13404,371,371,84062,0,0,0,0,0,0,0,0,0
201608,548,15680,C,California-Lexington Park  MD ,63,63,13834,0,0,0,0,0,0,0,0,0,63,63,13834,0,0,0,0,0,0,0,0,0
201608,548,16540,C,Chambersburg-Waynesboro  PA ,20,20,3986,0,0,0,0,0,0,0,0,0,13,13,2772,0,0,0,0,0,0,0,0,0
201608,548,25180, ,Hagerstown-Martinsburg  MD-WV ,90,90,17297,1,2,400,0,0,0,0,0,0,90,90,17297,1,2,400,0,0,0,0,0,0
201608,548,47900, ,Washington-Arlington-Alexandria  DC-VA-MD-WV ,1314,1314,300044,5,10,1111,0,0,0,17,1005,94211,1256,1256,286439,5,10,1111,0,0,0,17,1005,94211
201608,548,49020, ,Winchester  VA-WV ,61,61,12994,0,0,0,0,0,0,0,0,0,61,61,12994,0,0,0,0,0,0,0,0,0
201608,554,48140, ,Wausau  WI ,9,9,1727,0,0,0,0,0,0,0,0,0,1,1,180,0,0,0,0,0,0,0,0,0
201608,556,48620, ,Wichita  KS ,91,91,24133,11,22,1800,1,4,392,4,50,3517,12,12,3460,0,0,0,1,4,392,0,0,0
201608,558,48700, ,Williamsport  PA ,2,2,633,0,0,0,0,0,0,0,0,0,1,1,400,0,0,0,0,0,0,0,0,0
201608,566,49660, ,Youngstown-Warren-Boardman  OH-PA ,31,31,6820,0,0,0,0,0,0,0,0,0,31,31,6820,0,0,0,0,0,0,0,0,0
201608,999,10180, ,Abilene  TX ,34,34,5603,0,0,0,0,0,0,0,0,0,34,34,5603,0,0,0,0,0,0,0,0,0
201608,999,10500, ,Albany  GA ,14,14,1611,0,0,0,0,0,0,0,0,0,14,14,1611,0,0,0,0,0,0,0,0,0
201608,999,10780, ,Alexandria  LA ,21,21,4051,0,0,0,0,0,0,0,0,0,21,21,4051,0,0,0,0,0,0,0,0,0
201608,999,11020, ,Altoona  PA ,0,0,0,0,0,0,0,0,0,0,0,0,0,0,0,0,0,0,0,0,0,0,0,0
201608,999,11260,C,Anchorage  AK ,69,69,21199,2,4,564,2,7,1003,1,12,1897,4,4,1000,2,4,564,1,4,480,0,0,0
201608,999,11500, ,Anniston-Oxford-Jacksonville  AL ,5,5,710,0,0,0,0,0,0,0,0,0,5,5,710,0,0,0,0,0,0,0,0,0
201608,999,12260, ,Augusta-Richmond County  GA-SC ,234,234,45468,1,2,180,3,12,660,2,40,1501,186,186,36514,0,0,0,3,12,660,1,16,800
201608,999,12420, ,Austin-Round Rock  TX ,1124,1124,253986,0,0,0,3,12,1311,19,752,43641,938,938,216877,0,0,0,3,12,1311,17,735,42554
201608,999,12540, ,Bakersfield  CA ,164,164,39814,0,0,0,0,0,0,1,6,551,0,0,0,0,0,0,0,0,0,0,0,0
201608,999,12620, ,Bangor  ME ,9,9,2152,1,2,275,1,3,463,1,11,1110,5,5,1275,1,2,275,0,0,0,0,0,0
201608,999,12940,C,Baton Rouge  LA ,336,336,71540,0,0,0,0,0,0,0,0,0,33,33,7282,0,0,0,0,0,0,0,0,0
201608,999,13140, ,Beaumont-Port Arthur  TX ,41,41,9085,0,0,0,0,0,0,0,0,0,41,41,9085,0,0,0,0,0,0,0,0,0
201608,999,13220,C,Beckley  WV ,6,6,660,0,0,0,0,0,0,0,0,0,6,6,660,0,0,0,0,0,0,0,0,0
201608,999,13380, ,Bellingham  WA ,63,63,16203,0,0,0,2,8,673,2,55,5313,28,28,6958,0,0,0,2,8,673,2,55,5313
201608,999,13740, ,Billings  MT ,43,43,11325,0,0,0,0,0,0,0,0,0,43,43,11325,0,0,0,0,0,0,0,0,0
201608,999,13780, ,Binghamton  NY ,0,0,0,0,0,0,0,0,0,0,0,0,0,0,0,0,0,0,0,0,0,0,0,0
201608,999,13900, ,Bismarck  ND ,72,72,15818,0,0,0,0,0,0,1,47,5325,60,60,13079,0,0,0,0,0,0,1,47,5325
201608,999,13980, ,Blacksburg-Christiansburg-Radford  VA ,3,3,673,0,0,0,0,0,0,0,0,0,3,3,673,0,0,0,0,0,0,0,0,0
201608,999,15260, ,Brunswick  GA ,50,50,13126,0,0,0,0,0,0,0,0,0,0,0,0,0,0,0,0,0,0,0,0,0
201608,999,15540, ,Burlington-South Burlington  VT ,26,26,6022,1,2,333,3,10,1376,0,0,0,23,23,5401,0,0,0,3,10,1376,0,0,0
201608,999,16220, ,Casper  WY ,13,13,3625,0,0,0,1,4,400,0,0,0,13,13,3625,0,0,0,1,4,400,0,0,0
201608,999,16580, ,Champaign-Urbana  IL ,6,6,2135,0,0,0,0,0,0,1,51,4574,6,6,2135,0,0,0,0,0,0,1,51,4574
201608,999,16700,C,Charleston-North Charleston  SC ,406,406,113615,0,0,0,2,6,717,3,93,4260,192,192,68624,0,0,0,2,6,717,0,0,0
201608,999,16820, ,Charlottesville  VA ,50,50,14399,1,2,191,0,0,0,2,14,1730,0,0,0,0,0,0,0,0,0,0,0,0
201608,999,16940, ,Cheyenne  WY ,44,44,7551,0,0,0,1,4,310,0,0,0,22,22,3489,0,0,0,0,0,0,0,0,0
201608,999,17020, ,Chico  CA ,23,23,4222,0,0,0,0,0,0,1,19,3496,23,23,4222,0,0,0,0,0,0,1,19,3496
201608,999,17300,C,Clarksville  TN-KY ,115,115,17905,2,4,360,0,0,0,0,0,0,113,113,17762,2,4,360,0,0,0,0,0,0
201608,999,17780, ,College Station-Bryan  TX ,92,92,21072,0,0,0,2,8,1250,1,302,59674,92,92,21072,0,0,0,2,8,1250,1,302,59674
201608,999,17820,C,Colorado Springs  CO ,356,356,141544,0,0,0,0,0,0,1,11,1527,356,356,141544,0,0,0,0,0,0,1,11,1527
201608,999,18880,C,Crestview-Fort Walton Beach-Destin  FL ,150,150,64398,0,0,0,0,0,0,11,264,26343,146,146,63816,0,0,0,0,0,0,11,264,26343
201608,999,19060, ,Cumberland  MD-WV ,5,5,1139,0,0,0,0,0,0,0,0,0,5,5,1139,0,0,0,0,0,0,0,0,0
201608,999,19180, ,Danville  IL ,0,0,0,0,0,0,0,0,0,0,0,0,0,0,0,0,0,0,0,0,0,0,0,0
201608,999,19500, ,Decatur  IL ,6,6,1468,0,0,0,0,0,0,0,0,0,5,5,1267,0,0,0,0,0,0,0,0,0
201608,999,20220, ,Dubuque  IA ,6,6,2073,0,0,0,0,0,0,0,0,0,6,6,2073,0,0,0,0,0,0,0,0,0
201608,999,20260, ,Duluth  MN-WI ,12,12,2055,0,0,0,0,0,0,0,0,0,10,10,1668,0,0,0,0,0,0,0,0,0
201608,999,20940, ,El Centro  CA ,7,7,1595,0,0,0,0,0,0,1,7,535,0,0,0,0,0,0,0,0,0,0,0,0
201608,999,21420, ,Enid  OK ,21,21,3999,0,0,0,0,0,0,0,0,0,21,21,3999,0,0,0,0,0,0,0,0,0
201608,999,21660, ,Eugene  OR ,62,62,14462,1,2,212,0,0,0,2,20,1977,42,42,9534,1,2,212,0,0,0,2,20,1977
201608,999,21780, ,Evansville  IN-KY ,66,66,15653,1,2,210,0,0,0,3,54,2240,66,66,15653,1,2,210,0,0,0,3,54,2240
201608,999,21820,C,Fairbanks  AK ,0,0,0,0,0,0,0,0,0,0,0,0,0,0,0,0,0,0,0,0,0,0,0,0
201608,999,22140,C,Farmington  NM ,9,9,2082,0,0,0,0,0,0,0,0,0,9,9,2082,0,0,0,0,0,0,0,0,0
201608,999,22220, ,Fayetteville-Springdale-Rogers  AR-MO ,318,318,77691,5,10,900,0,0,0,1,8,573,238,238,60659,5,10,900,0,0,0,0,0,0
201608,999,22380, ,Flagstaff  AZ ,39,39,10567,0,0,0,0,0,0,0,0,0,39,39,10567,0,0,0,0,0,0,0,0,0
201608,999,22500, ,Florence  SC ,26,26,4084,0,0,0,0,0,0,0,0,0,0,0,0,0,0,0,0,0,0,0,0,0
201608,999,22520, ,Florence-Muscle Shoals  AL ,21,21,2254,1,2,120,0,0,0,0,0,0,10,10,953,1,2,120,0,0,0,0,0,0
201608,999,22540, ,Fond du Lac  WI ,5,5,1087,0,0,0,0,0,0,2,10,733,3,3,540,0,0,0,0,0,0,0,0,0
201608,999,22660,C,Fort Collins  CO ,174,174,44384,2,4,664,0,0,0,11,283,27325,174,174,44384,2,4,664,0,0,0,11,283,27325
201608,999,22900, ,Fort Smith  AR-OK ,22,22,4224,3,6,383,1,3,255,0,0,0,13,13,3366,3,6,383,0,0,0,0,0,0
201608,999,23460, ,Gadsden  AL ,5,5,641,0,0,0,0,0,0,0,0,0,5,5,641,0,0,0,0,0,0,0,0,0
201608,999,24220, ,Grand Forks  ND-MN ,12,12,2911,0,0,0,0,0,0,0,0,0,12,12,2911,0,0,0,0,0,0,0,0,0
201608,999,24260, ,Grand Island  NE ,18,18,3745,0,0,0,0,0,0,0,0,0,18,18,3745,0,0,0,0,0,0,0,0,0
201608,999,24300,C,Grand Junction  CO ,37,37,9125,0,0,0,0,0,0,0,0,0,37,37,9125,0,0,0,0,0,0,0,0,0
201608,999,24500, ,Great Falls  MT ,16,16,3906,0,0,0,0,0,0,0,0,0,16,16,3906,0,0,0,0,0,0,0,0,0
201608,999,25060, ,Gulfport-Biloxi-Pascagoula  MS ,108,108,17526,0,0,0,0,0,0,0,0,0,97,97,16276,0,0,0,0,0,0,0,0,0
201608,999,25620, ,Hattiesburg  MS ,9,9,328,0,0,0,0,0,0,1,7,161,0,0,0,0,0,0,0,0,0,0,0,0
201608,999,25940, ,Hilton Head Island-Bluffton-Beaufort  SC ,63,63,26743,0,0,0,0,0,0,1,5,656,40,40,20588,0,0,0,0,0,0,0,0,0
201608,999,26140, ,Homosassa Springs  FL ,34,34,7521,0,0,0,0,0,0,1,5,2093,0,0,0,0,0,0,0,0,0,0,0,0
201608,999,26380, ,Houma-Thibodaux  LA ,21,21,5057,0,0,0,0,0,0,0,0,0,21,21,5057,0,0,0,0,0,0,0,0,0
201608,999,27100, ,Jackson  MI ,2,2,337,0,0,0,0,0,0,0,0,0,2,2,337,0,0,0,0,0,0,0,0,0
201608,999,27340,C,Jacksonville  NC ,74,74,12036,0,0,0,0,0,0,0,0,0,74,74,12036,0,0,0,0,0,0,0,0,0
201608,999,27980,C,Kahului-Wailuku-Lahaina  HI ,30,30,8631,2,4,843,0,0,0,0,0,0,30,30,8631,2,4,843,0,0,0,0,0,0
201608,999,28420,C,Kennewick-Richland  WA ,116,116,32431,0,0,0,0,0,0,1,14,1605,9,9,1802,0,0,0,0,0,0,0,0,0
201608,999,28660,C,Killeen-Temple  TX ,117,117,20471,15,30,2497,0,0,0,1,6,822,97,97,16595,14,28,2364,0,0,0,0,0,0
201608,999,29100, ,La Crosse-Onalaska  WI-MN ,14,14,3948,0,0,0,0,0,0,0,0,0,13,13,3739,0,0,0,0,0,0,0,0,0
201608,999,29460, ,Lakeland-Winter Haven  FL ,306,306,54757,0,0,0,0,0,0,16,323,26048,297,297,52857,0,0,0,0,0,0,15,318,25235
201608,999,29540, ,Lancaster  PA ,6,6,1162,1,2,280,0,0,0,2,40,1800,3,3,625,0,0,0,0,0,0,2,40,1800
201608,999,29700, ,Laredo  TX ,104,104,15198,0,0,0,1,4,191,1,57,3563,0,0,0,0,0,0,0,0,0,0,0,0
201608,999,30020, ,Lawton  OK ,7,7,1225,0,0,0,0,0,0,0,0,0,7,7,1225,0,0,0,0,0,0,0,0,0
201608,999,30300, ,Lewiston  ID-WA ,0,0,0,0,0,0,0,0,0,0,0,0,0,0,0,0,0,0,0,0,0,0,0,0
201608,999,30860, ,Logan  UT-ID ,14,14,3289,0,0,0,0,0,0,0,0,0,13,13,3059,0,0,0,0,0,0,0,0,0
201608,999,31340, ,Lynchburg  VA ,31,31,7332,0,0,0,0,0,0,0,0,0,26,26,6545,0,0,0,0,0,0,0,0,0
201608,999,33540,C,Missoula  MT ,48,48,8118,1,2,138,0,0,0,3,95,5661,48,48,8118,1,2,138,0,0,0,3,95,5661
201608,999,33860, ,Montgomery  AL ,72,72,12394,0,0,0,0,0,0,0,0,0,72,72,12394,0,0,0,0,0,0,0,0,0
201608,999,36100, ,Ocala  FL ,222,222,34910,0,0,0,0,0,0,0,0,0,222,222,34910,0,0,0,0,0,0,0,0,0
201608,999,36980, ,Owensboro  KY ,25,25,2155,0,0,0,0,0,0,0,0,0,25,25,2155,0,0,0,0,0,0,0,0,0
201608,999,37340, ,Palm Bay-Melbourne-Titusville  FL ,191,191,60440,0,0,0,0,0,0,0,0,0,191,191,60440,0,0,0,0,0,0,0,0,0
201608,999,37460, ,Panama City  FL ,54,54,12026,0,0,0,0,0,0,0,0,0,54,54,12026,0,0,0,0,0,0,0,0,0
201608,999,38060,C,Phoenix-Mesa-Scottsdale  AZ ,1637,1637,434303,15,30,3744,6,22,3616,15,328,61439,1477,1477,384852,15,30,3744,5,18,2981,14,278,57003
201608,999,38340, ,Pittsfield  MA ,1,1,215,0,0,0,0,0,0,0,0,0,0,0,0,0,0,0,0,0,0,0,0,0
201608,999,38540, ,Pocatello  ID ,18,18,2652,0,0,0,0,0,0,0,0,0,14,14,1827,0,0,0,0,0,0,0,0,0
201608,999,39140, ,Prescott  AZ ,95,95,23585,0,0,0,0,0,0,0,0,0,95,95,23585,0,0,0,0,0,0,0,0,0
201608,999,40060, ,Richmond  VA ,369,369,74151,0,0,0,2,8,1168,3,166,10072,363,363,73524,0,0,0,2,8,1168,3,166,10072
201608,999,41100, ,St. George  UT ,134,134,26154,0,0,0,1,4,375,0,0,0,134,134,26154,0,0,0,1,4,375,0,0,0
201608,999,41500, ,Salinas  CA ,13,13,3740,0,0,0,1,4,1053,0,0,0,13,13,3740,0,0,0,1,4,1053,0,0,0
201608,999,41540, ,Salisbury  MD-DE ,230,230,34596,10,20,1990,5,17,2416,2,16,2494,226,226,33843,10,20,1990,5,17,2416,1,5,1135
201608,999,41660,C,San Angelo  TX ,18,18,3752,0,0,0,0,0,0,0,0,0,18,18,3752,0,0,0,0,0,0,0,0,0
201608,999,41700,C,San Antonio-New Braunfels  TX ,534,534,122953,5,10,1046,3,12,1215,16,303,23346,393,393,95470,1,2,166,3,12,1215,14,293,21812
201608,999,41740,C,San Diego-Carlsbad  CA ,197,197,76786,2,4,475,13,40,7082,18,1044,215498,188,188,74179,2,4,475,13,40,7082,17,1039,214498
201608,999,42020, ,San Luis Obispo-Paso Robles-Arroyo Grande  CA ,48,48,15639,0,0,0,0,0,0,1,101,9638,48,48,15639,0,0,0,0,0,0,1,101,9638
201608,999,42200, ,Santa Maria-Santa Barbara  CA ,4,4,3565,0,0,0,0,0,0,0,0,0,4,4,3565,0,0,0,0,0,0,0,0,0
201608,999,42540, ,Scranton--Wilkes-Barre--Hazleton  PA ,7,7,962,0,0,0,0,0,0,0,0,0,3,3,416,0,0,0,0,0,0,0,0,0
201608,999,43100, ,Sheboygan  WI ,0,0,0,0,0,0,0,0,0,0,0,0,0,0,0,0,0,0,0,0,0,0,0,0
201608,999,43340, ,Shreveport-Bossier City  LA ,102,102,19039,0,0,0,0,0,0,1,7,535,62,62,11542,0,0,0,0,0,0,0,0,0
201608,999,43420, ,Sierra Vista-Douglas  AZ ,10,10,1612,0,0,0,0,0,0,2,10,965,10,10,1612,0,0,0,0,0,0,0,0,0
201608,999,43620, ,Sioux Falls  SD ,171,171,32244,1,2,205,7,28,3585,2,34,9658,170,170,32042,1,2,205,7,28,3585,2,34,9658
201608,999,44940,C,Sumter  SC ,22,22,2793,0,0,0,0,0,0,0,0,0,0,0,0,0,0,0,0,0,0,0,0,0
201608,999,45300,C,Tampa-St. Petersburg-Clearwater  FL ,1119,1119,420758,3,6,615,1,3,149,4,195,33242,1025,1025,398362,2,4,335,1,3,149,2,180,31888
201608,999,45460, ,Terre Haute  IN ,2,2,315,1,2,164,1,4,212,1,5,553,0,0,0,0,0,0,0,0,0,0,0,0
201608,999,45500, ,Texarkana  TX-AR ,4,4,577,0,0,0,0,0,0,0,0,0,0,0,0,0,0,0,0,0,0,0,0,0
201608,999,45820, ,Topeka  KS ,36,36,7106,0,0,0,0,0,0,0,0,0,30,30,6268,0,0,0,0,0,0,0,0,0
201608,999,46220, ,Tuscaloosa  AL ,44,44,11784,5,10,1569,1,3,637,1,15,1617,17,17,4591,0,0,0,0,0,0,0,0,0
201608,999,46520,C,Urban Honolulu  HI ,98,98,36377,0,0,0,0,0,0,0,0,0,98,98,36377,0,0,0,0,0,0,0,0,0
201608,999,46540, ,Utica-Rome  NY ,0,0,0,0,0,0,0,0,0,0,0,0,0,0,0,0,0,0,0,0,0,0,0,0
201608,999,46660, ,Valdosta  GA ,52,52,8736,0,0,0,0,0,0,0,0,0,0,0,0,0,0,0,0,0,0,0,0,0
201608,999,47380, ,Waco  TX ,47,47,9159,0,0,0,0,0,0,13,312,22108,47,47,9159,0,0,0,0,0,0,13,312,22108
201608,999,47460, ,Walla Walla  WA ,7,7,1546,0,0,0,0,0,0,0,0,0,6,6,1446,0,0,0,0,0,0,0,0,0
201608,999,47940, ,Waterloo-Cedar Falls  IA ,26,26,4400,0,0,0,0,0,0,1,12,901,26,26,4400,0,0,0,0,0,0,1,12,901
201608,999,48060, ,Watertown-Fort Drum  NY ,13,13,1256,0,0,0,0,0,0,0,0,0,1,1,39,0,0,0,0,0,0,0,0,0
201608,999,48300, ,Wenatchee  WA ,44,44,9205,0,0,0,0,0,0,0,0,0,44,44,9205,0,0,0,0,0,0,0,0,0
201608,999,48540, ,Wheeling  WV-OH ,0,0,0,0,0,0,0,0,0,0,0,0,0,0,0,0,0,0,0,0,0,0,0,0
201608,999,48660, ,Wichita Falls  TX ,1,1,185,0,0,0,0,0,0,0,0,0,1,1,185,0,0,0,0,0,0,0,0,0
201608,999,48900, ,Wilmington  NC ,102,102,23352,6,12,1189,0,0,0,1,43,2957,0,0,0,0,0,0,0,0,0,0,0,0
201608,999,49420, ,Yakima  WA ,35,35,10702,0,0,0,0,0,0,0,0,0,35,35,10702,0,0,0,0,0,0,0,0,0
201608,999,49740, ,Yuma  AZ ,89,89,14048,0,0,0,0,0,0,0,0,0,77,77,12999,0,0,0,0,0,0,0,0,0
