Survey,CSA,CBSA,MONCOV,CBSA,,1-unit,,,2-units,,,3-4 units,,,5+ units,,,1-unit rep,,,2-units rep,,,3-4 units rep,,,5+ units rep
Date,Code,Code,,Name,Bldgs,Units,Value,Bldgs,Units,Value,Bldgs,Units,Value,Bldgs,Units,Value,Bldgs,Units,Value,Bldgs,Units,Value,      Bldgs,Units,Value,Bldgs,Units,Value
 
201802,104,10580,C,Albany-Schenectady-Troy  NY ,82,82,20612,1,2,270,0,0,0,5,33,3756,58,58,14192,1,2,270,0,0,0,0,0,0
201802,104,24020, ,Glens Falls  NY ,16,16,3871,0,0,0,0,0,0,0,0,0,12,12,3554,0,0,0,0,0,0,0,0,0
201802,106,10740,C,Albuquerque  NM ,271,271,58689,0,0,0,1,3,252,1,5,208,190,190,43391,0,0,0,0,0,0,0,0,0
201802,106,42140,C,Santa Fe  NM ,11,11,2745,0,0,0,0,0,0,0,0,0,0,0,0,0,0,0,0,0,0,0,0,0
201802,108,11100, ,Amarillo  TX ,49,49,12271,0,0,0,0,0,0,0,0,0,49,49,12271,0,0,0,0,0,0,0,0,0
201802,118,11540, ,Appleton  WI ,25,25,7308,0,0,0,0,0,0,0,0,0,22,22,6818,0,0,0,0,0,0,0,0,0
201802,118,36780, ,Oshkosh-Neenah  WI ,16,16,3655,2,4,1030,0,0,0,0,0,0,14,14,3197,2,4,1030,0,0,0,0,0,0
201802,120,11700, ,Asheville  NC ,149,149,39944,0,0,0,0,0,0,4,71,4718,46,46,11728,0,0,0,0,0,0,0,0,0
201802,122,12020, ,Athens-Clarke County  GA ,77,77,15603,0,0,0,0,0,0,0,0,0,77,77,15603,0,0,0,0,0,0,0,0,0
201802,122,12060, ,Atlanta-Sandy Springs-Roswell  GA ,2121,2121,458998,4,8,1886,0,0,0,5,487,25746,2029,2029,442996,4,8,1886,0,0,0,4,471,24106
201802,122,23580, ,Gainesville  GA ,68,68,12022,0,0,0,0,0,0,1,8,600,68,68,12022,0,0,0,0,0,0,1,8,600
201802,140,13460,C,Bend-Redmond  OR ,160,160,41201,1,2,149,0,0,0,0,0,0,135,135,35777,1,2,149,0,0,0,0,0,0
201802,142,13820,C,Birmingham-Hoover  AL ,217,217,52039,0,0,0,0,0,0,13,147,12782,148,148,36690,0,0,0,0,0,0,12,142,12015
201802,144,14020,C,Bloomington  IN ,19,19,4718,0,0,0,0,0,0,1,8,920,2,2,517,0,0,0,0,0,0,0,0,0
201802,145,14010, ,Bloomington  IL ,3,3,447,0,0,0,0,0,0,0,0,0,3,3,447,0,0,0,0,0,0,0,0,0
201802,146,14100,C,Bloomsburg-Berwick  PA ,2,2,608,0,0,0,1,3,387,0,0,0,1,1,385,0,0,0,0,0,0,0,0,0
201802,147,14260,C,Boise City  ID ,476,476,104099,2,4,588,1,4,274,3,53,5980,411,411,86641,1,2,234,0,0,0,0,0,0
201802,148,12700, ,Barnstable Town  MA ,6,6,2200,0,0,0,0,0,0,0,0,0,0,0,0,0,0,0,0,0,0,0,0,0
201802,148,14460,C,Boston-Cambridge-Newton  MA-NH ,306,306,92392,27,54,8029,5,17,6357,22,337,72053,155,155,49787,6,12,2119,1,4,850,8,229,57265
201802,148,31700, ,Manchester-Nashua  NH ,27,27,4097,2,4,590,0,0,0,3,112,13080,18,18,2700,1,2,300,0,0,0,2,103,11925
201802,148,39300,C,Providence-Warwick  RI-MA ,123,123,27177,5,10,1136,0,0,0,2,22,2397,75,75,15989,5,10,1136,0,0,0,1,17,1800
201802,148,49340, ,Worcester  MA-CT ,14,14,4694,0,0,0,0,0,0,0,0,0,13,13,4504,0,0,0,0,0,0,0,0,0
201802,150,14540, ,Bowling Green  KY ,63,63,14568,5,10,961,0,0,0,6,44,2110,63,63,14568,5,10,961,0,0,0,6,44,2110
201802,154,15180, ,Brownsville-Harlingen  TX ,79,79,7599,0,0,0,0,0,0,0,0,0,79,79,7599,0,0,0,0,0,0,0,0,0
201802,160,15380,C,Buffalo-Cheektowaga-Niagara Falls  NY ,55,55,19386,6,12,3450,0,0,0,1,20,4510,49,49,18278,6,12,3450,0,0,0,0,0,0
201802,162,15980,C,Cape Coral-Fort Myers  FL ,414,414,92936,20,40,3881,4,16,2682,1,16,2489,414,414,92936,20,40,3881,4,16,2682,1,16,2489
201802,162,34940, ,Naples-Immokalee-Marco Island  FL ,169,169,40527,0,0,0,2,8,1426,2,10,3043,169,169,40527,0,0,0,2,8,1426,2,10,3043
201802,164,16020, ,Cape Girardeau  MO-IL ,0,0,0,0,0,0,0,0,0,0,0,0,0,0,0,0,0,0,0,0,0,0,0,0
201802,168,16300, ,Cedar Rapids  IA ,11,11,1324,3,6,478,1,3,292,0,0,0,11,11,1324,3,6,478,1,3,292,0,0,0
201802,168,26980, ,Iowa City  IA ,5,5,1233,0,0,0,0,0,0,1,22,2925,4,4,1095,0,0,0,0,0,0,1,22,2925
201802,170,16620, ,Charleston  WV ,4,4,640,0,0,0,0,0,0,1,7,445,1,1,25,0,0,0,0,0,0,0,0,0
201802,170,26580, ,Huntington-Ashland  WV-KY-OH ,12,12,2488,0,0,0,0,0,0,0,0,0,0,0,0,0,0,0,0,0,0,0,0,0
201802,172,16740, ,Charlotte-Concord-Gastonia  NC-SC ,1353,1353,342891,2,4,725,0,0,0,24,1062,84655,1193,1193,289844,2,4,725,0,0,0,22,1033,81609
201802,174,16860, ,Chattanooga  TN-GA ,127,127,23285,1,2,188,1,3,485,1,34,2753,76,76,13373,0,0,0,0,0,0,0,0,0
201802,174,17420, ,Cleveland  TN ,33,33,5191,0,0,0,2,8,500,0,0,0,18,18,2489,0,0,0,2,8,500,0,0,0
201802,176,16980, ,Chicago-Naperville-Elgin  IL-IN-WI ,481,481,123892,8,16,4219,11,37,5213,18,330,73078,372,372,97638,8,16,4219,11,37,5213,12,287,68777
201802,176,28100, ,Kankakee  IL ,0,0,0,0,0,0,0,0,0,0,0,0,0,0,0,0,0,0,0,0,0,0,0,0
201802,176,33140, ,Michigan City-La Porte  IN ,2,2,390,0,0,0,0,0,0,0,0,0,2,2,390,0,0,0,0,0,0,0,0,0
201802,178,17140, ,Cincinnati  OH-KY-IN ,298,298,74477,2,4,539,0,0,0,3,30,3795,214,214,54429,2,4,539,0,0,0,2,18,2473
201802,184,10420, ,Akron  OH ,36,36,14856,0,0,0,0,0,0,0,0,0,36,36,14856,0,0,0,0,0,0,0,0,0
201802,184,15940, ,Canton-Massillon  OH ,23,23,5043,0,0,0,0,0,0,1,5,384,20,20,4693,0,0,0,0,0,0,0,0,0
201802,184,17460, ,Cleveland-Elyria  OH ,173,173,42464,3,6,513,1,3,429,0,0,0,143,143,36988,1,2,271,1,3,429,0,0,0
201802,190,17860,C,Columbia  MO ,38,38,8397,1,2,426,0,0,0,0,0,0,38,38,8397,1,2,426,0,0,0,0,0,0
201802,192,17900,C,Columbia  SC ,347,347,66631,0,0,0,0,0,0,2,40,2879,46,46,8011,0,0,0,0,0,0,0,0,0
201802,194,12220,C,Auburn-Opelika  AL ,76,76,20987,1,2,144,0,0,0,0,0,0,14,14,3931,0,0,0,0,0,0,0,0,0
201802,194,17980, ,Columbus  GA-AL ,65,65,12150,0,0,0,1,3,185,1,6,1494,41,41,7545,0,0,0,0,0,0,0,0,0
201802,198,18140, ,Columbus  OH ,325,325,85916,3,6,1674,14,48,6999,16,275,22204,303,303,81485,3,6,1674,14,48,6999,15,270,21827
201802,204,18580, ,Corpus Christi  TX ,87,87,15588,0,0,0,0,0,0,0,0,0,87,87,15588,0,0,0,0,0,0,0,0,0
201802,206,19100, ,Dallas-Fort Worth-Arlington  TX ,2897,2897,747176,27,54,11294,1,4,953,36,1024,90295,2378,2378,600959,27,54,11294,1,4,953,33,964,83912
201802,209,19340, ,Davenport-Moline-Rock Island  IA-IL ,14,14,3791,0,0,0,0,0,0,0,0,0,1,1,225,0,0,0,0,0,0,0,0,0
201802,212,19380, ,Dayton  OH ,64,64,22011,0,0,0,0,0,0,0,0,0,44,44,17787,0,0,0,0,0,0,0,0,0
201802,212,44220, ,Springfield  OH ,1,1,255,0,0,0,0,0,0,0,0,0,1,1,255,0,0,0,0,0,0,0,0,0
201802,216,14500, ,Boulder  CO ,74,74,28329,2,4,657,1,3,348,5,85,11077,51,51,20278,0,0,0,0,0,0,4,80,10337
201802,216,19740, ,Denver-Aurora-Lakewood  CO ,908,908,261986,0,0,0,5,15,1163,38,1177,152192,749,749,213932,0,0,0,5,15,1163,35,1105,145382
201802,216,24540, ,Greeley  CO ,205,205,53383,0,0,0,2,6,1606,6,248,3287,142,142,34439,0,0,0,1,3,556,4,236,2087
201802,218,11180, ,Ames  IA ,8,8,2975,0,0,0,0,0,0,2,24,1500,8,8,2975,0,0,0,0,0,0,2,24,1500
201802,218,19780, ,Des Moines-West Des Moines  IA ,185,185,47538,2,4,538,0,0,0,1,5,461,162,162,43703,2,4,538,0,0,0,0,0,0
201802,220,11460, ,Ann Arbor  MI ,29,29,7546,0,0,0,0,0,0,0,0,0,21,21,5538,0,0,0,0,0,0,0,0,0
201802,220,19820, ,Detroit-Warren-Dearborn  MI ,336,336,100989,5,10,1400,0,0,0,1,11,1277,285,285,86739,5,10,1400,0,0,0,1,11,1277
201802,220,22420, ,Flint  MI ,14,14,3316,0,0,0,0,0,0,0,0,0,14,14,3316,0,0,0,0,0,0,0,0,0
201802,220,33780, ,Monroe  MI ,0,0,0,0,0,0,0,0,0,0,0,0,0,0,0,0,0,0,0,0,0,0,0,0
201802,222,20020, ,Dothan  AL ,23,23,5727,0,0,0,0,0,0,0,0,0,21,21,5462,0,0,0,0,0,0,0,0,0
201802,232,20740, ,Eau Claire  WI ,10,10,2544,0,0,0,0,0,0,0,0,0,10,10,2544,0,0,0,0,0,0,0,0,0
201802,236,21300, ,Elmira  NY ,0,0,0,0,0,0,0,0,0,0,0,0,0,0,0,0,0,0,0,0,0,0,0,0
201802,238,21340,C,El Paso  TX ,191,191,40098,6,12,1110,2,8,788,4,34,4883,175,175,37345,6,12,1110,2,8,788,4,34,4883
201802,238,29740,C,Las Cruces  NM ,62,62,13381,0,0,0,0,0,0,0,0,0,62,62,13381,0,0,0,0,0,0,0,0,0
201802,240,21500, ,Erie  PA ,0,0,0,0,0,0,0,0,0,0,0,0,0,0,0,0,0,0,0,0,0,0,0,0
201802,244,22020, ,Fargo  ND-MN ,7,7,1553,0,0,0,0,0,0,0,0,0,6,6,1226,0,0,0,0,0,0,0,0,0
201802,246,22180,C,Fayetteville  NC ,61,61,11725,0,0,0,0,0,0,0,0,0,61,61,11725,0,0,0,0,0,0,0,0,0
201802,258,23060, ,Fort Wayne  IN ,66,66,17056,0,0,0,0,0,0,2,10,1161,66,66,17056,0,0,0,0,0,0,2,10,1161
201802,260,23420,C,Fresno  CA ,168,168,47221,0,0,0,5,19,2556,7,179,9431,164,164,46609,0,0,0,5,19,2556,7,179,9431
201802,260,31460, ,Madera  CA ,42,42,9702,0,0,0,0,0,0,0,0,0,42,42,9702,0,0,0,0,0,0,0,0,0
201802,264,23540, ,Gainesville  FL ,34,34,7184,0,0,0,0,0,0,0,0,0,34,34,7184,0,0,0,0,0,0,0,0,0
201802,266,24340, ,Grand Rapids-Wyoming  MI ,132,132,32256,0,0,0,0,0,0,3,46,7261,98,98,24818,0,0,0,0,0,0,2,41,6655
201802,266,34740, ,Muskegon  MI ,2,2,348,0,0,0,0,0,0,0,0,0,0,0,0,0,0,0,0,0,0,0,0,0
201802,267,24580, ,Green Bay  WI ,41,41,9913,0,0,0,0,0,0,7,53,3409,28,28,6626,0,0,0,0,0,0,6,48,3020
201802,268,15500, ,Burlington  NC ,33,33,5313,0,0,0,0,0,0,0,0,0,33,33,5313,0,0,0,0,0,0,0,0,0
201802,268,24660,C,Greensboro-High Point  NC ,152,152,37205,0,0,0,0,0,0,1,33,4653,152,152,37205,0,0,0,0,0,0,1,33,4653
201802,268,49180, ,Winston-Salem  NC ,93,93,17283,0,0,0,0,0,0,1,26,2420,0,0,0,0,0,0,0,0,0,0,0,0
201802,273,24860, ,Greenville-Anderson-Mauldin  SC ,447,447,181033,0,0,0,0,0,0,1,25,3289,435,435,179182,0,0,0,0,0,0,0,0,0
201802,273,43900, ,Spartanburg  SC ,266,266,42457,0,0,0,0,0,0,0,0,0,266,266,42457,0,0,0,0,0,0,0,0,0
201802,274,24780, ,Greenville  NC ,18,18,3125,2,4,354,0,0,0,1,22,1251,0,0,0,0,0,0,0,0,0,0,0,0
201802,276,23900,C,Gettysburg  PA ,5,5,1500,0,0,0,0,0,0,0,0,0,5,5,1500,0,0,0,0,0,0,0,0,0
201802,276,25420,C,Harrisburg-Carlisle  PA ,68,68,15470,0,0,0,2,8,1389,1,5,789,45,45,10167,0,0,0,2,8,1389,0,0,0
201802,276,30140, ,Lebanon  PA ,13,13,2281,0,0,0,0,0,0,0,0,0,0,0,0,0,0,0,0,0,0,0,0,0
201802,276,49620, ,York-Hanover  PA ,5,5,925,0,0,0,1,3,273,0,0,0,1,1,222,0,0,0,1,3,273,0,0,0
201802,277,25500,C,Harrisonburg  VA ,46,46,10799,0,0,0,0,0,0,0,0,0,35,35,8837,0,0,0,0,0,0,0,0,0
201802,277,44420, ,Staunton-Waynesboro  VA ,10,10,1241,0,0,0,0,0,0,0,0,0,10,10,1241,0,0,0,0,0,0,0,0,0
201802,278,25540,C,Hartford-West Hartford-East Hartford  CT ,49,49,10589,1,2,350,0,0,0,4,30,2709,34,34,6995,0,0,0,0,0,0,0,0,0
201802,278,35980, ,Norwich-New London  CT ,7,7,1448,2,4,560,0,0,0,0,0,0,3,3,804,2,4,560,0,0,0,0,0,0
201802,280,25860, ,Hickory-Lenoir-Morganton  NC ,1,1,150,0,0,0,0,0,0,1,5,279,0,0,0,0,0,0,0,0,0,0,0,0
201802,284,26300, ,Hot Springs  AR ,2,2,115,0,0,0,0,0,0,0,0,0,2,2,115,0,0,0,0,0,0,0,0,0
201802,288,26420, ,Houston-The Woodlands-Sugar Land  TX ,3363,3363,658051,10,20,3856,0,0,0,16,351,29283,2406,2406,527914,10,20,3856,0,0,0,14,339,28624
201802,290,19460, ,Decatur  AL ,14,14,2468,0,0,0,0,0,0,0,0,0,14,14,2468,0,0,0,0,0,0,0,0,0
201802,290,26620,C,Huntsville  AL ,203,203,30250,0,0,0,0,0,0,0,0,0,202,202,30124,0,0,0,0,0,0,0,0,0
201802,292,26820, ,Idaho Falls  ID ,90,90,18691,0,0,0,1,3,0,0,0,0,89,89,18529,0,0,0,0,0,0,0,0,0
201802,294,18020, ,Columbus  IN ,22,22,5204,0,0,0,0,0,0,0,0,0,22,22,5204,0,0,0,0,0,0,0,0,0
201802,294,26900, ,Indianapolis-Carmel-Anderson  IN ,464,464,133331,4,8,843,0,0,0,1,80,9286,455,455,131615,2,4,485,0,0,0,1,80,9286
201802,294,34620, ,Muncie  IN ,0,0,0,0,0,0,0,0,0,0,0,0,0,0,0,0,0,0,0,0,0,0,0,0
201802,296,27060, ,Ithaca  NY ,0,0,0,1,2,237,0,0,0,1,5,600,0,0,0,0,0,0,0,0,0,0,0,0
201802,297,27180, ,Jackson  TN ,12,12,2280,0,0,0,0,0,0,0,0,0,12,12,2280,0,0,0,0,0,0,0,0,0
201802,298,27140, ,Jackson  MS ,103,103,21228,0,0,0,0,0,0,0,0,0,47,47,10053,0,0,0,0,0,0,0,0,0
201802,300,27260,C,Jacksonville  FL ,779,779,195183,0,0,0,4,15,2472,25,592,64445,664,664,162836,0,0,0,4,15,2472,24,587,63231
201802,304,27740, ,Johnson City  TN ,9,9,1703,0,0,0,0,0,0,0,0,0,9,9,1703,0,0,0,0,0,0,0,0,0
201802,304,28700, ,Kingsport-Bristol-Bristol  TN-VA ,1,1,237,0,0,0,0,0,0,0,0,0,0,0,0,0,0,0,0,0,0,0,0,0
201802,306,27780, ,Johnstown  PA ,0,0,0,0,0,0,0,0,0,0,0,0,0,0,0,0,0,0,0,0,0,0,0,0
201802,308,27860, ,Jonesboro  AR ,44,44,6127,3,6,426,3,9,478,1,15,1050,6,6,512,0,0,0,0,0,0,0,0,0
201802,309,27900, ,Joplin  MO ,18,18,3021,2,4,470,0,0,0,0,0,0,18,18,3021,2,4,470,0,0,0,0,0,0
201802,310,12980, ,Battle Creek  MI ,0,0,0,0,0,0,0,0,0,0,0,0,0,0,0,0,0,0,0,0,0,0,0,0
201802,310,28020, ,Kalamazoo-Portage  MI ,6,6,2020,0,0,0,0,0,0,0,0,0,4,4,1223,0,0,0,0,0,0,0,0,0
201802,312,28140, ,Kansas City  MO-KS ,486,486,108993,0,0,0,2,7,1053,2,16,2086,431,431,91588,0,0,0,1,4,607,0,0,0
201802,312,29940, ,Lawrence  KS ,15,15,3858,0,0,0,0,0,0,0,0,0,15,15,3858,0,0,0,0,0,0,0,0,0
201802,312,41140, ,St. Joseph  MO-KS ,0,0,0,0,0,0,0,0,0,0,0,0,0,0,0,0,0,0,0,0,0,0,0,0
201802,314,28940, ,Knoxville  TN ,203,203,49069,1,2,100,0,0,0,1,12,789,93,93,26976,0,0,0,0,0,0,0,0,0
201802,316,29020, ,Kokomo  IN ,4,4,640,0,0,0,0,0,0,0,0,0,4,4,640,0,0,0,0,0,0,0,0,0
201802,318,29180, ,Lafayette  LA ,109,109,23012,0,0,0,0,0,0,0,0,0,67,67,16715,0,0,0,0,0,0,0,0,0
201802,320,29200, ,Lafayette-West Lafayette  IN ,30,30,6630,1,2,360,0,0,0,5,120,13929,26,26,6134,0,0,0,0,0,0,5,120,13929
201802,324,29340, ,Lake Charles  LA ,65,65,13852,0,0,0,0,0,0,0,0,0,25,25,5677,0,0,0,0,0,0,0,0,0
201802,330,29620, ,Lansing-East Lansing  MI ,10,10,2150,0,0,0,0,0,0,0,0,0,8,8,1852,0,0,0,0,0,0,0,0,0
201802,332,29420, ,Lake Havasu City-Kingman  AZ ,78,78,15681,6,12,741,0,0,0,0,0,0,78,78,15681,6,12,741,0,0,0,0,0,0
201802,332,29820,C,Las Vegas-Henderson-Paradise  NV ,812,812,208903,0,0,0,6,24,1133,20,407,22481,812,812,208903,0,0,0,6,24,1133,20,407,22481
201802,336,30460,C,Lexington-Fayette  KY ,95,95,17081,1,2,205,1,3,630,2,45,3477,31,31,6345,0,0,0,1,3,630,0,0,0
201802,338,30620, ,Lima  OH ,0,0,0,0,0,0,0,0,0,0,0,0,0,0,0,0,0,0,0,0,0,0,0,0
201802,339,30700, ,Lincoln  NE ,69,69,14941,0,0,0,0,0,0,2,47,4928,5,5,1351,0,0,0,0,0,0,0,0,0
201802,340,30780, ,Little Rock-North Little Rock-Conway  AR ,137,137,28120,2,4,400,0,0,0,1,5,188,72,72,18212,2,4,400,0,0,0,0,0,0
201802,340,38220, ,Pine Bluff  AR ,1,1,114,1,2,80,0,0,0,0,0,0,0,0,0,1,2,80,0,0,0,0,0,0
201802,346,30980, ,Longview  TX ,12,12,2020,0,0,0,0,0,0,0,0,0,12,12,2020,0,0,0,0,0,0,0,0,0
201802,348,31080,C,Los Angeles-Long Beach-Anaheim  CA ,928,928,312223,90,180,37756,11,37,8005,37,633,122238,785,785,244526,86,172,35297,8,27,6441,28,451,94550
201802,348,37100, ,Oxnard-Thousand Oaks-Ventura  CA ,24,24,5198,0,0,0,0,0,0,1,10,2948,24,24,5198,0,0,0,0,0,0,1,10,2948
201802,348,40140, ,Riverside-San Bernardino-Ontario  CA ,711,711,185331,2,4,714,0,0,0,3,30,3327,600,600,156816,2,4,714,0,0,0,1,6,769
201802,350,21060, ,Elizabethtown-Fort Knox  KY ,19,19,3298,2,4,416,0,0,0,0,0,0,12,12,2280,2,4,416,0,0,0,0,0,0
201802,350,31140, ,Louisville-Jefferson County  KY-IN ,218,218,57750,0,0,0,0,0,0,2,27,1358,180,180,47115,0,0,0,0,0,0,2,27,1358
201802,352,31180, ,Lubbock  TX ,120,120,25103,3,6,859,0,0,0,0,0,0,119,119,25036,3,6,859,0,0,0,0,0,0
201802,356,31420, ,Macon-Bibb County  GA ,18,18,3562,0,0,0,0,0,0,0,0,0,0,0,0,0,0,0,0,0,0,0,0,0
201802,356,47580, ,Warner Robins  GA ,81,81,18446,0,0,0,0,0,0,0,0,0,81,81,18446,0,0,0,0,0,0,0,0,0
201802,357,27500, ,Janesville-Beloit  WI ,15,15,3788,0,0,0,0,0,0,0,0,0,15,15,3788,0,0,0,0,0,0,0,0,0
201802,357,31540, ,Madison  WI ,98,98,31155,2,4,743,5,18,2027,6,153,21676,74,74,24258,1,2,485,4,15,1705,4,133,20173
201802,358,31740, ,Manhattan  KS ,20,20,5831,0,0,0,0,0,0,0,0,0,19,19,5671,0,0,0,0,0,0,0,0,0
201802,359,31860, ,Mankato-North Mankato  MN ,7,7,1467,0,0,0,0,0,0,1,5,529,0,0,0,0,0,0,0,0,0,0,0,0
201802,365,32580,C,McAllen-Edinburg-Mission  TX ,215,215,39712,3,6,508,16,64,7281,1,8,320,193,193,37565,3,6,508,16,64,7281,1,8,320
201802,366,32780, ,Medford  OR ,32,32,8078,0,0,0,0,0,0,3,33,3650,32,32,8078,0,0,0,0,0,0,3,33,3650
201802,368,32820, ,Memphis  TN-MS-AR ,205,205,41914,0,0,0,0,0,0,0,0,0,185,185,39196,0,0,0,0,0,0,0,0,0
201802,370,33100, ,Miami-Fort Lauderdale-West Palm Beach  FL ,560,560,178808,14,28,4998,3,11,2228,26,426,49682,481,481,145800,14,28,4998,2,8,1714,19,345,36008
201802,370,38940, ,Port St. Lucie  FL ,188,188,45720,1,2,418,1,3,300,14,309,38353,162,162,31555,1,2,418,1,3,300,13,304,37087
201802,370,42680, ,Sebastian-Vero Beach  FL ,80,80,32896,0,0,0,0,0,0,1,6,3610,80,80,32896,0,0,0,0,0,0,1,6,3610
201802,372,33260, ,Midland  TX ,91,91,17636,0,0,0,0,0,0,0,0,0,91,91,17636,0,0,0,0,0,0,0,0,0
201802,372,36220,C,Odessa  TX ,83,83,16301,0,0,0,0,0,0,0,0,0,83,83,16301,0,0,0,0,0,0,0,0,0
201802,376,33340,C,Milwaukee-Waukesha-West Allis  WI ,138,138,44055,1,2,344,0,0,0,1,5,378,115,115,35000,1,2,344,0,0,0,0,0,0
201802,376,39540, ,Racine  WI ,12,12,3259,0,0,0,0,0,0,0,0,0,6,6,1601,0,0,0,0,0,0,0,0,0
201802,378,33460, ,Minneapolis-St. Paul-Bloomington  MN-WI ,495,495,160355,2,4,980,3,11,1602,3,517,110478,440,440,143512,2,4,980,3,11,1602,2,505,108359
201802,378,41060, ,St. Cloud  MN ,0,0,0,0,0,0,0,0,0,0,0,0,0,0,0,0,0,0,0,0,0,0,0,0
201802,380,19300, ,Daphne-Fairhope-Foley  AL ,175,175,33315,2,4,218,0,0,0,0,0,0,134,134,27567,2,4,218,0,0,0,0,0,0
201802,380,33660, ,Mobile  AL ,47,47,10383,0,0,0,0,0,0,0,0,0,46,46,10309,0,0,0,0,0,0,0,0,0
201802,382,32900, ,Merced  CA ,12,12,3251,0,0,0,0,0,0,0,0,0,9,9,2234,0,0,0,0,0,0,0,0,0
201802,382,33700, ,Modesto  CA ,4,4,581,0,0,0,0,0,0,0,0,0,0,0,0,0,0,0,0,0,0,0,0,0
201802,384,33740, ,Monroe  LA ,36,36,7626,1,2,75,0,0,0,0,0,0,2,2,302,1,2,75,0,0,0,0,0,0
201802,390,34060, ,Morgantown  WV ,0,0,0,0,0,0,0,0,0,0,0,0,0,0,0,0,0,0,0,0,0,0,0,0
201802,396,34820, ,Myrtle Beach-Conway-North Myrtle Beach  SC-NC ,497,497,96135,0,0,0,0,0,0,0,0,0,382,382,70272,0,0,0,0,0,0,0,0,0
201802,400,34980, ,Nashville-Davidson--Murfreesboro--Franklin  TN ,1039,1039,259907,2,4,319,0,0,0,3,25,2627,873,873,223879,2,4,319,0,0,0,1,14,1508
201802,406,25220, ,Hammond  LA ,24,24,2779,0,0,0,0,0,0,0,0,0,19,19,2005,0,0,0,0,0,0,0,0,0
201802,406,35380, ,New Orleans-Metairie  LA ,196,196,45901,4,8,960,1,3,570,2,24,4597,123,123,29175,0,0,0,1,3,570,0,0,0
201802,408,10900, ,Allentown-Bethlehem-Easton  PA-NJ ,13,13,3061,0,0,0,0,0,0,1,8,350,0,0,0,0,0,0,0,0,0,0,0,0
201802,408,14860,C,Bridgeport-Stamford-Norwalk  CT ,43,43,26475,1,2,127,1,3,1179,1,5,405,31,31,13185,0,0,0,1,3,1179,0,0,0
201802,408,20700, ,East Stroudsburg  PA ,6,6,1696,0,0,0,0,0,0,0,0,0,5,5,1441,0,0,0,0,0,0,0,0,0
201802,408,28740, ,Kingston  NY ,0,0,0,0,0,0,0,0,0,1,5,1220,0,0,0,0,0,0,0,0,0,0,0,0
201802,408,35300, ,New Haven-Milford  CT ,15,15,2557,5,10,575,0,0,0,2,281,33088,12,12,2047,5,10,575,0,0,0,1,269,32350
201802,408,35620, ,New York-Newark-Jersey City  NY-NJ-PA ,682,682,212734,73,146,18337,69,243,48374,102,2373,350542,541,541,169767,59,118,14735,64,226,46647,67,2013,310768
201802,408,45940,C,Trenton  NJ ,15,15,2510,2,4,174,3,12,1195,1,9,624,12,12,1841,0,0,0,1,4,490,0,0,0
201802,412,35840,C,North Port-Sarasota-Bradenton  FL ,495,495,113954,1,2,344,3,12,2333,11,424,59296,221,221,50011,1,2,344,0,0,0,10,394,55849
201802,412,39460, ,Punta Gorda  FL ,49,49,944,0,0,0,0,0,0,0,0,0,0,0,0,0,0,0,0,0,0,0,0,0
201802,416,36420,C,Oklahoma City  OK ,435,435,97895,4,8,1755,1,4,215,1,13,918,122,122,34712,1,2,1150,0,0,0,0,0,0
201802,420,36540, ,Omaha-Council Bluffs  NE-IA ,198,198,41248,5,10,2046,0,0,0,2,247,12559,163,163,32803,5,10,2046,0,0,0,2,247,12559
201802,422,19660, ,Deltona-Daytona Beach-Ormond Beach  FL ,127,127,36364,8,16,2525,0,0,0,1,22,1699,110,110,31431,8,16,2525,0,0,0,0,0,0
201802,422,36740, ,Orlando-Kissimmee-Sanford  FL ,1156,1156,319725,10,20,2722,1,4,659,43,1127,120711,749,749,199346,9,18,2523,0,0,0,38,1007,110872
201802,422,45540,C,The Villages  FL ,141,141,37982,0,0,0,0,0,0,0,0,0,141,141,37982,0,0,0,0,0,0,0,0,0
201802,425,37620, ,Parkersburg-Vienna  WV ,3,3,415,0,0,0,0,0,0,0,0,0,3,3,415,0,0,0,0,0,0,0,0,0
201802,426,37860,C,Pensacola-Ferry Pass-Brent  FL ,284,284,55647,0,0,0,0,0,0,0,0,0,284,284,55647,0,0,0,0,0,0,0,0,0
201802,427,37900, ,Peoria  IL ,0,0,0,0,0,0,0,0,0,0,0,0,0,0,0,0,0,0,0,0,0,0,0,0
201802,428,12100,C,Atlantic City-Hammonton  NJ ,14,14,3730,0,0,0,0,0,0,1,6,878,12,12,3147,0,0,0,0,0,0,0,0,0
201802,428,20100,C,Dover  DE ,94,94,13295,0,0,0,0,0,0,0,0,0,92,92,13007,0,0,0,0,0,0,0,0,0
201802,428,36140,C,Ocean City  NJ ,38,38,15937,7,14,2585,1,3,10,1,20,2670,38,38,15937,7,14,2585,1,3,10,1,20,2670
201802,428,37980,C,Philadelphia-Camden-Wilmington  PA-NJ-DE-MD ,530,530,93912,13,26,4648,25,86,8192,15,230,27842,353,353,56265,0,0,0,7,24,1583,5,86,8030
201802,428,39740, ,Reading  PA ,4,4,654,0,0,0,0,0,0,0,0,0,3,3,393,0,0,0,0,0,0,0,0,0
201802,428,47220,C,Vineland-Bridgeton  NJ ,9,9,1021,0,0,0,0,0,0,0,0,0,1,1,140,0,0,0,0,0,0,0,0,0
201802,430,38300, ,Pittsburgh  PA ,81,81,27335,0,0,0,0,0,0,1,26,2132,46,46,18473,0,0,0,0,0,0,0,0,0
201802,430,48260, ,Weirton-Steubenville  WV-OH ,0,0,0,0,0,0,0,0,0,0,0,0,0,0,0,0,0,0,0,0,0,0,0,0
201802,438,30340, ,Lewiston-Auburn  ME ,4,4,513,0,0,0,0,0,0,1,63,8300,2,2,300,0,0,0,0,0,0,1,63,8300
201802,438,38860, ,Portland-South Portland  ME ,104,104,23107,7,14,2039,1,3,521,2,14,1373,57,57,11509,6,12,1800,0,0,0,0,0,0
201802,440,10540, ,Albany  OR ,27,27,5959,0,0,0,0,0,0,1,5,419,24,24,5369,0,0,0,0,0,0,0,0,0
201802,440,18700, ,Corvallis  OR ,2,2,613,0,0,0,0,0,0,0,0,0,2,2,613,0,0,0,0,0,0,0,0,0
201802,440,31020, ,Longview  WA ,16,16,3677,0,0,0,0,0,0,0,0,0,0,0,0,0,0,0,0,0,0,0,0,0
201802,440,38900, ,Portland-Vancouver-Hillsboro  OR-WA ,519,519,153939,27,54,8332,2,6,712,13,517,60633,330,330,95493,26,52,8012,1,3,360,10,480,56100
201802,440,41420, ,Salem  OR ,51,51,13826,2,4,644,0,0,0,0,0,0,51,51,13826,2,4,644,0,0,0,0,0,0
201802,444,39380,C,Pueblo  CO ,24,24,4115,0,0,0,0,0,0,0,0,0,0,0,0,0,0,0,0,0,0,0,0,0
201802,450,20500,C,Durham-Chapel Hill  NC ,239,239,55081,1,2,170,0,0,0,3,81,6976,80,80,25161,0,0,0,0,0,0,0,0,0
201802,450,39580,C,Raleigh  NC ,911,911,179353,0,0,0,0,0,0,29,961,102169,849,849,166955,0,0,0,0,0,0,29,961,102169
201802,452,39660, ,Rapid City  SD ,19,19,4280,0,0,0,0,0,0,8,160,21841,16,16,3668,0,0,0,0,0,0,8,160,21841
201802,454,39820, ,Redding  CA ,9,9,2388,0,0,0,0,0,0,0,0,0,9,9,2388,0,0,0,0,0,0,0,0,0
201802,456,16180,C,Carson City  NV ,18,18,4093,0,0,0,0,0,0,0,0,0,18,18,4093,0,0,0,0,0,0,0,0,0
201802,456,39900,C,Reno  NV ,204,204,52613,1,2,209,0,0,0,5,68,8183,175,175,42965,1,2,209,0,0,0,5,68,8183
201802,462,40340, ,Rochester  MN ,31,31,7220,1,2,413,0,0,0,1,38,5076,4,4,691,0,0,0,0,0,0,0,0,0
201802,464,40380, ,Rochester  NY ,60,60,13708,0,0,0,2,7,699,8,104,5622,50,50,12137,0,0,0,1,4,520,7,99,5372
201802,466,40420, ,Rockford  IL ,8,8,1161,0,0,0,0,0,0,0,0,0,8,8,1161,0,0,0,0,0,0,0,0,0
201802,470,40660,C,Rome  GA ,12,12,2010,0,0,0,0,0,0,0,0,0,12,12,2010,0,0,0,0,0,0,0,0,0
201802,472,40900,C,Sacramento--Roseville--Arden-Arcade  CA ,346,346,110449,0,0,0,0,0,0,2,16,2287,346,346,110449,0,0,0,0,0,0,2,16,2287
201802,474,13020, ,Bay City  MI ,0,0,0,0,0,0,0,0,0,0,0,0,0,0,0,0,0,0,0,0,0,0,0,0
201802,474,33220, ,Midland  MI ,1,1,151,0,0,0,0,0,0,0,0,0,1,1,151,0,0,0,0,0,0,0,0,0
201802,474,40980, ,Saginaw  MI ,1,1,200,0,0,0,0,0,0,0,0,0,1,1,200,0,0,0,0,0,0,0,0,0
201802,476,41180, ,St. Louis  MO-IL ,347,347,98568,3,6,800,0,0,0,3,31,3832,254,254,71010,3,6,800,0,0,0,2,24,2972
201802,482,36260, ,Ogden-Clearfield  UT ,151,151,39306,0,0,0,4,15,1150,1,8,950,100,100,25683,0,0,0,3,12,797,1,8,950
201802,482,39340, ,Provo-Orem  UT ,397,397,104117,0,0,0,2,8,1192,2,44,5284,384,384,99471,0,0,0,2,8,1192,2,44,5284
201802,482,41620, ,Salt Lake City  UT ,470,470,108783,1,2,333,6,22,4159,11,422,45566,349,349,78738,0,0,0,6,22,4159,5,148,13022
201802,488,41860,C,San Francisco-Oakland-Hayward  CA ,338,338,139454,1,2,650,9,27,4993,18,999,221387,211,211,91176,0,0,0,5,15,2574,10,881,200666
201802,488,41940,C,San Jose-Sunnyvale-Santa Clara  CA ,207,207,75003,3,6,1539,0,0,0,4,675,125830,163,163,63026,3,6,1539,0,0,0,4,675,125830
201802,488,42100, ,Santa Cruz-Watsonville  CA ,10,10,2320,0,0,0,1,3,344,2,10,1017,0,0,0,0,0,0,0,0,0,0,0,0
201802,488,42220, ,Santa Rosa  CA ,90,90,26029,7,14,1854,3,10,825,0,0,0,88,88,25448,7,14,1854,3,10,825,0,0,0
201802,488,44700, ,Stockton-Lodi  CA ,160,160,41662,0,0,0,0,0,0,0,0,0,160,160,41662,0,0,0,0,0,0,0,0,0
201802,488,46700, ,Vallejo-Fairfield  CA ,46,46,12472,0,0,0,0,0,0,0,0,0,42,42,11388,0,0,0,0,0,0,0,0,0
201802,496,25980, ,Hinesville  GA ,29,29,7030,0,0,0,0,0,0,0,0,0,17,17,4795,0,0,0,0,0,0,0,0,0
201802,496,42340, ,Savannah  GA ,199,199,43202,0,0,0,0,0,0,1,10,797,143,143,30325,0,0,0,0,0,0,0,0,0
201802,500,14740,C,Bremerton-Silverdale  WA ,86,86,24789,0,0,0,0,0,0,1,107,26606,86,86,24789,0,0,0,0,0,0,1,107,26606
201802,500,34580, ,Mount Vernon-Anacortes  WA ,39,39,10052,0,0,0,0,0,0,0,0,0,26,26,7916,0,0,0,0,0,0,0,0,0
201802,500,36500, ,Olympia-Tumwater  WA ,71,71,19102,0,0,0,0,0,0,2,25,1607,30,30,8838,0,0,0,0,0,0,0,0,0
201802,500,42660,C,Seattle-Tacoma-Bellevue  WA ,719,719,241149,22,44,9248,17,60,12560,31,817,119114,601,601,195814,21,42,8618,16,57,11360,28,743,109765
201802,512,43580, ,Sioux City  IA-NE-SD ,7,7,1992,0,0,0,0,0,0,0,0,0,0,0,0,0,0,0,0,0,0,0,0,0
201802,515,21140, ,Elkhart-Goshen  IN ,17,17,6260,0,0,0,0,0,0,0,0,0,17,17,6260,0,0,0,0,0,0,0,0,0
201802,515,35660, ,Niles-Benton Harbor  MI ,2,2,399,0,0,0,0,0,0,0,0,0,0,0,0,0,0,0,0,0,0,0,0,0
201802,515,43780, ,South Bend-Mishawaka  IN-MI ,14,14,3394,0,0,0,0,0,0,0,0,0,14,14,3394,0,0,0,0,0,0,0,0,0
201802,518,17660, ,Coeur dAlene  ID ,82,82,19946,1,2,262,0,0,0,0,0,0,58,58,15125,0,0,0,0,0,0,0,0,0
201802,518,44060, ,Spokane-Spokane Valley  WA ,125,125,31925,6,12,1671,0,0,0,3,59,6372,91,91,23524,5,10,1348,0,0,0,1,24,2680
201802,520,44180, ,Springfield  MO ,52,52,10059,0,0,0,0,0,0,1,20,1614,46,46,8745,0,0,0,0,0,0,0,0,0
201802,521,44140, ,Springfield  MA ,2,2,329,0,0,0,0,0,0,0,0,0,1,1,150,0,0,0,0,0,0,0,0,0
201802,522,44100, ,Springfield  IL ,5,5,1505,1,2,338,0,0,0,0,0,0,0,0,0,0,0,0,0,0,0,0,0,0
201802,524,44300, ,State College  PA ,3,3,942,0,0,0,0,0,0,0,0,0,1,1,610,0,0,0,0,0,0,0,0,0
201802,532,45060, ,Syracuse  NY ,15,15,3754,0,0,0,0,0,0,1,19,2030,15,15,3754,0,0,0,0,0,0,0,0,0
201802,533,45220, ,Tallahassee  FL ,72,72,15231,0,0,0,0,0,0,1,32,2322,42,42,10099,0,0,0,0,0,0,0,0,0
201802,534,45780, ,Toledo  OH ,46,46,11729,4,8,720,0,0,0,0,0,0,45,45,11616,4,8,720,0,0,0,0,0,0
201802,536,46060,C,Tucson  AZ ,232,232,65285,1,2,330,0,0,0,1,5,428,34,34,8837,0,0,0,0,0,0,0,0,0
201802,538,46140,C,Tulsa  OK ,193,193,43890,1,2,204,0,0,0,1,7,452,178,178,40417,1,2,204,0,0,0,1,7,452
201802,540,46340, ,Tyler  TX ,36,36,11548,1,2,301,0,0,0,0,0,0,36,36,11548,1,2,301,0,0,0,0,0,0
201802,545,47260, ,Virginia Beach-Norfolk-Newport News  VA-NC ,328,328,70812,1,2,260,2,7,717,2,10,900,284,284,63951,0,0,0,1,4,468,2,10,900
201802,546,47300, ,Visalia-Porterville  CA ,58,58,10935,4,8,860,0,0,0,0,0,0,58,58,10935,4,8,860,0,0,0,0,0,0
201802,548,12580,C,Baltimore-Columbia-Towson  MD ,459,459,103963,0,0,0,0,0,0,2,73,11866,431,431,99087,0,0,0,0,0,0,1,32,3447
201802,548,15680,C,California-Lexington Park  MD ,48,48,9098,0,0,0,0,0,0,0,0,0,48,48,9098,0,0,0,0,0,0,0,0,0
201802,548,16540,C,Chambersburg-Waynesboro  PA ,20,20,3403,0,0,0,0,0,0,1,5,488,13,13,2301,0,0,0,0,0,0,0,0,0
201802,548,25180, ,Hagerstown-Martinsburg  MD-WV ,82,82,18252,0,0,0,0,0,0,0,0,0,82,82,18252,0,0,0,0,0,0,0,0,0
201802,548,47900, ,Washington-Arlington-Alexandria  DC-VA-MD-WV ,1007,1007,235286,16,32,5049,0,0,0,17,1560,193045,869,869,209566,16,32,5049,0,0,0,15,1517,188868
201802,548,49020, ,Winchester  VA-WV ,45,45,10716,1,2,400,0,0,0,5,26,3132,45,45,10716,1,2,400,0,0,0,5,26,3132
201802,554,48140, ,Wausau  WI ,9,9,2276,0,0,0,0,0,0,0,0,0,5,5,1350,0,0,0,0,0,0,0,0,0
201802,556,48620, ,Wichita  KS ,60,60,15169,8,16,1670,1,4,700,1,19,1330,13,13,3098,2,4,670,1,4,700,0,0,0
201802,558,48700, ,Williamsport  PA ,16,16,4287,0,0,0,0,0,0,0,0,0,16,16,4287,0,0,0,0,0,0,0,0,0
201802,566,49660, ,Youngstown-Warren-Boardman  OH-PA ,16,16,3206,0,0,0,1,3,244,0,0,0,6,6,958,0,0,0,0,0,0,0,0,0
201802,999,10180, ,Abilene  TX ,30,30,7010,0,0,0,0,0,0,0,0,0,30,30,7010,0,0,0,0,0,0,0,0,0
201802,999,10500, ,Albany  GA ,10,10,1254,0,0,0,1,3,135,1,5,504,8,8,958,0,0,0,0,0,0,0,0,0
201802,999,10780, ,Alexandria  LA ,14,14,2717,0,0,0,0,0,0,0,0,0,14,14,2717,0,0,0,0,0,0,0,0,0
201802,999,11020, ,Altoona  PA ,1,1,175,0,0,0,0,0,0,0,0,0,1,1,175,0,0,0,0,0,0,0,0,0
201802,999,11260,C,Anchorage  AK ,72,72,22235,1,2,301,1,4,694,1,14,2213,5,5,1455,1,2,301,0,0,0,0,0,0
201802,999,11500, ,Anniston-Oxford-Jacksonville  AL ,4,4,336,0,0,0,0,0,0,0,0,0,4,4,336,0,0,0,0,0,0,0,0,0
201802,999,12260, ,Augusta-Richmond County  GA-SC ,229,229,44320,0,0,0,0,0,0,1,17,1138,98,98,20534,0,0,0,0,0,0,0,0,0
201802,999,12420, ,Austin-Round Rock  TX ,1186,1186,283475,26,52,6948,0,0,0,31,772,79913,970,970,234501,24,48,6657,0,0,0,30,734,76898
201802,999,12540, ,Bakersfield  CA ,153,153,37541,6,12,1308,0,0,0,0,0,0,30,30,4618,1,2,125,0,0,0,0,0,0
201802,999,12620, ,Bangor  ME ,7,7,1432,0,0,0,0,0,0,0,0,0,5,5,920,0,0,0,0,0,0,0,0,0
201802,999,12940,C,Baton Rouge  LA ,322,322,67804,0,0,0,1,3,232,0,0,0,180,180,39778,0,0,0,0,0,0,0,0,0
201802,999,13140, ,Beaumont-Port Arthur  TX ,28,28,6127,0,0,0,0,0,0,0,0,0,18,18,4109,0,0,0,0,0,0,0,0,0
201802,999,13220,C,Beckley  WV ,3,3,489,0,0,0,0,0,0,0,0,0,3,3,489,0,0,0,0,0,0,0,0,0
201802,999,13380, ,Bellingham  WA ,57,57,14963,2,4,947,0,0,0,3,104,11703,26,26,5738,2,4,947,0,0,0,2,99,11215
201802,999,13740, ,Billings  MT ,12,12,2475,0,0,0,0,0,0,0,0,0,12,12,2475,0,0,0,0,0,0,0,0,0
201802,999,13780, ,Binghamton  NY ,0,0,0,0,0,0,0,0,0,0,0,0,0,0,0,0,0,0,0,0,0,0,0,0
201802,999,13900, ,Bismarck  ND ,14,14,3476,0,0,0,0,0,0,0,0,0,8,8,1761,0,0,0,0,0,0,0,0,0
201802,999,13980, ,Blacksburg-Christiansburg-Radford  VA ,3,3,549,0,0,0,0,0,0,0,0,0,3,3,549,0,0,0,0,0,0,0,0,0
201802,999,15260, ,Brunswick  GA ,46,46,13655,0,0,0,0,0,0,0,0,0,0,0,0,0,0,0,0,0,0,0,0,0
201802,999,15540, ,Burlington-South Burlington  VT ,15,15,4003,0,0,0,1,3,337,1,5,459,12,12,3301,0,0,0,1,3,337,0,0,0
201802,999,16220, ,Casper  WY ,11,11,2505,0,0,0,0,0,0,0,0,0,5,5,915,0,0,0,0,0,0,0,0,0
201802,999,16580, ,Champaign-Urbana  IL ,5,5,1186,0,0,0,0,0,0,1,55,7498,5,5,1186,0,0,0,0,0,0,1,55,7498
201802,999,16700,C,Charleston-North Charleston  SC ,332,332,96995,0,0,0,0,0,0,3,68,2917,161,161,58244,0,0,0,0,0,0,0,0,0
201802,999,16820, ,Charlottesville  VA ,53,53,16407,0,0,0,0,0,0,2,21,2521,0,0,0,0,0,0,0,0,0,0,0,0
201802,999,16940, ,Cheyenne  WY ,19,19,3765,0,0,0,4,12,738,0,0,0,19,19,3765,0,0,0,4,12,738,0,0,0
201802,999,17020, ,Chico  CA ,43,43,9953,0,0,0,0,0,0,0,0,0,43,43,9953,0,0,0,0,0,0,0,0,0
201802,999,17300,C,Clarksville  TN-KY ,137,137,22404,0,0,0,2,7,420,0,0,0,135,135,22261,0,0,0,2,7,420,0,0,0
201802,999,17780, ,College Station-Bryan  TX ,67,67,12487,0,0,0,2,7,1425,0,0,0,67,67,12487,0,0,0,2,7,1425,0,0,0
201802,999,17820,C,Colorado Springs  CO ,339,339,130420,0,0,0,0,0,0,10,200,26725,339,339,130420,0,0,0,0,0,0,10,200,26725
201802,999,18880,C,Crestview-Fort Walton Beach-Destin  FL ,160,160,58700,1,2,238,7,22,3484,1,5,1204,150,150,55786,0,0,0,7,22,3484,0,0,0
201802,999,19060, ,Cumberland  MD-WV ,5,5,478,0,0,0,0,0,0,0,0,0,5,5,478,0,0,0,0,0,0,0,0,0
201802,999,19180, ,Danville  IL ,0,0,0,0,0,0,0,0,0,0,0,0,0,0,0,0,0,0,0,0,0,0,0,0
201802,999,19500, ,Decatur  IL ,1,1,400,0,0,0,0,0,0,0,0,0,1,1,400,0,0,0,0,0,0,0,0,0
201802,999,20220, ,Dubuque  IA ,2,2,468,0,0,0,0,0,0,0,0,0,2,2,468,0,0,0,0,0,0,0,0,0
201802,999,20260, ,Duluth  MN-WI ,1,1,200,0,0,0,0,0,0,0,0,0,0,0,0,0,0,0,0,0,0,0,0,0
201802,999,20940, ,El Centro  CA ,17,17,4781,0,0,0,0,0,0,0,0,0,4,4,1895,0,0,0,0,0,0,0,0,0
201802,999,21420, ,Enid  OK ,2,2,500,0,0,0,0,0,0,0,0,0,2,2,500,0,0,0,0,0,0,0,0,0
201802,999,21660, ,Eugene  OR ,42,42,10844,0,0,0,0,0,0,0,0,0,22,22,5883,0,0,0,0,0,0,0,0,0
201802,999,21780, ,Evansville  IN-KY ,35,35,8222,0,0,0,0,0,0,0,0,0,35,35,8222,0,0,0,0,0,0,0,0,0
201802,999,21820,C,Fairbanks  AK ,0,0,0,0,0,0,0,0,0,0,0,0,0,0,0,0,0,0,0,0,0,0,0,0
201802,999,22140,C,Farmington  NM ,7,7,1679,0,0,0,0,0,0,0,0,0,7,7,1679,0,0,0,0,0,0,0,0,0
201802,999,22220, ,Fayetteville-Springdale-Rogers  AR-MO ,286,286,67086,10,20,1774,3,11,2023,2,23,1302,233,233,56718,10,20,1774,3,11,2023,1,16,800
201802,999,22380, ,Flagstaff  AZ ,44,44,9483,0,0,0,0,0,0,0,0,0,31,31,6357,0,0,0,0,0,0,0,0,0
201802,999,22500, ,Florence  SC ,29,29,4646,0,0,0,0,0,0,0,0,0,0,0,0,0,0,0,0,0,0,0,0,0
201802,999,22520, ,Florence-Muscle Shoals  AL ,15,15,1696,0,0,0,0,0,0,0,0,0,4,4,396,0,0,0,0,0,0,0,0,0
201802,999,22540, ,Fond du Lac  WI ,4,4,913,0,0,0,0,0,0,0,0,0,2,2,480,0,0,0,0,0,0,0,0,0
201802,999,22660,C,Fort Collins  CO ,92,92,24259,2,4,696,0,0,0,1,20,3031,92,92,24259,2,4,696,0,0,0,1,20,3031
201802,999,22900, ,Fort Smith  AR-OK ,26,26,5319,1,2,170,0,0,0,0,0,0,19,19,4191,0,0,0,0,0,0,0,0,0
201802,999,23460, ,Gadsden  AL ,4,4,517,0,0,0,0,0,0,0,0,0,0,0,0,0,0,0,0,0,0,0,0,0
201802,999,24220, ,Grand Forks  ND-MN ,1,1,465,0,0,0,0,0,0,0,0,0,1,1,465,0,0,0,0,0,0,0,0,0
201802,999,24260, ,Grand Island  NE ,2,2,337,0,0,0,2,6,609,1,6,568,2,2,337,0,0,0,2,6,609,1,6,568
201802,999,24300,C,Grand Junction  CO ,53,53,9145,0,0,0,0,0,0,0,0,0,53,53,9145,0,0,0,0,0,0,0,0,0
201802,999,24500, ,Great Falls  MT ,11,11,2918,0,0,0,0,0,0,0,0,0,1,1,180,0,0,0,0,0,0,0,0,0
201802,999,25060, ,Gulfport-Biloxi-Pascagoula  MS ,133,133,21082,1,2,245,1,3,301,1,6,508,66,66,11004,0,0,0,0,0,0,0,0,0
201802,999,25620, ,Hattiesburg  MS ,6,6,536,0,0,0,0,0,0,1,5,115,0,0,0,0,0,0,0,0,0,0,0,0
201802,999,25940, ,Hilton Head Island-Bluffton-Beaufort  SC ,55,55,20513,0,0,0,0,0,0,0,0,0,55,55,20513,0,0,0,0,0,0,0,0,0
201802,999,26140, ,Homosassa Springs  FL ,33,33,7075,1,2,44,0,0,0,1,8,537,0,0,0,0,0,0,0,0,0,0,0,0
201802,999,26380, ,Houma-Thibodaux  LA ,24,24,5060,0,0,0,0,0,0,0,0,0,24,24,5060,0,0,0,0,0,0,0,0,0
201802,999,27100, ,Jackson  MI ,1,1,150,0,0,0,0,0,0,0,0,0,1,1,150,0,0,0,0,0,0,0,0,0
201802,999,27340,C,Jacksonville  NC ,93,93,13099,2,4,319,0,0,0,0,0,0,93,93,13099,2,4,319,0,0,0,0,0,0
201802,999,27980,C,Kahului-Wailuku-Lahaina  HI ,27,27,9600,4,8,2036,0,0,0,2,12,32066,27,27,9600,4,8,2036,0,0,0,2,12,32066
201802,999,28420,C,Kennewick-Richland  WA ,119,119,35482,2,4,676,0,0,0,2,24,2194,29,29,10725,0,0,0,0,0,0,0,0,0
201802,999,28660,C,Killeen-Temple  TX ,148,148,26346,9,18,1272,0,0,0,1,6,500,120,120,21724,7,14,1159,0,0,0,0,0,0
201802,999,29100, ,La Crosse-Onalaska  WI-MN ,5,5,1000,1,2,250,1,4,580,1,18,1250,5,5,1000,1,2,250,1,4,580,1,18,1250
201802,999,29460, ,Lakeland-Winter Haven  FL ,256,256,49962,0,0,0,0,0,0,0,0,0,255,255,49879,0,0,0,0,0,0,0,0,0
201802,999,29540, ,Lancaster  PA ,5,5,931,1,2,227,1,3,280,0,0,0,4,4,692,0,0,0,0,0,0,0,0,0
201802,999,29700, ,Laredo  TX ,84,84,17152,1,2,142,0,0,0,1,9,903,0,0,0,0,0,0,0,0,0,0,0,0
201802,999,30020, ,Lawton  OK ,2,2,355,0,0,0,0,0,0,0,0,0,2,2,355,0,0,0,0,0,0,0,0,0
201802,999,30300, ,Lewiston  ID-WA ,0,0,0,0,0,0,0,0,0,0,0,0,0,0,0,0,0,0,0,0,0,0,0,0
201802,999,30860, ,Logan  UT-ID ,8,8,1858,0,0,0,0,0,0,0,0,0,8,8,1858,0,0,0,0,0,0,0,0,0
201802,999,31340, ,Lynchburg  VA ,11,11,2312,0,0,0,1,3,550,0,0,0,11,11,2312,0,0,0,1,3,550,0,0,0
201802,999,33540,C,Missoula  MT ,23,23,4859,2,4,511,0,0,0,1,35,3185,23,23,4859,2,4,511,0,0,0,1,35,3185
201802,999,33860, ,Montgomery  AL ,75,75,17166,0,0,0,0,0,0,0,0,0,56,56,13062,0,0,0,0,0,0,0,0,0
201802,999,36100, ,Ocala  FL ,195,195,29584,3,6,320,0,0,0,0,0,0,195,195,29584,3,6,320,0,0,0,0,0,0
201802,999,36980, ,Owensboro  KY ,15,15,1575,0,0,0,0,0,0,1,20,2600,15,15,1575,0,0,0,0,0,0,1,20,2600
201802,999,37340, ,Palm Bay-Melbourne-Titusville  FL ,190,190,59505,0,0,0,0,0,0,1,26,5671,94,94,22900,0,0,0,0,0,0,0,0,0
201802,999,37460, ,Panama City  FL ,47,47,14123,0,0,0,0,0,0,0,0,0,47,47,14123,0,0,0,0,0,0,0,0,0
201802,999,38060,C,Phoenix-Mesa-Scottsdale  AZ ,1593,1593,410189,10,20,2346,4,14,2433,23,748,114486,1580,1580,406849,10,20,2346,4,14,2433,23,748,114486
201802,999,38340, ,Pittsfield  MA ,1,1,351,0,0,0,0,0,0,0,0,0,0,0,0,0,0,0,0,0,0,0,0,0
201802,999,38540, ,Pocatello  ID ,115,115,9399,0,0,0,0,0,0,0,0,0,115,115,9399,0,0,0,0,0,0,0,0,0
201802,999,39140, ,Prescott  AZ ,110,110,30444,1,2,285,0,0,0,0,0,0,51,51,13879,1,2,285,0,0,0,0,0,0
201802,999,40060, ,Richmond  VA ,397,397,83964,0,0,0,2,8,739,1,14,1680,386,386,83139,0,0,0,2,8,739,1,14,1680
201802,999,41100, ,St. George  UT ,138,138,27532,1,2,195,2,7,1134,0,0,0,138,138,27532,1,2,195,2,7,1134,0,0,0
201802,999,41500, ,Salinas  CA ,35,35,15050,0,0,0,0,0,0,1,16,200,35,35,15050,0,0,0,0,0,0,1,16,200
201802,999,41540, ,Salisbury  MD-DE ,220,220,31427,8,16,2762,1,4,524,1,5,691,219,219,31254,8,16,2762,1,4,524,1,5,691
201802,999,41660,C,San Angelo  TX ,17,17,4228,0,0,0,0,0,0,0,0,0,17,17,4228,0,0,0,0,0,0,0,0,0
201802,999,41700,C,San Antonio-New Braunfels  TX ,545,545,128172,3,6,521,4,13,979,1,5,1065,499,499,121581,3,6,521,3,10,979,0,0,0
201802,999,41740,C,San Diego-Carlsbad  CA ,209,209,73485,8,16,4383,4,12,1570,5,358,89852,199,199,65898,8,16,4383,4,12,1570,4,351,86048
201802,999,42020, ,San Luis Obispo-Paso Robles-Arroyo Grande  CA ,30,30,11372,0,0,0,1,3,603,1,11,1157,0,0,0,0,0,0,0,0,0,0,0,0
201802,999,42200, ,Santa Maria-Santa Barbara  CA ,27,27,9083,0,0,0,0,0,0,0,0,0,27,27,9083,0,0,0,0,0,0,0,0,0
201802,999,42540, ,Scranton--Wilkes-Barre--Hazleton  PA ,1,1,239,0,0,0,3,12,200,0,0,0,1,1,239,0,0,0,3,12,200,0,0,0
201802,999,43100, ,Sheboygan  WI ,1,1,254,0,0,0,0,0,0,0,0,0,0,0,0,0,0,0,0,0,0,0,0,0
201802,999,43340, ,Shreveport-Bossier City  LA ,74,74,16456,0,0,0,0,0,0,0,0,0,69,69,15309,0,0,0,0,0,0,0,0,0
201802,999,43420, ,Sierra Vista-Douglas  AZ ,17,17,3180,0,0,0,0,0,0,0,0,0,17,17,3180,0,0,0,0,0,0,0,0,0
201802,999,43620, ,Sioux Falls  SD ,42,42,8433,0,0,0,0,0,0,3,74,7678,42,42,8433,0,0,0,0,0,0,3,74,7678
201802,999,44940,C,Sumter  SC ,21,21,3071,0,0,0,0,0,0,0,0,0,0,0,0,0,0,0,0,0,0,0,0,0
201802,999,45300,C,Tampa-St. Petersburg-Clearwater  FL ,918,918,267522,0,0,0,0,0,0,8,373,34675,913,913,266397,0,0,0,0,0,0,8,373,34675
201802,999,45460, ,Terre Haute  IN ,1,1,133,0,0,0,0,0,0,1,12,757,0,0,0,0,0,0,0,0,0,0,0,0
201802,999,45500, ,Texarkana  TX-AR ,2,2,410,0,0,0,0,0,0,0,0,0,2,2,410,0,0,0,0,0,0,0,0,0
201802,999,45820, ,Topeka  KS ,18,18,4054,0,0,0,0,0,0,0,0,0,18,18,4054,0,0,0,0,0,0,0,0,0
201802,999,46220, ,Tuscaloosa  AL ,61,61,15161,0,0,0,1,3,633,0,0,0,61,61,15161,0,0,0,1,3,633,0,0,0
201802,999,46300, ,Twin Falls  ID ,24,24,5369,6,12,1440,0,0,0,0,0,0,24,24,5369,6,12,1440,0,0,0,0,0,0
201802,999,46520,C,Urban Honolulu  HI ,44,44,16420,0,0,0,0,0,0,1,485,105200,44,44,16420,0,0,0,0,0,0,1,485,105200
201802,999,46540, ,Utica-Rome  NY ,0,0,0,0,0,0,0,0,0,0,0,0,0,0,0,0,0,0,0,0,0,0,0,0
201802,999,46660, ,Valdosta  GA ,66,66,11583,0,0,0,0,0,0,0,0,0,26,26,4876,0,0,0,0,0,0,0,0,0
201802,999,47380, ,Waco  TX ,54,54,11780,0,0,0,0,0,0,0,0,0,54,54,11780,0,0,0,0,0,0,0,0,0
201802,999,47460, ,Walla Walla  WA ,18,18,4181,0,0,0,0,0,0,0,0,0,17,17,4081,0,0,0,0,0,0,0,0,0
201802,999,47940, ,Waterloo-Cedar Falls  IA ,6,6,1474,0,0,0,0,0,0,0,0,0,6,6,1474,0,0,0,0,0,0,0,0,0
201802,999,48060, ,Watertown-Fort Drum  NY ,2,2,318,0,0,0,0,0,0,0,0,0,2,2,318,0,0,0,0,0,0,0,0,0
201802,999,48300, ,Wenatchee  WA ,31,31,7203,0,0,0,0,0,0,0,0,0,31,31,7203,0,0,0,0,0,0,0,0,0
201802,999,48540, ,Wheeling  WV-OH ,0,0,0,0,0,0,0,0,0,0,0,0,0,0,0,0,0,0,0,0,0,0,0,0
201802,999,48660, ,Wichita Falls  TX ,0,0,0,0,0,0,0,0,0,0,0,0,0,0,0,0,0,0,0,0,0,0,0,0
201802,999,48900, ,Wilmington  NC ,104,104,28527,0,0,0,0,0,0,2,67,6606,0,0,0,0,0,0,0,0,0,0,0,0
201802,999,49420, ,Yakima  WA ,31,31,7873,0,0,0,0,0,0,0,0,0,15,15,3114,0,0,0,0,0,0,0,0,0
201802,999,49740, ,Yuma  AZ ,71,71,11854,0,0,0,0,0,0,0,0,0,71,71,11854,0,0,0,0,0,0,0,0,0
