Survey,MSA/,PMSA,,MA,,1-unit,,,2-units,,,3-4 units,,,5+ units,,,1-unit rep,,,2-units rep,,,3-4 units rep,,,5+ units rep
Date,CMSA,,,Name,Bldgs,Units,Value,Bldgs,Units,Value,Bldgs,Units,Value,Bldgs,Units,Value,Bldgs,Units,Value,Bldgs,Units,Value,Bldgs,Units,Value,Bldgs,Units,Value

9111,0040,9999, ,Abilene TX MSA,8,8,871,0,0,0,0,0,0,0,0,0,8,8,871,0,0,0,0,0,0,0,0,0
9111,0120,9999, ,Albany GA MSA,8,8,593,0,0,0,1,4,50,0,0,0,8,8,593,0,0,0,1,4,50,0,0,0
9111,0160,9999, ,Albany-Schenectady-Troy NY MSA,186,186,19354,3,6,237,0,0,0,2,11,145,158,158,17348,3,6,237,0,0,0,0,0,0
9111,0200,9999, ,Albuquerque NM MSA,117,117,10400,1,2,76,0,0,0,0,0,0,117,117,10400,1,2,76,0,0,0,0,0,0
9111,0220,9999, ,Alexandria LA MSA,2,2,125,0,0,0,0,0,0,0,0,0,1,1,73,0,0,0,0,0,0,0,0,0
9111,0240,9999, ,Allentown-Bethlehem-Easton PA-NJ MSA,156,156,15587,2,4,205,4,16,915,2,21,442,127,127,13297,2,4,205,4,16,915,1,16,383
9111,0280,9999, ,Altoona PA MSA,11,11,860,0,0,0,0,0,0,0,0,0,4,4,200,0,0,0,0,0,0,0,0,0
9111,0320,9999, ,Amarillo TX MSA,13,13,1408,0,0,0,0,0,0,0,0,0,13,13,1408,0,0,0,0,0,0,0,0,0
9111,0380,9999, ,Anchorage AK MSA,16,16,2199,0,0,0,0,0,0,0,0,0,16,16,2199,0,0,0,0,0,0,0,0,0
9111,0400,9999, ,Anderson IN MSA,9,9,683,0,0,0,0,0,0,0,0,0,9,9,683,0,0,0,0,0,0,0,0,0
9111,0405,9999, ,Anderson SC MSA,34,34,2233,0,0,0,1,4,100,1,8,192,34,34,2233,0,0,0,1,4,100,1,8,192
9111,0450,9999, ,Anniston AL MSA,6,6,424,0,0,0,0,0,0,0,0,0,2,2,170,0,0,0,0,0,0,0,0,0
9111,0460,9999, ,Appleton-Oshkosh-Neenah WI MSA,59,59,5892,4,8,289,0,0,0,5,34,622,15,15,1837,0,0,0,0,0,0,0,0,0
9111,0480,9999, ,Asheville NC MSA,52,52,4245,0,0,0,0,0,0,5,38,476,52,52,4245,0,0,0,0,0,0,5,38,476
9111,0500,9999, ,Athens GA MSA,30,30,2343,7,14,437,1,4,108,0,0,0,30,30,2343,7,14,437,1,4,108,0,0,0
9111,0520,9999, ,Atlanta GA MSA,1499,1499,127899,2,4,123,0,0,0,33,521,23297,1462,1462,125863,1,2,81,0,0,0,33,521,23297
9111,0560,9999, ,Atlantic City NJ MSA,60,60,5351,7,14,1133,1,4,127,0,0,0,53,53,4503,6,12,739,1,4,127,0,0,0
9111,0600,9999, ,Augusta GA-SC MSA,172,172,14175,0,0,0,0,0,0,1,25,336,171,171,14119,0,0,0,0,0,0,1,25,336
9111,0640,9999, ,Austin TX MSA,245,245,22053,1,2,50,0,0,0,0,0,0,244,244,21989,1,2,50,0,0,0,0,0,0
9111,0680,9999, ,Bakersfield CA MSA,267,267,25054,2,4,227,5,16,982,0,0,0,147,147,14232,1,2,104,5,16,982,0,0,0
9111,0720,9999, ,Baltimore MD MSA,644,644,53293,0,0,0,0,0,0,19,302,10896,640,640,52964,0,0,0,0,0,0,19,302,10896
9111,0730,9999, ,Bangor ME MSA,16,16,1087,0,0,0,0,0,0,1,5,90,14,14,908,0,0,0,0,0,0,1,5,90
9111,0760,9999, ,Baton Rouge LA MSA,84,84,7137,0,0,0,0,0,0,0,0,0,82,82,6924,0,0,0,0,0,0,0,0,0
9111,0780,9999, ,Battle Creek MI MSA,3,3,153,0,0,0,0,0,0,1,53,902,3,3,153,0,0,0,0,0,0,1,53,902
9111,0840,9999, ,Beaumont-Port Arthur TX MSA,9,9,748,0,0,0,0,0,0,0,0,0,9,9,748,0,0,0,0,0,0,0,0,0
9111,0860,9999, ,Bellingham WA MSA,20,20,1806,1,2,100,2,8,378,7,58,3243,7,7,680,0,0,0,1,4,220,6,48,2803
9111,0870,9999, ,Benton Harbor MI MSA,3,3,167,0,0,0,0,0,0,0,0,0,3,3,167,0,0,0,0,0,0,0,0,0
9111,0880,9999, ,Billings MT MSA,19,19,1876,0,0,0,0,0,0,0,0,0,18,18,1821,0,0,0,0,0,0,0,0,0
9111,0920,9999, ,Biloxi-Gulfport MS MSA,29,29,2210,1,2,33,0,0,0,0,0,0,26,26,2108,1,2,33,0,0,0,0,0,0
9111,0960,9999, ,Binghamton NY MSA,14,14,1429,0,0,0,0,0,0,0,0,0,14,14,1429,0,0,0,0,0,0,0,0,0
9111,1000,9999, ,Birmingham AL MSA,196,196,21974,0,0,0,0,0,0,11,179,5105,168,168,19871,0,0,0,0,0,0,10,174,4970
9111,1010,9999, ,Bismarck ND MSA,13,13,1087,0,0,0,0,0,0,1,24,750,13,13,1087,0,0,0,0,0,0,1,24,750
9111,1020,9999, ,Bloomington IN MSA,36,36,3948,3,6,240,0,0,0,0,0,0,36,36,3948,3,6,240,0,0,0,0,0,0
9111,1040,9999, ,Bloomington-Normal IL MSA,56,56,4055,2,4,196,0,0,0,1,12,290,56,56,4055,2,4,196,0,0,0,1,12,290
9111,1080,9999, ,Boise City ID MSA,153,153,14114,0,0,0,0,0,0,0,0,0,153,153,14114,0,0,0,0,0,0,0,0,0
9111,1122,1120, ,Boston MA PMSA,326,326,39816,6,12,800,0,0,0,7,38,1792,255,255,32222,3,6,303,0,0,0,3,18,940
9111,1122,1200, ,Brockton MA PMSA,30,30,2516,1,2,130,0,0,0,0,0,0,28,28,2302,1,2,130,0,0,0,0,0,0
9111,1122,4160, ,Lawrence-Haverhill MA-NH PMSA,94,94,9970,1,2,80,0,0,0,1,5,31,70,70,7395,0,0,0,0,0,0,0,0,0
9111,1122,4560, ,Lowell MA-NH PMSA,40,40,4695,0,0,0,0,0,0,0,0,0,19,19,1485,0,0,0,0,0,0,0,0,0
9111,1122,5350, ,Nashua NH PMSA,47,47,4319,0,0,0,0,0,0,0,0,48,35,35,3396,0,0,0,0,0,0,0,0,48
9111,1122,7090, ,Salem-Gloucester MA PMSA,36,36,4043,1,2,80,0,0,0,0,0,0,31,31,3144,1,2,80,0,0,0,0,0,0
9111,1140,9999, ,Bradenton FL MSA,70,70,3827,2,4,103,0,0,0,0,0,0,70,70,3827,2,4,103,0,0,0,0,0,0
9111,1150,9999, ,Bremerton WA MSA,97,97,4852,0,0,0,0,0,0,0,0,0,97,97,4852,0,0,0,0,0,0,0,0,0
9111,1240,9999, ,Brownsville-Harlingen TX MSA,38,38,1644,1,2,49,0,0,0,1,12,276,38,38,1644,1,2,49,0,0,0,1,12,276
9111,1260,9999, ,Bryan-College Station TX MSA,22,22,2116,0,0,0,0,0,0,0,0,0,22,22,2116,0,0,0,0,0,0,0,0,0
9111,1282,1280, ,Buffalo NY PMSA,93,93,10858,5,10,411,1,3,90,2,13,542,64,64,7520,4,8,320,0,0,0,1,8,250
9111,1282,5700, ,Niagara Falls NY PMSA,39,39,3633,1,2,85,1,4,140,1,10,200,30,30,2878,1,2,85,1,4,140,1,10,200
9111,1300,9999, ,Burlington NC MSA,25,25,2168,0,0,0,0,0,0,0,0,0,25,25,2168,0,0,0,0,0,0,0,0,0
9111,1305,9999, ,Burlington VT MSA,31,31,3385,1,2,137,0,0,0,0,0,0,17,17,1812,0,0,0,0,0,0,0,0,0
9111,1320,9999, ,Canton OH MSA,55,55,7095,1,2,150,1,4,220,1,36,1200,54,54,6992,1,2,150,1,4,220,1,36,1200
9111,1350,9999, ,Casper WY MSA,4,4,565,0,0,0,0,0,0,0,0,0,4,4,565,0,0,0,0,0,0,0,0,0
9111,1360,9999, ,Cedar Rapids IA MSA,36,36,2939,2,4,185,0,0,0,0,0,0,28,28,2112,2,4,185,0,0,0,0,0,0
9111,1400,9999, ,Champaign-Urbana-Rantoul IL MSA,8,8,589,0,0,0,0,0,0,0,0,0,8,8,589,0,0,0,0,0,0,0,0,0
9111,1440,9999, ,Charleston SC MSA,148,148,13183,1,2,160,0,0,0,0,0,0,148,148,13183,1,2,160,0,0,0,0,0,0
9111,1480,9999, ,Charleston WV MSA,10,10,876,0,0,0,0,0,0,0,0,0,9,9,835,0,0,0,0,0,0,0,0,0
9111,1520,9999, ,Charlotte-Gastonia-Rock Hill NC-SC MSA,530,530,46310,7,14,467,2,8,119,2,16,360,530,530,46310,7,14,467,2,8,119,2,16,360
9111,1540,9999, ,Charlottesville VA MSA,36,36,3726,4,8,360,1,4,200,0,0,0,36,36,3726,4,8,360,1,4,200,0,0,0
9111,1560,9999, ,Chattanooga TN-GA MSA,78,78,5647,3,6,218,1,3,60,0,0,0,68,68,5221,3,6,218,0,0,0,0,0,0
9111,1580,9999, ,Cheyenne WY MSA,10,10,1009,0,0,0,0,0,0,0,0,0,10,10,1009,0,0,0,0,0,0,0,0,0
9111,1602,0620, ,Aurora-Elgin IL PMSA,219,219,25348,2,4,275,0,0,0,2,13,542,208,208,24033,2,4,275,0,0,0,1,8,400
9111,1602,1600, ,Chicago IL PMSA,643,643,82355,10,20,1083,7,21,982,16,187,8191,604,604,78029,10,20,1083,5,15,695,12,166,7304
9111,1602,2960, ,Gary-Hammond IN PMSA,115,115,12529,3,6,245,2,8,613,1,6,537,88,88,10237,3,6,245,2,8,613,1,6,537
9111,1602,3690, ,Joliet IL PMSA,198,198,19842,4,8,588,9,35,2190,1,12,510,189,189,19027,3,6,460,9,35,2190,1,12,510
9111,1602,3800, ,Kenosha WI PMSA,55,55,5011,0,0,0,0,0,0,5,48,2512,53,53,4890,0,0,0,0,0,0,5,48,2512
9111,1602,3965, ,Lake County IL PMSA,260,260,35094,4,8,482,0,0,0,8,144,2941,252,252,33074,4,8,482,0,0,0,7,135,2712
9111,1620,9999, ,Chico CA MSA,35,35,3980,1,2,101,2,8,345,2,11,490,19,19,2347,0,0,0,0,0,0,0,0,0
9111,1642,1640, ,Cincinnati OH-KY-IN PMSA,368,368,37746,4,8,278,1,3,100,8,129,3662,333,333,35363,3,6,233,1,3,100,7,124,3562
9111,1642,3200, ,Hamilton-Middletown OH PMSA,82,82,5437,1,2,60,2,8,188,3,19,853,17,17,1613,0,0,0,2,8,188,2,11,612
9111,1660,9999, ,Clarksville-Hopkinsville TN-KY MSA,110,110,5586,0,0,0,0,0,0,1,8,170,110,110,5586,0,0,0,0,0,0,1,8,170
9111,1692,0080, ,Akron OH PMSA,133,133,16631,2,4,205,2,8,389,0,0,40,133,133,16631,2,4,205,2,8,389,0,0,40
9111,1692,1680, ,Cleveland OH PMSA,265,265,37120,5,10,588,1,4,200,18,293,12945,212,212,32827,2,4,252,1,4,200,16,260,12061
9111,1692,4440, ,Lorain-Elyria OH PMSA,43,43,5584,2,4,183,1,4,400,2,16,320,30,30,4347,2,4,183,1,4,400,2,16,320
9111,1720,9999, ,Colorado Springs CO MSA,92,92,7639,0,0,0,0,0,0,0,0,0,92,92,7639,0,0,0,0,0,0,0,0,0
9111,1740,9999, ,Columbia MO MSA,34,34,2938,3,6,230,0,0,0,0,0,0,34,34,2938,3,6,230,0,0,0,0,0,0
9111,1760,9999, ,Columbia SC MSA,185,185,12421,0,0,0,0,0,0,11,152,4465,182,182,12276,0,0,0,0,0,0,11,152,4465
9111,1800,9999, ,Columbus GA-AL MSA,51,51,3106,1,2,69,2,8,194,1,16,267,51,51,3106,1,2,69,2,8,194,1,16,267
9111,1840,9999, ,Columbus OH MSA,413,413,44523,2,4,187,8,32,673,21,211,4983,226,226,29692,0,0,0,2,8,179,10,66,1400
9111,1880,9999, ,Corpus Christi TX MSA,36,36,3107,0,0,0,0,0,0,0,0,0,36,36,3107,0,0,0,0,0,0,0,0,0
9111,1900,9999, ,Cumberland MD-WV MSA,12,12,809,0,0,0,0,0,0,0,0,0,12,12,809,0,0,0,0,0,0,0,0,0
9111,1922,1920, ,Dallas TX PMSA,780,780,87183,0,0,0,0,0,0,28,698,13567,765,765,84715,0,0,0,0,0,0,28,698,13567
9111,1922,2800, ,Fort Worth-Arlington TX PMSA,281,281,31916,0,0,0,0,0,0,3,60,2085,220,220,21244,0,0,0,0,0,0,3,60,2085
9111,1950,9999, ,Danville VA MSA,19,19,1224,0,0,0,0,0,0,5,39,1119,19,19,1224,0,0,0,0,0,0,5,39,1119
9111,1960,9999, ,Davenport-Rock Island-Moline IA-IL MSA,58,58,6124,0,0,0,2,6,288,2,12,372,55,55,5904,0,0,0,2,6,288,2,12,372
9111,2000,9999, ,Dayton-Springfield OH MSA,156,156,14995,1,2,80,2,7,430,5,28,815,153,153,14711,1,2,80,2,7,430,5,28,815
9111,2020,9999, ,Daytona Beach FL MSA,203,203,17192,0,0,0,0,0,0,2,33,2930,203,203,17192,0,0,0,0,0,0,2,33,2930
9111,2030,9999, ,Decatur Al MSA,25,25,1808,0,0,0,1,3,79,1,5,94,0,0,0,0,0,0,0,0,0,0,0,0
9111,2040,9999, ,Decatur IL MSA,7,7,817,0,0,0,0,0,0,0,0,0,7,7,817,0,0,0,0,0,0,0,0,0
9111,2082,1125, ,Boulder-Longmont CO PMSA,78,78,8838,0,0,0,0,0,0,1,12,380,78,78,8838,0,0,0,0,0,0,1,12,380
9111,2082,2080, ,Denver CO PMSA,469,469,59442,0,0,0,0,0,0,6,45,1413,454,454,57370,0,0,0,0,0,0,6,45,1413
9111,2120,9999, ,Des Moines IA MSA,92,92,10447,2,4,279,0,0,0,2,23,800,65,65,7830,2,4,279,0,0,0,0,0,0
9111,2162,0440, ,Ann Arbor MI PMSA,64,64,7928,1,2,80,1,4,270,1,14,313,52,52,7099,1,2,80,1,4,270,0,0,0
9111,2162,2160, ,Detroit MI PMSA,747,747,70570,2,4,158,3,11,850,26,652,24134,653,653,62531,1,2,100,2,8,732,22,623,23318
9111,2180,9999, ,Dothan AL MSA,27,27,1548,0,0,0,0,0,0,3,16,400,27,27,1548,0,0,0,0,0,0,3,16,400
9111,2200,9999, ,Dubuque IA MSA,14,14,1041,0,0,0,0,0,0,0,0,0,13,13,949,0,0,0,0,0,0,0,0,0
9111,2240,9999, ,Duluth MN-WI MSA,29,29,1971,2,4,164,0,0,0,0,0,0,25,25,1667,1,2,86,0,0,0,0,0,0
9111,2290,9999, ,Eau Claire WI MSA,27,27,2590,0,0,0,1,4,140,0,0,0,20,20,1980,0,0,0,1,4,140,0,0,0
9111,2320,9999, ,El Paso TX MSA,129,129,7599,0,0,0,0,0,0,18,232,5153,129,129,7599,0,0,0,0,0,0,18,232,5153
9111,2330,9999, ,Elkhart-Goshen IN MSA,37,37,3001,0,0,0,0,0,0,1,5,50,2,2,190,0,0,0,0,0,0,0,0,0
9111,2335,9999, ,Elmira NY MSA,1,1,112,0,0,0,0,0,0,0,0,0,0,0,0,0,0,0,0,0,0,0,0,0
9111,2340,9999, ,Enid OK MSA,2,2,200,0,0,0,0,0,0,0,0,0,2,2,200,0,0,0,0,0,0,0,0,0
9111,2360,9999, ,Erie PA MSA,28,28,2612,0,0,0,0,0,0,1,5,70,28,28,2612,0,0,0,0,0,0,1,5,70
9111,2400,9999, ,Eugene-Springfield OR MSA,53,53,5365,1,2,96,1,3,222,0,0,0,53,53,5365,1,2,96,1,3,222,0,0,0
9111,2440,9999, ,Evansville IN-KY MSA,45,45,3616,0,0,0,0,0,0,0,0,0,45,45,3616,0,0,0,0,0,0,0,0,0
9111,2520,9999, ,Fargo-Moorhead ND-MN MSA,24,24,2384,0,0,0,0,0,0,0,0,0,23,23,2315,0,0,0,0,0,0,0,0,0
9111,2560,9999, ,Fayetteville NC MSA,95,95,7017,0,0,0,0,0,0,4,48,2245,95,95,7017,0,0,0,0,0,0,4,48,2245
9111,2580,9999, ,Fayetteville-Springdale AR MSA,36,36,2378,8,16,440,0,0,0,8,85,1417,36,36,2378,8,16,440,0,0,0,8,85,1417
9111,2600,9999, ,Fitchburg-Leominster MA MSA,6,6,451,0,0,0,0,0,0,1,7,147,1,1,52,0,0,0,0,0,0,0,0,0
9111,2640,9999, ,Flint MI MSA,44,44,4162,1,2,120,0,0,0,0,0,0,38,38,3522,0,0,0,0,0,0,0,0,0
9111,2650,9999, ,Florence AL MSA,12,12,686,0,0,0,0,0,0,0,0,0,12,12,686,0,0,0,0,0,0,0,0,0
9111,2655,9999, ,Florence SC MSA,28,28,2009,1,2,54,1,3,72,1,5,149,5,5,202,0,0,0,0,0,0,0,0,0
9111,2670,9999, ,Fort Collins-Loveland CO MSA,83,83,6980,0,0,0,2,8,435,4,40,1313,75,75,6453,0,0,0,2,8,435,4,40,1313
9111,2700,9999, ,Fort Myers-Cape Coral FL MSA,206,206,17866,10,20,928,1,4,255,5,49,2172,57,57,3654,6,12,444,0,0,0,2,12,250
9111,2710,9999, ,Fort Pierce FL MSA,131,131,13970,2,4,80,6,22,1103,1,8,240,131,131,13970,2,4,80,6,22,1103,1,8,240
9111,2720,9999, ,Fort Smith AR-OK MSA,19,19,1683,1,2,60,0,0,0,0,0,0,19,19,1683,1,2,60,0,0,0,0,0,0
9111,2750,9999, ,Fort Walton Beach FL MSA,71,71,4596,0,0,0,0,0,0,1,88,9300,71,71,4596,0,0,0,0,0,0,1,88,9300
9111,2760,9999, ,Fort Wayne IN MSA,119,119,13353,1,2,93,0,0,0,1,24,480,119,119,13353,1,2,93,0,0,0,1,24,480
9111,2840,9999, ,Fresno CA MSA,210,210,19622,1,2,81,2,7,180,1,5,100,210,210,19622,1,2,81,2,7,180,1,5,100
9111,2880,9999, ,Gadsden AL MSA,2,2,113,0,0,0,0,0,0,0,0,0,0,0,0,0,0,0,0,0,0,0,0,0
9111,2900,9999, ,Gainesville FL MSA,69,69,3988,0,0,0,0,0,0,1,7,213,21,21,1047,0,0,0,0,0,0,0,0,0
9111,2975,9999, ,Glens Falls NY MSA,21,21,2205,0,0,0,0,0,0,0,0,0,21,21,2205,0,0,0,0,0,0,0,0,0
9111,2985,9999, ,Grand Forks ND MSA,1,1,81,0,0,0,0,0,0,0,0,0,1,1,81,0,0,0,0,0,0,0,0,0
9111,3000,9999, ,Grand Rapids MI MSA,160,160,16917,1,2,60,0,0,0,2,39,2259,141,141,15625,1,2,60,0,0,0,1,24,1800
9111,3040,9999, ,Great Falls MT MSA,9,9,938,0,0,0,0,0,0,0,0,0,9,9,938,0,0,0,0,0,0,0,0,0
9111,3060,9999, ,Greeley CO MSA,12,12,1034,0,0,0,0,0,0,0,0,0,5,5,491,0,0,0,0,0,0,0,0,0
9111,3080,9999, ,Green Bay WI MSA,28,28,3182,6,12,643,0,0,0,10,122,2497,28,28,3182,6,12,643,0,0,0,10,122,2497
9111,3120,9999, ,Greensboro--Winston-Salem--High Point NC MSA,343,343,26509,4,8,204,0,0,0,10,79,2687,315,315,24586,4,8,204,0,0,0,10,79,2687
9111,3160,9999, ,Greenville-Spartanburg SC MSA,186,186,13951,1,2,93,0,0,0,2,11,496,183,183,13706,1,2,93,0,0,0,1,6,315
9111,3180,9999, ,Hagerstown MD MSA,30,30,2640,1,2,64,0,0,0,0,0,0,30,30,2640,1,2,64,0,0,0,0,0,0
9111,3240,9999, ,Harrisburg-Lebanon-Carlisle PA MSA,106,106,9672,3,6,540,1,3,168,0,0,0,87,87,8367,3,6,540,0,0,0,0,0,0
9111,3282,1170, ,Bristol CT PMSA,11,11,1051,0,0,0,0,0,0,0,0,0,11,11,1051,0,0,0,0,0,0,0,0,0
9111,3282,3280, ,Hartford CT PMSA,134,134,12779,0,0,0,1,4,72,0,0,0,131,131,12519,0,0,0,1,4,72,0,0,0
9111,3282,5020, ,Middletown CT PMSA,19,19,1260,2,4,244,0,0,0,0,0,0,19,19,1260,2,4,244,0,0,0,0,0,0
9111,3282,5440, ,New Britain CT PMSA,16,16,974,0,0,0,0,0,0,0,0,0,15,15,893,0,0,0,0,0,0,0,0,0
9111,3290,9999, ,Hickory-Morganton NC MSA,50,50,4103,0,0,0,3,12,260,0,0,0,50,50,4103,0,0,0,3,12,260,0,0,0
9111,3320,9999, ,Honolulu HI MSA,71,71,10916,0,0,0,0,0,0,7,104,5200,71,71,10916,0,0,0,0,0,0,7,104,5200
9111,3350,9999, ,Houma-Thibodaux LA MSA,34,34,2270,0,0,0,0,0,0,0,0,0,34,34,2270,0,0,0,0,0,0,0,0,0
9111,3362,1145, ,Brazoria TX PMSA,68,68,5733,0,0,0,0,0,0,0,0,0,41,41,3404,0,0,0,0,0,0,0,0,0
9111,3362,2920, ,Galveston-Texas City TX PMSA,95,95,10166,0,0,0,0,0,0,0,0,0,79,79,7788,0,0,0,0,0,0,0,0,0
9111,3362,3360, ,Houston TX PMSA,605,605,58998,2,4,130,0,0,0,1,12,328,595,595,57517,2,4,130,0,0,0,0,0,0
9111,3400,9999, ,Huntington-Ashland WV-KY-OH MSA,8,8,572,1,2,25,0,0,0,0,0,0,7,7,455,1,2,25,0,0,0,0,0,0
9111,3440,9999, ,Huntsville AL MSA,73,73,2364,0,0,0,0,0,0,0,0,0,73,73,2364,0,0,0,0,0,0,0,0,0
9111,3480,9999, ,Indianapolis IN MSA,445,445,48453,8,16,746,2,8,220,3,69,907,403,403,44438,7,14,646,2,8,220,2,55,425
9111,3500,9999, ,Iowa City IA MSA,18,18,2160,0,0,0,0,0,0,4,30,868,18,18,2160,0,0,0,0,0,0,4,30,868
9111,3520,9999, ,Jackson MI MSA,19,19,1606,0,0,0,0,0,0,0,0,0,15,15,1360,0,0,0,0,0,0,0,0,0
9111,3560,9999, ,Jackson MS MSA,91,91,6267,0,0,0,0,0,0,0,0,0,91,91,6267,0,0,0,0,0,0,0,0,0
9111,3580,9999, ,Jackson TN MSA,27,27,2597,0,0,0,0,0,0,0,0,0,27,27,2597,0,0,0,0,0,0,0,0,0
9111,3600,9999, ,Jacksonville FL MSA,338,338,32060,3,6,285,0,0,0,23,184,6638,338,338,32060,3,6,285,0,0,0,23,184,6638
9111,3605,9999, ,Jacksonville NC MSA,51,51,2264,0,0,0,0,0,0,0,0,0,51,51,2264,0,0,0,0,0,0,0,0,0
9111,3610,9999, ,Jamestown-Durkirk NY MSA,2,2,90,0,0,0,0,0,0,0,0,0,2,2,90,0,0,0,0,0,0,0,0,0
9111,3620,9999, ,Janesville-Beloit WI MSA,14,14,1051,2,4,210,0,0,0,1,9,261,2,2,89,0,0,0,0,0,0,0,0,0
9111,3660,9999, ,Johnson City-Kingsport-Bristol TN-VA MSA,53,53,3211,0,0,0,3,12,270,0,0,0,43,43,2268,0,0,0,3,12,270,0,0,0
9111,3680,9999, ,Johnstown PA MSA,2,2,102,0,0,0,0,0,0,0,0,0,2,2,102,0,0,0,0,0,0,0,0,0
9111,3710,9999, ,Joplin MO MSA,6,6,378,0,0,0,0,0,0,0,0,0,6,6,378,0,0,0,0,0,0,0,0,0
9111,3720,9999, ,Kalamazoo MI MSA,28,28,4706,1,2,120,0,0,0,0,0,0,28,28,4706,1,2,120,0,0,0,0,0,0
9111,3740,9999, ,Kankakee IL MSA,11,11,1249,1,2,108,0,0,0,0,0,0,11,11,1249,1,2,108,0,0,0,0,0,0
9111,3760,9999, ,Kansas City MO-KS MSA,416,416,41156,16,32,1789,7,27,1069,0,0,0,384,384,38754,14,28,1595,6,24,1009,0,0,0
9111,3810,9999, ,Killeen-Temple TX MSA,40,40,3106,0,0,0,0,0,0,0,0,0,40,40,3106,0,0,0,0,0,0,0,0,0
9111,3840,9999, ,Knoxville TN MSA,276,276,16298,2,4,88,0,0,0,0,0,0,264,264,15648,2,4,88,0,0,0,0,0,0
9111,3850,9999, ,Kokomo IN MSA,10,10,1038,0,0,0,0,0,0,0,0,0,10,10,1038,0,0,0,0,0,0,0,0,0
9111,3870,9999, ,La Crosse WI MSA,10,10,1301,0,0,0,0,0,0,1,6,180,10,10,1301,0,0,0,0,0,0,1,6,180
9111,3880,9999, ,Lafayette LA MSA,41,41,3686,0,0,0,0,0,0,0,0,0,41,41,3686,0,0,0,0,0,0,0,0,0
9111,3920,9999, ,Lafayette-West Lafayette IN MSA,36,36,3591,0,0,0,0,0,0,0,0,0,36,36,3591,0,0,0,0,0,0,0,0,0
9111,3960,9999, ,Lake Charles LA MSA,31,31,1939,1,2,60,2,8,96,0,0,0,31,31,1939,1,2,60,2,8,96,0,0,0
9111,3980,9999, ,Lakeland-Winter Haven FL MSA,133,133,10538,2,4,162,0,0,0,0,0,0,133,133,10538,2,4,162,0,0,0,0,0,0
9111,4000,9999, ,Lancaster PA MSA,76,76,6425,1,2,85,1,4,160,5,43,1782,52,52,4702,1,2,85,1,4,160,3,32,1277
9111,4040,9999, ,Lansing-East Lansing MI MSA,91,91,6746,0,0,0,2,6,285,0,0,0,88,88,6547,0,0,0,2,6,285,0,0,0
9111,4080,9999, ,Laredo TX MSA,42,42,1874,0,0,0,0,0,0,1,10,176,0,0,0,0,0,0,0,0,0,0,0,0
9111,4100,9999, ,Las Cruces NM MSA,23,23,1613,0,0,0,0,0,0,1,5,128,0,0,0,0,0,0,0,0,0,0,0,0
9111,4120,9999, ,Las Vegas NV MSA,742,742,56486,1,2,91,0,0,0,8,288,5113,701,701,52140,0,0,0,0,0,0,8,288,5113
9111,4150,9999, ,Lawrence KS MSA,34,34,3426,4,8,403,2,6,244,0,0,0,34,34,3426,4,8,403,2,6,244,0,0,0
9111,4200,9999, ,Lawton OK MSA,11,11,730,0,0,0,0,0,0,0,0,0,11,11,730,0,0,0,0,0,0,0,0,0
9111,4240,9999, ,Lewiston-Auburn ME MSA,7,7,489,0,0,0,0,0,0,0,0,0,2,2,135,0,0,0,0,0,0,0,0,0
9111,4280,9999, ,Lexington-Fayette KY MSA,146,146,10340,0,0,0,0,0,0,0,0,0,136,136,9751,0,0,0,0,0,0,0,0,0
9111,4320,9999, ,Lima OH MSA,13,13,2113,0,0,0,0,0,0,0,0,0,13,13,2113,0,0,0,0,0,0,0,0,0
9111,4360,9999, ,Lincoln NE MSA,84,84,7256,6,12,460,0,0,0,0,0,0,84,84,7256,6,12,460,0,0,0,0,0,0
9111,4400,9999, ,Little Rock-North Little Rock AR MSA,81,81,7987,0,0,0,0,0,0,0,0,0,79,79,7892,0,0,0,0,0,0,0,0,0
9111,4420,9999, ,Longview-Marshall TX MSA,5,5,431,0,0,0,0,0,0,0,0,0,0,0,0,0,0,0,0,0,0,0,0,0
9111,4472,0360, ,Anaheim-Santa Ana CA PMSA,178,178,30370,2,4,430,9,34,2586,12,125,7246,178,178,30370,2,4,430,9,34,2586,12,125,7246
9111,4472,4480, ,Los Angeles-Long Beach CA PMSA,485,485,66495,14,28,2591,8,29,1778,28,340,19373,434,434,58942,13,26,2385,6,22,1386,24,319,18154
9111,4472,6000, ,Oxnard-Ventura CA PMSA,85,85,11841,0,0,0,1,3,277,0,0,0,85,85,11841,0,0,0,1,3,277,0,0,0
9111,4472,6780, ,Riverside-San Bernardino CA PMSA,1104,1104,127532,2,4,239,1,3,170,9,164,7201,1104,1104,127532,2,4,239,1,3,170,9,164,7201
9111,4520,9999, ,Louisville KY-IN MSA,216,216,21876,2,4,120,0,0,0,1,8,160,199,199,21008,2,4,120,0,0,0,1,8,160
9111,4600,9999, ,Lubbock TX MSA,25,25,2150,0,0,0,0,0,0,0,0,0,25,25,2150,0,0,0,0,0,0,0,0,0
9111,4640,9999, ,Lynchburg VA MSA,23,23,2024,0,0,0,0,0,0,0,0,0,23,23,2024,0,0,0,0,0,0,0,0,0
9111,4680,9999, ,Macon-Warner Robins GA MSA,68,68,4169,0,0,0,0,0,0,0,0,0,68,68,4169,0,0,0,0,0,0,0,0,0
9111,4720,9999, ,Madison WI MSA,130,130,13639,5,10,799,4,15,675,1,24,700,126,126,13292,5,10,799,3,12,600,1,24,700
9111,4760,9999, ,Manchester NH MSA,12,12,1664,1,2,88,0,0,0,0,0,0,9,9,1347,1,2,88,0,0,0,0,0,0
9111,4800,9999, ,Mansfield OH MSA,9,9,813,0,0,0,0,0,0,0,0,0,9,9,813,0,0,0,0,0,0,0,0,0
9111,4880,9999, ,McAllen-Edinburg-Mission TX MSA,63,63,3212,3,6,171,0,0,0,1,12,230,19,19,664,2,4,112,0,0,0,1,12,230
9111,4890,9999, ,Medford OR MSA,60,60,6017,1,2,108,2,7,297,0,0,0,52,52,5258,1,2,108,1,4,195,0,0,0
9111,4900,9999, ,Melbourne-Titusville-Palm Bay FL MSA,208,208,18983,0,0,0,0,0,0,2,22,1636,208,208,18983,0,0,0,0,0,0,2,22,1636
9111,4920,9999, ,Memphis TN-AR-MS MSA,279,279,25734,0,0,0,0,0,0,3,22,550,279,279,25734,0,0,0,0,0,0,3,22,550
9111,4940,9999, ,Merced CA MSA,51,51,4958,0,0,0,0,0,0,0,0,0,51,51,4958,0,0,0,0,0,0,0,0,0
9111,4992,2680, ,Fort Lauderdale-Hollywood-Pompano Beach FL PMSA,344,344,34652,2,4,154,1,3,124,4,67,3051,342,342,34488,1,2,70,0,0,0,4,67,3051
9111,4992,5000, ,Miami-Hialeah FL PMSA,294,294,26121,10,20,795,18,72,2911,1,42,1515,294,294,26121,10,20,795,18,72,2911,1,42,1515
9111,5040,9999, ,Midland TX MSA,12,12,1586,0,0,0,0,0,0,0,0,0,12,12,1586,0,0,0,0,0,0,0,0,0
9111,5082,5080, ,Milwaukee WI PMSA,232,232,28166,13,26,1612,2,8,213,14,196,6655,203,203,23918,11,22,1436,2,8,213,10,172,6005
9111,5082,6600, ,Racine WI PMSA,43,43,4077,0,0,0,0,0,0,1,8,358,20,20,1710,0,0,0,0,0,0,0,0,0
9111,5120,9999, ,Minneapolis-St. Paul MN-WI MSA,710,710,74698,2,4,281,4,15,1146,9,264,16823,682,682,72279,2,4,281,3,12,1027,7,254,16480
9111,5160,9999, ,Mobile AL MSA,33,33,2871,0,0,0,0,0,0,0,0,0,33,33,2871,0,0,0,0,0,0,0,0,0
9111,5170,9999, ,Modesto CA MSA,60,60,5973,1,2,105,1,3,204,0,0,0,60,60,5973,1,2,105,1,3,204,0,0,0
9111,5200,9999, ,Monroe LA MSA,18,18,1400,0,0,0,0,0,0,0,0,0,3,3,259,0,0,0,0,0,0,0,0,0
9111,5240,9999, ,Montgomery AL MSA,59,59,3923,0,0,0,0,0,0,0,0,0,59,59,3923,0,0,0,0,0,0,0,0,0
9111,5280,9999, ,Muncie IN MSA,18,18,1261,0,0,0,1,4,100,0,0,0,18,18,1261,0,0,0,1,4,100,0,0,0
9111,5320,9999, ,Muskegon MI MSA,15,15,1544,0,0,0,0,0,0,0,0,0,10,10,1288,0,0,0,0,0,0,0,0,0
9111,5345,9999, ,Naples FL MSA,125,125,12835,0,0,0,0,0,0,10,160,5581,125,125,12835,0,0,0,0,0,0,10,160,5581
9111,5360,9999, ,Nashville TN MSA,358,358,28359,2,4,219,2,8,160,10,106,2245,250,250,19268,0,0,0,2,8,160,9,88,1706
9111,5400,9999, ,New Bedford MA MSA,13,13,1228,1,2,81,0,0,0,0,0,0,0,0,0,0,0,0,0,0,0,0,0,0
9111,5480,9999, ,New Haven-Meriden CT MSA,85,85,7261,2,4,125,0,0,0,1,5,339,82,82,7019,2,4,125,0,0,0,1,5,339
9111,5520,9999, ,New London-Norwich CT-RI MSA,33,33,2523,0,0,15,0,0,0,0,0,0,31,31,2361,0,0,15,0,0,0,0,0,0
9111,5560,9999, ,New Orleans LA MSA,147,147,10923,1,2,87,0,0,0,0,0,0,105,105,7604,1,2,87,0,0,0,0,0,0
9111,5602,0875, ,Bergen-Passaic NJ PMSA,38,38,7289,8,16,825,0,0,0,0,0,0,30,30,6424,7,14,713,0,0,0,0,0,0
9111,5602,1160, ,Bridgeport-Milford CT PMSA,45,45,4513,1,2,74,0,0,0,0,0,0,45,45,4513,1,2,74,0,0,0,0,0,0
9111,5602,1930, ,Danbury CT PMSA,34,34,3714,1,2,145,0,0,0,0,0,0,34,34,3714,1,2,145,0,0,0,0,0,0
9111,5602,3640, ,Jersey City NJ PMSA,0,0,0,3,6,349,0,0,0,2,19,1349,0,0,0,1,2,188,0,0,0,0,0,0
9111,5602,5015, ,Middlesex-Somerset-Hunterdon NJ PMSA,262,262,25599,0,0,0,0,0,0,7,57,2770,244,244,23337,0,0,0,0,0,0,6,52,2521
9111,5602,5190, ,Monmouth-Ocean NJ PMSA,281,281,25079,1,2,100,0,0,0,4,44,2344,255,255,22519,1,2,100,0,0,0,4,44,2344
9111,5602,5380, ,Nassau-Suffolk NY PMSA,315,315,34618,0,0,0,0,0,0,0,0,0,302,302,32879,0,0,0,0,0,0,0,0,0
9111,5602,5600, ,New York NY PMSA,182,182,20507,58,116,6841,2,7,600,5,58,3757,170,170,18247,55,110,6384,2,7,600,5,58,3757
9111,5602,5640, ,Newark NJ PMSA,120,120,14894,9,18,1146,6,18,940,2,12,487,109,109,13111,9,18,1146,6,18,940,1,6,252
9111,5602,5760, ,Norwalk CT PMSA,10,10,2493,0,0,0,0,0,0,2,12,506,9,9,2273,0,0,0,0,0,0,2,12,506
9111,5602,5950, ,Orange County NY PMSA,57,57,4975,2,4,160,0,0,0,2,10,600,38,38,3490,1,2,90,0,0,0,2,10,600
9111,5602,8040, ,Stamford CT PMSA,14,14,3007,1,2,140,0,0,0,1,40,400,14,14,3007,1,2,140,0,0,0,1,40,400
9111,5720,9999, ,Norfolk-Virginia Beach-Newport News VA MSA,387,387,30106,4,8,279,1,4,65,18,257,9762,352,352,26968,3,6,243,1,4,65,17,252,9645
9111,5790,9999, ,Ocala FL MSA,139,139,4383,0,0,0,1,4,84,0,0,0,139,139,4383,0,0,0,1,4,84,0,0,0
9111,5800,9999, ,Odessa TX MSA,2,2,522,0,0,0,0,0,0,0,0,0,2,2,522,0,0,0,0,0,0,0,0,0
9111,5880,9999, ,Oklahoma City OK MSA,197,197,15588,0,0,0,1,4,162,0,0,0,197,197,15588,0,0,0,1,4,162,0,0,0
9111,5910,9999, ,Olympia WA MSA,76,76,7129,0,0,0,0,0,0,0,0,0,76,76,7129,0,0,0,0,0,0,0,0,0
9111,5920,9999, ,Omaha NE-IA MSA,140,140,9670,1,2,144,0,0,0,1,24,300,140,140,9670,1,2,144,0,0,0,1,24,300
9111,5960,9999, ,Orlando FL MSA,608,608,56587,2,4,162,0,0,0,15,269,11230,606,606,56395,2,4,162,0,0,0,15,269,11230
9111,5990,9999, ,Owensboro KY MSA,18,18,1005,0,0,0,0,0,0,0,0,0,7,7,389,0,0,0,0,0,0,0,0,0
9111,6015,9999, ,Panama City FL MSA,47,47,2378,0,0,0,0,0,0,0,0,0,47,47,2378,0,0,0,0,0,0,0,0,0
9111,6020,9999, ,Parkersburg-Marietta WV-OH MSA,8,8,579,0,0,0,0,0,0,0,0,0,3,3,130,0,0,0,0,0,0,0,0,0
9111,6025,9999, ,Pascagoula MS MSA,24,24,1206,0,0,0,0,0,0,0,0,0,22,22,993,0,0,0,0,0,0,0,0,0
9111,6080,9999, ,Pensacola FL MSA,160,160,12652,1,2,81,1,4,162,6,30,1082,160,160,12652,1,2,81,1,4,162,6,30,1082
9111,6120,9999, ,Peoria IL MSA,35,35,3571,0,0,0,0,0,0,0,0,0,20,20,2177,0,0,0,0,0,0,0,0,0
9111,6162,6160, ,Philadelphia PA-NJ PMSA,842,842,70975,6,12,614,1,4,300,3,22,455,629,629,52907,5,10,468,1,4,300,1,12,212
9111,6162,8480, ,Trenton NJ PMSA,38,38,3368,0,0,0,0,0,0,1,17,577,36,36,3097,0,0,0,0,0,0,0,0,0
9111,6162,8760, ,Vineland-Millville-Bridgeton NJ PMSA,13,13,1289,0,0,0,0,0,0,0,0,0,10,10,1128,0,0,0,0,0,0,0,0,0
9111,6162,9160, ,Wilmington DE-NJ-MD PMSA,191,191,12779,1,2,50,0,0,0,0,0,0,188,188,12574,1,2,50,0,0,0,0,0,0
9111,6200,9999, ,Phoenix AZ MSA,967,967,116570,0,0,0,2,8,1066,24,338,11829,967,967,116570,0,0,0,2,8,1066,24,338,11829
9111,6240,9999, ,Pine Bluff AR MSA,3,3,84,1,2,6,0,0,0,1,6,48,2,2,56,1,2,6,0,0,0,1,6,48
9111,6282,0845, ,Beaver County PA PMSA,15,15,1225,0,0,0,0,0,0,0,0,0,13,13,1023,0,0,0,0,0,0,0,0,0
9111,6282,6280, ,Pittsburgh PA PMSA,224,224,26061,2,4,125,0,0,0,5,61,2173,153,153,18957,1,2,70,0,0,0,3,42,1154
9111,6320,9999, ,Pittsfield MA MSA,5,5,333,0,0,0,0,0,0,0,0,0,5,5,333,0,0,0,0,0,0,0,0,0
9111,6400,9999, ,Portland ME MSA,59,59,6186,0,0,0,0,0,0,0,0,0,51,51,5224,0,0,0,0,0,0,0,0,0
9111,6442,6440, ,Portland OR PMSA,301,301,32458,0,0,0,17,68,2937,2,12,482,289,289,31458,0,0,0,17,68,2937,0,0,0
9111,6442,8725, ,Vancouver WA PMSA,169,169,17850,1,2,147,0,0,0,0,0,0,169,169,17850,1,2,147,0,0,0,0,0,0
9111,6450,9999, ,Portsmouth-Dover-Rochester NH-ME MSA,45,45,3684,0,0,0,1,3,308,0,0,0,23,23,1732,0,0,0,0,0,0,0,0,0
9111,6460,9999, ,Poughkeepsie NY MSA,19,19,2329,0,0,0,0,0,0,0,0,0,19,19,2329,0,0,0,0,0,0,0,0,0
9111,6482,2480, ,Fall River MA-RI PMSA,16,16,1412,0,0,0,0,0,0,0,0,0,10,10,574,0,0,0,0,0,0,0,0,0
9111,6482,6060, ,Pawtucket-Woonsocket-Attleboro RI-MA PMSA,55,55,5178,0,0,0,1,3,50,0,0,0,47,47,4649,0,0,0,0,0,0,0,0,0
9111,6482,6480, ,Providence RI PMSA,106,106,8721,7,14,391,0,0,0,0,0,0,84,84,7334,1,2,96,0,0,0,0,0,0
9111,6520,9999, ,Provo-Orem UT MSA,69,69,6278,2,4,319,0,0,0,3,23,1263,64,64,6119,2,4,319,0,0,0,3,23,1263
9111,6560,9999, ,Pueblo CO MSA,16,16,701,0,0,0,0,0,0,0,0,0,16,16,701,0,0,0,0,0,0,0,0,0
9111,6640,9999, ,Raleigh-Durham NC MSA,461,461,46768,1,2,73,2,7,187,7,56,1400,460,460,46679,1,2,73,2,7,187,7,56,1400
9111,6660,9999, ,Rapid City SD MSA,18,18,1124,0,0,0,0,0,0,0,0,0,18,18,1124,0,0,0,0,0,0,0,0,0
9111,6680,9999, ,Reading PA MSA,83,83,6458,0,0,0,1,4,160,0,0,0,83,83,6458,0,0,0,1,4,160,0,0,0
9111,6690,9999, ,Redding CA MSA,75,75,8180,2,4,234,2,8,502,0,0,0,75,75,8180,2,4,234,2,8,502,0,0,0
9111,6720,9999, ,Reno NV MSA,162,162,17211,0,0,0,1,4,153,2,18,809,70,70,7546,0,0,0,0,0,0,0,0,0
9111,6740,9999, ,Richland-Kennewick-Pasco WA MSA,38,38,4713,0,0,0,0,0,0,0,0,0,38,38,4713,0,0,0,0,0,0,0,0,0
9111,6760,9999, ,Richmond-Petersburg VA MSA,369,369,26888,0,0,0,0,0,0,0,0,0,369,369,26888,0,0,0,0,0,0,0,0,0
9111,6800,9999, ,Roanoke VA MSA,45,45,2783,1,2,41,1,3,73,0,0,0,36,36,2354,0,0,0,0,0,0,0,0,0
9111,6820,9999, ,Rochester MN MSA,41,41,4415,3,6,592,0,0,0,0,0,0,41,41,4415,3,6,592,0,0,0,0,0,0
9111,6840,9999, ,Rochester NY MSA,165,165,17922,2,4,189,0,0,0,0,0,0,128,128,13088,2,4,189,0,0,0,0,0,0
9111,6880,9999, ,Rockford IL MSA,63,63,5214,8,16,865,0,0,0,0,0,0,32,32,3412,7,14,770,0,0,0,0,0,0
9111,6920,9999, ,Sacramento CA MSA,473,473,57066,2,4,227,0,0,0,14,132,10731,473,473,57066,2,4,227,0,0,0,14,132,10731
9111,6960,9999, ,Saginaw-Bay City-Midland MI MSA,20,20,1956,1,2,100,0,0,0,0,0,0,18,18,1889,1,2,100,0,0,0,0,0,0
9111,6980,9999, ,St. Cloud MN MSA,37,37,2932,0,0,0,0,0,0,1,12,375,33,33,2655,0,0,0,0,0,0,0,0,0
9111,7000,9999, ,St. Joseph MO MSA,4,4,340,0,0,0,0,0,0,0,0,0,4,4,340,0,0,0,0,0,0,0,0,0
9111,7040,9999, ,St. Louis MO-IL MSA,437,437,36255,4,8,370,2,7,210,7,41,1505,378,378,31468,3,6,296,2,7,210,4,26,737
9111,7080,9999, ,Salem OR MSA,64,64,5169,3,6,263,0,0,0,1,9,170,35,35,2803,2,4,201,0,0,0,0,0,0
9111,7120,9999, ,Salinas-Seaside-Monterey CA MSA,38,38,5589,0,0,0,1,4,189,0,0,0,31,31,5108,0,0,0,1,4,189,0,0,0
9111,7160,9999, ,Salt Lake City-Ogden UT MSA,289,289,28017,0,0,0,1,4,146,0,0,0,271,271,26550,0,0,0,1,4,146,0,0,0
9111,7200,9999, ,San Angelo TX MSA,11,11,914,0,0,0,0,0,0,0,0,0,11,11,914,0,0,0,0,0,0,0,0,0
9111,7240,9999, ,San Antonio TX MSA,159,159,10911,0,0,0,0,0,0,0,0,0,156,156,10213,0,0,0,0,0,0,0,0,0
9111,7320,9999, ,San Diego CA MSA,171,171,25610,13,26,2031,3,12,1109,6,83,5723,171,171,25610,13,26,2031,3,12,1109,6,83,5723
9111,7362,5775, ,Oakland CA PMSA,215,215,37233,3,6,442,2,8,672,8,79,5450,203,203,35951,3,6,442,2,8,672,7,74,5020
9111,7362,7360, ,San Francisco CA PMSA,45,45,14028,8,16,1493,5,15,961,1,108,5939,44,44,13831,8,16,1493,5,15,961,1,108,5939
9111,7362,7400, ,San Jose CA PMSA,86,86,15338,4,8,742,0,0,0,11,88,4840,86,86,15338,4,8,742,0,0,0,11,88,4840
9111,7362,7485, ,Santa Cruz CA PMSA,24,24,3282,0,0,0,0,0,0,0,0,0,21,21,3029,0,0,0,0,0,0,0,0,0
9111,7362,7500, ,Santa Rosa-Petaluma CA PMSA,88,88,11171,1,2,136,0,0,0,0,0,0,88,88,11171,1,2,136,0,0,0,0,0,0
9111,7362,8720, ,Vallejo-Fairfield-Napa CA PMSA,94,94,14100,1,2,171,0,0,0,1,7,605,94,94,14100,1,2,171,0,0,0,1,7,605
9111,7480,9999, ,Santa Barbara-Santa Maria-Lompoc CA MSA,67,67,7347,0,0,0,1,3,150,2,24,1541,67,67,7347,0,0,0,1,3,150,2,24,1541
9111,7490,9999, ,Santa Fe NM MSA,15,15,1747,0,0,0,0,0,0,0,0,0,15,15,1747,0,0,0,0,0,0,0,0,0
9111,7510,9999, ,Sarasota FL MSA,127,127,12485,2,4,153,3,10,668,1,8,100,127,127,12485,2,4,153,3,10,668,1,8,100
9111,7520,9999, ,Savannah GA MSA,55,55,5011,0,0,0,0,0,0,0,0,0,55,55,5011,0,0,0,0,0,0,0,0,0
9111,7560,9999, ,Scranton--Wilkes-Barre PA MSA,136,136,11693,1,2,80,1,4,130,4,32,1141,95,95,8161,1,2,80,1,4,130,2,16,640
9111,7602,7600, ,Seattle WA PMSA,449,449,56333,4,8,640,5,18,984,13,186,10516,397,397,50493,3,6,543,5,18,984,10,171,9870
9111,7602,8200, ,Tacoma WA PMSA,221,221,17790,1,2,80,6,24,1537,0,0,0,216,216,17452,1,2,80,6,24,1537,0,0,0
9111,7610,9999, ,Sharon PA MSA,5,5,759,0,0,0,0,0,0,0,0,0,5,5,759,0,0,0,0,0,0,0,0,0
9111,7620,9999, ,Sheboygan WI MSA,2,2,170,0,0,0,1,4,110,0,0,0,2,2,170,0,0,0,1,4,110,0,0,0
9111,7640,9999, ,Sherman-Denison TX MSA,0,0,0,0,0,0,0,0,0,0,0,0,0,0,0,0,0,0,0,0,0,0,0,0
9111,7680,9999, ,Shreveport LA MSA,19,19,1703,0,0,0,0,0,0,0,0,0,14,14,980,0,0,0,0,0,0,0,0,0
9111,7720,9999, ,Sioux City IA-NE MSA,9,9,388,0,0,0,0,0,0,3,18,650,9,9,388,0,0,0,0,0,0,3,18,650
9111,7760,9999, ,Sioux Falls SD MSA,35,35,3215,1,2,81,0,0,0,0,0,0,35,35,3215,1,2,81,0,0,0,0,0,0
9111,7800,9999, ,South Bend-Mishawaka IN MSA,49,49,5148,0,0,0,0,0,0,1,24,507,44,44,4797,0,0,0,0,0,0,0,0,0
9111,7840,9999, ,Spokane WA MSA,108,108,10333,2,4,260,0,0,0,1,10,617,84,84,8151,1,2,155,0,0,0,0,0,0
9111,7880,9999, ,Springfield IL MSA,33,33,3690,3,6,269,0,0,0,5,40,875,33,33,3690,3,6,269,0,0,0,5,40,875
9111,7920,9999, ,Springfield MO MSA,63,63,3839,1,2,65,0,0,0,4,34,950,63,63,3839,1,2,65,0,0,0,4,34,950
9111,8000,9999, ,Springfield MA MSA,63,63,7063,8,16,772,0,0,0,0,0,0,53,53,6263,8,16,772,0,0,0,0,0,0
9111,8050,9999, ,State College PA MSA,28,28,3096,0,0,0,0,0,0,1,6,268,27,27,3040,0,0,0,0,0,0,1,6,268
9111,8080,9999, ,Steubenville-Weirton OH-WV MSA,1,1,63,0,0,0,0,0,0,0,0,0,1,1,63,0,0,0,0,0,0,0,0,0
9111,8120,9999, ,Stockton CA MSA,126,126,14715,0,0,0,3,11,534,6,48,1912,126,126,14715,0,0,0,3,11,534,6,48,1912
9111,8160,9999, ,Syracuse NY MSA,94,94,8727,0,0,0,1,4,320,3,22,482,73,73,6636,0,0,0,1,4,320,3,22,482
9111,8240,9999, ,Tallahassee FL MSA,92,92,6596,3,6,198,0,0,0,0,0,0,91,91,6516,3,6,198,0,0,0,0,0,0
9111,8280,9999, ,Tampa-St. Petersburg-Clearwater FL MSA,534,534,43552,11,22,1238,1,4,263,7,65,2577,533,533,43468,11,22,1238,1,4,263,7,65,2577
9111,8320,9999, ,Terre Haute IN MSA,14,14,1413,0,0,0,0,0,0,0,0,0,14,14,1413,0,0,0,0,0,0,0,0,0
9111,8360,9999, ,Texarkana TX-Texarkana AR MSA,11,11,744,0,0,0,0,0,0,0,0,0,11,11,744,0,0,0,0,0,0,0,0,0
9111,8400,9999, ,Toledo OH MSA,64,64,7041,2,4,293,0,0,0,0,0,0,63,63,6943,2,4,293,0,0,0,0,0,0
9111,8440,9999, ,Topeka KS MSA,27,27,2977,2,4,211,0,0,0,0,0,0,27,27,2977,2,4,211,0,0,0,0,0,0
9111,8520,9999, ,Tucson AZ MSA,217,217,21792,0,0,0,0,0,0,0,0,0,217,217,21792,0,0,0,0,0,0,0,0,0
9111,8560,9999, ,Tulsa OK MSA,116,116,9414,0,0,0,0,0,0,0,0,0,109,109,8936,0,0,0,0,0,0,0,0,0
9111,8600,9999, ,Tuscaloosa AL MSA,26,26,1334,0,0,0,0,0,0,0,0,0,26,26,1334,0,0,0,0,0,0,0,0,0
9111,8640,9999, ,Tyler TX MSA,11,11,1721,0,0,0,0,0,0,0,0,0,11,11,1721,0,0,0,0,0,0,0,0,0
9111,8680,9999, ,Utica-Rome NY MSA,13,13,1234,0,0,0,0,0,0,0,0,0,13,13,1234,0,0,0,0,0,0,0,0,0
9111,8750,9999, ,Victoria TX MSA,16,16,1330,0,0,0,0,0,0,0,0,0,16,16,1330,0,0,0,0,0,0,0,0,0
9111,8780,9999, ,Visalia-Tulare-Porterville CA MSA,143,143,10397,1,2,50,5,20,731,1,7,342,143,143,10397,1,2,50,5,20,731,1,7,342
9111,8800,9999, ,Waco TX MSA,7,7,731,0,0,0,0,0,0,0,0,0,7,7,731,0,0,0,0,0,0,0,0,0
9111,8840,9999, ,Washington DC-MD-VA MSA,1173,1173,103532,2,4,162,0,0,0,7,79,3137,1173,1173,103532,2,4,162,0,0,0,6,74,2945
9111,8880,9999, ,Waterbury CT MSA,29,29,2475,0,0,0,0,0,0,0,0,0,23,23,1900,0,0,0,0,0,0,0,0,0
9111,8920,9999, ,Waterloo-Cedar Falls IA MSA,10,10,1091,0,0,0,0,0,0,0,0,0,10,10,1091,0,0,0,0,0,0,0,0,0
9111,8940,9999, ,Wausau WI MSA,6,6,548,1,2,76,0,0,0,0,0,0,6,6,548,1,2,76,0,0,0,0,0,0
9111,8960,9999, ,West Palm Beach-Boca Raton-Delray Beach FL MSA,347,347,37538,2,4,313,1,4,389,4,50,2314,346,346,36390,2,4,313,1,4,389,4,50,2314
9111,9000,9999, ,Wheeling WV-OH MSA,0,0,0,0,0,0,0,0,0,0,0,0,0,0,0,0,0,0,0,0,0,0,0,0
9111,9040,9999, ,Wichita KS MSA,105,105,7308,2,4,248,0,0,0,0,0,0,99,99,6985,2,4,248,0,0,0,0,0,0
9111,9080,9999, ,Wichita Falls TX MSA,5,5,422,0,0,0,0,0,0,0,0,0,0,0,0,0,0,0,0,0,0,0,0,0
9111,9140,9999, ,Williamsport PA MSA,3,3,125,0,0,0,0,0,0,0,0,0,1,1,35,0,0,0,0,0,0,0,0,0
9111,9200,9999, ,Wilmington NC MSA,82,82,6730,0,0,0,1,4,200,0,0,0,82,82,6730,0,0,0,1,4,200,0,0,0
9111,9240,9999, ,Worcester MA MSA,63,63,6004,1,2,100,0,0,0,1,5,157,38,38,4124,1,2,100,0,0,0,0,0,0
9111,9260,9999, ,Yakima WA MSA,25,25,2190,2,4,163,0,0,0,0,0,0,25,25,2190,2,4,163,0,0,0,0,0,0
9111,9280,9999, ,York PA MSA,189,189,13498,5,10,409,1,4,169,1,6,248,172,172,12121,4,8,295,1,4,169,1,6,248
9111,9320,9999, ,Youngstown-Warren OH MSA,57,57,7326,12,24,1740,0,0,0,1,5,195,57,57,7326,12,24,1740,0,0,0,1,5,195
9111,9340,9999, ,Yuba City CA MSA,62,62,5149,1,2,105,0,0,0,0,0,0,62,62,5149,1,2,105,0,0,0,0,0,0
9111,9360,9999, ,Yuma AZ MSA,41,41,2209,0,0,0,0,0,0,0,0,0,41,41,2209,0,0,0,0,0,0,0,0,0
9111,1122,9999,,Boston-Lawrence-Salem MA-NH CMSA,573,573,65359,9,18,1090,0,0,0,8,43,1871,438,438,49944,5,10,513,0,0,0,3,18,988
9111,1282,9999,,Buffalo-Niagara Falls NY CMSA ,132,132,14491,6,12,496,2,7,230,3,23,742,94,94,10398,5,10,405,1,4,140,2,18,450
9111,1602,9999,,Chicago-Gary-Lake County IL-IN-WI CMSA,1490,1490,180179,23,46,2673,18,64,3785,33,410,15233,1394,1394,169290,22,44,2545,16,58,3498,27,375,13975
9111,1642,9999,,Cincinnati-Hamilton OH-KY-IN CMSA ,450,450,43183,5,10,338,3,11,288,11,148,4515,350,350,36976,3,6,233,3,11,288,9,135,4174
9111,1692,9999,,Cleveland-Akron-Lorain OH CMSA,441,441,59335,9,18,976,4,16,989,20,309,13305,375,375,53805,6,12,640,4,16,989,18,276,12421
9111,1922,9999,,Dallas-Fort Worth TX CMSA ,1061,1061,119099,0,0,0,0,0,0,31,758,15652,985,985,105959,0,0,0,0,0,0,31,758,15652
9111,2082,9999,,Denver-Boulder CO CMSA,547,547,68280,0,0,0,0,0,0,7,57,1793,532,532,66208,0,0,0,0,0,0,7,57,1793
9111,2162,9999,,Detroit-Ann Arbor MI CMSA ,811,811,78498,3,6,238,4,15,1120,27,666,24447,705,705,69630,2,4,180,3,12,1002,22,623,23318
9111,3282,9999,,Hartford-New Britain-Middletown CT CMSA ,180,180,16064,2,4,244,1,4,72,0,0,0,176,176,15723,2,4,244,1,4,72,0,0,0
9111,3362,9999,,Houston-Galveston-Brazoria TX CMSA,768,768,74897,2,4,130,0,0,0,1,12,328,715,715,68709,2,4,130,0,0,0,0,0,0
9111,4472,9999,,Los Angeles-Anaheim-Riverside CA CMSA ,1852,1852,236238,18,36,3260,19,69,4811,49,629,33820,1801,1801,228685,17,34,3054,17,62,4419,45,608,32601
9111,4992,9999,,Miami-Fort Lauderdale FL CMSA ,638,638,60773,12,24,949,19,75,3035,5,109,4566,636,636,60609,11,22,865,18,72,2911,5,109,4566
9111,5082,9999,,Milwaukee-Racine WI CMSA,275,275,32243,13,26,1612,2,8,213,15,204,7013,223,223,25628,11,22,1436,2,8,213,10,172,6005
9111,5602,9999,,New York-Northern New Jersey-Long Island NY-NJ-CT CMSA,1358,1358,146688,84,168,9780,8,25,1540,25,252,12213,1250,1250,133514,77,154,8980,8,25,1540,21,222,10380
9111,6162,9999,,Philadelphia-Wilmington-Trenton PA-NJ-DE-MD CMSA,1084,1084,88411,7,14,664,1,4,300,4,39,1032,863,863,69706,6,12,518,1,4,300,1,12,212
9111,6282,9999,,Pittsburgh-Beaver Valley PA CMSA,239,239,27286,2,4,125,0,0,0,5,61,2173,166,166,19980,1,2,70,0,0,0,3,42,1154
9111,6442,9999,,Portland-Vancouver OR-WA CMSA ,470,470,50308,1,2,147,17,68,2937,2,12,482,458,458,49308,1,2,147,17,68,2937,0,0,0
9111,6482,9999,,Providence-Pawtucket-Fall River RI-MA CMSA,177,177,15311,7,14,391,1,3,50,0,0,0,141,141,12557,1,2,96,0,0,0,0,0,0
9111,7362,9999,,San Francisco-Oakland-San Jose CA CMSA,552,552,95152,17,34,2984,7,23,1633,21,282,16834,536,536,93420,17,34,2984,7,23,1633,20,277,16404
9111,7602,9999,,Seattle-Tacoma WA CMSA,670,670,74123,5,10,720,11,42,2521,13,186,10516,613,613,67945,4,8,623,11,42,2521,10,171,9870
