Survey,MSA/,PMSA,,MA,,1-unit,,,2-units,,,3-4 units,,,5+ units,,,1-unit rep,,,2-units rep,,,3-4 units rep,,,5+ units rep
Date,CMSA,,,Name,Bldgs,Units,Value,Bldgs,Units,Value,Bldgs,Units,Value,Bldgs,Units,Value,Bldgs,Units,Value,Bldgs,Units,Value,Bldgs,Units,Value,Bldgs,Units,Value

9310,0040,9999, ,Abilene TX MSA,22,22,2589,0,0,0,1,4,150,0,0,0,22,22,2589,0,0,0,1,4,150,0,0,0
9310,0120,9999, ,Albany GA MSA,15,15,1066,14,28,818,0,0,0,0,0,0,15,15,1066,14,28,818,0,0,0,0,0,0
9310,0160,9999, ,Albany-Schenectady-Troy NY MSA,283,283,30821,7,14,617,0,0,0,3,19,377,227,227,25211,6,12,550,0,0,0,2,14,342
9310,0200,9999, ,Albuquerque NM MSA,365,365,32221,0,0,0,0,0,0,0,0,0,308,308,29284,0,0,0,0,0,0,0,0,0
9310,0220,9999, ,Alexandria LA MSA,7,7,793,0,0,0,0,0,0,0,0,0,7,7,793,0,0,0,0,0,0,0,0,0
9310,0240,9999, ,Allentown-Bethlehem-Easton PA MSA,169,169,15811,2,4,317,0,0,0,2,11,271,146,146,13223,2,4,317,0,0,0,0,0,0
9310,0280,9999, ,Altoona PA MSA,19,19,1401,0,0,0,0,0,0,0,0,0,18,18,1328,0,0,0,0,0,0,0,0,0
9310,0320,9999, ,Amarillo TX MSA,42,42,4552,0,0,0,0,0,0,0,0,0,42,42,4552,0,0,0,0,0,0,0,0,0
9310,0380,9999, ,Anchorage AK MSA,76,76,12438,0,0,0,0,0,0,0,0,0,76,76,12438,0,0,0,0,0,0,0,0,0
9310,0450,9999, ,Anniston AL MSA,14,14,934,0,0,0,0,0,0,0,0,0,1,1,90,0,0,0,0,0,0,0,0,0
9310,0460,9999, ,Appleton-Oshkosh-Neenah WI MSA,130,130,13321,7,14,734,1,4,113,5,48,888,39,39,4757,2,4,252,0,0,0,0,0,0
9310,0480,9999, ,Asheville NC MSA,78,78,7711,13,26,1710,0,0,0,1,8,180,78,78,7711,13,26,1710,0,0,0,1,8,180
9310,0500,9999, ,Athens GA MSA,53,53,5799,5,10,289,0,0,0,0,0,0,53,53,5799,5,10,289,0,0,0,0,0,0
9310,0520,9999, ,Atlanta GA MSA,2686,2686,249302,2,4,175,1,4,240,37,428,13648,2564,2564,243957,2,4,175,1,4,240,37,428,13648
9310,0600,9999, ,Augusta-Aiken GA-SC MSA,217,217,19375,0,0,0,0,0,0,0,0,0,213,213,19192,0,0,0,0,0,0,0,0,0
9310,0640,9999, ,Austin-San Marcos TX MSA,518,518,57454,0,0,0,0,0,0,15,342,9874,501,501,55963,0,0,0,0,0,0,15,342,9874
9310,0680,9999, ,Bakersfield CA MSA,245,245,23403,2,4,167,4,13,633,0,0,0,126,126,12606,1,2,95,3,10,496,0,0,0
9310,0730,9999, ,Bangor ME MSA,17,17,1287,0,0,0,0,0,0,0,0,0,7,7,594,0,0,0,0,0,0,0,0,0
9310,0740,9999, ,Barnstable-Yarmouth MA MSA,116,116,13191,0,0,0,0,0,0,0,0,0,109,109,12507,0,0,0,0,0,0,0,0,0
9310,0760,9999, ,Baton Rouge LA MSA,122,122,9958,0,0,0,0,0,0,1,8,150,119,119,9789,0,0,0,0,0,0,1,8,150
9310,0840,9999, ,Beaumont-Port Arthur TX MSA,26,26,2306,0,0,0,0,0,0,0,0,0,26,26,2306,0,0,0,0,0,0,0,0,0
9310,0860,9999, ,Bellingham WA MSA,76,76,7756,8,16,1702,6,24,1210,6,51,2570,19,19,2833,8,16,1702,6,24,1210,5,46,2359
9310,0870,9999, ,Benton Harbor MI MSA,13,13,1651,0,0,0,0,0,0,0,0,0,12,12,1475,0,0,0,0,0,0,0,0,0
9310,0880,9999, ,Billings MT MSA,24,24,2454,2,4,163,0,0,0,15,120,3734,24,24,2454,2,4,163,0,0,0,15,120,3734
9310,0920,9999, ,Biloxi-Gulfport-Pascagoula MS MSA,163,163,9633,4,8,210,3,12,459,2,16,408,146,146,8582,4,8,210,3,12,459,2,16,408
9310,0960,9999, ,Binghamton NY MSA,10,10,1434,0,0,0,0,0,0,0,0,0,8,8,1219,0,0,0,0,0,0,0,0,0
9310,1000,9999, ,Birmingham AL MSA,372,372,38698,1,2,105,1,3,100,0,0,0,264,264,29225,0,0,0,1,3,100,0,0,0
9310,1010,9999, ,Bismarck ND MSA,32,32,3460,2,4,322,0,0,0,0,0,0,32,32,3460,2,4,322,0,0,0,0,0,0
9310,1020,9999, ,Bloomington IN MSA,61,61,5327,3,6,303,0,0,0,1,6,217,61,61,5327,3,6,303,0,0,0,1,6,217
9310,1040,9999, ,Bloomington-Normal IL MSA,90,90,7457,1,2,65,0,0,0,3,30,560,90,90,7457,1,2,65,0,0,0,3,30,560
9310,1080,9999, ,Boise City ID MSA,373,373,35835,7,14,866,1,4,159,13,121,3755,302,302,30462,7,14,866,1,4,159,12,116,3565
9310,1122,1120, ,Boston MA-NH-ME-CT PMSA,1340,1340,149326,10,20,1534,1,3,139,7,78,2776,834,834,92687,6,12,1101,0,0,0,3,54,1267
9310,1122,1200, ,Brockton MA PMSA,75,75,6540,1,2,83,0,0,0,0,0,0,51,51,4016,0,0,0,0,0,0,0,0,0
9310,1122,5350, ,Nashua NH PMSA,54,54,5077,1,2,200,0,0,0,0,0,0,35,35,3117,1,2,200,0,0,0,0,0,0
9310,1240,9999, ,Brownsville-Harlingen-San Benito TX MSA,86,86,4486,1,2,62,5,17,318,2,15,292,83,83,4305,1,2,62,4,14,269,2,15,292
9310,1260,9999, ,Bryan-College Station TX MSA,43,43,3912,1,2,72,0,0,0,0,0,0,15,15,950,0,0,0,0,0,0,0,0,0
9310,1280,9999, ,Buffalo-Niagara Falls NY MSA,197,197,23084,13,26,1477,0,0,0,3,41,1119,145,145,17197,12,24,1411,0,0,0,0,0,0
9310,1305,9999, ,Burlington VT MSA,59,59,7156,0,0,0,3,11,568,1,5,240,34,34,4854,0,0,0,2,8,440,0,0,0
9310,1320,9999, ,Canton-Massillon OH MSA,89,89,12140,4,8,738,2,7,295,5,69,2500,87,87,11930,4,8,738,2,7,295,5,69,2500
9310,1350,9999, ,Casper WY MSA,6,6,832,0,0,0,0,0,0,0,0,0,6,6,832,0,0,0,0,0,0,0,0,0
9310,1360,9999, ,Cedar Rapids IA MSA,78,78,7159,0,0,0,5,20,1044,7,112,4441,76,76,7043,0,0,0,5,20,1044,7,112,4441
9310,1400,9999, ,Champaign-Urbana IL MSA,10,10,819,1,2,86,0,0,0,0,0,0,7,7,620,1,2,86,0,0,0,0,0,0
9310,1440,9999, ,Charleston-North Charleston SC MSA,204,204,22825,0,0,0,0,0,0,0,0,0,159,159,18951,0,0,0,0,0,0,0,0,0
9310,1480,9999, ,Charleston WV MSA,23,23,2466,0,0,0,0,0,0,0,0,0,23,23,2466,0,0,0,0,0,0,0,0,0
9310,1520,9999, ,Charlotte-Gastonia-Rock Hill NC-SC MSA,766,766,71256,5,10,560,0,0,0,4,41,1139,342,342,27674,4,8,452,0,0,0,0,0,0
9310,1540,9999, ,Charlottesville VA MSA,56,56,5989,3,6,522,0,0,0,2,11,529,56,56,5989,3,6,522,0,0,0,2,11,529
9310,1560,9999, ,Chattanooga TN-GA MSA,172,172,14098,4,8,252,0,0,0,0,0,0,170,170,13969,4,8,252,0,0,0,0,0,0
9310,1580,9999, ,Cheyenne WY MSA,21,21,2081,0,0,0,0,0,0,0,0,0,21,21,2081,0,0,0,0,0,0,0,0,0
9310,1602,1600, ,Chicago IL PMSA,2427,2427,319473,17,34,2216,49,188,14673,37,479,21839,2193,2193,293002,8,16,941,48,184,14436,33,459,21082
9310,1602,2960, ,Gary IN PMSA,259,259,29333,3,6,279,2,7,328,1,5,225,240,240,28183,1,2,90,1,4,197,0,0,0
9310,1602,3740, ,Kankakee IL PMSA,33,33,3380,2,4,265,1,3,122,0,0,0,26,26,2607,2,4,265,0,0,0,0,0,0
9310,1602,3800, ,Kenosha WI PMSA,54,54,5290,1,2,90,0,0,0,3,24,550,54,54,5290,1,2,90,0,0,0,3,24,550
9310,1620,9999, ,Chico-Paradise CA MSA,59,59,6278,0,0,0,0,0,0,7,72,3486,59,59,6278,0,0,0,0,0,0,7,72,3486
9310,1642,1640, ,Cincinnati OH-KY-IN PMSA,609,609,74718,12,24,1061,4,16,1091,22,382,9530,543,543,68979,11,22,1018,4,16,1091,21,372,9206
9310,1642,3200, ,Hamilton-Middletown OH PMSA,142,142,12442,4,8,346,1,3,300,2,10,728,24,24,2065,1,2,50,1,3,300,1,5,550
9310,1660,9999, ,Clarksville-Hopkinsville TN-KY MSA,159,159,8264,2,4,140,15,59,1560,5,38,883,115,115,5965,2,4,140,15,59,1560,5,38,883
9310,1692,0080, ,Akron OH PMSA,206,206,28928,4,8,371,1,3,175,1,5,208,170,170,25650,2,4,205,1,3,175,0,0,0
9310,1692,1680, ,Cleveland-Lorain-Elyria OH PMSA,543,543,75815,16,32,2328,8,28,1615,6,43,1516,372,372,53672,11,22,1751,4,14,1013,0,0,0
9310,1720,9999, ,Colorado Springs CO MSA,298,298,29090,0,0,0,0,0,0,0,0,0,298,298,29090,0,0,0,0,0,0,0,0,0
9310,1740,9999, ,Columbia MO MSA,96,96,9752,5,10,565,2,8,672,0,0,0,96,96,9752,5,10,565,2,8,672,0,0,0
9310,1760,9999, ,Columbia SC MSA,242,242,19031,1,2,39,0,0,0,0,0,0,240,240,18963,1,2,39,0,0,0,0,0,0
9310,1800,9999, ,Columbus GA-AL MSA,92,92,6810,0,0,0,0,0,0,0,0,0,92,92,6810,0,0,0,0,0,0,0,0,0
9310,1840,9999, ,Columbus OH MSA,627,627,76465,13,26,1388,23,89,2048,24,198,4671,346,346,47427,2,4,240,4,16,576,7,48,1250
9310,1880,9999, ,Corpus Christi TX MSA,79,79,7690,0,0,0,1,4,160,0,0,0,79,79,7690,0,0,0,1,4,160,0,0,0
9310,1900,9999, ,Cumberland MD-WV MSA,19,19,1475,0,0,0,0,0,0,0,0,0,19,19,1475,0,0,0,0,0,0,0,0,0
9310,1922,1920, ,Dallas TX PMSA,1273,1273,152892,1,2,85,0,0,0,0,0,0,1127,1127,138111,1,2,85,0,0,0,0,0,0
9310,1922,2800, ,Fort Worth-Arlington TX PMSA,500,500,59471,1,2,253,0,0,0,6,89,3000,397,397,40650,1,2,253,0,0,0,6,89,3000
9310,1950,9999, ,Danville VA MSA,33,33,2495,0,0,0,0,0,0,0,0,0,7,7,640,0,0,0,0,0,0,0,0,0
9310,1960,9999, ,Davenport-Moline-Rock Island IA-IL MSA,110,110,11602,1,2,131,1,3,251,0,0,0,97,97,9811,0,0,0,0,0,0,0,0,0
9310,2000,9999, ,Dayton-Springfield OH MSA,215,215,24164,1,2,80,3,10,897,1,53,2800,210,210,23718,0,0,0,3,10,897,1,53,2800
9310,2020,9999, ,Daytona Beach FL MSA,275,275,23287,0,0,0,0,0,0,0,0,0,232,232,20343,0,0,0,0,0,0,0,0,0
9310,2030,9999, ,Decatur Al MSA,31,31,2812,0,0,0,2,8,240,0,0,0,31,31,2812,0,0,0,2,8,240,0,0,0
9310,2040,9999, ,Decatur IL MSA,14,14,2050,0,0,0,0,0,0,0,0,0,12,12,1748,0,0,0,0,0,0,0,0,0
9310,2082,1125, ,Boulder-Longmont CO PMSA,239,239,27542,0,0,0,0,0,0,0,0,0,207,207,24272,0,0,0,0,0,0,0,0,0
9310,2082,2080, ,Denver CO PMSA,961,961,118255,6,12,727,2,8,503,0,0,0,924,924,111999,6,12,727,2,8,503,0,0,0
9310,2082,3060, ,Greeley CO PMSA,69,69,5537,0,0,0,0,0,0,0,0,0,30,30,2205,0,0,0,0,0,0,0,0,0
9310,2120,9999, ,Des Moines IA MSA,225,225,27308,1,2,133,0,0,0,14,148,7102,200,200,24972,1,2,133,0,0,0,13,143,6968
9310,2162,0440, ,Ann Arbor MI PMSA,292,292,29135,0,0,0,2,8,620,4,31,904,255,255,26364,0,0,0,2,8,620,3,26,700
9310,2162,2160, ,Detroit MI PMSA,1079,1079,117069,2,4,171,17,64,4362,10,79,2757,968,968,107332,2,4,171,14,55,3660,3,22,1014
9310,2162,2640, ,Flint MI PMSA,94,94,9091,0,0,0,0,0,0,0,0,0,81,81,7333,0,0,0,0,0,0,0,0,0
9310,2180,9999, ,Dothan AL MSA,19,19,1085,0,0,0,0,0,0,0,0,0,17,17,925,0,0,0,0,0,0,0,0,0
9310,2190,9999, ,Dover DE MSA,70,70,5027,0,0,0,0,0,0,0,0,13,69,69,4989,0,0,0,0,0,0,0,0,13
9310,2200,9999, ,Dubuque IA MSA,20,20,2177,3,6,240,3,11,606,1,5,125,18,18,2014,3,6,240,3,11,606,0,0,0
9310,2240,9999, ,Duluth-Superior MN-WI MSA,35,35,3428,1,2,73,0,0,0,2,10,307,11,11,1180,0,0,0,0,0,0,0,0,0
9310,2290,9999, ,Eau Claire WI MSA,56,56,5498,4,8,377,4,16,570,1,5,107,43,43,4202,4,8,377,4,16,570,0,0,0
9310,2320,9999, ,El Paso TX MSA,73,73,4252,1,2,96,0,0,0,0,0,0,72,72,4225,1,2,96,0,0,0,0,0,0
9310,2330,9999, ,Elkhart-Goshen IN MSA,58,58,4844,0,0,0,0,0,0,3,24,720,54,54,4490,0,0,0,0,0,0,3,24,720
9310,2335,9999, ,Elmira NY MSA,0,0,0,0,0,0,0,0,0,0,0,0,0,0,0,0,0,0,0,0,0,0,0,0
9310,2340,9999, ,Enid OK MSA,9,9,880,0,0,0,0,0,0,0,0,0,9,9,880,0,0,0,0,0,0,0,0,0
9310,2360,9999, ,Erie PA MSA,41,41,4163,1,2,80,5,20,924,1,5,120,41,41,4163,1,2,80,5,20,924,1,5,120
9310,2400,9999, ,Eugene-Springfield OR MSA,114,114,12412,1,2,195,0,0,0,0,0,0,114,114,12412,1,2,195,0,0,0,0,0,0
9310,2440,9999, ,Evansville-Henderson IN-KY MSA,100,100,9535,1,2,110,0,0,0,0,0,0,100,100,9535,1,2,110,0,0,0,0,0,0
9310,2520,9999, ,Fargo-Moorhead ND-MN MSA,109,109,11804,0,0,0,2,7,460,5,121,2690,106,106,11586,0,0,0,2,7,460,5,121,2690
9310,2560,9999, ,Fayetteville NC MSA,176,176,12650,1,2,71,3,12,507,5,76,3150,176,176,12650,1,2,71,3,12,507,5,76,3150
9310,2580,9999, ,Fayetteville-Springdale-Rogers AR MSA,122,122,9184,59,118,6027,2,6,120,0,0,0,121,121,9142,59,118,6027,2,6,120,0,0,0
9310,2650,9999, ,Florence AL MSA,22,22,1297,0,0,0,1,3,51,0,0,0,22,22,1297,0,0,0,1,3,51,0,0,0
9310,2655,9999, ,Florence SC MSA,44,44,3667,1,2,43,1,3,40,1,5,100,0,0,0,0,0,0,0,0,0,0,0,0
9310,2670,9999, ,Fort Collins-Loveland CO MSA,195,195,19430,3,6,342,7,28,1190,1,5,261,160,160,16933,3,6,342,7,28,1190,0,0,0
9310,2700,9999, ,Fort Myers-Cape Coral FL MSA,288,288,24634,5,10,628,5,20,1554,8,64,4405,103,103,5598,0,0,0,0,0,0,2,13,936
9310,2710,9999, ,Fort Pierce-Port St. Lucie FL MSA,190,190,25231,0,0,0,2,8,855,6,45,3708,189,189,24854,0,0,0,2,8,855,6,45,3708
9310,2720,9999, ,Fort Smith AR-OK MSA,38,38,2737,0,0,0,0,0,0,0,0,0,38,38,2737,0,0,0,0,0,0,0,0,0
9310,2750,9999, ,Fort Walton Beach FL MSA,117,117,7929,0,0,0,3,12,408,2,10,258,114,114,7805,0,0,0,3,12,408,1,5,150
9310,2760,9999, ,Fort Wayne IN MSA,210,210,25301,0,0,0,0,0,0,0,0,0,210,210,25301,0,0,0,0,0,0,0,0,0
9310,2840,9999, ,Fresno CA MSA,331,331,32428,3,6,356,1,4,126,0,0,0,328,328,32220,3,6,356,1,4,126,0,0,0
9310,2880,9999, ,Gadsden AL MSA,5,5,320,0,0,0,0,0,0,0,0,0,5,5,320,0,0,0,0,0,0,0,0,0
9310,2900,9999, ,Gainesville FL MSA,90,90,7563,0,0,0,0,0,0,1,5,204,68,68,6563,0,0,0,0,0,0,0,0,0
9310,2975,9999, ,Glens Falls NY MSA,22,22,2394,0,0,0,0,0,0,0,0,0,22,22,2394,0,0,0,0,0,0,0,0,0
9310,2980,9999, ,Goldsboro NC MSA,4,4,380,0,0,0,0,0,0,0,0,0,4,4,380,0,0,0,0,0,0,0,0,0
9310,2985,9999, ,Grand Forks ND-MN MSA,14,14,1210,0,0,0,0,0,0,2,97,3007,14,14,1210,0,0,0,0,0,0,2,97,3007
9310,3000,9999, ,Grand Rapids-Muskegon-Holland MI MSA,456,456,41810,9,18,1104,3,12,699,1,24,1199,376,376,35171,7,14,830,1,4,280,1,24,1199
9310,3040,9999, ,Great Falls MT MSA,17,17,1722,0,0,0,0,0,0,0,0,0,17,17,1722,0,0,0,0,0,0,0,0,0
9310,3080,9999, ,Green Bay WI MSA,64,64,7420,6,12,740,0,0,0,3,24,680,64,64,7420,6,12,740,0,0,0,3,24,680
9310,3120,9999, ,Greensboro--Winston-Salem--High Point NC MSA,575,575,46740,7,14,600,1,3,99,9,85,2640,562,562,45596,7,14,600,1,3,99,9,85,2640
9310,3150,9999, ,Greenville NC MSA,80,80,7210,0,0,0,0,0,0,2,22,807,80,80,7210,0,0,0,0,0,0,2,22,807
9310,3160,9999, ,Greenville-Spartanburg-Anderson SC MSA,394,394,32116,3,6,279,0,0,0,1,5,175,382,382,31050,2,4,164,0,0,0,0,0,0
9310,3240,9999, ,Harrisburg-Lebanon-Carlisle PA MSA,191,191,17569,0,0,0,1,3,134,0,0,0,133,133,13315,0,0,0,0,0,0,0,0,0
9310,3280,9999, ,Hartford CT MSA,284,284,32022,2,4,207,0,0,0,1,17,902,262,262,30053,1,2,70,0,0,0,0,0,0
9310,3290,9999, ,Hickory-Morganton NC MSA,94,94,9641,4,8,319,0,0,0,1,10,300,72,72,8051,4,8,319,0,0,0,1,10,300
9310,3320,9999, ,Honolulu HI MSA,208,208,27922,3,6,796,0,0,0,46,344,16940,208,208,27922,3,6,796,0,0,0,46,344,16940
9310,3350,9999, ,Houma LA MSA,59,59,4223,0,0,0,0,0,0,0,0,0,59,59,4223,0,0,0,0,0,0,0,0,0
9310,3362,1145, ,Brazoria TX PMSA,102,102,9450,0,0,0,0,0,0,1,12,395,58,58,5588,0,0,0,0,0,0,0,0,0
9310,3362,2920, ,Galveston-Texas City TX PMSA,107,107,11838,0,0,0,0,0,0,0,0,0,76,76,7292,0,0,0,0,0,0,0,0,0
9310,3362,3360, ,Houston TX PMSA,949,949,88651,0,0,0,0,0,0,10,202,8137,916,916,83077,0,0,0,0,0,0,9,193,7915
9310,3400,9999, ,Huntington-Ashland WV-KY-OH MSA,9,9,545,0,0,0,0,0,0,0,0,0,4,4,199,0,0,0,0,0,0,0,0,0
9310,3440,9999, ,Huntsville AL MSA,106,106,4693,0,0,0,0,0,0,0,0,0,105,105,4658,0,0,0,0,0,0,0,0,0
9310,3480,9999, ,Indianapolis IN MSA,848,848,99206,20,40,2670,7,24,2098,8,76,2783,756,756,89913,19,38,2563,7,24,2098,7,62,2570
9310,3500,9999, ,Iowa City IA MSA,67,67,6353,0,0,0,0,0,0,0,0,0,67,67,6353,0,0,0,0,0,0,0,0,0
9310,3520,9999, ,Jackson MI MSA,23,23,1719,0,0,0,0,0,0,0,0,0,17,17,1386,0,0,0,0,0,0,0,0,0
9310,3560,9999, ,Jackson MS MSA,142,142,11496,1,2,50,0,0,0,0,0,0,142,142,11496,1,2,50,0,0,0,0,0,0
9310,3600,9999, ,Jacksonville FL MSA,619,619,55250,0,0,0,0,0,0,3,24,910,618,618,55203,0,0,0,0,0,0,3,24,910
9310,3605,9999, ,Jacksonville NC MSA,73,73,3123,2,4,96,0,0,0,0,0,0,56,56,2326,2,4,96,0,0,0,0,0,0
9310,3610,9999, ,Jamestown NY MSA,0,0,0,0,0,0,0,0,0,0,0,0,0,0,0,0,0,0,0,0,0,0,0,0
9310,3620,9999, ,Janesville-Beloit WI MSA,16,16,1308,5,10,676,1,4,130,2,16,247,16,16,1308,5,10,676,1,4,130,2,16,247
9310,3660,9999, ,Johnson City-Kingsport-Bristol TN-VA MSA,68,68,4180,2,4,130,0,0,0,2,10,405,59,59,3748,2,4,130,0,0,0,1,5,250
9310,3680,9999, ,Johnstown PA MSA,9,9,794,1,2,45,0,0,0,1,6,250,5,5,492,1,2,45,0,0,0,1,6,250
9310,3710,9999, ,Joplin MO MSA,13,13,1096,4,8,491,0,0,0,0,0,0,13,13,1096,4,8,491,0,0,0,0,0,0
9310,3720,9999, ,Kalamazoo-Battle Creek MI MSA,75,75,8385,0,0,0,0,0,0,0,0,0,57,57,7193,0,0,0,0,0,0,0,0,0
9310,3760,9999, ,Kansas City MO-KS MSA,797,797,86376,15,30,1462,13,50,2429,1,6,310,720,720,80474,14,28,1370,12,47,2346,0,0,0
9310,3810,9999, ,Killeen-Temple TX MSA,165,165,13750,2,4,221,0,0,0,0,0,0,165,165,13750,2,4,221,0,0,0,0,0,0
9310,3840,9999, ,Knoxville TN MSA,342,342,20900,1,2,125,1,4,175,9,81,1640,329,329,19339,1,2,125,1,4,175,9,81,1640
9310,3850,9999, ,Kokomo IN MSA,21,21,3151,3,6,479,0,0,0,0,0,0,21,21,3151,3,6,479,0,0,0,0,0,0
9310,3870,9999, ,La Crosse WI-MN MSA,32,32,3679,2,4,189,0,0,0,1,24,308,32,32,3679,2,4,189,0,0,0,1,24,308
9310,3880,9999, ,Lafayette LA MSA,71,71,7208,0,0,0,0,0,0,0,0,0,71,71,7208,0,0,0,0,0,0,0,0,0
9310,3920,9999, ,Lafayette IN MSA,57,57,6150,0,0,0,0,0,0,1,20,500,57,57,6150,0,0,0,0,0,0,1,20,500
9310,3960,9999, ,Lake Charles LA MSA,66,66,4765,0,0,0,0,0,0,0,0,0,66,66,4765,0,0,0,0,0,0,0,0,0
9310,3980,9999, ,Lakeland-Winter Haven FL MSA,229,229,15677,3,6,339,1,4,185,0,0,0,225,225,15505,3,6,339,1,4,185,0,0,0
9310,4000,9999, ,Lancaster PA MSA,133,133,13119,0,0,0,0,0,0,3,135,9546,105,105,10889,0,0,0,0,0,0,2,130,9372
9310,4040,9999, ,Lansing-East Lansing MI MSA,138,138,13634,0,0,0,0,0,0,0,0,0,130,130,12997,0,0,0,0,0,0,0,0,0
9310,4080,9999, ,Laredo TX MSA,76,76,4105,0,0,0,3,11,252,4,32,757,0,0,0,0,0,0,0,0,0,0,0,0
9310,4100,9999, ,Las Cruces NM MSA,72,72,6205,0,0,0,1,3,97,1,32,816,72,72,6205,0,0,0,1,3,97,1,32,816
9310,4120,9999, ,Las Vegas NV-AZ MSA,1504,1504,99022,4,8,367,3,12,508,9,67,2504,1330,1330,85745,4,8,367,3,12,508,8,49,1919
9310,4150,9999, ,Lawrence KS MSA,60,60,7144,13,26,1199,0,0,0,0,0,0,60,60,7144,13,26,1199,0,0,0,0,0,0
9310,4200,9999, ,Lawton OK MSA,12,12,1078,0,0,0,0,0,0,0,0,0,12,12,1078,0,0,0,0,0,0,0,0,0
9310,4240,9999, ,Lewiston-Auburn ME MSA,17,17,1475,0,0,0,0,0,0,0,0,0,5,5,630,0,0,0,0,0,0,0,0,0
9310,4280,9999, ,Lexington KY MSA,268,268,23041,7,14,507,4,16,370,4,30,1996,243,243,21211,7,14,507,4,16,370,4,30,1996
9310,4320,9999, ,Lima OH MSA,17,17,2170,1,2,65,0,0,0,1,5,179,14,14,1943,0,0,0,0,0,0,0,0,0
9310,4360,9999, ,Lincoln NE MSA,111,111,10967,3,6,295,0,0,0,1,21,220,0,0,0,0,0,0,0,0,0,0,0,0
9310,4400,9999, ,Little Rock-North Little Rock AR MSA,175,175,20552,1,2,51,3,12,309,0,0,0,170,170,20311,1,2,51,3,12,309,0,0,0
9310,4420,9999, ,Longview-Marshall TX MSA,11,11,1174,0,0,0,0,0,0,0,0,0,9,9,976,0,0,0,0,0,0,0,0,0
9310,4472,4480, ,Los Angeles-Long Beach CA PMSA,280,280,41978,7,14,985,3,9,720,9,196,11941,220,220,31634,4,8,592,1,3,219,5,170,10374
9310,4472,5945, ,Orange County CA PMSA,250,250,40229,1,2,176,0,0,0,11,82,6103,249,249,39997,1,2,176,0,0,0,11,82,6103
9310,4472,6780, ,Riverside-San Bernardino CA PMSA,766,766,88772,2,4,318,0,0,0,0,0,0,759,759,88230,2,4,318,0,0,0,0,0,0
9310,4472,8735, ,Ventura CA PMSA,125,125,22245,1,2,189,6,21,2238,0,0,0,125,125,22245,1,2,189,6,21,2238,0,0,0
9310,4520,9999, ,Louisville KY-IN MSA,520,520,45591,10,20,866,2,8,365,3,22,1094,471,471,42141,8,16,696,2,8,365,3,22,1094
9310,4600,9999, ,Lubbock TX MSA,51,51,5302,1,2,128,1,4,158,0,0,0,49,49,5115,1,2,128,1,4,158,0,0,0
9310,4640,9999, ,Lynchburg VA MSA,105,105,10807,0,0,0,0,0,0,1,6,340,95,95,9748,0,0,0,0,0,0,1,6,340
9310,4680,9999, ,Macon GA MSA,118,118,7501,0,0,0,0,0,0,1,14,565,70,70,3641,0,0,0,0,0,0,0,0,0
9310,4720,9999, ,Madison WI MSA,227,227,28315,12,24,1729,8,31,1469,7,89,3795,221,221,27389,12,24,1729,8,31,1469,6,84,3620
9310,4800,9999, ,Mansfield OH MSA,28,28,2436,1,2,59,0,0,0,0,0,0,28,28,2436,1,2,59,0,0,0,0,0,0
9310,4880,9999, ,McAllen-Edinburg-Mission TX MSA,95,95,5784,8,16,459,2,7,142,4,21,526,20,20,962,5,10,224,1,3,80,1,6,70
9310,4890,9999, ,Medford-Ashland OR MSA,84,84,9102,4,8,445,1,4,175,0,0,0,77,77,8270,4,8,445,1,4,175,0,0,0
9310,4900,9999, ,Melbourne-Titusville-Palm Bay FL MSA,395,395,38698,0,0,0,0,0,0,3,92,6550,394,394,38574,0,0,0,0,0,0,3,92,6550
9310,4920,9999, ,Memphis TN-AR-MS MSA,621,621,59929,0,0,0,0,0,0,0,0,0,615,615,59640,0,0,0,0,0,0,0,0,0
9310,4940,9999, ,Merced CA MSA,142,142,12376,0,0,0,0,0,0,0,0,0,128,128,10337,0,0,0,0,0,0,0,0,0
9310,4992,2680, ,Fort Lauderdale FL PMSA,695,695,76774,2,4,235,2,8,748,1,48,2200,690,690,76431,2,4,235,2,8,748,1,48,2200
9310,4992,5000, ,Miami FL PMSA,227,227,21033,4,8,350,0,0,0,1,6,105,227,227,21033,4,8,350,0,0,0,1,6,105
9310,5082,5080, ,Milwaukee-Waukesha WI PMSA,425,425,55449,18,36,3336,2,8,615,11,148,5549,358,358,45776,17,34,3201,2,8,615,8,133,5025
9310,5082,6600, ,Racine WI PMSA,58,58,6489,4,8,568,0,0,0,5,60,2165,15,15,2007,1,2,235,0,0,0,2,44,1650
9310,5120,9999, ,Minneapolis-St. Paul MN-WI MSA,1569,1569,179562,5,10,429,0,0,0,33,482,19932,1368,1368,158364,4,8,329,0,0,0,30,461,18872
9310,5160,9999, ,Mobile AL MSA,115,115,9443,1,2,130,0,0,0,0,0,0,95,95,7725,0,0,0,0,0,0,0,0,0
9310,5170,9999, ,Modesto CA MSA,102,102,9071,0,0,0,0,0,0,3,32,2220,102,102,9071,0,0,0,0,0,0,3,32,2220
9310,5200,9999, ,Monroe LA MSA,34,34,3286,0,0,0,0,0,0,0,0,0,6,6,855,0,0,0,0,0,0,0,0,0
9310,5240,9999, ,Montgomery AL MSA,98,98,8268,0,0,0,0,0,0,0,0,0,98,98,8268,0,0,0,0,0,0,0,0,0
9310,5280,9999, ,Muncie IN MSA,16,16,1740,0,0,0,0,0,0,1,20,650,16,16,1740,0,0,0,0,0,0,1,20,650
9310,5330,9999, ,Myrtle Beach SC MSA,103,103,8075,0,0,0,0,0,0,4,29,1505,103,103,8075,0,0,0,0,0,0,4,29,1505
9310,5345,9999, ,Naples FL MSA,160,160,18046,0,0,0,2,8,796,8,217,44066,159,159,18001,0,0,0,2,8,796,8,217,44066
9310,5360,9999, ,Nashville TN MSA,661,661,61791,0,0,0,3,10,462,0,0,0,640,640,59930,0,0,0,3,10,462,0,0,0
9310,5520,9999, ,New London-Norwich CT-RI MSA,55,55,5352,0,0,0,0,0,0,0,0,0,55,55,5352,0,0,0,0,0,0,0,0,0
9310,5560,9999, ,New Orleans LA MSA,289,289,24104,7,14,430,0,0,0,0,0,0,276,276,22939,6,12,277,0,0,0,0,0,0
9310,5602,1160, ,Bridgeport CT PMSA,92,92,9376,0,0,0,0,0,0,2,82,2337,84,84,8281,0,0,0,0,0,0,2,82,2337
9310,5602,1930, ,Danbury CT PMSA,78,78,11276,0,0,0,0,0,0,0,0,0,78,78,11276,0,0,0,0,0,0,0,0,0
9310,5602,2281, ,Dutchess County NY PMSA,48,48,5673,2,4,77,0,0,0,0,0,0,27,27,2926,0,0,0,0,0,0,0,0,0
9310,5602,5480, ,New Haven-Meriden CT PMSA,86,86,9890,1,2,67,0,0,0,1,5,400,72,72,8814,1,2,67,0,0,0,0,0,0
9310,5602,5600, ,New York-Newark NY-NJ-PA PMSA,2025,2025,192667,134,268,16601,25,79,4444,23,304,10576,1634,1634,150286,128,256,15757,23,73,4127,14,234,7763
9310,5602,5950, ,Orange County NY PMSA,90,90,8330,3,6,281,0,0,0,0,0,0,73,73,6720,3,6,281,0,0,0,0,0,0
9310,5602,8040, ,Stamford-Norwalk CT PMSA,38,38,10412,1,2,100,0,0,0,6,263,13000,30,30,8633,1,2,100,0,0,0,6,263,13000
9310,5602,8480, ,Trenton NJ PMSA,47,47,4465,0,0,0,0,0,0,0,0,0,28,28,2648,0,0,0,0,0,0,0,0,0
9310,5720,9999, ,Norfolk-Virginia Beach-Newport News VA-NC MSA,730,730,62560,4,8,275,0,0,0,9,73,1732,681,681,58538,3,6,235,0,0,0,9,73,1732
9310,5790,9999, ,Ocala FL MSA,146,146,6217,0,0,0,0,0,0,0,0,0,146,146,6217,0,0,0,0,0,0,0,0,0
9310,5800,9999, ,Odessa-Midland TX MSA,34,34,4133,0,0,0,0,0,0,0,0,0,23,23,2646,0,0,0,0,0,0,0,0,0
9310,5880,9999, ,Oklahoma City OK MSA,300,300,30708,1,2,85,0,0,0,0,0,0,286,286,29049,1,2,85,0,0,0,0,0,0
9310,5920,9999, ,Omaha NE-IA MSA,241,241,21197,2,4,104,0,0,0,0,0,0,241,241,21197,2,4,104,0,0,0,0,0,0
9310,5960,9999, ,Orlando FL MSA,882,882,80125,3,6,240,1,3,0,6,42,2092,878,878,79774,3,6,240,0,0,0,6,42,2092
9310,5990,9999, ,Owensboro KY MSA,25,25,1533,0,0,0,0,0,0,0,0,0,8,8,569,0,0,0,0,0,0,0,0,0
9310,6015,9999, ,Panama City FL MSA,113,113,6057,2,4,103,0,0,0,0,0,0,113,113,6057,2,4,103,0,0,0,0,0,0
9310,6020,9999, ,Parkersburg-Marietta WV-OH MSA,8,8,776,0,0,0,0,0,0,0,0,0,3,3,136,0,0,0,0,0,0,0,0,0
9310,6080,9999, ,Pensacola FL MSA,257,257,20634,0,0,0,0,0,0,0,0,0,257,257,20634,0,0,0,0,0,0,0,0,0
9310,6120,9999, ,Peoria-Pekin IL MSA,63,63,6691,3,6,502,1,3,180,0,0,0,46,46,5014,3,6,502,1,3,180,0,0,0
9310,6162,0560, ,Atlantic-Cape May NJ PMSA,145,145,10113,9,18,1334,1,4,4,1,10,526,124,124,8723,8,16,1254,1,4,4,0,0,0
9310,6162,6160, ,Philadelphia PA-NJ PMSA,1209,1209,114092,5,10,485,2,8,421,5,45,2300,983,983,91395,1,2,76,2,8,421,3,22,980
9310,6162,8760, ,Vineland-Millville-Bridgeton NJ PMSA,15,15,1170,0,0,0,0,0,0,0,0,0,12,12,920,0,0,0,0,0,0,0,0,0
9310,6162,9160, ,Wilmington-Newark DE-MD PMSA,265,265,16517,0,0,0,0,0,0,1,13,938,45,45,4852,0,0,0,0,0,0,0,0,0
9310,6200,9999, ,Phoenix-Mesa AZ MSA,2158,2158,246325,5,10,845,14,53,2887,22,314,18389,2158,2158,246325,5,10,845,14,53,2887,22,314,18389
9310,6240,9999, ,Pine Bluff AR MSA,7,7,140,0,0,0,0,0,0,0,0,0,7,7,140,0,0,0,0,0,0,0,0,0
9310,6280,9999, ,Pittsburgh PA MSA,546,546,61833,3,6,173,1,3,87,3,17,670,365,365,40571,2,4,148,1,3,87,0,0,0
9310,6320,9999, ,Pittsfield MA MSA,1,1,82,0,0,0,0,0,0,0,0,0,0,0,0,0,0,0,0,0,0,0,0,0
9310,6400,9999, ,Portland ME MSA,102,102,9622,2,4,202,0,0,0,0,0,0,72,72,6682,1,2,65,0,0,0,0,0,0
9310,6442,6440, ,Portland-Vancouver OR-WA PMSA,926,926,101154,4,8,474,0,0,0,25,311,14792,906,906,99463,3,6,416,0,0,0,25,311,14792
9310,6442,7080, ,Salem OR PMSA,137,137,14110,5,10,525,2,8,388,3,24,919,126,126,13018,4,8,442,2,8,388,3,24,919
9310,6480,9999, ,Providence-Fall River-Warwick RI-MA MSA,308,308,26879,3,6,308,1,4,384,0,0,0,257,257,22346,3,6,308,1,4,384,0,0,0
9310,6520,9999, ,Provo-Orem UT MSA,150,150,15092,3,6,272,1,4,122,4,30,1234,150,150,15092,3,6,272,1,4,122,4,30,1234
9310,6560,9999, ,Pueblo CO MSA,37,37,3628,0,0,0,0,0,0,0,0,0,37,37,3628,0,0,0,0,0,0,0,0,0
9310,6580,9999, ,Punta Gorda FL MSA,135,135,10455,0,0,0,0,0,0,2,16,845,135,135,10455,0,0,0,0,0,0,2,16,845
9310,6640,9999, ,Raliegh-Durham-Chapel Hill NC MSA,805,805,90070,2,4,105,0,0,0,5,29,900,785,785,88504,1,2,75,0,0,0,4,24,750
9310,6660,9999, ,Rapid City SD MSA,35,35,3051,0,0,0,0,0,0,1,5,199,17,17,1670,0,0,0,0,0,0,0,0,0
9310,6680,9999, ,Reading PA MSA,78,78,6827,0,0,0,0,0,0,1,5,325,44,44,4461,0,0,0,0,0,0,0,0,0
9310,6690,9999, ,Redding CA MSA,63,63,7401,0,0,0,3,12,680,0,0,0,63,63,7401,0,0,0,3,12,680,0,0,0
9310,6720,9999, ,Reno NV MSA,279,279,29201,1,2,288,0,0,0,0,0,0,279,279,29201,1,2,288,0,0,0,0,0,0
9310,6740,9999, ,Richland-Kennewick-Pasco WA MSA,80,80,9039,1,2,96,0,0,0,0,0,0,59,59,6738,0,0,0,0,0,0,0,0,0
9310,6760,9999, ,Richmond-Petersburg VA MSA,526,526,41661,0,0,0,0,0,0,0,0,0,524,524,41569,0,0,0,0,0,0,0,0,0
9310,6800,9999, ,Roanoke VA MSA,45,45,2799,1,2,73,1,3,41,0,0,0,38,38,2480,0,0,0,0,0,0,0,0,0
9310,6820,9999, ,Rochester MN MSA,70,70,7126,0,0,0,0,0,0,0,0,0,70,70,7126,0,0,0,0,0,0,0,0,0
9310,6840,9999, ,Rochester NY MSA,246,246,27258,1,2,85,0,0,0,5,41,1615,152,152,16470,1,2,85,0,0,0,0,0,0
9310,6880,9999, ,Rockford IL MSA,138,138,11278,4,8,479,5,20,527,0,0,0,137,137,11207,4,8,479,5,20,527,0,0,0
9310,6895,9999, ,Rocky Mounty NC MSA,40,40,2996,0,0,0,0,0,0,0,0,0,40,40,2996,0,0,0,0,0,0,0,0,0
9310,6922,6920, ,Sacramento CA PMSA,608,608,76086,3,6,495,1,3,312,2,28,1749,608,608,76086,3,6,495,1,3,312,2,28,1749
9310,6922,9270, ,Yolo CA PMSA,50,50,5896,0,0,0,0,0,0,0,0,0,50,50,5896,0,0,0,0,0,0,0,0,0
9310,6960,9999, ,Saginaw-Bay City-Midland MI MSA,37,37,4307,3,6,374,1,3,225,1,5,203,16,16,1760,3,6,374,1,3,225,0,0,0
9310,6980,9999, ,St. Cloud MN MSA,40,40,3148,0,0,0,0,0,0,2,18,489,6,6,467,0,0,0,0,0,0,0,0,0
9310,7000,9999, ,St. Joseph MO MSA,8,8,751,0,0,0,0,0,0,1,8,160,8,8,751,0,0,0,0,0,0,1,8,160
9310,7040,9999, ,St. Louis MO-IL MSA,963,963,91854,11,22,1491,1,4,140,3,27,1017,882,882,83248,8,16,1196,1,4,140,3,27,1017
9310,7120,9999, ,Salinas CA MSA,88,88,8492,0,0,0,0,0,0,0,0,0,80,80,7727,0,0,0,0,0,0,0,0,0
9310,7160,9999, ,Salt Lake City-Ogden UT MSA,591,591,57060,2,4,350,3,11,447,2,50,2824,482,482,46697,2,4,350,2,8,309,1,45,2626
9310,7200,9999, ,San Angelo TX MSA,18,18,1483,0,0,0,0,0,0,0,0,0,18,18,1483,0,0,0,0,0,0,0,0,0
9310,7240,9999, ,San Antonio TX MSA,347,347,30153,1,2,40,0,0,0,11,252,10335,335,335,29115,1,2,40,0,0,0,11,252,10335
9310,7320,9999, ,San Diego CA MSA,386,386,66315,6,12,1408,10,34,3311,13,97,7744,386,386,66315,6,12,1408,10,34,3311,13,97,7744
9310,7362,5775, ,Oakland CA PMSA,464,464,69445,3,6,500,0,0,0,10,164,12282,455,455,67764,3,6,500,0,0,0,10,164,12282
9310,7362,7360, ,San Francisco CA PMSA,43,43,10027,4,8,797,5,15,944,1,38,1000,39,39,8341,4,8,797,5,15,944,1,38,1000
9310,7362,7400, ,San Jose CA PMSA,170,170,25701,2,4,509,2,6,377,3,22,1284,168,168,24907,2,4,509,2,6,377,3,22,1284
9310,7362,7485, ,Santa Cruz-Watsonville CA PMSA,25,25,2698,2,4,235,0,0,0,1,6,410,25,25,2698,2,4,235,0,0,0,1,6,410
9310,7362,7500, ,Santa Rosa CA PMSA,124,124,16795,0,0,0,0,0,0,0,0,0,124,124,16795,0,0,0,0,0,0,0,0,0
9310,7362,8720, ,Vallejo-Fairfield-Napa CA PMSA,104,104,13919,1,2,263,0,0,0,0,0,0,104,104,13919,1,2,263,0,0,0,0,0,0
9310,7460,9999, ,San Luis Obispo-Atascadero-Paso Robles CA MSA,41,41,5315,0,0,0,1,3,115,0,0,0,39,39,5053,0,0,0,1,3,115,0,0,0
9310,7480,9999, ,Santa Barbara-Santa Maria-Lompoc CA MSA,46,46,8657,1,2,153,0,0,0,0,0,0,23,23,3129,1,2,153,0,0,0,0,0,0
9310,7490,9999, ,Santa Fe NM MSA,33,33,4436,0,0,0,1,4,300,0,0,0,33,33,4436,0,0,0,1,4,300,0,0,0
9310,7510,9999, ,Sarasota-Bradenton FL MSA,351,351,27411,3,6,373,3,10,570,2,41,4915,216,216,13517,1,2,85,0,0,0,1,18,3924
9310,7520,9999, ,Savannah GA MSA,86,86,7461,1,2,153,0,0,0,7,168,5053,86,86,7461,1,2,153,0,0,0,7,168,5053
9310,7560,9999, ,Scranton--Wilkes-Barre--Hazleton PA MSA,59,59,4982,1,2,75,1,4,125,0,0,0,54,54,4643,1,2,75,1,4,125,0,0,0
9310,7602,1150, ,Bremerton WA PMSA,138,138,10327,1,2,102,0,0,0,1,76,4300,130,130,8730,1,2,102,0,0,0,1,76,4300
9310,7602,5910, ,Olympia WA PMSA,136,136,13958,2,4,252,0,0,0,0,0,0,93,93,10462,1,2,111,0,0,0,0,0,0
9310,7602,7600, ,Seattle-Bellevue-Everett WA PMSA,777,777,95797,16,32,2302,17,63,4120,36,559,35140,631,631,78368,15,30,2191,16,60,3860,32,528,33236
9310,7602,8200, ,Tacoma WA PMSA,391,391,37414,12,24,1941,1,4,253,0,0,0,381,381,36396,12,24,1941,1,4,253,0,0,0
9310,7610,9999, ,Sharon PA MSA,12,12,1475,0,0,0,0,0,0,0,0,0,10,10,1275,0,0,0,0,0,0,0,0,0
9310,7620,9999, ,Sheboygan WI MSA,6,6,487,0,0,0,0,0,0,0,0,0,6,6,487,0,0,0,0,0,0,0,0,0
9310,7640,9999, ,Sherman-Denison TX MSA,4,4,459,0,0,0,0,0,0,0,0,0,4,4,459,0,0,0,0,0,0,0,0,0
9310,7680,9999, ,Shreveport-Bossier City LA MSA,50,50,5021,0,0,0,0,0,0,0,0,0,50,50,5021,0,0,0,0,0,0,0,0,0
9310,7720,9999, ,Sioux City IA-NE MSA,20,20,1671,0,0,0,0,0,0,1,9,280,2,2,290,0,0,0,0,0,0,0,0,0
9310,7760,9999, ,Sioux Falls SD MSA,95,95,8270,1,2,182,0,0,0,0,0,0,95,95,8270,1,2,182,0,0,0,0,0,0
9310,7800,9999, ,South Bend IN MSA,80,80,8044,0,0,0,0,0,0,1,30,528,80,80,8044,0,0,0,0,0,0,1,30,528
9310,7840,9999, ,Spokane WA MSA,209,209,20361,7,14,1068,1,3,119,5,54,2398,209,209,20361,7,14,1068,1,3,119,5,54,2398
9310,7880,9999, ,Springfield IL MSA,77,77,7733,11,22,1290,0,0,0,1,6,159,20,20,2146,1,2,112,0,0,0,0,0,0
9310,7920,9999, ,Springfield MO MSA,154,154,9111,1,2,57,8,32,597,0,0,0,154,154,9111,1,2,57,8,32,597,0,0,0
9310,8000,9999, ,Springfield MA MSA,72,72,9142,10,20,1202,1,4,475,1,8,310,63,63,7796,10,20,1202,1,4,475,1,8,310
9310,8050,9999, ,State College PA MSA,31,31,3480,0,0,0,0,0,0,1,9,329,6,6,734,0,0,0,0,0,0,0,0,0
9310,8080,9999, ,Steubenville-Weirton OH-WV MSA,6,6,490,0,0,0,0,0,0,0,0,0,5,5,382,0,0,0,0,0,0,0,0,0
9310,8120,9999, ,Stockton-Lodi CA MSA,241,241,24344,1,2,58,0,0,0,2,16,946,241,241,24344,1,2,58,0,0,0,2,16,946
9310,8140,9999, ,Sumter SC MSA,45,45,2335,0,0,0,0,0,0,0,0,0,45,45,2335,0,0,0,0,0,0,0,0,0
9310,8160,9999, ,Syracuse NY MSA,152,152,12986,1,2,49,0,0,0,1,5,225,99,99,8514,0,0,0,0,0,0,0,0,60
9310,8240,9999, ,Tallahassee FL MSA,136,136,11904,1,2,85,0,0,0,0,0,0,136,136,11904,1,2,85,0,0,0,0,0,0
9310,8280,9999, ,Tampa-St. Petersburg-Clearwater FL MSA,841,841,73984,8,16,1012,7,28,1164,5,39,1776,822,822,71832,8,16,1012,7,28,1164,4,31,1294
9310,8320,9999, ,Terre Haute IN MSA,39,39,3451,0,0,0,0,0,0,7,56,2026,30,30,3104,0,0,0,0,0,0,7,56,2026
9310,8360,9999, ,Texarkana TX-Texarkana AR MSA,8,8,651,0,0,0,0,0,0,0,0,0,8,8,651,0,0,0,0,0,0,0,0,0
9310,8400,9999, ,Toledo OH MSA,95,95,8980,4,8,423,0,0,0,0,0,0,94,94,8892,4,8,423,0,0,0,0,0,0
9310,8440,9999, ,Topeka KS MSA,71,71,8024,1,2,75,0,0,0,0,0,0,71,71,8024,1,2,75,0,0,0,0,0,0
9310,8520,9999, ,Tucson AZ MSA,520,520,57247,7,14,974,1,4,200,0,0,0,455,455,50097,7,14,974,1,4,200,0,0,0
9310,8560,9999, ,Tulsa OK MSA,251,251,25744,2,4,119,2,6,444,0,0,0,231,231,24154,2,4,119,2,6,444,0,0,0
9310,8600,9999, ,Tuscaloosa AL MSA,42,42,2256,0,0,0,0,0,0,0,0,0,42,42,2256,0,0,0,0,0,0,0,0,0
9310,8640,9999, ,Tyler TX MSA,23,23,3621,0,0,0,0,0,0,0,0,0,23,23,3621,0,0,0,0,0,0,0,0,0
9310,8680,9999, ,Utica-Rome NY MSA,10,10,863,0,0,0,0,0,0,0,0,0,4,4,321,0,0,0,0,0,0,0,0,0
9310,8750,9999, ,Victoria TX MSA,14,14,1242,0,0,0,0,0,0,0,0,0,14,14,1242,0,0,0,0,0,0,0,0,0
9310,8780,9999, ,Visalia-Tulare-Porterville CA MSA,100,100,8023,0,0,0,2,7,263,0,0,0,95,95,7609,0,0,0,1,4,109,0,0,0
9310,8800,9999, ,Waco TX MSA,20,20,2062,0,0,0,0,0,0,0,0,0,16,16,1451,0,0,0,0,0,0,0,0,0
9310,8872,0720, ,Baltimore MD PMSA,964,964,85849,0,0,0,0,0,0,11,121,4911,956,956,85329,0,0,0,0,0,0,10,116,4757
9310,8872,3180, ,Hagerstown MD PMSA,34,34,3089,1,2,80,0,0,0,0,0,0,34,34,3089,1,2,80,0,0,0,0,0,0
9310,8872,8840, ,Washington DC-MD-VA-WV PMSA,2188,2188,207357,0,0,0,0,0,0,10,110,4592,2170,2170,205525,0,0,0,0,0,0,9,103,4417
9310,8880,9999, ,Waterbury CT MSA,53,53,3968,0,0,0,0,0,0,0,0,0,53,53,3968,0,0,0,0,0,0,0,0,0
9310,8920,9999, ,Waterloo-Cedar Falls IA MSA,13,13,1483,1,2,144,0,0,0,0,0,0,6,6,703,1,2,144,0,0,0,0,0,0
9310,8940,9999, ,Wausau WI MSA,15,15,1578,0,0,0,0,0,0,1,12,240,14,14,1479,0,0,0,0,0,0,1,12,240
9310,8960,9999, ,West Palm Beach-Boca Raton FL MSA,509,509,53281,7,14,598,3,12,547,1,8,328,507,507,51982,7,14,598,3,12,547,1,8,328
9310,9000,9999, ,Wheeling WV-OH MSA,4,4,369,0,0,0,0,0,0,0,0,0,2,2,110,0,0,0,0,0,0,0,0,0
9310,9040,9999, ,Wichita KS MSA,197,197,19345,0,0,0,0,0,0,0,0,0,188,188,18647,0,0,0,0,0,0,0,0,0
9310,9080,9999, ,Wichita Falls TX MSA,11,11,1241,0,0,0,5,20,875,0,0,0,11,11,1241,0,0,0,5,20,875,0,0,0
9310,9140,9999, ,Williamsport PA MSA,6,6,745,0,0,0,0,0,0,1,5,182,5,5,675,0,0,0,0,0,0,0,0,0
9310,9200,9999, ,Wilmington NC MSA,171,171,14136,1,2,107,0,0,0,0,0,0,171,171,14136,1,2,107,0,0,0,0,0,0
9310,9260,9999, ,Yakima WA MSA,38,38,4182,9,18,1123,5,20,678,1,12,512,38,38,4182,9,18,1123,5,20,678,1,12,512
9310,9280,9999, ,York PA MSA,141,141,11781,3,6,175,1,4,240,0,0,0,123,123,10554,0,0,0,1,4,240,0,0,0
9310,9320,9999, ,Youngstown-Warren OH MSA,109,109,12071,5,10,600,3,10,669,0,0,0,109,109,12071,5,10,600,2,6,470,0,0,0
9310,9340,9999, ,Yuba City CA MSA,68,68,7493,0,0,0,0,0,0,0,0,0,68,68,7493,0,0,0,0,0,0,0,0,0
9310,9360,9999, ,Yuma AZ MSA,67,67,4255,0,0,0,0,0,0,0,0,0,67,67,4255,0,0,0,0,0,0,0,0,0
9310,1122,9999,,Boston-Brockton-Nashua MA-NH-ME-CT CMSA ,1469,1469,160943,12,24,1817,1,3,139,7,78,2776,920,920,99820,7,14,1301,0,0,0,3,54,1267
9310,1602,9999,,Chicago-Gary-Kenosha IL-IN-WI CMSA,2773,2773,357476,23,46,2850,52,198,15123,41,508,22614,2513,2513,329082,12,24,1386,49,188,14633,36,483,21632
9310,1642,9999,,Cincinnati-Hamilton OH-KY-IN CMSA ,751,751,87160,16,32,1407,5,19,1391,24,392,10258,567,567,71044,12,24,1068,5,19,1391,22,377,9756
9310,1692,9999,,Cleveland-Akron OH CMSA ,749,749,104743,20,40,2699,9,31,1790,7,48,1724,542,542,79322,13,26,1956,5,17,1188,0,0,0
9310,1922,9999,,Dallas-Fort Worth TX CMSA ,1773,1773,212363,2,4,338,0,0,0,6,89,3000,1524,1524,178761,2,4,338,0,0,0,6,89,3000
9310,2082,9999,,Denver-Boulder-Greeley CO CMSA,1269,1269,151334,6,12,727,2,8,503,0,0,0,1161,1161,138476,6,12,727,2,8,503,0,0,0
9310,2162,9999,,Detroit-Ann Arbor-Flint MI CMSA ,1465,1465,155295,2,4,171,19,72,4982,14,110,3661,1304,1304,141029,2,4,171,16,63,4280,6,48,1714
9310,3362,9999,,Houston-Galveston-Brazoria TX CMSA,1158,1158,109939,0,0,0,0,0,0,11,214,8532,1050,1050,95957,0,0,0,0,0,0,9,193,7915
9310,4472,9999,,Los Angeles-Riverside-Orange County CA CMSA ,1421,1421,193224,11,22,1668,9,30,2958,20,278,18044,1353,1353,182106,8,16,1275,7,24,2457,16,252,16477
9310,4992,9999,,Miami-Fort Lauderdale FL CMSA ,922,922,97807,6,12,585,2,8,748,2,54,2305,917,917,97464,6,12,585,2,8,748,2,54,2305
9310,5082,9999,,Milwaukee-Racine WI CMSA,483,483,61938,22,44,3904,2,8,615,16,208,7714,373,373,47783,18,36,3436,2,8,615,10,177,6675
9310,5602,9999,,New York-Northern New Jersey-Long Island NY-NJ-CT-PA CMSA ,2504,2504,252089,141,282,17126,25,79,4444,32,654,26313,2026,2026,199584,133,266,16205,23,73,4127,22,579,23100
9310,6162,9999,,Philadelphia-Wilmington-Atlantic City PA-NJ-DE-MD CMSA,1634,1634,141892,14,28,1819,3,12,425,7,68,3764,1164,1164,105890,9,18,1330,3,12,425,3,22,980
9310,6442,9999,,Portland-Salem OR-WA CMSA ,1063,1063,115264,9,18,999,2,8,388,28,335,15711,1032,1032,112481,7,14,858,2,8,388,28,335,15711
9310,6922,9999,,Sacramento-Yolo CA CMSA ,658,658,81982,3,6,495,1,3,312,2,28,1749,658,658,81982,3,6,495,1,3,312,2,28,1749
9310,7362,9999,,San Francisco-Oakland-San Jose CA CMSA,930,930,138585,12,24,2304,7,21,1321,15,230,14976,915,915,134424,12,24,2304,7,21,1321,15,230,14976
9310,7602,9999,,Seattle-Tacoma-Bremerton WA CMSA,1442,1442,157496,31,62,4597,18,67,4373,37,635,39440,1235,1235,133956,29,58,4345,17,64,4113,33,604,37536
9310,8872,9999,,Washington-Baltimore DC-MD-VA-WV CMSA ,3186,3186,296295,1,2,80,0,0,0,21,231,9503,3160,3160,293943,1,2,80,0,0,0,19,219,9174
