Survey,MSA/,PMSA,,MA,,1-unit,,,2-units,,,3-4 units,,,5+ units,,,1-unit rep,,,2-units rep,,,3-4 units rep,,,5+ units rep
Date,CMSA,,,Name,Bldgs,Units,Value,Bldgs,Units,Value,Bldgs,Units,Value,Bldgs,Units,Value,Bldgs,Units,Value,Bldgs,Units,Value,Bldgs,Units,Value,Bldgs,Units,Value

9404,0040,9999, ,Abilene TX MSA,27,27,2807,0,0,0,0,0,0,0,0,0,27,27,2807,0,0,0,0,0,0,0,0,0
9404,0120,9999, ,Albany GA MSA,31,31,2012,9,18,606,0,0,0,1,18,316,31,31,2012,9,18,606,0,0,0,1,18,316
9404,0160,9999, ,Albany-Schenectady-Troy NY MSA,239,239,24491,1,2,112,0,0,0,3,21,603,220,220,22792,1,2,112,0,0,0,2,16,420
9404,0200,9999, ,Albuquerque NM MSA,493,493,43749,0,0,0,0,0,0,38,424,17485,493,493,43749,0,0,0,0,0,0,38,424,17485
9404,0220,9999, ,Alexandria LA MSA,32,32,3128,0,0,0,0,0,0,0,0,0,32,32,3128,0,0,0,0,0,0,0,0,0
9404,0240,9999, ,Allentown-Bethlehem-Easton PA MSA,203,203,20421,0,0,0,2,6,387,3,30,1140,200,200,20110,0,0,0,2,6,387,3,30,1140
9404,0280,9999, ,Altoona PA MSA,7,7,664,0,0,0,0,0,0,0,0,0,6,6,593,0,0,0,0,0,0,0,0,0
9404,0320,9999, ,Amarillo TX MSA,52,52,6291,0,0,0,0,0,0,0,0,0,52,52,6291,0,0,0,0,0,0,0,0,0
9404,0380,9999, ,Anchorage AK MSA,110,110,18555,0,0,0,0,0,0,0,0,0,110,110,18555,0,0,0,0,0,0,0,0,0
9404,0450,9999, ,Anniston AL MSA,37,37,1918,0,0,0,0,0,0,2,16,350,37,37,1918,0,0,0,0,0,0,2,16,350
9404,0460,9999, ,Appleton-Oshkosh-Neenah WI MSA,200,200,20567,18,36,2318,0,0,0,6,74,1772,136,136,14578,14,28,1868,0,0,0,4,64,1556
9404,0480,9999, ,Asheville NC MSA,57,57,6353,0,0,0,1,4,100,0,0,0,57,57,6353,0,0,0,1,4,100,0,0,0
9404,0500,9999, ,Athens GA MSA,52,52,5203,0,0,0,2,6,276,4,20,835,42,42,4315,0,0,0,2,6,276,4,20,835
9404,0520,9999, ,Atlanta GA MSA,3012,3012,279639,5,10,292,4,15,485,34,530,21029,2984,2984,278221,5,10,292,4,15,485,34,530,21029
9404,0600,9999, ,Augusta-Aiken GA-SC MSA,195,195,16613,0,0,0,0,0,0,2,33,1511,195,195,16613,0,0,0,0,0,0,2,33,1511
9404,0640,9999, ,Austin-San Marcos TX MSA,692,692,75824,3,6,419,0,0,0,34,835,24299,683,683,75103,3,6,419,0,0,0,34,835,24299
9404,0680,9999, ,Bakersfield CA MSA,287,287,28631,0,0,0,2,8,405,8,40,906,287,287,28631,0,0,0,2,8,405,8,40,906
9404,0730,9999, ,Bangor ME MSA,12,12,1062,0,0,0,0,0,0,0,0,0,10,10,904,0,0,0,0,0,0,0,0,0
9404,0740,9999, ,Barnstable-Yarmouth MA MSA,98,98,10220,0,0,0,0,0,0,0,0,0,98,98,10220,0,0,0,0,0,0,0,0,0
9404,0760,9999, ,Baton Rouge LA MSA,174,174,13435,0,0,0,1,4,75,0,0,0,171,171,13220,0,0,0,1,4,75,0,0,0
9404,0840,9999, ,Beaumont-Port Arthur TX MSA,70,70,6232,1,2,103,0,0,0,4,92,1200,57,57,5019,1,2,103,0,0,0,4,92,1200
9404,0860,9999, ,Bellingham WA MSA,133,133,13339,4,8,925,2,8,364,0,0,0,126,126,12725,4,8,925,2,8,364,0,0,0
9404,0870,9999, ,Benton Harbor MI MSA,13,13,1249,2,4,140,0,0,0,0,0,0,4,4,308,2,4,140,0,0,0,0,0,0
9404,0880,9999, ,Billings MT MSA,39,39,3857,0,0,0,0,0,0,0,0,0,39,39,3857,0,0,0,0,0,0,0,0,0
9404,0920,9999, ,Biloxi-Gulfport-Pascagoula MS MSA,210,210,12591,1,2,70,0,0,0,0,0,0,197,197,11788,1,2,70,0,0,0,0,0,0
9404,0960,9999, ,Binghamton NY MSA,15,15,2121,1,2,115,0,0,0,0,0,0,15,15,2121,1,2,115,0,0,0,0,0,0
9404,1000,9999, ,Birmingham AL MSA,413,413,48578,0,0,0,0,0,0,4,60,1945,335,335,41723,0,0,0,0,0,0,3,55,1832
9404,1010,9999, ,Bismarck ND MSA,75,75,8128,1,2,148,0,0,0,0,0,0,75,75,8128,1,2,148,0,0,0,0,0,0
9404,1020,9999, ,Bloomington IN MSA,87,87,8948,3,6,556,2,8,600,6,44,1850,87,87,8948,3,6,556,2,8,600,6,44,1850
9404,1040,9999, ,Bloomington-Normal IL MSA,80,80,7647,2,4,243,0,0,0,3,24,668,80,80,7647,2,4,243,0,0,0,3,24,668
9404,1080,9999, ,Boise City ID MSA,502,502,48286,34,68,3945,26,103,4463,4,24,1067,502,502,48286,34,68,3945,26,103,4463,4,24,1067
9404,1122,1120, ,Boston MA-NH PMSA,651,651,84745,5,10,654,1,4,160,6,53,2794,586,586,77900,3,6,344,1,4,160,4,43,2357
9404,1122,1200, ,Brockton MA PMSA,55,55,6303,0,0,0,0,0,0,0,0,0,54,54,6214,0,0,0,0,0,0,0,0,0
9404,1122,2600, ,Fitchburg-Leominster MA PMSA,24,24,2260,0,0,0,1,4,300,0,0,0,13,13,1394,0,0,0,1,4,300,0,0,0
9404,1122,4160, ,Lawrence MA-NH PMSA,142,142,15809,4,8,435,0,0,0,0,0,0,99,99,9585,3,6,334,0,0,0,0,0,0
9404,1122,4560, ,Lowell MA-NH PMSA,96,96,10447,0,0,0,0,0,0,0,0,0,74,74,8109,0,0,0,0,0,0,0,0,0
9404,1122,4760, ,Manchester NH PMSA,70,70,7536,0,0,0,0,0,0,0,0,0,70,70,7536,0,0,0,0,0,0,0,0,0
9404,1122,5350, ,Nashua NH PMSA,67,67,6643,0,0,0,0,0,0,0,0,0,63,63,6270,0,0,0,0,0,0,0,0,0
9404,1122,5400, ,New Bedford MA PMSA,33,33,2996,0,0,0,0,0,0,0,0,0,33,33,2996,0,0,0,0,0,0,0,0,0
9404,1122,6450, ,Portsmouth-Rochester NH-ME PMSA,70,70,6970,1,2,60,0,0,0,0,0,0,61,61,6099,1,2,60,0,0,0,0,0,0
9404,1122,9240, ,Worcester MA-CT PMSA,170,170,17067,0,0,0,0,0,0,1,5,250,136,136,13915,0,0,0,0,0,0,1,5,250
9404,1240,9999, ,Brownsville-Harlingen-San Benito TX MSA,144,144,7024,5,10,288,0,0,0,4,99,10634,141,141,6908,5,10,288,0,0,0,4,99,10634
9404,1260,9999, ,Bryan-College Station TX MSA,65,65,5888,4,8,363,0,0,0,0,0,0,65,65,5888,4,8,363,0,0,0,0,0,0
9404,1280,9999, ,Buffalo-Niagara Falls NY MSA,223,223,24425,9,18,1459,1,4,130,1,12,500,218,218,23945,9,18,1459,1,4,130,1,12,500
9404,1305,9999, ,Burlington VT MSA,71,71,8242,0,0,0,4,16,900,0,0,0,60,60,7209,0,0,0,4,16,900,0,0,0
9404,1320,9999, ,Canton-Massillon OH MSA,133,133,16699,4,8,600,0,0,0,2,32,1000,133,133,16699,4,8,600,0,0,0,2,32,1000
9404,1350,9999, ,Casper WY MSA,12,12,1534,0,0,0,0,0,0,0,0,0,12,12,1534,0,0,0,0,0,0,0,0,0
9404,1360,9999, ,Cedar Rapids IA MSA,93,93,8272,1,2,161,0,0,0,0,0,0,90,90,8072,1,2,161,0,0,0,0,0,0
9404,1400,9999, ,Champaign-Urbana IL MSA,42,42,5056,1,2,124,0,0,0,1,7,261,42,42,5056,1,2,124,0,0,0,1,7,261
9404,1440,9999, ,Charleston-North Charleston SC MSA,271,271,28299,0,0,0,0,0,0,1,5,115,221,221,24077,0,0,0,0,0,0,0,0,0
9404,1480,9999, ,Charleston WV MSA,50,50,5493,0,0,0,1,4,60,0,0,0,50,50,5493,0,0,0,1,4,60,0,0,0
9404,1520,9999, ,Charlotte-Gastonia-Rock Hill NC-SC MSA,983,983,99633,6,12,482,1,4,712,7,72,2800,982,982,99591,6,12,482,1,4,712,7,72,2800
9404,1540,9999, ,Charlottesville VA MSA,84,84,9233,3,6,493,0,0,0,2,13,633,84,84,9233,3,6,493,0,0,0,2,13,633
9404,1560,9999, ,Chattanooga TN-GA MSA,214,214,18860,2,4,132,0,0,0,1,11,360,198,198,18057,2,4,132,0,0,0,1,11,360
9404,1580,9999, ,Cheyenne WY MSA,33,33,3329,0,0,0,0,0,0,0,0,0,33,33,3329,0,0,0,0,0,0,0,0,0
9404,1602,1600, ,Chicago IL PMSA,2543,2543,321128,32,64,4718,34,124,11776,29,303,20346,2373,2373,301916,28,56,4115,34,124,11776,26,288,19835
9404,1602,2960, ,Gary IN PMSA,282,282,32843,10,20,1124,0,0,0,0,0,0,281,281,32739,10,20,1124,0,0,0,0,0,0
9404,1602,3740, ,Kankakee IL PMSA,72,72,6820,1,2,160,1,4,150,0,0,0,72,72,6820,1,2,160,1,4,150,0,0,0
9404,1602,3800, ,Kenosha WI PMSA,70,70,6698,1,2,130,1,4,152,3,20,758,70,70,6698,1,2,130,1,4,152,3,20,758
9404,1620,9999, ,Chico-Paradise CA MSA,76,76,8040,1,2,111,1,3,160,22,156,6547,76,76,8040,1,2,111,1,3,160,22,156,6547
9404,1642,1640, ,Cincinnati OH-KY-IN PMSA,674,674,75589,7,14,620,0,0,0,13,117,7884,640,640,72610,7,14,620,0,0,0,10,80,6687
9404,1642,3200, ,Hamilton-Middletown OH PMSA,195,195,23459,0,0,0,3,11,1000,1,5,500,195,195,23459,0,0,0,3,11,1000,1,5,500
9404,1660,9999, ,Clarksville-Hopkinsville TN-KY MSA,149,149,8518,0,0,0,0,0,0,1,6,200,149,149,8518,0,0,0,0,0,0,1,6,200
9404,1692,0080, ,Akron OH PMSA,263,263,33325,5,10,387,11,38,1115,5,64,2285,263,263,33325,5,10,387,11,38,1115,5,64,2285
9404,1692,1680, ,Cleveland-Lorain-Elyria OH PMSA,673,673,97765,3,6,600,14,53,2851,0,0,0,620,620,90334,3,6,600,13,50,2851,0,0,0
9404,1720,9999, ,Colorado Springs CO MSA,456,456,39661,1,2,176,1,4,139,0,0,0,456,456,39661,1,2,176,1,4,139,0,0,0
9404,1740,9999, ,Columbia MO MSA,96,96,10101,12,24,1410,4,16,570,0,0,0,96,96,10101,12,24,1410,4,16,570,0,0,0
9404,1760,9999, ,Columbia SC MSA,268,268,21426,0,0,0,0,0,0,11,238,6459,267,267,21374,0,0,0,0,0,0,11,238,6459
9404,1800,9999, ,Columbus GA-AL MSA,105,105,10217,3,6,300,1,3,65,1,9,195,105,105,10217,3,6,300,1,3,65,1,9,195
9404,1840,9999, ,Columbus OH MSA,832,832,105346,9,18,1172,32,127,3310,12,91,2102,597,597,84230,4,8,615,16,64,2014,0,0,0
9404,1880,9999, ,Corpus Christi TX MSA,86,86,8595,0,0,0,1,4,160,1,6,75,86,86,8595,0,0,0,1,4,160,1,6,75
9404,1900,9999, ,Cumberland MD-WV MSA,24,24,1549,0,0,0,0,0,0,0,0,0,24,24,1549,0,0,0,0,0,0,0,0,0
9404,1922,1920, ,Dallas TX PMSA,1568,1568,206246,3,6,360,1,4,290,114,1282,47041,1558,1558,205560,3,6,360,1,4,290,114,1282,47041
9404,1922,2800, ,Fort Worth-Arlington TX PMSA,624,624,73330,3,6,220,13,50,950,8,50,1150,597,597,69723,3,6,220,13,50,950,7,42,947
9404,1950,9999, ,Danville VA MSA,42,42,2860,0,0,0,0,0,0,0,0,0,5,5,535,0,0,0,0,0,0,0,0,0
9404,1960,9999, ,Davenport-Moline-Rock Island IA-IL MSA,85,85,9538,1,2,75,0,0,0,0,0,0,81,81,9105,1,2,75,0,0,0,0,0,0
9404,2000,9999, ,Dayton-Springfield OH MSA,219,219,26997,3,6,370,1,3,181,8,54,2995,213,213,26447,2,4,230,1,3,181,8,54,2995
9404,2020,9999, ,Daytona Beach FL MSA,182,182,15899,1,2,193,0,0,0,0,0,0,182,182,15899,1,2,193,0,0,0,0,0,0
9404,2030,9999, ,Decatur Al MSA,51,51,3965,0,0,0,0,0,0,0,0,0,43,43,3638,0,0,0,0,0,0,0,0,0
9404,2040,9999, ,Decatur IL MSA,17,17,1931,0,0,0,0,0,0,0,0,0,17,17,1931,0,0,0,0,0,0,0,0,0
9404,2082,1125, ,Boulder-Longmont CO PMSA,199,199,22759,0,0,0,0,0,0,8,122,6704,197,197,22573,0,0,0,0,0,0,8,122,6704
9404,2082,2080, ,Denver CO PMSA,1290,1290,157765,1,2,209,0,0,0,36,608,28859,1263,1263,154981,1,2,209,0,0,0,36,608,28859
9404,2082,3060, ,Greeley CO PMSA,94,94,8653,3,6,242,4,16,576,0,0,0,93,93,8520,3,6,242,4,16,576,0,0,0
9404,2120,9999, ,Des Moines IA MSA,324,324,33809,6,12,613,2,8,475,30,294,10991,323,323,33769,6,12,613,2,8,475,30,294,10991
9404,2162,0440, ,Ann Arbor MI PMSA,358,358,35875,0,0,0,1,3,209,3,26,780,336,336,34479,0,0,0,1,3,209,3,26,780
9404,2162,2160, ,Detroit MI PMSA,1480,1480,163549,4,8,394,4,16,1282,8,117,5096,1413,1413,156391,3,6,317,3,12,879,6,93,4310
9404,2162,2640, ,Flint MI PMSA,178,178,19596,1,2,180,0,0,0,0,0,0,177,177,19527,1,2,180,0,0,0,0,0,0
9404,2180,9999, ,Dothan AL MSA,36,36,2451,0,0,0,0,0,0,0,0,0,36,36,2451,0,0,0,0,0,0,0,0,0
9404,2190,9999, ,Dover DE MSA,90,90,6110,0,0,0,0,0,0,6,78,2310,90,90,6110,0,0,0,0,0,0,6,78,2310
9404,2200,9999, ,Dubuque IA MSA,30,30,3092,1,2,97,1,4,260,1,47,1923,27,27,2715,1,2,97,1,4,260,1,47,1923
9404,2240,9999, ,Duluth-Superior MN-WI MSA,47,47,4076,1,2,90,1,3,130,2,20,500,33,33,2819,1,2,90,1,3,130,2,20,500
9404,2290,9999, ,Eau Claire WI MSA,50,50,4983,1,2,170,3,12,500,0,0,0,38,38,3769,1,2,170,3,12,500,0,0,0
9404,2320,9999, ,El Paso TX MSA,222,222,12550,0,0,0,0,0,0,46,676,15505,222,222,12550,0,0,0,0,0,0,46,676,15505
9404,2330,9999, ,Elkhart-Goshen IN MSA,84,84,8620,0,0,0,0,0,0,0,0,0,84,84,8620,0,0,0,0,0,0,0,0,0
9404,2335,9999, ,Elmira NY MSA,2,2,221,0,0,0,0,0,0,0,0,0,0,0,0,0,0,0,0,0,0,0,0,0
9404,2340,9999, ,Enid OK MSA,9,9,1160,0,0,0,0,0,0,0,0,0,9,9,1160,0,0,0,0,0,0,0,0,0
9404,2360,9999, ,Erie PA MSA,44,44,5172,2,4,195,1,4,160,0,0,0,44,44,5172,2,4,195,1,4,160,0,0,0
9404,2400,9999, ,Eugene-Springfield OR MSA,153,153,18199,5,10,615,0,0,0,0,0,0,153,153,18199,5,10,615,0,0,0,0,0,0
9404,2440,9999, ,Evansville-Henderson IN-KY MSA,103,103,9003,0,0,0,0,0,0,1,8,375,95,95,8197,0,0,0,0,0,0,1,8,375
9404,2520,9999, ,Fargo-Moorhead ND-MN MSA,89,89,8335,3,6,285,2,8,440,4,105,2750,89,89,8335,3,6,285,2,8,440,4,105,2750
9404,2560,9999, ,Fayetteville NC MSA,209,209,14651,1,2,15,0,0,0,8,148,5095,209,209,14651,1,2,15,0,0,0,8,148,5095
9404,2580,9999, ,Fayetteville-Springdale-Rogers AR MSA,175,175,13042,25,50,2420,5,20,714,0,0,0,175,175,13042,25,50,2420,5,20,714,0,0,0
9404,2650,9999, ,Florence AL MSA,18,18,976,0,0,0,0,0,0,0,0,0,18,18,976,0,0,0,0,0,0,0,0,0
9404,2655,9999, ,Florence SC MSA,43,43,3811,0,0,0,0,0,0,1,20,797,10,10,892,0,0,0,0,0,0,0,0,0
9404,2670,9999, ,Fort Collins-Loveland CO MSA,206,206,20887,5,10,740,2,7,320,0,0,0,206,206,20887,5,10,740,2,7,320,0,0,0
9404,2700,9999, ,Fort Myers-Cape Coral FL MSA,288,288,26777,13,26,1968,10,36,3685,5,78,5657,288,288,26777,13,26,1968,10,36,3685,5,78,5657
9404,2710,9999, ,Fort Pierce-Port St. Lucie FL MSA,157,157,21169,5,10,918,1,4,431,2,114,12128,157,157,21169,5,10,918,1,4,431,2,114,12128
9404,2720,9999, ,Fort Smith AR-OK MSA,65,65,5342,1,2,97,0,0,0,0,0,0,65,65,5342,1,2,97,0,0,0,0,0,0
9404,2750,9999, ,Fort Walton Beach FL MSA,99,99,7998,1,2,160,0,0,0,0,0,0,99,99,7998,1,2,160,0,0,0,0,0,0
9404,2760,9999, ,Fort Wayne IN MSA,235,235,30314,0,0,0,0,0,0,0,0,0,235,235,30314,0,0,0,0,0,0,0,0,0
9404,2840,9999, ,Fresno CA MSA,400,400,35890,0,0,0,1,4,103,5,42,1441,400,400,35890,0,0,0,1,4,103,5,42,1441
9404,2880,9999, ,Gadsden AL MSA,16,16,1067,0,0,0,0,0,0,0,0,0,15,15,1057,0,0,0,0,0,0,0,0,0
9404,2900,9999, ,Gainesville FL MSA,76,76,8119,0,0,0,0,0,0,0,0,0,76,76,8119,0,0,0,0,0,0,0,0,0
9404,2975,9999, ,Glens Falls NY MSA,52,52,5384,4,8,442,1,4,640,0,0,0,41,41,4772,3,6,340,1,4,640,0,0,0
9404,2980,9999, ,Goldsboro NC MSA,47,47,3565,0,0,0,2,8,356,0,0,0,10,10,1045,0,0,0,2,8,356,0,0,0
9404,2985,9999, ,Grand Forks ND-MN MSA,26,26,2261,0,0,0,0,0,0,0,0,0,26,26,2261,0,0,0,0,0,0,0,0,0
9404,3000,9999, ,Grand Rapids-Muskegon-Holland MI MSA,514,514,52004,7,14,695,4,16,988,6,150,4366,438,438,45471,7,14,695,3,12,780,3,130,3405
9404,3040,9999, ,Great Falls MT MSA,12,12,1461,0,0,0,0,0,0,0,0,0,12,12,1461,0,0,0,0,0,0,0,0,0
9404,3080,9999, ,Green Bay WI MSA,86,86,10596,10,20,1274,0,0,0,9,90,2416,74,74,9248,7,14,914,0,0,0,8,82,2186
9404,3120,9999, ,Greensboro--Winston-Salem--High Point NC MSA,660,660,59779,5,10,639,1,3,95,4,24,683,653,653,59235,5,10,639,1,3,95,4,24,683
9404,3150,9999, ,Greenville NC MSA,76,76,6848,0,0,0,0,0,0,12,134,3506,76,76,6848,0,0,0,0,0,0,12,134,3506
9404,3160,9999, ,Greenville-Spartanburg-Anderson SC MSA,490,490,40589,5,10,416,1,4,120,4,29,1005,488,488,40339,5,10,416,1,4,120,3,24,757
9404,3240,9999, ,Harrisburg-Lebanon-Carlisle PA MSA,245,245,22641,0,0,0,0,0,0,1,5,261,242,242,22485,0,0,0,0,0,0,0,0,0
9404,3280,9999, ,Hartford CT MSA,262,262,26281,0,0,0,2,8,500,0,0,0,258,258,25878,0,0,0,2,8,500,0,0,0
9404,3290,9999, ,Hickory-Morganton NC MSA,131,131,13391,2,4,92,0,0,0,0,0,0,107,107,11583,1,2,70,0,0,0,0,0,0
9404,3320,9999, ,Honolulu HI MSA,66,66,15686,2,4,570,0,0,0,20,196,12976,66,66,15686,2,4,570,0,0,0,20,196,12976
9404,3350,9999, ,Houma LA MSA,61,61,5153,0,0,0,0,0,0,0,0,0,61,61,5153,0,0,0,0,0,0,0,0,0
9404,3362,1145, ,Brazoria TX PMSA,117,117,8489,1,2,240,0,0,0,1,38,1500,117,117,8489,1,2,240,0,0,0,1,38,1500
9404,3362,2920, ,Galveston-Texas City TX PMSA,127,127,12947,0,0,0,0,0,0,0,0,0,126,126,12858,0,0,0,0,0,0,0,0,0
9404,3362,3360, ,Houston TX PMSA,1382,1382,129375,1,2,94,0,0,0,30,633,25931,1365,1365,128031,1,2,94,0,0,0,30,633,25931
9404,3400,9999, ,Huntington-Ashland WV-KY-OH MSA,16,16,1471,0,0,0,1,4,70,0,0,0,12,12,1152,0,0,0,1,4,70,0,0,0
9404,3440,9999, ,Huntsville AL MSA,101,101,4563,0,0,0,0,0,0,0,0,0,101,101,4563,0,0,0,0,0,0,0,0,0
9404,3480,9999, ,Indianapolis IN MSA,963,963,117123,11,22,1095,1,3,335,7,71,2722,908,908,111336,10,20,1031,0,0,20,7,71,2722
9404,3500,9999, ,Iowa City IA MSA,65,65,8024,8,16,1360,2,7,539,2,20,385,65,65,8024,8,16,1360,2,7,539,2,20,385
9404,3520,9999, ,Jackson MI MSA,25,25,2558,0,0,0,0,0,0,0,0,0,23,23,2441,0,0,0,0,0,0,0,0,0
9404,3560,9999, ,Jackson MS MSA,242,242,20219,1,2,100,0,0,0,0,0,0,242,242,20219,1,2,100,0,0,0,0,0,0
9404,3580,9999, ,Jackson TN MSA,51,51,3813,0,0,0,0,0,0,1,5,180,51,51,3813,0,0,0,0,0,0,1,5,180
9404,3600,9999, ,Jacksonville FL MSA,744,744,66955,3,6,429,0,0,0,1,58,3500,744,744,66955,3,6,429,0,0,0,1,58,3500
9404,3605,9999, ,Jacksonville NC MSA,60,60,3544,0,0,0,0,0,0,0,0,0,60,60,3544,0,0,0,0,0,0,0,0,0
9404,3610,9999, ,Jamestown NY MSA,3,3,163,0,0,0,0,0,0,0,0,0,1,1,40,0,0,0,0,0,0,0,0,0
9404,3620,9999, ,Janesville-Beloit WI MSA,16,16,1505,6,12,736,1,4,130,0,0,0,16,16,1505,6,12,736,1,4,130,0,0,0
9404,3660,9999, ,Johnson City-Kingsport-Bristol TN-VA MSA,129,129,9997,2,4,130,0,0,0,2,15,459,81,81,6869,2,4,130,0,0,0,1,6,180
9404,3680,9999, ,Johnstown PA MSA,10,10,968,0,0,0,1,4,180,0,0,0,7,7,702,0,0,0,1,4,180,0,0,0
9404,3710,9999, ,Joplin MO MSA,8,8,695,7,14,853,0,0,0,0,0,0,8,8,695,7,14,853,0,0,0,0,0,0
9404,3720,9999, ,Kalamazoo-Battle Creek MI MSA,94,94,11335,2,4,200,1,3,200,1,16,265,83,83,10576,2,4,200,1,3,200,0,0,0
9404,3760,9999, ,Kansas City MO-KS MSA,856,856,90203,10,20,1139,1,4,106,28,220,6484,813,813,86436,10,20,1139,0,0,0,28,220,6484
9404,3810,9999, ,Killeen-Temple TX MSA,153,153,13419,2,4,195,0,0,0,0,0,0,153,153,13419,2,4,195,0,0,0,0,0,0
9404,3840,9999, ,Knoxville TN MSA,372,372,29047,6,12,360,0,0,0,1,12,375,355,355,27102,6,12,360,0,0,0,1,12,375
9404,3850,9999, ,Kokomo IN MSA,28,28,4258,5,10,719,0,0,0,0,0,0,28,28,4258,5,10,719,0,0,0,0,0,0
9404,3870,9999, ,La Crosse WI-MN MSA,32,32,3200,0,0,0,1,4,170,1,6,255,32,32,3200,0,0,0,1,4,170,1,6,255
9404,3880,9999, ,Lafayette LA MSA,108,108,8550,0,0,0,0,0,0,0,0,0,108,108,8550,0,0,0,0,0,0,0,0,0
9404,3920,9999, ,Lafayette IN MSA,67,67,7132,1,2,45,0,0,0,1,11,250,67,67,7132,1,2,45,0,0,0,1,11,250
9404,3960,9999, ,Lake Charles LA MSA,64,64,6054,1,2,50,1,4,100,0,0,0,64,64,6054,1,2,50,1,4,100,0,0,0
9404,3980,9999, ,Lakeland-Winter Haven FL MSA,181,181,11936,3,6,238,0,0,0,1,8,502,181,181,11936,3,6,238,0,0,0,1,8,502
9404,4000,9999, ,Lancaster PA MSA,163,163,15315,0,0,0,1,4,320,0,0,0,149,149,14202,0,0,0,1,4,320,0,0,0
9404,4040,9999, ,Lansing-East Lansing MI MSA,170,170,17847,1,2,180,0,0,0,2,31,859,163,163,17185,1,2,180,0,0,0,1,24,719
9404,4080,9999, ,Laredo TX MSA,94,94,4758,0,0,0,0,0,0,2,12,275,94,94,4758,0,0,0,0,0,0,2,12,275
9404,4100,9999, ,Las Cruces NM MSA,77,77,6988,0,0,0,0,0,0,1,88,2100,77,77,6988,0,0,0,0,0,0,1,88,2100
9404,4120,9999, ,Las Vegas NV-AZ MSA,1831,1831,134790,3,6,319,18,72,3162,69,527,20922,1831,1831,134790,3,6,319,18,72,3162,69,527,20922
9404,4150,9999, ,Lawrence KS MSA,85,85,8219,15,30,1419,8,24,1332,0,0,0,85,85,8219,15,30,1419,8,24,1332,0,0,0
9404,4200,9999, ,Lawton OK MSA,12,12,1197,0,0,0,1,4,100,0,0,0,10,10,1075,0,0,0,1,4,100,0,0,0
9404,4240,9999, ,Lewiston-Auburn ME MSA,26,26,1316,0,0,0,0,0,0,0,0,0,22,22,966,0,0,0,0,0,0,0,0,0
9404,4280,9999, ,Lexington KY MSA,317,317,26138,3,6,218,6,22,712,6,134,2510,290,290,24206,2,4,130,5,19,532,6,134,2510
9404,4320,9999, ,Lima OH MSA,18,18,2238,1,2,121,0,0,0,0,0,0,18,18,2238,1,2,121,0,0,0,0,0,0
9404,4360,9999, ,Lincoln NE MSA,118,118,13332,1,2,70,1,4,150,0,0,0,118,118,13332,1,2,70,1,4,150,0,0,0
9404,4400,9999, ,Little Rock-North Little Rock AR MSA,251,251,25538,4,8,785,0,0,0,0,0,0,251,251,25538,4,8,785,0,0,0,0,0,0
9404,4420,9999, ,Longview-Marshall TX MSA,21,21,1974,0,0,0,0,0,0,0,0,0,21,21,1974,0,0,0,0,0,0,0,0,0
9404,4472,4480, ,Los Angeles-Long Beach CA PMSA,298,298,49705,9,18,1462,3,10,626,8,65,4614,292,292,49240,9,18,1462,2,6,388,7,55,4153
9404,4472,5945, ,Orange County CA PMSA,695,695,115262,2,4,334,4,15,1151,31,382,23799,695,695,115262,2,4,334,4,15,1151,31,382,23799
9404,4472,6780, ,Riverside-San Bernardino CA PMSA,921,921,119826,3,6,528,10,40,2174,5,38,1931,891,891,116390,2,4,337,10,40,2174,5,38,1931
9404,4472,8735, ,Ventura CA PMSA,104,104,15638,9,18,1943,0,0,0,0,0,0,104,104,15638,9,18,1943,0,0,0,0,0,0
9404,4520,9999, ,Louisville KY-IN MSA,393,393,42676,2,4,96,1,4,100,9,146,2500,374,374,41332,2,4,96,1,4,100,9,146,2500
9404,4600,9999, ,Lubbock TX MSA,86,86,8502,2,4,261,0,0,0,0,0,0,86,86,8502,2,4,261,0,0,0,0,0,0
9404,4640,9999, ,Lynchburg VA MSA,97,97,9260,3,6,560,0,0,0,0,0,0,87,87,8159,3,6,560,0,0,0,0,0,0
9404,4680,9999, ,Macon GA MSA,143,143,10079,0,0,0,0,0,0,0,0,0,143,143,10079,0,0,0,0,0,0,0,0,0
9404,4720,9999, ,Madison WI MSA,210,210,25822,9,18,1850,1,4,215,8,111,4237,209,209,25742,9,18,1850,1,4,215,8,111,4237
9404,4800,9999, ,Mansfield OH MSA,55,55,5796,1,2,100,0,0,0,1,6,250,55,55,5796,1,2,100,0,0,0,1,6,250
9404,4880,9999, ,McAllen-Edinburg-Mission TX MSA,305,305,13095,3,6,159,2,8,126,7,41,983,223,223,8337,0,0,0,1,4,60,2,12,130
9404,4890,9999, ,Medford-Ashland OR MSA,84,84,8781,1,2,130,3,12,644,0,0,0,83,83,8697,1,2,130,3,12,644,0,0,0
9404,4900,9999, ,Melbourne-Titusville-Palm Bay FL MSA,338,338,34191,1,2,223,1,4,196,0,0,0,338,338,34191,1,2,223,1,4,196,0,0,0
9404,4920,9999, ,Memphis TN-AR-MS MSA,672,672,67218,0,0,0,0,0,0,0,0,0,637,637,65154,0,0,0,0,0,0,0,0,0
9404,4940,9999, ,Merced CA MSA,68,68,6496,0,0,0,0,0,0,0,0,0,68,68,6496,0,0,0,0,0,0,0,0,0
9404,4992,2680, ,Fort Lauderdale FL PMSA,839,839,94179,7,14,495,1,4,278,6,99,8835,839,839,94179,7,14,495,1,4,278,6,99,8835
9404,4992,5000, ,Miami FL PMSA,467,467,44752,5,10,481,51,202,9249,18,120,4916,467,467,44752,5,10,481,51,202,9249,18,120,4916
9404,5082,5080, ,Milwaukee-Waukesha WI PMSA,524,524,70414,24,48,4340,3,12,694,17,260,10697,482,482,63349,23,46,4175,3,12,694,15,244,9997
9404,5082,6600, ,Racine WI PMSA,59,59,7143,0,0,0,0,0,0,2,33,967,58,58,7035,0,0,0,0,0,0,1,28,800
9404,5120,9999, ,Minneapolis-St. Paul MN-WI MSA,1487,1487,171103,5,10,1250,5,19,1388,12,240,9670,1457,1457,168122,5,10,1250,4,16,1303,12,240,9670
9404,5160,9999, ,Mobile AL MSA,296,296,18953,5,10,392,1,4,105,1,11,55,96,96,9494,1,2,139,1,4,105,0,0,0
9404,5170,9999, ,Modesto CA MSA,131,131,11496,1,2,58,0,0,0,0,0,0,131,131,11496,1,2,58,0,0,0,0,0,0
9404,5200,9999, ,Monroe LA MSA,60,60,5684,0,0,0,0,0,0,0,0,0,60,60,5684,0,0,0,0,0,0,0,0,0
9404,5240,9999, ,Montgomery AL MSA,162,162,10639,0,0,0,0,0,0,5,36,920,143,143,9609,0,0,0,0,0,0,4,28,770
9404,5280,9999, ,Muncie IN MSA,24,24,2780,0,0,0,0,0,0,0,0,0,24,24,2780,0,0,0,0,0,0,0,0,0
9404,5330,9999, ,Myrtle Beach SC MSA,133,133,10794,0,0,0,1,4,314,5,43,1695,133,133,10794,0,0,0,1,4,314,5,43,1695
9404,5345,9999, ,Naples FL MSA,127,127,14119,3,6,415,10,40,2908,10,98,7715,127,127,14119,3,6,415,10,40,2908,10,98,7715
9404,5360,9999, ,Nashville TN MSA,804,804,78581,4,8,326,0,0,0,40,583,28119,778,778,76372,3,6,276,0,0,0,39,578,28005
9404,5520,9999, ,New London-Norwich CT-RI MSA,54,54,4598,1,2,32,0,0,0,1,5,50,53,53,4529,1,2,32,0,0,0,1,5,50
9404,5560,9999, ,New Orleans LA MSA,312,312,28147,9,18,840,0,0,0,1,6,225,310,310,28073,9,18,840,0,0,0,1,6,225
9404,5602,0875, ,Bergen-Passaic NJ PMSA,152,152,18283,7,14,854,0,0,0,0,0,0,143,143,16552,7,14,854,0,0,0,0,0,0
9404,5602,1160, ,Bridgeport CT PMSA,99,99,10852,0,0,0,1,3,200,0,0,0,96,96,10664,0,0,0,1,3,200,0,0,0
9404,5602,1930, ,Danbury CT PMSA,77,77,11536,0,0,0,0,0,0,0,0,0,77,77,11536,0,0,0,0,0,0,0,0,0
9404,5602,2281, ,Dutchess County NY PMSA,48,48,5399,0,0,0,0,0,0,0,0,0,43,43,4914,0,0,0,0,0,0,0,0,0
9404,5602,3640, ,Jersey City NJ PMSA,1,1,209,0,0,0,0,0,0,0,0,0,1,1,209,0,0,0,0,0,0,0,0,0
9404,5602,5015, ,Middlesex-Somerset-Hunterdon NJ PMSA,297,297,31418,4,8,266,0,0,0,3,49,1598,290,290,30767,3,6,191,0,0,0,3,49,1598
9404,5602,5190, ,Monmouth-Ocean NJ PMSA,509,509,44057,0,0,0,0,0,0,1,5,172,489,489,42498,0,0,0,0,0,0,0,0,0
9404,5602,5380, ,Nassau-Suffolk NY PMSA,270,270,32962,1,2,200,0,0,0,8,96,4300,242,242,31129,1,2,200,0,0,0,8,96,4300
9404,5602,5480, ,New Haven-Meriden CT PMSA,116,116,12403,0,0,0,0,0,0,0,0,0,116,116,12403,0,0,0,0,0,0,0,0,0
9404,5602,5600, ,New York NY PMSA,245,245,31209,76,152,9906,17,51,2893,4,24,1325,238,238,30484,74,148,9571,15,45,2693,4,24,1325
9404,5602,5640, ,Newark NJ PMSA,384,384,37425,11,22,905,0,0,0,2,29,1868,382,382,37237,11,22,905,0,0,0,1,24,1572
9404,5602,5660, ,Newburgh NY-PA PMSA,134,134,12924,0,0,0,0,0,0,2,20,700,124,124,12113,0,0,0,0,0,0,2,20,700
9404,5602,8040, ,Stamford-Norwalk CT PMSA,37,37,11809,1,2,170,0,0,0,0,0,0,34,34,11225,1,2,170,0,0,0,0,0,0
9404,5602,8480, ,Trenton NJ PMSA,72,72,8346,0,0,0,0,0,0,0,0,0,72,72,8346,0,0,0,0,0,0,0,0,0
9404,5602,8880, ,Waterbury CT PMSA,84,84,9323,2,4,186,0,0,0,0,0,0,84,84,9323,2,4,186,0,0,0,0,0,0
9404,5720,9999, ,Norfolk-Virginia Beach-Newport News VA-NC MSA,757,757,68912,9,18,781,0,0,0,6,53,2098,726,726,66595,8,16,741,0,0,0,6,53,2098
9404,5790,9999, ,Ocala FL MSA,243,243,12414,3,6,188,0,0,0,0,0,0,242,242,12292,3,6,188,0,0,0,0,0,0
9404,5800,9999, ,Odessa-Midland TX MSA,34,34,3621,0,0,0,0,0,0,0,0,0,34,34,3621,0,0,0,0,0,0,0,0,0
9404,5880,9999, ,Oklahoma City OK MSA,389,389,43517,5,10,712,0,0,0,1,8,150,389,389,43517,5,10,712,0,0,0,1,8,150
9404,5920,9999, ,Omaha NE-IA MSA,300,300,25655,4,8,468,0,0,0,0,0,0,299,299,25610,4,8,468,0,0,0,0,0,0
9404,5960,9999, ,Orlando FL MSA,1138,1138,108186,0,0,0,0,0,0,21,246,10031,1138,1138,108186,0,0,0,0,0,0,21,246,10031
9404,5990,9999, ,Owensboro KY MSA,26,26,1707,0,0,0,1,4,82,0,0,0,7,7,633,0,0,0,1,4,82,0,0,0
9404,6015,9999, ,Panama City FL MSA,121,121,7036,0,0,0,0,0,0,0,0,0,121,121,7036,0,0,0,0,0,0,0,0,0
9404,6020,9999, ,Parkersburg-Marietta WV-OH MSA,19,19,1380,0,0,0,0,0,0,1,5,165,15,15,918,0,0,0,0,0,0,0,0,0
9404,6080,9999, ,Pensacola FL MSA,223,223,18459,0,0,0,0,0,0,0,0,0,223,223,18459,0,0,0,0,0,0,0,0,0
9404,6120,9999, ,Peoria-Pekin IL MSA,104,104,12635,0,0,0,1,4,150,0,0,0,104,104,12635,0,0,0,1,4,150,0,0,0
9404,6162,0560, ,Atlantic-Cape May NJ PMSA,107,107,9844,7,14,1122,1,3,4,0,0,0,106,106,9764,7,14,1122,1,3,4,0,0,0
9404,6162,6160, ,Philadelphia PA-NJ PMSA,1353,1353,132178,10,20,937,1,3,415,0,0,0,1264,1264,122835,2,4,162,1,3,415,0,0,0
9404,6162,8760, ,Vineland-Millville-Bridgeton NJ PMSA,27,27,1591,0,0,0,0,0,0,0,0,0,27,27,1591,0,0,0,0,0,0,0,0,0
9404,6162,9160, ,Wilmington-Newark DE-MD PMSA,253,253,16460,1,2,30,0,0,0,1,30,480,253,253,16460,1,2,30,0,0,0,1,30,480
9404,6200,9999, ,Phoenix-Mesa AZ MSA,2618,2618,301958,15,30,2088,3,10,1056,31,351,17702,2616,2616,301877,15,30,2088,3,10,1056,31,351,17702
9404,6240,9999, ,Pine Bluff AR MSA,8,8,402,0,0,0,0,0,0,0,0,0,8,8,402,0,0,0,0,0,0,0,0,0
9404,6280,9999, ,Pittsburgh PA MSA,602,602,66402,3,6,470,3,11,401,2,10,314,538,538,60106,3,6,470,2,8,268,0,0,0
9404,6320,9999, ,Pittsfield MA MSA,5,5,441,0,0,0,0,0,0,0,0,0,5,5,441,0,0,0,0,0,0,0,0,0
9404,6400,9999, ,Portland ME MSA,78,78,8090,2,4,234,0,0,0,0,0,0,78,78,8090,2,4,234,0,0,0,0,0,0
9404,6442,6440, ,Portland-Vancouver OR-WA PMSA,1117,1117,129776,11,22,1389,5,17,752,7,43,2177,1104,1104,128134,10,20,1279,5,17,752,7,43,2177
9404,6442,7080, ,Salem OR PMSA,134,134,16609,8,16,964,4,16,596,1,8,298,127,127,15589,8,16,964,4,16,596,1,8,298
9404,6480,9999, ,Providence-Fall River-Warwick RI-MA MSA,227,227,23077,3,6,183,0,0,0,0,0,0,202,202,20634,3,6,183,0,0,0,0,0,0
9404,6520,9999, ,Provo-Orem UT MSA,197,197,20597,8,16,983,5,20,1095,2,24,650,158,158,16603,8,16,983,3,12,525,2,24,650
9404,6560,9999, ,Pueblo CO MSA,52,52,6126,3,6,307,0,0,0,0,0,0,52,52,6126,3,6,307,0,0,0,0,0,0
9404,6580,9999, ,Punta Gorda FL MSA,133,133,12138,11,22,1443,0,0,0,2,17,2171,133,133,12138,11,22,1443,0,0,0,2,17,2171
9404,6640,9999, ,Raleigh-Durham-Chapel Hill NC MSA,929,929,109017,5,10,819,4,16,668,47,473,14687,922,922,108607,5,10,819,4,16,668,46,468,14537
9404,6660,9999, ,Rapid City SD MSA,24,24,2162,1,2,40,0,0,0,0,0,0,24,24,2162,1,2,40,0,0,0,0,0,0
9404,6680,9999, ,Reading PA MSA,84,84,8700,0,0,0,0,0,0,0,0,0,74,74,7405,0,0,0,0,0,0,0,0,0
9404,6690,9999, ,Redding CA MSA,83,83,8812,8,16,969,1,4,227,0,0,0,83,83,8812,8,16,969,1,4,227,0,0,0
9404,6720,9999, ,Reno NV MSA,352,352,35713,1,2,79,0,0,0,2,14,434,352,352,35713,1,2,79,0,0,0,2,14,434
9404,6740,9999, ,Richland-Kennewick-Pasco WA MSA,107,107,14478,0,0,0,0,0,0,0,0,0,107,107,14478,0,0,0,0,0,0,0,0,0
9404,6760,9999, ,Richmond-Petersburg VA MSA,601,601,51003,0,0,0,0,0,0,5,60,2000,601,601,51003,0,0,0,0,0,0,5,60,2000
9404,6800,9999, ,Roanoke VA MSA,79,79,4909,1,2,48,1,4,30,0,0,0,46,46,2767,0,0,0,1,4,30,0,0,0
9404,6820,9999, ,Rochester MN MSA,49,49,5640,0,0,0,0,0,0,0,0,0,49,49,5640,0,0,0,0,0,0,0,0,0
9404,6840,9999, ,Rochester NY MSA,266,266,31767,3,6,221,0,0,0,5,52,2887,252,252,30238,3,6,221,0,0,0,5,52,2887
9404,6880,9999, ,Rockford IL MSA,190,190,16219,2,4,208,0,0,0,1,8,189,190,190,16219,2,4,208,0,0,0,1,8,189
9404,6895,9999, ,Rocky Mount NC MSA,58,58,5286,0,0,0,0,0,0,0,0,0,58,58,5286,0,0,0,0,0,0,0,0,0
9404,6922,6920, ,Sacramento CA PMSA,733,733,93134,0,0,0,0,0,0,2,28,1979,733,733,93134,0,0,0,0,0,0,2,28,1979
9404,6922,9270, ,Yolo CA PMSA,55,55,6638,2,4,202,0,0,0,0,0,0,55,55,6638,2,4,202,0,0,0,0,0,0
9404,6960,9999, ,Saginaw-Bay City-Midland MI MSA,56,56,6343,4,8,434,0,0,0,0,0,0,44,44,5253,4,8,434,0,0,0,0,0,0
9404,6980,9999, ,St. Cloud MN MSA,62,62,5118,0,0,0,1,3,0,2,25,873,36,36,2980,0,0,0,0,0,0,0,0,0
9404,7000,9999, ,St. Joseph MO MSA,8,8,915,0,0,0,0,0,0,4,24,700,8,8,915,0,0,0,0,0,0,4,24,700
9404,7040,9999, ,St. Louis MO-IL MSA,1059,1059,103905,9,18,1013,2,8,561,2,20,694,1011,1011,99295,8,16,907,2,8,561,2,20,694
9404,7120,9999, ,Salinas CA MSA,110,110,14384,0,0,0,2,7,472,1,5,494,110,110,14384,0,0,0,2,7,472,1,5,494
9404,7160,9999, ,Salt Lake City-Ogden UT MSA,703,703,76648,5,10,708,6,24,1476,7,102,6116,684,684,75012,5,10,708,6,24,1476,7,102,6116
9404,7200,9999, ,San Angelo TX MSA,29,29,2990,0,0,0,0,0,0,0,0,0,29,29,2990,0,0,0,0,0,0,0,0,0
9404,7240,9999, ,San Antonio TX MSA,494,494,39984,0,0,0,0,0,0,25,596,15355,481,481,38658,0,0,0,0,0,0,25,596,15355
9404,7320,9999, ,San Diego CA MSA,402,402,70624,6,12,1356,16,61,5496,6,114,6918,402,402,70624,6,12,1356,16,61,5496,6,114,6918
9404,7362,5775, ,Oakland CA PMSA,596,596,95303,2,4,467,3,11,989,10,308,27572,588,588,94051,2,4,467,3,11,989,10,308,27572
9404,7362,7360, ,San Francisco CA PMSA,64,64,16408,1,2,400,0,0,0,0,0,0,63,63,16230,1,2,400,0,0,0,0,0,0
9404,7362,7400, ,San Jose CA PMSA,83,83,15675,3,6,662,8,29,2948,6,56,5586,83,83,15675,3,6,662,8,29,2948,6,56,5586
9404,7362,7485, ,Santa Cruz-Watsonville CA PMSA,22,22,4274,1,2,234,0,0,0,0,0,0,22,22,4274,1,2,234,0,0,0,0,0,0
9404,7362,7500, ,Santa Rosa CA PMSA,244,244,26092,1,2,169,0,0,0,0,0,0,244,244,26092,1,2,169,0,0,0,0,0,0
9404,7362,8720, ,Vallejo-Fairfield-Napa CA PMSA,177,177,26638,0,0,0,2,8,540,0,0,0,177,177,26638,0,0,0,2,8,540,0,0,0
9404,7460,9999, ,San Luis Obispo-Atascadero-Paso Robles CA MSA,96,96,12578,0,0,0,0,0,0,1,5,208,96,96,12578,0,0,0,0,0,0,1,5,208
9404,7480,9999, ,Santa Barbara-Santa Maria-Lompoc CA MSA,42,42,8246,3,6,468,0,0,0,12,65,3665,42,42,8246,3,6,468,0,0,0,12,65,3665
9404,7490,9999, ,Santa Fe NM MSA,36,36,4689,3,6,348,0,0,0,0,0,0,36,36,4689,3,6,348,0,0,0,0,0,0
9404,7510,9999, ,Sarasota-Bradenton FL MSA,314,314,27215,14,28,1857,2,8,375,2,20,1600,314,314,27215,14,28,1857,2,8,375,2,20,1600
9404,7520,9999, ,Savannah GA MSA,145,145,12327,0,0,0,0,0,0,0,0,0,142,142,12074,0,0,0,0,0,0,0,0,0
9404,7560,9999, ,Scranton--Wilkes-Barre--Hazleton PA MSA,85,85,8185,2,4,160,0,0,0,0,0,0,71,71,7188,2,4,160,0,0,0,0,0,0
9404,7602,1150, ,Bremerton WA PMSA,170,170,11787,1,2,100,0,0,0,16,124,3366,170,170,11787,1,2,100,0,0,0,16,124,3366
9404,7602,5910, ,Olympia WA PMSA,166,166,22132,3,6,493,0,0,0,7,78,2815,100,100,16569,2,4,265,0,0,0,5,66,2248
9404,7602,7600, ,Seattle-Bellevue-Everett WA PMSA,964,964,124994,10,20,1217,3,11,812,12,268,13030,964,964,124994,10,20,1217,3,11,812,12,268,13030
9404,7602,8200, ,Tacoma WA PMSA,410,410,42253,12,24,1767,1,3,140,1,57,2288,410,410,42253,12,24,1767,1,3,140,1,57,2288
9404,7610,9999, ,Sharon PA MSA,16,16,1865,0,0,0,0,0,0,0,0,0,14,14,1656,0,0,0,0,0,0,0,0,0
9404,7620,9999, ,Sheboygan WI MSA,17,17,1841,0,0,0,0,0,0,0,0,0,17,17,1841,0,0,0,0,0,0,0,0,0
9404,7640,9999, ,Sherman-Denison TX MSA,13,13,1364,0,0,0,0,0,0,0,0,0,13,13,1364,0,0,0,0,0,0,0,0,0
9404,7680,9999, ,Shreveport-Bossier City LA MSA,85,85,9108,0,0,0,0,0,0,0,0,0,85,85,9108,0,0,0,0,0,0,0,0,0
9404,7720,9999, ,Sioux City IA-NE MSA,19,19,2772,0,0,0,0,0,0,9,204,6857,19,19,2772,0,0,0,0,0,0,9,204,6857
9404,7760,9999, ,Sioux Falls SD MSA,83,83,7311,2,4,342,2,8,365,1,20,813,83,83,7311,2,4,342,2,8,365,1,20,813
9404,7800,9999, ,South Bend IN MSA,127,127,15031,0,0,0,0,0,0,5,111,4317,127,127,15031,0,0,0,0,0,0,5,111,4317
9404,7840,9999, ,Spokane WA MSA,219,219,21362,10,20,1271,2,6,238,0,0,0,219,219,21362,10,20,1271,2,6,238,0,0,0
9404,7880,9999, ,Springfield IL MSA,126,126,11855,12,24,1328,0,0,0,1,8,260,116,116,10405,11,22,1203,0,0,0,1,8,260
9404,7920,9999, ,Springfield MO MSA,201,201,12889,18,36,1302,3,11,299,1,26,1602,193,193,12601,18,36,1302,2,8,250,1,26,1602
9404,8000,9999, ,Springfield MA MSA,106,106,13035,2,4,192,8,32,960,0,0,0,94,94,11774,1,2,90,8,32,960,0,0,0
9404,8050,9999, ,State College PA MSA,39,39,4410,0,0,0,0,0,0,2,10,386,16,16,1696,0,0,0,0,0,0,0,0,0
9404,8080,9999, ,Steubenville-Weirton OH-WV MSA,6,6,636,0,0,0,0,0,0,1,18,950,6,6,636,0,0,0,0,0,0,1,18,950
9404,8120,9999, ,Stockton-Lodi CA MSA,162,162,17904,5,10,958,5,20,1689,1,8,331,162,162,17904,5,10,958,5,20,1689,1,8,331
9404,8140,9999, ,Sumter SC MSA,25,25,1498,0,0,0,0,0,0,0,0,0,25,25,1498,0,0,0,0,0,0,0,0,0
9404,8160,9999, ,Syracuse NY MSA,147,147,13229,2,4,151,1,3,90,1,82,3300,123,123,11203,0,0,0,0,0,0,1,82,3300
9404,8240,9999, ,Tallahassee FL MSA,129,129,13383,3,6,390,0,0,0,0,0,0,129,129,13383,3,6,390,0,0,0,0,0,0
9404,8280,9999, ,Tampa-St. Petersburg-Clearwater FL MSA,1113,1113,117185,23,46,3319,5,20,737,6,41,1484,1098,1098,115667,23,46,3319,5,20,737,5,35,1123
9404,8320,9999, ,Terre Haute IN MSA,31,31,2737,4,8,485,0,0,0,0,0,0,22,22,2375,4,8,485,0,0,0,0,0,0
9404,8360,9999, ,Texarkana TX-Texarkana AR MSA,16,16,835,3,6,238,0,0,0,0,0,0,16,16,835,3,6,238,0,0,0,0,0,0
9404,8400,9999, ,Toledo OH MSA,148,148,15102,11,22,821,2,6,325,0,0,0,147,147,15012,11,22,821,2,6,325,0,0,0
9404,8440,9999, ,Topeka KS MSA,65,65,7397,5,10,770,0,0,0,0,0,0,65,65,7397,5,10,770,0,0,0,0,0,0
9404,8520,9999, ,Tucson AZ MSA,571,571,60463,0,0,0,0,0,0,9,102,5606,494,494,52387,0,0,0,0,0,0,9,102,5606
9404,8560,9999, ,Tulsa OK MSA,315,315,29465,0,0,0,0,0,0,0,0,0,305,305,28513,0,0,0,0,0,0,0,0,0
9404,8600,9999, ,Tuscaloosa AL MSA,57,57,3107,0,0,0,0,0,0,0,0,0,57,57,3107,0,0,0,0,0,0,0,0,0
9404,8640,9999, ,Tyler TX MSA,26,26,4180,3,6,355,0,0,0,0,0,0,26,26,4180,3,6,355,0,0,0,0,0,0
9404,8680,9999, ,Utica-Rome NY MSA,18,18,2015,0,0,0,0,0,0,0,0,0,18,18,2015,0,0,0,0,0,0,0,0,0
9404,8750,9999, ,Victoria TX MSA,24,24,2539,0,0,0,0,0,0,0,0,0,24,24,2539,0,0,0,0,0,0,0,0,0
9404,8780,9999, ,Visalia-Tulare-Porterville CA MSA,175,175,13619,1,2,150,0,0,0,0,0,0,175,175,13619,1,2,150,0,0,0,0,0,0
9404,8800,9999, ,Waco TX MSA,40,40,3458,3,6,201,0,0,0,0,0,0,34,34,2535,3,6,201,0,0,0,0,0,0
9404,8872,0720, ,Baltimore MD PMSA,1139,1139,106740,1,2,94,0,0,0,10,216,8777,1130,1130,106132,1,2,94,0,0,0,9,209,8562
9404,8872,3180, ,Hagerstown MD PMSA,76,76,7043,0,0,0,0,0,0,0,0,0,75,75,7025,0,0,0,0,0,0,0,0,0
9404,8872,8840, ,Washington DC-MD-VA-WV PMSA,2422,2422,237876,9,18,800,2,6,48,27,472,17919,2341,2341,231424,9,18,800,2,6,48,26,461,17593
9404,8920,9999, ,Waterloo-Cedar Falls IA MSA,14,14,1572,0,0,0,0,0,0,0,0,0,14,14,1572,0,0,0,0,0,0,0,0,0
9404,8940,9999, ,Wausau WI MSA,27,27,2764,3,6,305,1,4,140,0,0,0,25,25,2597,3,6,305,1,4,140,0,0,0
9404,8960,9999, ,West Palm Beach-Boca Raton FL MSA,691,691,74349,1,2,56,9,36,2607,27,486,25615,691,691,74349,1,2,56,9,36,2607,27,486,25615
9404,9000,9999, ,Wheeling WV-OH MSA,1,1,85,0,0,0,0,0,0,0,0,0,1,1,85,0,0,0,0,0,0,0,0,0
9404,9040,9999, ,Wichita KS MSA,273,273,26046,1,2,102,0,0,0,0,0,0,273,273,26046,1,2,102,0,0,0,0,0,0
9404,9080,9999, ,Wichita Falls TX MSA,34,34,2864,1,2,135,0,0,0,0,0,0,34,34,2864,1,2,135,0,0,0,0,0,0
9404,9200,9999, ,Wilmington NC MSA,251,251,21207,2,4,164,2,8,365,0,0,0,249,249,21010,2,4,164,2,8,365,0,0,0
9404,9260,9999, ,Yakima WA MSA,46,46,4356,2,4,188,4,14,594,1,8,178,46,46,4356,2,4,188,4,14,594,1,8,178
9404,9280,9999, ,York PA MSA,181,181,18604,4,8,312,7,27,1346,1,12,400,180,180,18503,4,8,312,7,27,1346,1,12,400
9404,9320,9999, ,Youngstown-Warren OH MSA,97,97,10940,2,4,257,0,0,0,4,24,1260,96,96,10847,2,4,257,0,0,0,4,24,1260
9404,9340,9999, ,Yuba City CA MSA,46,46,5628,0,0,0,0,0,0,0,0,0,46,46,5628,0,0,0,0,0,0,0,0,0
9404,9360,9999, ,Yuma AZ MSA,61,61,4144,0,0,0,0,0,0,0,0,0,61,61,4144,0,0,0,0,0,0,0,0,0
9404,1122,9999, ,Boston-Worcester-Lawrence MA-NH-ME-CT CMSA,1378,1378,160775,10,20,1149,2,8,460,7,58,3044,1189,1189,140019,7,14,738,2,8,460,5,48,2607
9404,1602,9999, ,Chicago-Gary-Kenosha IL-IN-WI CMSA,2967,2967,367489,44,88,6132,36,132,12078,32,323,21104,2796,2796,348173,40,80,5529,36,132,12078,29,308,20593
9404,1642,9999, ,Cincinnati-Hamilton OH-KY-IN CMSA,869,869,99048,7,14,620,3,11,1000,14,122,8384,835,835,96069,7,14,620,3,11,1000,11,85,7187
9404,1692,9999, ,Cleveland-Akron OH CMSA,936,936,131090,8,16,987,25,91,3966,5,64,2285,883,883,123659,8,16,987,24,88,3966,5,64,2285
9404,1922,9999, ,Dallas-Fort Worth TX CMSA,2192,2192,279577,6,12,580,14,54,1240,122,1332,48191,2155,2155,275283,6,12,580,14,54,1240,121,1324,47988
9404,2082,9999, ,Denver-Boulder-Greeley CO CMSA,1583,1583,189176,4,8,451,4,16,576,44,730,35563,1553,1553,186074,4,8,451,4,16,576,44,730,35563
9404,2162,9999, ,Detroit-Ann Arbor-Flint MI CMSA,2016,2016,219020,5,10,574,5,19,1491,11,143,5876,1926,1926,210397,4,8,497,4,15,1088,9,119,5090
9404,3362,9999, ,Houston-Galveston-Brazoria TX CMSA,1626,1626,150810,2,4,334,0,0,0,31,671,27431,1608,1608,149378,2,4,334,0,0,0,31,671,27431
9404,4472,9999, ,Los Angeles-Riverside-Orange County CA CMSA,2018,2018,300430,23,46,4266,17,65,3951,44,485,30343,1982,1982,296530,22,44,4075,16,61,3713,43,475,29882
9404,4992,9999, ,Miami-Fort Lauderdale FL CMSA,1306,1306,138930,12,24,976,52,206,9526,24,219,13751,1306,1306,138930,12,24,976,52,206,9526,24,219,13751
9404,5082,9999, ,Milwaukee-Racine WI CMSA,583,583,77557,24,48,4340,3,12,694,19,293,11664,540,540,70384,23,46,4175,3,12,694,16,272,10797
9404,5602,9999, ,New York-Northern New Jersey-Long Island NY-NJ-CT-PA CMSA,2525,2525,278154,102,204,12487,18,54,3093,20,223,9964,2431,2431,269399,99,198,12078,16,48,2893,18,213,9496
9404,6162,9999, ,Philadelphia-Wilmington-Atlantic City PA-NJ-DE-MD CMSA,1740,1740,160072,18,36,2089,2,6,419,1,30,480,1650,1650,150649,10,20,1314,2,6,419,1,30,480
9404,6442,9999, ,Portland-Salem OR-WA CMSA,1251,1251,146385,19,38,2352,9,33,1348,8,51,2475,1231,1231,143723,18,36,2242,9,33,1348,8,51,2475
9404,6922,9999, ,Sacramento-Yolo CA CMSA,788,788,99772,2,4,202,0,0,0,2,28,1979,788,788,99772,2,4,202,0,0,0,2,28,1979
9404,7362,9999, ,San Francisco-Oakland-San Jose CA CMSA,1186,1186,184391,8,16,1934,13,48,4478,16,364,33158,1177,1177,182961,8,16,1934,13,48,4478,16,364,33158
9404,7602,9999, ,Seattle-Tacoma-Bremerton WA CMSA,1710,1710,201165,26,52,3577,4,14,952,36,527,21500,1644,1644,195603,25,50,3348,4,14,952,34,515,20932
9404,8872,9999, ,Washington-Baltimore DC-MD-VA-WV CMSA,3637,3637,351659,10,20,894,2,6,48,37,688,26696,3546,3546,344582,10,20,894,2,6,48,35,670,26155
