Survey,MSA/,PMSA,,MA,,1-unit,,,2-units,,,3-4 units,,,5+ units,,,1-unit rep,,,2-units rep,,,3-4 units rep,,,5+ units rep
Date,CMSA,,,Name,Bldgs,Units,Value,Bldgs,Units,Value,Bldgs,Units,Value,Bldgs,Units,Value,Bldgs,Units,Value,Bldgs,Units,Value,Bldgs,Units,Value,Bldgs,Units,Value

9506,0040,9999, ,Abilene TX MSA,21,21,2358,0,0,0,0,0,0,1,20,520,0,0,0,0,0,0,0,0,0,0,0,0
9506,0120,9999, ,Albany GA MSA,47,47,2882,0,0,0,2,8,185,0,0,0,47,47,2882,0,0,0,2,8,185,0,0,0
9506,0160,9999, ,Albany-Schenectady-Troy NY MSA,139,139,16745,2,4,292,2,6,122,7,101,4557,95,95,11493,1,2,127,0,0,0,4,78,3756
9506,0200,9999, ,Albuquerque NM MSA,547,547,50127,0,0,0,0,0,0,0,0,0,462,462,45293,0,0,0,0,0,0,0,0,0
9506,0220,9999, ,Alexandria LA MSA,29,29,2534,0,0,0,0,0,0,0,0,0,8,8,764,0,0,0,0,0,0,0,0,0
9506,0240,9999, ,Allentown-Bethlehem-Easton PA MSA,140,140,13402,0,0,0,0,0,0,2,45,2199,134,134,12697,0,0,0,0,0,0,1,40,2000
9506,0280,9999, ,Altoona PA MSA,12,12,989,0,0,0,0,0,0,0,0,0,11,11,900,0,0,0,0,0,0,0,0,0
9506,0320,9999, ,Amarillo TX MSA,33,33,4401,0,0,0,0,0,0,0,0,0,33,33,4401,0,0,0,0,0,0,0,0,0
9506,0380,9999, ,Anchorage AK MSA,74,74,12670,2,4,322,0,0,0,0,0,0,74,74,12670,2,4,322,0,0,0,0,0,0
9506,0450,9999, ,Anniston AL MSA,17,17,1699,0,0,0,0,0,0,1,5,125,11,11,1391,0,0,0,0,0,0,1,5,125
9506,0460,9999, ,Appleton-Oshkosh-Neenah WI MSA,106,106,12225,10,20,1468,5,19,715,8,103,3496,54,54,5911,5,10,690,4,16,640,6,92,3110
9506,0480,9999, ,Asheville NC MSA,94,94,9930,2,4,169,0,0,0,0,0,0,94,94,9930,2,4,169,0,0,0,0,0,0
9506,0500,9999, ,Athens GA MSA,56,56,5664,0,0,0,0,0,0,9,146,4309,47,47,4828,0,0,0,0,0,0,9,146,4309
9506,0520,9999, ,Atlanta GA MSA,3160,3160,294348,6,12,588,0,0,0,85,2214,88036,3015,3015,283510,6,12,588,0,0,0,85,2214,88036
9506,0600,9999, ,Augusta-Aiken GA-SC MSA,173,173,13714,0,0,0,0,0,0,0,0,0,173,173,13714,0,0,0,0,0,0,0,0,0
9506,0640,9999, ,Austin-San Marcos TX MSA,533,533,47646,4,8,340,0,0,0,0,0,0,519,519,46350,3,6,294,0,0,0,0,0,0
9506,0680,9999, ,Bakersfield CA MSA,220,220,23572,2,4,199,2,6,407,1,8,281,134,134,14797,0,0,0,0,0,0,0,0,0
9506,0730,9999, ,Bangor ME MSA,16,16,1413,0,0,0,1,3,94,0,0,0,12,12,1138,0,0,0,0,0,0,0,0,0
9506,0740,9999, ,Barnstable-Yarmouth MA MSA,90,90,10385,0,0,0,1,4,454,0,0,0,56,56,5674,0,0,0,0,0,0,0,0,0
9506,0760,9999, ,Baton Rouge LA MSA,129,129,10132,0,0,0,0,0,0,0,0,0,128,128,10112,0,0,0,0,0,0,0,0,0
9506,0840,9999, ,Beaumont-Port Arthur TX MSA,38,38,3785,0,0,0,3,12,552,0,0,0,38,38,3785,0,0,0,3,12,552,0,0,0
9506,0860,9999, ,Bellingham WA MSA,103,103,12813,4,8,641,2,8,582,3,61,2430,39,39,5888,3,6,523,1,4,401,2,54,1998
9506,0870,9999, ,Benton Harbor MI MSA,8,8,550,0,0,0,0,0,0,0,0,0,3,3,205,0,0,0,0,0,0,0,0,0
9506,0880,9999, ,Billings MT MSA,35,35,3924,2,4,236,1,3,149,2,12,325,35,35,3924,2,4,236,1,3,149,2,12,325
9506,0920,9999, ,Biloxi-Gulfport-Pascagoula MS MSA,116,116,7790,0,0,0,0,0,0,0,0,0,110,110,7280,0,0,0,0,0,0,0,0,0
9506,0960,9999, ,Binghamton NY MSA,3,3,448,0,0,0,0,0,0,0,0,0,2,2,290,0,0,0,0,0,0,0,0,0
9506,1000,9999, ,Birmingham AL MSA,299,299,33566,0,0,0,1,4,89,5,53,1797,180,180,23107,0,0,0,0,0,0,4,48,1684
9506,1010,9999, ,Bismarck ND MSA,39,39,4038,0,0,0,0,0,0,1,24,840,39,39,4038,0,0,0,0,0,0,1,24,840
9506,1020,9999, ,Bloomington IN MSA,69,69,6670,2,4,225,1,4,264,4,26,1042,27,27,2916,0,0,0,0,0,0,1,6,230
9506,1040,9999, ,Bloomington-Normal IL MSA,51,51,4847,0,0,0,0,0,0,1,12,517,51,51,4847,0,0,0,0,0,0,1,12,517
9506,1080,9999, ,Boise City ID MSA,312,312,33613,3,6,374,3,12,581,19,207,7752,303,303,33009,3,6,374,3,12,581,18,200,7505
9506,1122,1120, ,Boston MA-NH PMSA,556,556,72368,8,16,1064,0,0,0,7,73,10271,349,349,46054,6,12,880,0,0,0,3,53,9448
9506,1122,1200, ,Brockton MA PMSA,56,56,5547,0,0,0,0,0,0,0,0,0,53,53,5313,0,0,0,0,0,0,0,0,0
9506,1122,2600, ,Fitchburg-Leominster MA PMSA,39,39,3072,2,4,244,0,0,0,1,12,255,20,20,1524,0,0,0,0,0,0,0,0,0
9506,1122,4160, ,Lawrence MA-NH PMSA,106,106,13194,0,0,0,0,0,0,1,5,31,44,44,4563,0,0,0,0,0,0,0,0,0
9506,1122,4560, ,Lowell MA-NH PMSA,94,94,11066,0,0,0,0,0,0,0,0,0,65,65,7926,0,0,0,0,0,0,0,0,0
9506,1122,4760, ,Manchester NH PMSA,58,58,6621,0,0,0,0,0,0,0,0,0,41,41,3954,0,0,0,0,0,0,0,0,0
9506,1122,5350, ,Nashua NH PMSA,59,59,5787,0,0,0,0,0,0,0,0,0,29,29,3570,0,0,0,0,0,0,0,0,0
9506,1122,5400, ,New Bedford MA PMSA,30,30,2991,0,0,0,0,0,0,0,0,0,3,3,288,0,0,0,0,0,0,0,0,0
9506,1122,6450, ,Portsmouth-Rochester NH-ME PMSA,80,80,9395,1,2,115,0,0,0,0,0,0,55,55,6457,0,0,0,0,0,0,0,0,0
9506,1122,9240, ,Worcester MA-CT PMSA,132,132,13553,2,4,200,0,0,0,1,5,258,77,77,9052,1,2,101,0,0,0,0,0,0
9506,1240,9999, ,Brownsville-Harlingen-San Benito TX MSA,119,119,6341,1,2,59,0,0,0,2,19,401,10,10,1287,0,0,0,0,0,0,1,5,92
9506,1260,9999, ,Bryan-College Station TX MSA,61,61,5496,13,26,1234,0,0,0,0,0,0,61,61,5496,13,26,1234,0,0,0,0,0,0
9506,1280,9999, ,Buffalo-Niagara Falls NY MSA,148,148,18514,0,0,0,0,0,0,1,16,343,135,135,17320,0,0,0,0,0,0,0,0,0
9506,1305,9999, ,Burlington VT MSA,67,67,6912,0,0,0,1,3,121,0,0,0,45,45,4477,0,0,0,0,0,0,0,0,0
9506,1320,9999, ,Canton-Massillon OH MSA,97,97,12550,4,8,820,0,0,0,0,0,0,92,92,12103,4,8,820,0,0,0,0,0,0
9506,1350,9999, ,Casper WY MSA,11,11,1371,0,0,0,0,0,0,0,0,0,10,10,1354,0,0,0,0,0,0,0,0,0
9506,1360,9999, ,Cedar Rapids IA MSA,50,50,4245,1,2,88,3,12,888,5,70,3708,49,49,4170,1,2,88,3,12,888,5,70,3708
9506,1400,9999, ,Champaign-Urbana IL MSA,39,39,3563,0,0,0,0,0,0,0,0,0,39,39,3563,0,0,0,0,0,0,0,0,0
9506,1440,9999, ,Charleston-North Charleston SC MSA,214,214,22636,1,2,8,0,0,0,2,10,294,137,137,14794,1,2,8,0,0,0,0,0,0
9506,1480,9999, ,Charleston WV MSA,42,42,3961,0,0,0,0,0,0,0,0,0,5,5,960,0,0,0,0,0,0,0,0,0
9506,1520,9999, ,Charlotte-Gastonia-Rock Hill NC-SC MSA,946,946,89703,6,12,537,8,32,1471,23,374,15361,913,913,87018,5,10,484,8,32,1471,23,374,15361
9506,1540,9999, ,Charlottesville VA MSA,98,98,10297,2,4,220,0,0,0,0,0,0,77,77,8700,1,2,130,0,0,0,0,0,0
9506,1560,9999, ,Chattanooga TN-GA MSA,173,173,16196,0,0,0,0,0,0,3,32,1488,130,130,11943,0,0,0,0,0,0,3,32,1488
9506,1580,9999, ,Cheyenne WY MSA,28,28,2978,0,0,0,0,0,0,0,0,0,9,9,1232,0,0,0,0,0,0,0,0,0
9506,1602,1600, ,Chicago IL PMSA,2469,2469,316727,71,142,9175,34,122,9051,56,484,29623,2079,2079,269985,61,122,7701,32,116,8703,46,432,26930
9506,1602,2960, ,Gary IN PMSA,286,286,35768,6,12,1035,7,27,1826,4,25,1037,266,266,34494,5,10,949,7,27,1826,3,18,789
9506,1602,3740, ,Kankakee IL PMSA,41,41,4867,1,2,153,0,0,0,0,0,0,40,40,4806,1,2,153,0,0,0,0,0,0
9506,1602,3800, ,Kenosha WI PMSA,62,62,6706,1,2,97,0,0,0,1,8,350,31,31,3708,0,0,0,0,0,0,0,0,0
9506,1620,9999, ,Chico-Paradise CA MSA,65,65,6445,0,0,0,0,0,0,0,0,0,65,65,6445,0,0,0,0,0,0,0,0,0
9506,1642,1640, ,Cincinnati OH-KY-IN PMSA,657,657,62288,5,10,578,7,27,754,11,128,4765,550,550,52673,4,8,497,6,24,664,6,94,3647
9506,1642,3200, ,Hamilton-Middletown OH PMSA,150,150,17410,7,14,790,1,4,219,0,0,0,145,145,16783,7,14,790,0,0,0,0,0,0
9506,1660,9999, ,Clarksville-Hopkinsville TN-KY MSA,155,155,9256,1,2,70,4,16,465,2,13,320,155,155,9256,1,2,70,4,16,465,2,13,320
9506,1692,0080, ,Akron OH PMSA,260,260,33392,7,14,584,3,12,648,2,17,786,169,169,20017,7,14,584,3,12,648,1,12,428
9506,1692,1680, ,Cleveland-Lorain-Elyria OH PMSA,605,605,84299,13,26,2037,9,31,2405,4,90,3263,395,395,55891,6,12,1015,3,11,755,2,74,2650
9506,1720,9999, ,Colorado Springs CO MSA,307,307,28509,3,6,175,0,0,0,0,0,0,307,307,28509,3,6,175,0,0,0,0,0,0
9506,1740,9999, ,Columbia MO MSA,71,71,6999,28,56,2324,0,0,0,0,0,0,71,71,6999,28,56,2324,0,0,0,0,0,0
9506,1760,9999, ,Columbia SC MSA,250,250,19720,0,0,0,0,0,0,5,120,3575,249,249,19632,0,0,0,0,0,0,5,120,3575
9506,1800,9999, ,Columbus GA-AL MSA,95,95,8884,0,0,0,0,0,0,0,0,0,95,95,8884,0,0,0,0,0,0,0,0,0
9506,1840,9999, ,Columbus OH MSA,698,698,86987,13,26,1541,41,158,5939,27,338,10139,384,384,52978,4,8,426,13,48,2811,10,181,6204
9506,1880,9999, ,Corpus Christi TX MSA,66,66,6477,1,2,50,0,0,0,0,0,0,66,66,6477,1,2,50,0,0,0,0,0,0
9506,1900,9999, ,Cumberland MD-WV MSA,31,31,2394,0,0,0,0,0,0,0,0,0,31,31,2394,0,0,0,0,0,0,0,0,0
9506,1922,1920, ,Dallas TX PMSA,1409,1409,184361,0,0,0,0,0,0,78,1329,53010,1283,1283,167154,0,0,0,0,0,0,77,1306,52658
9506,1922,2800, ,Fort Worth-Arlington TX PMSA,576,576,65903,3,6,243,0,0,0,22,386,16993,487,487,48044,2,4,196,0,0,0,21,377,16765
9506,1950,9999, ,Danville VA MSA,30,30,2444,0,0,0,0,0,0,1,6,247,6,6,678,0,0,0,0,0,0,0,0,0
9506,1960,9999, ,Davenport-Moline-Rock Island IA-IL MSA,40,40,5018,2,4,245,2,7,280,0,0,0,36,36,4435,1,2,64,1,4,145,0,0,0
9506,2000,9999, ,Dayton-Springfield OH MSA,254,254,30447,0,0,0,3,12,529,2,11,516,173,173,19137,0,0,0,2,8,250,0,0,0
9506,2020,9999, ,Daytona Beach FL MSA,240,240,21400,0,0,0,0,0,0,1,8,626,130,130,11850,0,0,0,0,0,0,0,0,0
9506,2030,9999, ,Decatur Al MSA,32,32,2515,0,0,0,0,0,0,1,5,46,0,0,0,0,0,0,0,0,0,0,0,0
9506,2040,9999, ,Decatur IL MSA,9,9,1128,0,0,0,0,0,0,0,0,0,4,4,512,0,0,0,0,0,0,0,0,0
9506,2082,1125, ,Boulder-Longmont CO PMSA,139,139,18402,5,10,617,2,8,507,0,0,0,134,134,17850,5,10,617,2,8,507,0,0,0
9506,2082,2080, ,Denver CO PMSA,981,981,124598,8,16,1374,3,11,697,54,691,35690,950,950,118674,8,16,1374,3,11,697,41,528,26045
9506,2082,3060, ,Greeley CO PMSA,86,86,8423,0,0,0,2,6,220,0,0,0,65,65,6577,0,0,0,2,6,220,0,0,0
9506,2120,9999, ,Des Moines IA MSA,212,212,25672,1,2,114,0,0,0,5,108,5748,202,202,24490,1,2,114,0,0,0,5,108,5748
9506,2162,0440, ,Ann Arbor MI PMSA,365,365,41013,7,14,1337,1,3,300,1,5,206,267,267,31176,7,14,1337,0,0,0,0,0,0
9506,2162,2160, ,Detroit MI PMSA,1520,1520,180427,22,44,2501,19,69,4204,11,95,4121,1264,1264,156254,18,36,2021,13,48,3112,2,10,696
9506,2162,2640, ,Flint MI PMSA,188,188,19469,2,4,658,0,0,0,7,42,2748,132,132,12741,2,4,658,0,0,0,5,30,1905
9506,2180,9999, ,Dothan AL MSA,25,25,1699,0,0,0,0,0,0,0,0,0,25,25,1699,0,0,0,0,0,0,0,0,0
9506,2190,9999, ,Dover DE MSA,63,63,4653,0,0,0,0,0,0,0,0,0,63,63,4653,0,0,0,0,0,0,0,0,0
9506,2200,9999, ,Dubuque IA MSA,21,21,2327,1,2,155,0,0,0,0,0,0,21,21,2327,1,2,155,0,0,0,0,0,0
9506,2240,9999, ,Duluth-Superior MN-WI MSA,74,74,7312,0,0,0,0,0,0,1,5,139,63,63,6286,0,0,0,0,0,0,0,0,0
9506,2290,9999, ,Eau Claire WI MSA,52,52,5129,0,0,0,2,8,437,2,12,860,42,42,4134,0,0,0,2,8,437,2,12,860
9506,2320,9999, ,El Paso TX MSA,216,216,12295,11,22,917,0,0,0,0,0,0,216,216,12295,11,22,917,0,0,0,0,0,0
9506,2330,9999, ,Elkhart-Goshen IN MSA,84,84,7253,2,4,280,0,0,0,0,0,0,84,84,7253,2,4,280,0,0,0,0,0,0
9506,2335,9999, ,Elmira NY MSA,2,2,215,0,0,0,0,0,0,0,0,0,0,0,0,0,0,0,0,0,0,0,0,0
9506,2340,9999, ,Enid OK MSA,6,6,790,1,2,120,0,0,0,0,0,0,6,6,790,1,2,120,0,0,0,0,0,0
9506,2360,9999, ,Erie PA MSA,53,53,4775,0,0,0,0,0,0,3,25,1828,53,53,4775,0,0,0,0,0,0,3,25,1828
9506,2400,9999, ,Eugene-Springfield OR MSA,127,127,14902,6,12,712,1,3,174,1,36,1283,13,13,1566,0,0,0,0,0,0,0,0,0
9506,2440,9999, ,Evansville-Henderson IN-KY MSA,127,127,11184,1,2,121,0,0,0,4,64,1000,112,112,9633,0,0,0,0,0,0,4,64,1000
9506,2520,9999, ,Fargo-Moorhead ND-MN MSA,83,83,8239,0,0,0,3,10,852,6,150,3809,83,83,8239,0,0,0,3,10,852,6,150,3809
9506,2560,9999, ,Fayetteville NC MSA,179,179,12736,1,2,20,0,0,0,0,0,0,179,179,12736,1,2,20,0,0,0,0,0,0
9506,2580,9999, ,Fayetteville-Springdale-Rogers AR MSA,145,145,12939,19,38,2116,4,16,572,2,12,293,142,142,12712,19,38,2116,4,16,572,2,12,293
9506,2650,9999, ,Florence AL MSA,13,13,761,1,2,42,1,4,56,1,19,411,0,0,0,0,0,0,0,0,0,0,0,0
9506,2655,9999, ,Florence SC MSA,40,40,3336,0,0,0,0,0,0,1,20,797,10,10,681,0,0,0,0,0,0,0,0,0
9506,2670,9999, ,Fort Collins-Loveland CO MSA,197,197,19582,2,4,313,4,15,828,17,220,7832,141,141,14663,2,4,313,2,7,455,16,215,7583
9506,2700,9999, ,Fort Myers-Cape Coral FL MSA,248,248,27046,8,16,1887,13,52,5737,9,115,10085,248,248,27046,8,16,1887,13,52,5737,9,115,10085
9506,2710,9999, ,Fort Pierce-Port St. Lucie FL MSA,191,191,25839,4,8,565,1,4,252,7,99,6184,190,190,25741,4,8,565,1,4,252,6,79,5727
9506,2720,9999, ,Fort Smith AR-OK MSA,41,41,3878,1,2,60,4,12,320,0,0,0,39,39,3727,1,2,60,4,12,320,0,0,0
9506,2750,9999, ,Fort Walton Beach FL MSA,90,90,6859,1,2,67,1,4,156,3,28,878,90,90,6859,1,2,67,1,4,156,3,28,878
9506,2760,9999, ,Fort Wayne IN MSA,219,219,27450,24,48,2120,1,4,222,0,0,0,202,202,25897,24,48,2120,1,4,222,0,0,0
9506,2840,9999, ,Fresno CA MSA,363,363,40530,0,0,0,11,43,2724,25,167,9121,339,339,38346,0,0,0,11,43,2724,23,155,8618
9506,2880,9999, ,Gadsden AL MSA,10,10,746,0,0,0,0,0,0,0,0,0,3,3,260,0,0,0,0,0,0,0,0,0
9506,2900,9999, ,Gainesville FL MSA,88,88,7024,0,0,0,0,0,0,4,53,1059,64,64,5175,0,0,0,0,0,0,0,0,0
9506,2975,9999, ,Glens Falls NY MSA,38,38,3558,0,0,0,0,0,0,0,0,0,16,16,1586,0,0,0,0,0,0,0,0,0
9506,2980,9999, ,Goldsboro NC MSA,35,35,2414,7,14,330,3,11,590,0,0,0,1,1,98,7,14,330,2,8,350,0,0,0
9506,2985,9999, ,Grand Forks ND-MN MSA,8,8,595,0,0,0,0,0,0,0,0,0,8,8,595,0,0,0,0,0,0,0,0,0
9506,3000,9999, ,Grand Rapids-Muskegon-Holland MI MSA,540,540,57962,9,18,1198,0,0,0,3,44,1671,342,342,40845,5,10,768,0,0,0,1,24,936
9506,3040,9999, ,Great Falls MT MSA,11,11,1321,0,0,0,0,0,0,0,0,0,11,11,1321,0,0,0,0,0,0,0,0,0
9506,3080,9999, ,Green Bay WI MSA,70,70,8422,24,48,3075,0,0,0,5,42,1258,31,31,3711,13,26,1722,0,0,0,0,0,0
9506,3120,9999, ,Greensboro--Winston-Salem--High Point NC MSA,642,642,57185,1,2,98,0,0,0,33,365,18703,631,631,56363,1,2,98,0,0,0,33,365,18703
9506,3150,9999, ,Greenville NC MSA,95,95,7111,0,0,0,0,0,0,4,68,1429,95,95,7111,0,0,0,0,0,0,4,68,1429
9506,3160,9999, ,Greenville-Spartanburg-Anderson SC MSA,435,435,34503,8,16,391,0,0,0,3,20,838,424,424,33281,7,14,327,0,0,0,1,5,150
9506,3240,9999, ,Harrisburg-Lebanon-Carlisle PA MSA,140,140,11874,2,4,270,1,4,340,0,0,0,138,138,11766,2,4,270,1,4,340,0,0,0
9506,3280,9999, ,Hartford CT MSA,237,237,25321,2,4,114,0,0,0,0,0,0,207,207,22045,2,4,114,0,0,0,0,0,0
9506,3285,9999, ,Hattiesburg MS MSA,4,4,322,0,0,0,0,0,0,0,0,0,0,0,0,0,0,0,0,0,0,0,0,0
9506,3290,9999, ,Hickory-Morganton NC MSA,118,118,12905,2,4,92,0,0,0,0,0,0,87,87,10529,1,2,70,0,0,0,0,0,0
9506,3320,9999, ,Honolulu HI MSA,452,452,53345,2,4,296,0,0,0,11,115,6238,452,452,53345,2,4,296,0,0,0,11,115,6238
9506,3350,9999, ,Houma LA MSA,64,64,4893,0,0,0,0,0,0,0,0,0,39,39,2763,0,0,0,0,0,0,0,0,0
9506,3362,1145, ,Brazoria TX PMSA,135,135,12321,0,0,0,0,0,0,0,0,0,127,127,11881,0,0,0,0,0,0,0,0,0
9506,3362,2920, ,Galveston-Texas City TX PMSA,94,94,11515,0,0,0,0,0,0,6,48,280,77,77,8247,0,0,0,0,0,0,6,48,280
9506,3362,3360, ,Houston TX PMSA,1220,1220,123882,1,2,98,0,0,0,2,67,2697,1189,1189,120456,1,2,98,0,0,0,1,62,2546
9506,3400,9999, ,Huntington-Ashland WV-KY-OH MSA,4,4,492,0,0,0,0,0,0,1,5,71,0,0,0,0,0,0,0,0,0,0,0,0
9506,3440,9999, ,Huntsville AL MSA,80,80,4225,0,0,0,0,0,0,0,0,0,80,80,4225,0,0,0,0,0,0,0,0,0
9506,3480,9999, ,Indianapolis IN MSA,990,990,124940,18,36,2082,3,10,891,4,160,5232,950,950,120735,15,30,1685,3,10,891,4,160,5232
9506,3500,9999, ,Iowa City IA MSA,29,29,4347,1,2,145,0,0,0,4,37,2040,29,29,4347,1,2,145,0,0,0,4,37,2040
9506,3520,9999, ,Jackson MI MSA,6,6,661,0,0,0,0,0,0,0,0,0,5,5,616,0,0,0,0,0,0,0,0,0
9506,3560,9999, ,Jackson MS MSA,250,250,21921,0,0,0,0,0,0,5,50,1206,231,231,20119,0,0,0,0,0,0,0,0,0
9506,3580,9999, ,Jackson TN MSA,70,70,4671,0,0,0,0,0,0,0,0,0,70,70,4671,0,0,0,0,0,0,0,0,0
9506,3600,9999, ,Jacksonville FL MSA,681,681,75696,5,10,655,0,0,0,3,24,910,680,680,75652,5,10,655,0,0,0,3,24,910
9506,3605,9999, ,Jacksonville NC MSA,35,35,1752,0,0,0,0,0,0,0,0,0,35,35,1752,0,0,0,0,0,0,0,0,0
9506,3610,9999, ,Jamestown NY MSA,1,1,42,0,0,0,0,0,0,0,0,0,0,0,0,0,0,0,0,0,0,0,0,0
9506,3620,9999, ,Janesville-Beloit WI MSA,25,25,2427,14,28,2234,1,3,98,3,21,961,21,21,2026,13,26,2124,0,0,0,3,21,961
9506,3660,9999, ,Johnson City-Kingsport-Bristol TN-VA MSA,111,111,8885,1,2,78,1,3,90,4,55,1266,62,62,5438,1,2,78,0,0,0,3,47,1018
9506,3680,9999, ,Johnstown PA MSA,3,3,288,0,0,0,0,0,0,0,0,0,1,1,37,0,0,0,0,0,0,0,0,0
9506,3710,9999, ,Joplin MO MSA,16,16,1581,1,2,103,0,0,0,0,0,0,16,16,1581,1,2,103,0,0,0,0,0,0
9506,3720,9999, ,Kalamazoo-Battle Creek MI MSA,90,90,12062,3,6,434,2,8,440,3,59,2112,79,79,11137,2,4,322,1,4,257,2,54,1898
9506,3760,9999, ,Kansas City MO-KS MSA,921,921,102657,22,44,2400,4,13,550,4,54,1676,664,664,73271,22,44,2400,0,0,0,4,54,1676
9506,3810,9999, ,Killeen-Temple TX MSA,151,151,13155,3,6,273,4,16,388,0,0,0,151,151,13155,3,6,273,4,16,388,0,0,0
9506,3840,9999, ,Knoxville TN MSA,301,301,26273,3,6,205,3,12,362,1,5,192,229,229,20668,2,4,110,2,8,170,0,0,0
9506,3850,9999, ,Kokomo IN MSA,24,24,2398,2,4,360,0,0,0,1,8,227,16,16,1767,0,0,0,0,0,0,0,0,0
9506,3870,9999, ,La Crosse WI-MN MSA,32,32,3712,4,8,512,1,4,118,3,23,830,32,32,3712,4,8,512,1,4,118,3,23,830
9506,3880,9999, ,Lafayette LA MSA,115,115,9366,0,0,0,0,0,0,0,0,0,115,115,9366,0,0,0,0,0,0,0,0,0
9506,3920,9999, ,Lafayette IN MSA,67,67,6934,3,6,342,0,0,0,1,8,303,19,19,1760,1,2,100,0,0,0,0,0,0
9506,3960,9999, ,Lake Charles LA MSA,70,70,5628,0,0,0,2,8,180,0,0,0,70,70,5628,0,0,0,2,8,180,0,0,0
9506,3980,9999, ,Lakeland-Winter Haven FL MSA,202,202,13756,2,4,190,3,11,384,0,0,0,201,201,13708,2,4,190,3,11,384,0,0,0
9506,4000,9999, ,Lancaster PA MSA,78,78,7777,0,0,0,0,0,0,1,6,270,70,70,7139,0,0,0,0,0,0,1,6,270
9506,4040,9999, ,Lansing-East Lansing MI MSA,143,143,14652,1,2,108,0,0,0,3,57,2126,131,131,13378,0,0,0,0,0,0,2,52,1996
9506,4080,9999, ,Laredo TX MSA,82,82,4383,1,2,46,2,8,187,6,78,1772,0,0,0,0,0,0,0,0,0,0,0,0
9506,4100,9999, ,Las Cruces NM MSA,96,96,9870,0,0,0,0,0,0,2,72,1500,96,96,9870,0,0,0,0,0,0,2,72,1500
9506,4120,9999, ,Las Vegas NV-AZ MSA,1522,1522,164904,3,6,395,23,84,4748,87,986,53486,1519,1519,164691,3,6,395,23,84,4748,87,986,53486
9506,4150,9999, ,Lawrence KS MSA,30,30,2599,2,4,275,0,0,0,0,0,0,30,30,2599,2,4,275,0,0,0,0,0,0
9506,4200,9999, ,Lawton OK MSA,13,13,1140,0,0,0,0,0,0,0,0,0,0,0,0,0,0,0,0,0,0,0,0,0
9506,4240,9999, ,Lewiston-Auburn ME MSA,20,20,1783,0,0,0,0,0,0,0,0,0,13,13,1239,0,0,0,0,0,0,0,0,0
9506,4280,9999, ,Lexington KY MSA,303,303,23549,4,8,205,1,3,120,3,22,408,278,278,21768,4,8,205,1,3,120,2,17,308
9506,4320,9999, ,Lima OH MSA,8,8,1211,0,0,0,0,0,0,0,0,0,8,8,1211,0,0,0,0,0,0,0,0,0
9506,4360,9999, ,Lincoln NE MSA,97,97,11031,1,2,85,2,8,715,0,0,0,97,97,11031,1,2,85,2,8,715,0,0,0
9506,4400,9999, ,Little Rock-North Little Rock AR MSA,232,232,24830,0,0,0,7,24,690,0,0,0,224,224,24216,0,0,0,7,24,690,0,0,0
9506,4420,9999, ,Longview-Marshall TX MSA,18,18,1786,0,0,0,1,3,113,0,0,0,0,0,0,0,0,0,0,0,0,0,0,0
9506,4472,4480, ,Los Angeles-Long Beach CA PMSA,513,513,75982,5,10,732,7,23,2053,10,204,11197,462,462,66852,3,6,437,4,14,1154,6,176,9063
9506,4472,5945, ,Orange County CA PMSA,858,858,115652,3,6,644,1,3,292,1,6,586,802,802,104412,3,6,644,1,3,292,1,6,586
9506,4472,6780, ,Riverside-San Bernardino CA PMSA,820,820,110426,3,6,1041,0,0,0,5,36,2363,787,787,105731,2,4,830,0,0,0,5,36,2363
9506,4472,8735, ,Ventura CA PMSA,288,288,50904,11,22,2473,4,16,2052,2,19,1371,232,232,41724,11,22,2473,4,16,2052,0,0,0
9506,4520,9999, ,Louisville KY-IN MSA,209,209,20685,20,40,2046,0,0,0,1,10,300,157,157,15875,20,40,2046,0,0,0,1,10,300
9506,4600,9999, ,Lubbock TX MSA,44,44,4863,2,4,208,0,0,0,0,0,0,44,44,4863,2,4,208,0,0,0,0,0,0
9506,4640,9999, ,Lynchburg VA MSA,103,103,10110,0,0,0,0,0,0,0,0,0,94,94,9119,0,0,0,0,0,0,0,0,0
9506,4680,9999, ,Macon GA MSA,127,127,8670,0,0,0,0,0,0,1,22,515,74,74,4292,0,0,0,0,0,0,0,0,0
9506,4720,9999, ,Madison WI MSA,150,150,18993,11,22,1828,5,20,1227,1,8,336,149,149,18867,11,22,1828,5,20,1227,1,8,336
9506,4800,9999, ,Mansfield OH MSA,36,36,4284,1,2,141,0,0,0,1,5,208,32,32,3759,0,0,0,0,0,0,0,0,0
9506,4880,9999, ,McAllen-Edinburg-Mission TX MSA,327,327,13107,2,4,127,3,12,189,6,39,1031,44,44,2177,0,0,0,0,0,0,0,0,0
9506,4890,9999, ,Medford-Ashland OR MSA,87,87,9052,8,16,1097,2,8,276,1,5,306,74,74,7677,5,10,731,1,4,70,0,0,0
9506,4900,9999, ,Melbourne-Titusville-Palm Bay FL MSA,248,248,25222,0,0,0,0,0,0,1,25,2000,247,247,25150,0,0,0,0,0,0,1,25,2000
9506,4920,9999, ,Memphis TN-AR-MS MSA,624,624,67375,14,28,1077,4,12,461,0,0,0,603,603,65610,14,28,1077,4,12,461,0,0,0
9506,4940,9999, ,Merced CA MSA,99,99,9760,0,0,0,0,0,0,0,0,0,27,27,2316,0,0,0,0,0,0,0,0,0
9506,4992,2680, ,Fort Lauderdale FL PMSA,934,934,106253,4,8,459,0,0,0,28,469,24571,929,929,105457,4,8,459,0,0,0,27,460,24231
9506,4992,5000, ,Miami FL PMSA,347,347,34097,7,14,557,1,4,184,40,676,27764,341,341,31934,6,12,482,1,4,184,40,676,27764
9506,5082,5080, ,Milwaukee-Waukesha WI PMSA,395,395,53924,19,38,3546,3,12,1200,16,138,7148,280,280,35050,15,30,2691,3,12,1200,9,93,5085
9506,5082,6600, ,Racine WI PMSA,51,51,5943,2,4,310,1,3,61,1,5,167,48,48,5630,2,4,310,0,0,0,0,0,0
9506,5120,9999, ,Minneapolis-St. Paul MN-WI MSA,1522,1522,189378,19,38,2860,21,80,6148,26,379,18346,1286,1286,163803,19,38,2860,20,77,6063,23,364,17564
9506,5160,9999, ,Mobile AL MSA,261,261,17030,5,10,461,0,0,0,24,307,21239,80,80,8264,2,4,293,0,0,0,23,299,21199
9506,5170,9999, ,Modesto CA MSA,124,124,13255,1,2,128,1,3,186,0,0,0,121,121,12973,1,2,128,1,3,186,0,0,0
9506,5200,9999, ,Monroe LA MSA,46,46,4396,0,0,0,0,0,0,0,0,0,46,46,4396,0,0,0,0,0,0,0,0,0
9506,5240,9999, ,Montgomery AL MSA,133,133,9727,1,2,75,1,4,145,0,0,0,133,133,9727,1,2,75,1,4,145,0,0,0
9506,5280,9999, ,Muncie IN MSA,26,26,2693,0,0,0,0,0,0,0,0,0,26,26,2693,0,0,0,0,0,0,0,0,0
9506,5330,9999, ,Myrtle Beach SC MSA,164,164,13686,0,0,0,0,0,0,20,208,7190,164,164,13686,0,0,0,0,0,0,20,208,7190
9506,5345,9999, ,Naples FL MSA,159,159,20976,8,16,1082,8,31,3334,12,117,10884,153,153,18162,8,16,1082,7,28,2590,10,92,5132
9506,5360,9999, ,Nashville TN MSA,784,784,73403,4,8,323,2,7,426,18,154,6639,595,595,53092,2,4,98,1,4,330,10,62,1950
9506,5520,9999, ,New London-Norwich CT-RI MSA,89,89,8015,0,0,0,0,0,0,0,0,0,87,87,7876,0,0,0,0,0,0,0,0,0
9506,5560,9999, ,New Orleans LA MSA,329,329,28561,6,12,545,2,8,330,8,168,17000,323,323,28005,5,10,427,2,8,330,8,168,17000
9506,5602,0875, ,Bergen-Passaic NJ PMSA,123,123,17922,6,12,715,0,0,0,0,0,0,74,74,11007,6,12,715,0,0,0,0,0,0
9506,5602,1160, ,Bridgeport CT PMSA,82,82,8936,1,2,115,0,0,0,0,0,0,75,75,7943,1,2,115,0,0,0,0,0,0
9506,5602,1930, ,Danbury CT PMSA,64,64,9511,0,0,0,0,0,0,0,0,0,28,28,3387,0,0,0,0,0,0,0,0,0
9506,5602,2281, ,Dutchess County NY PMSA,49,49,6770,0,0,0,0,0,0,0,0,0,34,34,5254,0,0,0,0,0,0,0,0,0
9506,5602,3640, ,Jersey City NJ PMSA,24,24,1264,4,8,354,1,3,188,0,0,0,0,0,0,0,0,0,0,0,0,0,0,0
9506,5602,5015, ,Middlesex-Somerset-Hunterdon NJ PMSA,452,452,48320,3,6,208,0,0,0,5,96,3824,413,413,43920,1,2,100,0,0,0,5,96,3824
9506,5602,5190, ,Monmouth-Ocean NJ PMSA,381,381,33092,0,0,0,0,0,0,0,0,0,326,326,27290,0,0,0,0,0,0,0,0,0
9506,5602,5380, ,Nassau-Suffolk NY PMSA,292,292,40981,1,2,85,0,0,0,2,10,181,234,234,34319,0,0,0,0,0,0,1,5,125
9506,5602,5480, ,New Haven-Meriden CT PMSA,88,88,11196,1,2,78,0,0,0,1,5,400,83,83,10509,0,0,0,0,0,0,0,0,0
9506,5602,5600, ,New York NY PMSA,238,238,33619,60,120,7671,14,43,2623,5,320,11595,187,187,24221,57,114,6799,12,37,2311,4,315,11309
9506,5602,5640, ,Newark NJ PMSA,182,182,23896,17,34,2763,0,0,0,7,74,3582,134,134,17001,16,32,2678,0,0,0,5,53,2342
9506,5602,5660, ,Newburgh NY-PA PMSA,147,147,14131,0,0,0,1,4,132,2,17,725,127,127,12128,0,0,0,1,4,132,1,12,396
9506,5602,8040, ,Stamford-Norwalk CT PMSA,50,50,14146,0,0,0,0,0,0,1,5,824,38,38,8905,0,0,0,0,0,0,0,0,0
9506,5602,8480, ,Trenton NJ PMSA,75,75,7464,0,0,0,0,0,0,1,29,762,34,34,3876,0,0,0,0,0,0,0,0,0
9506,5602,8880, ,Waterbury CT PMSA,52,52,5719,0,0,0,0,0,0,0,0,0,42,42,4396,0,0,0,0,0,0,0,0,0
9506,5720,9999, ,Norfolk-Virginia Beach-Newport News VA-NC MSA,616,616,56084,5,10,378,24,96,1332,2,18,739,551,551,50143,4,8,338,23,92,1166,2,18,739
9506,5790,9999, ,Ocala FL MSA,172,172,10052,0,0,0,0,0,0,0,0,0,172,172,10052,0,0,0,0,0,0,0,0,0
9506,5800,9999, ,Odessa-Midland TX MSA,25,25,2831,1,2,144,0,0,0,0,0,0,16,16,1671,0,0,0,0,0,0,0,0,0
9506,5880,9999, ,Oklahoma City OK MSA,332,332,33412,3,6,379,0,0,0,0,0,0,332,332,33412,3,6,379,0,0,0,0,0,0
9506,5920,9999, ,Omaha NE-IA MSA,231,231,19649,9,18,878,1,4,175,12,193,3179,178,178,15116,9,18,878,1,4,175,11,188,3035
9506,5960,9999, ,Orlando FL MSA,1031,1031,99454,1,2,50,1,4,273,16,341,15355,1012,1012,97236,1,2,50,1,4,273,15,336,15226
9506,5990,9999, ,Owensboro KY MSA,35,35,2144,1,2,59,0,0,0,1,12,273,17,17,1127,1,2,59,0,0,0,1,12,273
9506,6015,9999, ,Panama City FL MSA,66,66,3871,1,2,49,0,0,0,0,0,0,66,66,3871,1,2,49,0,0,0,0,0,0
9506,6020,9999, ,Parkersburg-Marietta WV-OH MSA,21,21,1560,0,0,0,0,0,0,1,5,165,18,18,1197,0,0,0,0,0,0,0,0,0
9506,6080,9999, ,Pensacola FL MSA,250,250,18479,0,0,0,0,0,0,0,0,0,250,250,18479,0,0,0,0,0,0,0,0,0
9506,6120,9999, ,Peoria-Pekin IL MSA,73,73,7932,1,2,170,0,0,0,1,6,150,73,73,7932,0,0,0,0,0,0,1,6,150
9506,6162,0560, ,Atlantic-Cape May NJ PMSA,101,101,8616,0,0,0,0,0,0,0,0,0,81,81,6748,0,0,0,0,0,0,0,0,0
9506,6162,6160, ,Philadelphia PA-NJ PMSA,1098,1098,107986,9,18,779,0,0,0,8,269,7100,835,835,83023,2,4,90,0,0,0,7,264,6882
9506,6162,8760, ,Vineland-Millville-Bridgeton NJ PMSA,13,13,687,1,2,79,0,0,0,0,0,0,6,6,258,1,2,79,0,0,0,0,0,0
9506,6162,9160, ,Wilmington-Newark DE-MD PMSA,260,260,15512,0,0,0,0,0,0,2,14,755,205,205,11485,0,0,0,0,0,0,0,0,0
9506,6200,9999, ,Phoenix-Mesa AZ MSA,3027,3027,369163,9,18,1608,9,33,1970,52,478,24608,2984,2984,364725,9,18,1608,9,33,1970,52,478,24608
9506,6240,9999, ,Pine Bluff AR MSA,7,7,304,1,2,12,0,0,0,0,0,0,7,7,304,1,2,12,0,0,0,0,0,0
9506,6280,9999, ,Pittsburgh PA MSA,520,520,57067,3,6,900,3,10,481,6,56,3135,382,382,41116,2,4,500,2,7,455,4,39,2512
9506,6320,9999, ,Pittsfield MA MSA,2,2,308,0,0,0,0,0,0,0,0,0,2,2,308,0,0,0,0,0,0,0,0,0
9506,6400,9999, ,Portland ME MSA,98,98,10168,0,0,0,0,0,0,0,0,0,79,79,8611,0,0,0,0,0,0,0,0,0
9506,6442,6440, ,Portland-Vancouver OR-WA PMSA,1007,1007,128330,20,40,3004,21,70,4086,100,997,49138,986,986,126313,20,40,3004,19,64,3947,99,988,48846
9506,6442,7080, ,Salem OR PMSA,112,112,14418,11,22,1208,3,12,603,17,220,8908,54,54,7820,7,14,753,2,8,431,14,202,8167
9506,6480,9999, ,Providence-Fall River-Warwick RI-MA MSA,222,222,21086,7,14,625,0,0,0,1,6,266,138,138,13299,5,10,451,0,0,0,0,0,0
9506,6520,9999, ,Provo-Orem UT MSA,271,271,26080,10,20,2327,7,28,1104,3,22,1465,263,263,25281,10,20,2327,7,28,1104,3,22,1465
9506,6560,9999, ,Pueblo CO MSA,90,90,9457,0,0,0,0,0,0,0,0,0,90,90,9457,0,0,0,0,0,0,0,0,0
9506,6580,9999, ,Punta Gorda FL MSA,91,91,9441,0,0,0,1,4,230,0,0,0,91,91,9441,0,0,0,1,4,230,0,0,0
9506,6640,9999, ,Raleigh-Durham-Chapel Hill NC MSA,821,821,96463,5,10,1242,0,0,0,20,324,11836,779,779,92643,5,10,1242,0,0,0,19,318,11656
9506,6660,9999, ,Rapid City SD MSA,26,26,2426,1,2,92,0,0,0,1,20,1203,12,12,1274,0,0,0,0,0,0,0,0,0
9506,6680,9999, ,Reading PA MSA,66,66,6912,0,0,0,0,0,0,1,6,300,32,32,3519,0,0,0,0,0,0,1,6,300
9506,6690,9999, ,Redding CA MSA,52,52,5856,2,4,239,4,16,1144,0,0,0,50,50,5716,2,4,239,4,16,1144,0,0,0
9506,6720,9999, ,Reno NV MSA,242,242,26088,0,0,0,1,3,87,1,5,153,206,206,22426,0,0,0,0,0,0,0,0,0
9506,6740,9999, ,Richland-Kennewick-Pasco WA MSA,58,58,7654,1,2,110,0,0,0,12,144,5036,31,31,4130,1,2,110,0,0,0,9,109,3340
9506,6760,9999, ,Richmond-Petersburg VA MSA,502,502,43336,0,0,0,1,3,313,0,0,0,502,502,43336,0,0,0,1,3,313,0,0,0
9506,6800,9999, ,Roanoke VA MSA,63,63,4076,0,0,0,0,0,0,1,8,210,53,53,3611,0,0,0,0,0,0,1,8,210
9506,6820,9999, ,Rochester MN MSA,39,39,4383,2,4,416,1,4,313,1,6,383,0,0,0,0,0,0,0,0,0,0,0,0
9506,6840,9999, ,Rochester NY MSA,171,171,21382,1,2,240,0,0,0,5,75,4281,124,124,15967,1,2,240,0,0,0,3,24,1315
9506,6880,9999, ,Rockford IL MSA,165,165,13520,12,24,1373,0,0,0,3,25,772,109,109,9367,11,22,1262,0,0,0,2,20,627
9506,6895,9999, ,Rocky Mount NC MSA,33,33,3110,1,2,129,0,0,0,2,18,645,16,16,1175,0,0,0,0,0,0,0,0,0
9506,6922,6920, ,Sacramento CA PMSA,557,557,79144,0,0,0,11,42,2400,4,23,1526,432,432,61457,0,0,0,10,38,2171,3,16,1135
9506,6922,9270, ,Yolo CA PMSA,57,57,7181,0,0,0,1,4,253,0,0,0,57,57,7181,0,0,0,1,4,253,0,0,0
9506,6960,9999, ,Saginaw-Bay City-Midland MI MSA,49,49,6241,4,8,515,0,0,0,0,0,0,28,28,3859,2,4,287,0,0,0,0,0,0
9506,6980,9999, ,St. Cloud MN MSA,65,65,5685,0,0,0,1,3,0,2,24,836,42,42,3802,0,0,0,0,0,0,0,0,0
9506,7000,9999, ,St. Joseph MO MSA,10,10,1897,1,2,85,0,0,0,0,0,0,10,10,1897,1,2,85,0,0,0,0,0,0
9506,7040,9999, ,St. Louis MO-IL MSA,1076,1076,112677,12,24,1403,6,23,1162,12,75,3364,933,933,98921,10,20,1139,4,16,749,11,70,3112
9506,7120,9999, ,Salinas CA MSA,116,116,16434,0,0,0,2,6,380,0,0,0,109,109,15330,0,0,0,2,6,380,0,0,0
9506,7160,9999, ,Salt Lake City-Ogden UT MSA,663,663,69112,3,6,399,3,11,584,40,623,26933,546,546,57971,3,6,399,2,7,438,36,596,25982
9506,7200,9999, ,San Angelo TX MSA,24,24,2174,0,0,0,0,0,0,0,0,0,24,24,2174,0,0,0,0,0,0,0,0,0
9506,7240,9999, ,San Antonio TX MSA,515,515,50311,1,2,50,0,0,0,19,386,15853,508,508,49664,1,2,50,0,0,0,19,386,15853
9506,7320,9999, ,San Diego CA MSA,487,487,78963,8,16,2108,10,38,3671,19,139,10628,487,487,78963,8,16,2108,10,38,3671,18,132,10060
9506,7362,5775, ,Oakland CA PMSA,546,546,88340,5,10,800,0,0,0,0,0,0,526,526,85262,4,8,587,0,0,0,0,0,0
9506,7362,7360, ,San Francisco CA PMSA,126,126,31512,4,8,848,7,24,1521,3,22,1918,115,115,28322,2,4,198,7,24,1521,2,10,542
9506,7362,7400, ,San Jose CA PMSA,318,318,48128,2,4,310,13,39,2731,2,14,1344,278,278,41456,2,4,310,12,36,2281,0,0,0
9506,7362,7485, ,Santa Cruz-Watsonville CA PMSA,64,64,10004,0,0,0,0,0,0,1,8,802,34,34,5365,0,0,0,0,0,0,0,0,0
9506,7362,7500, ,Santa Rosa CA PMSA,146,146,19168,1,2,153,1,3,133,1,5,296,47,47,7617,0,0,0,0,0,0,0,0,0
9506,7362,8720, ,Vallejo-Fairfield-Napa CA PMSA,98,98,16779,1,2,224,0,0,0,0,0,0,98,98,16779,1,2,224,0,0,0,0,0,0
9506,7460,9999, ,San Luis Obispo-Atascadero-Paso Robles CA MSA,87,87,12270,0,0,0,0,0,0,0,0,0,75,75,10496,0,0,0,0,0,0,0,0,0
9506,7480,9999, ,Santa Barbara-Santa Maria-Lompoc CA MSA,52,52,9056,2,4,490,0,0,0,3,18,1220,0,0,0,0,0,0,0,0,0,0,0,0
9506,7490,9999, ,Santa Fe NM MSA,15,15,2828,1,2,85,0,0,0,1,6,300,15,15,2828,1,2,85,0,0,0,1,6,300
9506,7510,9999, ,Sarasota-Bradenton FL MSA,334,334,35282,2,4,286,1,3,169,2,37,2593,198,198,19330,0,0,0,0,0,0,0,0,650
9506,7520,9999, ,Savannah GA MSA,122,122,11493,0,0,0,0,0,0,1,5,226,111,111,10687,0,0,0,0,0,0,0,0,0
9506,7560,9999, ,Scranton--Wilkes-Barre--Hazleton PA MSA,55,55,5433,1,2,35,0,0,0,0,0,0,42,42,4292,1,2,35,0,0,0,0,0,0
9506,7602,1150, ,Bremerton WA PMSA,145,145,10441,2,4,185,0,0,0,3,25,896,14,14,1489,0,0,0,0,0,0,0,0,0
9506,7602,5910, ,Olympia WA PMSA,154,154,15314,3,6,547,1,3,197,1,5,311,27,27,2430,2,4,318,0,0,0,0,0,0
9506,7602,7600, ,Seattle-Bellevue-Everett WA PMSA,921,921,121028,14,28,2472,33,120,11234,40,464,23683,481,481,62260,9,18,1757,31,113,10532,28,368,17144
9506,7602,8200, ,Tacoma WA PMSA,478,478,45783,27,54,3839,2,7,306,26,452,29213,461,461,44316,27,54,3839,1,4,161,25,442,28574
9506,7610,9999, ,Sharon PA MSA,11,11,1027,0,0,0,0,0,0,0,0,0,9,9,806,0,0,0,0,0,0,0,0,0
9506,7620,9999, ,Sheboygan WI MSA,16,16,1608,1,2,60,0,0,0,0,0,0,16,16,1608,1,2,60,0,0,0,0,0,0
9506,7640,9999, ,Sherman-Denison TX MSA,3,3,157,2,4,100,0,0,0,0,0,0,3,3,157,2,4,100,0,0,0,0,0,0
9506,7680,9999, ,Shreveport-Bossier City LA MSA,79,79,8485,0,0,0,0,0,0,0,0,0,79,79,8485,0,0,0,0,0,0,0,0,0
9506,7720,9999, ,Sioux City IA-NE MSA,12,12,1266,1,2,177,1,3,273,1,5,198,9,9,1024,1,2,177,0,0,0,0,0,0
9506,7760,9999, ,Sioux Falls SD MSA,74,74,6312,5,10,662,0,0,0,2,73,4422,74,74,6312,5,10,662,0,0,0,2,73,4422
9506,7800,9999, ,South Bend IN MSA,99,99,11115,0,0,0,0,0,0,2,39,900,91,91,10412,0,0,0,0,0,0,1,30,675
9506,7840,9999, ,Spokane WA MSA,128,128,15450,6,12,767,2,8,434,6,98,3780,128,128,15450,6,12,767,2,8,434,6,98,3780
9506,7880,9999, ,Springfield IL MSA,76,76,8303,11,22,1253,0,0,0,1,16,571,27,27,3237,0,0,0,0,0,0,0,0,0
9506,7920,9999, ,Springfield MO MSA,151,151,9360,11,22,738,1,4,66,1,12,384,142,142,9025,11,22,738,0,0,0,1,12,384
9506,8000,9999, ,Springfield MA MSA,70,70,8078,0,0,0,0,0,0,0,0,0,56,56,6426,0,0,0,0,0,0,0,0,0
9506,8050,9999, ,State College PA MSA,26,26,2452,0,0,0,2,8,552,0,0,0,26,26,2452,0,0,0,2,8,552,0,0,0
9506,8080,9999, ,Steubenville-Weirton OH-WV MSA,7,7,708,0,0,0,0,0,0,0,0,0,5,5,545,0,0,0,0,0,0,0,0,0
9506,8120,9999, ,Stockton-Lodi CA MSA,208,208,24243,0,0,0,0,0,0,0,0,0,201,201,23144,0,0,0,0,0,0,0,0,0
9506,8140,9999, ,Sumter SC MSA,30,30,1894,0,0,0,0,0,0,0,0,0,0,0,0,0,0,0,0,0,0,0,0,0
9506,8160,9999, ,Syracuse NY MSA,75,75,6994,1,2,80,0,0,0,1,5,279,56,56,5636,0,0,0,0,0,0,0,0,0
9506,8240,9999, ,Tallahassee FL MSA,134,134,13357,7,14,686,1,3,138,0,0,0,134,134,13357,7,14,686,1,3,138,0,0,0
9506,8280,9999, ,Tampa-St. Petersburg-Clearwater FL MSA,966,966,105421,8,16,893,5,17,1028,30,653,31887,953,953,104109,8,16,893,5,17,1028,29,644,31345
9506,8320,9999, ,Terre Haute IN MSA,22,22,2577,0,0,0,0,0,0,0,0,0,22,22,2577,0,0,0,0,0,0,0,0,0
9506,8360,9999, ,Texarkana TX-Texarkana AR MSA,12,12,888,0,0,0,0,0,0,0,0,0,12,12,888,0,0,0,0,0,0,0,0,0
9506,8400,9999, ,Toledo OH MSA,145,145,16323,4,8,757,1,3,167,0,0,0,145,145,16323,4,8,757,1,3,167,0,0,0
9506,8440,9999, ,Topeka KS MSA,38,38,4629,2,4,258,0,0,0,0,0,0,38,38,4629,2,4,258,0,0,0,0,0,0
9506,8520,9999, ,Tucson AZ MSA,424,424,47419,2,4,235,2,8,404,0,0,0,348,348,39448,2,4,235,2,8,404,0,0,0
9506,8560,9999, ,Tulsa OK MSA,294,294,33661,0,0,0,0,0,0,12,288,11986,288,288,32939,0,0,0,0,0,0,12,288,11986
9506,8600,9999, ,Tuscaloosa AL MSA,50,50,2412,0,0,0,0,0,0,16,200,5735,50,50,2412,0,0,0,0,0,0,16,200,5735
9506,8640,9999, ,Tyler TX MSA,24,24,4296,0,0,0,0,0,0,0,0,0,24,24,4296,0,0,0,0,0,0,0,0,0
9506,8680,9999, ,Utica-Rome NY MSA,5,5,500,0,0,0,0,0,0,0,0,0,3,3,285,0,0,0,0,0,0,0,0,0
9506,8750,9999, ,Victoria TX MSA,11,11,1058,0,0,0,0,0,0,0,0,0,11,11,1058,0,0,0,0,0,0,0,0,0
9506,8780,9999, ,Visalia-Tulare-Porterville CA MSA,167,167,12846,4,8,402,11,41,2336,0,0,0,167,167,12846,4,8,402,11,41,2336,0,0,0
9506,8800,9999, ,Waco TX MSA,36,36,3192,1,2,69,1,3,98,0,0,0,16,16,1059,0,0,0,0,0,0,0,0,0
9506,8872,0720, ,Baltimore MD PMSA,903,903,86143,0,0,0,0,0,0,8,117,4712,895,895,85634,0,0,0,0,0,0,7,108,4436
9506,8872,3180, ,Hagerstown MD PMSA,49,49,5129,2,4,161,0,0,0,0,0,0,48,48,5110,2,4,161,0,0,0,0,0,0
9506,8872,8840, ,Washington DC-MD-VA-WV PMSA,2080,2080,212576,1,2,98,0,0,0,19,279,22129,1924,1924,197915,1,2,98,0,0,0,14,183,18517
9506,8920,9999, ,Waterloo-Cedar Falls IA MSA,11,11,1591,1,2,100,0,0,0,0,0,0,11,11,1591,1,2,100,0,0,0,0,0,0
9506,8940,9999, ,Wausau WI MSA,25,25,2668,1,2,133,1,3,152,0,0,0,25,25,2668,1,2,133,1,3,152,0,0,0
9506,8960,9999, ,West Palm Beach-Boca Raton FL MSA,732,732,85894,0,0,0,6,24,1632,30,322,23798,728,728,84712,0,0,0,6,24,1632,30,322,23798
9506,9000,9999, ,Wheeling WV-OH MSA,4,4,390,0,0,0,0,0,0,0,0,0,4,4,390,0,0,0,0,0,0,0,0,0
9506,9040,9999, ,Wichita KS MSA,152,152,14559,1,2,117,0,0,0,0,0,0,152,152,14559,1,2,117,0,0,0,0,0,0
9506,9080,9999, ,Wichita Falls TX MSA,13,13,984,2,4,210,0,0,0,0,0,0,13,13,984,2,4,210,0,0,0,0,0,0
9506,9200,9999, ,Wilmington NC MSA,196,196,7369,0,0,0,0,0,0,6,109,3267,177,177,6074,0,0,0,0,0,0,6,109,3267
9506,9260,9999, ,Yakima WA MSA,30,30,3408,3,6,350,0,0,0,0,0,0,30,30,3408,3,6,350,0,0,0,0,0,0
9506,9280,9999, ,York PA MSA,110,110,10787,2,4,126,4,15,1170,1,8,291,94,94,9279,0,0,0,4,15,1170,1,8,291
9506,9320,9999, ,Youngstown-Warren OH MSA,120,120,13317,7,14,815,4,16,969,4,26,1844,120,120,13317,7,14,815,4,16,969,4,26,1844
9506,9340,9999, ,Yuba City CA MSA,46,46,5343,0,0,0,8,31,1782,3,19,1027,46,46,5343,0,0,0,8,31,1782,3,19,1027
9506,9360,9999, ,Yuma AZ MSA,54,54,3589,0,0,0,0,0,0,0,0,0,54,54,3589,0,0,0,0,0,0,0,0,0
9506,1122,9999, ,Boston-Worcester-Lawrence MA-NH-ME-CT CMSA,1210,1210,143596,13,26,1623,0,0,0,10,95,10816,736,736,88701,7,14,981,0,0,0,3,53,9448
9506,1602,9999, ,Chicago-Gary-Kenosha IL-IN-WI CMSA,2858,2858,364068,79,158,10459,41,149,10877,61,517,31010,2416,2416,312994,67,134,8803,39,143,10529,49,450,27719
9506,1642,9999, ,Cincinnati-Hamilton OH-KY-IN CMSA,807,807,79698,12,24,1368,8,31,973,11,128,4765,695,695,69456,11,22,1287,6,24,664,6,94,3647
9506,1692,9999, ,Cleveland-Akron OH CMSA,865,865,117691,20,40,2621,12,43,3053,6,107,4049,564,564,75907,13,26,1599,6,23,1403,3,86,3078
9506,1922,9999, ,Dallas-Fort Worth TX CMSA,1985,1985,250265,3,6,243,0,0,0,100,1715,70003,1770,1770,215199,2,4,196,0,0,0,98,1683,69422
9506,2082,9999, ,Denver-Boulder-Greeley CO CMSA,1206,1206,151424,13,26,1991,7,25,1424,54,691,35690,1149,1149,143101,13,26,1991,7,25,1424,41,528,26045
9506,2162,9999, ,Detroit-Ann Arbor-Flint MI CMSA,2073,2073,240909,31,62,4496,20,72,4504,19,142,7076,1663,1663,200171,27,54,4016,13,48,3112,7,40,2601
9506,3362,9999, ,Houston-Galveston-Brazoria TX CMSA,1449,1449,147718,1,2,98,0,0,0,8,115,2977,1393,1393,140585,1,2,98,0,0,0,7,110,2826
9506,4472,9999, ,Los Angeles-Riverside-Orange County CA CMSA,2479,2479,352963,22,44,4890,12,42,4396,18,265,15516,2283,2283,318718,19,38,4384,9,33,3498,12,218,12011
9506,4992,9999, ,Miami-Fort Lauderdale FL CMSA,1281,1281,140350,11,22,1016,1,4,184,68,1145,52335,1270,1270,137391,10,20,941,1,4,184,67,1136,51995
9506,5082,9999, ,Milwaukee-Racine WI CMSA,446,446,59868,21,42,3856,4,15,1261,17,143,7314,328,328,40680,17,34,3001,3,12,1200,9,93,5085
9506,5602,9999, ,New York-Northern New Jersey-Long Island NY-NJ-CT-PA CMSA,2299,2299,276967,93,186,11988,16,50,2943,24,556,21894,1829,1829,214156,81,162,10407,13,41,2443,16,481,17996
9506,6162,9999, ,Philadelphia-Wilmington-Atlantic City PA-NJ-DE-MD CMSA,1472,1472,132801,10,20,858,0,0,0,10,283,7855,1127,1127,101514,3,6,169,0,0,0,7,264,6882
9506,6442,9999, ,Portland-Salem OR-WA CMSA,1119,1119,142748,31,62,4212,24,82,4689,117,1217,58046,1040,1040,134133,27,54,3757,21,72,4378,113,1190,57013
9506,6922,9999, ,Sacramento-Yolo CA CMSA,614,614,86325,0,0,0,12,46,2653,4,23,1526,489,489,68637,0,0,0,11,42,2424,3,16,1135
9506,7362,9999, ,San Francisco-Oakland-San Jose CA CMSA,1298,1298,213930,13,26,2334,21,66,4384,7,49,4360,1098,1098,184799,9,18,1319,19,60,3801,2,10,542
9506,7602,9999, ,Seattle-Tacoma-Bremerton WA CMSA,1698,1698,192567,46,92,7042,36,130,11737,70,946,54103,983,983,110495,38,76,5914,32,117,10693,53,810,45718
9506,8872,9999, ,Washington-Baltimore DC-MD-VA-WV CMSA,3032,3032,303848,3,6,259,0,0,0,27,396,26841,2867,2867,288659,3,6,259,0,0,0,21,291,22952
