Survey,MSA/,PMSA,,MA,,1-unit,,,2-units,,,3-4 units,,,5+ units,,,1-unit rep,,,2-units rep,,,3-4 units rep,,,5+ units rep
Date,CMSA,,,Name,Bldgs,Units,Value,Bldgs,Units,Value,Bldgs,Units,Value,Bldgs,Units,Value,Bldgs,Units,Value,Bldgs,Units,Value,Bldgs,Units,Value,Bldgs,Units,Value

9501,0040,9999, ,Abilene TX MSA,16,16,1822,0,0,0,1,3,270,0,0,0,0,0,0,0,0,0,0,0,0,0,0,0
9501,0120,9999, ,Albany GA MSA,37,37,2790,4,8,270,2,6,111,3,29,539,37,37,2790,4,8,270,2,6,111,3,29,539
9501,0160,9999, ,Albany-Schenectady-Troy NY MSA,64,64,7435,1,2,86,2,7,143,0,0,0,46,46,5347,0,0,0,1,4,80,0,0,0
9501,0200,9999, ,Albuquerque NM MSA,297,297,25355,0,0,0,0,0,0,1,5,157,236,236,21957,0,0,0,0,0,0,0,0,0
9501,0220,9999, ,Alexandria LA MSA,15,15,1323,0,0,0,0,0,0,0,0,0,6,6,613,0,0,0,0,0,0,0,0,0
9501,0240,9999, ,Allentown-Bethlehem-Easton PA MSA,92,92,8848,0,0,0,0,0,0,1,40,800,85,85,8112,0,0,0,0,0,0,1,40,800
9501,0280,9999, ,Altoona PA MSA,5,5,372,0,0,0,0,0,0,0,0,0,4,4,301,0,0,0,0,0,0,0,0,0
9501,0320,9999, ,Amarillo TX MSA,33,33,3960,0,0,0,0,0,0,0,0,0,33,33,3960,0,0,0,0,0,0,0,0,0
9501,0380,9999, ,Anchorage AK MSA,46,46,6385,0,0,0,0,0,0,0,0,0,46,46,6385,0,0,0,0,0,0,0,0,0
9501,0450,9999, ,Anniston AL MSA,11,11,747,0,0,0,0,0,0,0,0,0,0,0,0,0,0,0,0,0,0,0,0,0
9501,0460,9999, ,Appleton-Oshkosh-Neenah WI MSA,60,60,6559,7,14,717,0,0,0,5,43,1515,40,40,4283,6,12,586,0,0,0,5,43,1515
9501,0480,9999, ,Asheville NC MSA,41,41,5637,6,12,600,0,0,0,0,0,0,41,41,5637,6,12,600,0,0,0,0,0,0
9501,0500,9999, ,Athens GA MSA,47,47,4715,3,6,195,1,3,163,8,96,3461,39,39,4006,3,6,195,1,3,163,8,96,3461
9501,0520,9999, ,Atlanta GA MSA,2517,2517,236957,4,8,274,0,0,0,44,998,44732,2482,2482,234394,4,8,274,0,0,0,44,998,44732
9501,0600,9999, ,Augusta-Aiken GA-SC MSA,145,145,11844,0,0,0,0,0,0,0,0,0,145,145,11844,0,0,0,0,0,0,0,0,0
9501,0640,9999, ,Austin-San Marcos TX MSA,354,354,43236,3,6,285,1,4,192,0,0,0,345,345,42440,2,4,200,1,4,192,0,0,0
9501,0680,9999, ,Bakersfield CA MSA,140,140,14063,1,2,93,1,3,109,1,7,390,75,75,7803,1,2,93,0,0,0,0,0,0
9501,0730,9999, ,Bangor ME MSA,1,1,71,0,0,0,0,0,0,0,0,0,0,0,0,0,0,0,0,0,0,0,0,0
9501,0740,9999, ,Barnstable-Yarmouth MA MSA,68,68,7891,1,2,254,1,3,300,0,0,0,57,57,6493,1,2,254,1,3,300,0,0,0
9501,0760,9999, ,Baton Rouge LA MSA,65,65,5031,0,0,0,0,0,0,0,0,0,65,65,5031,0,0,0,0,0,0,0,0,0
9501,0840,9999, ,Beaumont-Port Arthur TX MSA,25,25,2287,0,0,0,0,0,0,0,0,0,25,25,2287,0,0,0,0,0,0,0,0,0
9501,0860,9999, ,Bellingham WA MSA,81,81,9297,2,4,274,5,20,1068,1,5,233,32,32,4457,2,4,274,5,20,1068,0,0,0
9501,0870,9999, ,Benton Harbor MI MSA,1,1,61,0,0,0,1,3,199,0,0,0,0,0,0,0,0,0,0,0,0,0,0,0
9501,0880,9999, ,Billings MT MSA,21,21,2035,0,0,0,0,0,0,0,0,0,21,21,2035,0,0,0,0,0,0,0,0,0
9501,0920,9999, ,Biloxi-Gulfport-Pascagoula MS MSA,136,136,8656,1,2,75,0,0,0,0,0,0,127,127,7970,1,2,75,0,0,0,0,0,0
9501,0960,9999, ,Binghamton NY MSA,3,3,325,0,0,0,0,0,0,0,0,0,2,2,127,0,0,0,0,0,0,0,0,0
9501,1000,9999, ,Birmingham AL MSA,251,251,28565,0,0,0,0,0,0,2,21,800,156,156,19851,0,0,0,0,0,0,0,0,0
9501,1010,9999, ,Bismarck ND MSA,3,3,210,0,0,0,0,0,0,0,0,0,3,3,210,0,0,0,0,0,0,0,0,0
9501,1020,9999, ,Bloomington IN MSA,20,20,1596,0,0,0,0,0,0,6,53,1927,20,20,1596,0,0,0,0,0,0,6,53,1927
9501,1040,9999, ,Bloomington-Normal IL MSA,19,19,1648,0,0,0,1,4,160,1,18,350,19,19,1648,0,0,0,1,4,160,1,18,350
9501,1080,9999, ,Boise City ID MSA,161,161,16608,0,0,0,0,0,0,0,0,0,161,161,16608,0,0,0,0,0,0,0,0,0
9501,1122,1120, ,Boston MA-NH PMSA,309,309,43336,3,6,617,2,8,477,2,29,1163,252,252,36615,1,2,120,2,8,477,1,24,1000
9501,1122,1200, ,Brockton MA PMSA,64,64,6822,1,2,128,0,0,0,1,8,250,62,62,6646,1,2,128,0,0,0,1,8,250
9501,1122,2600, ,Fitchburg-Leominster MA PMSA,17,17,1354,2,4,336,0,0,0,0,0,0,7,7,587,1,2,220,0,0,0,0,0,0
9501,1122,4160, ,Lawrence MA-NH PMSA,84,84,9055,1,2,112,0,0,0,0,0,0,60,60,5643,0,0,0,0,0,0,0,0,0
9501,1122,4560, ,Lowell MA-NH PMSA,53,53,5952,0,0,0,0,0,0,1,10,441,39,39,4232,0,0,0,0,0,0,1,10,441
9501,1122,4760, ,Manchester NH PMSA,25,25,1765,1,2,96,2,6,346,0,0,0,22,22,1581,1,2,96,2,6,346,0,0,0
9501,1122,5350, ,Nashua NH PMSA,41,41,3933,0,0,0,0,0,0,0,0,0,27,27,2864,0,0,0,0,0,0,0,0,0
9501,1122,5400, ,New Bedford MA PMSA,22,22,1982,0,0,0,0,0,0,0,0,0,17,17,1658,0,0,0,0,0,0,0,0,0
9501,1122,6450, ,Portsmouth-Rochester NH-ME PMSA,35,35,4029,1,2,260,0,0,0,0,0,0,19,19,2349,1,2,260,0,0,0,0,0,0
9501,1122,9240, ,Worcester MA-CT PMSA,98,98,9083,6,12,785,1,3,0,1,5,157,64,64,6344,6,12,785,0,0,0,0,0,0
9501,1240,9999, ,Brownsville-Harlingen-San Benito TX MSA,103,103,5589,6,12,350,0,0,0,6,36,793,101,101,5513,6,12,350,0,0,0,6,36,793
9501,1260,9999, ,Bryan-College Station TX MSA,38,38,3614,5,10,470,0,0,0,0,0,0,38,38,3614,5,10,470,0,0,0,0,0,0
9501,1280,9999, ,Buffalo-Niagara Falls NY MSA,61,61,8481,2,4,230,0,0,0,3,36,825,56,56,7963,2,4,230,0,0,0,3,36,825
9501,1305,9999, ,Burlington VT MSA,30,30,3311,0,0,0,5,20,1041,0,0,0,18,18,2148,0,0,0,4,16,880,0,0,0
9501,1320,9999, ,Canton-Massillon OH MSA,27,27,4089,1,2,250,2,7,495,1,5,112,27,27,4089,1,2,250,2,7,495,0,0,0
9501,1350,9999, ,Casper WY MSA,0,0,0,0,0,0,0,0,0,0,0,0,0,0,0,0,0,0,0,0,0,0,0,0
9501,1360,9999, ,Cedar Rapids IA MSA,18,18,1369,2,4,334,0,0,0,0,0,0,18,18,1369,2,4,334,0,0,0,0,0,0
9501,1400,9999, ,Champaign-Urbana IL MSA,10,10,1278,0,0,0,0,0,0,1,18,418,6,6,932,0,0,0,0,0,0,0,0,0
9501,1440,9999, ,Charleston-North Charleston SC MSA,179,179,19424,0,0,0,0,0,0,1,5,115,102,102,12006,0,0,0,0,0,0,0,0,0
9501,1480,9999, ,Charleston WV MSA,21,21,2745,0,0,0,0,0,0,0,0,0,21,21,2745,0,0,0,0,0,0,0,0,0
9501,1520,9999, ,Charlotte-Gastonia-Rock Hill NC-SC MSA,665,665,65548,3,6,215,0,0,0,21,308,7892,272,272,24832,1,2,84,0,0,0,15,188,3830
9501,1540,9999, ,Charlottesville VA MSA,59,59,8131,3,6,441,0,0,0,1,7,665,59,59,8131,3,6,441,0,0,0,1,7,665
9501,1560,9999, ,Chattanooga TN-GA MSA,194,194,16960,2,4,388,1,4,570,0,0,0,183,183,16392,2,4,388,1,4,570,0,0,0
9501,1580,9999, ,Cheyenne WY MSA,18,18,2287,0,0,0,0,0,0,0,0,0,8,8,1288,0,0,0,0,0,0,0,0,0
9501,1602,1600, ,Chicago IL PMSA,1015,1015,130726,18,36,2089,19,64,3863,13,268,13787,915,915,118629,15,30,1752,18,61,3751,9,248,12901
9501,1602,2960, ,Gary IN PMSA,73,73,9889,0,0,0,1,3,145,1,24,504,62,62,8729,0,0,0,0,0,0,1,24,504
9501,1602,3740, ,Kankakee IL PMSA,15,15,1556,0,0,0,0,0,0,3,24,1064,15,15,1556,0,0,0,0,0,0,3,24,1064
9501,1602,3800, ,Kenosha WI PMSA,43,43,4500,1,2,120,0,0,0,1,12,650,37,37,3888,1,2,120,0,0,0,1,12,650
9501,1620,9999, ,Chico-Paradise CA MSA,23,23,2611,0,0,0,0,0,0,0,0,0,23,23,2611,0,0,0,0,0,0,0,0,0
9501,1642,1640, ,Cincinnati OH-KY-IN PMSA,334,334,36040,1,2,95,0,0,0,7,133,3700,274,274,31014,0,0,0,0,0,0,3,96,2454
9501,1642,3200, ,Hamilton-Middletown OH PMSA,74,74,9277,1,2,143,0,0,0,0,0,0,69,69,8751,1,2,143,0,0,0,0,0,0
9501,1660,9999, ,Clarksville-Hopkinsville TN-KY MSA,82,82,4891,0,0,0,8,32,922,5,32,995,82,82,4891,0,0,0,8,32,922,5,32,995
9501,1692,0080, ,Akron OH PMSA,117,117,13357,0,0,0,1,4,144,4,23,934,109,109,12126,0,0,0,1,4,144,3,18,692
9501,1692,1680, ,Cleveland-Lorain-Elyria OH PMSA,234,234,32018,5,10,786,4,12,1055,15,336,12877,155,155,22388,3,6,453,3,9,920,14,331,12696
9501,1720,9999, ,Colorado Springs CO MSA,144,144,15842,1,2,100,4,12,443,0,0,0,144,144,15842,1,2,100,4,12,443,0,0,0
9501,1740,9999, ,Columbia MO MSA,13,13,1560,0,0,0,0,0,0,0,0,0,13,13,1560,0,0,0,0,0,0,0,0,0
9501,1760,9999, ,Columbia SC MSA,229,229,15876,0,0,0,3,10,666,3,15,943,229,229,15876,0,0,0,3,10,666,3,15,943
9501,1800,9999, ,Columbus GA-AL MSA,65,65,6165,0,0,0,0,0,0,0,0,0,65,65,6165,0,0,0,0,0,0,0,0,0
9501,1840,9999, ,Columbus OH MSA,314,314,41182,3,6,334,10,37,962,13,150,4317,188,188,27132,0,0,0,2,7,345,0,0,0
9501,1880,9999, ,Corpus Christi TX MSA,59,59,6645,0,0,0,2,6,400,0,0,0,59,59,6645,0,0,0,2,6,400,0,0,0
9501,1900,9999, ,Cumberland MD-WV MSA,12,12,1023,0,0,0,0,0,0,0,0,0,5,5,543,0,0,0,0,0,0,0,0,0
9501,1922,1920, ,Dallas TX PMSA,1072,1072,143563,0,0,0,0,0,0,58,1322,51964,936,936,127707,0,0,0,0,0,0,58,1322,51964
9501,1922,2800, ,Fort Worth-Arlington TX PMSA,443,443,51089,6,12,499,0,0,0,8,49,5595,389,389,42391,6,12,499,0,0,0,7,42,5417
9501,1950,9999, ,Danville VA MSA,30,30,1857,0,0,0,0,0,0,0,0,0,3,3,161,0,0,0,0,0,0,0,0,0
9501,1960,9999, ,Davenport-Moline-Rock Island IA-IL MSA,6,6,651,0,0,0,0,0,0,0,0,0,5,5,550,0,0,0,0,0,0,0,0,0
9501,2000,9999, ,Dayton-Springfield OH MSA,94,94,13209,0,0,0,0,0,0,0,0,0,94,94,13209,0,0,0,0,0,0,0,0,0
9501,2020,9999, ,Daytona Beach FL MSA,207,207,17687,0,0,0,1,3,127,0,0,0,156,156,14050,0,0,0,0,0,0,0,0,0
9501,2030,9999, ,Decatur Al MSA,25,25,1681,0,0,0,1,3,27,1,5,46,18,18,1296,0,0,0,0,0,0,0,0,0
9501,2040,9999, ,Decatur IL MSA,1,1,110,0,0,0,0,0,0,0,0,0,1,1,110,0,0,0,0,0,0,0,0,0
9501,2082,1125, ,Boulder-Longmont CO PMSA,124,124,15947,2,4,240,0,0,0,0,0,0,93,93,12954,2,4,240,0,0,0,0,0,0
9501,2082,2080, ,Denver CO PMSA,802,802,98887,6,12,863,3,11,760,21,584,26474,802,802,98887,6,12,863,3,11,760,21,584,26474
9501,2082,3060, ,Greeley CO PMSA,75,75,6721,0,0,0,1,3,175,1,6,189,49,49,4587,0,0,0,0,0,0,0,0,0
9501,2120,9999, ,Des Moines IA MSA,57,57,8123,0,0,0,0,0,0,2,48,1900,50,50,7372,0,0,0,0,0,0,2,48,1900
9501,2162,0440, ,Ann Arbor MI PMSA,159,159,17646,0,0,0,0,0,0,2,21,551,124,124,14329,0,0,0,0,0,0,1,16,326
9501,2162,2160, ,Detroit MI PMSA,673,673,75047,5,10,551,5,20,1260,6,43,1542,580,580,65112,4,8,475,4,16,857,2,14,391
9501,2162,2640, ,Flint MI PMSA,58,58,5903,0,0,0,0,0,0,2,48,1423,56,56,5733,0,0,0,0,0,0,2,48,1423
9501,2180,9999, ,Dothan AL MSA,30,30,1871,0,0,0,0,0,0,1,6,180,30,30,1871,0,0,0,0,0,0,1,6,180
9501,2190,9999, ,Dover DE MSA,49,49,3504,0,0,0,0,0,0,3,72,1794,48,48,3463,0,0,0,0,0,0,3,72,1794
9501,2200,9999, ,Dubuque IA MSA,5,5,359,1,2,93,0,0,0,0,0,0,5,5,359,1,2,93,0,0,0,0,0,0
9501,2240,9999, ,Duluth-Superior MN-WI MSA,15,15,1198,0,0,0,0,0,0,2,13,317,11,11,825,0,0,0,0,0,0,1,8,179
9501,2290,9999, ,Eau Claire WI MSA,8,8,972,1,2,115,2,8,360,1,63,1906,3,3,465,0,0,0,2,8,360,1,63,1906
9501,2320,9999, ,El Paso TX MSA,170,170,10162,4,8,312,1,4,101,0,0,0,170,170,10162,4,8,312,1,4,101,0,0,0
9501,2330,9999, ,Elkhart-Goshen IN MSA,44,44,4958,3,6,836,0,0,0,0,0,0,44,44,4958,3,6,836,0,0,0,0,0,0
9501,2335,9999, ,Elmira NY MSA,1,1,126,0,0,0,0,0,0,0,0,0,0,0,0,0,0,0,0,0,0,0,0,0
9501,2340,9999, ,Enid OK MSA,4,4,615,1,2,130,0,0,0,0,0,0,4,4,615,1,2,130,0,0,0,0,0,0
9501,2360,9999, ,Erie PA MSA,12,12,1051,0,0,0,2,8,383,1,5,203,8,8,694,0,0,0,1,4,130,0,0,0
9501,2400,9999, ,Eugene-Springfield OR MSA,76,76,9378,0,0,0,0,0,0,0,0,0,58,58,7748,0,0,0,0,0,0,0,0,0
9501,2440,9999, ,Evansville-Henderson IN-KY MSA,53,53,6218,2,4,300,0,0,0,1,6,175,47,47,5613,2,4,300,0,0,0,1,6,175
9501,2520,9999, ,Fargo-Moorhead ND-MN MSA,13,13,724,0,0,0,0,0,0,0,0,0,13,13,724,0,0,0,0,0,0,0,0,0
9501,2560,9999, ,Fayetteville NC MSA,117,117,7629,0,0,0,0,0,0,1,12,645,117,117,7629,0,0,0,0,0,0,1,12,645
9501,2580,9999, ,Fayetteville-Springdale-Rogers AR MSA,126,126,10489,28,56,2914,1,4,113,10,95,2975,122,122,10264,26,52,2817,1,4,113,9,90,2850
9501,2650,9999, ,Florence AL MSA,9,9,404,0,0,0,0,0,0,0,0,0,9,9,404,0,0,0,0,0,0,0,0,0
9501,2655,9999, ,Florence SC MSA,58,58,3662,0,0,0,0,0,0,1,18,718,34,34,1552,0,0,0,0,0,0,0,0,0
9501,2670,9999, ,Fort Collins-Loveland CO MSA,130,130,13439,3,6,176,2,7,322,1,10,240,97,97,10739,3,6,176,1,4,241,1,10,240
9501,2700,9999, ,Fort Myers-Cape Coral FL MSA,257,257,24360,5,10,823,11,44,3609,10,108,25431,257,257,24360,5,10,823,11,44,3609,10,108,25431
9501,2710,9999, ,Fort Pierce-Port St. Lucie FL MSA,175,175,23576,3,6,649,1,4,323,3,27,2454,104,104,17752,0,0,0,0,0,0,0,0,0
9501,2720,9999, ,Fort Smith AR-OK MSA,24,24,2086,1,2,100,0,0,0,0,0,0,24,24,2086,1,2,100,0,0,0,0,0,0
9501,2750,9999, ,Fort Walton Beach FL MSA,86,86,7114,0,0,0,0,0,0,1,6,258,86,86,7114,0,0,0,0,0,0,1,6,258
9501,2760,9999, ,Fort Wayne IN MSA,83,83,10172,2,4,242,0,0,0,0,0,0,80,80,9928,2,4,242,0,0,0,0,0,0
9501,2840,9999, ,Fresno CA MSA,226,226,24250,0,0,0,22,86,4141,14,112,3477,226,226,24250,0,0,0,22,86,4141,14,112,3477
9501,2880,9999, ,Gadsden AL MSA,5,5,458,0,0,0,0,0,0,0,0,0,5,5,458,0,0,0,0,0,0,0,0,0
9501,2900,9999, ,Gainesville FL MSA,58,58,4838,0,0,0,0,0,0,5,33,950,58,58,4838,0,0,0,0,0,0,5,33,950
9501,2975,9999, ,Glens Falls NY MSA,15,15,1245,0,0,0,0,0,0,0,0,0,9,9,911,0,0,0,0,0,0,0,0,0
9501,2980,9999, ,Goldsboro NC MSA,28,28,1904,0,0,0,3,12,530,1,8,212,1,1,65,0,0,0,3,12,530,1,8,212
9501,2985,9999, ,Grand Forks ND-MN MSA,1,1,86,0,0,0,0,0,0,0,0,0,1,1,86,0,0,0,0,0,0,0,0,0
9501,3000,9999, ,Grand Rapids-Muskegon-Holland MI MSA,252,252,26713,4,8,473,2,7,382,5,92,3161,186,186,20715,4,8,473,2,7,382,3,78,2556
9501,3040,9999, ,Great Falls MT MSA,4,4,597,0,0,0,0,0,0,0,0,0,4,4,597,0,0,0,0,0,0,0,0,0
9501,3080,9999, ,Green Bay WI MSA,28,28,3613,3,6,367,0,0,0,2,27,838,13,13,1742,1,2,130,0,0,0,0,0,0
9501,3120,9999, ,Greensboro--Winston-Salem--High Point NC MSA,490,490,43819,5,10,200,1,3,378,3,28,1127,485,485,43431,5,10,200,1,3,378,3,28,1127
9501,3150,9999, ,Greenville NC MSA,48,48,4359,0,0,0,0,0,0,3,28,808,48,48,4359,0,0,0,0,0,0,3,28,808
9501,3160,9999, ,Greenville-Spartanburg-Anderson SC MSA,417,417,35679,4,8,247,0,0,0,3,35,1207,409,409,34852,4,8,247,0,0,0,1,5,125
9501,3240,9999, ,Harrisburg-Lebanon-Carlisle PA MSA,70,70,7333,0,0,0,2,7,327,0,0,0,67,67,7178,0,0,0,1,4,205,0,0,0
9501,3280,9999, ,Hartford CT MSA,152,152,15662,5,10,200,1,3,119,0,0,0,139,139,14176,5,10,200,0,0,0,0,0,0
9501,3285,9999, ,Hattiesburg MS MSA,3,3,223,0,0,0,0,0,0,0,0,0,0,0,0,0,0,0,0,0,0,0,0,0
9501,3290,9999, ,Hickory-Morganton NC MSA,80,80,7924,1,2,22,0,0,0,0,0,0,55,55,6032,0,0,0,0,0,0,0,0,0
9501,3320,9999, ,Honolulu HI MSA,116,116,13144,2,4,293,0,0,0,1,282,15497,116,116,13144,2,4,293,0,0,0,1,282,15497
9501,3350,9999, ,Houma LA MSA,74,74,5815,0,0,0,0,0,0,0,0,0,74,74,5815,0,0,0,0,0,0,0,0,0
9501,3362,1145, ,Brazoria TX PMSA,60,60,6177,0,0,0,0,0,0,0,0,0,54,54,5705,0,0,0,0,0,0,0,0,0
9501,3362,2920, ,Galveston-Texas City TX PMSA,100,100,11556,0,0,0,2,6,303,0,0,0,81,81,8341,0,0,0,0,0,0,0,0,0
9501,3362,3360, ,Houston TX PMSA,918,918,89208,1,2,94,3,12,450,33,527,21327,896,896,86436,1,2,94,3,12,450,32,516,21138
9501,3400,9999, ,Huntington-Ashland WV-KY-OH MSA,3,3,394,0,0,0,0,0,0,1,5,158,0,0,0,0,0,0,0,0,0,0,0,0
9501,3440,9999, ,Huntsville AL MSA,47,47,2987,0,0,0,0,0,0,0,0,0,47,47,2987,0,0,0,0,0,0,0,0,0
9501,3480,9999, ,Indianapolis IN MSA,474,474,55680,12,24,1299,4,15,1025,2,13,220,454,454,53464,11,22,1181,4,15,1025,1,8,30
9501,3500,9999, ,Iowa City IA MSA,10,10,1149,0,0,0,0,0,0,0,0,0,10,10,1149,0,0,0,0,0,0,0,0,0
9501,3520,9999, ,Jackson MI MSA,1,1,92,0,0,0,0,0,0,0,0,0,1,1,92,0,0,0,0,0,0,0,0,0
9501,3560,9999, ,Jackson MS MSA,152,152,13903,0,0,0,2,6,113,0,0,0,136,136,12735,0,0,0,0,0,0,0,0,0
9501,3580,9999, ,Jackson TN MSA,45,45,4010,0,0,0,0,0,0,0,0,0,45,45,4010,0,0,0,0,0,0,0,0,0
9501,3600,9999, ,Jacksonville FL MSA,494,494,56972,3,6,313,0,0,0,0,0,0,492,492,56859,3,6,313,0,0,0,0,0,0
9501,3605,9999, ,Jacksonville NC MSA,33,33,1971,1,2,120,1,4,59,0,0,0,33,33,1971,1,2,120,1,4,59,0,0,0
9501,3610,9999, ,Jamestown NY MSA,2,2,123,0,0,0,0,0,0,0,0,0,0,0,0,0,0,0,0,0,0,0,0,0
9501,3620,9999, ,Janesville-Beloit WI MSA,10,10,1141,2,4,286,0,0,0,0,0,0,9,9,1068,2,4,286,0,0,0,0,0,0
9501,3660,9999, ,Johnson City-Kingsport-Bristol TN-VA MSA,77,77,5767,0,0,0,0,0,0,1,5,155,44,44,3556,0,0,0,0,0,0,0,0,0
9501,3680,9999, ,Johnstown PA MSA,2,2,217,0,0,0,0,0,0,0,0,0,1,1,70,0,0,0,0,0,0,0,0,0
9501,3710,9999, ,Joplin MO MSA,19,19,2100,4,8,457,2,8,230,0,0,0,19,19,2100,4,8,457,2,8,230,0,0,0
9501,3720,9999, ,Kalamazoo-Battle Creek MI MSA,48,48,6941,2,4,240,11,44,3029,3,63,2406,46,46,6790,2,4,240,11,44,3029,2,52,2224
9501,3760,9999, ,Kansas City MO-KS MSA,479,479,57715,19,38,1818,2,7,181,7,152,5054,440,440,54370,17,34,1575,1,4,102,7,152,5054
9501,3810,9999, ,Killeen-Temple TX MSA,101,101,8220,1,2,64,0,0,0,0,0,0,101,101,8220,1,2,64,0,0,0,0,0,0
9501,3840,9999, ,Knoxville TN MSA,241,241,18070,3,6,270,3,9,324,20,200,2660,232,232,16853,3,6,270,3,9,324,20,200,2660
9501,3850,9999, ,Kokomo IN MSA,8,8,671,2,4,527,0,0,0,0,0,0,8,8,671,2,4,527,0,0,0,0,0,0
9501,3870,9999, ,La Crosse WI-MN MSA,8,8,1167,1,2,112,0,0,0,0,0,0,8,8,1167,1,2,112,0,0,0,0,0,0
9501,3880,9999, ,Lafayette LA MSA,104,104,8214,0,0,0,0,0,0,0,0,0,104,104,8214,0,0,0,0,0,0,0,0,0
9501,3920,9999, ,Lafayette IN MSA,40,40,4129,1,2,128,0,0,0,0,0,0,40,40,4129,1,2,128,0,0,0,0,0,0
9501,3960,9999, ,Lake Charles LA MSA,58,58,5240,0,0,0,0,0,0,0,0,0,58,58,5240,0,0,0,0,0,0,0,0,0
9501,3980,9999, ,Lakeland-Winter Haven FL MSA,167,167,12340,2,4,165,0,0,0,0,0,0,167,167,12340,2,4,165,0,0,0,0,0,0
9501,4000,9999, ,Lancaster PA MSA,67,67,6622,1,2,110,0,0,0,1,5,146,56,56,5770,0,0,0,0,0,0,0,0,0
9501,4040,9999, ,Lansing-East Lansing MI MSA,55,55,6593,0,0,0,0,0,0,1,32,1063,55,55,6593,0,0,0,0,0,0,1,32,1063
9501,4080,9999, ,Laredo TX MSA,60,60,3228,0,0,0,3,12,280,6,78,1775,0,0,0,0,0,0,0,0,0,0,0,0
9501,4100,9999, ,Las Cruces NM MSA,84,84,7598,0,0,0,0,0,0,0,0,0,84,84,7598,0,0,0,0,0,0,0,0,0
9501,4120,9999, ,Las Vegas NV-AZ MSA,1373,1373,116759,11,22,958,2,7,287,60,623,18495,1234,1234,105573,10,20,871,0,0,0,60,623,18495
9501,4150,9999, ,Lawrence KS MSA,30,30,2757,1,2,85,2,6,320,0,0,0,30,30,2757,1,2,85,2,6,320,0,0,0
9501,4200,9999, ,Lawton OK MSA,12,12,1146,0,0,0,0,0,0,0,0,0,11,11,1085,0,0,0,0,0,0,0,0,0
9501,4240,9999, ,Lewiston-Auburn ME MSA,5,5,455,0,0,0,0,0,0,0,0,0,2,2,200,0,0,0,0,0,0,0,0,0
9501,4280,9999, ,Lexington KY MSA,139,139,12007,2,4,178,0,0,0,0,0,0,119,119,10577,1,2,90,0,0,0,0,0,0
9501,4320,9999, ,Lima OH MSA,3,3,352,0,0,0,0,0,0,0,0,0,3,3,352,0,0,0,0,0,0,0,0,0
9501,4360,9999, ,Lincoln NE MSA,23,23,2775,1,2,65,0,0,0,0,0,0,23,23,2775,1,2,65,0,0,0,0,0,0
9501,4400,9999, ,Little Rock-North Little Rock AR MSA,133,133,13941,0,0,0,1,4,119,1,16,400,132,132,13877,0,0,0,1,4,119,1,16,400
9501,4420,9999, ,Longview-Marshall TX MSA,9,9,1109,0,0,0,0,0,0,0,0,0,9,9,1109,0,0,0,0,0,0,0,0,0
9501,4472,4480, ,Los Angeles-Long Beach CA PMSA,375,375,50550,8,16,1466,2,6,354,4,33,2061,316,316,41439,8,16,1466,1,3,185,1,14,769
9501,4472,5945, ,Orange County CA PMSA,390,390,59852,3,6,539,2,7,672,8,60,4398,389,389,59534,3,6,539,2,7,672,8,60,4398
9501,4472,6780, ,Riverside-San Bernardino CA PMSA,714,714,93852,1,2,191,0,0,0,4,24,2577,674,674,89113,0,0,0,0,0,0,4,24,2577
9501,4472,8735, ,Ventura CA PMSA,67,67,13061,1,2,128,0,0,0,0,0,0,49,49,9742,0,0,0,0,0,0,0,0,0
9501,4520,9999, ,Louisville KY-IN MSA,254,254,28396,0,0,0,1,4,200,5,32,995,238,238,27145,0,0,0,1,4,200,4,27,804
9501,4600,9999, ,Lubbock TX MSA,49,49,5169,1,2,55,0,0,0,7,96,3764,49,49,5169,1,2,55,0,0,0,7,96,3764
9501,4640,9999, ,Lynchburg VA MSA,67,67,7619,1,2,75,0,0,0,0,0,0,60,60,6848,1,2,75,0,0,0,0,0,0
9501,4680,9999, ,Macon GA MSA,118,118,7744,0,0,0,0,0,0,2,14,605,71,71,4198,0,0,0,0,0,0,0,0,0
9501,4720,9999, ,Madison WI MSA,95,95,10986,4,8,1044,4,16,887,1,42,1660,94,94,10900,4,8,1044,4,16,887,1,42,1660
9501,4800,9999, ,Mansfield OH MSA,3,3,298,0,0,0,0,0,0,1,5,141,2,2,190,0,0,0,0,0,0,0,0,0
9501,4880,9999, ,McAllen-Edinburg-Mission TX MSA,238,238,9493,2,4,106,3,11,210,5,34,855,26,26,964,0,0,0,0,0,0,0,0,0
9501,4890,9999, ,Medford-Ashland OR MSA,77,77,7789,1,2,111,1,4,229,1,11,729,25,25,2561,0,0,0,0,0,0,0,0,0
9501,4900,9999, ,Melbourne-Titusville-Palm Bay FL MSA,223,223,23584,1,2,105,0,0,0,1,8,420,167,167,17057,1,2,105,0,0,0,1,8,420
9501,4920,9999, ,Memphis TN-AR-MS MSA,450,450,48539,19,38,2453,69,276,10198,10,80,6197,422,422,46635,18,36,2393,69,276,10198,10,80,6197
9501,4940,9999, ,Merced CA MSA,30,30,2806,1,2,43,0,0,0,0,0,0,21,21,2057,1,2,43,0,0,0,0,0,0
9501,4992,2680, ,Fort Lauderdale FL PMSA,810,810,83372,3,6,269,0,0,0,10,243,10244,810,810,83372,3,6,269,0,0,0,10,243,10244
9501,4992,5000, ,Miami FL PMSA,563,563,52050,8,16,801,4,15,607,11,784,86387,533,533,50737,8,16,801,4,15,607,11,784,86387
9501,5082,5080, ,Milwaukee-Waukesha WI PMSA,202,202,28415,10,20,1733,2,8,420,7,133,5925,174,174,23372,9,18,1520,2,8,420,3,98,4250
9501,5082,6600, ,Racine WI PMSA,21,21,2397,3,6,365,1,3,238,2,10,458,20,20,2297,3,6,365,0,0,0,0,0,0
9501,5120,9999, ,Minneapolis-St. Paul MN-WI MSA,451,451,55979,1,2,170,3,10,556,5,143,6734,386,386,49498,1,2,170,2,7,514,3,120,5538
9501,5160,9999, ,Mobile AL MSA,233,233,16305,4,8,289,0,0,0,3,42,2750,89,89,9483,1,2,121,0,0,0,1,32,2700
9501,5170,9999, ,Modesto CA MSA,58,58,5958,0,0,0,0,0,0,0,0,0,58,58,5958,0,0,0,0,0,0,0,0,0
9501,5200,9999, ,Monroe LA MSA,29,29,3202,0,0,0,0,0,0,0,0,0,5,5,990,0,0,0,0,0,0,0,0,0
9501,5240,9999, ,Montgomery AL MSA,89,89,4925,0,0,0,0,0,0,27,312,11139,89,89,4925,0,0,0,0,0,0,27,312,11139
9501,5280,9999, ,Muncie IN MSA,5,5,346,0,0,0,0,0,0,0,0,0,5,5,346,0,0,0,0,0,0,0,0,0
9501,5330,9999, ,Myrtle Beach SC MSA,146,146,13024,0,0,0,0,0,0,2,25,1451,146,146,13024,0,0,0,0,0,0,2,25,1451
9501,5345,9999, ,Naples FL MSA,120,120,14542,0,0,0,12,48,5449,33,284,15205,120,120,14542,0,0,0,12,48,5449,33,284,15205
9501,5360,9999, ,Nashville TN MSA,539,539,49689,3,6,159,3,12,347,6,41,1911,370,370,32552,1,2,30,2,8,248,0,0,0
9501,5520,9999, ,New London-Norwich CT-RI MSA,60,60,5109,6,12,390,0,0,0,0,0,0,57,57,4622,6,12,390,0,0,0,0,0,0
9501,5560,9999, ,New Orleans LA MSA,232,232,19749,3,6,198,1,3,100,0,0,0,225,225,19180,2,4,92,1,3,100,0,0,0
9501,5602,0875, ,Bergen-Passaic NJ PMSA,70,70,10131,3,6,352,1,3,50,1,6,300,56,56,6941,2,4,272,1,3,50,1,6,300
9501,5602,1160, ,Bridgeport CT PMSA,46,46,4541,3,6,162,0,0,0,2,18,179,44,44,4439,3,6,162,0,0,0,2,18,179
9501,5602,1930, ,Danbury CT PMSA,51,51,9002,0,0,0,0,0,0,1,6,264,50,50,8837,0,0,0,0,0,0,1,6,264
9501,5602,2281, ,Dutchess County NY PMSA,14,14,1732,0,0,0,0,0,0,0,0,0,12,12,1520,0,0,0,0,0,0,0,0,0
9501,5602,3640, ,Jersey City NJ PMSA,12,12,610,4,8,247,1,3,140,0,0,0,0,0,0,0,0,0,0,0,0,0,0,0
9501,5602,5015, ,Middlesex-Somerset-Hunterdon NJ PMSA,207,207,23987,3,6,251,7,21,1978,5,111,5572,167,167,20098,1,2,112,7,21,1978,4,106,5347
9501,5602,5190, ,Monmouth-Ocean NJ PMSA,209,209,21227,0,0,0,0,0,0,0,0,0,148,148,15861,0,0,0,0,0,0,0,0,0
9501,5602,5380, ,Nassau-Suffolk NY PMSA,299,299,35417,1,2,100,0,0,0,0,0,0,281,281,33591,1,2,100,0,0,0,0,0,0
9501,5602,5480, ,New Haven-Meriden CT PMSA,57,57,6590,1,2,78,0,0,0,0,0,0,49,49,5401,0,0,0,0,0,0,0,0,0
9501,5602,5600, ,New York NY PMSA,210,210,22546,66,132,7452,24,73,4267,1,5,295,191,191,18396,64,128,7117,23,69,4036,0,0,0
9501,5602,5640, ,Newark NJ PMSA,122,122,14204,4,8,365,0,0,0,1,5,296,92,92,10544,2,4,278,0,0,0,0,0,0
9501,5602,5660, ,Newburgh NY-PA PMSA,58,58,5527,1,2,150,0,0,0,0,0,0,37,37,3849,1,2,150,0,0,0,0,0,0
9501,5602,8040, ,Stamford-Norwalk CT PMSA,29,29,7202,0,0,0,1,4,155,1,5,240,21,21,4075,0,0,0,1,4,155,1,5,240
9501,5602,8480, ,Trenton NJ PMSA,63,63,7540,0,0,0,0,0,0,1,9,237,60,60,7150,0,0,0,0,0,0,0,0,0
9501,5602,8880, ,Waterbury CT PMSA,25,25,2229,0,0,0,0,0,0,0,0,0,25,25,2229,0,0,0,0,0,0,0,0,0
9501,5720,9999, ,Norfolk-Virginia Beach-Newport News VA-NC MSA,418,418,42561,4,8,321,2,8,370,6,272,10757,371,371,38347,3,6,281,2,8,370,5,267,10632
9501,5790,9999, ,Ocala FL MSA,166,166,9752,0,0,0,1,4,187,0,0,0,166,166,9752,0,0,0,1,4,187,0,0,0
9501,5800,9999, ,Odessa-Midland TX MSA,18,18,1778,0,0,0,0,0,0,0,0,0,11,11,919,0,0,0,0,0,0,0,0,0
9501,5880,9999, ,Oklahoma City OK MSA,215,215,23791,5,10,616,0,0,0,13,252,11381,215,215,23791,5,10,616,0,0,0,13,252,11381
9501,5920,9999, ,Omaha NE-IA MSA,90,90,7705,2,4,244,0,0,0,11,245,5718,78,78,6857,2,4,244,0,0,0,10,240,5580
9501,5960,9999, ,Orlando FL MSA,834,834,81602,0,0,0,0,0,0,1,10,910,682,682,69580,0,0,0,0,0,0,0,0,0
9501,5990,9999, ,Owensboro KY MSA,20,20,1312,0,0,0,0,0,0,0,0,0,6,6,521,0,0,0,0,0,0,0,0,0
9501,6015,9999, ,Panama City FL MSA,51,51,2888,2,4,87,0,0,0,12,100,2808,51,51,2888,2,4,87,0,0,0,12,100,2808
9501,6020,9999, ,Parkersburg-Marietta WV-OH MSA,5,5,533,1,2,38,0,0,0,1,5,165,2,2,186,1,2,38,0,0,0,0,0,0
9501,6080,9999, ,Pensacola FL MSA,169,169,14881,0,0,0,0,0,0,0,0,0,169,169,14881,0,0,0,0,0,0,0,0,0
9501,6120,9999, ,Peoria-Pekin IL MSA,20,20,2387,1,2,150,0,0,0,1,48,1000,19,19,2279,1,2,150,0,0,0,1,48,1000
9501,6162,0560, ,Atlantic-Cape May NJ PMSA,66,66,7066,10,20,917,0,0,0,1,5,56,60,60,6631,10,20,917,0,0,0,0,0,0
9501,6162,6160, ,Philadelphia PA-NJ PMSA,750,750,74153,8,16,776,3,11,875,6,32,1122,616,616,62108,1,2,113,3,11,875,4,22,655
9501,6162,8760, ,Vineland-Millville-Bridgeton NJ PMSA,24,24,1627,0,0,0,0,0,0,0,0,0,23,23,1550,0,0,0,0,0,0,0,0,0
9501,6162,9160, ,Wilmington-Newark DE-MD PMSA,242,242,14243,0,0,0,0,0,0,0,0,0,60,60,3866,0,0,0,0,0,0,0,0,0
9501,6200,9999, ,Phoenix-Mesa AZ MSA,1727,1727,207174,4,8,682,3,11,531,52,538,29262,1725,1725,207032,4,8,682,3,11,531,52,538,29262
9501,6240,9999, ,Pine Bluff AR MSA,4,4,96,0,0,0,0,0,0,0,0,0,4,4,96,0,0,0,0,0,0,0,0,0
9501,6280,9999, ,Pittsburgh PA MSA,314,314,32314,4,8,1049,1,4,160,2,45,1621,244,244,24808,2,4,476,0,0,0,1,40,1400
9501,6320,9999, ,Pittsfield MA MSA,1,1,456,0,0,0,0,0,0,0,0,0,0,0,0,0,0,0,0,0,0,0,0,0
9501,6400,9999, ,Portland ME MSA,30,30,3178,0,0,0,0,0,0,0,0,0,15,15,1840,0,0,0,0,0,0,0,0,0
9501,6442,6440, ,Portland-Vancouver OR-WA PMSA,719,719,90233,39,78,5769,12,39,2589,5,37,2318,666,666,84075,39,78,5769,12,39,2589,2,12,964
9501,6442,7080, ,Salem OR PMSA,96,96,10419,7,14,933,1,4,300,4,41,1909,63,63,6746,4,8,622,1,4,300,2,16,1053
9501,6480,9999, ,Providence-Fall River-Warwick RI-MA MSA,113,113,10379,5,10,348,0,0,0,1,6,387,84,84,7410,5,10,348,0,0,0,1,6,387
9501,6520,9999, ,Provo-Orem UT MSA,128,128,12970,8,16,1008,2,8,494,15,128,7149,104,104,10512,8,16,1008,1,4,209,15,128,7149
9501,6560,9999, ,Pueblo CO MSA,53,53,5635,1,2,73,0,0,0,0,0,0,53,53,5635,1,2,73,0,0,0,0,0,0
9501,6580,9999, ,Punta Gorda FL MSA,83,83,7877,0,0,0,0,0,0,0,0,0,83,83,7877,0,0,0,0,0,0,0,0,0
9501,6640,9999, ,Raleigh-Durham-Chapel Hill NC MSA,785,785,104040,0,0,0,5,20,600,3,54,1176,780,780,103748,0,0,0,5,20,600,3,54,1176
9501,6660,9999, ,Rapid City SD MSA,18,18,1300,0,0,0,1,3,105,0,0,0,11,11,735,0,0,0,0,0,0,0,0,0
9501,6680,9999, ,Reading PA MSA,36,36,4221,0,0,0,0,0,0,0,0,0,22,22,2879,0,0,0,0,0,0,0,0,0
9501,6690,9999, ,Redding CA MSA,23,23,2363,1,2,143,5,19,677,0,0,0,23,23,2363,1,2,143,5,19,677,0,0,0
9501,6720,9999, ,Reno NV MSA,91,91,10631,0,0,0,0,0,0,2,13,546,91,91,10631,0,0,0,0,0,0,2,13,546
9501,6740,9999, ,Richland-Kennewick-Pasco WA MSA,45,45,5111,0,0,0,1,3,135,1,8,319,26,26,2992,0,0,0,0,0,0,0,0,0
9501,6760,9999, ,Richmond-Petersburg VA MSA,385,385,31563,1,2,47,0,0,0,1,12,342,384,384,31497,0,0,0,0,0,0,1,12,342
9501,6800,9999, ,Roanoke VA MSA,58,58,3709,2,4,105,0,0,0,1,5,150,25,25,1519,1,2,57,0,0,0,0,0,0
9501,6820,9999, ,Rochester MN MSA,8,8,981,0,0,0,0,0,0,0,0,0,8,8,981,0,0,0,0,0,0,0,0,0
9501,6840,9999, ,Rochester NY MSA,76,76,10289,1,2,80,0,0,0,1,8,200,59,59,7467,1,2,80,0,0,0,1,8,200
9501,6880,9999, ,Rockford IL MSA,72,72,5573,1,2,105,0,0,0,1,16,189,72,72,5573,1,2,105,0,0,0,1,16,189
9501,6895,9999, ,Rocky Mount NC MSA,32,32,2560,1,2,88,0,0,0,0,0,0,17,17,1189,0,0,0,0,0,0,0,0,0
9501,6922,6920, ,Sacramento CA PMSA,317,317,40969,0,0,0,0,0,0,0,0,0,227,227,26758,0,0,0,0,0,0,0,0,0
9501,6922,9270, ,Yolo CA PMSA,60,60,5696,0,0,0,0,0,0,0,0,0,60,60,5696,0,0,0,0,0,0,0,0,0
9501,6960,9999, ,Saginaw-Bay City-Midland MI MSA,22,22,2825,2,4,245,0,0,0,0,0,0,19,19,2491,2,4,245,0,0,0,0,0,0
9501,6980,9999, ,St. Cloud MN MSA,15,15,1314,0,0,0,1,3,0,2,18,629,5,5,487,0,0,0,0,0,0,0,0,0
9501,7000,9999, ,St. Joseph MO MSA,5,5,708,2,4,200,0,0,0,3,64,2378,5,5,708,2,4,200,0,0,0,3,64,2378
9501,7040,9999, ,St. Louis MO-IL MSA,520,520,54072,8,16,774,6,23,1251,3,21,1122,461,461,48636,7,14,669,6,23,1251,2,11,572
9501,7120,9999, ,Salinas CA MSA,38,38,5455,0,0,0,0,0,0,0,0,0,36,36,5124,0,0,0,0,0,0,0,0,0
9501,7160,9999, ,Salt Lake City-Ogden UT MSA,483,483,49369,3,6,336,1,3,115,3,26,1615,434,434,45032,3,6,336,0,0,0,2,20,1377
9501,7200,9999, ,San Angelo TX MSA,15,15,1332,0,0,0,0,0,0,0,0,0,15,15,1332,0,0,0,0,0,0,0,0,0
9501,7240,9999, ,San Antonio TX MSA,401,401,31565,2,4,118,0,0,0,17,248,6983,401,401,31565,2,4,118,0,0,0,17,248,6983
9501,7320,9999, ,San Diego CA MSA,409,409,59358,2,4,349,1,4,246,7,54,3118,345,345,47059,1,2,147,1,4,246,6,48,2638
9501,7362,5775, ,Oakland CA PMSA,255,255,41039,3,6,473,1,3,185,0,0,0,243,243,39363,3,6,473,1,3,185,0,0,0
9501,7362,7360, ,San Francisco CA PMSA,54,54,10163,1,2,163,2,8,596,6,62,3995,46,46,8179,1,2,163,2,8,596,5,57,3637
9501,7362,7400, ,San Jose CA PMSA,62,62,10788,0,0,0,4,16,985,0,0,0,62,62,10788,0,0,0,4,16,985,0,0,0
9501,7362,7485, ,Santa Cruz-Watsonville CA PMSA,8,8,1511,0,0,0,0,0,0,0,0,0,8,8,1511,0,0,0,0,0,0,0,0,0
9501,7362,7500, ,Santa Rosa CA PMSA,71,71,8424,1,2,130,0,0,0,1,5,275,19,19,2472,0,0,0,0,0,0,0,0,0
9501,7362,8720, ,Vallejo-Fairfield-Napa CA PMSA,66,66,8666,0,0,0,0,0,0,1,5,381,9,9,1242,0,0,0,0,0,0,0,0,0
9501,7460,9999, ,San Luis Obispo-Atascadero-Paso Robles CA MSA,38,38,4859,0,0,0,0,0,0,2,10,183,38,38,4859,0,0,0,0,0,0,2,10,183
9501,7480,9999, ,Santa Barbara-Santa Maria-Lompoc CA MSA,29,29,4710,1,2,174,0,0,0,0,0,0,0,0,0,0,0,0,0,0,0,0,0,0
9501,7490,9999, ,Santa Fe NM MSA,25,25,3709,0,0,0,2,8,537,0,0,0,5,5,829,0,0,0,0,0,0,0,0,0
9501,7510,9999, ,Sarasota-Bradenton FL MSA,301,301,32387,2,4,130,3,10,524,14,246,10339,301,301,32387,2,4,130,3,10,524,14,246,10339
9501,7520,9999, ,Savannah GA MSA,102,102,8317,0,0,0,0,0,0,0,0,0,102,102,8317,0,0,0,0,0,0,0,0,0
9501,7560,9999, ,Scranton--Wilkes-Barre--Hazleton PA MSA,22,22,1796,0,0,0,0,0,0,0,0,0,8,8,732,0,0,0,0,0,0,0,0,0
9501,7602,1150, ,Bremerton WA PMSA,91,91,6277,1,2,64,0,0,0,0,0,0,91,91,6277,1,2,64,0,0,0,0,0,0
9501,7602,5910, ,Olympia WA PMSA,99,99,9481,2,4,229,0,0,0,2,17,816,52,52,5489,0,0,0,0,0,0,0,0,0
9501,7602,7600, ,Seattle-Bellevue-Everett WA PMSA,581,581,73068,6,12,855,6,22,1152,33,325,23313,293,293,37805,5,10,734,4,16,635,23,238,18431
9501,7602,8200, ,Tacoma WA PMSA,231,231,26027,8,16,1174,0,0,0,1,13,714,227,227,25549,8,16,1174,0,0,0,1,13,714
9501,7610,9999, ,Sharon PA MSA,6,6,576,0,0,0,0,0,0,0,0,0,4,4,368,0,0,0,0,0,0,0,0,0
9501,7620,9999, ,Sheboygan WI MSA,8,8,688,0,0,0,0,0,0,0,0,0,8,8,688,0,0,0,0,0,0,0,0,0
9501,7640,9999, ,Sherman-Denison TX MSA,4,4,922,1,2,100,0,0,0,0,0,0,4,4,922,1,2,100,0,0,0,0,0,0
9501,7680,9999, ,Shreveport-Bossier City LA MSA,64,64,7649,0,0,0,0,0,0,0,0,0,64,64,7649,0,0,0,0,0,0,0,0,0
9501,7720,9999, ,Sioux City IA-NE MSA,2,2,208,0,0,0,0,0,0,3,84,3288,2,2,208,0,0,0,0,0,0,3,84,3288
9501,7760,9999, ,Sioux Falls SD MSA,17,17,1307,0,0,0,0,0,0,6,60,2252,15,15,1179,0,0,0,0,0,0,6,60,2252
9501,7800,9999, ,South Bend IN MSA,55,55,5819,0,0,0,0,0,0,0,0,0,55,55,5819,0,0,0,0,0,0,0,0,0
9501,7840,9999, ,Spokane WA MSA,45,45,4871,1,2,144,0,0,0,0,0,0,45,45,4871,1,2,144,0,0,0,0,0,0
9501,7880,9999, ,Springfield IL MSA,31,31,2978,4,8,469,0,0,0,1,5,153,6,6,419,0,0,0,0,0,0,0,0,0
9501,7920,9999, ,Springfield MO MSA,63,63,5153,13,26,725,0,0,0,0,0,0,60,60,5045,13,26,725,0,0,0,0,0,0
9501,8000,9999, ,Springfield MA MSA,23,23,2625,1,2,70,0,0,0,0,0,0,15,15,1670,1,2,70,0,0,0,0,0,0
9501,8050,9999, ,State College PA MSA,11,11,1266,0,0,0,0,0,0,0,0,0,2,2,165,0,0,0,0,0,0,0,0,0
9501,8080,9999, ,Steubenville-Weirton OH-WV MSA,5,5,691,0,0,0,0,0,0,0,0,0,2,2,499,0,0,0,0,0,0,0,0,0
9501,8120,9999, ,Stockton-Lodi CA MSA,49,49,5431,0,0,0,0,0,0,0,0,0,34,34,3653,0,0,0,0,0,0,0,0,0
9501,8140,9999, ,Sumter SC MSA,31,31,1721,0,0,0,1,3,84,1,10,896,0,0,0,0,0,0,0,0,0,0,0,0
9501,8160,9999, ,Syracuse NY MSA,26,26,2372,0,0,0,0,0,0,0,0,0,20,20,1859,0,0,0,0,0,0,0,0,0
9501,8240,9999, ,Tallahassee FL MSA,130,130,13142,10,20,620,0,0,0,2,30,1150,130,130,13142,10,20,620,0,0,0,2,30,1150
9501,8280,9999, ,Tampa-St. Petersburg-Clearwater FL MSA,654,654,62361,13,26,2188,4,15,693,48,1101,48902,639,639,60832,13,26,2188,4,15,693,47,1094,48480
9501,8320,9999, ,Terre Haute IN MSA,13,13,1458,7,14,849,0,0,0,0,0,0,13,13,1458,7,14,849,0,0,0,0,0,0
9501,8360,9999, ,Texarkana TX-Texarkana AR MSA,11,11,697,0,0,0,0,0,0,0,0,0,4,4,205,0,0,0,0,0,0,0,0,0
9501,8400,9999, ,Toledo OH MSA,69,69,7939,0,0,0,0,0,0,2,28,630,69,69,7939,0,0,0,0,0,0,2,28,630
9501,8440,9999, ,Topeka KS MSA,15,15,2324,1,2,150,2,7,490,0,0,0,15,15,2324,1,2,150,2,7,490,0,0,0
9501,8520,9999, ,Tucson AZ MSA,333,333,36972,0,0,0,2,8,492,0,0,0,333,333,36972,0,0,0,2,8,492,0,0,0
9501,8560,9999, ,Tulsa OK MSA,133,133,13847,0,0,0,0,0,0,0,0,0,119,119,12684,0,0,0,0,0,0,0,0,0
9501,8600,9999, ,Tuscaloosa AL MSA,50,50,2626,0,0,0,0,0,0,1,8,200,50,50,2626,0,0,0,0,0,0,1,8,200
9501,8640,9999, ,Tyler TX MSA,7,7,1447,1,2,98,0,0,0,0,0,0,7,7,1447,1,2,98,0,0,0,0,0,0
9501,8680,9999, ,Utica-Rome NY MSA,4,4,551,0,0,0,0,0,0,0,0,0,1,1,285,0,0,0,0,0,0,0,0,0
9501,8750,9999, ,Victoria TX MSA,19,19,1546,0,0,0,0,0,0,0,0,0,19,19,1546,0,0,0,0,0,0,0,0,0
9501,8780,9999, ,Visalia-Tulare-Porterville CA MSA,93,93,7920,0,0,0,3,11,446,0,0,0,93,93,7920,0,0,0,3,11,446,0,0,0
9501,8800,9999, ,Waco TX MSA,21,21,2223,0,0,0,0,0,0,0,0,0,17,17,1607,0,0,0,0,0,0,0,0,0
9501,8872,0720, ,Baltimore MD PMSA,655,655,60719,0,0,0,0,0,0,8,83,3308,648,648,60253,0,0,0,0,0,0,7,74,3031
9501,8872,3180, ,Hagerstown MD PMSA,19,19,2315,0,0,0,0,0,0,0,0,0,19,19,2315,0,0,0,0,0,0,0,0,0
9501,8872,8840, ,Washington DC-MD-VA-WV PMSA,1333,1333,127859,2,4,197,0,0,0,8,186,7765,1234,1234,119034,1,2,94,0,0,0,4,144,6071
9501,8920,9999, ,Waterloo-Cedar Falls IA MSA,1,1,250,0,0,0,0,0,0,0,0,0,1,1,250,0,0,0,0,0,0,0,0,0
9501,8940,9999, ,Wausau WI MSA,5,5,570,0,0,0,0,0,0,0,0,0,5,5,570,0,0,0,0,0,0,0,0,0
9501,8960,9999, ,West Palm Beach-Boca Raton FL MSA,459,459,54879,1,2,163,1,4,190,9,98,5012,455,455,54654,1,2,163,1,4,190,9,98,5012
9501,9000,9999, ,Wheeling WV-OH MSA,0,0,0,0,0,0,0,0,0,0,0,0,0,0,0,0,0,0,0,0,0,0,0,0
9501,9040,9999, ,Wichita KS MSA,110,110,10101,0,0,0,0,0,0,0,0,0,108,108,9900,0,0,0,0,0,0,0,0,0
9501,9080,9999, ,Wichita Falls TX MSA,14,14,1392,0,0,0,0,0,0,0,0,0,14,14,1392,0,0,0,0,0,0,0,0,0
9501,9200,9999, ,Wilmington NC MSA,204,204,17688,5,10,575,1,4,97,1,5,198,194,194,16939,5,10,575,1,4,97,0,0,0
9501,9260,9999, ,Yakima WA MSA,23,23,2647,4,8,400,0,0,0,1,6,211,23,23,2647,4,8,400,0,0,0,1,6,211
9501,9280,9999, ,York PA MSA,73,73,7820,2,4,210,0,0,0,0,0,0,72,72,7716,1,2,98,0,0,0,0,0,0
9501,9320,9999, ,Youngstown-Warren OH MSA,50,50,5853,4,8,560,1,4,300,1,11,338,50,50,5853,4,8,560,1,4,300,0,0,0
9501,9340,9999, ,Yuba City CA MSA,20,20,2128,2,4,382,0,0,0,0,0,0,20,20,2128,2,4,382,0,0,0,0,0,0
9501,9360,9999, ,Yuma AZ MSA,53,53,3816,0,0,0,0,0,0,0,0,0,48,48,3622,0,0,0,0,0,0,0,0,0
9501,1122,9999, ,Boston-Worcester-Lawrence MA-NH-ME-CT CMSA,748,748,87312,15,30,2334,5,17,823,5,52,2011,569,569,68518,11,22,1609,4,14,823,3,42,1691
9501,1602,9999, ,Chicago-Gary-Kenosha IL-IN-WI CMSA,1146,1146,146670,19,38,2209,20,67,4008,18,328,16005,1029,1029,132802,16,32,1872,18,61,3751,14,308,15119
9501,1642,9999, ,Cincinnati-Hamilton OH-KY-IN CMSA,408,408,45317,2,4,238,0,0,0,7,133,3700,343,343,39765,1,2,143,0,0,0,3,96,2454
9501,1692,9999, ,Cleveland-Akron OH CMSA,351,351,45374,5,10,786,5,16,1199,19,359,13811,264,264,34514,3,6,453,4,13,1064,17,349,13388
9501,1922,9999, ,Dallas-Fort Worth TX CMSA,1515,1515,194652,6,12,499,0,0,0,66,1371,57559,1325,1325,170098,6,12,499,0,0,0,65,1364,57381
9501,2082,9999, ,Denver-Boulder-Greeley CO CMSA,1001,1001,121555,8,16,1103,4,14,935,22,590,26663,944,944,116428,8,16,1103,3,11,760,21,584,26474
9501,2162,9999, ,Detroit-Ann Arbor-Flint MI CMSA,890,890,98596,5,10,551,5,20,1260,10,112,3517,760,760,85174,4,8,475,4,16,857,5,78,2141
9501,3362,9999, ,Houston-Galveston-Brazoria TX CMSA,1078,1078,106941,1,2,94,5,18,753,33,527,21327,1031,1031,100481,1,2,94,3,12,450,32,516,21138
9501,4472,9999, ,Los Angeles-Riverside-Orange County CA CMSA,1546,1546,217315,13,26,2324,4,13,1027,16,117,9036,1428,1428,199827,11,22,2005,3,10,857,13,98,7744
9501,4992,9999, ,Miami-Fort Lauderdale FL CMSA,1373,1373,135422,11,22,1070,4,15,607,21,1027,96631,1343,1343,134109,11,22,1070,4,15,607,21,1027,96631
9501,5082,9999, ,Milwaukee-Racine WI CMSA,223,223,30812,13,26,2098,3,11,658,9,143,6383,194,194,25669,12,24,1885,2,8,420,3,98,4250
9501,5602,9999, ,New York-Northern New Jersey-Long Island NY-NJ-CT-PA CMSA,1472,1472,172487,86,172,9156,34,104,6590,13,165,7382,1233,1233,142932,74,148,8191,32,97,6219,9,141,6330
9501,6162,9999, ,Philadelphia-Wilmington-Atlantic City PA-NJ-DE-MD CMSA,1082,1082,97088,18,36,1694,3,11,875,7,37,1177,759,759,74156,11,22,1030,3,11,875,4,22,655
9501,6442,9999, ,Portland-Salem OR-WA CMSA,815,815,100652,46,92,6702,13,43,2889,9,78,4227,729,729,90821,43,86,6391,13,43,2889,4,28,2017
9501,6922,9999, ,Sacramento-Yolo CA CMSA,377,377,46665,0,0,0,0,0,0,0,0,0,287,287,32454,0,0,0,0,0,0,0,0,0
9501,7362,9999, ,San Francisco-Oakland-San Jose CA CMSA,516,516,80591,5,10,767,7,27,1765,8,72,4651,387,387,63555,4,8,636,7,27,1765,5,57,3637
9501,7602,9999, ,Seattle-Tacoma-Bremerton WA CMSA,1002,1002,114852,17,34,2323,6,22,1152,36,355,24844,663,663,75120,14,28,1972,4,16,635,24,251,19145
9501,8872,9999, ,Washington-Baltimore DC-MD-VA-WV CMSA,2007,2007,190893,2,4,197,0,0,0,16,269,11073,1901,1901,181602,1,2,94,0,0,0,11,218,9103
