Survey,MSA/,PMSA,,MA,,1-unit,,,2-units,,,3-4 units,,,5+ units,,,1-unit rep,,,2-units rep,,,3-4 units rep,,,5+ units rep
Date,CMSA,,,Name,Bldgs,Units,Value,Bldgs,Units,Value,Bldgs,Units,Value,Bldgs,Units,Value,Bldgs,Units,Value,Bldgs,Units,Value,Bldgs,Units,Value,Bldgs,Units,Value

9612,0040,9999, ,Abilene TX MSA,17,17,1915,0,0,0,1,3,270,1,19,494,0,0,0,0,0,0,0,0,0,0,0,0
9612,0120,9999, ,Albany GA MSA,32,32,2663,0,0,0,1,4,55,0,0,0,32,32,2663,0,0,0,1,4,55,0,0,0
9612,0160,9999, ,Albany-Schenectady-Troy NY MSA,76,76,10165,0,0,0,0,0,0,0,0,0,69,69,9595,0,0,0,0,0,0,0,0,0
9612,0200,9999, ,Albuquerque NM MSA,352,352,32315,0,0,0,1,4,216,19,213,7392,212,212,21484,0,0,0,1,4,216,17,200,7104
9612,0220,9999, ,Alexandria LA MSA,10,10,1830,0,0,0,0,0,0,0,0,0,10,10,1830,0,0,0,0,0,0,0,0,0
9612,0240,9999, ,Allentown-Bethlehem-Easton PA MSA,76,76,7374,1,2,130,0,0,0,2,20,700,58,58,5706,1,2,130,0,0,0,2,20,700
9612,0280,9999, ,Altoona PA MSA,2,2,247,0,0,0,0,0,0,0,0,0,2,2,247,0,0,0,0,0,0,0,0,0
9612,0320,9999, ,Amarillo TX MSA,35,35,4243,0,0,0,0,0,0,0,0,0,35,35,4243,0,0,0,0,0,0,0,0,0
9612,0380,9999, ,Anchorage AK MSA,30,30,4667,0,0,0,0,0,0,0,0,0,30,30,4667,0,0,0,0,0,0,0,0,0
9612,0450,9999, ,Anniston AL MSA,11,11,865,0,0,0,0,0,0,9,49,1836,0,0,0,0,0,0,0,0,0,8,42,1500
9612,0460,9999, ,Appleton-Oshkosh-Neenah WI MSA,68,68,6823,6,12,807,1,3,327,0,0,0,61,61,6031,5,10,638,1,3,327,0,0,0
9612,0480,9999, ,Asheville NC MSA,56,56,6711,1,2,91,0,0,0,24,192,6000,49,49,5997,0,0,0,0,0,0,24,192,6000
9612,0500,9999, ,Athens GA MSA,42,42,5155,2,4,224,0,0,0,0,0,0,33,33,4290,2,4,224,0,0,0,0,0,0
9612,0520,9999, ,Atlanta GA MSA,2422,2422,246323,18,36,1118,2,8,386,114,1571,75751,2296,2296,236590,18,36,1118,2,8,386,114,1571,75751
9612,0600,9999, ,Augusta-Aiken GA-SC MSA,131,131,12763,0,0,0,0,0,0,0,0,0,131,131,12763,0,0,0,0,0,0,0,0,0
9612,0640,9999, ,Austin-San Marcos TX MSA,480,480,52652,2,4,149,0,0,0,26,1550,56943,480,480,52652,2,4,149,0,0,0,26,1550,56943
9612,0680,9999, ,Bakersfield CA MSA,155,155,16090,0,0,0,2,8,405,0,0,0,154,154,15997,0,0,0,2,8,405,0,0,0
9612,0730,9999, ,Bangor ME MSA,9,9,835,0,0,0,0,0,0,0,0,0,4,4,410,0,0,0,0,0,0,0,0,0
9612,0740,9999, ,Barnstable-Yarmouth MA MSA,75,75,8029,0,0,0,1,3,430,1,25,875,68,68,7052,0,0,0,1,3,430,1,25,875
9612,0760,9999, ,Baton Rouge LA MSA,72,72,5485,0,0,0,0,0,0,1,120,3534,72,72,5485,0,0,0,0,0,0,1,120,3534
9612,0840,9999, ,Beaumont-Port Arthur TX MSA,23,23,2310,0,0,0,0,0,0,0,0,0,23,23,2310,0,0,0,0,0,0,0,0,0
9612,0860,9999, ,Bellingham WA MSA,62,62,7378,1,2,195,2,6,315,3,33,1502,11,11,1076,0,0,0,0,0,0,0,0,0
9612,0870,9999, ,Benton Harbor MI MSA,3,3,223,0,0,0,1,3,199,0,0,0,0,0,0,0,0,0,0,0,0,0,0,0
9612,0880,9999, ,Billings MT MSA,12,12,1351,2,4,358,0,0,0,0,0,0,12,12,1351,2,4,358,0,0,0,0,0,0
9612,0920,9999, ,Biloxi-Gulfport-Pascagoula MS MSA,100,100,7320,1,2,97,0,0,0,0,0,0,95,95,6895,1,2,97,0,0,0,0,0,0
9612,0960,9999, ,Binghamton NY MSA,3,3,459,0,0,0,0,0,0,0,0,0,3,3,459,0,0,0,0,0,0,0,0,0
9612,1000,9999, ,Birmingham AL MSA,244,244,28698,0,0,0,1,3,35,8,54,2227,199,199,24297,0,0,0,0,0,0,7,48,2091
9612,1010,9999, ,Bismarck ND MSA,6,6,596,0,0,0,0,0,0,0,0,0,6,6,596,0,0,0,0,0,0,0,0,0
9612,1020,9999, ,Bloomington IN MSA,32,32,2598,0,0,0,0,0,0,0,0,0,28,28,2366,0,0,0,0,0,0,0,0,0
9612,1040,9999, ,Bloomington-Normal IL MSA,39,39,3171,2,4,244,0,0,0,0,0,0,39,39,3171,2,4,244,0,0,0,0,0,0
9612,1080,9999, ,Boise City ID MSA,234,234,27039,1,2,113,0,0,0,1,5,251,227,227,26532,1,2,113,0,0,0,0,0,0
9612,1122,1120, ,Boston MA-NH PMSA,448,448,62524,9,18,862,2,7,357,8,218,12017,342,342,48572,7,14,675,1,4,100,3,177,9417
9612,1122,1200, ,Brockton MA PMSA,57,57,6266,1,2,100,0,0,0,0,0,0,54,54,5999,1,2,100,0,0,0,0,0,0
9612,1122,2600, ,Fitchburg-Leominster MA PMSA,19,19,1855,0,0,0,0,0,0,1,18,383,7,7,840,0,0,0,0,0,0,0,0,0
9612,1122,4160, ,Lawrence MA-NH PMSA,94,94,13509,0,0,0,0,0,0,1,26,3987,61,61,8945,0,0,0,0,0,0,0,0,0
9612,1122,4560, ,Lowell MA-NH PMSA,61,61,8049,0,0,0,0,0,0,0,0,0,29,29,3838,0,0,0,0,0,0,0,0,0
9612,1122,4760, ,Manchester NH PMSA,41,41,4497,3,6,321,0,0,0,0,0,0,39,39,4273,3,6,321,0,0,0,0,0,0
9612,1122,5350, ,Nashua NH PMSA,48,48,5478,0,0,0,0,0,0,1,8,679,31,31,3796,0,0,0,0,0,0,0,0,0
9612,1122,5400, ,New Bedford MA PMSA,28,28,3000,0,0,0,0,0,0,0,0,0,18,18,1866,0,0,0,0,0,0,0,0,0
9612,1122,6450, ,Portsmouth-Rochester NH-ME PMSA,67,67,8512,1,2,125,0,0,0,1,5,234,34,34,4159,0,0,0,0,0,0,0,0,0
9612,1122,9240, ,Worcester MA-CT PMSA,129,129,14292,1,2,115,0,0,0,3,32,1336,86,86,10122,0,0,0,0,0,0,0,0,0
9612,1240,9999, ,Brownsville-Harlingen-San Benito TX MSA,106,106,5869,3,6,207,1,4,87,3,18,465,16,16,1197,1,2,84,0,0,0,1,8,257
9612,1260,9999, ,Bryan-College Station TX MSA,30,30,2322,0,0,0,0,0,0,4,240,4066,30,30,2322,0,0,0,0,0,0,4,240,4066
9612,1280,9999, ,Buffalo-Niagara Falls NY MSA,59,59,9402,2,4,245,5,19,1305,2,132,5429,51,51,8730,2,4,245,5,19,1305,1,112,5000
9612,1305,9999, ,Burlington VT MSA,33,33,4214,1,2,122,0,0,0,0,0,0,9,9,1634,1,2,122,0,0,0,0,0,0
9612,1320,9999, ,Canton-Massillon OH MSA,53,53,6935,2,4,198,0,0,0,0,0,0,50,50,6596,2,4,198,0,0,0,0,0,0
9612,1350,9999, ,Casper WY MSA,2,2,171,0,0,0,0,0,0,0,0,0,2,2,171,0,0,0,0,0,0,0,0,0
9612,1360,9999, ,Cedar Rapids IA MSA,35,35,3501,2,4,124,0,0,0,0,0,0,34,34,3409,2,4,124,0,0,0,0,0,0
9612,1400,9999, ,Champaign-Urbana IL MSA,13,13,1417,2,4,160,0,0,0,0,0,0,13,13,1417,2,4,160,0,0,0,0,0,0
9612,1440,9999, ,Charleston-North Charleston SC MSA,221,221,23914,0,0,0,0,0,0,0,0,0,208,208,22663,0,0,0,0,0,0,0,0,0
9612,1480,9999, ,Charleston WV MSA,20,20,2036,1,2,97,1,4,176,0,0,0,20,20,2036,1,2,97,1,4,176,0,0,0
9612,1520,9999, ,Charlotte-Gastonia-Rock Hill NC-SC MSA,1166,1166,130506,5,10,456,8,30,1772,29,340,11174,1138,1138,128098,4,8,405,8,30,1772,29,340,11174
9612,1540,9999, ,Charlottesville VA MSA,78,78,9463,1,2,188,0,0,0,0,0,0,65,65,8349,1,2,188,0,0,0,0,0,0
9612,1560,9999, ,Chattanooga TN-GA MSA,120,120,12708,0,0,0,0,0,0,0,0,0,107,107,11903,0,0,0,0,0,0,0,0,0
9612,1580,9999, ,Cheyenne WY MSA,21,21,2205,1,2,47,0,0,0,0,0,0,9,9,1160,0,0,0,0,0,0,0,0,0
9612,1602,1600, ,Chicago IL PMSA,1360,1360,186352,27,54,3471,31,113,7600,34,336,22564,1259,1259,173908,23,46,2936,31,113,7600,29,311,21510
9612,1602,2960, ,Gary IN PMSA,158,158,20808,4,8,361,5,20,1140,1,8,334,154,154,20294,4,8,361,5,20,1140,1,8,334
9612,1602,3740, ,Kankakee IL PMSA,15,15,1622,0,0,0,1,4,295,0,0,0,14,14,1510,0,0,0,1,4,295,0,0,0
9612,1602,3800, ,Kenosha WI PMSA,38,38,5236,1,2,300,0,0,0,0,0,0,38,38,5236,1,2,300,0,0,0,0,0,0
9612,1620,9999, ,Chico-Paradise CA MSA,28,28,3008,0,0,0,0,0,0,0,0,0,28,28,3008,0,0,0,0,0,0,0,0,0
9612,1642,1640, ,Cincinnati OH-KY-IN PMSA,543,543,56891,5,10,890,1,3,64,11,100,3766,491,491,51696,5,10,890,0,0,0,6,66,2621
9612,1642,3200, ,Hamilton-Middletown OH PMSA,137,137,15380,3,6,423,4,16,1265,3,20,1390,123,123,13885,2,4,338,4,16,1265,1,6,694
9612,1660,9999, ,Clarksville-Hopkinsville TN-KY MSA,95,95,5882,0,0,0,0,0,0,1,6,169,95,95,5882,0,0,0,0,0,0,1,6,169
9612,1692,0080, ,Akron OH PMSA,157,157,20916,16,32,2534,4,16,1183,0,0,0,125,125,16639,14,28,2325,4,16,1183,0,0,0
9612,1692,1680, ,Cleveland-Lorain-Elyria OH PMSA,323,323,51685,4,8,503,6,19,1355,3,33,1470,229,229,37181,4,8,503,4,12,852,0,0,0
9612,1720,9999, ,Colorado Springs CO MSA,230,230,23777,1,2,96,0,0,0,1,96,7000,230,230,23777,1,2,96,0,0,0,1,96,7000
9612,1740,9999, ,Columbia MO MSA,68,68,8365,18,36,2053,1,4,125,1,6,220,68,68,8365,18,36,2053,1,4,125,1,6,220
9612,1760,9999, ,Columbia SC MSA,223,223,16499,0,0,0,0,0,0,11,147,3300,222,222,16414,0,0,0,0,0,0,11,147,3300
9612,1800,9999, ,Columbus GA-AL MSA,68,68,7454,0,0,0,0,0,0,0,0,0,68,68,7454,0,0,0,0,0,0,0,0,0
9612,1840,9999, ,Columbus OH MSA,426,426,53178,7,14,882,14,55,1330,41,418,11559,225,225,29014,1,2,250,0,0,0,18,172,4274
9612,1880,9999, ,Corpus Christi TX MSA,71,71,6689,0,0,0,0,0,0,11,220,7580,71,71,6689,0,0,0,0,0,0,11,220,7580
9612,1900,9999, ,Cumberland MD-WV MSA,10,10,815,0,0,0,0,0,0,0,0,0,10,10,815,0,0,0,0,0,0,0,0,0
9612,1922,1920, ,Dallas TX PMSA,1181,1181,161425,5,10,1024,2,8,450,106,1856,96786,1003,1003,141925,5,10,1024,2,8,450,105,1845,96620
9612,1922,2800, ,Fort Worth-Arlington TX PMSA,451,451,51148,3,6,215,1,3,132,77,1238,53908,357,357,35724,3,6,215,1,3,132,73,1192,52394
9612,1950,9999, ,Danville VA MSA,23,23,1905,0,0,0,0,0,0,1,5,206,3,3,439,0,0,0,0,0,0,0,0,0
9612,1960,9999, ,Davenport-Moline-Rock Island IA-IL MSA,18,18,2252,1,2,150,0,0,0,9,72,1192,16,16,1981,1,2,150,0,0,0,9,72,1192
9612,2000,9999, ,Dayton-Springfield OH MSA,60,60,7067,1,2,125,4,16,1126,5,37,2660,58,58,6728,1,2,125,4,16,1126,5,37,2660
9612,2020,9999, ,Daytona Beach FL MSA,258,258,21722,1,2,87,0,0,0,1,84,3246,257,257,21624,1,2,87,0,0,0,1,84,3246
9612,2030,9999, ,Decatur Al MSA,9,9,1038,0,0,0,0,0,0,0,0,0,8,8,950,0,0,0,0,0,0,0,0,0
9612,2040,9999, ,Decatur IL MSA,4,4,425,0,0,0,0,0,0,0,0,0,4,4,425,0,0,0,0,0,0,0,0,0
9612,2082,1125, ,Boulder-Longmont CO PMSA,170,170,20785,0,0,0,5,20,1844,3,50,2922,170,170,20785,0,0,0,5,20,1844,3,50,2922
9612,2082,2080, ,Denver CO PMSA,887,887,112941,8,16,1730,10,35,2804,18,292,9245,886,886,112872,8,16,1730,10,35,2804,18,292,9245
9612,2082,3060, ,Greeley CO PMSA,111,111,10674,1,2,190,1,4,175,3,15,942,94,94,8717,1,2,190,1,4,175,2,10,467
9612,2120,9999, ,Des Moines IA MSA,141,141,17963,0,0,0,3,12,1028,8,120,5462,129,129,16491,0,0,0,3,12,1028,8,120,5462
9612,2162,0440, ,Ann Arbor MI PMSA,296,296,31522,4,8,739,3,12,600,3,20,832,261,261,26744,4,8,739,3,12,600,1,8,408
9612,2162,2160, ,Detroit MI PMSA,807,807,105275,10,20,1834,12,46,2918,17,406,31137,671,671,91100,8,16,1450,10,40,2327,14,373,30124
9612,2162,2640, ,Flint MI PMSA,69,69,6796,0,0,0,1,4,200,5,54,3173,55,55,5501,0,0,0,1,4,200,5,54,3173
9612,2180,9999, ,Dothan AL MSA,24,24,1627,0,0,0,0,0,0,0,0,0,24,24,1627,0,0,0,0,0,0,0,0,0
9612,2190,9999, ,Dover DE MSA,39,39,2574,0,0,0,0,0,0,0,0,0,39,39,2574,0,0,0,0,0,0,0,0,0
9612,2200,9999, ,Dubuque IA MSA,10,10,1276,0,0,0,0,0,0,0,0,0,10,10,1276,0,0,0,0,0,0,0,0,0
9612,2240,9999, ,Duluth-Superior MN-WI MSA,14,14,1306,1,2,75,0,0,0,1,6,294,11,11,1022,1,2,75,0,0,0,0,0,0
9612,2290,9999, ,Eau Claire WI MSA,11,11,1086,0,0,0,2,8,355,0,0,0,5,5,487,0,0,0,2,8,355,0,0,0
9612,2320,9999, ,El Paso TX MSA,162,162,9180,2,4,147,1,3,115,4,33,1031,5,5,346,0,0,0,0,0,0,0,0,0
9612,2330,9999, ,Elkhart-Goshen IN MSA,51,51,5292,1,2,180,0,0,0,0,0,0,51,51,5292,1,2,180,0,0,0,0,0,0
9612,2335,9999, ,Elmira NY MSA,3,3,379,0,0,0,0,0,0,0,0,0,0,0,0,0,0,0,0,0,0,0,0,0
9612,2340,9999, ,Enid OK MSA,10,10,679,0,0,0,2,6,186,0,0,0,10,10,679,0,0,0,2,6,186,0,0,0
9612,2360,9999, ,Erie PA MSA,14,14,1478,0,0,0,2,8,785,2,17,734,13,13,1401,0,0,0,2,8,785,1,6,174
9612,2400,9999, ,Eugene-Springfield OR MSA,90,90,11741,3,6,278,0,0,0,1,5,231,60,60,7991,1,2,57,0,0,0,0,0,0
9612,2440,9999, ,Evansville-Henderson IN-KY MSA,49,49,4979,1,2,100,0,0,0,0,0,0,49,49,4979,1,2,100,0,0,0,0,0,0
9612,2520,9999, ,Fargo-Moorhead ND-MN MSA,8,8,560,0,0,0,0,0,0,0,0,0,8,8,560,0,0,0,0,0,0,0,0,0
9612,2560,9999, ,Fayetteville NC MSA,67,67,5834,0,0,0,0,0,0,1,10,550,67,67,5834,0,0,0,0,0,0,1,10,550
9612,2580,9999, ,Fayetteville-Springdale-Rogers AR MSA,75,75,6527,8,16,1056,0,0,0,6,54,2313,68,68,6036,7,14,982,0,0,0,6,54,2313
9612,2620,9999, ,Flagstaff AZ-UT MSA,37,37,5006,1,2,126,1,4,214,4,53,2280,19,19,2582,0,0,0,0,0,0,0,0,0
9612,2650,9999, ,Florence AL MSA,6,6,862,0,0,0,0,0,0,0,0,0,6,6,862,0,0,0,0,0,0,0,0,0
9612,2655,9999, ,Florence SC MSA,36,36,2979,0,0,0,0,0,0,1,5,204,0,0,0,0,0,0,0,0,0,0,0,0
9612,2670,9999, ,Fort Collins-Loveland CO MSA,132,132,15182,0,0,0,6,24,983,28,316,13351,132,132,15182,0,0,0,6,24,983,28,316,13351
9612,2700,9999, ,Fort Myers-Cape Coral FL MSA,277,277,29457,6,12,992,8,30,3456,7,58,5626,277,277,29457,6,12,992,8,30,3456,7,58,5626
9612,2710,9999, ,Fort Pierce-Port St. Lucie FL MSA,180,180,24271,3,6,601,2,8,460,1,12,794,180,180,24271,3,6,601,2,8,460,1,12,794
9612,2720,9999, ,Fort Smith AR-OK MSA,36,36,4508,1,2,112,0,0,0,0,0,0,36,36,4508,1,2,112,0,0,0,0,0,0
9612,2750,9999, ,Fort Walton Beach FL MSA,155,155,12736,0,0,0,0,0,0,0,0,0,155,155,12736,0,0,0,0,0,0,0,0,0
9612,2760,9999, ,Fort Wayne IN MSA,165,165,23237,1,2,58,1,3,220,1,5,148,154,154,22129,0,0,0,1,3,220,0,0,0
9612,2840,9999, ,Fresno CA MSA,204,204,21046,3,6,367,6,24,1217,4,32,1757,200,200,20898,3,6,367,6,24,1217,4,32,1757
9612,2880,9999, ,Gadsden AL MSA,6,6,369,0,0,0,0,0,0,0,0,0,6,6,369,0,0,0,0,0,0,0,0,0
9612,2900,9999, ,Gainesville FL MSA,57,57,5331,0,0,0,0,0,0,10,80,3283,56,56,5268,0,0,0,0,0,0,10,80,3283
9612,2975,9999, ,Glens Falls NY MSA,21,21,2056,0,0,0,0,0,0,1,8,200,12,12,1614,0,0,0,0,0,0,1,8,200
9612,2980,9999, ,Goldsboro NC MSA,38,38,2799,0,0,0,0,0,0,0,0,0,11,11,390,0,0,0,0,0,0,0,0,0
9612,2985,9999, ,Grand Forks ND-MN MSA,0,0,0,0,0,0,0,0,0,0,0,0,0,0,0,0,0,0,0,0,0,0,0,0
9612,2995,9999, ,Grand Junction CO MSA,57,57,4971,5,10,532,0,0,0,0,0,0,57,57,4971,5,10,532,0,0,0,0,0,0
9612,3000,9999, ,Grand Rapids-Muskegon-Holland MI MSA,386,386,44054,4,8,492,7,27,1835,5,49,1478,251,251,32041,1,2,137,6,24,1597,0,0,0
9612,3040,9999, ,Great Falls MT MSA,7,7,806,0,0,0,0,0,0,0,0,0,0,0,0,0,0,0,0,0,0,0,0,0
9612,3080,9999, ,Green Bay WI MSA,30,30,3291,8,16,997,1,3,360,2,22,834,22,22,2301,6,12,730,1,3,360,1,16,620
9612,3120,9999, ,Greensboro--Winston-Salem--High Point NC MSA,454,454,45240,3,6,190,2,6,150,12,111,3646,449,449,44825,3,6,190,2,6,150,12,111,3646
9612,3150,9999, ,Greenville NC MSA,49,49,3944,2,4,162,0,0,0,2,38,1030,49,49,3944,2,4,162,0,0,0,2,38,1030
9612,3160,9999, ,Greenville-Spartanburg-Anderson SC MSA,343,343,30203,12,24,686,0,0,0,15,304,13189,316,316,27937,11,22,619,0,0,0,15,304,13189
9612,3240,9999, ,Harrisburg-Lebanon-Carlisle PA MSA,125,125,10944,1,2,290,0,0,0,0,0,0,123,123,10819,1,2,290,0,0,0,0,0,0
9612,3280,9999, ,Hartford CT MSA,162,162,17252,2,4,221,0,0,0,0,0,0,146,146,15785,2,4,221,0,0,0,0,0,0
9612,3285,9999, ,Hattiesburg MS MSA,4,4,262,1,2,70,0,0,0,1,14,385,1,1,25,0,0,0,0,0,0,0,0,0
9612,3290,9999, ,Hickory-Morganton-Lenoir NC MSA,78,78,7403,5,10,415,0,0,0,0,0,0,71,71,6849,5,10,415,0,0,0,0,0,0
9612,3320,9999, ,Honolulu HI MSA,45,45,8704,0,0,0,0,0,0,0,0,0,45,45,8704,0,0,0,0,0,0,0,0,0
9612,3350,9999, ,Houma LA MSA,36,36,2956,0,0,0,0,0,0,0,0,0,36,36,2956,0,0,0,0,0,0,0,0,0
9612,3362,1145, ,Brazoria TX PMSA,131,131,12900,1,2,128,0,0,0,0,0,0,130,130,12813,1,2,128,0,0,0,0,0,0
9612,3362,2920, ,Galveston-Texas City TX PMSA,71,71,6768,0,0,0,0,0,0,0,0,0,71,71,6768,0,0,0,0,0,0,0,0,0
9612,3362,3360, ,Houston TX PMSA,1057,1057,120963,0,0,50,0,0,0,10,302,9368,1047,1047,119580,0,0,50,0,0,0,9,297,9089
9612,3400,9999, ,Huntington-Ashland WV-KY-OH MSA,6,6,665,0,0,0,0,0,0,0,0,0,4,4,368,0,0,0,0,0,0,0,0,0
9612,3440,9999, ,Huntsville AL MSA,64,64,2808,0,0,0,0,0,0,0,0,0,64,64,2808,0,0,0,0,0,0,0,0,0
9612,3480,9999, ,Indianapolis IN MSA,638,638,81156,8,16,1317,1,4,214,33,533,10949,527,527,68737,6,12,1069,0,0,0,31,517,10447
9612,3500,9999, ,Iowa City IA MSA,11,11,1487,0,0,0,0,0,0,0,0,0,11,11,1487,0,0,0,0,0,0,0,0,0
9612,3520,9999, ,Jackson MI MSA,4,4,428,0,0,0,0,0,0,0,0,0,3,3,365,0,0,0,0,0,0,0,0,0
9612,3560,9999, ,Jackson MS MSA,113,113,10472,0,0,0,1,4,55,35,280,10944,102,102,9554,0,0,0,1,4,55,35,280,10944
9612,3580,9999, ,Jackson TN MSA,28,28,2500,0,0,0,0,0,0,0,0,0,28,28,2500,0,0,0,0,0,0,0,0,0
9612,3600,9999, ,Jacksonville FL MSA,484,484,55103,1,2,150,3,9,254,1,8,390,482,482,54947,1,2,150,3,9,254,1,8,390
9612,3605,9999, ,Jacksonville NC MSA,45,45,2684,0,0,0,8,32,1169,0,0,0,17,17,1443,0,0,0,8,32,1169,0,0,0
9612,3610,9999, ,Jamestown NY MSA,2,2,123,0,0,0,0,0,0,0,0,0,0,0,0,0,0,0,0,0,0,0,0,0
9612,3620,9999, ,Janesville-Beloit WI MSA,29,29,2634,1,2,130,0,0,0,0,0,0,29,29,2634,1,2,130,0,0,0,0,0,0
9612,3660,9999, ,Johnson City-Kingsport-Bristol TN-VA MSA,65,65,4880,1,2,80,1,3,71,2,15,592,28,28,2272,1,2,80,0,0,0,1,6,180
9612,3680,9999, ,Johnstown PA MSA,2,2,138,0,0,0,0,0,0,0,0,0,0,0,0,0,0,0,0,0,0,0,0,0
9612,3710,9999, ,Joplin MO MSA,14,14,1172,3,6,332,2,8,300,0,0,0,14,14,1172,3,6,332,2,8,300,0,0,0
9612,3720,9999, ,Kalamazoo-Battle Creek MI MSA,74,74,10137,0,0,0,0,0,0,1,5,120,62,62,8919,0,0,0,0,0,0,0,0,0
9612,3760,9999, ,Kansas City MO-KS MSA,688,688,76895,14,28,1671,2,7,429,10,88,3828,633,633,71123,13,26,1531,1,4,239,10,88,3828
9612,3810,9999, ,Killeen-Temple TX MSA,73,73,6296,1,2,70,2,8,251,0,0,0,73,73,6296,1,2,70,2,8,251,0,0,0
9612,3840,9999, ,Knoxville TN MSA,215,215,18560,1,2,167,0,0,0,9,67,2578,214,214,18542,1,2,167,0,0,0,9,67,2578
9612,3850,9999, ,Kokomo IN MSA,14,14,1389,1,2,60,0,0,0,14,240,7000,14,14,1389,1,2,60,0,0,0,14,240,7000
9612,3870,9999, ,La Crosse WI-MN MSA,2,2,225,2,4,250,0,0,0,0,0,0,2,2,225,2,4,250,0,0,0,0,0,0
9612,3880,9999, ,Lafayette LA MSA,92,92,19198,0,0,0,0,0,0,0,0,0,91,91,19129,0,0,0,0,0,0,0,0,0
9612,3920,9999, ,Lafayette IN MSA,45,45,5449,3,6,299,0,0,0,1,5,20,45,45,5449,3,6,299,0,0,0,1,5,20
9612,3960,9999, ,Lake Charles LA MSA,52,52,4475,0,0,0,0,0,0,0,0,0,6,6,788,0,0,0,0,0,0,0,0,0
9612,3980,9999, ,Lakeland-Winter Haven FL MSA,171,171,12535,1,2,96,1,4,340,0,0,0,171,171,12535,1,2,96,1,4,340,0,0,0
9612,4000,9999, ,Lancaster PA MSA,59,59,6993,0,0,0,0,0,0,0,0,0,44,44,4910,0,0,0,0,0,0,0,0,0
9612,4040,9999, ,Lansing-East Lansing MI MSA,61,61,7772,0,0,0,0,0,0,1,8,386,56,56,7144,0,0,0,0,0,0,0,0,0
9612,4080,9999, ,Laredo TX MSA,64,64,3446,0,0,0,2,7,164,9,102,2318,0,0,0,0,0,0,0,0,0,0,0,0
9612,4100,9999, ,Las Cruces NM MSA,59,59,5731,1,2,70,0,0,0,1,15,342,0,0,0,0,0,0,0,0,0,0,0,0
9612,4120,9999, ,Las Vegas NV-AZ MSA,1511,1511,156492,2,4,306,1,4,248,115,1383,66773,1482,1482,153972,2,4,306,0,0,0,114,1378,66533
9612,4150,9999, ,Lawrence KS MSA,48,48,5506,14,28,1768,5,19,278,1,6,238,48,48,5506,14,28,1768,5,19,278,1,6,238
9612,4200,9999, ,Lawton OK MSA,10,10,1118,0,0,0,0,0,0,0,0,0,9,9,1055,0,0,0,0,0,0,0,0,0
9612,4240,9999, ,Lewiston-Auburn ME MSA,9,9,875,0,0,0,0,0,0,0,0,0,7,7,731,0,0,0,0,0,0,0,0,0
9612,4280,9999, ,Lexington KY MSA,140,140,12433,11,22,723,1,4,120,0,0,0,121,121,11031,10,20,635,1,4,120,0,0,0
9612,4320,9999, ,Lima OH MSA,5,5,999,0,0,0,0,0,0,0,0,0,5,5,999,0,0,0,0,0,0,0,0,0
9612,4360,9999, ,Lincoln NE MSA,85,85,10419,1,2,100,0,0,0,5,170,3546,85,85,10419,1,2,100,0,0,0,5,170,3546
9612,4400,9999, ,Little Rock-North Little Rock AR MSA,94,94,11304,0,0,0,0,0,0,0,0,0,91,91,11128,0,0,0,0,0,0,0,0,0
9612,4420,9999, ,Longview-Marshall TX MSA,4,4,480,1,2,90,0,0,0,0,0,0,4,4,480,1,2,90,0,0,0,0,0,0
9612,4472,4480, ,Los Angeles-Long Beach CA PMSA,318,318,51343,20,40,3036,2,6,571,6,45,2898,279,279,44433,18,36,2753,0,0,0,3,27,1482
9612,4472,5945, ,Orange County CA PMSA,531,531,86179,2,4,498,1,3,217,29,466,41053,531,531,86179,2,4,498,1,3,217,29,466,41053
9612,4472,6780, ,Riverside-San Bernardino CA PMSA,675,675,94133,0,0,0,0,0,0,1,9,521,662,662,92500,0,0,0,0,0,0,1,9,521
9612,4472,8735, ,Ventura CA PMSA,76,76,14476,0,0,0,0,0,0,1,6,731,55,55,10822,0,0,0,0,0,0,0,0,0
9612,4520,9999, ,Louisville KY-IN MSA,256,256,28478,3,6,137,1,4,53,7,52,945,203,203,23783,2,4,92,1,4,53,5,40,535
9612,4600,9999, ,Lubbock TX MSA,51,51,4766,0,0,0,0,0,0,0,0,0,51,51,4766,0,0,0,0,0,0,0,0,0
9612,4640,9999, ,Lynchburg VA MSA,64,64,5935,1,2,100,1,4,97,0,0,0,57,57,5151,0,0,0,1,4,97,0,0,0
9612,4680,9999, ,Macon GA MSA,119,119,9530,0,0,0,0,0,0,1,200,5230,65,65,5420,0,0,0,0,0,0,1,200,5230
9612,4720,9999, ,Madison WI MSA,72,72,10319,3,6,751,3,12,666,7,64,3052,71,71,10147,2,4,420,3,12,666,6,59,2850
9612,4800,9999, ,Mansfield OH MSA,12,12,1770,0,0,0,0,0,0,0,0,0,11,11,1705,0,0,0,0,0,0,0,0,0
9612,4880,9999, ,McAllen-Edinburg-Mission TX MSA,258,258,10648,6,12,389,2,7,142,5,39,1079,73,73,3525,3,6,214,1,4,80,0,0,0
9612,4890,9999, ,Medford-Ashland OR MSA,62,62,6837,4,8,792,1,3,135,0,0,0,47,47,5290,4,8,792,0,0,0,0,0,0
9612,4900,9999, ,Melbourne-Titusville-Palm Bay FL MSA,206,206,22769,0,0,0,0,0,0,1,46,7616,203,203,22431,0,0,0,0,0,0,1,46,7616
9612,4920,9999, ,Memphis TN-AR-MS MSA,431,431,48153,0,0,0,1,4,380,4,26,768,383,383,44589,0,0,0,1,4,380,3,21,570
9612,4940,9999, ,Merced CA MSA,36,36,3363,0,0,0,0,0,0,0,0,0,24,24,2382,0,0,0,0,0,0,0,0,0
9612,4992,2680, ,Fort Lauderdale FL PMSA,665,665,78790,1,2,155,2,8,703,47,651,38323,664,664,78700,1,2,155,2,8,703,47,651,38323
9612,4992,5000, ,Miami FL PMSA,315,315,32166,10,20,974,1,4,176,8,200,10688,308,308,30635,10,20,974,1,4,176,7,173,7604
9612,5082,5080, ,Milwaukee-Waukesha WI PMSA,219,219,34958,6,12,941,0,0,0,7,155,4549,195,195,30759,6,12,941,0,0,0,6,150,4358
9612,5082,6600, ,Racine WI PMSA,27,27,3136,1,2,268,1,4,359,2,10,333,26,26,3028,1,2,268,1,4,359,0,0,0
9612,5120,9999, ,Minneapolis-St. Paul MN-WI MSA,866,866,116990,9,18,2151,12,45,3748,14,97,6714,783,783,107252,7,14,1925,10,39,3515,10,76,5904
9612,5160,9999, ,Mobile AL MSA,192,192,15241,4,8,478,0,0,0,4,118,8953,39,39,3889,1,2,244,0,0,0,0,0,0
9612,5170,9999, ,Modesto CA MSA,69,69,7427,0,0,0,0,0,0,0,0,0,69,69,7427,0,0,0,0,0,0,0,0,0
9612,5200,9999, ,Monroe LA MSA,13,13,1594,0,0,0,14,56,1002,0,0,0,13,13,1594,0,0,0,14,56,1002,0,0,0
9612,5240,9999, ,Montgomery AL MSA,91,91,6778,1,2,87,0,0,0,17,136,6333,91,91,6778,1,2,87,0,0,0,17,136,6333
9612,5280,9999, ,Muncie IN MSA,4,4,336,0,0,0,0,0,0,0,0,0,4,4,336,0,0,0,0,0,0,0,0,0
9612,5330,9999, ,Myrtle Beach SC MSA,161,161,13495,0,0,0,0,0,0,9,122,8106,161,161,13495,0,0,0,0,0,0,9,122,8106
9612,5345,9999, ,Naples FL MSA,160,160,25944,1,2,84,10,40,3673,9,84,4919,160,160,25944,1,2,84,10,40,3673,9,84,4919
9612,5360,9999, ,Nashville TN MSA,809,809,72466,4,8,436,0,0,0,25,424,25615,635,635,53954,1,2,103,0,0,0,2,97,4512
9612,5520,9999, ,New London-Norwich CT-RI MSA,57,57,4915,0,0,0,0,0,0,0,0,0,53,53,4595,0,0,0,0,0,0,0,0,0
9612,5560,9999, ,New Orleans LA MSA,214,214,24675,2,4,152,0,0,0,0,0,0,213,213,24625,2,4,152,0,0,0,0,0,0
9612,5602,0875, ,Bergen-Passaic NJ PMSA,86,86,11383,5,10,650,1,4,300,3,36,1871,62,62,8091,4,8,485,1,4,300,1,26,1500
9612,5602,1160, ,Bridgeport CT PMSA,64,64,6135,0,0,0,0,0,0,3,58,1748,59,59,5307,0,0,0,0,0,0,3,58,1748
9612,5602,1930, ,Danbury CT PMSA,71,71,9924,0,0,0,0,0,0,0,0,0,57,57,7397,0,0,0,0,0,0,0,0,0
9612,5602,2281, ,Dutchess County NY PMSA,55,55,7096,0,0,0,0,0,0,1,5,313,52,52,6773,0,0,0,0,0,0,0,0,0
9612,5602,3640, ,Jersey City NJ PMSA,9,9,469,6,12,522,0,0,0,0,0,0,0,0,0,2,4,258,0,0,0,0,0,0
9612,5602,5015, ,Middlesex-Somerset-Hunterdon NJ PMSA,311,311,35705,2,4,90,0,0,0,3,24,1769,287,287,33394,2,4,90,0,0,0,3,24,1769
9612,5602,5190, ,Monmouth-Ocean NJ PMSA,431,431,42714,0,0,0,1,3,301,1,8,513,366,366,37798,0,0,0,1,3,301,0,0,0
9612,5602,5380, ,Nassau-Suffolk NY PMSA,310,310,45099,6,12,672,1,4,473,4,20,1908,262,262,39341,5,10,607,1,4,473,1,5,586
9612,5602,5480, ,New Haven-Meriden CT PMSA,62,62,7225,0,0,0,1,4,350,1,7,404,54,54,6578,0,0,0,1,4,350,1,7,404
9612,5602,5600, ,New York NY PMSA,212,212,34019,64,128,8150,7,22,1250,28,769,35705,192,192,31166,63,126,7970,5,15,916,26,757,35087
9612,5602,5640, ,Newark NJ PMSA,202,202,21838,30,60,647,0,0,0,2,13,770,158,158,15722,29,58,566,0,0,0,0,0,0
9612,5602,5660, ,Newburgh NY-PA PMSA,73,73,6920,2,4,180,0,0,0,7,127,6401,55,55,5483,1,2,100,0,0,0,3,92,4537
9612,5602,8040, ,Stamford-Norwalk CT PMSA,40,40,13247,1,2,186,0,0,0,4,94,4814,27,27,9142,0,0,0,0,0,0,3,16,511
9612,5602,8480, ,Trenton NJ PMSA,58,58,5968,0,0,0,0,0,0,1,10,263,32,32,3775,0,0,0,0,0,0,0,0,0
9612,5602,8880, ,Waterbury CT PMSA,41,41,5071,0,0,0,0,0,0,1,40,1208,40,40,4942,0,0,0,0,0,0,1,40,1208
9612,5720,9999, ,Norfolk-Virginia Beach-Newport News VA-NC MSA,444,444,47263,2,4,150,0,0,0,15,122,2925,401,401,43558,2,4,150,0,0,0,15,122,2925
9612,5790,9999, ,Ocala FL MSA,184,184,13203,1,2,70,2,6,256,8,80,2530,184,184,13203,1,2,70,2,6,256,8,80,2530
9612,5800,9999, ,Odessa-Midland TX MSA,20,20,2350,0,0,0,0,0,0,0,0,0,19,19,2227,0,0,0,0,0,0,0,0,0
9612,5880,9999, ,Oklahoma City OK MSA,242,242,28140,4,8,284,0,0,0,1,5,103,239,239,27811,4,8,284,0,0,0,0,0,0
9612,5920,9999, ,Omaha NE-IA MSA,194,194,18303,3,6,242,0,0,0,14,292,4611,180,180,17084,3,6,242,0,0,0,14,292,4611
9612,5960,9999, ,Orlando FL MSA,853,853,88553,8,16,615,5,19,933,24,320,26384,846,846,87841,8,16,615,5,19,933,24,320,26384
9612,5990,9999, ,Owensboro KY MSA,18,18,1116,0,0,0,0,0,0,0,0,0,4,4,325,0,0,0,0,0,0,0,0,0
9612,6015,9999, ,Panama City FL MSA,59,59,4016,0,0,0,0,0,0,0,0,0,59,59,4016,0,0,0,0,0,0,0,0,0
9612,6020,9999, ,Parkersburg-Marietta WV-OH MSA,10,10,780,0,0,0,0,0,0,1,5,165,7,7,365,0,0,0,0,0,0,0,0,0
9612,6080,9999, ,Pensacola FL MSA,208,208,17137,1,2,97,0,0,0,0,0,0,208,208,17137,1,2,97,0,0,0,0,0,0
9612,6120,9999, ,Peoria-Pekin IL MSA,44,44,5691,0,0,0,3,9,653,0,0,0,27,27,4026,0,0,0,2,6,495,0,0,0
9612,6162,0560, ,Atlantic-Cape May NJ PMSA,195,195,13714,4,8,758,18,55,2491,5,53,2523,188,188,13098,4,8,758,18,55,2491,5,53,2523
9612,6162,6160, ,Philadelphia PA-NJ PMSA,839,839,79486,7,14,763,1,4,150,9,129,4929,662,662,63859,5,10,659,1,4,150,8,124,4340
9612,6162,8760, ,Vineland-Millville-Bridgeton NJ PMSA,14,14,711,0,0,0,0,0,0,0,0,0,12,12,505,0,0,0,0,0,0,0,0,0
9612,6162,9160, ,Wilmington-Newark DE-MD PMSA,174,174,11325,0,0,0,0,0,0,1,5,80,131,131,8062,0,0,0,0,0,0,0,0,0
9612,6200,9999, ,Phoenix-Mesa AZ MSA,2127,2127,256427,6,12,969,2,7,483,83,859,46793,2111,2111,255420,6,12,969,2,7,483,83,859,46793
9612,6240,9999, ,Pine Bluff AR MSA,0,0,0,0,0,0,0,0,0,0,0,0,0,0,0,0,0,0,0,0,0,0,0,0
9612,6280,9999, ,Pittsburgh PA MSA,285,285,39523,2,4,177,6,23,1667,4,87,2955,200,200,29554,0,0,0,5,20,1534,1,62,1990
9612,6320,9999, ,Pittsfield MA MSA,0,0,0,0,0,0,0,0,0,0,0,0,0,0,0,0,0,0,0,0,0,0,0,0
9612,6400,9999, ,Portland ME MSA,51,51,5558,0,0,0,0,0,0,0,0,0,41,41,4531,0,0,0,0,0,0,0,0,0
9612,6442,6440, ,Portland-Vancouver OR-WA PMSA,881,881,102832,20,40,3245,8,28,1913,29,374,18761,839,839,97073,19,38,3111,7,25,1771,23,317,16212
9612,6442,7080, ,Salem OR PMSA,96,96,12006,6,12,935,5,20,1100,4,40,1775,62,62,7388,4,8,615,5,20,1100,2,30,1265
9612,6480,9999, ,Providence-Fall River-Warwick RI-MA MSA,165,165,16767,9,18,1190,0,0,0,1,6,193,128,128,12972,7,14,1029,0,0,0,0,0,0
9612,6520,9999, ,Provo-Orem UT MSA,143,143,16307,2,4,273,1,4,218,5,68,3153,138,138,15807,2,4,273,1,4,218,5,68,3153
9612,6560,9999, ,Pueblo CO MSA,57,57,5135,1,2,148,4,16,400,1,51,3309,57,57,5135,1,2,148,4,16,400,1,51,3309
9612,6580,9999, ,Punta Gorda FL MSA,75,75,7456,0,0,0,1,4,230,1,10,602,75,75,7456,0,0,0,1,4,230,1,10,602
9612,6640,9999, ,Raleigh-Durham-Chapel Hill NC MSA,737,737,121027,6,12,750,1,4,180,11,141,4007,641,641,110648,6,12,750,0,0,0,0,0,0
9612,6660,9999, ,Rapid City SD MSA,10,10,1123,0,0,0,1,4,220,1,36,1726,4,4,635,0,0,0,0,0,0,0,0,0
9612,6680,9999, ,Reading PA MSA,29,29,3071,0,0,0,0,0,0,0,0,0,18,18,1977,0,0,0,0,0,0,0,0,0
9612,6690,9999, ,Redding CA MSA,41,41,4678,1,2,154,1,3,231,0,0,0,41,41,4678,1,2,154,1,3,231,0,0,0
9612,6720,9999, ,Reno NV MSA,159,159,17158,2,4,173,0,0,0,0,0,0,159,159,17158,2,4,173,0,0,0,0,0,0
9612,6740,9999, ,Richland-Kennewick-Pasco WA MSA,17,17,2151,1,2,7,2,7,248,0,0,0,17,17,2151,1,2,7,2,7,248,0,0,0
9612,6760,9999, ,Richmond-Petersburg VA MSA,353,353,32021,0,0,0,1,3,204,1,60,2558,336,336,30658,0,0,0,1,3,204,1,60,2558
9612,6800,9999, ,Roanoke VA MSA,61,61,4441,0,0,0,0,0,0,1,5,267,54,54,4078,0,0,0,0,0,0,0,0,0
9612,6820,9999, ,Rochester MN MSA,32,32,4523,3,6,610,0,0,0,0,0,0,25,25,3593,3,6,610,0,0,0,0,0,0
9612,6840,9999, ,Rochester NY MSA,75,75,9187,0,0,0,1,4,200,2,16,992,62,62,7432,0,0,0,1,4,200,2,16,992
9612,6880,9999, ,Rockford IL MSA,67,67,5689,1,2,90,2,8,400,1,10,476,33,33,3200,1,2,90,2,8,400,1,10,476
9612,6895,9999, ,Rocky Mount NC MSA,39,39,3427,0,0,0,0,0,0,0,0,0,39,39,3427,0,0,0,0,0,0,0,0,0
9612,6922,6920, ,Sacramento CA PMSA,534,534,69912,1,2,83,0,0,0,2,70,3864,534,534,69912,1,2,83,0,0,0,2,70,3864
9612,6922,9270, ,Yolo CA PMSA,48,48,7254,0,0,0,0,0,0,10,98,6362,48,48,7254,0,0,0,0,0,0,10,98,6362
9612,6960,9999, ,Saginaw-Bay City-Midland MI MSA,20,20,2858,1,2,125,0,0,0,0,0,0,18,18,2624,1,2,125,0,0,0,0,0,0
9612,6980,9999, ,St. Cloud MN MSA,15,15,1165,0,0,0,1,3,0,1,25,929,8,8,698,0,0,0,0,0,0,0,0,0
9612,7000,9999, ,St. Joseph MO MSA,6,6,728,3,6,197,0,0,0,1,6,223,0,0,0,0,0,0,0,0,0,0,0,0
9612,7040,9999, ,St. Louis MO-IL MSA,545,545,61684,17,34,2317,4,14,995,11,170,10410,495,495,55442,16,32,2206,4,14,995,9,158,10001
9612,7120,9999, ,Salinas CA MSA,75,75,14936,0,0,0,0,0,0,0,0,0,74,74,14821,0,0,0,0,0,0,0,0,0
9612,7160,9999, ,Salt Lake City-Ogden UT MSA,475,475,48856,1,2,209,0,0,0,8,80,5195,409,409,42283,1,2,209,0,0,0,8,80,5195
9612,7200,9999, ,San Angelo TX MSA,14,14,1586,0,0,0,0,0,0,0,0,0,14,14,1586,0,0,0,0,0,0,0,0,0
9612,7240,9999, ,San Antonio TX MSA,377,377,27716,0,0,0,0,0,0,2,13,889,352,352,25128,0,0,0,0,0,0,2,13,889
9612,7320,9999, ,San Diego CA MSA,458,458,79939,9,18,2442,12,38,3396,0,0,0,454,454,79509,9,18,2442,12,38,3396,0,0,0
9612,7362,5775, ,Oakland CA PMSA,314,314,53824,0,0,0,0,0,0,4,53,6869,301,301,51486,0,0,0,0,0,0,4,53,6869
9612,7362,7360, ,San Francisco CA PMSA,88,88,16356,1,2,153,1,3,207,3,273,15290,81,81,13552,1,2,153,1,3,207,2,265,14550
9612,7362,7400, ,San Jose CA PMSA,310,310,45825,3,6,631,2,8,552,9,222,12189,302,302,43112,3,6,631,2,8,552,9,222,12189
9612,7362,7485, ,Santa Cruz-Watsonville CA PMSA,37,37,5839,0,0,0,0,0,0,0,0,0,37,37,5839,0,0,0,0,0,0,0,0,0
9612,7362,7500, ,Santa Rosa CA PMSA,73,73,8613,2,4,327,0,0,0,0,0,0,45,45,4596,2,4,327,0,0,0,0,0,0
9612,7362,8720, ,Vallejo-Fairfield-Napa CA PMSA,85,85,14577,0,0,0,0,0,0,0,0,0,63,63,11339,0,0,0,0,0,0,0,0,0
9612,7460,9999, ,San Luis Obispo-Atascadero-Paso Robles CA MSA,114,114,13641,0,0,0,0,0,0,0,0,0,111,111,13159,0,0,0,0,0,0,0,0,0
9612,7480,9999, ,Santa Barbara-Santa Maria-Lompoc CA MSA,36,36,5021,0,0,0,0,0,0,1,7,403,20,20,3070,0,0,0,0,0,0,1,7,403
9612,7490,9999, ,Santa Fe NM MSA,20,20,1447,0,0,0,0,0,0,0,0,0,20,20,1447,0,0,0,0,0,0,0,0,0
9612,7510,9999, ,Sarasota-Bradenton FL MSA,295,295,34476,2,4,280,0,0,0,2,40,1571,295,295,34476,2,4,280,0,0,0,2,40,1571
9612,7520,9999, ,Savannah GA MSA,93,93,10410,5,10,600,0,0,0,0,0,0,93,93,10410,5,10,600,0,0,0,0,0,0
9612,7560,9999, ,Scranton--Wilkes-Barre--Hazleton PA MSA,30,30,3215,0,0,0,0,0,0,0,0,0,20,20,2463,0,0,0,0,0,0,0,0,0
9612,7602,1150, ,Bremerton WA PMSA,93,93,7502,1,2,104,0,0,0,1,8,330,13,13,1736,0,0,0,0,0,0,0,0,0
9612,7602,5910, ,Olympia WA PMSA,66,66,7032,0,0,0,0,0,0,1,5,438,66,66,7032,0,0,0,0,0,0,1,5,438
9612,7602,7600, ,Seattle-Bellevue-Everett WA PMSA,541,541,70967,12,24,1910,9,32,2359,53,681,43870,453,453,60999,11,22,1788,8,29,2113,49,656,42239
9612,7602,8200, ,Tacoma WA PMSA,347,347,34061,11,22,1529,0,0,0,3,110,5849,334,334,32900,11,22,1529,0,0,0,3,110,5849
9612,7610,9999, ,Sharon PA MSA,2,2,345,0,0,0,0,0,0,0,0,0,2,2,345,0,0,0,0,0,0,0,0,0
9612,7620,9999, ,Sheboygan WI MSA,5,5,541,0,0,0,0,0,0,4,100,4075,5,5,541,0,0,0,0,0,0,4,100,4075
9612,7640,9999, ,Sherman-Denison TX MSA,7,7,459,0,0,0,0,0,0,0,0,0,7,7,459,0,0,0,0,0,0,0,0,0
9612,7680,9999, ,Shreveport-Bossier City LA MSA,41,41,4324,0,0,0,0,0,0,0,0,0,41,41,4324,0,0,0,0,0,0,0,0,0
9612,7720,9999, ,Sioux City IA-NE MSA,6,6,500,0,0,0,0,0,0,1,20,492,6,6,500,0,0,0,0,0,0,1,20,492
9612,7760,9999, ,Sioux Falls SD MSA,39,39,3147,2,4,266,0,0,0,3,59,2734,12,12,873,0,0,0,0,0,0,0,0,0
9612,7800,9999, ,South Bend IN MSA,72,72,9753,0,0,0,0,0,0,0,0,0,72,72,9753,0,0,0,0,0,0,0,0,0
9612,7840,9999, ,Spokane WA MSA,89,89,10044,2,4,246,0,0,0,4,72,2939,9,9,1112,1,2,100,0,0,0,0,0,0
9612,7880,9999, ,Springfield IL MSA,45,45,4704,5,10,621,0,0,0,1,11,343,11,11,690,0,0,0,0,0,0,0,0,0
9612,7920,9999, ,Springfield MO MSA,88,88,6674,2,4,171,0,0,0,2,30,685,73,73,5554,0,0,0,0,0,0,0,0,0
9612,8000,9999, ,Springfield MA MSA,36,36,4399,0,0,0,0,0,0,1,6,440,33,33,3941,0,0,0,0,0,0,1,6,440
9612,8050,9999, ,State College PA MSA,11,11,1496,0,0,0,1,4,158,2,60,1894,1,1,100,0,0,0,0,0,0,0,0,0
9612,8080,9999, ,Steubenville-Weirton OH-WV MSA,2,2,285,0,0,0,0,0,0,0,0,0,2,2,285,0,0,0,0,0,0,0,0,0
9612,8120,9999, ,Stockton-Lodi CA MSA,131,131,14466,0,0,0,0,0,0,0,0,0,129,129,14292,0,0,0,0,0,0,0,0,0
9612,8140,9999, ,Sumter SC MSA,22,22,1857,0,0,0,0,0,0,0,0,0,22,22,1857,0,0,0,0,0,0,0,0,0
9612,8160,9999, ,Syracuse NY MSA,27,27,2427,0,0,0,0,0,0,1,5,215,21,21,1926,0,0,0,0,0,0,0,0,0
9612,8240,9999, ,Tallahassee FL MSA,117,117,11762,5,10,487,0,0,0,0,0,0,117,117,11762,5,10,487,0,0,0,0,0,0
9612,8280,9999, ,Tampa-St. Petersburg-Clearwater FL MSA,775,775,78842,3,6,494,4,13,730,4,135,5945,765,765,78097,3,6,494,4,13,730,2,122,5422
9612,8320,9999, ,Terre Haute IN MSA,8,8,955,0,0,0,0,0,0,0,0,0,8,8,955,0,0,0,0,0,0,0,0,0
9612,8360,9999, ,Texarkana TX-Texarkana AR MSA,15,15,1095,1,2,65,0,0,0,0,0,0,15,15,1095,1,2,65,0,0,0,0,0,0
9612,8400,9999, ,Toledo OH MSA,87,87,10460,1,2,70,0,0,0,0,0,0,87,87,10460,1,2,70,0,0,0,0,0,0
9612,8440,9999, ,Topeka KS MSA,20,20,2638,0,0,0,0,0,0,1,5,200,20,20,2638,0,0,0,0,0,0,1,5,200
9612,8520,9999, ,Tucson AZ MSA,365,365,42484,0,0,0,0,0,0,0,0,0,307,307,36360,0,0,0,0,0,0,0,0,0
9612,8560,9999, ,Tulsa OK MSA,173,173,19409,0,0,0,0,0,0,0,0,0,173,173,19409,0,0,0,0,0,0,0,0,0
9612,8600,9999, ,Tuscaloosa AL MSA,34,34,3196,0,0,0,2,6,265,6,42,1846,34,34,3196,0,0,0,2,6,265,6,42,1846
9612,8640,9999, ,Tyler TX MSA,22,22,3734,0,0,0,2,8,320,0,0,0,22,22,3734,0,0,0,2,8,320,0,0,0
9612,8680,9999, ,Utica-Rome NY MSA,1,1,115,0,0,0,0,0,0,0,0,0,1,1,115,0,0,0,0,0,0,0,0,0
9612,8750,9999, ,Victoria TX MSA,17,17,1673,0,0,0,0,0,0,0,0,0,17,17,1673,0,0,0,0,0,0,0,0,0
9612,8780,9999, ,Visalia-Tulare-Porterville CA MSA,66,66,6480,6,12,449,1,3,200,0,0,0,66,66,6480,6,12,449,1,3,200,0,0,0
9612,8800,9999, ,Waco TX MSA,18,18,1928,1,2,50,0,0,0,1,6,485,15,15,1304,1,2,50,0,0,0,1,6,485
9612,8872,0720, ,Baltimore MD PMSA,607,607,59682,0,0,0,0,0,0,8,113,4936,596,596,58941,0,0,0,0,0,0,7,107,4752
9612,8872,3180, ,Hagerstown MD PMSA,27,27,2658,0,0,0,0,0,0,0,0,0,27,27,2658,0,0,0,0,0,0,0,0,0
9612,8872,8840, ,Washington DC-MD-VA-WV PMSA,1505,1505,150998,4,8,456,0,0,0,31,582,32038,1443,1443,144959,4,8,456,0,0,0,27,550,30686
9612,8920,9999, ,Waterloo-Cedar Falls IA MSA,5,5,897,0,0,0,1,4,166,0,0,0,5,5,897,0,0,0,1,4,166,0,0,0
9612,8940,9999, ,Wausau WI MSA,15,15,1494,2,4,223,0,0,0,0,0,0,6,6,650,2,4,223,0,0,0,0,0,0
9612,8960,9999, ,West Palm Beach-Boca Raton FL MSA,459,459,50236,7,14,1140,13,51,2983,8,221,12070,457,457,49189,7,14,1140,13,51,2983,8,221,12070
9612,9000,9999, ,Wheeling WV-OH MSA,1,1,380,0,0,0,0,0,0,1,7,347,1,1,380,0,0,0,0,0,0,0,0,0
9612,9040,9999, ,Wichita KS MSA,175,175,17214,3,6,194,0,0,0,0,0,0,175,175,17214,3,6,194,0,0,0,0,0,0
9612,9080,9999, ,Wichita Falls TX MSA,6,6,326,0,0,0,0,0,0,0,0,0,6,6,326,0,0,0,0,0,0,0,0,0
9612,9200,9999, ,Wilmington NC MSA,279,279,23757,0,0,0,1,4,182,1,5,210,250,250,21691,0,0,0,1,4,182,0,0,0
9612,9260,9999, ,Yakima WA MSA,13,13,2091,0,0,0,1,4,187,0,0,0,13,13,2091,0,0,0,1,4,187,0,0,0
9612,9280,9999, ,York PA MSA,56,56,4922,3,6,414,4,16,880,0,0,0,46,46,3920,2,4,280,4,16,880,0,0,0
9612,9320,9999, ,Youngstown-Warren OH MSA,48,48,5541,6,12,705,1,4,370,0,0,0,48,48,5541,6,12,705,1,4,370,0,0,0
9612,9340,9999, ,Yuba City CA MSA,26,26,3002,1,2,83,1,4,120,0,0,0,26,26,3002,1,2,83,1,4,120,0,0,0
9612,9360,9999, ,Yuma AZ MSA,78,78,6452,0,0,0,0,0,0,0,0,0,78,78,6452,0,0,0,0,0,0,0,0,0
9612,1122,9999, ,Boston-Worcester-Lawrence MA-NH-ME-CT CMSA,992,992,127983,15,30,1524,2,7,357,15,307,18635,701,701,92409,11,22,1096,1,4,100,3,177,9417
9612,1602,9999, ,Chicago-Gary-Kenosha IL-IN-WI CMSA,1571,1571,214017,32,64,4132,37,137,9035,35,344,22898,1465,1465,200947,28,56,3597,37,137,9035,30,319,21844
9612,1642,9999, ,Cincinnati-Hamilton OH-KY-IN CMSA,680,680,72271,8,16,1313,5,19,1328,14,120,5156,614,614,65581,7,14,1228,4,16,1265,7,72,3315
9612,1692,9999, ,Cleveland-Akron OH CMSA,480,480,72602,20,40,3037,10,35,2538,3,33,1470,354,354,53820,18,36,2828,8,28,2034,0,0,0
9612,1922,9999, ,Dallas-Fort Worth TX CMSA,1632,1632,212573,8,16,1239,3,11,582,183,3094,150694,1360,1360,177649,8,16,1239,3,11,582,178,3037,149015
9612,2082,9999, ,Denver-Boulder-Greeley CO CMSA,1168,1168,144400,9,18,1920,16,59,4823,24,357,13110,1150,1150,142374,9,18,1920,16,59,4823,23,352,12635
9612,2162,9999, ,Detroit-Ann Arbor-Flint MI CMSA,1172,1172,143592,14,28,2573,16,62,3718,25,480,35141,987,987,123345,12,24,2189,14,56,3127,20,435,33704
9612,3362,9999, ,Houston-Galveston-Brazoria TX CMSA,1259,1259,140630,1,2,178,0,0,0,10,302,9368,1248,1248,139160,1,2,178,0,0,0,9,297,9089
9612,4472,9999, ,Los Angeles-Riverside-Orange County CA CMSA,1600,1600,246130,22,44,3534,3,9,787,37,526,45203,1527,1527,233933,20,40,3251,1,3,217,33,502,43056
9612,4992,9999, ,Miami-Fort Lauderdale FL CMSA,980,980,110956,11,22,1129,3,12,880,55,851,49011,972,972,109335,11,22,1129,3,12,880,54,824,45927
9612,5082,9999, ,Milwaukee-Racine WI CMSA,246,246,38095,7,14,1209,1,4,359,9,165,4882,221,221,33788,7,14,1209,1,4,359,6,150,4358
9612,5602,9999, ,New York-Northern New Jersey-Long Island NY-NJ-CT-PA CMSA,2025,2025,252812,116,232,11097,11,37,2673,59,1211,57688,1703,1703,214909,106,212,10076,9,30,2339,42,1025,47351
9612,6162,9999, ,Philadelphia-Wilmington-Atlantic City PA-NJ-DE-MD CMSA,1222,1222,105236,11,22,1521,19,59,2641,15,187,7532,993,993,85523,9,18,1417,19,59,2641,13,177,6862
9612,6442,9999, ,Portland-Salem OR-WA CMSA,977,977,114838,26,52,4179,13,48,3012,33,414,20536,901,901,104461,23,46,3726,12,45,2870,25,347,17477
9612,6922,9999, ,Sacramento-Yolo CA CMSA,582,582,77167,1,2,83,0,0,0,12,168,10226,582,582,77167,1,2,83,0,0,0,12,168,10226
9612,7362,9999, ,San Francisco-Oakland-San Jose CA CMSA,907,907,145034,6,12,1112,3,11,759,16,548,34348,829,829,129924,6,12,1112,3,11,759,15,540,33608
9612,7602,9999, ,Seattle-Tacoma-Bremerton WA CMSA,1047,1047,119562,24,48,3542,9,32,2359,58,804,50487,866,866,102667,22,44,3317,8,29,2113,53,771,48525
9612,8872,9999, ,Washington-Baltimore DC-MD-VA-WV CMSA,2139,2139,213338,4,8,456,0,0,0,39,695,36974,2066,2066,206557,4,8,456,0,0,0,34,657,35437
