Survey,MSA/,PMSA,,MA,,1-unit,,,2-units,,,3-4 units,,,5+ units,,,1-unit rep,,,2-units rep,,,3-4 units rep,,,5+ units rep
Date,CMSA,,,Name,Bldgs,Units,Value,Bldgs,Units,Value,Bldgs,Units,Value,Bldgs,Units,Value,Bldgs,Units,Value,Bldgs,Units,Value,Bldgs,Units,Value,Bldgs,Units,Value

9607,0040,9999, ,Abilene TX MSA,24,24,2722,0,0,0,0,0,0,0,0,0,24,24,2722,0,0,0,0,0,0,0,0,0
9607,0120,9999, ,Albany GA MSA,51,51,3521,1,2,59,1,4,78,3,30,359,22,22,1813,0,0,0,0,0,0,0,0,0
9607,0160,9999, ,Albany-Schenectady-Troy NY MSA,118,118,14575,5,10,503,1,4,100,3,30,1154,104,104,13257,3,6,350,1,4,100,2,16,415
9607,0200,9999, ,Albuquerque NM MSA,412,412,37671,0,0,0,1,3,124,3,124,4501,221,221,22894,0,0,0,1,3,124,1,108,4163
9607,0220,9999, ,Alexandria LA MSA,39,39,4006,0,0,0,0,0,0,0,0,0,39,39,4006,0,0,0,0,0,0,0,0,0
9607,0240,9999, ,Allentown-Bethlehem-Easton PA MSA,114,114,12279,2,4,100,0,0,0,0,0,0,107,107,11272,2,4,100,0,0,0,0,0,0
9607,0280,9999, ,Altoona PA MSA,10,10,851,0,0,0,0,0,0,1,5,193,3,3,460,0,0,0,0,0,0,0,0,0
9607,0320,9999, ,Amarillo TX MSA,42,42,4629,0,0,0,0,0,0,0,0,0,42,42,4629,0,0,0,0,0,0,0,0,0
9607,0380,9999, ,Anchorage AK MSA,83,83,13425,3,6,652,4,12,1593,0,0,0,83,83,13425,3,6,652,4,12,1593,0,0,0
9607,0450,9999, ,Anniston AL MSA,17,17,1506,0,0,0,0,0,0,1,6,288,3,3,345,0,0,0,0,0,0,0,0,0
9607,0460,9999, ,Appleton-Oshkosh-Neenah WI MSA,97,97,10649,8,16,889,2,8,284,10,150,4747,55,55,5625,6,12,608,2,8,284,9,145,4643
9607,0480,9999, ,Asheville NC MSA,92,92,9134,6,12,790,0,0,0,0,0,0,92,92,9134,6,12,790,0,0,0,0,0,0
9607,0500,9999, ,Athens GA MSA,55,55,5198,10,20,771,0,0,0,0,0,0,43,43,4043,10,20,771,0,0,0,0,0,0
9607,0520,9999, ,Atlanta GA MSA,3258,3258,316716,8,16,660,1,3,0,51,782,29162,3082,3082,302333,8,16,660,0,0,0,51,782,29162
9607,0600,9999, ,Augusta-Aiken GA-SC MSA,156,156,15622,0,0,0,4,16,1206,0,0,0,150,150,15146,0,0,0,4,16,1206,0,0,0
9607,0640,9999, ,Austin-San Marcos TX MSA,619,619,64037,24,48,1641,0,0,0,46,766,33670,608,608,62979,23,46,1543,0,0,0,46,766,33670
9607,0680,9999, ,Bakersfield CA MSA,145,145,17515,0,0,0,2,8,405,0,0,0,145,145,17515,0,0,0,2,8,405,0,0,0
9607,0730,9999, ,Bangor ME MSA,17,17,1671,0,0,0,0,0,0,0,0,0,6,6,653,0,0,0,0,0,0,0,0,0
9607,0740,9999, ,Barnstable-Yarmouth MA MSA,78,78,11163,3,6,470,0,0,0,0,0,0,67,67,9628,3,6,470,0,0,0,0,0,0
9607,0760,9999, ,Baton Rouge LA MSA,144,144,11807,0,0,0,0,0,0,0,0,0,144,144,11807,0,0,0,0,0,0,0,0,0
9607,0840,9999, ,Beaumont-Port Arthur TX MSA,41,41,4064,0,0,0,0,0,0,3,26,669,41,41,4064,0,0,0,0,0,0,3,26,669
9607,0860,9999, ,Bellingham WA MSA,92,92,11106,2,4,415,6,20,1417,2,22,663,49,49,6370,2,4,415,6,20,1417,2,22,663
9607,0870,9999, ,Benton Harbor MI MSA,11,11,822,0,0,0,1,3,199,0,0,0,6,6,436,0,0,0,0,0,0,0,0,0
9607,0880,9999, ,Billings MT MSA,34,34,3858,5,10,831,0,0,0,3,41,3352,34,34,3858,5,10,831,0,0,0,3,41,3352
9607,0920,9999, ,Biloxi-Gulfport-Pascagoula MS MSA,163,163,10221,1,2,150,1,4,135,1,8,450,156,156,9625,1,2,150,1,4,135,1,8,450
9607,0960,9999, ,Binghamton NY MSA,1,1,103,0,0,0,0,0,0,0,0,0,0,0,0,0,0,0,0,0,0,0,0,0
9607,1000,9999, ,Birmingham AL MSA,355,355,40722,1,2,100,0,0,0,3,18,439,259,259,31743,1,2,100,0,0,0,1,8,200
9607,1010,9999, ,Bismarck ND MSA,43,43,4334,0,0,0,0,0,0,0,0,0,43,43,4334,0,0,0,0,0,0,0,0,0
9607,1020,9999, ,Bloomington IN MSA,61,61,6188,0,0,0,0,0,0,0,0,0,52,52,5650,0,0,0,0,0,0,0,0,0
9607,1040,9999, ,Bloomington-Normal IL MSA,51,51,4803,0,0,0,0,0,0,8,104,3600,51,51,4803,0,0,0,0,0,0,8,104,3600
9607,1080,9999, ,Boise City ID MSA,383,383,44535,4,8,412,6,24,1290,2,27,755,291,291,35633,4,8,412,6,24,1290,0,0,0
9607,1122,1120, ,Boston MA-NH PMSA,620,620,81524,11,22,1543,1,4,343,5,36,1911,430,430,56717,9,18,1243,0,0,0,0,0,0
9607,1122,1200, ,Brockton MA PMSA,84,84,9388,0,0,0,0,0,0,0,0,0,80,80,9031,0,0,0,0,0,0,0,0,0
9607,1122,2600, ,Fitchburg-Leominster MA PMSA,40,40,3772,1,2,71,0,0,0,2,14,298,20,20,2094,0,0,0,0,0,0,0,0,0
9607,1122,4160, ,Lawrence MA-NH PMSA,127,127,24774,1,2,350,0,0,0,1,5,31,89,89,20607,1,2,350,0,0,0,0,0,0
9607,1122,4560, ,Lowell MA-NH PMSA,91,91,11461,0,0,0,0,0,0,0,0,0,56,56,6081,0,0,0,0,0,0,0,0,0
9607,1122,4760, ,Manchester NH PMSA,65,65,7790,0,0,0,0,0,0,0,0,0,20,20,2278,0,0,0,0,0,0,0,0,0
9607,1122,5350, ,Nashua NH PMSA,62,62,7349,0,0,0,0,0,0,1,10,849,26,26,3658,0,0,0,0,0,0,0,0,0
9607,1122,5400, ,New Bedford MA PMSA,39,39,3915,0,0,0,0,0,0,0,0,0,23,23,2290,0,0,0,0,0,0,0,0,0
9607,1122,6450, ,Portsmouth-Rochester NH-ME PMSA,76,76,10412,0,0,0,0,0,0,1,5,234,22,22,3223,0,0,0,0,0,0,0,0,0
9607,1122,9240, ,Worcester MA-CT PMSA,194,194,21996,3,6,314,0,0,0,4,31,1513,128,128,15717,1,2,100,0,0,0,1,5,425
9607,1240,9999, ,Brownsville-Harlingen-San Benito TX MSA,150,150,8526,2,4,122,2,8,174,1,7,146,89,89,5419,0,0,0,0,0,0,0,0,0
9607,1260,9999, ,Bryan-College Station TX MSA,41,41,3890,1,2,50,0,0,0,0,0,0,24,24,2604,0,0,0,0,0,0,0,0,0
9607,1280,9999, ,Buffalo-Niagara Falls NY MSA,145,145,18761,3,6,418,0,0,0,5,49,1289,132,132,17631,2,4,320,0,0,0,4,32,925
9607,1305,9999, ,Burlington VT MSA,50,50,5821,0,0,0,0,0,0,0,0,0,22,22,2787,0,0,0,0,0,0,0,0,0
9607,1320,9999, ,Canton-Massillon OH MSA,82,82,11837,4,8,725,1,3,480,0,0,0,77,77,11271,4,8,725,1,3,480,0,0,0
9607,1350,9999, ,Casper WY MSA,8,8,880,0,0,0,0,0,0,0,0,0,8,8,880,0,0,0,0,0,0,0,0,0
9607,1360,9999, ,Cedar Rapids IA MSA,50,50,4928,3,6,344,4,15,939,1,8,218,39,39,3588,3,6,344,4,15,939,1,8,218
9607,1400,9999, ,Champaign-Urbana IL MSA,25,25,3087,0,0,0,0,0,0,0,0,0,25,25,3087,0,0,0,0,0,0,0,0,0
9607,1440,9999, ,Charleston-North Charleston SC MSA,232,232,26100,1,2,105,16,64,2744,5,152,10705,177,177,18658,1,2,105,16,64,2744,4,147,10538
9607,1480,9999, ,Charleston WV MSA,34,34,3882,0,0,0,0,0,0,0,0,0,34,34,3882,0,0,0,0,0,0,0,0,0
9607,1520,9999, ,Charlotte-Gastonia-Rock Hill NC-SC MSA,1037,1037,103094,17,34,1561,1,4,219,51,727,28913,1003,1003,100115,16,32,1509,1,4,219,51,727,28913
9607,1540,9999, ,Charlottesville VA MSA,78,78,8713,2,4,259,2,8,480,3,52,2092,59,59,7148,2,4,259,2,8,480,3,52,2092
9607,1560,9999, ,Chattanooga TN-GA MSA,224,224,25093,7,14,785,0,0,0,0,0,0,173,173,19985,7,14,785,0,0,0,0,0,0
9607,1580,9999, ,Cheyenne WY MSA,28,28,2848,1,2,47,0,0,0,0,0,0,12,12,1466,0,0,0,0,0,0,0,0,0
9607,1602,1600, ,Chicago IL PMSA,2425,2425,331756,50,100,6942,45,150,10157,42,375,18282,2095,2095,291268,38,76,5436,42,141,9232,33,323,16258
9607,1602,2960, ,Gary IN PMSA,228,228,29390,11,22,2059,1,4,250,0,0,0,224,224,28942,11,22,2059,1,4,250,0,0,0
9607,1602,3740, ,Kankakee IL PMSA,29,29,3344,1,2,160,0,0,0,1,16,690,26,26,3097,1,2,160,0,0,0,1,16,690
9607,1602,3800, ,Kenosha WI PMSA,61,61,6604,2,4,263,1,3,225,1,24,1667,25,25,3094,1,2,155,0,0,0,0,0,0
9607,1620,9999, ,Chico-Paradise CA MSA,31,31,3651,0,0,0,0,0,0,0,0,0,29,29,3536,0,0,0,0,0,0,0,0,0
9607,1642,1640, ,Cincinnati OH-KY-IN PMSA,731,731,75104,23,46,2276,5,17,996,15,143,5639,662,662,68037,22,44,2208,4,14,933,11,114,4474
9607,1642,3200, ,Hamilton-Middletown OH PMSA,207,207,24398,1,2,85,3,10,649,5,49,2604,183,183,21837,0,0,0,2,7,465,3,38,2010
9607,1660,9999, ,Clarksville-Hopkinsville TN-KY MSA,149,149,8560,0,0,0,3,12,385,3,18,483,149,149,8560,0,0,0,3,12,385,3,18,483
9607,1692,0080, ,Akron OH PMSA,322,322,40133,7,14,1199,2,8,560,4,32,1117,238,238,31504,4,8,885,2,8,560,1,5,200
9607,1692,1680, ,Cleveland-Lorain-Elyria OH PMSA,707,707,106147,10,20,1732,4,14,1192,18,261,26887,582,582,88978,5,10,875,0,0,0,9,205,24796
9607,1720,9999, ,Colorado Springs CO MSA,323,323,32138,1,2,175,12,48,1158,14,126,3861,323,323,32138,1,2,175,12,48,1158,14,126,3861
9607,1740,9999, ,Columbia MO MSA,71,71,8025,14,28,1206,0,0,0,0,0,0,71,71,8025,14,28,1206,0,0,0,0,0,0
9607,1760,9999, ,Columbia SC MSA,275,275,22767,0,0,0,0,0,0,0,0,0,275,275,22767,0,0,0,0,0,0,0,0,0
9607,1800,9999, ,Columbus GA-AL MSA,87,87,8021,0,0,0,0,0,0,0,0,0,87,87,8021,0,0,0,0,0,0,0,0,0
9607,1840,9999, ,Columbus OH MSA,736,736,93317,10,20,1205,25,100,2910,30,301,8900,399,399,56436,2,4,350,5,20,1037,0,0,0
9607,1880,9999, ,Corpus Christi TX MSA,115,115,9474,0,0,0,0,0,0,1,142,7392,115,115,9474,0,0,0,0,0,0,1,142,7392
9607,1900,9999, ,Cumberland MD-WV MSA,24,24,2019,0,0,0,0,0,0,0,0,0,24,24,2019,0,0,0,0,0,0,0,0,0
9607,1922,1920, ,Dallas TX PMSA,1727,1727,217423,2,4,393,1,3,68,39,687,21466,1445,1445,186464,2,4,393,0,0,0,37,655,20625
9607,1922,2800, ,Fort Worth-Arlington TX PMSA,580,580,66327,4,8,285,0,0,0,20,328,14202,492,492,48728,4,8,285,0,0,0,18,316,13890
9607,1950,9999, ,Danville VA MSA,30,30,2336,0,0,0,0,0,0,1,5,206,4,4,429,0,0,0,0,0,0,0,0,0
9607,1960,9999, ,Davenport-Moline-Rock Island IA-IL MSA,46,46,5083,5,10,749,0,0,0,0,0,0,30,30,3237,4,8,618,0,0,0,0,0,0
9607,2000,9999, ,Dayton-Springfield OH MSA,258,258,26001,0,0,0,0,0,0,2,16,753,243,243,24013,0,0,0,0,0,0,2,16,753
9607,2020,9999, ,Daytona Beach FL MSA,265,265,23780,0,0,0,0,0,0,0,0,0,234,234,20601,0,0,0,0,0,0,0,0,0
9607,2030,9999, ,Decatur Al MSA,31,31,2269,0,0,0,0,0,0,0,0,0,24,24,1985,0,0,0,0,0,0,0,0,0
9607,2040,9999, ,Decatur IL MSA,23,23,2210,1,2,120,1,4,240,0,0,0,23,23,2210,1,2,120,1,4,240,0,0,0
9607,2082,1125, ,Boulder-Longmont CO PMSA,150,150,20313,0,0,0,0,0,0,10,192,9154,149,149,20158,0,0,0,0,0,0,10,192,9154
9607,2082,2080, ,Denver CO PMSA,1002,1002,136173,14,28,2048,4,13,1011,10,85,5694,994,994,133258,14,28,2048,4,13,1011,8,61,4185
9607,2082,3060, ,Greeley CO PMSA,117,117,12679,1,2,76,3,11,311,0,0,0,103,103,11437,0,0,0,2,8,221,0,0,0
9607,2120,9999, ,Des Moines IA MSA,205,205,26509,0,0,0,1,4,550,3,32,2175,183,183,23799,0,0,0,1,4,550,3,32,2175
9607,2162,0440, ,Ann Arbor MI PMSA,420,420,49094,1,2,239,2,8,639,3,19,639,275,275,27587,0,0,0,1,4,410,0,0,0
9607,2162,2160, ,Detroit MI PMSA,1569,1569,193668,16,32,2224,10,39,2192,21,275,11654,1274,1274,163221,15,30,2070,7,28,1378,12,186,8568
9607,2162,2640, ,Flint MI PMSA,176,176,20182,0,0,0,1,4,200,2,25,1403,112,112,12783,0,0,0,1,4,200,0,0,0
9607,2180,9999, ,Dothan AL MSA,31,31,2449,0,0,0,0,0,0,0,0,0,31,31,2449,0,0,0,0,0,0,0,0,0
9607,2190,9999, ,Dover DE MSA,85,85,6059,0,0,0,0,0,0,0,0,0,85,85,6059,0,0,0,0,0,0,0,0,0
9607,2200,9999, ,Dubuque IA MSA,18,18,1983,1,2,118,0,0,0,0,0,0,18,18,1983,1,2,118,0,0,0,0,0,0
9607,2240,9999, ,Duluth-Superior MN-WI MSA,69,69,6531,3,6,269,0,0,0,0,0,0,62,62,5768,3,6,269,0,0,0,0,0,0
9607,2290,9999, ,Eau Claire WI MSA,39,39,3781,2,4,234,3,12,543,0,0,0,15,15,1549,1,2,150,3,12,543,0,0,0
9607,2320,9999, ,El Paso TX MSA,216,216,12180,3,6,221,1,3,115,4,24,750,9,9,532,0,0,0,0,0,0,0,0,0
9607,2330,9999, ,Elkhart-Goshen IN MSA,124,124,12954,1,2,145,1,3,175,1,5,219,118,118,12430,1,2,145,1,3,175,0,0,0
9607,2335,9999, ,Elmira NY MSA,4,4,518,0,0,0,0,0,0,0,0,0,0,0,0,0,0,0,0,0,0,0,0,0
9607,2340,9999, ,Enid OK MSA,10,10,814,0,0,0,0,0,0,0,0,0,10,10,814,0,0,0,0,0,0,0,0,0
9607,2360,9999, ,Erie PA MSA,36,36,4865,0,0,0,1,4,116,1,10,509,33,33,4599,0,0,0,1,4,116,0,0,0
9607,2400,9999, ,Eugene-Springfield OR MSA,110,110,14037,10,20,1246,3,9,599,16,152,7657,2,2,236,0,0,0,0,0,0,0,0,0
9607,2440,9999, ,Evansville-Henderson IN-KY MSA,95,95,8921,0,0,0,1,4,180,0,0,0,88,88,8164,0,0,0,1,4,180,0,0,0
9607,2520,9999, ,Fargo-Moorhead ND-MN MSA,76,76,8752,0,0,0,2,7,512,0,0,0,75,75,8635,0,0,0,2,7,512,0,0,0
9607,2560,9999, ,Fayetteville NC MSA,100,100,6871,1,2,71,0,0,0,2,24,1300,100,100,6871,1,2,71,0,0,0,2,24,1300
9607,2580,9999, ,Fayetteville-Springdale-Rogers AR MSA,177,177,14013,9,18,855,0,0,0,5,34,1288,167,167,13292,8,16,781,0,0,0,5,34,1288
9607,2620,9999, ,Flagstaff AZ-UT MSA,51,51,6985,2,4,252,2,7,375,5,68,2925,28,28,3846,0,0,0,0,0,0,0,0,0
9607,2650,9999, ,Florence AL MSA,12,12,1083,0,0,0,0,0,0,0,0,0,12,12,1083,0,0,0,0,0,0,0,0,0
9607,2655,9999, ,Florence SC MSA,46,46,4070,0,0,0,0,0,0,1,5,204,9,9,801,0,0,0,0,0,0,0,0,0
9607,2670,9999, ,Fort Collins-Loveland CO MSA,212,212,22898,0,0,0,1,4,270,12,136,6112,212,212,22898,0,0,0,1,4,270,12,136,6112
9607,2700,9999, ,Fort Myers-Cape Coral FL MSA,310,310,29855,6,12,996,6,21,2462,13,132,13781,110,110,6610,0,0,0,0,0,0,2,12,1290
9607,2710,9999, ,Fort Pierce-Port St. Lucie FL MSA,238,238,31919,8,16,1807,2,8,580,2,20,1034,238,238,31919,8,16,1807,2,8,580,2,20,1034
9607,2720,9999, ,Fort Smith AR-OK MSA,78,78,7669,1,2,79,0,0,0,0,0,0,76,76,7535,1,2,79,0,0,0,0,0,0
9607,2750,9999, ,Fort Walton Beach FL MSA,147,147,11789,0,0,0,0,0,0,1,6,369,147,147,11789,0,0,0,0,0,0,1,6,369
9607,2760,9999, ,Fort Wayne IN MSA,262,262,32259,8,16,855,0,0,0,2,41,958,242,242,30245,7,14,797,0,0,0,1,36,810
9607,2840,9999, ,Fresno CA MSA,220,220,23757,0,0,0,3,12,490,0,0,0,219,219,23687,0,0,0,3,12,490,0,0,0
9607,2880,9999, ,Gadsden AL MSA,7,7,529,0,0,0,0,0,0,0,0,0,1,1,80,0,0,0,0,0,0,0,0,0
9607,2900,9999, ,Gainesville FL MSA,126,126,11227,1,2,155,0,0,0,2,28,752,103,103,9431,1,2,155,0,0,0,0,0,0
9607,2975,9999, ,Glens Falls NY MSA,34,34,3328,0,0,0,1,4,400,0,0,0,22,22,2739,0,0,0,1,4,400,0,0,0
9607,2980,9999, ,Goldsboro NC MSA,43,43,3728,1,2,233,0,0,0,1,6,300,7,7,599,0,0,0,0,0,0,1,6,300
9607,2985,9999, ,Grand Forks ND-MN MSA,19,19,1436,1,2,152,0,0,0,0,0,0,19,19,1436,1,2,152,0,0,0,0,0,0
9607,2995,9999, ,Grand Junction CO MSA,57,57,5055,12,24,1353,0,0,0,0,0,0,57,57,5055,12,24,1353,0,0,0,0,0,0
9607,3000,9999, ,Grand Rapids-Muskegon-Holland MI MSA,616,616,64235,12,24,1517,2,7,425,11,118,3781,294,294,33675,8,16,1050,0,0,0,4,32,990
9607,3040,9999, ,Great Falls MT MSA,10,10,1151,0,0,0,0,0,0,1,5,278,0,0,0,0,0,0,0,0,0,0,0,0
9607,3080,9999, ,Green Bay WI MSA,71,71,8514,6,12,935,0,0,0,6,65,2099,54,54,6436,2,4,400,0,0,0,5,60,1920
9607,3120,9999, ,Greensboro--Winston-Salem--High Point NC MSA,710,710,69065,2,4,151,4,16,600,8,114,4756,676,676,66037,2,4,151,4,16,600,8,114,4756
9607,3150,9999, ,Greenville NC MSA,69,69,6538,0,0,0,0,0,0,2,16,650,29,29,2690,0,0,0,0,0,0,2,16,650
9607,3160,9999, ,Greenville-Spartanburg-Anderson SC MSA,475,475,39049,2,4,127,10,40,3170,0,0,0,437,437,35827,2,4,127,10,40,3170,0,0,0
9607,3240,9999, ,Harrisburg-Lebanon-Carlisle PA MSA,118,118,12425,2,4,720,0,0,0,1,8,499,102,102,10738,1,2,270,0,0,0,1,8,499
9607,3280,9999, ,Hartford CT MSA,294,294,30379,1,2,211,10,33,1487,1,8,358,257,257,26729,1,2,211,10,33,1487,1,8,358
9607,3285,9999, ,Hattiesburg MS MSA,4,4,316,0,0,0,0,0,0,1,8,220,0,0,0,0,0,0,0,0,0,0,0,0
9607,3290,9999, ,Hickory-Morganton-Lenoir NC MSA,171,171,14257,4,8,415,0,0,0,0,0,0,171,171,14257,4,8,415,0,0,0,0,0,0
9607,3320,9999, ,Honolulu HI MSA,83,83,17590,1,2,180,0,0,0,4,360,45100,83,83,17590,1,2,180,0,0,0,4,360,45100
9607,3350,9999, ,Houma LA MSA,52,52,4526,0,0,0,0,0,0,0,0,0,52,52,4526,0,0,0,0,0,0,0,0,0
9607,3362,1145, ,Brazoria TX PMSA,153,153,21719,0,0,0,0,0,0,1,13,342,148,148,21269,0,0,0,0,0,0,0,0,0
9607,3362,2920, ,Galveston-Texas City TX PMSA,107,107,10868,1,2,49,0,0,0,0,0,0,88,88,7370,1,2,49,0,0,0,0,0,0
9607,3362,3360, ,Houston TX PMSA,1422,1422,154945,2,4,122,2,7,40,39,568,16217,1354,1354,146837,1,2,30,1,4,40,38,563,15938
9607,3400,9999, ,Huntington-Ashland WV-KY-OH MSA,4,4,375,0,0,0,0,0,0,0,0,0,3,3,205,0,0,0,0,0,0,0,0,0
9607,3440,9999, ,Huntsville AL MSA,80,80,4705,0,0,0,0,0,0,0,0,0,80,80,4705,0,0,0,0,0,0,0,0,0
9607,3480,9999, ,Indianapolis IN MSA,1168,1168,147001,8,16,791,3,10,711,19,314,10202,1064,1064,135862,4,8,367,2,7,550,17,296,9637
9607,3500,9999, ,Iowa City IA MSA,36,36,4373,2,4,346,0,0,0,0,0,0,36,36,4373,2,4,346,0,0,0,0,0,0
9607,3520,9999, ,Jackson MI MSA,24,24,1155,0,0,0,0,0,0,0,0,0,23,23,1092,0,0,0,0,0,0,0,0,0
9607,3560,9999, ,Jackson MS MSA,246,246,22417,0,0,0,0,0,0,2,25,779,188,188,16952,0,0,0,0,0,0,0,0,0
9607,3580,9999, ,Jackson TN MSA,58,58,5340,1,2,57,0,0,0,3,27,664,22,22,2390,0,0,0,0,0,0,0,0,0
9607,3600,9999, ,Jacksonville FL MSA,678,678,77380,1,2,217,0,0,0,19,253,11121,675,675,77145,1,2,217,0,0,0,19,253,11121
9607,3605,9999, ,Jacksonville NC MSA,43,43,2032,0,0,0,0,0,0,0,0,0,5,5,348,0,0,0,0,0,0,0,0,0
9607,3610,9999, ,Jamestown NY MSA,2,2,123,0,0,0,0,0,0,0,0,0,0,0,0,0,0,0,0,0,0,0,0,0
9607,3620,9999, ,Janesville-Beloit WI MSA,26,26,2402,4,8,615,0,0,0,5,40,1445,26,26,2402,4,8,615,0,0,0,5,40,1445
9607,3660,9999, ,Johnson City-Kingsport-Bristol TN-VA MSA,130,130,11427,2,4,132,0,0,0,4,25,813,51,51,5388,2,4,132,0,0,0,1,10,200
9607,3680,9999, ,Johnstown PA MSA,7,7,529,0,0,0,0,0,0,0,0,0,5,5,300,0,0,0,0,0,0,0,0,0
9607,3710,9999, ,Joplin MO MSA,16,16,1294,8,16,822,0,0,0,0,0,0,16,16,1294,8,16,822,0,0,0,0,0,0
9607,3720,9999, ,Kalamazoo-Battle Creek MI MSA,121,121,14646,0,0,0,5,20,1715,2,12,625,71,71,9901,0,0,0,5,20,1715,2,12,625
9607,3760,9999, ,Kansas City MO-KS MSA,861,861,96883,12,24,1472,6,20,610,2,10,449,748,748,86086,11,22,1332,2,8,190,0,0,0
9607,3810,9999, ,Killeen-Temple TX MSA,84,84,7638,5,10,403,2,8,248,0,0,0,84,84,7638,5,10,403,2,8,248,0,0,0
9607,3840,9999, ,Knoxville TN MSA,333,333,27136,4,8,306,0,0,0,3,46,3039,328,328,26578,4,8,306,0,0,0,3,46,3039
9607,3850,9999, ,Kokomo IN MSA,42,42,5205,7,14,1165,0,0,0,0,0,0,42,42,5205,7,14,1165,0,0,0,0,0,0
9607,3870,9999, ,La Crosse WI-MN MSA,31,31,3777,1,2,270,0,0,0,2,17,550,31,31,3777,1,2,270,0,0,0,2,17,550
9607,3880,9999, ,Lafayette LA MSA,114,114,10226,0,0,0,0,0,0,11,88,3713,113,113,10157,0,0,0,0,0,0,11,88,3713
9607,3920,9999, ,Lafayette IN MSA,86,86,10356,3,6,387,1,4,229,0,0,0,86,86,10356,3,6,387,1,4,229,0,0,0
9607,3960,9999, ,Lake Charles LA MSA,70,70,6480,1,2,40,0,0,0,1,5,100,67,67,6211,1,2,40,0,0,0,0,0,0
9607,3980,9999, ,Lakeland-Winter Haven FL MSA,239,239,16903,2,4,148,0,0,0,0,0,0,239,239,16903,2,4,148,0,0,0,0,0,0
9607,4000,9999, ,Lancaster PA MSA,94,94,10806,0,0,0,0,0,0,0,0,0,85,85,9906,0,0,0,0,0,0,0,0,0
9607,4040,9999, ,Lansing-East Lansing MI MSA,127,127,14051,1,2,135,0,0,0,5,49,1669,97,97,10460,0,0,0,0,0,0,4,40,1235
9607,4080,9999, ,Laredo TX MSA,84,84,4503,0,0,0,2,8,187,7,72,1636,0,0,0,0,0,0,0,0,0,0,0,0
9607,4100,9999, ,Las Cruces NM MSA,78,78,6765,0,0,0,1,4,100,0,0,0,78,78,6765,0,0,0,1,4,100,0,0,0
9607,4120,9999, ,Las Vegas NV-AZ MSA,1911,1911,169883,3,6,388,31,115,7290,141,1880,69357,1869,1869,166241,2,4,251,28,104,6608,140,1873,69021
9607,4150,9999, ,Lawrence KS MSA,35,35,3923,7,14,912,11,44,990,8,186,5280,35,35,3923,7,14,912,11,44,990,8,186,5280
9607,4200,9999, ,Lawton OK MSA,8,8,795,0,0,0,1,3,53,0,0,0,7,7,732,0,0,0,0,0,0,0,0,0
9607,4240,9999, ,Lewiston-Auburn ME MSA,14,14,1192,0,0,0,0,0,0,0,0,0,8,8,671,0,0,0,0,0,0,0,0,0
9607,4280,9999, ,Lexington KY MSA,246,246,24623,8,16,709,2,8,243,3,22,512,210,210,22162,6,12,602,2,8,243,2,12,160
9607,4320,9999, ,Lima OH MSA,10,10,977,0,0,0,0,0,0,0,0,0,10,10,977,0,0,0,0,0,0,0,0,0
9607,4360,9999, ,Lincoln NE MSA,111,111,12362,1,2,94,0,0,0,4,118,3951,9,9,685,0,0,0,0,0,0,0,0,0
9607,4400,9999, ,Little Rock-North Little Rock AR MSA,172,172,20891,0,0,0,1,4,130,1,20,918,168,168,20557,0,0,0,1,4,130,1,20,918
9607,4420,9999, ,Longview-Marshall TX MSA,15,15,1546,1,2,91,0,0,0,1,13,716,0,0,0,0,0,0,0,0,0,0,0,0
9607,4472,4480, ,Los Angeles-Long Beach CA PMSA,522,522,78490,9,18,1616,2,6,515,12,205,14320,470,470,67838,8,16,1436,0,0,0,5,161,10973
9607,4472,5945, ,Orange County CA PMSA,742,742,111354,1,2,178,0,0,0,11,102,6204,742,742,111354,1,2,178,0,0,0,11,102,6204
9607,4472,6780, ,Riverside-San Bernardino CA PMSA,1005,1005,135378,0,0,0,1,3,271,0,0,0,855,855,112705,0,0,0,1,3,271,0,0,0
9607,4472,8735, ,Ventura CA PMSA,177,177,36808,1,2,285,1,4,346,1,5,458,131,131,26902,0,0,0,1,4,346,0,0,0
9607,4520,9999, ,Louisville KY-IN MSA,432,432,47695,2,4,105,1,3,69,14,118,3658,336,336,39194,0,0,0,0,0,0,12,102,3123
9607,4600,9999, ,Lubbock TX MSA,45,45,4857,2,4,204,0,0,0,0,0,0,45,45,4857,2,4,204,0,0,0,0,0,0
9607,4640,9999, ,Lynchburg VA MSA,97,97,10974,0,0,0,0,0,0,0,0,0,87,87,9854,0,0,0,0,0,0,0,0,0
9607,4680,9999, ,Macon GA MSA,182,182,12050,0,0,0,0,0,0,1,10,135,109,109,6494,0,0,0,0,0,0,1,10,135
9607,4720,9999, ,Madison WI MSA,156,156,20715,17,34,3487,1,4,300,8,164,6850,103,103,15105,12,24,2429,1,4,300,2,50,2300
9607,4800,9999, ,Mansfield OH MSA,34,34,3707,1,2,100,0,0,0,0,0,0,0,0,0,0,0,0,0,0,0,0,0,0
9607,4880,9999, ,McAllen-Edinburg-Mission TX MSA,347,347,14608,4,8,242,4,14,224,8,51,1410,57,57,2491,1,2,64,0,0,0,2,14,507
9607,4890,9999, ,Medford-Ashland OR MSA,105,105,14325,4,8,660,1,3,167,10,86,3897,42,42,7597,3,6,526,0,0,0,9,72,3000
9607,4900,9999, ,Melbourne-Titusville-Palm Bay FL MSA,282,282,27491,0,0,0,2,6,440,2,37,4100,156,156,14070,0,0,0,1,3,187,1,24,2919
9607,4920,9999, ,Memphis TN-AR-MS MSA,575,575,67484,0,0,0,0,0,0,53,337,13789,519,519,63334,0,0,0,0,0,0,52,332,13591
9607,4940,9999, ,Merced CA MSA,52,52,6074,0,0,0,0,0,0,0,0,0,36,36,4766,0,0,0,0,0,0,0,0,0
9607,4992,2680, ,Fort Lauderdale FL PMSA,1039,1039,114919,0,0,0,0,0,0,19,568,57026,1039,1039,114919,0,0,0,0,0,0,19,568,57026
9607,4992,5000, ,Miami FL PMSA,480,480,48583,6,12,581,1,4,176,18,305,13824,475,475,46838,6,12,581,1,4,176,17,285,11539
9607,5082,5080, ,Milwaukee-Waukesha WI PMSA,400,400,58018,8,16,1673,5,19,1258,23,235,9781,316,316,42722,7,14,1495,4,15,1023,18,208,8528
9607,5082,6600, ,Racine WI PMSA,70,70,7983,4,8,1054,0,0,0,7,54,2883,68,68,7781,3,6,934,0,0,0,5,44,2550
9607,5120,9999, ,Minneapolis-St. Paul MN-WI MSA,1585,1585,206382,6,12,828,10,38,2722,16,124,7697,1342,1342,178775,5,10,702,9,35,2637,12,102,6653
9607,5160,9999, ,Mobile AL MSA,283,283,22004,4,8,383,0,0,0,2,11,55,103,103,9797,1,2,143,0,0,0,0,0,0
9607,5170,9999, ,Modesto CA MSA,115,115,11486,0,0,0,0,0,0,0,0,0,115,115,11486,0,0,0,0,0,0,0,0,0
9607,5200,9999, ,Monroe LA MSA,39,39,4074,0,0,0,2,7,112,0,0,0,4,4,722,0,0,0,0,0,0,0,0,0
9607,5240,9999, ,Montgomery AL MSA,116,116,8275,0,0,0,1,4,149,3,50,1789,31,31,1934,0,0,0,0,0,0,0,0,0
9607,5280,9999, ,Muncie IN MSA,22,22,2057,0,0,0,1,4,250,1,5,188,16,16,1740,0,0,0,0,0,0,0,0,0
9607,5330,9999, ,Myrtle Beach SC MSA,165,165,14830,1,2,135,10,40,2954,26,232,9954,165,165,14830,1,2,135,10,40,2954,26,232,9954
9607,5345,9999, ,Naples FL MSA,209,209,23318,6,12,780,17,64,4907,16,221,22982,205,205,21785,6,12,780,17,64,4907,15,213,21061
9607,5360,9999, ,Nashville TN MSA,750,750,82838,3,6,262,1,4,117,42,680,26096,542,542,61344,0,0,0,0,0,0,35,608,22334
9607,5520,9999, ,New London-Norwich CT-RI MSA,122,122,12642,0,0,0,3,9,380,0,0,0,118,118,12322,0,0,0,3,9,380,0,0,0
9607,5560,9999, ,New Orleans LA MSA,229,229,21416,5,10,505,0,0,0,0,0,0,223,223,20864,3,6,213,0,0,0,0,0,0
9607,5602,0875, ,Bergen-Passaic NJ PMSA,102,102,15791,3,6,335,2,6,250,4,21,1516,51,51,7536,1,2,100,1,3,125,0,0,0
9607,5602,1160, ,Bridgeport CT PMSA,79,79,8264,1,2,80,0,0,0,0,0,0,70,70,7022,1,2,80,0,0,0,0,0,0
9607,5602,1930, ,Danbury CT PMSA,76,76,10867,1,2,122,0,0,0,0,0,0,64,64,9502,1,2,122,0,0,0,0,0,0
9607,5602,2281, ,Dutchess County NY PMSA,55,55,6832,0,0,0,2,7,420,1,5,313,38,38,4992,0,0,0,1,4,300,0,0,0
9607,5602,3640, ,Jersey City NJ PMSA,15,15,829,8,16,636,0,0,0,1,5,157,0,0,0,2,4,182,0,0,0,0,0,0
9607,5602,5015, ,Middlesex-Somerset-Hunterdon NJ PMSA,431,431,44745,1,2,66,0,0,0,11,163,6110,312,312,32860,0,0,0,0,0,0,10,158,5948
9607,5602,5190, ,Monmouth-Ocean NJ PMSA,507,507,42855,0,0,0,0,0,0,1,5,5,318,318,24041,0,0,0,0,0,0,1,5,5
9607,5602,5380, ,Nassau-Suffolk NY PMSA,625,625,66219,2,4,242,0,0,0,5,81,3831,565,565,57783,1,2,80,0,0,0,4,76,3211
9607,5602,5480, ,New Haven-Meriden CT PMSA,88,88,11232,2,4,168,0,0,0,2,10,800,73,73,10297,0,0,0,0,0,0,0,0,0
9607,5602,5600, ,New York NY PMSA,293,293,38927,151,302,18539,5,15,811,5,39,1897,233,233,31736,149,298,18202,3,9,549,2,21,988
9607,5602,5640, ,Newark NJ PMSA,286,286,30890,6,12,792,1,3,5,2,11,652,193,193,18061,1,2,103,0,0,0,0,0,0
9607,5602,5660, ,Newburgh NY-PA PMSA,150,150,15782,2,4,197,0,0,0,16,435,20658,121,121,13324,0,0,0,0,0,0,13,408,19270
9607,5602,8040, ,Stamford-Norwalk CT PMSA,35,35,13826,2,4,377,0,0,0,0,0,0,32,32,13193,2,4,377,0,0,0,0,0,0
9607,5602,8480, ,Trenton NJ PMSA,53,53,5272,0,0,0,0,0,0,0,0,0,17,17,2026,0,0,0,0,0,0,0,0,0
9607,5602,8880, ,Waterbury CT PMSA,47,47,5014,0,0,0,0,0,0,0,0,0,32,32,3109,0,0,0,0,0,0,0,0,0
9607,5720,9999, ,Norfolk-Virginia Beach-Newport News VA-NC MSA,525,525,55053,16,32,2263,3,11,803,4,60,3369,450,450,44255,16,32,2263,3,11,803,4,60,3369
9607,5790,9999, ,Ocala FL MSA,182,182,11466,1,2,60,0,0,0,0,0,0,8,8,766,0,0,0,0,0,0,0,0,0
9607,5800,9999, ,Odessa-Midland TX MSA,25,25,2516,0,0,0,0,0,0,0,0,0,0,0,0,0,0,0,0,0,0,0,0,0
9607,5880,9999, ,Oklahoma City OK MSA,343,343,36851,7,14,658,6,24,1059,14,316,13890,343,343,36851,7,14,658,6,24,1059,14,316,13890
9607,5920,9999, ,Omaha NE-IA MSA,275,275,22659,1,2,100,2,8,419,14,192,8096,239,239,19317,1,2,100,2,8,419,14,192,8096
9607,5960,9999, ,Orlando FL MSA,1034,1034,108482,3,6,260,2,7,129,32,370,12988,1019,1019,107312,3,6,260,2,7,129,32,370,12988
9607,5990,9999, ,Owensboro KY MSA,36,36,2213,1,2,80,0,0,0,1,11,329,0,0,0,0,0,0,0,0,0,0,0,0
9607,6015,9999, ,Panama City FL MSA,80,80,4979,1,2,35,0,0,0,0,0,0,80,80,4979,1,2,35,0,0,0,0,0,0
9607,6020,9999, ,Parkersburg-Marietta WV-OH MSA,20,20,1683,0,0,0,0,0,0,3,29,859,16,16,1205,0,0,0,0,0,0,2,24,694
9607,6080,9999, ,Pensacola FL MSA,301,301,24874,1,2,97,0,0,0,4,84,3238,301,301,24874,1,2,97,0,0,0,4,84,3238
9607,6120,9999, ,Peoria-Pekin IL MSA,100,100,11587,2,4,532,0,0,0,0,0,0,94,94,11027,2,4,532,0,0,0,0,0,0
9607,6162,0560, ,Atlantic-Cape May NJ PMSA,104,104,7669,6,12,893,0,0,0,0,0,0,77,77,5218,5,10,763,0,0,0,0,0,0
9607,6162,6160, ,Philadelphia PA-NJ PMSA,1193,1193,118760,11,22,1052,2,8,488,20,271,7788,821,821,86864,0,0,0,2,8,488,19,265,7526
9607,6162,8760, ,Vineland-Millville-Bridgeton NJ PMSA,26,26,1939,0,0,0,0,0,0,0,0,0,18,18,1302,0,0,0,0,0,0,0,0,0
9607,6162,9160, ,Wilmington-Newark DE-MD PMSA,208,208,14009,2,4,200,0,0,0,1,5,80,155,155,9930,2,4,200,0,0,0,0,0,0
9607,6200,9999, ,Phoenix-Mesa AZ MSA,2715,2715,334758,9,18,1505,5,20,1390,58,597,32886,2701,2701,333768,9,18,1505,5,20,1390,58,597,32886
9607,6240,9999, ,Pine Bluff AR MSA,11,11,563,1,2,564,0,0,0,0,0,0,5,5,380,0,0,0,0,0,0,0,0,0
9607,6280,9999, ,Pittsburgh PA MSA,477,477,52921,2,4,120,4,15,611,7,46,1926,321,321,34203,1,2,100,3,12,585,2,11,525
9607,6320,9999, ,Pittsfield MA MSA,0,0,0,0,0,0,0,0,0,0,0,0,0,0,0,0,0,0,0,0,0,0,0,0
9607,6400,9999, ,Portland ME MSA,101,101,10855,1,2,100,0,0,0,0,0,0,81,81,8664,0,0,0,0,0,0,0,0,0
9607,6442,6440, ,Portland-Vancouver OR-WA PMSA,1105,1105,146557,35,70,5118,19,69,4810,51,850,46171,1021,1021,136750,35,70,5118,19,69,4810,50,839,45665
9607,6442,7080, ,Salem OR PMSA,141,141,17454,5,10,863,3,12,668,26,210,7632,92,92,10812,2,4,384,2,8,469,24,197,6966
9607,6480,9999, ,Providence-Fall River-Warwick RI-MA MSA,221,221,21689,3,6,246,0,0,0,2,17,561,136,136,14061,0,0,0,0,0,0,1,12,400
9607,6520,9999, ,Provo-Orem UT MSA,199,199,21295,3,6,480,0,0,0,4,34,2086,192,192,20595,3,6,480,0,0,0,4,34,2086
9607,6560,9999, ,Pueblo CO MSA,82,82,9469,3,6,360,1,4,100,3,18,600,82,82,9469,3,6,360,1,4,100,3,18,600
9607,6580,9999, ,Punta Gorda FL MSA,103,103,10227,0,0,0,0,0,0,1,10,359,103,103,10227,0,0,0,0,0,0,1,10,359
9607,6640,9999, ,Raleigh-Durham-Chapel Hill NC MSA,950,950,112833,1,2,69,4,16,764,8,49,2343,868,868,103696,0,0,0,4,16,764,7,42,2133
9607,6660,9999, ,Rapid City SD MSA,36,36,3085,1,2,115,1,3,165,3,45,2158,25,25,2177,0,0,0,0,0,0,0,0,0
9607,6680,9999, ,Reading PA MSA,58,58,6110,0,0,0,0,0,0,1,6,300,43,43,4558,0,0,0,0,0,0,1,6,300
9607,6690,9999, ,Redding CA MSA,61,61,7117,0,0,0,0,0,0,0,0,0,61,61,7117,0,0,0,0,0,0,0,0,0
9607,6720,9999, ,Reno NV MSA,250,250,28749,1,2,40,8,32,912,52,694,28437,250,250,28749,1,2,40,8,32,912,52,694,28437
9607,6740,9999, ,Richland-Kennewick-Pasco WA MSA,49,49,6569,1,2,93,0,0,0,1,12,525,33,33,4072,0,0,0,0,0,0,0,0,0
9607,6760,9999, ,Richmond-Petersburg VA MSA,485,485,47018,1,2,45,0,0,0,0,0,0,476,476,46350,0,0,0,0,0,0,0,0,0
9607,6800,9999, ,Roanoke VA MSA,87,87,6518,1,2,62,0,0,0,1,5,267,78,78,6052,0,0,0,0,0,0,0,0,0
9607,6820,9999, ,Rochester MN MSA,41,41,4805,1,2,197,3,11,975,0,0,0,29,29,3211,1,2,197,2,8,836,0,0,0
9607,6840,9999, ,Rochester NY MSA,200,200,25497,0,0,0,0,0,0,12,180,7400,184,184,23209,0,0,0,0,0,0,12,180,7400
9607,6880,9999, ,Rockford IL MSA,153,153,12111,8,16,1038,20,80,3350,0,0,0,94,94,7818,8,16,1038,20,80,3350,0,0,0
9607,6895,9999, ,Rocky Mount NC MSA,38,38,3487,1,2,98,0,0,0,0,0,0,38,38,3487,1,2,98,0,0,0,0,0,0
9607,6922,6920, ,Sacramento CA PMSA,664,664,86353,1,2,153,0,0,0,5,80,4392,660,660,85744,1,2,153,0,0,0,5,80,4392
9607,6922,9270, ,Yolo CA PMSA,50,50,7681,0,0,0,0,0,0,0,0,0,50,50,7681,0,0,0,0,0,0,0,0,0
9607,6960,9999, ,Saginaw-Bay City-Midland MI MSA,39,39,5092,3,6,397,0,0,0,0,0,0,20,20,2599,2,4,207,0,0,0,0,0,0
9607,6980,9999, ,St. Cloud MN MSA,60,60,4708,0,0,0,1,3,128,3,35,1321,29,29,2359,0,0,0,0,0,0,0,0,0
9607,7000,9999, ,St. Joseph MO MSA,10,10,1125,14,28,450,3,9,105,1,8,160,10,10,1125,14,28,450,3,9,105,1,8,160
9607,7040,9999, ,St. Louis MO-IL MSA,1069,1069,112817,12,24,1695,5,19,1300,3,23,814,997,997,103156,10,20,1538,5,19,1300,1,8,296
9607,7120,9999, ,Salinas CA MSA,114,114,18658,0,0,0,0,0,0,0,0,0,110,110,17990,0,0,0,0,0,0,0,0,0
9607,7160,9999, ,Salt Lake City-Ogden UT MSA,764,764,85991,15,30,2050,1,3,148,4,34,1483,495,495,58521,14,28,1900,0,0,0,3,21,1027
9607,7200,9999, ,San Angelo TX MSA,21,21,1863,1,2,90,0,0,0,0,0,0,21,21,1863,1,2,90,0,0,0,0,0,0
9607,7240,9999, ,San Antonio TX MSA,536,536,55502,2,4,212,0,0,0,41,666,29274,505,505,52245,2,4,212,0,0,0,41,666,29274
9607,7320,9999, ,San Diego CA MSA,661,661,110169,5,10,765,13,49,3745,18,193,13681,660,660,110081,5,10,765,13,49,3745,18,193,13681
9607,7362,5775, ,Oakland CA PMSA,672,672,113770,1,2,210,6,22,2093,23,159,16353,644,644,109443,0,0,0,5,19,1821,22,153,15730
9607,7362,7360, ,San Francisco CA PMSA,108,108,22224,6,12,918,2,7,492,12,270,23469,95,95,17059,6,12,918,1,3,207,11,264,22914
9607,7362,7400, ,San Jose CA PMSA,510,510,72932,0,0,0,8,24,1655,19,244,14370,509,509,72846,0,0,0,8,24,1655,19,244,14370
9607,7362,7485, ,Santa Cruz-Watsonville CA PMSA,41,41,6621,0,0,0,0,0,0,0,0,0,41,41,6621,0,0,0,0,0,0,0,0,0
9607,7362,7500, ,Santa Rosa CA PMSA,167,167,22339,1,2,133,1,3,147,1,24,1106,85,85,12538,0,0,0,0,0,0,1,24,1106
9607,7362,8720, ,Vallejo-Fairfield-Napa CA PMSA,165,165,25982,2,4,385,4,12,1134,0,0,0,149,149,23595,2,4,385,4,12,1134,0,0,0
9607,7460,9999, ,San Luis Obispo-Atascadero-Paso Robles CA MSA,78,78,10438,1,2,154,0,0,0,0,0,0,71,71,9411,1,2,154,0,0,0,0,0,0
9607,7480,9999, ,Santa Barbara-Santa Maria-Lompoc CA MSA,49,49,7829,3,6,441,0,0,0,0,0,0,28,28,5311,3,6,441,0,0,0,0,0,0
9607,7490,9999, ,Santa Fe NM MSA,25,25,3094,0,0,0,1,3,100,0,0,0,1,1,300,0,0,0,0,0,0,0,0,0
9607,7510,9999, ,Sarasota-Bradenton FL MSA,365,365,39201,1,2,128,0,0,0,13,295,23948,221,221,21821,0,0,0,0,0,0,11,256,21976
9607,7520,9999, ,Savannah GA MSA,154,154,15521,1,2,36,0,0,0,1,25,210,134,134,13733,0,0,0,0,0,0,0,0,0
9607,7560,9999, ,Scranton--Wilkes-Barre--Hazleton PA MSA,45,45,3975,1,2,35,0,0,0,0,0,0,33,33,3073,0,0,0,0,0,0,0,0,0
9607,7602,1150, ,Bremerton WA PMSA,139,139,11755,1,2,104,1,4,216,2,19,872,11,11,996,0,0,0,0,0,0,0,0,0
9607,7602,5910, ,Olympia WA PMSA,150,150,14047,2,4,299,0,0,0,2,20,658,149,149,13985,2,4,299,0,0,0,2,20,658
9607,7602,7600, ,Seattle-Bellevue-Everett WA PMSA,797,797,109874,16,32,3071,18,67,6741,32,265,20444,643,643,91777,13,26,2686,16,60,5886,23,198,14367
9607,7602,8200, ,Tacoma WA PMSA,321,321,35968,4,8,557,1,3,158,1,12,599,303,303,34340,4,8,557,1,3,158,1,12,599
9607,7610,9999, ,Sharon PA MSA,18,18,1328,0,0,0,0,0,0,0,0,0,3,3,150,0,0,0,0,0,0,0,0,0
9607,7620,9999, ,Sheboygan WI MSA,9,9,1010,0,0,0,0,0,0,0,0,0,9,9,1010,0,0,0,0,0,0,0,0,0
9607,7640,9999, ,Sherman-Denison TX MSA,10,10,947,3,6,330,0,0,0,0,0,0,10,10,947,3,6,330,0,0,0,0,0,0
9607,7680,9999, ,Shreveport-Bossier City LA MSA,87,87,9801,0,0,0,0,0,0,0,0,0,87,87,9801,0,0,0,0,0,0,0,0,0
9607,7720,9999, ,Sioux City IA-NE MSA,20,20,1767,3,6,527,0,0,0,0,0,0,20,20,1767,3,6,527,0,0,0,0,0,0
9607,7760,9999, ,Sioux Falls SD MSA,119,119,9620,3,6,466,1,4,183,1,44,2486,115,115,9350,3,6,466,1,4,183,1,44,2486
9607,7800,9999, ,South Bend IN MSA,109,109,12081,0,0,0,0,0,0,0,0,0,109,109,12081,0,0,0,0,0,0,0,0,0
9607,7840,9999, ,Spokane WA MSA,140,140,16397,4,8,811,0,0,0,23,344,15509,140,140,16397,4,8,811,0,0,0,23,344,15509
9607,7880,9999, ,Springfield IL MSA,72,72,7994,3,6,410,0,0,0,0,0,0,51,51,5553,3,6,410,0,0,0,0,0,0
9607,7920,9999, ,Springfield MO MSA,149,149,10263,5,10,523,0,0,0,0,0,0,149,149,10263,5,10,523,0,0,0,0,0,0
9607,8000,9999, ,Springfield MA MSA,63,63,7743,1,2,100,0,0,0,0,0,0,47,47,5696,1,2,100,0,0,0,0,0,0
9607,8050,9999, ,State College PA MSA,17,17,2460,0,0,0,1,4,158,3,47,1483,2,2,236,0,0,0,0,0,0,0,0,0
9607,8080,9999, ,Steubenville-Weirton OH-WV MSA,5,5,520,0,0,0,1,4,180,0,0,0,4,4,445,0,0,0,1,4,180,0,0,0
9607,8120,9999, ,Stockton-Lodi CA MSA,182,182,21889,0,0,0,0,0,0,0,0,0,178,178,21543,0,0,0,0,0,0,0,0,0
9607,8140,9999, ,Sumter SC MSA,30,30,1924,0,0,0,1,4,93,0,0,0,0,0,0,0,0,0,0,0,0,0,0,0
9607,8160,9999, ,Syracuse NY MSA,36,36,3190,1,2,45,0,0,0,10,120,1400,30,30,2724,1,2,45,0,0,0,10,120,1400
9607,8240,9999, ,Tallahassee FL MSA,125,125,12038,3,6,292,0,0,0,0,0,0,125,125,12038,3,6,292,0,0,0,0,0,0
9607,8280,9999, ,Tampa-St. Petersburg-Clearwater FL MSA,940,940,87609,2,4,218,2,8,421,3,44,3564,928,928,86715,2,4,218,2,8,421,2,38,3315
9607,8320,9999, ,Terre Haute IN MSA,20,20,2388,3,6,387,0,0,0,0,0,0,20,20,2388,3,6,387,0,0,0,0,0,0
9607,8360,9999, ,Texarkana TX-Texarkana AR MSA,14,14,883,0,0,0,0,0,0,0,0,0,6,6,332,0,0,0,0,0,0,0,0,0
9607,8400,9999, ,Toledo OH MSA,202,202,24518,2,4,414,0,0,0,1,6,170,202,202,24518,2,4,414,0,0,0,1,6,170
9607,8440,9999, ,Topeka KS MSA,60,60,7437,3,6,510,0,0,0,0,0,0,60,60,7437,3,6,510,0,0,0,0,0,0
9607,8520,9999, ,Tucson AZ MSA,425,425,51278,4,8,368,0,0,0,1,205,11095,347,347,43030,4,8,368,0,0,0,1,205,11095
9607,8560,9999, ,Tulsa OK MSA,255,255,26901,0,0,0,0,0,0,0,0,0,248,248,26058,0,0,0,0,0,0,0,0,0
9607,8600,9999, ,Tuscaloosa AL MSA,53,53,4803,0,0,0,0,0,0,0,0,0,53,53,4803,0,0,0,0,0,0,0,0,0
9607,8640,9999, ,Tyler TX MSA,20,20,3461,6,12,750,1,4,288,0,0,0,20,20,3461,6,12,750,1,4,288,0,0,0
9607,8680,9999, ,Utica-Rome NY MSA,9,9,931,0,0,0,0,0,0,0,0,0,9,9,931,0,0,0,0,0,0,0,0,0
9607,8750,9999, ,Victoria TX MSA,11,11,1083,0,0,0,0,0,0,0,0,0,11,11,1083,0,0,0,0,0,0,0,0,0
9607,8780,9999, ,Visalia-Tulare-Porterville CA MSA,100,100,8894,2,4,227,0,0,0,1,5,267,88,88,7905,1,2,110,0,0,0,0,0,0
9607,8800,9999, ,Waco TX MSA,30,30,2864,1,2,90,0,0,0,1,10,313,14,14,927,1,2,90,0,0,0,0,0,0
9607,8872,0720, ,Baltimore MD PMSA,894,894,86912,0,0,0,0,0,0,4,44,1934,881,881,86091,0,0,0,0,0,0,4,44,1934
9607,8872,3180, ,Hagerstown MD PMSA,108,108,9784,0,0,0,0,0,0,0,0,0,107,107,9702,0,0,0,0,0,0,0,0,0
9607,8872,8840, ,Washington DC-MD-VA-WV PMSA,2059,2059,214509,2,4,260,0,0,0,19,493,18962,1920,1920,202377,2,4,260,0,0,0,17,483,18526
9607,8920,9999, ,Waterloo-Cedar Falls IA MSA,12,12,1393,1,2,161,0,0,0,0,0,0,12,12,1393,1,2,161,0,0,0,0,0,0
9607,8940,9999, ,Wausau WI MSA,38,38,4285,0,0,0,0,0,0,0,0,0,22,22,2777,0,0,0,0,0,0,0,0,0
9607,8960,9999, ,West Palm Beach-Boca Raton FL MSA,506,506,56575,8,16,913,6,20,1135,7,58,3077,501,501,54198,8,16,913,6,20,1135,5,46,1817
9607,9000,9999, ,Wheeling WV-OH MSA,5,5,696,0,0,0,0,0,0,1,7,347,5,5,696,0,0,0,0,0,0,0,0,0
9607,9040,9999, ,Wichita KS MSA,187,187,18323,0,0,0,0,0,0,0,0,0,187,187,18323,0,0,0,0,0,0,0,0,0
9607,9080,9999, ,Wichita Falls TX MSA,13,13,1538,0,0,0,0,0,0,0,0,0,13,13,1538,0,0,0,0,0,0,0,0,0
9607,9200,9999, ,Wilmington NC MSA,263,263,21877,3,6,284,0,0,0,2,24,1047,239,239,20211,3,6,284,0,0,0,2,24,1047
9607,9260,9999, ,Yakima WA MSA,39,39,4105,8,16,900,2,6,253,0,0,0,10,10,725,6,12,610,2,6,253,0,0,0
9607,9280,9999, ,York PA MSA,152,152,13189,2,4,214,0,0,0,0,0,0,95,95,8008,1,2,80,0,0,0,0,0,0
9607,9320,9999, ,Youngstown-Warren OH MSA,112,112,12984,11,22,1499,5,20,1130,1,6,320,108,108,12682,11,22,1499,5,20,1130,1,6,320
9607,9340,9999, ,Yuba City CA MSA,33,33,4308,0,0,0,0,0,0,0,0,0,33,33,4308,0,0,0,0,0,0,0,0,0
9607,9360,9999, ,Yuma AZ MSA,52,52,4321,0,0,0,0,0,0,0,0,0,52,52,4321,0,0,0,0,0,0,0,0,0
9607,1122,9999, ,Boston-Worcester-Lawrence MA-NH-ME-CT CMSA,1398,1398,182380,16,32,2278,1,4,343,14,101,4835,894,894,121695,11,22,1692,0,0,0,1,5,425
9607,1602,9999, ,Chicago-Gary-Kenosha IL-IN-WI CMSA,2743,2743,371095,64,128,9423,47,157,10632,44,415,20639,2370,2370,326401,51,102,7810,43,145,9482,34,339,16948
9607,1642,9999, ,Cincinnati-Hamilton OH-KY-IN CMSA,938,938,99502,24,48,2362,8,27,1646,20,192,8242,845,845,89874,22,44,2208,6,21,1398,14,152,6484
9607,1692,9999, ,Cleveland-Akron OH CMSA,1029,1029,146280,17,34,2930,6,22,1752,22,293,28004,820,820,120482,9,18,1760,2,8,560,10,210,24996
9607,1922,9999, ,Dallas-Fort Worth TX CMSA,2307,2307,283751,6,12,678,1,3,68,59,1015,35668,1937,1937,235192,6,12,678,0,0,0,55,971,34515
9607,2082,9999, ,Denver-Boulder-Greeley CO CMSA,1269,1269,169165,15,30,2124,7,24,1322,20,277,14848,1246,1246,164853,14,28,2048,6,21,1231,18,253,13338
9607,2162,9999, ,Detroit-Ann Arbor-Flint MI CMSA,2165,2165,262944,17,34,2463,13,51,3031,26,319,13697,1661,1661,203591,15,30,2070,9,36,1988,12,186,8568
9607,3362,9999, ,Houston-Galveston-Brazoria TX CMSA,1682,1682,187531,3,6,171,2,7,40,40,581,16559,1590,1590,175476,2,4,79,1,4,40,38,563,15938
9607,4472,9999, ,Los Angeles-Riverside-Orange County CA CMSA,2446,2446,362030,11,22,2079,4,13,1133,24,312,20982,2198,2198,318798,9,18,1615,2,7,617,16,263,17177
9607,4992,9999, ,Miami-Fort Lauderdale FL CMSA,1519,1519,163503,6,12,581,1,4,176,37,873,70849,1514,1514,161758,6,12,581,1,4,176,36,853,68565
9607,5082,9999, ,Milwaukee-Racine WI CMSA,470,470,66001,12,24,2727,5,19,1258,30,289,12665,384,384,50503,10,20,2429,4,15,1023,23,252,11078
9607,5602,9999, ,New York-Northern New Jersey-Long Island NY-NJ-CT-PA CMSA,2842,2842,317346,179,358,21553,10,31,1486,48,775,35938,2119,2119,235484,158,316,19245,5,16,974,30,668,29422
9607,6162,9999, ,Philadelphia-Wilmington-Atlantic City PA-NJ-DE-MD CMSA,1531,1531,142378,19,38,2145,2,8,488,21,276,7868,1071,1071,103313,7,14,963,2,8,488,19,265,7526
9607,6442,9999, ,Portland-Salem OR-WA CMSA,1246,1246,164011,40,80,5981,22,81,5477,77,1060,53802,1113,1113,147562,37,74,5502,21,77,5279,74,1036,52631
9607,6922,9999, ,Sacramento-Yolo CA CMSA,714,714,94033,1,2,153,0,0,0,5,80,4392,710,710,93424,1,2,153,0,0,0,5,80,4392
9607,7362,9999, ,San Francisco-Oakland-San Jose CA CMSA,1663,1663,263868,10,20,1646,21,68,5522,55,697,55298,1523,1523,242102,8,16,1303,18,58,4817,53,685,54120
9607,7602,9999, ,Seattle-Tacoma-Bremerton WA CMSA,1407,1407,171645,23,46,4032,20,74,7115,37,316,22573,1106,1106,141098,19,38,3542,17,63,6043,26,230,15624
9607,8872,9999, ,Washington-Baltimore DC-MD-VA-WV CMSA,3061,3061,311204,2,4,260,0,0,0,23,537,20896,2908,2908,298170,2,4,260,0,0,0,21,527,20460
