Survey,MSA/,PMSA,,MA,,1-unit,,,2-units,,,3-4 units,,,5+ units,,,1-unit rep,,,2-units rep,,,3-4 units rep,,,5+ units rep
Date,CMSA,,,Name,Bldgs,Units,Value,Bldgs,Units,Value,Bldgs,Units,Value,Bldgs,Units,Value,Bldgs,Units,Value,Bldgs,Units,Value,Bldgs,Units,Value,Bldgs,Units,Value

9709,0040,9999, ,Abilene TX MSA,20,20,2336,0,0,0,0,0,0,1,14,364,0,0,0,0,0,0,0,0,0,0,0,0
9709,0120,9999, ,Albany GA MSA,43,43,5025,0,0,0,0,0,0,2,16,890,43,43,5025,0,0,0,0,0,0,2,16,890
9709,0160,9999, ,Albany-Schenectady-Troy NY MSA,129,129,15762,1,2,65,0,0,0,2,16,541,117,117,14410,1,2,65,0,0,0,0,0,0
9709,0200,9999, ,Albuquerque NM MSA,191,191,15750,0,0,0,5,16,1082,3,298,11680,36,36,2932,0,0,0,5,16,1082,1,288,11395
9709,0220,9999, ,Alexandria LA MSA,24,24,2591,0,0,0,0,0,0,0,0,0,24,24,2591,0,0,0,0,0,0,0,0,0
9709,0240,9999, ,Allentown-Bethlehem-Easton PA MSA,88,88,10108,3,6,390,1,4,278,0,0,0,78,78,8860,3,6,390,1,4,278,0,0,0
9709,0280,9999, ,Altoona PA MSA,3,3,470,0,0,0,0,0,0,0,0,0,3,3,470,0,0,0,0,0,0,0,0,0
9709,0320,9999, ,Amarillo TX MSA,29,29,3561,0,0,0,0,0,0,0,0,0,29,29,3561,0,0,0,0,0,0,0,0,0
9709,0380,9999, ,Anchorage AK MSA,176,176,29916,11,22,2530,11,41,4754,0,0,0,176,176,29916,11,22,2530,11,41,4754,0,0,0
9709,0450,9999, ,Anniston AL MSA,12,12,930,0,0,0,0,0,0,2,10,455,5,5,261,0,0,0,0,0,0,0,0,0
9709,0460,9999, ,Appleton-Oshkosh-Neenah WI MSA,103,103,12392,8,16,1132,1,4,211,5,82,2158,72,72,8634,4,8,553,1,4,211,4,72,1785
9709,0480,9999, ,Asheville NC MSA,89,89,10803,1,2,50,1,4,150,2,50,2930,89,89,10803,1,2,50,1,4,150,2,50,2930
9709,0500,9999, ,Athens GA MSA,71,71,9655,4,8,340,0,0,0,0,0,0,59,59,8473,4,8,340,0,0,0,0,0,0
9709,0520,9999, ,Atlanta GA MSA,3309,3309,319176,4,8,340,1,4,200,34,557,16813,3001,3001,295254,4,8,340,1,4,200,33,552,16688
9709,0600,9999, ,Augusta-Aiken GA-SC MSA,135,135,12229,0,0,0,2,8,450,4,25,915,126,126,11136,0,0,0,2,8,450,3,15,474
9709,0640,9999, ,Austin-San Marcos TX MSA,532,532,54553,13,26,1371,0,0,0,21,356,16190,532,532,54553,13,26,1371,0,0,0,21,356,16190
9709,0680,9999, ,Bakersfield CA MSA,207,207,22507,0,0,0,6,23,1270,9,53,2298,206,206,22385,0,0,0,6,23,1270,9,53,2298
9709,0730,9999, ,Bangor ME MSA,11,11,929,0,0,0,0,0,0,0,0,0,9,9,729,0,0,0,0,0,0,0,0,0
9709,0740,9999, ,Barnstable-Yarmouth MA MSA,120,120,15641,0,0,0,0,0,0,0,0,0,99,99,12447,0,0,0,0,0,0,0,0,0
9709,0760,9999, ,Baton Rouge LA MSA,97,97,7719,0,0,0,0,0,0,1,7,350,97,97,7719,0,0,0,0,0,0,1,7,350
9709,0840,9999, ,Beaumont-Port Arthur TX MSA,28,28,3422,0,0,0,0,0,0,0,0,0,28,28,3422,0,0,0,0,0,0,0,0,0
9709,0860,9999, ,Bellingham WA MSA,92,92,11647,1,2,150,4,16,740,1,12,836,45,45,6594,1,2,150,4,16,740,0,0,145
9709,0870,9999, ,Benton Harbor MI MSA,6,6,691,0,0,0,0,0,0,0,0,0,6,6,691,0,0,0,0,0,0,0,0,0
9709,0880,9999, ,Billings MT MSA,31,31,3551,3,6,469,0,0,0,1,8,573,31,31,3551,3,6,469,0,0,0,1,8,573
9709,0920,9999, ,Biloxi-Gulfport-Pascagoula MS MSA,154,154,11630,6,12,552,3,11,276,0,0,0,147,147,11035,6,12,552,3,11,276,0,0,0
9709,0960,9999, ,Binghamton NY MSA,7,7,916,0,0,0,0,0,0,1,6,271,6,6,689,0,0,0,0,0,0,1,6,271
9709,1000,9999, ,Birmingham AL MSA,334,334,44089,1,2,48,0,0,0,2,10,223,248,248,35537,1,2,48,0,0,0,0,0,0
9709,1010,9999, ,Bismarck ND MSA,30,30,3360,0,0,0,0,0,0,3,15,803,30,30,3360,0,0,0,0,0,0,3,15,803
9709,1020,9999, ,Bloomington IN MSA,27,27,3202,2,4,170,0,0,0,0,0,0,2,2,230,2,4,170,0,0,0,0,0,0
9709,1040,9999, ,Bloomington-Normal IL MSA,66,66,7003,0,0,0,0,0,0,4,54,1319,66,66,7003,0,0,0,0,0,0,4,54,1319
9709,1080,9999, ,Boise City ID MSA,365,365,44297,1,2,138,1,4,252,2,53,2335,354,354,43368,1,2,138,1,4,252,1,47,2090
9709,1122,1120, ,Boston MA-NH PMSA,532,532,82202,11,22,1402,2,8,725,6,48,2686,352,352,54397,9,18,1224,2,8,725,3,33,1677
9709,1122,1200, ,Brockton MA PMSA,70,70,7620,2,4,253,0,0,0,0,0,0,52,52,5464,1,2,120,0,0,0,0,0,0
9709,1122,2600, ,Fitchburg-Leominster MA PMSA,39,39,3476,0,0,0,0,0,0,1,14,298,13,13,1207,0,0,0,0,0,0,0,0,0
9709,1122,4160, ,Lawrence MA-NH PMSA,124,124,16354,0,0,0,0,0,0,0,0,0,92,92,12439,0,0,0,0,0,0,0,0,0
9709,1122,4560, ,Lowell MA-NH PMSA,69,69,7997,0,0,0,0,0,0,0,0,0,37,37,4312,0,0,0,0,0,0,0,0,0
9709,1122,4760, ,Manchester NH PMSA,80,80,9047,1,2,113,2,8,640,2,22,1261,45,45,5218,0,0,0,2,8,640,0,0,0
9709,1122,5350, ,Nashua NH PMSA,65,65,7211,0,0,0,0,0,0,1,10,655,36,36,4694,0,0,0,0,0,0,0,0,0
9709,1122,5400, ,New Bedford MA PMSA,37,37,4028,1,2,250,0,0,0,0,0,0,24,24,2585,1,2,250,0,0,0,0,0,0
9709,1122,6450, ,Portsmouth-Rochester NH-ME PMSA,77,77,9285,3,6,344,0,0,0,1,5,234,39,39,4127,3,6,344,0,0,0,0,0,0
9709,1122,9240, ,Worcester MA-CT PMSA,192,192,22824,1,2,120,0,0,0,1,5,157,134,134,17011,1,2,120,0,0,0,0,0,0
9709,1240,9999, ,Brownsville-Harlingen-San Benito TX MSA,136,136,8098,3,6,262,1,3,100,3,16,558,93,93,5684,3,6,262,0,0,0,2,11,431
9709,1260,9999, ,Bryan-College Station TX MSA,46,46,4487,2,4,113,1,3,53,25,276,12171,29,29,3180,0,0,0,0,0,0,24,248,10980
9709,1280,9999, ,Buffalo-Niagara Falls NY MSA,106,106,14255,2,4,237,1,4,120,13,125,3350,91,91,12908,2,4,237,1,4,120,11,88,1962
9709,1305,9999, ,Burlington VT MSA,40,40,5381,0,0,0,0,0,0,1,5,163,23,23,3274,0,0,0,0,0,0,0,0,0
9709,1320,9999, ,Canton-Massillon OH MSA,81,81,11697,5,10,755,1,3,278,1,5,203,5,5,977,0,0,0,0,0,0,0,0,0
9709,1350,9999, ,Casper WY MSA,8,8,618,0,0,0,0,0,0,0,0,0,8,8,618,0,0,0,0,0,0,0,0,0
9709,1360,9999, ,Cedar Rapids IA MSA,61,61,5951,1,2,122,0,0,0,2,16,811,61,61,5951,1,2,122,0,0,0,2,16,811
9709,1400,9999, ,Champaign-Urbana IL MSA,24,24,3078,2,4,261,0,0,0,1,44,2986,24,24,3078,2,4,261,0,0,0,1,44,2986
9709,1440,9999, ,Charleston-North Charleston SC MSA,295,295,30388,0,0,0,0,0,0,0,0,0,292,292,30007,0,0,0,0,0,0,0,0,0
9709,1480,9999, ,Charleston WV MSA,32,32,3438,0,0,0,1,3,134,1,5,186,3,3,155,0,0,0,0,0,0,0,0,0
9709,1520,9999, ,Charlotte-Gastonia-Rock Hill NC-SC MSA,996,996,106478,0,0,0,10,30,2206,1,27,2068,964,964,103124,0,0,0,10,30,2206,1,27,2068
9709,1540,9999, ,Charlottesville VA MSA,77,77,10898,2,4,404,0,0,0,0,0,0,63,63,9714,2,4,404,0,0,0,0,0,0
9709,1560,9999, ,Chattanooga TN-GA MSA,200,200,21923,4,8,384,0,0,0,2,20,1447,153,153,17351,4,8,384,0,0,0,2,20,1447
9709,1580,9999, ,Cheyenne WY MSA,27,27,3518,0,0,0,0,0,0,0,0,0,27,27,3518,0,0,0,0,0,0,0,0,0
9709,1602,1600, ,Chicago IL PMSA,2149,2149,292554,32,64,5192,40,144,8297,53,564,38183,1911,1911,262785,23,46,3961,28,101,5846,39,406,28416
9709,1602,2960, ,Gary IN PMSA,193,193,26365,6,12,1384,6,21,1585,3,40,1313,166,166,22645,6,12,1384,6,21,1585,3,40,1313
9709,1602,3740, ,Kankakee IL PMSA,23,23,3636,1,2,197,3,12,746,0,0,0,20,20,3273,1,2,197,3,12,746,0,0,0
9709,1602,3800, ,Kenosha WI PMSA,43,43,5189,3,6,335,0,0,0,6,62,2428,42,42,5049,3,6,335,0,0,0,6,62,2428
9709,1620,9999, ,Chico-Paradise CA MSA,71,71,7318,0,0,0,0,0,0,0,0,0,70,70,7240,0,0,0,0,0,0,0,0,0
9709,1642,1640, ,Cincinnati OH-KY-IN PMSA,630,630,57351,22,44,2292,4,14,758,18,190,9434,537,537,49259,21,42,2227,2,8,292,15,168,8614
9709,1642,3200, ,Hamilton-Middletown OH PMSA,155,155,17194,4,8,514,5,15,732,2,10,670,138,138,15343,2,4,340,4,12,597,1,5,500
9709,1660,9999, ,Clarksville-Hopkinsville TN-KY MSA,99,99,7325,0,0,0,1,4,90,0,0,0,99,99,7325,0,0,0,1,4,90,0,0,0
9709,1692,0080, ,Akron OH PMSA,176,176,26078,11,22,1771,6,18,338,4,56,1944,125,125,20671,7,14,1371,0,0,0,1,20,634
9709,1692,1680, ,Cleveland-Lorain-Elyria OH PMSA,511,511,79372,8,16,1640,8,26,1723,5,46,2561,358,358,58967,8,16,1640,3,9,713,1,5,330
9709,1720,9999, ,Colorado Springs CO MSA,316,316,32949,1,2,110,0,0,0,21,348,9951,316,316,32949,1,2,110,0,0,0,21,348,9951
9709,1740,9999, ,Columbia MO MSA,64,64,7546,39,78,3661,0,0,0,2,24,821,22,22,2449,12,24,1033,0,0,0,0,0,0
9709,1760,9999, ,Columbia SC MSA,282,282,22884,1,2,102,0,0,0,9,200,7029,282,282,22884,1,2,102,0,0,0,8,192,6752
9709,1800,9999, ,Columbus GA-AL MSA,110,110,11929,0,0,0,0,0,0,0,0,0,110,110,11929,0,0,0,0,0,0,0,0,0
9709,1840,9999, ,Columbus OH MSA,571,571,74959,11,22,1209,43,168,5685,24,271,7642,227,227,32126,1,2,95,18,71,3563,0,0,0
9709,1880,9999, ,Corpus Christi TX MSA,57,57,4402,1,2,99,1,4,369,0,0,0,57,57,4402,1,2,99,1,4,369,0,0,0
9709,1900,9999, ,Cumberland MD-WV MSA,14,14,894,0,0,0,0,0,0,0,0,0,14,14,894,0,0,0,0,0,0,0,0,0
9709,1922,1920, ,Dallas TX PMSA,1747,1747,246368,3,6,224,4,15,920,62,1013,36290,1693,1693,238022,2,4,169,3,12,860,61,978,35308
9709,1922,2800, ,Fort Worth-Arlington TX PMSA,622,622,72157,0,0,0,0,0,0,25,1512,79713,485,485,49530,0,0,0,0,0,0,25,1512,79713
9709,1950,9999, ,Danville VA MSA,25,25,1828,0,0,0,0,0,0,1,6,247,2,2,145,0,0,0,0,0,0,0,0,0
9709,1960,9999, ,Davenport-Moline-Rock Island IA-IL MSA,31,31,3236,0,0,0,0,0,0,5,63,2138,31,31,3236,0,0,0,0,0,0,5,63,2138
9709,2000,9999, ,Dayton-Springfield OH MSA,121,121,15098,8,16,1039,2,8,529,6,61,2574,111,111,13814,7,14,833,1,4,248,5,56,2017
9709,2020,9999, ,Daytona Beach FL MSA,288,288,25428,3,6,348,0,0,0,1,13,600,176,176,15921,3,6,348,0,0,0,0,0,0
9709,2030,9999, ,Decatur Al MSA,24,24,2167,0,0,0,1,3,89,3,37,1011,8,8,570,0,0,0,0,0,0,1,10,240
9709,2040,9999, ,Decatur IL MSA,10,10,1086,0,0,0,2,8,432,0,0,0,3,3,299,0,0,0,0,0,0,0,0,0
9709,2082,1125, ,Boulder-Longmont CO PMSA,234,234,27355,1,2,144,0,0,0,7,56,2752,232,232,27087,1,2,144,0,0,0,7,56,2752
9709,2082,2080, ,Denver CO PMSA,1100,1100,143478,9,18,1279,5,15,1219,14,168,8027,1024,1024,132088,9,18,1279,5,15,1219,9,108,4400
9709,2082,3060, ,Greeley CO PMSA,162,162,17339,6,12,1014,1,3,50,2,18,996,96,96,11109,5,10,843,0,0,0,1,7,455
9709,2120,9999, ,Des Moines IA MSA,192,192,23925,0,0,0,0,0,0,0,0,0,183,183,22846,0,0,0,0,0,0,0,0,0
9709,2162,0440, ,Ann Arbor MI PMSA,332,332,40888,1,2,205,3,9,660,0,0,0,310,310,38964,1,2,205,3,9,660,0,0,0
9709,2162,2160, ,Detroit MI PMSA,1384,1384,178896,22,44,3060,17,60,4801,30,234,11675,1208,1208,159066,20,40,2871,14,50,4191,24,190,10147
9709,2162,2640, ,Flint MI PMSA,142,142,18369,2,4,420,1,4,200,2,29,1268,98,98,13564,2,4,420,0,0,0,0,0,0
9709,2180,9999, ,Dothan AL MSA,20,20,1305,0,0,0,0,0,0,0,0,0,20,20,1305,0,0,0,0,0,0,0,0,0
9709,2190,9999, ,Dover DE MSA,53,53,4389,0,0,0,0,0,0,0,0,0,53,53,4389,0,0,0,0,0,0,0,0,0
9709,2200,9999, ,Dubuque IA MSA,10,10,1343,0,0,0,0,0,0,0,0,0,10,10,1343,0,0,0,0,0,0,0,0,0
9709,2240,9999, ,Duluth-Superior MN-WI MSA,45,45,4211,1,2,60,0,0,0,0,0,0,40,40,3678,1,2,60,0,0,0,0,0,0
9709,2290,9999, ,Eau Claire WI MSA,58,58,6369,8,16,708,5,20,963,0,0,0,58,58,6369,8,16,708,5,20,963,0,0,0
9709,2320,9999, ,El Paso TX MSA,174,174,9121,2,4,187,1,3,59,1,41,2000,174,174,9121,2,4,187,1,3,59,1,41,2000
9709,2330,9999, ,Elkhart-Goshen IN MSA,56,56,5632,0,0,0,0,0,0,1,36,846,52,52,5307,0,0,0,0,0,0,1,36,846
9709,2335,9999, ,Elmira NY MSA,4,4,697,0,0,0,0,0,0,0,0,0,2,2,300,0,0,0,0,0,0,0,0,0
9709,2340,9999, ,Enid OK MSA,4,4,845,0,0,0,0,0,0,0,0,0,4,4,845,0,0,0,0,0,0,0,0,0
9709,2360,9999, ,Erie PA MSA,20,20,2498,1,2,135,4,15,1307,0,0,0,19,19,2383,1,2,135,4,15,1307,0,0,0
9709,2400,9999, ,Eugene-Springfield OR MSA,111,111,14502,7,14,985,19,60,3374,19,178,9524,111,111,14502,7,14,985,19,60,3374,19,178,9524
9709,2440,9999, ,Evansville-Henderson IN-KY MSA,102,102,10836,0,0,0,1,4,200,2,10,500,96,96,10175,0,0,0,1,4,200,2,10,500
9709,2520,9999, ,Fargo-Moorhead ND-MN MSA,64,64,7049,11,22,871,4,15,1031,4,206,11343,63,63,6915,11,22,871,4,15,1031,4,206,11343
9709,2560,9999, ,Fayetteville NC MSA,78,78,5143,0,0,0,0,0,0,6,72,2988,78,78,5143,0,0,0,0,0,0,6,72,2988
9709,2580,9999, ,Fayetteville-Springdale-Rogers AR MSA,157,157,11904,6,12,682,2,8,273,0,0,0,147,147,11267,5,10,603,2,8,273,0,0,0
9709,2620,9999, ,Flagstaff AZ-UT MSA,55,55,6311,3,6,300,1,4,240,8,72,3391,24,24,2654,3,6,300,1,4,240,8,72,3391
9709,2650,9999, ,Florence AL MSA,12,12,1327,1,2,77,0,0,0,0,0,0,12,12,1327,1,2,77,0,0,0,0,0,0
9709,2655,9999, ,Florence SC MSA,48,48,4192,0,0,0,0,0,0,2,13,571,0,0,0,0,0,0,0,0,0,0,0,0
9709,2670,9999, ,Fort Collins-Loveland CO MSA,233,233,28917,0,0,0,0,0,0,2,15,547,182,182,23473,0,0,0,0,0,0,0,0,0
9709,2700,9999, ,Fort Myers-Cape Coral FL MSA,299,299,33838,6,12,1523,12,46,5497,9,132,8603,299,299,33838,6,12,1523,12,46,5497,9,132,8603
9709,2710,9999, ,Fort Pierce-Port St. Lucie FL MSA,197,197,27056,1,2,236,0,0,0,3,62,8853,197,197,27056,1,2,236,0,0,0,3,62,8853
9709,2720,9999, ,Fort Smith AR-OK MSA,43,43,4041,4,8,395,1,4,113,3,48,825,42,42,3953,4,8,395,1,4,113,3,48,825
9709,2750,9999, ,Fort Walton Beach FL MSA,137,137,13042,0,0,0,1,3,65,2,21,733,116,116,11766,0,0,0,0,0,0,2,21,733
9709,2760,9999, ,Fort Wayne IN MSA,203,203,27193,1,2,90,0,0,0,0,0,0,185,185,25139,1,2,90,0,0,0,0,0,0
9709,2840,9999, ,Fresno CA MSA,272,272,30045,1,2,84,6,24,1477,0,0,0,265,265,29650,1,2,84,6,24,1477,0,0,0
9709,2880,9999, ,Gadsden AL MSA,5,5,299,0,0,0,0,0,0,0,0,0,4,4,289,0,0,0,0,0,0,0,0,0
9709,2900,9999, ,Gainesville FL MSA,99,99,9264,4,8,294,0,0,0,12,92,3404,81,81,7800,4,8,294,0,0,0,11,86,3258
9709,2975,9999, ,Glens Falls NY MSA,35,35,3379,0,0,0,0,0,0,1,8,300,24,24,2612,0,0,0,0,0,0,1,8,300
9709,2980,9999, ,Goldsboro NC MSA,36,36,3203,0,0,0,1,4,128,0,0,0,0,0,0,0,0,0,0,0,0,0,0,0
9709,2985,9999, ,Grand Forks ND-MN MSA,10,10,733,0,0,0,0,0,0,1,5,228,0,0,0,0,0,0,0,0,0,0,0,0
9709,2995,9999, ,Grand Junction CO MSA,76,76,7320,0,0,0,0,0,0,1,30,1174,76,76,7320,0,0,0,0,0,0,1,30,1174
9709,3000,9999, ,Grand Rapids-Muskegon-Holland MI MSA,518,518,55193,11,22,1500,2,6,556,9,184,7907,343,343,36195,3,6,518,0,0,0,4,138,5823
9709,3040,9999, ,Great Falls MT MSA,10,10,1134,0,0,0,0,0,0,1,5,278,0,0,0,0,0,0,0,0,0,0,0,0
9709,3080,9999, ,Green Bay WI MSA,62,62,7796,7,14,1308,0,0,0,1,6,213,52,52,6607,5,10,1034,0,0,0,0,0,0
9709,3120,9999, ,Greensboro--Winston-Salem--High Point NC MSA,664,664,67993,9,18,557,2,6,243,28,318,9674,626,626,64564,9,18,557,1,3,90,28,318,9674
9709,3150,9999, ,Greenville NC MSA,47,47,5105,3,6,568,0,0,0,1,6,173,47,47,5105,3,6,568,0,0,0,1,6,173
9709,3160,9999, ,Greenville-Spartanburg-Anderson SC MSA,448,448,40144,7,14,561,3,11,478,14,179,6699,402,402,36107,6,12,511,3,11,478,11,125,4481
9709,3240,9999, ,Harrisburg-Lebanon-Carlisle PA MSA,141,141,15933,0,0,0,0,0,0,0,0,0,139,139,15780,0,0,0,0,0,0,0,0,0
9709,3280,9999, ,Hartford CT MSA,282,282,30702,1,2,155,0,0,0,1,5,287,266,266,28919,1,2,155,0,0,0,0,0,0
9709,3285,9999, ,Hattiesburg MS MSA,17,17,825,0,0,0,0,0,0,0,0,0,17,17,825,0,0,0,0,0,0,0,0,0
9709,3290,9999, ,Hickory-Morganton-Lenoir NC MSA,129,129,14797,9,18,748,0,0,0,2,18,770,119,119,13720,8,16,688,0,0,0,2,18,770
9709,3320,9999, ,Honolulu HI MSA,132,132,19412,0,0,0,0,0,0,3,24,1200,132,132,19412,0,0,0,0,0,0,3,24,1200
9709,3350,9999, ,Houma LA MSA,56,56,4398,0,0,0,0,0,0,1,7,53,32,32,2370,0,0,0,0,0,0,0,0,0
9709,3362,1145, ,Brazoria TX PMSA,148,148,14020,0,0,0,0,0,0,0,0,0,103,103,10501,0,0,0,0,0,0,0,0,0
9709,3362,2920, ,Galveston-Texas City TX PMSA,103,103,10610,0,0,0,0,0,0,0,0,0,102,102,10481,0,0,0,0,0,0,0,0,0
9709,3362,3360, ,Houston TX PMSA,1546,1546,168760,2,4,299,0,0,0,174,2671,96144,1491,1491,160952,1,2,207,0,0,0,173,2666,95874
9709,3400,9999, ,Huntington-Ashland WV-KY-OH MSA,7,7,642,0,0,0,0,0,0,1,5,160,2,2,115,0,0,0,0,0,0,0,0,0
9709,3440,9999, ,Huntsville AL MSA,90,90,5776,0,0,0,0,0,0,0,0,0,90,90,5776,0,0,0,0,0,0,0,0,0
9709,3480,9999, ,Indianapolis IN MSA,964,964,126619,12,24,2013,3,11,535,23,324,10573,785,785,106252,9,18,1621,2,8,375,20,298,9635
9709,3500,9999, ,Iowa City IA MSA,22,22,3351,0,0,0,5,19,1325,3,36,1650,22,22,3351,0,0,0,5,19,1325,3,36,1650
9709,3520,9999, ,Jackson MI MSA,7,7,705,0,0,0,0,0,0,0,0,0,6,6,656,0,0,0,0,0,0,0,0,0
9709,3560,9999, ,Jackson MS MSA,214,214,19513,0,0,0,13,40,1140,0,0,0,214,214,19513,0,0,0,13,40,1140,0,0,0
9709,3580,9999, ,Jackson TN MSA,52,52,3921,0,0,0,0,0,0,0,0,0,52,52,3921,0,0,0,0,0,0,0,0,0
9709,3600,9999, ,Jacksonville FL MSA,612,612,73833,4,8,671,0,0,0,4,104,5138,609,609,73582,4,8,671,0,0,0,4,104,5138
9709,3605,9999, ,Jacksonville NC MSA,53,53,3092,0,0,0,0,0,0,0,0,0,11,11,962,0,0,0,0,0,0,0,0,0
9709,3610,9999, ,Jamestown NY MSA,1,1,97,0,0,0,0,0,0,0,0,0,0,0,0,0,0,0,0,0,0,0,0,0
9709,3620,9999, ,Janesville-Beloit WI MSA,20,20,2022,4,8,542,0,0,0,2,19,743,0,0,0,0,0,0,0,0,0,0,0,0
9709,3660,9999, ,Johnson City-Kingsport-Bristol TN-VA MSA,98,98,8773,0,0,0,0,0,0,1,7,167,46,46,3800,0,0,0,0,0,0,0,0,0
9709,3680,9999, ,Johnstown PA MSA,8,8,581,0,0,0,0,0,0,0,0,0,3,3,130,0,0,0,0,0,0,0,0,0
9709,3700,9999, ,Jonesboro AR MSA,23,23,2704,0,0,0,2,8,364,0,0,0,23,23,2704,0,0,0,2,8,364,0,0,0
9709,3710,9999, ,Joplin MO MSA,17,17,1294,1,2,104,0,0,0,0,0,0,17,17,1294,1,2,104,0,0,0,0,0,0
9709,3720,9999, ,Kalamazoo-Battle Creek MI MSA,76,76,9795,2,4,333,3,10,894,1,30,1410,47,47,6144,2,4,333,3,10,894,1,30,1410
9709,3760,9999, ,Kansas City MO-KS MSA,753,753,91824,68,136,9862,11,43,2443,27,614,29866,660,660,83551,65,130,9506,10,40,2335,24,582,28820
9709,3810,9999, ,Killeen-Temple TX MSA,73,73,6523,18,36,1629,15,60,2375,0,0,0,73,73,6523,18,36,1629,15,60,2375,0,0,0
9709,3840,9999, ,Knoxville TN MSA,264,264,19921,1,2,70,2,8,195,8,240,7046,260,260,19519,1,2,70,2,8,195,8,240,7046
9709,3850,9999, ,Kokomo IN MSA,13,13,1485,6,12,1112,0,0,0,0,0,0,13,13,1485,6,12,1112,0,0,0,0,0,0
9709,3870,9999, ,La Crosse WI-MN MSA,27,27,3561,2,4,260,0,0,0,0,0,0,27,27,3561,2,4,260,0,0,0,0,0,0
9709,3880,9999, ,Lafayette LA MSA,99,99,8923,0,0,0,0,0,0,0,0,0,99,99,8923,0,0,0,0,0,0,0,0,0
9709,3920,9999, ,Lafayette IN MSA,72,72,8384,26,52,3006,0,0,0,1,16,761,72,72,8384,26,52,3006,0,0,0,1,16,761
9709,3960,9999, ,Lake Charles LA MSA,61,61,5276,2,4,141,0,0,0,1,15,366,58,58,4984,1,2,80,0,0,0,0,0,0
9709,3980,9999, ,Lakeland-Winter Haven FL MSA,226,226,22056,2,4,370,0,0,0,15,292,13280,222,222,21820,2,4,370,0,0,0,15,292,13280
9709,4000,9999, ,Lancaster PA MSA,85,85,9327,1,2,80,0,0,0,0,0,0,77,77,8624,1,2,80,0,0,0,0,0,0
9709,4040,9999, ,Lansing-East Lansing MI MSA,85,85,11596,0,0,0,0,0,0,5,56,2971,73,73,9851,0,0,0,0,0,0,5,56,2971
9709,4080,9999, ,Laredo TX MSA,97,97,4430,0,0,0,1,3,83,1,11,399,0,0,0,0,0,0,0,0,0,0,0,0
9709,4100,9999, ,Las Cruces NM MSA,67,67,6985,1,2,167,0,0,0,0,0,0,30,30,3158,1,2,167,0,0,0,0,0,0
9709,4120,9999, ,Las Vegas NV-AZ MSA,1857,1857,166227,0,0,0,49,196,11434,60,646,28869,1854,1854,165921,0,0,0,49,196,11434,60,646,28869
9709,4150,9999, ,Lawrence KS MSA,49,49,4943,2,4,243,2,6,266,0,0,0,37,37,3718,2,4,243,2,6,266,0,0,0
9709,4200,9999, ,Lawton OK MSA,5,5,430,4,8,283,0,0,0,0,0,0,5,5,430,3,6,205,0,0,0,0,0,0
9709,4240,9999, ,Lewiston-Auburn ME MSA,11,11,1095,1,2,150,0,0,0,0,0,0,8,8,838,1,2,150,0,0,0,0,0,0
9709,4280,9999, ,Lexington KY MSA,281,281,25782,6,12,392,2,8,600,0,0,0,250,250,23248,6,12,392,2,8,600,0,0,0
9709,4320,9999, ,Lima OH MSA,3,3,367,0,0,0,0,0,0,0,0,0,3,3,367,0,0,0,0,0,0,0,0,0
9709,4360,9999, ,Lincoln NE MSA,80,80,9712,4,8,421,0,0,0,4,126,3919,1,1,95,0,0,0,0,0,0,0,0,0
9709,4400,9999, ,Little Rock-North Little Rock AR MSA,174,174,18909,2,4,80,0,0,0,4,32,1600,174,174,18909,2,4,80,0,0,0,4,32,1600
9709,4420,9999, ,Longview-Marshall TX MSA,12,12,1948,1,2,40,0,0,0,1,208,7500,12,12,1948,1,2,40,0,0,0,1,208,7500
9709,4472,4480, ,Los Angeles-Long Beach CA PMSA,423,423,69007,14,28,3067,4,13,1632,27,369,23139,380,380,60425,12,24,2787,3,10,1191,20,311,19102
9709,4472,5945, ,Orange County CA PMSA,689,689,127036,0,0,0,4,12,786,9,71,4873,688,688,126949,0,0,0,4,12,786,8,64,4517
9709,4472,6780, ,Riverside-San Bernardino CA PMSA,1254,1254,190662,0,0,0,1,3,318,1,7,438,1142,1142,176299,0,0,0,0,0,0,0,0,0
9709,4472,8735, ,Ventura CA PMSA,158,158,35123,0,0,0,1,3,238,0,0,0,115,115,27687,0,0,0,1,3,238,0,0,0
9709,4520,9999, ,Louisville KY-IN MSA,451,451,52636,10,20,1318,1,4,400,4,132,3504,367,367,44301,4,8,590,1,4,400,2,120,3050
9709,4600,9999, ,Lubbock TX MSA,42,42,5175,14,28,860,0,0,0,14,178,6181,42,42,5175,14,28,860,0,0,0,14,178,6181
9709,4640,9999, ,Lynchburg VA MSA,91,91,9445,1,2,125,0,0,0,0,0,0,62,62,6471,0,0,0,0,0,0,0,0,0
9709,4680,9999, ,Macon GA MSA,134,134,11285,0,0,0,0,0,0,0,0,0,134,134,11285,0,0,0,0,0,0,0,0,0
9709,4720,9999, ,Madison WI MSA,84,84,13225,3,6,979,1,3,210,4,120,6309,80,80,12465,2,4,453,1,3,210,3,107,5533
9709,4800,9999, ,Mansfield OH MSA,27,27,3062,2,4,240,1,3,90,0,0,0,1,1,35,0,0,0,0,0,0,0,0,0
9709,4880,9999, ,McAllen-Edinburg-Mission TX MSA,326,326,13351,6,12,323,9,34,901,6,42,1136,63,63,2826,0,0,0,0,0,0,0,0,0
9709,4890,9999, ,Medford-Ashland OR MSA,86,86,9955,0,0,0,0,0,0,0,0,0,78,78,9072,0,0,0,0,0,0,0,0,0
9709,4900,9999, ,Melbourne-Titusville-Palm Bay FL MSA,249,249,26317,1,2,167,0,0,0,1,11,978,74,74,7401,0,0,0,0,0,0,0,0,0
9709,4920,9999, ,Memphis TN-AR-MS MSA,621,621,65188,2,4,208,0,0,0,5,84,3864,540,540,59503,1,2,102,0,0,0,1,52,2365
9709,4940,9999, ,Merced CA MSA,84,84,9974,0,0,0,0,0,0,0,0,0,53,53,7274,0,0,0,0,0,0,0,0,0
9709,4992,2680, ,Fort Lauderdale FL PMSA,450,450,59031,0,0,0,1,4,329,52,748,46263,448,448,58914,0,0,0,1,4,329,49,720,45191
9709,4992,5000, ,Miami FL PMSA,256,256,26180,7,14,1048,0,0,0,27,436,20180,254,254,26042,7,14,1048,0,0,0,27,436,20180
9709,5082,5080, ,Milwaukee-Waukesha WI PMSA,272,272,41809,22,44,3685,7,28,2647,13,110,6433,232,232,35196,21,42,3520,7,28,2647,11,100,5742
9709,5082,6600, ,Racine WI PMSA,38,38,4818,3,6,670,2,8,836,4,28,1628,32,32,4133,2,4,537,2,8,836,1,12,995
9709,5120,9999, ,Minneapolis-St. Paul MN-WI MSA,1232,1232,157514,23,46,4771,30,114,7815,21,379,25176,1079,1079,137718,21,42,4308,24,95,6653,17,335,22565
9709,5160,9999, ,Mobile AL MSA,251,251,19781,4,8,630,1,3,196,3,43,1729,64,64,7852,3,6,430,0,0,0,1,25,1051
9709,5170,9999, ,Modesto CA MSA,134,134,15526,1,2,161,0,0,0,1,5,229,132,132,15367,1,2,161,0,0,0,0,0,0
9709,5200,9999, ,Monroe LA MSA,33,33,3444,0,0,0,0,0,0,0,0,0,33,33,3444,0,0,0,0,0,0,0,0,0
9709,5240,9999, ,Montgomery AL MSA,70,70,5713,1,2,70,1,4,140,0,0,0,70,70,5713,1,2,70,1,4,140,0,0,0
9709,5280,9999, ,Muncie IN MSA,19,19,2351,0,0,0,0,0,0,0,0,0,19,19,2351,0,0,0,0,0,0,0,0,0
9709,5330,9999, ,Myrtle Beach SC MSA,140,140,12293,1,2,169,1,4,260,12,111,4608,140,140,12293,1,2,169,1,4,260,12,111,4608
9709,5345,9999, ,Naples FL MSA,310,310,34271,1,2,138,8,32,2346,8,70,5039,310,310,34271,1,2,138,8,32,2346,8,70,5039
9709,5360,9999, ,Nashville TN MSA,748,748,75937,25,50,5519,0,0,0,22,656,36357,530,530,51389,21,42,4972,0,0,0,11,373,16797
9709,5520,9999, ,New London-Norwich CT-RI MSA,77,77,7493,0,0,0,0,0,0,0,0,0,51,51,5006,0,0,0,0,0,0,0,0,0
9709,5560,9999, ,New Orleans LA MSA,270,270,27933,2,4,132,0,0,0,1,5,160,264,264,27215,2,4,132,0,0,0,1,5,160
9709,5602,0875, ,Bergen-Passaic NJ PMSA,97,97,17732,5,10,762,0,0,0,1,5,135,57,57,12820,3,6,400,0,0,0,0,0,0
9709,5602,1160, ,Bridgeport CT PMSA,60,60,7259,0,0,0,1,4,362,0,0,0,47,47,5598,0,0,0,1,4,362,0,0,0
9709,5602,1930, ,Danbury CT PMSA,75,75,11960,0,0,0,0,0,0,2,16,727,42,42,5830,0,0,0,0,0,0,2,16,727
9709,5602,2281, ,Dutchess County NY PMSA,72,72,9366,0,0,0,1,3,120,1,6,313,54,54,7334,0,0,0,0,0,0,0,0,0
9709,5602,3640, ,Jersey City NJ PMSA,12,12,619,8,16,825,1,3,143,0,0,0,0,0,0,0,0,0,0,0,0,0,0,0
9709,5602,5015, ,Middlesex-Somerset-Hunterdon NJ PMSA,349,349,34847,0,0,0,10,38,1906,3,28,1131,268,268,26286,0,0,0,10,38,1906,1,12,250
9709,5602,5190, ,Monmouth-Ocean NJ PMSA,450,450,48283,0,0,0,0,0,0,2,17,673,356,356,37854,0,0,0,0,0,0,1,12,393
9709,5602,5380, ,Nassau-Suffolk NY PMSA,379,379,54472,0,0,0,1,4,207,5,77,4985,320,320,46368,0,0,0,1,4,207,4,54,2673
9709,5602,5480, ,New Haven-Meriden CT PMSA,83,83,13142,2,4,110,0,0,0,1,5,374,78,78,12634,1,2,60,0,0,0,1,5,374
9709,5602,5600, ,New York NY PMSA,302,302,47964,45,90,5530,17,53,3295,20,911,41295,234,234,33679,42,84,5035,16,50,3157,18,901,40917
9709,5602,5640, ,Newark NJ PMSA,246,246,32750,20,40,2185,1,3,5,1,6,183,198,198,25429,18,36,2101,0,0,0,1,6,183
9709,5602,5660, ,Newburgh NY-PA PMSA,120,120,15031,1,2,110,8,32,1920,3,18,1300,107,107,14014,1,2,110,8,32,1920,1,6,450
9709,5602,8040, ,Stamford-Norwalk CT PMSA,48,48,15786,1,2,200,0,0,0,0,0,0,48,48,15786,1,2,200,0,0,0,0,0,0
9709,5602,8480, ,Trenton NJ PMSA,105,105,12042,0,0,0,0,0,0,1,14,881,103,103,11913,0,0,0,0,0,0,1,14,881
9709,5602,8880, ,Waterbury CT PMSA,49,49,5556,1,2,124,0,0,0,0,0,0,38,38,4058,1,2,124,0,0,0,0,0,0
9709,5720,9999, ,Norfolk-Virginia Beach-Newport News VA-NC MSA,601,601,68308,5,10,411,6,22,1381,12,131,4734,538,538,62496,1,2,102,6,22,1381,8,74,3157
9709,5790,9999, ,Ocala FL MSA,224,224,17149,1,2,75,1,3,139,1,11,803,224,224,17149,1,2,75,1,3,139,1,11,803
9709,5800,9999, ,Odessa-Midland TX MSA,23,23,2148,0,0,0,0,0,0,0,0,0,17,17,1340,0,0,0,0,0,0,0,0,0
9709,5880,9999, ,Oklahoma City OK MSA,341,341,32082,5,10,405,0,0,0,0,0,0,322,322,30352,5,10,405,0,0,0,0,0,0
9709,5920,9999, ,Omaha NE-IA MSA,260,260,24551,2,4,217,7,28,1100,17,364,15415,223,223,21242,1,2,92,7,28,1100,17,364,15415
9709,5960,9999, ,Orlando FL MSA,1229,1229,127114,3,6,226,12,48,3301,27,639,31205,1030,1030,107003,2,4,160,12,48,3301,27,639,31205
9709,5990,9999, ,Owensboro KY MSA,34,34,1829,0,0,0,0,0,0,0,0,0,16,16,812,0,0,0,0,0,0,0,0,0
9709,6015,9999, ,Panama City FL MSA,83,83,4140,1,2,35,0,0,0,0,0,0,83,83,4140,1,2,35,0,0,0,0,0,0
9709,6020,9999, ,Parkersburg-Marietta WV-OH MSA,20,20,1850,2,4,110,0,0,0,2,13,285,17,17,1489,2,4,110,0,0,0,1,8,120
9709,6080,9999, ,Pensacola FL MSA,229,229,22899,0,0,0,2,7,374,0,0,0,229,229,22899,0,0,0,2,7,374,0,0,0
9709,6120,9999, ,Peoria-Pekin IL MSA,87,87,10543,1,2,174,1,3,300,1,19,728,23,23,3208,0,0,0,0,0,0,0,0,0
9709,6162,0560, ,Atlantic-Cape May NJ PMSA,89,89,7751,20,40,1375,1,4,181,0,0,0,58,58,5302,20,40,1375,0,0,0,0,0,0
9709,6162,6160, ,Philadelphia PA-NJ PMSA,1123,1123,115756,9,18,1059,1,3,309,15,279,12449,877,877,91661,9,18,1059,1,3,309,10,243,10478
9709,6162,8760, ,Vineland-Millville-Bridgeton NJ PMSA,26,26,1446,0,0,0,0,0,0,0,0,0,22,22,1125,0,0,0,0,0,0,0,0,0
9709,6162,9160, ,Wilmington-Newark DE-MD PMSA,211,211,13448,0,0,0,0,0,0,5,120,1860,207,207,13214,0,0,0,0,0,0,5,120,1860
9709,6200,9999, ,Phoenix-Mesa AZ MSA,3137,3137,364503,4,8,453,1,4,255,104,963,49943,3020,3020,352835,4,8,453,1,4,255,103,945,48959
9709,6240,9999, ,Pine Bluff AR MSA,10,10,464,0,0,0,0,0,0,1,96,1826,10,10,464,0,0,0,0,0,0,1,96,1826
9709,6280,9999, ,Pittsburgh PA MSA,387,387,46470,3,6,370,9,33,2041,6,53,2274,239,239,29797,2,4,350,7,26,1844,3,29,1085
9709,6320,9999, ,Pittsfield MA MSA,0,0,0,0,0,0,0,0,0,0,0,0,0,0,0,0,0,0,0,0,0,0,0,0
9709,6340,9999, ,Pocatello ID MSA,11,11,823,2,4,141,2,8,408,0,0,0,11,11,823,2,4,141,2,8,408,0,0,0
9709,6400,9999, ,Portland ME MSA,88,88,10311,0,0,0,1,3,270,0,0,0,47,47,6053,0,0,0,0,0,0,0,0,0
9709,6442,6440, ,Portland-Vancouver OR-WA PMSA,963,963,120597,28,56,3460,11,40,2072,79,1519,84383,880,880,107424,26,52,3095,10,37,1816,73,1434,80106
9709,6442,7080, ,Salem OR PMSA,129,129,17573,7,14,928,2,7,313,7,66,2495,93,93,13091,4,8,445,2,7,313,6,58,2110
9709,6480,9999, ,Providence-Fall River-Warwick RI-MA MSA,207,207,22004,4,8,284,1,3,105,4,37,1698,143,143,16454,0,0,0,0,0,0,2,24,1189
9709,6520,9999, ,Provo-Orem UT MSA,190,190,20411,14,28,2798,0,0,0,15,310,13229,182,182,19612,14,28,2798,0,0,0,15,310,13229
9709,6560,9999, ,Pueblo CO MSA,75,75,7552,4,8,694,4,16,549,0,0,0,75,75,7552,4,8,694,4,16,549,0,0,0
9709,6580,9999, ,Punta Gorda FL MSA,113,113,10558,0,0,0,0,0,0,0,0,0,113,113,10558,0,0,0,0,0,0,0,0,0
9709,6640,9999, ,Raleigh-Durham-Chapel Hill NC MSA,962,962,115805,6,12,685,0,0,0,44,804,27175,727,727,90057,4,8,456,0,0,0,33,617,20727
9709,6660,9999, ,Rapid City SD MSA,20,20,1655,0,0,0,0,0,0,1,6,352,12,12,770,0,0,0,0,0,0,0,0,0
9709,6680,9999, ,Reading PA MSA,69,69,7183,0,0,0,0,0,0,2,10,504,44,44,4430,0,0,0,0,0,0,0,0,0
9709,6690,9999, ,Redding CA MSA,58,58,6472,1,2,135,0,0,0,0,0,0,54,54,6165,1,2,135,0,0,0,0,0,0
9709,6720,9999, ,Reno NV MSA,396,396,43723,1,2,60,0,0,0,25,192,9810,396,396,43723,1,2,60,0,0,0,25,192,9810
9709,6740,9999, ,Richland-Kennewick-Pasco WA MSA,61,61,8170,0,0,0,0,0,0,0,0,0,31,31,4763,0,0,0,0,0,0,0,0,0
9709,6760,9999, ,Richmond-Petersburg VA MSA,405,405,40682,0,0,0,0,0,0,9,120,5457,392,392,39552,0,0,0,0,0,0,9,120,5457
9709,6800,9999, ,Roanoke VA MSA,94,94,7027,1,2,112,0,0,0,1,7,507,90,90,6797,1,2,112,0,0,0,0,0,0
9709,6820,9999, ,Rochester MN MSA,63,63,8318,5,10,1041,10,40,4563,0,0,0,63,63,8318,5,10,1041,10,40,4563,0,0,0
9709,6840,9999, ,Rochester NY MSA,145,145,19300,0,0,0,1,4,200,0,0,0,110,110,13300,0,0,0,1,4,200,0,0,0
9709,6880,9999, ,Rockford IL MSA,122,122,9226,2,4,256,5,20,944,0,0,0,122,122,9226,2,4,256,5,20,944,0,0,0
9709,6895,9999, ,Rocky Mount NC MSA,42,42,3557,1,2,86,0,0,0,0,0,0,29,29,2156,0,0,0,0,0,0,0,0,0
9709,6922,6920, ,Sacramento CA PMSA,707,707,107565,2,4,321,2,6,423,12,147,7938,707,707,107565,2,4,321,2,6,423,12,147,7938
9709,6922,9270, ,Yolo CA PMSA,74,74,10870,2,4,321,0,0,0,0,0,0,74,74,10870,2,4,321,0,0,0,0,0,0
9709,6960,9999, ,Saginaw-Bay City-Midland MI MSA,26,26,4109,1,2,95,0,0,0,1,5,200,13,13,2459,1,2,95,0,0,0,0,0,0
9709,6980,9999, ,St. Cloud MN MSA,46,46,3811,0,0,0,0,0,0,2,35,1273,18,18,1545,0,0,0,0,0,0,0,0,0
9709,7000,9999, ,St. Joseph MO MSA,11,11,1223,2,4,79,1,3,137,1,9,214,0,0,0,0,0,0,0,0,0,0,0,0
9709,7040,9999, ,St. Louis MO-IL MSA,876,876,98124,25,50,3635,6,18,1622,2,19,487,766,766,83635,22,44,3182,5,15,1478,1,12,240
9709,7120,9999, ,Salinas CA MSA,100,100,16942,0,0,0,0,0,0,2,19,2151,97,97,16688,0,0,0,0,0,0,1,14,1807
9709,7160,9999, ,Salt Lake City-Ogden UT MSA,772,772,82934,10,20,1877,6,23,1410,11,278,11589,542,542,62736,9,18,1787,5,19,1229,5,170,8702
9709,7200,9999, ,San Angelo TX MSA,24,24,1959,0,0,0,0,0,0,0,0,0,24,24,1959,0,0,0,0,0,0,0,0,0
9709,7240,9999, ,San Antonio TX MSA,570,570,59485,1,2,102,2,8,427,19,213,9687,563,563,58841,1,2,102,2,8,427,19,213,9687
9709,7320,9999, ,San Diego CA MSA,603,603,109064,15,30,4061,2,6,643,29,456,35305,541,541,95748,15,30,4061,1,3,259,29,456,35305
9709,7362,5775, ,Oakland CA PMSA,643,643,129003,4,8,1072,4,13,2426,26,182,9884,611,611,123230,4,8,1072,4,13,2426,23,148,7719
9709,7362,7360, ,San Francisco CA PMSA,150,150,37340,6,12,1614,5,15,1057,6,429,34024,128,128,31383,6,12,1614,5,15,1057,6,429,34024
9709,7362,7400, ,San Jose CA PMSA,368,368,64231,0,0,0,9,27,1903,14,359,19386,365,365,63534,0,0,0,9,27,1903,14,359,19386
9709,7362,7485, ,Santa Cruz-Watsonville CA PMSA,61,61,13805,0,0,0,0,0,0,0,0,0,61,61,13805,0,0,0,0,0,0,0,0,0
9709,7362,7500, ,Santa Rosa CA PMSA,173,173,25081,0,0,0,0,0,0,0,0,0,131,131,18863,0,0,0,0,0,0,0,0,0
9709,7362,8720, ,Vallejo-Fairfield-Napa CA PMSA,116,116,20879,0,0,0,1,3,305,0,0,0,108,108,19952,0,0,0,0,0,0,0,0,0
9709,7460,9999, ,San Luis Obispo-Atascadero-Paso Robles CA MSA,103,103,14330,0,0,0,0,0,0,0,0,0,98,98,13338,0,0,0,0,0,0,0,0,0
9709,7480,9999, ,Santa Barbara-Santa Maria-Lompoc CA MSA,41,41,7588,4,8,783,1,3,224,2,42,3500,17,17,4498,4,8,783,1,3,224,2,42,3500
9709,7490,9999, ,Santa Fe NM MSA,34,34,3779,0,0,0,0,0,0,0,0,0,2,2,518,0,0,0,0,0,0,0,0,0
9709,7510,9999, ,Sarasota-Bradenton FL MSA,359,359,40013,0,0,0,3,12,500,4,37,2052,324,324,36036,0,0,0,3,12,500,4,37,2052
9709,7520,9999, ,Savannah GA MSA,107,107,10864,3,6,517,0,0,0,0,0,0,107,107,10864,3,6,517,0,0,0,0,0,0
9709,7560,9999, ,Scranton--Wilkes-Barre--Hazleton PA MSA,50,50,3876,1,2,100,1,4,140,3,17,470,33,33,2275,1,2,100,1,4,140,3,17,470
9709,7602,1150, ,Bremerton WA PMSA,146,146,13080,1,2,102,1,3,164,1,14,548,26,26,4312,0,0,0,0,0,0,0,0,0
9709,7602,5910, ,Olympia WA PMSA,139,139,14268,4,8,645,0,0,0,1,5,165,80,80,9698,3,6,506,0,0,0,0,0,0
9709,7602,7600, ,Seattle-Bellevue-Everett WA PMSA,932,932,130013,14,28,2322,13,45,3199,55,1117,78123,801,801,114860,10,20,1703,11,39,2720,46,1038,69903
9709,7602,8200, ,Tacoma WA PMSA,360,360,37971,12,24,1937,2,6,507,4,56,2834,339,339,35661,11,22,1755,0,0,0,4,56,2834
9709,7610,9999, ,Sharon PA MSA,7,7,681,0,0,0,0,0,0,0,0,0,3,3,310,0,0,0,0,0,0,0,0,0
9709,7620,9999, ,Sheboygan WI MSA,10,10,1020,0,0,0,0,0,0,0,0,0,9,9,891,0,0,0,0,0,0,0,0,0
9709,7640,9999, ,Sherman-Denison TX MSA,6,6,1388,0,0,0,0,0,0,0,0,0,6,6,1388,0,0,0,0,0,0,0,0,0
9709,7680,9999, ,Shreveport-Bossier City LA MSA,62,62,7166,0,0,0,0,0,0,0,0,0,62,62,7166,0,0,0,0,0,0,0,0,0
9709,7720,9999, ,Sioux City IA-NE MSA,14,14,1427,3,6,458,0,0,0,1,46,836,14,14,1427,3,6,458,0,0,0,1,46,836
9709,7760,9999, ,Sioux Falls SD MSA,94,94,7780,0,0,0,2,8,362,3,80,3759,90,90,7531,0,0,0,2,8,362,3,80,3759
9709,7800,9999, ,South Bend IN MSA,82,82,10351,0,0,0,0,0,0,2,59,3207,9,9,1094,0,0,0,0,0,0,1,50,2600
9709,7840,9999, ,Spokane WA MSA,122,122,12035,3,6,376,0,0,0,0,0,0,122,122,12035,3,6,376,0,0,0,0,0,0
9709,7880,9999, ,Springfield IL MSA,57,57,6876,5,10,815,0,0,0,0,0,0,57,57,6876,5,10,815,0,0,0,0,0,0
9709,7920,9999, ,Springfield MO MSA,151,151,10966,4,8,551,1,3,131,4,46,827,145,145,10557,3,6,420,0,0,0,3,36,651
9709,8000,9999, ,Springfield MA MSA,73,73,8323,1,2,65,0,0,0,0,0,0,64,64,7050,1,2,65,0,0,0,0,0,0
9709,8050,9999, ,State College PA MSA,22,22,2524,0,0,0,0,0,0,0,0,0,3,3,428,0,0,0,0,0,0,0,0,0
9709,8080,9999, ,Steubenville-Weirton OH-WV MSA,6,6,787,1,2,73,0,0,0,0,0,0,4,4,605,0,0,0,0,0,0,0,0,0
9709,8120,9999, ,Stockton-Lodi CA MSA,297,297,29555,0,0,0,1,4,365,0,0,0,293,293,29102,0,0,0,1,4,365,0,0,0
9709,8140,9999, ,Sumter SC MSA,31,31,2088,0,0,0,1,3,100,0,0,0,0,0,0,0,0,0,0,0,0,0,0,0
9709,8160,9999, ,Syracuse NY MSA,56,56,4837,0,0,0,0,0,0,1,8,93,42,42,3735,0,0,0,0,0,0,0,0,0
9709,8240,9999, ,Tallahassee FL MSA,118,118,11610,2,4,204,0,0,0,0,0,0,118,118,11610,2,4,204,0,0,0,0,0,0
9709,8280,9999, ,Tampa-St. Petersburg-Clearwater FL MSA,884,884,87630,6,12,1035,10,37,3364,45,1185,57307,871,871,86237,6,12,1035,10,37,3364,44,1176,56929
9709,8320,9999, ,Terre Haute IN MSA,31,31,3735,3,6,405,0,0,0,0,0,0,31,31,3735,3,6,405,0,0,0,0,0,0
9709,8360,9999, ,Texarkana TX-Texarkana AR MSA,8,8,599,0,0,0,0,0,0,0,0,0,8,8,599,0,0,0,0,0,0,0,0,0
9709,8400,9999, ,Toledo OH MSA,128,128,13643,4,8,450,7,28,1990,2,17,1020,128,128,13643,4,8,450,7,28,1990,2,17,1020
9709,8440,9999, ,Topeka KS MSA,41,41,4719,13,26,2105,1,3,210,0,0,0,41,41,4719,13,26,2105,1,3,210,0,0,0
9709,8520,9999, ,Tucson AZ MSA,481,481,56366,7,14,666,1,4,179,20,240,8355,398,398,47642,7,14,666,1,4,179,20,240,8355
9709,8560,9999, ,Tulsa OK MSA,186,186,18552,8,16,1153,3,12,720,6,56,2430,167,167,15925,8,16,1153,3,12,720,3,16,1070
9709,8600,9999, ,Tuscaloosa AL MSA,35,35,3391,0,0,0,0,0,0,0,0,0,35,35,3391,0,0,0,0,0,0,0,0,0
9709,8640,9999, ,Tyler TX MSA,22,22,3776,0,0,0,0,0,0,0,0,0,22,22,3776,0,0,0,0,0,0,0,0,0
9709,8680,9999, ,Utica-Rome NY MSA,5,5,495,0,0,0,0,0,0,0,0,0,4,4,447,0,0,0,0,0,0,0,0,0
9709,8750,9999, ,Victoria TX MSA,13,13,895,0,0,0,0,0,0,0,0,0,13,13,895,0,0,0,0,0,0,0,0,0
9709,8780,9999, ,Visalia-Tulare-Porterville CA MSA,105,105,11140,2,4,223,6,24,1180,0,0,0,105,105,11140,2,4,223,6,24,1180,0,0,0
9709,8800,9999, ,Waco TX MSA,23,23,2457,2,4,205,0,0,0,0,0,0,9,9,858,1,2,115,0,0,0,0,0,0
9709,8872,0720, ,Baltimore MD PMSA,744,744,74357,0,0,0,0,0,0,10,92,4231,734,734,73714,0,0,0,0,0,0,9,84,3985
9709,8872,3180, ,Hagerstown MD PMSA,45,45,4666,2,4,90,0,0,0,0,0,0,45,45,4666,2,4,90,0,0,0,0,0,0
9709,8872,8840, ,Washington DC-MD-VA-WV PMSA,1923,1923,202061,1,2,102,3,10,796,21,419,14606,1791,1791,189692,1,2,102,3,10,796,20,366,12445
9709,8920,9999, ,Waterloo-Cedar Falls IA MSA,4,4,466,0,0,0,0,0,0,0,0,0,4,4,466,0,0,0,0,0,0,0,0,0
9709,8940,9999, ,Wausau WI MSA,32,32,3481,0,0,0,0,0,0,1,16,450,21,21,2426,0,0,0,0,0,0,1,16,450
9709,8960,9999, ,West Palm Beach-Boca Raton FL MSA,519,519,69044,0,0,0,1,4,180,3,33,1713,509,509,64542,0,0,0,1,4,180,1,8,320
9709,9000,9999, ,Wheeling WV-OH MSA,2,2,188,0,0,0,0,0,0,1,5,248,2,2,188,0,0,0,0,0,0,0,0,0
9709,9040,9999, ,Wichita KS MSA,199,199,19826,4,8,394,0,0,0,5,240,9375,171,171,17668,3,6,334,0,0,0,5,240,9375
9709,9080,9999, ,Wichita Falls TX MSA,20,20,2905,0,0,0,0,0,0,0,0,0,20,20,2905,0,0,0,0,0,0,0,0,0
9709,9200,9999, ,Wilmington NC MSA,230,230,18163,1,2,78,0,0,0,3,31,1475,199,199,15426,1,2,78,0,0,0,2,24,1176
9709,9260,9999, ,Yakima WA MSA,29,29,3812,3,6,221,1,3,162,1,12,451,3,3,311,3,6,221,0,0,0,1,12,451
9709,9280,9999, ,York PA MSA,89,89,10297,2,4,216,0,0,0,0,0,0,72,72,8514,1,2,112,0,0,0,0,0,0
9709,9320,9999, ,Youngstown-Warren OH MSA,108,108,13390,16,32,1415,2,8,540,1,6,320,108,108,13390,16,32,1415,2,8,540,1,6,320
9709,9340,9999, ,Yuba City CA MSA,32,32,3747,0,0,0,0,0,0,0,0,0,32,32,3747,0,0,0,0,0,0,0,0,0
9709,9360,9999, ,Yuma AZ MSA,67,67,5546,0,0,0,0,0,0,0,0,0,67,67,5546,0,0,0,0,0,0,0,0,0
9709,1122,9999, ,Boston-Worcester-Lawrence MA-NH-ME-CT CMSA,1285,1285,170044,19,38,2481,4,16,1365,12,104,5291,824,824,111453,15,30,2058,4,16,1365,3,33,1677
9709,1602,9999, ,Chicago-Gary-Kenosha IL-IN-WI CMSA,2408,2408,327743,42,84,7108,49,177,10628,62,666,41924,2139,2139,293752,33,66,5877,37,134,8177,48,508,32158
9709,1642,9999, ,Cincinnati-Hamilton OH-KY-IN CMSA,785,785,74545,26,52,2806,9,29,1489,20,200,10104,675,675,64602,23,46,2567,6,20,889,16,173,9114
9709,1692,9999, ,Cleveland-Akron OH CMSA,687,687,105450,19,38,3411,14,44,2061,9,102,4506,483,483,79638,15,30,3011,3,9,713,2,25,964
9709,1922,9999, ,Dallas-Fort Worth TX CMSA,2369,2369,318525,3,6,224,4,15,920,87,2525,116003,2178,2178,287553,2,4,169,3,12,860,86,2490,115021
9709,2082,9999, ,Denver-Boulder-Greeley CO CMSA,1496,1496,188172,16,32,2437,6,18,1269,23,242,11774,1352,1352,170285,15,30,2266,5,15,1219,17,171,7607
9709,2162,9999, ,Detroit-Ann Arbor-Flint MI CMSA,1858,1858,238153,25,50,3685,21,73,5661,32,263,12944,1616,1616,211595,23,46,3496,17,59,4851,24,190,10147
9709,3362,9999, ,Houston-Galveston-Brazoria TX CMSA,1797,1797,193390,2,4,299,0,0,0,174,2671,96144,1696,1696,181934,1,2,207,0,0,0,173,2666,95874
9709,4472,9999, ,Los Angeles-Riverside-Orange County CA CMSA,2524,2524,421827,14,28,3067,10,31,2975,37,447,28451,2325,2325,391359,12,24,2787,8,25,2215,28,375,23619
9709,4992,9999, ,Miami-Fort Lauderdale FL CMSA,706,706,85211,7,14,1048,1,4,329,79,1184,66443,702,702,84956,7,14,1048,1,4,329,76,1156,65371
9709,5082,9999, ,Milwaukee-Racine WI CMSA,310,310,46627,25,50,4355,9,36,3483,17,138,8061,264,264,39330,23,46,4057,9,36,3483,12,112,6737
9709,5602,9999, ,New York-Northern New Jersey-Long Island NY-NJ-CT-PA CMSA,2447,2447,326809,83,166,9846,40,140,7960,40,1103,51997,1950,1950,259604,67,134,8029,36,128,7554,30,1026,46848
9709,6162,9999, ,Philadelphia-Wilmington-Atlantic City PA-NJ-DE-MD CMSA,1449,1449,138401,29,58,2434,2,7,490,20,399,14309,1164,1164,111302,29,58,2434,1,3,309,15,363,12338
9709,6442,9999, ,Portland-Salem OR-WA CMSA,1092,1092,138170,35,70,4389,13,47,2385,86,1585,86877,973,973,120515,30,60,3540,12,44,2129,79,1492,82216
9709,6922,9999, ,Sacramento-Yolo CA CMSA,781,781,118435,4,8,643,2,6,423,12,147,7938,781,781,118435,4,8,643,2,6,423,12,147,7938
9709,7362,9999, ,San Francisco-Oakland-San Jose CA CMSA,1511,1511,290339,10,20,2686,19,58,5691,46,970,63294,1404,1404,270768,10,20,2686,18,55,5386,43,936,61129
9709,7602,9999, ,Seattle-Tacoma-Bremerton WA CMSA,1577,1577,195333,31,62,5006,16,54,3870,61,1192,81670,1246,1246,164531,24,48,3964,11,39,2720,50,1094,72738
9709,8872,9999, ,Washington-Baltimore DC-MD-VA-WV CMSA,2712,2712,281083,3,6,192,3,10,796,31,511,18837,2570,2570,268072,3,6,192,3,10,796,29,450,16430
