Survey,MSA/,PMSA,,MA,,1-unit,,,2-units,,,3-4 units,,,5+ units,,,1-unit rep,,,2-units rep,,,3-4 units rep,,,5+ units rep
Date,CMSA,,,Name,Bldgs,Units,Value,Bldgs,Units,Value,Bldgs,Units,Value,Bldgs,Units,Value,Bldgs,Units,Value,Bldgs,Units,Value,Bldgs,Units,Value,Bldgs,Units,Value

9808,0040,9999,,Abilene  TX MSA ,21,21,2542,0,0,0,1,3,125,0,0,0,0,0,0,0,0,0,0,0,0,0,0,0
9808,0120,9999,,Albany  GA MSA ,55,55,5925,0,0,0,0,0,0,0,0,0,55,55,5925,0,0,0,0,0,0,0,0,0
9808,0160,9999,,Albany-Schenectady-Troy  NY MSA ,179,179,24537,1,2,203,1,3,300,0,0,0,164,164,22822,0,0,0,1,3,300,0,0,0
9808,0200,9999,,Albuquerque  NM MSA ,411,411,35176,3,6,420,0,0,0,1,8,252,214,214,18071,3,6,420,0,0,0,0,0,0
9808,0220,9999,,Alexandria  LA MSA ,30,30,3135,0,0,0,0,0,0,2,16,470,30,30,3135,0,0,0,0,0,0,2,16,470
9808,0240,9999,,Allentown-Bethlehem-Easton  PA MSA ,119,119,12507,0,0,0,1,4,113,0,0,0,88,88,8917,0,0,0,0,0,0,0,0,0
9808,0280,9999,,Altoona  PA MSA ,7,7,1440,0,0,0,0,0,0,0,0,0,7,7,1440,0,0,0,0,0,0,0,0,0
9808,0320,9999,,Amarillo  TX MSA ,34,34,4394,0,0,0,0,0,0,0,0,0,34,34,4394,0,0,0,0,0,0,0,0,0
9808,0380,9999,,Anchorage  AK MSA ,148,148,19736,3,6,513,1,3,219,0,0,0,148,148,19736,3,6,513,1,3,219,0,0,0
9808,0450,9999,,Anniston  AL MSA ,13,13,1125,0,0,0,0,0,0,2,10,459,1,1,68,0,0,0,0,0,0,0,0,0
9808,0460,9999,,Appleton-Oshkosh-Neenah  WI MSA ,101,101,12972,5,10,865,0,0,0,5,57,2318,67,67,8206,3,6,560,0,0,0,1,5,450
9808,0480,9999,,Asheville  NC MSA ,101,101,11415,3,6,450,0,0,0,0,0,0,101,101,11415,3,6,450,0,0,0,0,0,0
9808,0500,9999,,Athens  GA MSA ,72,72,9297,3,6,250,0,0,0,2,23,883,26,26,5294,0,0,0,0,0,0,0,0,0
9808,0520,9999,,Atlanta  GA MSA ,4109,4109,457335,6,12,587,7,24,948,113,1793,74733,4024,4024,449431,6,12,587,6,21,808,113,1793,74733
9808,0600,9999,,Augusta-Aiken  GA-SC MSA ,214,214,21299,0,0,0,0,0,0,5,40,384,204,204,20457,0,0,0,0,0,0,5,40,384
9808,0640,9999,,Austin-San Marcos  TX MSA ,618,618,64085,8,16,928,15,55,3295,24,126,7610,618,618,64085,8,16,928,15,55,3295,24,126,7610
9808,0680,9999,,Bakersfield  CA MSA ,232,232,24035,1,2,122,4,12,981,0,0,0,231,231,23923,1,2,122,4,12,981,0,0,0
9808,0730,9999,,Bangor  ME MSA ,15,15,1242,0,0,0,0,0,0,0,0,0,9,9,669,0,0,0,0,0,0,0,0,0
9808,0740,9999,,Barnstable-Yarmouth  MA MSA ,72,72,11450,0,0,0,0,0,0,6,93,5627,72,72,11450,0,0,0,0,0,0,6,93,5627
9808,0760,9999,,Baton Rouge  LA MSA ,108,108,9952,3,6,135,0,0,0,5,40,2000,108,108,9952,3,6,135,0,0,0,5,40,2000
9808,0840,9999,,Beaumont-Port Arthur  TX MSA ,58,58,6065,0,0,0,0,0,0,0,0,0,58,58,6065,0,0,0,0,0,0,0,0,0
9808,0860,9999,,Bellingham  WA MSA ,85,85,9867,7,14,1547,0,0,0,5,55,2797,38,38,4544,7,14,1547,0,0,0,3,27,1203
9808,0870,9999,,Benton Harbor  MI MSA ,8,8,867,0,0,0,0,0,0,0,0,0,5,5,487,0,0,0,0,0,0,0,0,0
9808,0880,9999,,Billings  MT MSA ,30,30,3210,1,2,155,0,0,0,0,0,0,30,30,3210,1,2,155,0,0,0,0,0,0
9808,0920,9999,,Biloxi-Gulfport-Pascagoula  MS MSA ,173,173,15706,1,2,150,1,3,75,22,253,8109,160,160,14573,1,2,150,0,0,0,22,253,8109
9808,0960,9999,,Binghamton  NY MSA ,6,6,882,0,0,0,0,0,0,0,0,0,4,4,576,0,0,0,0,0,0,0,0,0
9808,1000,9999,,Birmingham  AL MSA ,397,397,46560,0,0,0,1,3,35,5,42,1485,300,300,36294,0,0,0,0,0,0,3,32,1257
9808,1010,9999,,Bismarck  ND MSA ,32,32,3966,1,2,338,1,4,506,0,0,0,32,32,3966,1,2,338,1,4,506,0,0,0
9808,1020,9999,,Bloomington  IN MSA ,38,38,4331,1,2,124,2,8,506,2,10,532,38,38,4331,1,2,124,2,8,506,2,10,532
9808,1040,9999,,Bloomington-Normal  IL MSA ,62,62,5404,0,0,0,4,16,449,0,0,0,62,62,5404,0,0,0,4,16,449,0,0,0
9808,1080,9999,,Boise City  ID MSA ,476,476,57364,5,10,667,4,15,693,1,9,690,311,311,40538,5,10,667,4,15,693,0,0,0
9808,1122,1120,,Boston  MA-NH PMSA ,543,543,78651,18,36,3010,5,15,1936,6,77,4143,330,330,48035,16,32,2774,3,9,854,5,72,3700
9808,1122,1200,,Brockton  MA PMSA ,87,87,10294,0,0,0,0,0,0,0,0,0,74,74,8952,0,0,0,0,0,0,0,0,0
9808,1122,2600,,Fitchburg-Leominster  MA PMSA ,35,35,3344,0,0,0,0,0,0,0,0,0,8,8,510,0,0,0,0,0,0,0,0,0
9808,1122,4160,,Lawrence  MA-NH PMSA ,140,140,18088,0,0,0,3,11,828,0,0,0,93,93,11864,0,0,0,3,11,828,0,0,0
9808,1122,4560,,Lowell  MA-NH PMSA ,86,86,9616,0,0,0,0,0,0,1,5,220,64,64,7653,0,0,0,0,0,0,0,0,0
9808,1122,4760,,Manchester  NH PMSA ,75,75,8707,3,6,351,2,7,398,1,25,1288,15,15,1781,2,4,252,1,3,137,0,0,0
9808,1122,5350,,Nashua  NH PMSA ,71,71,7299,0,0,0,0,0,0,0,0,0,38,38,3814,0,0,0,0,0,0,0,0,0
9808,1122,5400,,New Bedford  MA PMSA ,33,33,3725,1,2,125,0,0,0,0,0,0,11,11,1657,1,2,125,0,0,0,0,0,0
9808,1122,6450,,Portsmouth-Rochester  NH-ME PMSA ,88,88,12127,0,0,0,0,0,0,0,0,0,57,57,7439,0,0,0,0,0,0,0,0,0
9808,1122,9240,,Worcester  MA-CT PMSA ,166,166,19498,0,0,0,0,0,0,0,0,0,114,114,13332,0,0,0,0,0,0,0,0,0
9808,1240,9999,,Brownsville-Harlingen-San Benito  TX MSA ,165,165,11195,3,6,331,2,8,402,1,12,309,112,112,8378,2,4,276,2,8,402,1,12,309
9808,1260,9999,,Bryan-College Station  TX MSA ,73,73,7586,3,6,282,0,0,0,0,0,0,33,33,4829,0,0,0,0,0,0,0,0,0
9808,1280,9999,,Buffalo-Niagara Falls  NY MSA ,134,134,16598,0,0,0,1,4,320,15,251,12710,104,104,12121,0,0,0,1,4,320,14,232,12303
9808,1305,9999,,Burlington  VT MSA ,44,44,5289,2,4,229,0,0,0,2,67,3543,20,20,2292,1,2,100,0,0,0,1,62,3200
9808,1320,9999,,Canton-Massillon  OH MSA ,83,83,12140,4,8,625,1,4,287,2,10,606,3,3,610,0,0,0,0,0,0,0,0,0
9808,1350,9999,,Casper  WY MSA ,13,13,1964,0,0,0,0,0,0,0,0,0,13,13,1964,0,0,0,0,0,0,0,0,0
9808,1360,9999,,Cedar Rapids  IA MSA ,72,72,6868,4,8,782,2,8,520,1,7,291,69,69,6571,4,8,782,2,8,520,0,0,0
9808,1400,9999,,Champaign-Urbana  IL MSA ,23,23,2848,2,4,423,10,40,2572,0,0,0,23,23,2848,2,4,423,10,40,2572,0,0,0
9808,1440,9999,,Charleston-North Charleston  SC MSA ,267,267,36841,1,2,72,0,0,0,5,59,3357,201,201,31447,0,0,0,0,0,0,3,18,1007
9808,1480,9999,,Charleston  WV MSA ,36,36,3994,0,0,0,1,3,153,1,22,1001,5,5,380,0,0,0,0,0,0,0,0,0
9808,1520,9999,,Charlotte-Gastonia-Rock Hill  NC-SC MSA ,1362,1362,160167,0,0,0,5,15,1183,25,378,19052,1321,1321,155719,0,0,0,5,15,1183,25,378,19052
9808,1540,9999,,Charlottesville  VA MSA ,92,92,12344,1,2,160,0,0,0,16,194,10511,73,73,10748,1,2,160,0,0,0,15,189,10028
9808,1560,9999,,Chattanooga  TN-GA MSA ,165,165,17401,1,2,83,0,0,0,2,11,572,115,115,12457,1,2,83,0,0,0,0,0,0
9808,1580,9999,,Cheyenne  WY MSA ,24,24,2376,0,0,0,0,0,0,2,21,982,9,9,1030,0,0,0,0,0,0,0,0,0
9808,1602,1600,,Chicago  IL PMSA ,2152,2152,321690,19,38,2806,33,115,7942,33,356,22999,1817,1817,275573,15,30,2237,29,100,7091,23,287,19150
9808,1602,2960,,Gary  IN PMSA ,198,198,24776,19,38,3693,6,24,1447,1,6,450,196,196,24554,19,38,3693,6,24,1447,1,6,450
9808,1602,3740,,Kankakee  IL PMSA ,27,27,4080,0,0,0,0,0,0,0,0,0,24,24,3697,0,0,0,0,0,0,0,0,0
9808,1602,3800,,Kenosha  WI PMSA ,63,63,8436,1,2,120,1,3,350,2,20,1020,46,46,6322,1,2,120,0,0,0,2,20,1020
9808,1620,9999,,Chico-Paradise  CA MSA ,81,81,9911,0,0,0,0,0,0,0,0,0,81,81,9911,0,0,0,0,0,0,0,0,0
9808,1642,1640,,Cincinnati  OH-KY-IN PMSA ,653,653,77904,11,22,1435,17,65,4612,29,369,15966,467,467,57482,9,18,1197,11,44,3389,19,287,12614
9808,1642,3200,,Hamilton-Middletown  OH PMSA ,153,153,17577,2,4,183,4,12,1087,1,5,170,125,125,14866,0,0,0,2,6,750,0,0,0
9808,1660,9999,,Clarksville-Hopkinsville  TN-KY MSA ,106,106,8043,0,0,0,3,12,395,3,20,506,106,106,8043,0,0,0,3,12,395,3,20,506
9808,1692,0080,,Akron  OH PMSA ,237,237,31428,3,6,383,0,0,0,1,19,448,172,172,24582,2,4,275,0,0,0,0,0,0
9808,1692,1680,,Cleveland-Lorain-Elyria  OH PMSA ,561,561,98826,6,12,1343,4,15,1165,30,217,8363,425,425,83020,3,6,829,3,11,780,26,194,7337
9808,1720,9999,,Colorado Springs  CO MSA ,271,271,34007,3,6,397,0,0,0,14,304,7122,271,271,34007,3,6,397,0,0,0,14,304,7122
9808,1740,9999,,Columbia  MO MSA ,105,105,10034,1,2,100,0,0,0,0,0,0,105,105,10034,1,2,100,0,0,0,0,0,0
9808,1760,9999,,Columbia  SC MSA ,315,315,26915,0,0,0,0,0,0,18,144,3888,315,315,26915,0,0,0,0,0,0,18,144,3888
9808,1800,9999,,Columbus  GA-AL MSA ,77,77,9165,0,0,0,5,20,627,1,6,281,77,77,9165,0,0,0,5,20,627,1,6,281
9808,1840,9999,,Columbus  OH MSA ,625,625,83164,8,16,1083,31,117,4486,19,209,5578,259,259,39351,1,2,280,11,41,2711,0,0,0
9808,1880,9999,,Corpus Christi  TX MSA ,144,144,14285,2,4,194,1,3,201,8,96,2230,144,144,14285,2,4,194,1,3,201,8,96,2230
9808,1900,9999,,Cumberland  MD-WV MSA ,25,25,1836,0,0,0,0,0,0,0,0,0,25,25,1836,0,0,0,0,0,0,0,0,0
9808,1922,1920,,Dallas  TX PMSA ,1957,1957,280056,4,8,554,1,4,90,78,1451,67443,1627,1627,226081,4,8,554,1,4,90,76,1423,66137
9808,1922,2800,,Fort Worth-Arlington  TX PMSA ,759,759,92455,3,6,402,38,151,5304,39,489,22151,618,618,67743,3,6,402,38,151,5304,38,484,22024
9808,1950,9999,,Danville  VA MSA ,28,28,2700,0,0,0,0,0,0,0,0,0,1,1,35,0,0,0,0,0,0,0,0,0
9808,1960,9999,,Davenport-Moline-Rock Island  IA-IL MSA ,50,50,6569,2,4,279,2,8,256,1,8,106,50,50,6569,2,4,279,2,8,256,1,8,106
9808,2000,9999,,Dayton-Springfield  OH MSA ,161,161,19485,4,8,614,7,28,1250,8,92,4034,132,132,15579,4,8,614,7,28,1250,7,84,3771
9808,2020,9999,,Daytona Beach  FL MSA ,385,385,36209,0,0,0,3,11,426,1,5,924,372,372,34981,0,0,0,3,11,426,0,0,0
9808,2030,9999,,Decatur  Al MSA ,18,18,1734,0,0,0,0,0,0,1,5,106,10,10,1103,0,0,0,0,0,0,0,0,0
9808,2040,9999,,Decatur  IL MSA ,14,14,2130,0,0,0,1,3,188,1,12,505,8,8,1202,0,0,0,0,0,0,0,0,0
9808,2082,1125,,Boulder-Longmont  CO PMSA ,212,212,23851,0,0,0,0,0,0,1,8,584,212,212,23851,0,0,0,0,0,0,1,8,584
9808,2082,2080,,Denver  CO PMSA ,1193,1193,166784,14,28,2639,13,48,3890,42,515,22512,1127,1127,158529,14,28,2639,13,48,3890,41,510,22174
9808,2082,3060,,Greeley  CO PMSA ,203,203,24948,2,4,289,0,0,0,0,0,0,174,174,21850,0,0,0,0,0,0,0,0,0
9808,2120,9999,,Des Moines  IA MSA ,208,208,28135,0,0,0,0,0,0,5,51,3760,169,169,21377,0,0,0,0,0,0,4,44,3208
9808,2162,0440,,Ann Arbor  MI PMSA ,404,404,48684,0,0,0,1,3,202,4,38,1683,310,310,35196,0,0,0,0,0,0,0,0,0
9808,2162,2160,,Detroit  MI PMSA ,1337,1337,173861,14,28,2523,22,81,4728,33,642,40406,1024,1024,131484,7,14,1280,18,68,3820,27,590,37963
9808,2162,2640,,Flint  MI PMSA ,133,133,18112,4,8,1001,4,15,1519,6,148,10689,109,109,15633,4,8,1001,4,15,1519,5,141,10102
9808,2180,9999,,Dothan  AL MSA ,17,17,1183,0,0,0,0,0,0,0,0,0,17,17,1183,0,0,0,0,0,0,0,0,0
9808,2190,9999,,Dover  DE MSA ,81,81,7890,0,0,0,0,0,0,0,0,0,81,81,7890,0,0,0,0,0,0,0,0,0
9808,2200,9999,,Dubuque  IA MSA ,24,24,3767,1,2,96,0,0,0,0,0,0,24,24,3767,1,2,96,0,0,0,0,0,0
9808,2240,9999,,Duluth-Superior  MN-WI MSA ,55,55,5327,0,0,0,1,3,163,1,5,228,46,46,4390,0,0,0,0,0,0,0,0,0
9808,2290,9999,,Eau Claire  WI MSA ,52,52,5649,4,8,876,0,0,0,6,44,2024,50,50,5394,3,6,716,0,0,0,6,44,2024
9808,2320,9999,,El Paso  TX MSA ,271,271,13778,0,0,0,0,0,0,0,0,0,271,271,13778,0,0,0,0,0,0,0,0,0
9808,2330,9999,,Elkhart-Goshen  IN MSA ,76,76,4990,2,4,281,0,0,0,3,96,2256,70,70,4487,2,4,281,0,0,0,3,96,2256
9808,2335,9999,,Elmira  NY MSA ,2,2,277,0,0,0,1,3,105,0,0,0,0,0,0,0,0,0,0,0,0,0,0,0
9808,2340,9999,,Enid  OK MSA ,7,7,1165,0,0,0,0,0,0,0,0,0,7,7,1165,0,0,0,0,0,0,0,0,0
9808,2360,9999,,Erie  PA MSA ,33,33,3614,1,2,95,2,8,780,0,0,0,31,31,3436,1,2,95,2,8,780,0,0,0
9808,2400,9999,,Eugene-Springfield  OR MSA ,116,116,15614,6,12,677,3,11,446,2,18,419,94,94,12209,6,12,677,3,11,446,2,18,419
9808,2440,9999,,Evansville-Henderson  IN-KY MSA ,114,114,11734,2,4,280,0,0,0,2,21,282,69,69,6675,0,0,0,0,0,0,1,16,150
9808,2520,9999,,Fargo-Moorhead  ND-MN MSA ,70,70,7022,14,28,1652,0,0,0,6,108,4240,69,69,6878,14,28,1652,0,0,0,6,108,4240
9808,2560,9999,,Fayetteville  NC MSA ,74,74,6182,0,0,0,1,4,167,3,28,1366,74,74,6182,0,0,0,1,4,167,3,28,1366
9808,2580,9999,,Fayetteville-Springdale-Rogers  AR MSA ,132,132,12541,1,2,178,0,0,0,0,0,0,114,114,11219,1,2,178,0,0,0,0,0,0
9808,2620,9999,,Flagstaff  AZ-UT MSA ,49,49,6397,1,2,116,0,0,0,2,10,450,0,0,0,0,0,0,0,0,0,0,0,0
9808,2650,9999,,Florence  AL MSA ,12,12,1599,0,0,0,0,0,0,0,0,0,12,12,1599,0,0,0,0,0,0,0,0,0
9808,2655,9999,,Florence  SC MSA ,45,45,3913,1,2,43,0,0,0,2,12,521,0,0,0,0,0,0,0,0,0,0,0,0
9808,2670,9999,,Fort Collins-Loveland  CO MSA ,223,223,26071,0,0,0,4,12,713,4,28,1496,73,73,10272,0,0,0,0,0,0,0,0,0
9808,2700,9999,,Fort Myers-Cape Coral  FL MSA ,426,426,52219,19,38,3606,11,44,5458,17,252,31256,421,421,50671,19,38,3606,11,44,5458,17,252,31256
9808,2710,9999,,Fort Pierce-Port St. Lucie  FL MSA ,217,217,30634,17,34,5296,9,36,1219,11,168,9767,215,215,29982,17,34,5296,9,36,1219,11,168,9767
9808,2720,9999,,Fort Smith  AR-OK MSA ,63,63,5529,3,6,240,0,0,0,0,0,0,63,63,5529,3,6,240,0,0,0,0,0,0
9808,2750,9999,,Fort Walton Beach  FL MSA ,123,123,12666,0,0,0,0,0,0,3,44,2376,37,37,5271,0,0,0,0,0,0,0,0,0
9808,2760,9999,,Fort Wayne  IN MSA ,244,244,35930,0,0,0,0,0,0,1,14,1860,225,225,33649,0,0,0,0,0,0,1,14,1860
9808,2840,9999,,Fresno  CA MSA ,259,259,28368,2,4,248,0,0,0,0,0,0,251,251,27894,2,4,248,0,0,0,0,0,0
9808,2880,9999,,Gadsden  AL MSA ,10,10,908,0,0,0,0,0,0,0,0,0,9,9,898,0,0,0,0,0,0,0,0,0
9808,2900,9999,,Gainesville  FL MSA ,89,89,8302,0,0,0,0,0,0,0,0,0,89,89,8302,0,0,0,0,0,0,0,0,0
9808,2975,9999,,Glens Falls  NY MSA ,33,33,4015,0,0,0,0,0,0,1,5,221,11,11,1287,0,0,0,0,0,0,0,0,0
9808,2980,9999,,Goldsboro  NC MSA ,43,43,4544,1,2,54,1,3,90,0,0,0,0,0,0,0,0,0,0,0,0,0,0,0
9808,2985,9999,,Grand Forks  ND-MN MSA ,8,8,791,0,0,0,0,0,0,0,0,0,8,8,791,0,0,0,0,0,0,0,0,0
9808,2995,9999,,Grand Junction  CO MSA ,90,90,8121,4,8,464,0,0,0,0,0,0,90,90,8121,4,8,464,0,0,0,0,0,0
9808,3000,9999,,Grand Rapids-Muskegon-Holland  MI MSA ,513,513,58595,10,20,1409,7,24,1952,8,100,3758,289,289,34591,4,8,594,4,15,1283,2,48,1873
9808,3040,9999,,Great Falls  MT MSA ,5,5,882,0,0,0,0,0,0,0,0,0,5,5,882,0,0,0,0,0,0,0,0,0
9808,3080,9999,,Green Bay  WI MSA ,70,70,9080,2,4,284,1,3,103,2,42,1508,40,40,5174,1,2,145,0,0,0,1,36,1300
9808,3120,9999,,Greensboro--Winston-Salem--High Point  NC MSA ,778,778,82999,7,14,1215,7,24,1602,26,518,18845,770,770,82340,7,14,1215,7,24,1602,26,518,18845
9808,3150,9999,,Greenville  NC MSA ,59,59,7120,2,4,164,0,0,0,3,22,519,59,59,7120,2,4,164,0,0,0,3,22,519
9808,3160,9999,,Greenville-Spartanburg-Anderson  SC MSA ,567,567,49240,19,38,1798,1,3,138,9,192,7076,482,482,42265,9,18,747,0,0,0,9,192,7076
9808,3240,9999,,Harrisburg-Lebanon-Carlisle  PA MSA ,147,147,15754,0,0,0,0,0,0,1,8,173,143,143,15350,0,0,0,0,0,0,1,8,173
9808,3280,9999,,Hartford  CT MSA ,327,327,38877,1,2,120,3,12,407,1,49,1412,294,294,35267,1,2,120,3,12,407,1,49,1412
9808,3285,9999,,Hattiesburg  MS MSA ,3,3,260,0,0,0,0,0,0,0,0,0,3,3,260,0,0,0,0,0,0,0,0,0
9808,3290,9999,,Hickory-Morganton-Lenoir  NC MSA ,120,120,14184,0,0,0,0,0,0,6,36,1080,107,107,12745,0,0,0,0,0,0,6,36,1080
9808,3320,9999,,Honolulu  HI MSA ,105,105,15766,0,0,0,0,0,0,0,0,0,105,105,15766,0,0,0,0,0,0,0,0,0
9808,3350,9999,,Houma  LA MSA ,59,59,6141,0,0,0,0,0,0,0,0,0,19,19,2870,0,0,0,0,0,0,0,0,0
9808,3362,1145,,Brazoria  TX PMSA ,214,214,23342,0,0,0,0,0,0,0,0,0,171,171,18922,0,0,0,0,0,0,0,0,0
9808,3362,2920,,Galveston-Texas City  TX PMSA ,279,279,31972,0,0,0,18,72,3356,1,6,207,278,278,31846,0,0,0,18,72,3356,1,6,207
9808,3362,3360,,Houston  TX PMSA ,2066,2066,242974,4,8,344,38,152,8633,51,1243,57429,1722,1722,192909,2,4,232,38,152,8633,46,1126,52774
9808,3400,9999,,Huntington-Ashland  WV-KY-OH MSA ,2,2,225,0,0,0,0,0,0,1,28,6189,1,1,55,0,0,0,0,0,0,1,28,6189
9808,3440,9999,,Huntsville  AL MSA ,96,96,5896,0,0,0,0,0,0,21,168,5604,96,96,5896,0,0,0,0,0,0,21,168,5604
9808,3480,9999,,Indianapolis  IN MSA ,1081,1081,143987,10,20,979,5,19,1082,20,284,13153,915,915,125045,9,18,892,5,19,1082,18,271,12701
9808,3500,9999,,Iowa City  IA MSA ,46,46,7243,2,4,379,1,3,260,0,0,0,46,46,7243,2,4,379,1,3,260,0,0,0
9808,3520,9999,,Jackson  MI MSA ,8,8,786,0,0,0,0,0,0,0,0,0,7,7,737,0,0,0,0,0,0,0,0,0
9808,3560,9999,,Jackson  MS MSA ,230,230,23293,2,4,50,0,0,0,0,0,0,147,147,16401,2,4,50,0,0,0,0,0,0
9808,3580,9999,,Jackson  TN MSA ,59,59,5732,0,0,0,0,0,0,0,0,0,59,59,5732,0,0,0,0,0,0,0,0,0
9808,3600,9999,,Jacksonville  FL MSA ,708,708,85787,3,6,487,2,7,1177,4,26,1034,702,702,85225,3,6,487,2,7,1177,3,18,731
9808,3605,9999,,Jacksonville  NC MSA ,117,117,7198,0,0,0,0,0,0,0,0,0,117,117,7198,0,0,0,0,0,0,0,0,0
9808,3610,9999,,Jamestown  NY MSA ,1,1,87,0,0,0,0,0,0,0,0,0,0,0,0,0,0,0,0,0,0,0,0,0
9808,3620,9999,,Janesville-Beloit  WI MSA ,22,22,2542,1,2,198,1,3,225,1,5,175,21,21,2448,1,2,198,0,0,0,0,0,0
9808,3660,9999,,Johnson City-Kingsport-Bristol  TN-VA MSA ,110,110,10465,3,6,235,0,0,0,8,109,3367,53,53,4659,3,6,235,0,0,0,7,104,3217
9808,3680,9999,,Johnstown  PA MSA ,6,6,582,0,0,0,0,0,0,0,0,0,5,5,522,0,0,0,0,0,0,0,0,0
9808,3700,9999,,Jonesboro  AR MSA ,29,29,3016,0,0,0,0,0,0,0,0,0,29,29,3016,0,0,0,0,0,0,0,0,0
9808,3710,9999,,Joplin  MO MSA ,25,25,1566,0,0,0,0,0,0,0,0,0,25,25,1566,0,0,0,0,0,0,0,0,0
9808,3720,9999,,Kalamazoo-Battle Creek  MI MSA ,85,85,11243,2,4,413,0,0,0,2,11,766,43,43,6252,2,4,413,0,0,0,1,6,530
9808,3760,9999,,Kansas City  MO-KS MSA ,803,803,106224,64,128,8924,16,63,4433,2,89,4542,709,709,95035,62,124,8678,15,60,4306,1,84,4500
9808,3810,9999,,Killeen-Temple  TX MSA ,93,93,9261,4,8,460,12,48,1711,16,96,2764,93,93,9261,4,8,460,12,48,1711,16,96,2764
9808,3840,9999,,Knoxville  TN MSA ,282,282,24448,5,10,602,0,0,0,6,124,8907,218,218,21359,4,8,500,0,0,0,1,40,6000
9808,3850,9999,,Kokomo  IN MSA ,23,23,3566,2,4,370,0,0,0,11,88,3300,12,12,2581,0,0,0,0,0,0,11,88,3300
9808,3870,9999,,La Crosse  WI-MN MSA ,22,22,2900,2,4,234,0,0,0,1,5,205,15,15,1869,0,0,0,0,0,0,0,0,0
9808,3880,9999,,Lafayette  LA MSA ,118,118,11724,0,0,0,0,0,0,0,0,0,101,101,10676,0,0,0,0,0,0,0,0,0
9808,3920,9999,,Lafayette  IN MSA ,66,66,7721,0,0,0,0,0,0,0,0,0,66,66,7721,0,0,0,0,0,0,0,0,0
9808,3960,9999,,Lake Charles  LA MSA ,69,69,6132,1,2,55,0,0,0,1,5,164,66,66,5796,1,2,55,0,0,0,0,0,0
9808,3980,9999,,Lakeland-Winter Haven  FL MSA ,244,244,19303,4,8,262,0,0,0,1,6,281,244,244,19303,4,8,262,0,0,0,1,6,281
9808,4000,9999,,Lancaster  PA MSA ,122,122,14289,0,0,0,1,4,200,2,12,420,113,113,13387,0,0,0,1,4,200,2,12,420
9808,4040,9999,,Lansing-East Lansing  MI MSA ,79,79,10495,2,4,293,0,0,0,1,8,384,77,77,10255,2,4,293,0,0,0,1,8,384
9808,4080,9999,,Laredo  TX MSA ,121,121,6241,1,2,31,2,6,137,2,21,823,0,0,0,0,0,0,0,0,0,0,0,0
9808,4100,9999,,Las Cruces  NM MSA ,63,63,6319,1,2,102,0,0,0,0,0,0,0,0,0,0,0,0,0,0,0,0,0,0
9808,4120,9999,,Las Vegas  NV-AZ MSA ,1641,1641,158823,7,14,855,2,6,365,28,329,16134,1639,1639,158559,7,14,855,2,6,365,28,329,16134
9808,4150,9999,,Lawrence  KS MSA ,26,26,2639,2,4,400,3,9,600,0,0,0,25,25,2567,2,4,400,3,9,600,0,0,0
9808,4200,9999,,Lawton  OK MSA ,9,9,1067,0,0,0,0,0,0,0,0,0,8,8,1013,0,0,0,0,0,0,0,0,0
9808,4240,9999,,Lewiston-Auburn  ME MSA ,15,15,1309,0,0,0,0,0,0,0,0,0,7,7,565,0,0,0,0,0,0,0,0,0
9808,4280,9999,,Lexington  KY MSA ,217,217,23677,11,22,1505,0,0,0,35,370,18497,201,201,22072,11,22,1505,0,0,0,35,370,18497
9808,4320,9999,,Lima  OH MSA ,3,3,519,0,0,0,0,0,0,0,0,0,3,3,519,0,0,0,0,0,0,0,0,0
9808,4360,9999,,Lincoln  NE MSA ,105,105,12173,3,6,268,1,4,161,5,90,2955,7,7,416,0,0,0,0,0,0,0,0,0
9808,4400,9999,,Little Rock-North Little Rock  AR MSA ,176,176,23793,3,6,375,0,0,0,1,6,161,168,168,23125,3,6,375,0,0,0,1,6,161
9808,4420,9999,,Longview-Marshall  TX MSA ,12,12,1597,0,0,0,0,0,0,0,0,0,12,12,1597,0,0,0,0,0,0,0,0,0
9808,4472,4480,,Los Angeles-Long Beach  CA PMSA ,449,449,84917,9,18,1769,2,6,484,22,576,47484,402,402,74093,8,16,1597,0,0,0,16,544,44998
9808,4472,5945,,Orange County  CA PMSA ,797,797,132777,1,2,426,6,19,2464,12,171,12555,761,761,125327,1,2,426,6,19,2464,8,131,8724
9808,4472,6780,,Riverside-San Bernardino  CA PMSA ,1519,1519,230082,5,10,1950,4,12,829,17,225,11881,1273,1273,190364,5,10,1950,4,12,829,16,220,11556
9808,4472,8735,,Ventura  CA PMSA ,151,151,38215,1,2,244,1,3,391,0,0,0,55,55,17904,0,0,0,0,0,0,0,0,0
9808,4520,9999,,Louisville  KY-IN MSA ,548,548,56022,2,4,150,4,16,472,7,84,3435,472,472,48989,1,2,70,4,16,472,5,72,2975
9808,4600,9999,,Lubbock  TX MSA ,46,46,4426,0,0,0,0,0,0,0,0,0,46,46,4426,0,0,0,0,0,0,0,0,0
9808,4640,9999,,Lynchburg  VA MSA ,94,94,10910,1,2,123,0,0,0,0,0,0,79,79,9279,0,0,0,0,0,0,0,0,0
9808,4680,9999,,Macon  GA MSA ,151,151,12183,0,0,0,0,0,0,0,0,0,151,151,12183,0,0,0,0,0,0,0,0,0
9808,4720,9999,,Madison  WI MSA ,101,101,15363,4,8,698,0,0,0,4,95,4514,94,94,13916,4,8,698,0,0,0,3,88,4200
9808,4800,9999,,Mansfield  OH MSA ,32,32,3967,3,6,239,2,6,339,1,5,234,1,1,65,0,0,0,0,0,0,0,0,0
9808,4880,9999,,McAllen-Edinburg-Mission  TX MSA ,419,419,17517,8,16,416,11,43,1103,7,49,1257,98,98,4176,0,0,0,1,4,140,0,0,0
9808,4890,9999,,Medford-Ashland  OR MSA ,86,86,8417,3,6,512,3,12,621,0,0,0,71,71,6780,3,6,512,3,12,621,0,0,0
9808,4900,9999,,Melbourne-Titusville-Palm Bay  FL MSA ,290,290,32137,1,2,153,0,0,0,3,55,4904,130,130,13472,0,0,0,0,0,0,2,48,3900
9808,4920,9999,,Memphis  TN-AR-MS MSA ,615,615,75326,0,0,0,0,0,0,2,16,652,530,530,61631,0,0,0,0,0,0,0,0,0
9808,4940,9999,,Merced  CA MSA ,63,63,6892,0,0,0,0,0,0,2,18,79,23,23,2466,0,0,0,0,0,0,0,0,0
9808,4992,2680,,Fort Lauderdale  FL PMSA ,903,903,109710,7,14,812,6,23,1325,11,86,5051,897,897,109329,7,14,812,6,23,1325,9,66,4008
9808,4992,5000,,Miami  FL PMSA ,451,451,59996,2,4,618,0,0,0,6,908,44282,445,445,59174,2,4,618,0,0,0,6,908,44282
9808,5082,5080,,Milwaukee-Waukesha  WI PMSA ,345,345,54176,18,36,3395,5,20,1496,13,200,9475,303,303,47292,17,34,3226,5,20,1496,12,190,9055
9808,5082,6600,,Racine  WI PMSA ,68,68,8741,0,0,0,0,0,0,6,42,3426,67,67,8628,0,0,0,0,0,0,4,32,3081
9808,5120,9999,,Minneapolis-St. Paul  MN-WI MSA ,1401,1401,194101,16,32,3276,9,33,2278,13,133,7487,1269,1269,174161,13,26,2606,6,23,1796,12,127,7337
9808,5160,9999,,Mobile  AL MSA ,308,308,34699,3,6,531,0,0,0,3,253,33034,155,155,18968,3,6,531,0,0,0,1,230,32500
9808,5170,9999,,Modesto  CA MSA ,172,172,21615,0,0,0,0,0,0,0,0,0,160,160,20371,0,0,0,0,0,0,0,0,0
9808,5200,9999,,Monroe  LA MSA ,42,42,4655,0,0,0,0,0,0,1,6,210,3,3,423,0,0,0,0,0,0,1,6,210
9808,5240,9999,,Montgomery  AL MSA ,128,128,11653,0,0,0,1,4,115,28,392,18800,108,108,10472,0,0,0,0,0,0,28,392,18800
9808,5280,9999,,Muncie  IN MSA ,19,19,2222,0,0,0,1,3,206,0,0,0,5,5,371,0,0,0,0,0,0,0,0,0
9808,5330,9999,,Myrtle Beach  SC MSA ,138,138,12676,1,2,116,2,8,428,11,140,4341,138,138,12676,1,2,116,2,8,428,11,140,4341
9808,5345,9999,,Naples  FL MSA ,254,254,38225,0,0,0,19,76,7817,13,220,32758,247,247,33899,0,0,0,18,72,7196,13,220,32758
9808,5360,9999,,Nashville  TN MSA ,996,996,113640,15,30,1653,0,0,0,9,209,14738,684,684,70754,9,18,965,0,0,0,0,0,0
9808,5520,9999,,New London-Norwich  CT-RI MSA ,91,91,9564,0,0,0,1,3,162,0,0,0,60,60,6908,0,0,0,0,0,0,0,0,0
9808,5560,9999,,New Orleans  LA MSA ,271,271,26188,4,8,258,2,6,278,1,6,201,264,264,25135,3,6,120,1,3,95,0,0,0
9808,5602,0875,,Bergen-Passaic  NJ PMSA ,121,121,22055,6,12,884,2,6,287,1,15,758,72,72,14064,2,4,294,0,0,0,0,0,0
9808,5602,1160,,Bridgeport  CT PMSA ,96,96,11131,0,0,0,0,0,0,1,5,300,89,89,9997,0,0,0,0,0,0,1,5,300
9808,5602,1930,,Danbury  CT PMSA ,75,75,14605,0,0,0,4,14,886,5,30,1596,60,60,11275,0,0,0,4,14,886,5,30,1596
9808,5602,2281,,Dutchess County  NY PMSA ,86,86,12197,1,2,121,1,3,120,1,5,261,70,70,10451,0,0,0,0,0,0,0,0,0
9808,5602,3640,,Jersey City  NJ PMSA ,11,11,616,5,10,444,0,0,0,1,34,2153,0,0,0,0,0,0,0,0,0,0,0,0
9808,5602,5015,,Middlesex-Somerset-Hunterdon  NJ PMSA ,354,354,40866,1,2,100,0,0,0,3,79,967,260,260,31810,1,2,100,0,0,0,1,65,629
9808,5602,5190,,Monmouth-Ocean  NJ PMSA ,558,558,63135,0,0,0,0,0,0,5,63,3089,449,449,52204,0,0,0,0,0,0,4,56,2978
9808,5602,5380,,Nassau-Suffolk  NY PMSA ,470,470,67622,3,6,570,0,0,0,3,19,1383,358,358,53303,1,2,120,0,0,0,0,0,0
9808,5602,5480,,New Haven-Meriden  CT PMSA ,71,71,9397,0,0,0,0,0,0,1,5,372,62,62,8813,0,0,0,0,0,0,1,5,372
9808,5602,5600,,New York  NY PMSA ,192,192,33464,181,362,22447,53,161,10139,15,680,35568,132,132,20403,163,326,20263,52,158,10001,12,664,34874
9808,5602,5640,,Newark  NJ PMSA ,403,403,36014,10,20,1160,4,12,760,1,5,296,350,350,29708,10,20,1160,4,12,760,0,0,0
9808,5602,5660,,Newburgh  NY-PA PMSA ,138,138,15785,2,4,224,0,0,0,0,0,0,100,100,11718,1,2,124,0,0,0,0,0,0
9808,5602,8040,,Stamford-Norwalk  CT PMSA ,47,47,17388,1,2,344,0,0,0,4,53,4595,36,36,10958,0,0,0,0,0,0,3,48,4130
9808,5602,8480,,Trenton  NJ PMSA ,113,113,11025,0,0,0,0,0,0,0,0,0,99,99,9852,0,0,0,0,0,0,0,0,0
9808,5602,8880,,Waterbury  CT PMSA ,51,51,6537,0,0,0,0,0,0,1,5,194,34,34,4801,0,0,0,0,0,0,0,0,0
9808,5720,9999,,Norfolk-Virginia Beach-Newport News  VA-NC MSA ,544,544,64459,3,6,782,9,36,1080,4,25,1903,342,342,41068,2,4,575,9,36,1080,2,15,1080
9808,5790,9999,,Ocala  FL MSA ,214,214,18247,1,2,138,2,8,313,1,5,233,214,214,18247,1,2,138,2,8,313,1,5,233
9808,5800,9999,,Odessa-Midland  TX MSA ,31,31,3255,0,0,0,0,0,0,0,0,0,19,19,2067,0,0,0,0,0,0,0,0,0
9808,5880,9999,,Oklahoma City  OK MSA ,384,384,43028,0,0,0,0,0,0,15,360,16873,380,380,42564,0,0,0,0,0,0,15,360,16873
9808,5920,9999,,Omaha  NE-IA MSA ,265,265,25246,0,0,0,0,0,0,11,237,7895,233,233,22521,0,0,0,0,0,0,10,232,7627
9808,5960,9999,,Orlando  FL MSA ,1441,1441,166435,4,8,372,0,0,0,104,1293,55521,1188,1188,141393,2,4,212,0,0,0,103,1288,54827
9808,5990,9999,,Owensboro  KY MSA ,41,41,2343,0,0,0,0,0,0,2,24,636,20,20,1157,0,0,0,0,0,0,2,24,636
9808,6015,9999,,Panama City  FL MSA ,106,106,11123,3,6,348,1,3,170,2,14,801,106,106,11123,3,6,348,1,3,170,2,14,801
9808,6020,9999,,Parkersburg-Marietta  WV-OH MSA ,26,26,2186,0,0,0,0,0,0,1,6,198,21,21,1530,0,0,0,0,0,0,0,0,0
9808,6080,9999,,Pensacola  FL MSA ,302,302,31791,2,4,341,0,0,0,0,0,0,302,302,31791,2,4,341,0,0,0,0,0,0
9808,6120,9999,,Peoria-Pekin  IL MSA ,96,96,10339,4,8,745,0,0,0,0,0,0,60,60,5876,3,6,540,0,0,0,0,0,0
9808,6162,0560,,Atlantic-Cape May  NJ PMSA ,115,115,11234,11,22,587,0,0,0,0,0,0,78,78,7970,11,22,587,0,0,0,0,0,0
9808,6162,6160,,Philadelphia  PA-NJ PMSA ,1150,1150,125505,3,6,432,3,11,520,16,124,5253,805,805,91399,1,2,124,2,8,400,7,71,2580
9808,6162,8760,,Vineland-Millville-Bridgeton  NJ PMSA ,27,27,1675,0,0,0,0,0,0,1,5,179,23,23,1368,0,0,0,0,0,0,0,0,0
9808,6162,9160,,Wilmington-Newark  DE-MD PMSA ,284,284,22172,1,2,75,0,0,0,2,26,413,64,64,7073,0,0,0,0,0,0,0,0,0
9808,6200,9999,,Phoenix-Mesa  AZ MSA ,3034,3034,378274,5,10,1044,10,35,2781,86,1107,106085,2542,2542,323454,5,10,1044,10,35,2781,82,1070,104069
9808,6240,9999,,Pine Bluff  AR MSA ,10,10,364,1,2,42,0,0,0,1,11,209,4,4,150,0,0,0,0,0,0,0,0,0
9808,6280,9999,,Pittsburgh  PA MSA ,441,441,58032,2,4,150,6,22,1132,6,45,1975,319,319,43669,1,2,130,3,12,660,2,11,529
9808,6320,9999,,Pittsfield  MA MSA ,1,1,247,0,0,0,0,0,0,0,0,0,0,0,0,0,0,0,0,0,0,0,0,0
9808,6340,9999,,Pocatello  ID MSA ,10,10,695,0,0,0,0,0,0,0,0,0,10,10,695,0,0,0,0,0,0,0,0,0
9808,6400,9999,,Portland  ME MSA ,112,112,14384,2,4,349,2,7,291,1,5,122,85,85,11892,2,4,349,1,3,194,0,0,0
9808,6442,6440,,Portland-Vancouver  OR-WA PMSA ,964,964,130368,23,46,3634,13,48,2982,49,502,31787,883,883,117749,20,40,3154,11,42,2627,43,456,29148
9808,6442,7080,,Salem  OR PMSA ,140,140,18576,10,20,1291,9,32,1944,5,28,1635,71,71,8777,8,16,1008,6,23,1351,3,18,1080
9808,6480,9999,,Providence-Fall River-Warwick  RI-MA MSA ,230,230,23805,4,8,321,0,0,0,1,5,225,143,143,15869,1,2,70,0,0,0,0,0,0
9808,6520,9999,,Provo-Orem  UT MSA ,200,200,27298,3,6,637,1,4,420,2,12,592,192,192,26499,3,6,637,1,4,420,2,12,592
9808,6560,9999,,Pueblo  CO MSA ,90,90,9078,2,4,281,1,4,156,0,0,0,90,90,9078,2,4,281,1,4,156,0,0,0
9808,6580,9999,,Punta Gorda  FL MSA ,102,102,10769,1,2,62,0,0,0,1,10,975,102,102,10769,1,2,62,0,0,0,1,10,975
9808,6640,9999,,Raleigh-Durham-Chapel Hill  NC MSA ,1130,1130,139312,10,20,1288,1,3,247,32,342,15984,832,832,107544,8,16,926,1,3,247,24,230,11323
9808,6660,9999,,Rapid City  SD MSA ,29,29,4285,0,0,0,0,0,0,1,6,318,17,17,2940,0,0,0,0,0,0,0,0,0
9808,6680,9999,,Reading  PA MSA ,83,83,7889,1,2,86,0,0,0,0,0,0,49,49,4018,0,0,0,0,0,0,0,0,0
9808,6690,9999,,Redding  CA MSA ,57,57,7505,0,0,0,0,0,0,4,25,1085,57,57,7505,0,0,0,0,0,0,4,25,1085
9808,6720,9999,,Reno  NV MSA ,222,222,26987,1,2,125,0,0,0,13,287,13050,177,177,21291,1,2,125,0,0,0,12,282,12930
9808,6740,9999,,Richland-Kennewick-Pasco  WA MSA ,48,48,6851,0,0,0,0,0,0,0,0,0,25,25,3823,0,0,0,0,0,0,0,0,0
9808,6760,9999,,Richmond-Petersburg  VA MSA ,518,518,54004,0,0,0,2,7,398,7,38,1781,484,484,51073,0,0,0,2,7,398,7,38,1781
9808,6800,9999,,Roanoke  VA MSA ,71,71,5503,1,2,62,0,0,0,1,8,566,64,64,5116,0,0,0,0,0,0,0,0,0
9808,6820,9999,,Rochester  MN MSA ,55,55,7588,4,8,791,3,12,1042,0,0,0,14,14,2280,0,0,0,0,0,0,0,0,0
9808,6840,9999,,Rochester  NY MSA ,152,152,21041,2,4,131,0,0,0,6,48,1234,118,118,14980,1,2,75,0,0,0,6,48,1234
9808,6880,9999,,Rockford  IL MSA ,175,175,13299,3,6,372,1,4,200,0,0,0,175,175,13299,3,6,372,1,4,200,0,0,0
9808,6895,9999,,Rocky Mount  NC MSA ,45,45,3876,3,6,271,1,3,189,4,63,1657,31,31,2321,0,0,0,0,0,0,3,40,1089
9808,6922,6920,,Sacramento  CA PMSA ,862,862,130565,1,2,171,0,0,0,49,588,35463,782,782,115981,1,2,171,0,0,0,48,572,34443
9808,6922,9270,,Yolo  CA PMSA ,64,64,8180,0,0,0,0,0,0,7,87,5470,64,64,8180,0,0,0,0,0,0,7,87,5470
9808,6960,9999,,Saginaw-Bay City-Midland  MI MSA ,35,35,5441,4,8,490,0,0,0,0,0,0,20,20,3537,4,8,490,0,0,0,0,0,0
9808,6980,9999,,St. Cloud  MN MSA ,38,38,3456,0,0,0,0,0,0,4,29,1161,10,10,972,0,0,0,0,0,0,0,0,0
9808,7000,9999,,St. Joseph  MO MSA ,16,16,2786,1,2,180,0,0,0,1,8,350,16,16,2786,1,2,180,0,0,0,1,8,350
9808,7040,9999,,St. Louis  MO-IL MSA ,836,836,103077,18,36,1606,5,17,1050,5,55,1698,774,774,95617,16,32,1274,4,14,897,2,40,1206
9808,7120,9999,,Salinas  CA MSA ,123,123,21778,0,0,0,0,0,0,0,0,0,113,113,20979,0,0,0,0,0,0,0,0,0
9808,7160,9999,,Salt Lake City-Ogden  UT MSA ,663,663,78110,7,14,1675,10,39,2537,12,195,13216,460,460,58588,6,12,1447,8,32,2276,9,162,12026
9808,7200,9999,,San Angelo  TX MSA ,13,13,1379,0,0,0,0,0,0,0,0,0,13,13,1379,0,0,0,0,0,0,0,0,0
9808,7240,9999,,San Antonio  TX MSA ,722,722,79514,2,4,252,0,0,0,1,8,375,667,667,73573,2,4,252,0,0,0,1,8,375
9808,7320,9999,,San Diego  CA MSA ,738,738,115648,6,12,415,17,67,2133,38,923,54120,711,711,111026,6,12,415,16,64,1923,38,923,54120
9808,7362,5775,,Oakland  CA PMSA ,718,718,146673,0,0,0,1,3,219,12,214,14418,685,685,139909,0,0,0,1,3,219,8,154,9435
9808,7362,7360,,San Francisco  CA PMSA ,187,187,51326,13,26,3717,6,19,2429,11,230,26565,124,124,34403,13,26,3717,6,19,2429,10,221,26008
9808,7362,7400,,San Jose  CA PMSA ,399,399,79538,8,16,1367,6,18,1316,6,191,11071,397,397,78890,8,16,1367,6,18,1316,6,191,11071
9808,7362,7485,,Santa Cruz-Watsonville  CA PMSA ,32,32,10574,1,2,178,1,3,253,0,0,0,30,30,10336,0,0,0,0,0,0,0,0,0
9808,7362,7500,,Santa Rosa  CA PMSA ,174,174,28240,2,4,314,0,0,0,0,0,0,139,139,23553,1,2,153,0,0,0,0,0,0
9808,7362,8720,,Vallejo-Fairfield-Napa  CA PMSA ,177,177,31905,0,0,0,0,0,0,7,64,3004,177,177,31905,0,0,0,0,0,0,7,64,3004
9808,7460,9999,,San Luis Obispo-Atascadero-Paso Robles  CA MSA ,147,147,23563,0,0,0,0,0,0,1,24,2124,147,147,23563,0,0,0,0,0,0,1,24,2124
9808,7480,9999,,Santa Barbara-Santa Maria-Lompoc  CA MSA ,40,40,8407,1,2,239,0,0,0,1,10,611,9,9,1541,1,2,239,0,0,0,0,0,0
9808,7490,9999,,Santa Fe  NM MSA ,40,40,4469,0,0,0,0,0,0,3,20,936,7,7,1633,0,0,0,0,0,0,0,0,0
9808,7510,9999,,Sarasota-Bradenton  FL MSA ,511,511,58818,2,4,290,2,7,431,3,961,24838,463,463,52988,2,4,290,2,7,431,2,936,24499
9808,7520,9999,,Savannah  GA MSA ,135,135,15657,0,0,0,0,0,0,1,5,188,122,122,14678,0,0,0,0,0,0,0,0,0
9808,7560,9999,,Scranton--Wilkes-Barre--Hazleton  PA MSA ,43,43,3993,0,0,0,0,0,0,0,0,0,23,23,2269,0,0,0,0,0,0,0,0,0
9808,7602,1150,,Bremerton  WA PMSA ,84,84,9150,0,0,0,0,0,0,0,0,0,7,7,655,0,0,0,0,0,0,0,0,0
9808,7602,5910,,Olympia  WA PMSA ,84,84,10703,0,0,0,0,0,0,0,0,0,80,80,10175,0,0,0,0,0,0,0,0,0
9808,7602,7600,,Seattle-Bellevue-Everett  WA PMSA ,846,846,119740,21,42,3568,14,51,4285,46,491,33386,656,656,93303,17,34,2895,12,45,3290,33,389,22874
9808,7602,8200,,Tacoma  WA PMSA ,340,340,38578,10,20,1384,2,6,623,19,242,14870,327,327,36976,10,20,1384,1,3,366,19,242,14870
9808,7610,9999,,Sharon  PA MSA ,9,9,1072,1,2,160,0,0,0,0,0,0,6,6,693,1,2,160,0,0,0,0,0,0
9808,7620,9999,,Sheboygan  WI MSA ,12,12,1450,0,0,0,0,0,0,0,0,0,12,12,1450,0,0,0,0,0,0,0,0,0
9808,7640,9999,,Sherman-Denison  TX MSA ,5,5,700,0,0,0,0,0,0,0,0,0,4,4,607,0,0,0,0,0,0,0,0,0
9808,7680,9999,,Shreveport-Bossier City  LA MSA ,58,58,7286,0,0,0,0,0,0,0,0,0,58,58,7286,0,0,0,0,0,0,0,0,0
9808,7720,9999,,Sioux City  IA-NE MSA ,19,19,1998,0,0,0,0,0,0,2,28,997,3,3,413,0,0,0,0,0,0,0,0,0
9808,7760,9999,,Sioux Falls  SD MSA ,113,113,10033,2,4,301,0,0,0,2,22,912,112,112,9968,2,4,301,0,0,0,2,22,912
9808,7800,9999,,South Bend  IN MSA ,88,88,11113,0,0,0,0,0,0,0,0,0,88,88,11113,0,0,0,0,0,0,0,0,0
9808,7840,9999,,Spokane  WA MSA ,140,140,18011,10,20,1805,0,0,0,2,13,1603,140,140,18011,10,20,1805,0,0,0,2,13,1603
9808,7880,9999,,Springfield  IL MSA ,47,47,5255,3,6,496,0,0,0,0,0,0,33,33,4358,3,6,496,0,0,0,0,0,0
9808,7920,9999,,Springfield  MO MSA ,151,151,10304,1,2,75,0,0,0,1,24,240,129,129,8847,0,0,0,0,0,0,1,24,240
9808,8000,9999,,Springfield  MA MSA ,72,72,8852,1,2,143,0,0,0,1,6,350,55,55,6522,0,0,0,0,0,0,1,6,350
9808,8050,9999,,State College  PA MSA ,22,22,2447,0,0,0,0,0,0,1,6,382,5,5,418,0,0,0,0,0,0,0,0,0
9808,8080,9999,,Steubenville-Weirton  OH-WV MSA ,3,3,540,0,0,0,0,0,0,0,0,0,3,3,540,0,0,0,0,0,0,0,0,0
9808,8120,9999,,Stockton-Lodi  CA MSA ,289,289,40453,0,0,0,0,0,0,0,0,0,285,285,39948,0,0,0,0,0,0,0,0,0
9808,8140,9999,,Sumter  SC MSA ,32,32,2352,1,2,81,0,0,0,0,0,0,0,0,0,0,0,0,0,0,0,0,0,0
9808,8160,9999,,Syracuse  NY MSA ,56,56,5648,0,0,0,0,0,0,0,0,0,47,47,4810,0,0,0,0,0,0,0,0,0
9808,8240,9999,,Tallahassee  FL MSA ,106,106,11076,0,0,0,0,0,0,0,0,0,106,106,11076,0,0,0,0,0,0,0,0,0
9808,8280,9999,,Tampa-St. Petersburg-Clearwater  FL MSA ,996,996,113053,18,36,1978,5,17,1150,27,593,32555,969,969,111090,18,36,1978,5,17,1150,25,559,31055
9808,8320,9999,,Terre Haute  IN MSA ,23,23,2917,0,0,0,0,0,0,0,0,0,23,23,2917,0,0,0,0,0,0,0,0,0
9808,8360,9999,,Texarkana  TX-Texarkana  AR MSA ,11,11,914,1,2,100,0,0,0,0,0,0,11,11,914,1,2,100,0,0,0,0,0,0
9808,8400,9999,,Toledo  OH MSA ,119,119,15751,1,2,240,0,0,0,5,81,2564,119,119,15751,1,2,240,0,0,0,5,81,2564
9808,8440,9999,,Topeka  KS MSA ,43,43,6192,1,2,90,0,0,0,0,0,0,43,43,6192,1,2,90,0,0,0,0,0,0
9808,8520,9999,,Tucson  AZ MSA ,488,488,62692,0,0,0,0,0,0,2,18,1055,403,403,53741,0,0,0,0,0,0,2,18,1055
9808,8560,9999,,Tulsa  OK MSA ,287,287,30128,0,0,0,0,0,0,15,250,11488,246,246,25471,0,0,0,0,0,0,13,232,10873
9808,8600,9999,,Tuscaloosa  AL MSA ,47,47,4519,0,0,0,0,0,0,1,60,2812,47,47,4519,0,0,0,0,0,0,1,60,2812
9808,8640,9999,,Tyler  TX MSA ,27,27,4630,0,0,0,0,0,0,1,12,554,0,0,0,0,0,0,0,0,0,0,0,0
9808,8680,9999,,Utica-Rome  NY MSA ,6,6,668,0,0,0,0,0,0,0,0,0,6,6,668,0,0,0,0,0,0,0,0,0
9808,8750,9999,,Victoria  TX MSA ,13,13,1179,0,0,0,0,0,0,0,0,0,13,13,1179,0,0,0,0,0,0,0,0,0
9808,8780,9999,,Visalia-Tulare-Porterville  CA MSA ,97,97,10143,4,8,416,1,3,120,0,0,0,97,97,10143,4,8,416,1,3,120,0,0,0
9808,8800,9999,,Waco  TX MSA ,25,25,2714,6,12,644,0,0,0,1,20,950,6,6,684,5,10,550,0,0,0,0,0,0
9808,8872,0720,,Baltimore  MD PMSA ,772,772,81926,1,2,116,4,14,795,23,178,8400,756,756,80773,1,2,116,4,14,795,21,167,7852
9808,8872,3180,,Hagerstown  MD PMSA ,58,58,5554,1,2,55,0,0,0,0,0,0,58,58,5554,1,2,55,0,0,0,0,0,0
9808,8872,8840,,Washington  DC-MD-VA-WV PMSA ,2439,2439,272586,0,0,0,3,10,465,25,764,45220,2282,2282,255116,0,0,0,1,4,227,19,690,41399
9808,8920,9999,,Waterloo-Cedar Falls  IA MSA ,10,10,1535,0,0,0,0,0,0,0,0,0,10,10,1535,0,0,0,0,0,0,0,0,0
9808,8940,9999,,Wausau  WI MSA ,32,32,3764,5,10,683,0,0,0,0,0,0,19,19,2326,4,8,593,0,0,0,0,0,0
9808,8960,9999,,West Palm Beach-Boca Raton  FL MSA ,499,499,62885,4,8,1654,3,11,1197,7,231,21747,494,494,57332,3,6,529,3,11,1197,7,231,21747
9808,9000,9999,,Wheeling  WV-OH MSA ,2,2,190,0,0,0,0,0,0,0,0,0,2,2,190,0,0,0,0,0,0,0,0,0
9808,9040,9999,,Wichita  KS MSA ,201,201,18577,12,24,1348,0,0,0,0,0,0,170,170,15941,11,22,1156,0,0,0,0,0,0
9808,9080,9999,,Wichita Falls  TX MSA ,8,8,804,0,0,0,0,0,0,0,0,0,8,8,804,0,0,0,0,0,0,0,0,0
9808,9200,9999,,Wilmington  NC MSA ,179,179,16990,2,4,220,1,3,153,4,41,1272,96,96,10963,2,4,220,0,0,0,2,30,773
9808,9260,9999,,Yakima  WA MSA ,35,35,4122,3,6,394,0,0,0,0,0,0,8,8,700,3,6,394,0,0,0,0,0,0
9808,9280,9999,,York  PA MSA ,109,109,12708,1,2,113,0,0,0,1,5,250,84,84,10031,0,0,0,0,0,0,1,5,250
9808,9320,9999,,Youngstown-Warren  OH MSA ,92,92,11448,15,30,2038,7,27,1823,1,5,290,91,91,10528,15,30,2038,7,27,1823,1,5,290
9808,9340,9999,,Yuba City  CA MSA ,19,19,3049,0,0,0,0,0,0,1,5,198,12,12,2249,0,0,0,0,0,0,0,0,0
9808,9360,9999,,Yuma  AZ MSA ,66,66,6540,0,0,0,0,0,0,0,0,0,66,66,6540,0,0,0,0,0,0,0,0,0
9808,1122,9999,,Boston-Worcester-Lawrence  MA-NH-ME-CT CMSA ,1324,1324,171349,22,44,3486,10,33,3162,8,107,5651,804,804,105037,19,38,3151,7,23,1819,5,72,3700
9808,1602,9999,,Chicago-Gary-Kenosha  IL-IN-WI CMSA ,2440,2440,358982,39,78,6619,40,142,9739,36,382,24469,2083,2083,310146,35,70,6050,35,124,8538,26,313,20620
9808,1642,9999,,Cincinnati-Hamilton  OH-KY-IN CMSA ,806,806,95481,13,26,1618,21,77,5699,30,374,16136,592,592,72348,9,18,1197,13,50,4139,19,287,12614
9808,1692,9999,,Cleveland-Akron  OH CMSA ,798,798,130254,9,18,1726,4,15,1165,31,236,8811,597,597,107602,5,10,1104,3,11,780,26,194,7337
9808,1922,9999,,Dallas-Fort Worth  TX CMSA ,2716,2716,372511,7,14,956,39,155,5394,117,1940,89594,2245,2245,293824,7,14,956,39,155,5394,114,1907,88161
9808,2082,9999,,Denver-Boulder-Greeley  CO CMSA ,1608,1608,215583,16,32,2928,13,48,3890,43,523,23096,1513,1513,204230,14,28,2639,13,48,3890,42,518,22758
9808,2162,9999,,Detroit-Ann Arbor-Flint  MI CMSA ,1874,1874,240657,18,36,3524,27,99,6449,43,828,52778,1443,1443,182313,11,22,2281,22,83,5339,32,731,48065
9808,3362,9999,,Houston-Galveston-Brazoria  TX CMSA ,2559,2559,298288,4,8,344,56,224,11989,52,1249,57636,2171,2171,243677,2,4,232,56,224,11989,47,1132,52981
9808,4472,9999,,Los Angeles-Riverside-Orange County  CA CMSA ,2916,2916,485991,16,32,4389,13,40,4168,51,972,71920,2491,2491,407688,14,28,3973,10,31,3293,40,895,65278
9808,4992,9999,,Miami-Fort Lauderdale  FL CMSA ,1354,1354,169706,9,18,1430,6,23,1325,17,994,49333,1342,1342,168503,9,18,1430,6,23,1325,15,974,48290
9808,5082,9999,,Milwaukee-Racine  WI CMSA ,413,413,62917,18,36,3395,5,20,1496,19,242,12901,370,370,55920,17,34,3226,5,20,1496,16,222,12136
9808,5602,9999,,New York-Northern New Jersey-Long Island  NY-NJ-CT-PA CMSA ,2786,2786,361837,210,420,26294,64,196,12192,42,998,51532,2171,2171,279357,178,356,22061,60,184,11647,27,873,44879
9808,6162,9999,,Philadelphia-Wilmington-Atlantic City  PA-NJ-DE-MD CMSA ,1576,1576,160586,15,30,1094,3,11,520,19,155,5845,970,970,107810,12,24,711,2,8,400,7,71,2580
9808,6442,9999,,Portland-Salem  OR-WA CMSA ,1104,1104,148944,33,66,4925,22,80,4926,54,530,33422,954,954,126526,28,56,4162,17,65,3978,46,474,30228
9808,6922,9999,,Sacramento-Yolo  CA CMSA ,926,926,138745,1,2,171,0,0,0,56,675,40933,846,846,124161,1,2,171,0,0,0,55,659,39913
9808,7362,9999,,San Francisco-Oakland-San Jose  CA CMSA ,1687,1687,348256,24,48,5576,14,43,4217,36,699,55058,1552,1552,318996,22,44,5237,13,40,3964,31,630,49518
9808,7602,9999,,Seattle-Tacoma-Bremerton  WA CMSA ,1354,1354,178171,31,62,4952,16,57,4908,65,733,48256,1070,1070,141109,27,54,4279,13,48,3656,52,631,37744
9808,8872,9999,,Washington-Baltimore  DC-MD-VA-WV CMSA ,3269,3269,360066,2,4,171,7,24,1260,48,942,53620,3096,3096,341443,2,4,171,5,18,1022,40,857,49251
