Survey,MSA/,PMSA,,MA,,1-unit,,,2-units,,,3-4 units,,,5+ units,,,1-unit rep,,,2-units rep,,,3-4 units rep,,,5+ units rep
Date,CMSA,,,Name,Bldgs,Units,Value,Bldgs,Units,Value,Bldgs,Units,Value,Bldgs,Units,Value,Bldgs,Units,Value,Bldgs,Units,Value,Bldgs,Units,Value,Bldgs,Units,Value

9906,0040,9999,,Abilene  TX MSA ,23,23,3100,0,0,0,0,0,0,0,0,0,0,0,0,0,0,0,0,0,0,0,0,0
9906,0120,9999,,Albany  GA MSA ,50,50,6080,0,0,0,0,0,0,0,0,0,50,50,6080,0,0,0,0,0,0,0,0,0
9906,0160,9999,,Albany-Schenectady-Troy  NY MSA ,191,191,27326,1,2,174,0,0,0,2,28,1915,182,182,26371,1,2,174,0,0,0,1,16,1218
9906,0200,9999,,Albuquerque  NM MSA ,576,576,51796,0,0,0,1,3,162,2,34,1110,29,29,3630,0,0,0,0,0,0,0,0,0
9906,0220,9999,,Alexandria  LA MSA ,50,50,5672,0,0,0,0,0,0,0,0,0,50,50,5672,0,0,0,0,0,0,0,0,0
9906,0240,9999,,Allentown-Bethlehem-Easton  PA MSA ,175,175,21222,1,2,70,2,7,329,2,55,2382,149,149,18154,1,2,70,0,0,0,1,41,1875
9906,0280,9999,,Altoona  PA MSA ,9,9,1323,0,0,0,0,0,0,0,0,0,9,9,1323,0,0,0,0,0,0,0,0,0
9906,0320,9999,,Amarillo  TX MSA ,69,69,8535,0,0,0,0,0,0,0,0,0,69,69,8535,0,0,0,0,0,0,0,0,0
9906,0380,9999,,Anchorage  AK MSA ,75,75,13717,5,10,1214,0,0,0,17,179,18544,75,75,13717,5,10,1214,0,0,0,17,179,18544
9906,0450,9999,,Anniston  AL MSA ,16,16,1501,0,0,0,0,0,0,1,7,321,6,6,540,0,0,0,0,0,0,0,0,0
9906,0460,9999,,Appleton-Oshkosh-Neenah  WI MSA ,113,113,15658,14,28,1972,3,12,1084,6,51,2351,85,85,12545,10,20,1486,2,8,880,3,24,1380
9906,0480,9999,,Asheville  NC MSA ,111,111,19937,4,8,390,1,4,127,1,5,364,111,111,19937,4,8,390,1,4,127,1,5,364
9906,0500,9999,,Athens  GA MSA ,82,82,9917,11,22,827,0,0,0,1,6,433,66,66,8573,11,22,827,0,0,0,1,6,433
9906,0520,9999,,Atlanta  GA MSA ,4255,4255,452032,24,48,2846,4,13,681,64,1670,79124,4025,4025,430245,23,46,2761,4,13,681,63,1649,78508
9906,0600,9999,,Augusta-Aiken  GA-SC MSA ,241,241,23994,0,0,0,1,4,51,4,26,968,214,214,20750,0,0,0,0,0,0,2,16,840
9906,0640,9999,,Austin-San Marcos  TX MSA ,822,822,95806,1,2,80,4,16,574,17,275,10145,822,822,95806,1,2,80,4,16,574,17,275,10145
9906,0680,9999,,Bakersfield  CA MSA ,317,317,39312,0,0,0,6,23,1503,0,0,0,244,244,30069,0,0,0,5,20,1288,0,0,0
9906,0730,9999,,Bangor  ME MSA ,22,22,2171,0,0,0,0,0,0,0,0,0,11,11,1158,0,0,0,0,0,0,0,0,0
9906,0740,9999,,Barnstable-Yarmouth  MA MSA ,110,110,17107,4,8,1124,3,9,1258,0,0,0,88,88,13142,4,8,1124,3,9,1258,0,0,0
9906,0760,9999,,Baton Rouge  LA MSA ,151,151,11113,0,0,0,0,0,0,9,184,5625,151,151,11113,0,0,0,0,0,0,9,184,5625
9906,0840,9999,,Beaumont-Port Arthur  TX MSA ,35,35,3855,0,0,0,0,0,0,0,0,0,23,23,2567,0,0,0,0,0,0,0,0,0
9906,0860,9999,,Bellingham  WA MSA ,102,102,14046,6,12,1293,7,23,1512,5,52,2435,44,44,6406,6,12,1293,7,23,1512,5,52,2435
9906,0870,9999,,Benton Harbor  MI MSA ,6,6,1063,0,0,0,0,0,0,1,10,485,6,6,1063,0,0,0,0,0,0,0,0,0
9906,0880,9999,,Billings  MT MSA ,46,46,5491,0,0,0,1,4,240,2,16,648,46,46,5491,0,0,0,1,4,240,2,16,648
9906,0920,9999,,Biloxi-Gulfport-Pascagoula  MS MSA ,215,215,18955,1,2,127,0,0,0,0,0,0,206,206,18189,1,2,127,0,0,0,0,0,0
9906,0960,9999,,Binghamton  NY MSA ,12,12,2471,0,0,0,0,0,0,0,0,0,10,10,2045,0,0,0,0,0,0,0,0,0
9906,1000,9999,,Birmingham  AL MSA ,445,445,61271,0,0,0,3,9,743,1,5,413,316,316,46970,0,0,0,3,9,743,1,5,413
9906,1010,9999,,Bismarck  ND MSA ,50,50,6986,5,10,1295,0,0,0,3,28,980,50,50,6986,5,10,1295,0,0,0,3,28,980
9906,1020,9999,,Bloomington  IN MSA ,42,42,5452,6,12,923,4,16,1106,0,0,0,42,42,5452,6,12,923,4,16,1106,0,0,0
9906,1040,9999,,Bloomington-Normal  IL MSA ,69,69,8931,2,4,324,0,0,0,2,20,400,69,69,8931,2,4,324,0,0,0,2,20,400
9906,1080,9999,,Boise City  ID MSA ,555,555,69774,3,6,572,0,0,0,5,116,4300,440,440,56034,3,6,572,0,0,0,5,116,4300
9906,1122,1120,,Boston  MA-NH PMSA ,557,557,88060,20,40,2701,3,9,650,11,330,69933,343,343,57380,14,28,1799,2,6,350,6,303,67946
9906,1122,1200,,Brockton  MA PMSA ,82,82,9492,0,0,0,0,0,0,0,0,0,67,67,7711,0,0,0,0,0,0,0,0,0
9906,1122,2600,,Fitchburg-Leominster  MA PMSA ,41,41,4528,0,0,0,0,0,0,1,5,106,13,13,1398,0,0,0,0,0,0,0,0,0
9906,1122,4160,,Lawrence  MA-NH PMSA ,118,118,17593,2,4,440,2,6,1090,1,8,240,80,80,11824,2,4,440,2,6,1090,1,8,240
9906,1122,4560,,Lowell  MA-NH PMSA ,86,86,9653,1,2,145,0,0,0,2,10,540,52,52,6604,0,0,0,0,0,0,0,0,0
9906,1122,4760,,Manchester  NH PMSA ,84,84,10804,2,4,254,1,3,216,0,0,0,22,22,3404,0,0,0,0,0,0,0,0,0
9906,1122,5350,,Nashua  NH PMSA ,69,69,9003,0,0,0,0,0,0,1,7,458,26,26,4256,0,0,0,0,0,0,0,0,0
9906,1122,5400,,New Bedford  MA PMSA ,27,27,3194,1,2,40,0,0,0,0,0,0,12,12,1544,1,2,40,0,0,0,0,0,0
9906,1122,6450,,Portsmouth-Rochester  NH-ME PMSA ,130,130,17764,2,4,265,0,0,0,0,0,0,81,81,11068,1,2,120,0,0,0,0,0,0
9906,1122,9240,,Worcester  MA-CT PMSA ,179,179,21235,2,4,381,0,0,0,8,47,2144,122,122,14143,1,2,160,0,0,0,7,42,1925
9906,1240,9999,,Brownsville-Harlingen-San Benito  TX MSA ,175,175,11952,3,6,285,4,15,616,0,0,0,29,29,2337,0,0,0,0,0,0,0,0,0
9906,1260,9999,,Bryan-College Station  TX MSA ,71,71,6411,28,56,3572,0,0,0,1,5,213,31,31,3605,26,52,3390,0,0,0,0,0,0
9906,1280,9999,,Buffalo-Niagara Falls  NY MSA ,147,147,20490,1,2,170,0,0,0,3,43,1106,116,116,15994,0,0,0,0,0,0,0,0,0
9906,1305,9999,,Burlington  VT MSA ,79,79,9492,1,2,65,1,4,390,4,101,2589,70,70,8389,1,2,65,1,4,390,3,96,2438
9906,1320,9999,,Canton-Massillon  OH MSA ,112,112,17819,4,8,725,1,3,335,1,5,240,8,8,1380,0,0,0,0,0,0,0,0,0
9906,1350,9999,,Casper  WY MSA ,9,9,1186,1,2,520,0,0,0,0,0,0,6,6,818,1,2,520,0,0,0,0,0,0
9906,1360,9999,,Cedar Rapids  IA MSA ,74,74,7381,3,6,451,3,12,661,8,81,2019,70,70,6977,3,6,451,3,12,661,7,76,1790
9906,1400,9999,,Champaign-Urbana  IL MSA ,51,51,6440,0,0,0,0,0,0,4,60,2051,51,51,6440,0,0,0,0,0,0,4,60,2051
9906,1440,9999,,Charleston-North Charleston  SC MSA ,340,340,49916,0,0,0,0,0,0,8,136,4609,338,338,49514,0,0,0,0,0,0,7,128,3850
9906,1480,9999,,Charleston  WV MSA ,37,37,4563,0,0,0,0,0,0,3,20,1315,4,4,320,0,0,0,0,0,0,2,15,750
9906,1520,9999,,Charlotte-Gastonia-Rock Hill  NC-SC MSA ,1976,1976,224919,18,36,1731,4,16,751,88,1295,54423,1975,1975,224809,18,36,1731,4,16,751,88,1295,54423
9906,1540,9999,,Charlottesville  VA MSA ,107,107,15919,6,12,1089,0,0,0,1,6,273,87,87,14231,6,12,1089,0,0,0,1,6,273
9906,1560,9999,,Chattanooga  TN-GA MSA ,214,214,25478,2,4,152,2,6,202,2,15,613,171,171,20268,0,0,0,1,3,150,0,0,0
9906,1580,9999,,Cheyenne  WY MSA ,26,26,3352,0,0,0,0,0,0,0,0,0,26,26,3352,0,0,0,0,0,0,0,0,0
9906,1602,1600,,Chicago  IL PMSA ,2790,2790,420042,35,70,5515,36,119,8754,46,554,32531,2310,2310,355912,31,62,4935,29,97,7461,41,522,31322
9906,1602,2960,,Gary  IN PMSA ,302,302,42854,18,36,3054,4,16,1316,1,9,582,255,255,37469,13,26,2202,3,12,1076,0,0,0
9906,1602,3740,,Kankakee  IL PMSA ,42,42,5303,1,2,140,0,0,0,0,0,0,39,39,4939,0,0,0,0,0,0,0,0,0
9906,1602,3800,,Kenosha  WI PMSA ,48,48,7780,1,2,142,0,0,0,1,6,574,47,47,7677,1,2,142,0,0,0,1,6,574
9906,1620,9999,,Chico-Paradise  CA MSA ,134,134,13986,0,0,0,0,0,0,0,0,0,133,133,13882,0,0,0,0,0,0,0,0,0
9906,1642,1640,,Cincinnati  OH-KY-IN PMSA ,780,780,90511,4,8,830,2,8,553,21,188,8853,696,696,80154,3,6,770,2,8,553,16,161,7806
9906,1642,3200,,Hamilton-Middletown  OH PMSA ,202,202,24342,1,2,141,1,4,295,1,6,344,14,14,1175,1,2,141,0,0,0,0,0,0
9906,1660,9999,,Clarksville-Hopkinsville  TN-KY MSA ,116,116,8813,0,0,0,0,0,0,5,180,4158,116,116,8813,0,0,0,0,0,0,5,180,4158
9906,1692,0080,,Akron  OH PMSA ,336,336,46684,5,10,425,4,13,637,5,37,1298,294,294,41952,5,10,425,1,3,115,1,7,340
9906,1692,1680,,Cleveland-Lorain-Elyria  OH PMSA ,716,716,126623,9,18,1972,3,11,921,4,28,1670,565,565,104063,7,14,1658,1,3,270,2,12,914
9906,1720,9999,,Colorado Springs  CO MSA ,401,401,55741,1,2,177,1,4,319,1,12,721,401,401,55741,1,2,177,1,4,319,1,12,721
9906,1740,9999,,Columbia  MO MSA ,121,121,13814,12,24,825,1,4,240,3,20,1080,121,121,13814,12,24,825,1,4,240,3,20,1080
9906,1760,9999,,Columbia  SC MSA ,368,368,31178,1,2,142,0,0,0,21,364,12203,368,368,31178,1,2,142,0,0,0,21,364,12203
9906,1800,9999,,Columbus  GA-AL MSA ,85,85,9443,4,8,332,6,24,845,6,49,1886,85,85,9443,4,8,332,6,24,845,6,49,1886
9906,1840,9999,,Columbus  OH MSA ,998,998,127455,6,12,943,13,49,2973,29,274,11712,348,348,54855,2,4,250,0,0,0,0,0,0
9906,1880,9999,,Corpus Christi  TX MSA ,48,48,5318,0,0,0,2,8,271,0,0,0,48,48,5318,0,0,0,2,8,271,0,0,0
9906,1900,9999,,Cumberland  MD-WV MSA ,17,17,1260,0,0,0,0,0,0,0,0,0,17,17,1260,0,0,0,0,0,0,0,0,0
9906,1922,1920,,Dallas  TX PMSA ,2192,2192,328503,0,0,0,0,0,0,41,884,42654,2097,2097,313533,0,0,0,0,0,0,37,851,41111
9906,1922,2800,,Fort Worth-Arlington  TX PMSA ,852,852,110005,2,4,183,4,16,781,12,275,13292,669,669,80783,1,2,90,0,0,0,10,258,12676
9906,1950,9999,,Danville  VA MSA ,32,32,3284,0,0,0,0,0,0,0,0,0,6,6,747,0,0,0,0,0,0,0,0,0
9906,1960,9999,,Davenport-Moline-Rock Island  IA-IL MSA ,58,58,8904,0,0,0,1,3,270,1,12,550,58,58,8904,0,0,0,1,3,270,1,12,550
9906,2000,9999,,Dayton-Springfield  OH MSA ,186,186,26105,2,4,290,4,15,1109,0,0,0,157,157,22726,2,4,290,4,15,1109,0,0,0
9906,2020,9999,,Daytona Beach  FL MSA ,417,417,38388,1,2,121,2,6,364,2,12,1392,271,271,26739,1,2,121,2,6,364,1,6,414
9906,2030,9999,,Decatur  Al MSA ,35,35,4322,1,2,60,0,0,0,1,5,105,25,25,3469,0,0,0,0,0,0,0,0,0
9906,2040,9999,,Decatur  IL MSA ,16,16,1898,0,0,0,0,0,0,0,0,0,16,16,1898,0,0,0,0,0,0,0,0,0
9906,2082,1125,,Boulder-Longmont  CO PMSA ,291,291,37311,1,2,123,0,0,0,1,24,1223,246,246,30524,1,2,123,0,0,0,0,0,0
9906,2082,2080,,Denver  CO PMSA ,1622,1622,218693,25,50,4349,10,37,2481,15,192,13711,1511,1511,203310,25,50,4349,10,37,2481,11,133,11202
9906,2082,3060,,Greeley  CO PMSA ,326,326,40450,5,10,738,0,0,0,1,6,414,240,240,27608,2,4,192,0,0,0,0,0,0
9906,2120,9999,,Des Moines  IA MSA ,267,267,36152,1,2,264,1,3,396,6,72,1677,245,245,33182,1,2,264,1,3,396,6,72,1677
9906,2162,0440,,Ann Arbor  MI PMSA ,472,472,58343,1,2,218,3,10,1488,3,31,1194,298,298,34104,0,0,0,1,4,400,0,0,0
9906,2162,2160,,Detroit  MI PMSA ,1709,1709,250558,12,24,2308,17,63,5330,30,321,17025,1380,1380,213830,11,22,2036,12,46,4103,23,268,13710
9906,2162,2640,,Flint  MI PMSA ,201,201,23784,1,2,223,3,12,1144,3,24,1376,169,169,20620,0,0,0,3,12,1144,3,24,1376
9906,2180,9999,,Dothan  AL MSA ,31,31,1918,0,0,0,0,0,0,0,0,0,31,31,1918,0,0,0,0,0,0,0,0,0
9906,2190,9999,,Dover  DE MSA ,77,77,8321,0,0,0,0,0,0,4,24,725,77,77,8321,0,0,0,0,0,0,4,24,725
9906,2200,9999,,Dubuque  IA MSA ,22,22,2748,1,2,148,0,0,0,0,0,0,9,9,992,1,2,148,0,0,0,0,0,0
9906,2240,9999,,Duluth-Superior  MN-WI MSA ,77,77,8671,0,0,0,1,3,235,1,5,231,60,60,6839,0,0,0,0,0,0,0,0,0
9906,2290,9999,,Eau Claire  WI MSA ,52,52,6738,2,4,274,2,8,300,0,0,0,23,23,3819,0,0,0,2,8,300,0,0,0
9906,2320,9999,,El Paso  TX MSA ,291,291,15278,0,0,0,0,0,0,9,45,1256,290,290,15233,0,0,0,0,0,0,9,45,1256
9906,2330,9999,,Elkhart-Goshen  IN MSA ,110,110,12098,6,12,677,0,0,0,0,0,0,103,103,11388,6,12,677,0,0,0,0,0,0
9906,2335,9999,,Elmira  NY MSA ,5,5,581,0,0,0,0,0,0,0,0,0,1,1,95,0,0,0,0,0,0,0,0,0
9906,2340,9999,,Enid  OK MSA ,10,10,1386,0,0,0,0,0,0,0,0,0,10,10,1386,0,0,0,0,0,0,0,0,0
9906,2360,9999,,Erie  PA MSA ,45,45,5679,0,0,0,0,0,0,0,0,0,44,44,5586,0,0,0,0,0,0,0,0,0
9906,2400,9999,,Eugene-Springfield  OR MSA ,105,105,15557,7,14,1153,1,4,225,0,0,0,72,72,10669,7,14,1153,0,0,0,0,0,0
9906,2440,9999,,Evansville-Henderson  IN-KY MSA ,129,129,14521,1,2,127,2,6,1873,2,24,876,80,80,8384,0,0,0,2,6,1873,2,24,876
9906,2520,9999,,Fargo-Moorhead  ND-MN MSA ,72,72,9112,0,0,0,1,4,227,3,84,4939,70,70,8858,0,0,0,1,4,227,3,84,4939
9906,2560,9999,,Fayetteville  NC MSA ,78,78,7798,0,0,0,0,0,0,0,0,0,78,78,7798,0,0,0,0,0,0,0,0,0
9906,2580,9999,,Fayetteville-Springdale-Rogers  AR MSA ,160,160,16602,2,4,223,1,3,172,1,6,291,160,160,16602,2,4,223,1,3,172,1,6,291
9906,2620,9999,,Flagstaff  AZ-UT MSA ,43,43,7233,0,0,0,0,0,0,21,244,14598,43,43,7233,0,0,0,0,0,0,21,244,14598
9906,2650,9999,,Florence  AL MSA ,11,11,1245,0,0,0,0,0,0,0,0,0,11,11,1245,0,0,0,0,0,0,0,0,0
9906,2655,9999,,Florence  SC MSA ,51,51,4427,1,2,42,0,0,0,2,11,478,0,0,0,0,0,0,0,0,0,0,0,0
9906,2670,9999,,Fort Collins-Loveland  CO MSA ,278,278,35431,5,10,955,1,3,129,3,21,1302,120,120,14063,5,10,955,0,0,0,3,21,1302
9906,2700,9999,,Fort Myers-Cape Coral  FL MSA ,439,439,60596,12,24,1868,20,70,9191,13,195,15543,432,432,58236,12,24,1868,20,70,9191,13,195,15543
9906,2710,9999,,Fort Pierce-Port St. Lucie  FL MSA ,215,215,26737,0,0,0,1,3,100,4,55,3548,107,107,16733,0,0,0,0,0,0,3,42,2796
9906,2720,9999,,Fort Smith  AR-OK MSA ,54,54,6398,4,8,508,0,0,0,0,0,0,54,54,6398,4,8,508,0,0,0,0,0,0
9906,2750,9999,,Fort Walton Beach  FL MSA ,123,123,10617,0,0,0,0,0,0,2,25,1552,113,113,9761,0,0,0,0,0,0,1,20,1400
9906,2760,9999,,Fort Wayne  IN MSA ,332,332,48227,0,0,0,2,8,260,6,48,1210,316,316,46376,0,0,0,2,8,260,6,48,1210
9906,2840,9999,,Fresno  CA MSA ,374,374,47638,1,2,124,0,0,0,1,12,648,359,359,46236,0,0,0,0,0,0,1,12,648
9906,2880,9999,,Gadsden  AL MSA ,3,3,216,0,0,0,0,0,0,0,0,0,2,2,206,0,0,0,0,0,0,0,0,0
9906,2900,9999,,Gainesville  FL MSA ,94,94,9132,0,0,0,1,3,98,6,62,2487,69,69,7166,0,0,0,0,0,0,3,40,1432
9906,2975,9999,,Glens Falls  NY MSA ,42,42,4652,0,0,0,0,0,0,0,0,0,29,29,3749,0,0,0,0,0,0,0,0,0
9906,2980,9999,,Goldsboro  NC MSA ,34,34,3486,6,12,324,0,0,0,0,0,0,8,8,1048,6,12,324,0,0,0,0,0,0
9906,2985,9999,,Grand Forks  ND-MN MSA ,5,5,760,0,0,0,0,0,0,0,0,0,5,5,760,0,0,0,0,0,0,0,0,0
9906,2995,9999,,Grand Junction  CO MSA ,271,271,26986,13,26,1814,1,3,154,0,0,0,271,271,26986,13,26,1814,1,3,154,0,0,0
9906,3000,9999,,Grand Rapids-Muskegon-Holland  MI MSA ,640,640,79426,9,18,1326,3,9,711,6,47,1331,352,352,46884,3,6,498,0,0,0,0,0,0
9906,3040,9999,,Great Falls  MT MSA ,8,8,1121,0,0,0,0,0,0,0,0,0,8,8,1121,0,0,0,0,0,0,0,0,0
9906,3080,9999,,Green Bay  WI MSA ,107,107,16776,7,14,949,0,0,0,0,0,0,92,92,14927,5,10,661,0,0,0,0,0,0
9906,3120,9999,,Greensboro--Winston-Salem--High Point  NC MSA ,818,818,90780,4,8,366,2,7,224,31,607,24261,784,784,86625,4,8,366,2,7,224,30,602,24085
9906,3150,9999,,Greenville  NC MSA ,51,51,6537,7,14,999,0,0,0,0,0,0,51,51,6537,7,14,999,0,0,0,0,0,0
9906,3160,9999,,Greenville-Spartanburg-Anderson  SC MSA ,650,650,66277,18,36,990,0,0,0,6,75,2358,640,640,65068,18,36,990,0,0,0,5,64,1744
9906,3240,9999,,Harrisburg-Lebanon-Carlisle  PA MSA ,181,181,20724,3,6,404,3,11,539,2,14,935,169,169,19251,3,6,404,3,11,539,2,14,935
9906,3280,9999,,Hartford  CT MSA ,380,380,46778,0,0,0,0,0,0,4,58,3038,343,343,42542,0,0,0,0,0,0,4,58,3038
9906,3285,9999,,Hattiesburg  MS MSA ,9,9,1227,1,2,49,0,0,0,1,5,142,1,1,70,0,0,0,0,0,0,0,0,0
9906,3290,9999,,Hickory-Morganton-Lenoir  NC MSA ,154,154,19080,2,4,345,0,0,0,0,0,0,140,140,17408,2,4,345,0,0,0,0,0,0
9906,3320,9999,,Honolulu  HI MSA ,101,101,17464,0,0,0,3,9,1500,3,92,6158,101,101,17464,0,0,0,3,9,1500,3,92,6158
9906,3350,9999,,Houma  LA MSA ,64,64,6135,0,0,0,0,0,0,0,0,0,64,64,6135,0,0,0,0,0,0,0,0,0
9906,3362,1145,,Brazoria  TX PMSA ,156,156,16942,0,0,0,0,0,0,0,0,0,105,105,11997,0,0,0,0,0,0,0,0,0
9906,3362,2920,,Galveston-Texas City  TX PMSA ,196,196,24432,0,0,0,2,8,373,0,0,0,194,194,24304,0,0,0,0,0,0,0,0,0
9906,3362,3360,,Houston  TX PMSA ,2103,2103,244511,0,0,0,13,52,2086,31,526,25630,2081,2081,239546,0,0,0,13,52,2086,28,471,23384
9906,3400,9999,,Huntington-Ashland  WV-KY-OH MSA ,8,8,577,1,2,70,0,0,0,0,0,0,7,7,407,1,2,70,0,0,0,0,0,0
9906,3440,9999,,Huntsville  AL MSA ,93,93,5826,0,0,0,0,0,0,0,0,0,93,93,5826,0,0,0,0,0,0,0,0,0
9906,3480,9999,,Indianapolis  IN MSA ,1433,1433,199055,15,30,2238,2,8,1157,9,91,4676,1034,1034,133031,13,26,1926,2,8,1157,7,75,3531
9906,3500,9999,,Iowa City  IA MSA ,52,52,7314,4,8,704,2,7,735,1,12,604,52,52,7314,4,8,704,2,7,735,1,12,604
9906,3520,9999,,Jackson  MI MSA ,9,9,953,0,0,0,0,0,0,0,0,0,7,7,740,0,0,0,0,0,0,0,0,0
9906,3560,9999,,Jackson  MS MSA ,254,254,25642,0,0,0,3,12,1661,3,41,1535,172,172,17869,0,0,0,0,0,0,0,0,0
9906,3580,9999,,Jackson  TN MSA ,69,69,6892,1,2,63,0,0,0,3,20,570,22,22,2042,0,0,0,0,0,0,0,0,0
9906,3600,9999,,Jacksonville  FL MSA ,778,778,103942,3,6,460,0,0,0,1,15,2950,778,778,103942,3,6,460,0,0,0,1,15,2950
9906,3605,9999,,Jacksonville  NC MSA ,111,111,7498,0,0,0,1,3,52,0,0,0,55,55,3440,0,0,0,0,0,0,0,0,0
9906,3610,9999,,Jamestown  NY MSA ,1,1,88,0,0,0,0,0,0,0,0,0,0,0,0,0,0,0,0,0,0,0,0,0
9906,3620,9999,,Janesville-Beloit  WI MSA ,34,34,4089,2,4,320,1,3,225,1,5,175,34,34,4089,2,4,320,0,0,0,0,0,0
9906,3660,9999,,Johnson City-Kingsport-Bristol  TN-VA MSA ,93,93,8902,0,0,0,0,0,0,0,0,0,61,61,5681,0,0,0,0,0,0,0,0,0
9906,3680,9999,,Johnstown  PA MSA ,8,8,1249,0,0,0,0,0,0,0,0,0,7,7,1144,0,0,0,0,0,0,0,0,0
9906,3700,9999,,Jonesboro  AR MSA ,32,32,4343,0,0,0,1,4,320,0,0,0,32,32,4343,0,0,0,1,4,320,0,0,0
9906,3710,9999,,Joplin  MO MSA ,20,20,1808,2,4,206,0,0,0,0,0,0,0,0,0,0,0,0,0,0,0,0,0,0
9906,3720,9999,,Kalamazoo-Battle Creek  MI MSA ,116,116,15036,0,0,0,0,0,0,4,32,1280,44,44,5729,0,0,0,0,0,0,0,0,0
9906,3760,9999,,Kansas City  MO-KS MSA ,1032,1032,134114,47,94,7105,7,26,1822,43,519,17738,932,932,122771,41,82,6280,6,23,1693,42,514,17560
9906,3810,9999,,Killeen-Temple  TX MSA ,124,124,11933,6,12,591,6,24,912,0,0,0,124,124,11933,6,12,591,6,24,912,0,0,0
9906,3840,9999,,Knoxville  TN MSA ,314,314,31422,1,2,80,2,6,240,0,0,0,313,313,31405,1,2,80,2,6,240,0,0,0
9906,3850,9999,,Kokomo  IN MSA ,42,42,5257,1,2,300,0,0,0,1,6,225,28,28,3301,1,2,300,0,0,0,0,0,0
9906,3870,9999,,La Crosse  WI-MN MSA ,31,31,4656,4,8,556,1,3,157,1,8,379,28,28,4197,2,4,305,0,0,0,0,0,0
9906,3880,9999,,Lafayette  LA MSA ,96,96,10617,0,0,0,0,0,0,0,0,0,96,96,10617,0,0,0,0,0,0,0,0,0
9906,3920,9999,,Lafayette  IN MSA ,65,65,8442,1,2,96,0,0,60,1,34,1251,65,65,8442,1,2,96,0,0,60,1,34,1251
9906,3960,9999,,Lake Charles  LA MSA ,56,56,5723,1,2,68,0,0,0,2,13,470,42,42,3722,0,0,0,0,0,0,0,0,0
9906,3980,9999,,Lakeland-Winter Haven  FL MSA ,291,291,31695,1,2,66,7,28,741,0,0,0,279,279,30869,0,0,0,7,28,741,0,0,0
9906,4000,9999,,Lancaster  PA MSA ,139,139,18029,1,2,80,0,0,0,2,12,600,126,126,16818,1,2,80,0,0,0,2,12,600
9906,4040,9999,,Lansing-East Lansing  MI MSA ,110,110,14806,4,8,631,0,0,0,0,0,0,108,108,14565,4,8,631,0,0,0,0,0,0
9906,4080,9999,,Laredo  TX MSA ,140,140,7233,1,2,92,0,0,0,1,11,388,0,0,0,0,0,0,0,0,0,0,0,0
9906,4100,9999,,Las Cruces  NM MSA ,85,85,9628,0,0,0,0,0,0,0,0,0,44,44,4751,0,0,0,0,0,0,0,0,0
9906,4120,9999,,Las Vegas  NV-AZ MSA ,2374,2374,254664,8,16,930,19,73,4155,117,1325,64765,2111,2111,232565,8,16,930,18,70,4044,109,1213,60218
9906,4150,9999,,Lawrence  KS MSA ,34,34,4363,8,16,1458,0,0,0,0,0,0,32,32,4222,8,16,1458,0,0,0,0,0,0
9906,4200,9999,,Lawton  OK MSA ,12,12,1308,0,0,0,0,0,0,0,0,0,10,10,1191,0,0,0,0,0,0,0,0,0
9906,4240,9999,,Lewiston-Auburn  ME MSA ,15,15,1667,0,0,0,0,0,0,0,0,0,12,12,1414,0,0,0,0,0,0,0,0,0
9906,4280,9999,,Lexington  KY MSA ,335,335,37047,6,12,485,0,0,0,3,16,1000,316,316,34515,6,12,485,0,0,0,3,16,1000
9906,4320,9999,,Lima  OH MSA ,2,2,270,0,0,0,0,0,0,0,0,0,2,2,270,0,0,0,0,0,0,0,0,0
9906,4360,9999,,Lincoln  NE MSA ,131,131,17170,3,6,318,0,0,0,4,59,2065,5,5,404,0,0,0,0,0,0,0,0,0
9906,4400,9999,,Little Rock-North Little Rock  AR MSA ,215,215,27805,0,0,0,0,0,0,0,0,0,215,215,27805,0,0,0,0,0,0,0,0,0
9906,4420,9999,,Longview-Marshall  TX MSA ,15,15,2343,0,0,0,0,0,0,0,0,0,15,15,2343,0,0,0,0,0,0,0,0,0
9906,4472,4480,,Los Angeles-Long Beach  CA PMSA ,818,818,142830,20,40,4690,3,11,878,15,412,31734,760,760,130985,19,38,4523,3,11,878,9,372,29503
9906,4472,5945,,Orange County  CA PMSA ,1177,1177,253480,1,2,314,3,10,878,30,462,24343,1119,1119,235444,0,0,0,3,10,878,29,456,23792
9906,4472,6780,,Riverside-San Bernardino  CA PMSA ,2065,2065,348667,1,2,336,0,0,0,13,202,10111,1704,1704,285890,0,0,0,0,0,0,10,175,8617
9906,4472,8735,,Ventura  CA PMSA ,380,380,90819,0,0,0,0,0,0,7,69,3280,380,380,90819,0,0,0,0,0,0,7,69,3280
9906,4520,9999,,Louisville  KY-IN MSA ,700,700,76499,4,8,350,1,3,98,6,42,1593,609,609,67906,2,4,174,0,0,0,4,32,1229
9906,4600,9999,,Lubbock  TX MSA ,60,60,5634,0,0,0,0,0,0,0,0,0,60,60,5634,0,0,0,0,0,0,0,0,0
9906,4640,9999,,Lynchburg  VA MSA ,113,113,12042,0,0,0,2,6,340,0,0,0,98,98,10336,0,0,0,2,6,340,0,0,0
9906,4680,9999,,Macon  GA MSA ,148,148,12070,0,0,0,0,0,0,1,9,492,90,90,6980,0,0,0,0,0,0,0,0,0
9906,4720,9999,,Madison  WI MSA ,137,137,20719,7,14,1397,5,20,1515,5,94,4934,116,116,16938,5,10,982,2,8,690,3,83,4473
9906,4800,9999,,Mansfield  OH MSA ,39,39,4686,3,6,392,3,11,641,1,7,163,1,1,243,0,0,0,0,0,0,0,0,0
9906,4880,9999,,McAllen-Edinburg-Mission  TX MSA ,403,403,20316,6,12,554,6,23,703,4,26,734,58,58,3181,0,0,0,0,0,0,0,0,0
9906,4890,9999,,Medford-Ashland  OR MSA ,194,194,24354,2,4,238,0,0,0,1,5,321,194,194,24354,2,4,238,0,0,0,1,5,321
9906,4900,9999,,Melbourne-Titusville-Palm Bay  FL MSA ,335,335,40422,0,0,0,2,8,558,1,6,416,161,161,19251,0,0,0,2,8,558,0,0,0
9906,4920,9999,,Memphis  TN-AR-MS MSA ,743,743,101108,2,4,110,2,8,411,42,448,19554,707,707,97761,2,4,110,2,8,411,42,448,19554
9906,4940,9999,,Merced  CA MSA ,102,102,11656,0,0,0,0,0,0,0,0,0,37,37,4674,0,0,0,0,0,0,0,0,0
9906,4992,2680,,Fort Lauderdale  FL PMSA ,855,855,120445,2,4,203,3,10,648,24,404,32898,853,853,120273,2,4,203,3,10,648,23,399,32622
9906,4992,5000,,Miami  FL PMSA ,537,537,48407,8,16,1265,5,20,1750,14,414,29996,536,536,47988,8,16,1265,5,20,1750,14,414,29996
9906,5082,5080,,Milwaukee-Waukesha  WI PMSA ,452,452,74150,21,42,3924,6,24,2280,11,131,9416,335,335,56581,13,26,2324,4,16,1730,8,106,8197
9906,5082,6600,,Racine  WI PMSA ,75,75,9881,2,4,527,0,0,0,3,15,608,25,25,3440,1,2,333,0,0,0,0,0,0
9906,5120,9999,,Minneapolis-St. Paul  MN-WI MSA ,2184,2184,295090,26,52,6102,18,69,6228,19,429,25950,2021,2021,270162,22,44,5388,17,65,6114,15,409,24937
9906,5140,9999,,Missoula  MT MSA ,38,38,4067,0,0,0,4,15,672,0,0,0,38,38,4067,0,0,0,4,15,672,0,0,0
9906,5160,9999,,Mobile  AL MSA ,306,306,32272,4,8,533,0,0,0,5,80,5400,64,64,7664,3,6,297,0,0,0,3,66,5000
9906,5170,9999,,Modesto  CA MSA ,230,230,31190,0,0,0,0,0,0,1,5,229,230,230,31190,0,0,0,0,0,0,0,0,0
9906,5200,9999,,Monroe  LA MSA ,43,43,5722,1,2,175,0,0,0,1,5,100,43,43,5722,1,2,175,0,0,0,1,5,100
9906,5240,9999,,Montgomery  AL MSA ,126,126,11260,2,4,209,3,12,405,0,0,0,126,126,11260,2,4,209,3,12,405,0,0,0
9906,5280,9999,,Muncie  IN MSA ,23,23,2624,0,0,0,1,4,65,0,0,0,7,7,439,0,0,0,1,4,65,0,0,0
9906,5330,9999,,Myrtle Beach  SC MSA ,196,196,20084,1,2,240,1,4,229,20,292,15185,196,196,20084,1,2,240,1,4,229,20,292,15185
9906,5345,9999,,Naples  FL MSA ,324,324,59147,1,2,102,32,123,11148,19,260,18399,324,324,59147,1,2,102,32,123,11148,19,260,18399
9906,5360,9999,,Nashville  TN MSA ,1044,1044,126450,14,28,1589,2,7,470,15,164,8374,690,690,78360,3,6,225,1,3,150,11,98,3920
9906,5520,9999,,New London-Norwich  CT-RI MSA ,93,93,11493,0,0,0,0,0,0,1,10,467,58,58,7596,0,0,0,0,0,0,0,0,0
9906,5560,9999,,New Orleans  LA MSA ,304,304,38497,5,10,412,0,0,0,1,21,1116,297,297,37224,5,10,412,0,0,0,0,0,0
9906,5602,0875,,Bergen-Passaic  NJ PMSA ,128,128,22590,2,4,226,0,0,0,3,142,4488,73,73,11864,1,2,120,0,0,0,1,12,673
9906,5602,1160,,Bridgeport  CT PMSA ,91,91,13088,0,0,0,0,0,0,0,0,0,83,83,11398,0,0,0,0,0,0,0,0,0
9906,5602,1930,,Danbury  CT PMSA ,144,144,25125,0,0,0,0,0,0,0,0,0,128,128,20864,0,0,0,0,0,0,0,0,0
9906,5602,2281,,Dutchess County  NY PMSA ,93,93,15788,0,0,0,0,0,0,0,0,0,59,59,10513,0,0,0,0,0,0,0,0,0
9906,5602,3640,,Jersey City  NJ PMSA ,7,7,387,6,12,625,0,0,0,3,71,5953,0,0,0,0,0,0,0,0,0,0,0,0
9906,5602,5015,,Middlesex-Somerset-Hunterdon  NJ PMSA ,527,527,64131,1,2,0,2,7,200,19,411,5121,354,354,45580,0,0,0,1,3,125,16,358,3854
9906,5602,5190,,Monmouth-Ocean  NJ PMSA ,629,629,69244,0,0,0,0,0,0,2,12,104,346,346,42610,0,0,0,0,0,0,0,0,0
9906,5602,5380,,Nassau-Suffolk  NY PMSA ,396,396,56950,3,6,293,0,0,0,30,465,38041,330,330,49622,2,4,228,0,0,0,28,452,36384
9906,5602,5480,,New Haven-Meriden  CT PMSA ,103,103,14188,0,0,0,0,0,0,4,159,7047,89,89,12860,0,0,0,0,0,0,1,92,5100
9906,5602,5600,,New York  NY PMSA ,427,427,72697,92,184,11836,41,125,8648,24,898,47825,323,323,53027,91,182,11700,39,118,7954,20,854,45264
9906,5602,5640,,Newark  NJ PMSA ,344,344,50437,26,52,3221,1,4,270,1,7,273,263,263,38291,26,52,3221,1,4,270,0,0,0
9906,5602,5660,,Newburgh  NY-PA PMSA ,166,166,20022,1,2,117,1,3,189,4,53,4102,115,115,14178,0,0,0,0,0,0,1,24,2000
9906,5602,8040,,Stamford-Norwalk  CT PMSA ,49,49,21209,2,4,540,0,0,0,0,0,0,34,34,12689,1,2,350,0,0,0,0,0,0
9906,5602,8480,,Trenton  NJ PMSA ,104,104,11131,0,0,0,0,0,0,0,0,0,91,91,10248,0,0,0,0,0,0,0,0,0
9906,5602,8880,,Waterbury  CT PMSA ,55,55,7342,0,0,0,0,0,0,0,0,0,46,46,5910,0,0,0,0,0,0,0,0,0
9906,5720,9999,,Norfolk-Virginia Beach-Newport News  VA-NC MSA ,747,747,80821,6,12,816,7,27,1336,11,204,10035,615,615,69756,5,10,581,7,27,1336,10,199,9836
9906,5790,9999,,Ocala  FL MSA ,233,233,22949,0,0,0,1,4,199,0,0,0,231,231,22841,0,0,0,1,4,199,0,0,0
9906,5800,9999,,Odessa-Midland  TX MSA ,28,28,3414,0,0,0,0,0,0,0,0,0,13,13,1900,0,0,0,0,0,0,0,0,0
9906,5880,9999,,Oklahoma City  OK MSA ,565,565,66609,9,18,1046,0,0,0,1,8,395,561,561,66152,9,18,1046,0,0,0,1,8,395
9906,5920,9999,,Omaha  NE-IA MSA ,394,394,39658,2,4,440,0,0,0,1,12,553,394,394,39658,2,4,440,0,0,0,1,12,553
9906,5960,9999,,Orlando  FL MSA ,1700,1700,190570,2,4,277,1,3,113,46,807,41762,1643,1643,184698,2,4,277,1,3,113,46,807,41762
9906,5990,9999,,Owensboro  KY MSA ,53,53,3172,0,0,0,1,4,102,1,16,442,29,29,1816,0,0,0,1,4,102,1,16,442
9906,6015,9999,,Panama City  FL MSA ,72,72,7517,0,0,0,0,0,0,1,16,799,72,72,7517,0,0,0,0,0,0,1,16,799
9906,6020,9999,,Parkersburg-Marietta  WV-OH MSA ,22,22,2259,0,0,0,0,0,0,0,0,0,22,22,2259,0,0,0,0,0,0,0,0,0
9906,6080,9999,,Pensacola  FL MSA ,209,209,23389,0,0,0,0,0,0,0,0,0,209,209,23389,0,0,0,0,0,0,0,0,0
9906,6120,9999,,Peoria-Pekin  IL MSA ,104,104,14021,4,8,698,0,0,0,1,5,179,27,27,4196,1,2,110,0,0,0,0,0,0
9906,6162,0560,,Atlantic-Cape May  NJ PMSA ,188,188,17243,11,22,630,0,0,0,1,5,179,120,120,9484,10,20,445,0,0,0,0,0,0
9906,6162,6160,,Philadelphia  PA-NJ PMSA ,1372,1372,160990,3,6,376,3,12,1154,26,354,16946,954,954,119706,2,4,198,3,12,1154,18,249,10921
9906,6162,8760,,Vineland-Millville-Bridgeton  NJ PMSA ,34,34,3331,0,0,0,0,0,0,1,16,811,30,30,2507,0,0,0,0,0,0,0,0,0
9906,6162,9160,,Wilmington-Newark  DE-MD PMSA ,289,289,27633,0,0,0,0,0,0,2,34,1297,56,56,5608,0,0,0,0,0,0,0,0,0
9906,6200,9999,,Phoenix-Mesa  AZ MSA ,4061,4061,515888,1,2,177,4,14,719,98,1061,50812,3703,3703,482791,1,2,177,4,14,719,96,1031,49157
9906,6240,9999,,Pine Bluff  AR MSA ,12,12,912,1,2,50,0,0,0,1,7,181,6,6,586,1,2,50,0,0,0,0,0,0
9906,6280,9999,,Pittsburgh  PA MSA ,534,534,67003,6,12,888,5,17,889,20,430,18106,383,383,48267,4,8,793,2,8,568,13,353,14600
9906,6320,9999,,Pittsfield  MA MSA ,0,0,0,0,0,0,0,0,0,0,0,0,0,0,0,0,0,0,0,0,0,0,0,0
9906,6340,9999,,Pocatello  ID MSA ,5,5,545,0,0,0,0,0,0,0,0,0,5,5,545,0,0,0,0,0,0,0,0,0
9906,6400,9999,,Portland  ME MSA ,118,118,15844,4,8,400,0,0,0,0,0,0,63,63,9591,4,8,400,0,0,0,0,0,0
9906,6442,6440,,Portland-Vancouver  OR-WA PMSA ,1061,1061,147829,19,38,3063,16,62,4663,13,268,12735,949,949,131780,17,34,2756,15,59,4466,11,255,11808
9906,6442,7080,,Salem  OR PMSA ,172,172,24035,4,8,617,2,7,374,12,89,7566,29,29,3467,0,0,0,1,4,219,8,52,5900
9906,6480,9999,,Providence-Fall River-Warwick  RI-MA MSA ,276,276,29232,4,8,655,1,3,161,1,5,200,152,152,16382,2,4,400,0,0,0,0,0,0
9906,6520,9999,,Provo-Orem  UT MSA ,265,265,30202,2,4,235,2,7,446,8,88,4870,254,254,29103,2,4,235,2,7,446,8,88,4870
9906,6560,9999,,Pueblo  CO MSA ,128,128,13649,5,10,646,1,4,165,0,0,0,128,128,13649,5,10,646,1,4,165,0,0,0
9906,6580,9999,,Punta Gorda  FL MSA ,107,107,11865,0,0,0,2,7,478,3,21,1015,20,20,2807,0,0,0,1,4,303,0,0,0
9906,6640,9999,,Raleigh-Durham-Chapel Hill  NC MSA ,1397,1397,181108,6,12,633,0,0,0,90,990,44404,998,998,136113,0,0,0,0,0,0,84,886,39204
9906,6660,9999,,Rapid City  SD MSA ,42,42,5189,0,0,0,1,3,212,1,21,972,27,27,3332,0,0,0,0,0,0,0,0,0
9906,6680,9999,,Reading  PA MSA ,73,73,7980,1,2,186,0,0,0,7,60,2834,59,59,6364,1,2,186,0,0,0,5,40,1914
9906,6690,9999,,Redding  CA MSA ,72,72,9713,0,0,0,0,0,0,0,0,0,72,72,9713,0,0,0,0,0,0,0,0,0
9906,6720,9999,,Reno  NV MSA ,299,299,36172,0,0,0,0,0,0,4,38,1307,217,217,26008,0,0,0,0,0,0,0,0,0
9906,6740,9999,,Richland-Kennewick-Pasco  WA MSA ,79,79,11650,0,0,0,1,4,298,0,0,0,60,60,9895,0,0,0,1,4,298,0,0,0
9906,6760,9999,,Richmond-Petersburg  VA MSA ,677,677,74371,0,0,0,1,4,231,11,151,7115,649,649,71973,0,0,0,1,4,231,9,130,6425
9906,6800,9999,,Roanoke  VA MSA ,73,73,5954,3,6,195,0,0,0,1,6,427,66,66,5564,2,4,134,0,0,0,0,0,0
9906,6820,9999,,Rochester  MN MSA ,84,84,12190,3,6,657,3,11,907,1,13,826,23,23,4175,0,0,0,0,0,0,0,0,0
9906,6840,9999,,Rochester  NY MSA ,185,185,32048,0,0,0,3,12,824,3,15,767,123,123,20123,0,0,0,3,12,824,0,0,0
9906,6880,9999,,Rockford  IL MSA ,137,137,12518,3,6,321,4,16,807,1,10,339,137,137,12518,3,6,321,4,16,807,1,10,339
9906,6895,9999,,Rocky Mount  NC MSA ,48,48,4363,0,0,0,0,0,0,0,0,0,31,31,2379,0,0,0,0,0,0,0,0,0
9906,6922,6920,,Sacramento  CA PMSA ,1098,1098,183144,0,0,0,0,0,0,15,120,9276,1096,1096,182901,0,0,0,0,0,0,15,120,9276
9906,6922,9270,,Yolo  CA PMSA ,99,99,18233,0,0,0,0,0,0,1,173,10397,99,99,18233,0,0,0,0,0,0,1,173,10397
9906,6960,9999,,Saginaw-Bay City-Midland  MI MSA ,39,39,5287,3,6,502,0,0,0,1,5,328,16,16,2052,0,0,0,0,0,0,0,0,0
9906,6980,9999,,St. Cloud  MN MSA ,69,69,7510,0,0,0,0,0,0,1,5,283,48,48,5169,0,0,0,0,0,0,0,0,0
9906,7000,9999,,St. Joseph  MO MSA ,14,14,1798,3,6,327,1,3,122,1,5,162,0,0,0,0,0,0,0,0,0,0,0,0
9906,7040,9999,,St. Louis  MO-IL MSA ,1088,1088,130434,32,64,4576,6,23,1272,9,151,6581,960,960,112849,27,54,3834,5,19,1122,6,134,5830
9906,7120,9999,,Salinas  CA MSA ,185,185,34903,0,0,0,0,0,0,7,91,5850,183,183,34678,0,0,0,0,0,0,7,91,5850
9906,7160,9999,,Salt Lake City-Ogden  UT MSA ,792,792,99985,14,28,2773,4,16,994,6,166,6847,586,586,76674,12,24,2444,3,12,751,3,131,5126
9906,7200,9999,,San Angelo  TX MSA ,20,20,2246,0,0,0,0,0,0,0,0,0,20,20,2246,0,0,0,0,0,0,0,0,0
9906,7240,9999,,San Antonio  TX MSA ,831,831,94804,5,10,565,2,8,461,35,280,13839,807,807,92565,5,10,565,2,8,461,35,280,13839
9906,7320,9999,,San Diego  CA MSA ,1432,1432,243857,4,8,901,10,32,3085,10,96,5769,1258,1258,205355,3,6,530,10,32,3085,10,96,5769
9906,7362,5775,,Oakland  CA PMSA ,1277,1277,277645,0,0,0,1,4,319,11,165,15966,1206,1206,261509,0,0,0,1,4,319,7,139,13308
9906,7362,7360,,San Francisco  CA PMSA ,178,178,43901,14,28,4485,0,0,0,1,8,1350,152,152,35748,14,28,4485,0,0,0,1,8,1350
9906,7362,7400,,San Jose  CA PMSA ,437,437,92747,3,6,557,0,0,0,3,40,3709,378,378,83204,3,6,557,0,0,0,2,20,1836
9906,7362,7485,,Santa Cruz-Watsonville  CA PMSA ,39,39,8796,0,0,0,1,3,333,2,31,3307,7,7,1550,0,0,0,0,0,0,1,25,2794
9906,7362,7500,,Santa Rosa  CA PMSA ,285,285,46618,0,0,0,1,4,464,9,100,10239,232,232,38956,0,0,0,1,4,464,9,100,10239
9906,7362,8720,,Vallejo-Fairfield-Napa  CA PMSA ,406,406,74360,1,2,208,0,0,0,8,114,5880,276,276,55082,1,2,208,0,0,0,7,108,5489
9906,7460,9999,,San Luis Obispo-Atascadero-Paso Robles  CA MSA ,134,134,20243,1,2,104,0,0,0,0,0,0,37,37,5746,1,2,104,0,0,0,0,0,0
9906,7480,9999,,Santa Barbara-Santa Maria-Lompoc  CA MSA ,47,47,11848,6,12,1510,0,0,0,4,31,2667,35,35,9544,5,10,1274,0,0,0,4,31,2667
9906,7490,9999,,Santa Fe  NM MSA ,53,53,5456,0,0,0,0,0,0,12,160,6632,53,53,5456,0,0,0,0,0,0,12,160,6632
9906,7510,9999,,Sarasota-Bradenton  FL MSA ,546,546,68754,4,8,1081,10,40,2840,13,309,15629,492,492,62251,4,8,1081,10,40,2840,12,298,15480
9906,7520,9999,,Savannah  GA MSA ,142,142,16489,0,0,0,0,0,0,0,0,0,142,142,16489,0,0,0,0,0,0,0,0,0
9906,7560,9999,,Scranton--Wilkes-Barre--Hazleton  PA MSA ,51,51,5493,2,4,180,2,8,640,0,0,0,32,32,3758,2,4,180,2,8,640,0,0,0
9906,7602,1150,,Bremerton  WA PMSA ,111,111,12927,2,4,321,0,0,0,0,0,0,90,90,9002,1,2,140,0,0,0,0,0,0
9906,7602,5910,,Olympia  WA PMSA ,339,339,40735,10,20,2187,0,0,0,1,6,553,330,330,39470,9,18,1984,0,0,0,1,6,553
9906,7602,7600,,Seattle-Bellevue-Everett  WA PMSA ,955,955,143202,18,36,3140,8,28,2607,44,766,51194,687,687,106292,15,30,2669,4,15,1198,32,669,41881
9906,7602,8200,,Tacoma  WA PMSA ,429,429,51494,10,20,1243,0,0,0,23,252,10090,393,393,47937,10,20,1243,0,0,0,23,252,10090
9906,7610,9999,,Sharon  PA MSA ,12,12,2074,0,0,0,0,0,0,0,0,0,10,10,1830,0,0,0,0,0,0,0,0,0
9906,7620,9999,,Sheboygan  WI MSA ,6,6,825,0,0,0,0,0,0,2,16,800,6,6,825,0,0,0,0,0,0,2,16,800
9906,7640,9999,,Sherman-Denison  TX MSA ,2,2,150,0,0,0,0,0,0,0,0,0,2,2,150,0,0,0,0,0,0,0,0,0
9906,7680,9999,,Shreveport-Bossier City  LA MSA ,88,88,12994,0,0,0,0,0,0,0,0,0,88,88,12994,0,0,0,0,0,0,0,0,0
9906,7720,9999,,Sioux City  IA-NE MSA ,15,15,1540,1,2,58,0,0,0,0,0,0,15,15,1540,1,2,58,0,0,0,0,0,0
9906,7760,9999,,Sioux Falls  SD MSA ,162,162,15519,1,2,143,0,0,0,1,12,1020,157,157,15123,1,2,143,0,0,0,1,12,1020
9906,7800,9999,,South Bend  IN MSA ,105,105,13393,0,0,0,0,0,0,1,164,10400,105,105,13393,0,0,0,0,0,0,1,164,10400
9906,7840,9999,,Spokane  WA MSA ,154,154,20341,11,22,2165,1,3,177,3,72,4025,154,154,20341,11,22,2165,1,3,177,3,72,4025
9906,7880,9999,,Springfield  IL MSA ,102,102,9767,39,78,3583,11,35,1292,3,22,474,91,91,9312,39,78,3583,11,35,1292,3,22,474
9906,7920,9999,,Springfield  MO MSA ,211,211,24450,4,8,336,1,4,182,1,17,383,125,125,15541,0,0,0,0,0,0,0,0,0
9906,8000,9999,,Springfield  MA MSA ,66,66,9345,2,4,129,1,3,375,0,0,0,60,60,8327,2,4,129,1,3,375,0,0,0
9906,8050,9999,,State College  PA MSA ,39,39,4854,0,0,0,0,0,0,1,10,336,39,39,4854,0,0,0,0,0,0,1,10,336
9906,8080,9999,,Steubenville-Weirton  OH-WV MSA ,7,7,880,0,0,0,0,0,0,1,8,240,5,5,535,0,0,0,0,0,0,1,8,240
9906,8120,9999,,Stockton-Lodi  CA MSA ,427,427,58942,1,2,229,0,0,0,1,56,3365,407,407,55828,1,2,229,0,0,0,1,56,3365
9906,8140,9999,,Sumter  SC MSA ,10,10,912,3,6,631,0,0,0,0,0,0,10,10,912,3,6,631,0,0,0,0,0,0
9906,8160,9999,,Syracuse  NY MSA ,86,86,8698,1,2,110,0,0,0,0,0,0,80,80,8225,1,2,110,0,0,0,0,0,0
9906,8240,9999,,Tallahassee  FL MSA ,88,88,9951,6,12,697,0,0,0,0,0,0,88,88,9951,6,12,697,0,0,0,0,0,0
9906,8280,9999,,Tampa-St. Petersburg-Clearwater  FL MSA ,1264,1264,124428,20,40,4150,7,25,2192,115,1365,72150,1263,1263,124079,20,40,4150,7,25,2192,114,1360,71803
9906,8320,9999,,Terre Haute  IN MSA ,24,24,3155,0,0,0,0,0,0,0,0,0,24,24,3155,0,0,0,0,0,0,0,0,0
9906,8360,9999,,Texarkana  TX-Texarkana  AR MSA ,22,22,1365,0,0,0,0,0,0,0,0,0,22,22,1365,0,0,0,0,0,0,0,0,0
9906,8400,9999,,Toledo  OH MSA ,132,132,17931,3,6,418,2,8,650,1,8,400,132,132,17931,3,6,418,2,8,650,1,8,400
9906,8440,9999,,Topeka  KS MSA ,57,57,7337,10,20,1131,2,8,560,0,0,0,18,18,1907,10,20,1131,2,8,560,0,0,0
9906,8520,9999,,Tucson  AZ MSA ,579,579,80987,2,4,353,4,16,1278,7,108,6490,468,468,65055,2,4,353,4,16,1278,7,108,6490
9906,8560,9999,,Tulsa  OK MSA ,334,334,37515,0,0,0,0,0,0,4,38,1235,302,302,33164,0,0,0,0,0,0,1,10,175
9906,8600,9999,,Tuscaloosa  AL MSA ,54,54,4985,0,0,0,0,0,0,0,0,0,54,54,4985,0,0,0,0,0,0,0,0,0
9906,8640,9999,,Tyler  TX MSA ,31,31,5508,0,0,0,0,0,0,1,6,277,0,0,0,0,0,0,0,0,0,0,0,0
9906,8680,9999,,Utica-Rome  NY MSA ,8,8,983,0,0,0,0,0,0,0,0,0,5,5,614,0,0,0,0,0,0,0,0,0
9906,8750,9999,,Victoria  TX MSA ,23,23,2091,0,0,0,0,0,0,0,0,0,23,23,2091,0,0,0,0,0,0,0,0,0
9906,8780,9999,,Visalia-Tulare-Porterville  CA MSA ,137,137,15865,0,0,0,1,4,258,0,0,0,137,137,15865,0,0,0,1,4,258,0,0,0
9906,8800,9999,,Waco  TX MSA ,44,44,4492,1,2,82,0,0,0,1,35,1031,26,26,2777,0,0,0,0,0,0,0,0,0
9906,8872,0720,,Baltimore  MD PMSA ,838,838,93292,1,2,116,1,4,231,17,139,6683,825,825,92502,1,2,116,1,4,231,15,129,6376
9906,8872,3180,,Hagerstown  MD PMSA ,44,44,4512,2,4,180,0,0,0,0,0,0,43,43,4430,2,4,180,0,0,0,0,0,0
9906,8872,8840,,Washington  DC-MD-VA-WV PMSA ,2721,2721,310027,1,2,193,1,4,265,30,409,17480,2482,2482,284248,0,0,0,0,0,0,21,277,12438
9906,8920,9999,,Waterloo-Cedar Falls  IA MSA ,13,13,2134,0,0,0,0,0,0,1,12,3497,13,13,2134,0,0,0,0,0,0,1,12,3497
9906,8940,9999,,Wausau  WI MSA ,32,32,4744,3,6,460,0,0,0,0,0,0,15,15,2813,3,6,460,0,0,0,0,0,0
9906,8960,9999,,West Palm Beach-Boca Raton  FL MSA ,515,515,79335,1,2,200,4,16,1519,14,149,6762,510,510,75573,1,2,200,4,16,1519,14,149,6762
9906,9000,9999,,Wheeling  WV-OH MSA ,1,1,73,0,0,0,0,0,0,0,0,0,0,0,0,0,0,0,0,0,0,0,0,0
9906,9040,9999,,Wichita  KS MSA ,193,193,19958,9,18,1161,0,0,0,0,0,0,167,167,17917,9,18,1161,0,0,0,0,0,0
9906,9080,9999,,Wichita Falls  TX MSA ,24,24,2596,0,0,0,0,0,0,0,0,0,24,24,2596,0,0,0,0,0,0,0,0,0
9906,9200,9999,,Wilmington  NC MSA ,287,287,24106,1,2,135,0,0,0,63,316,4260,200,200,17326,1,2,135,0,0,0,62,310,3964
9906,9260,9999,,Yakima  WA MSA ,31,31,3917,5,10,619,0,0,0,0,0,0,1,1,68,4,8,481,0,0,0,0,0,0
9906,9280,9999,,York  PA MSA ,128,128,16004,1,2,111,0,0,0,1,5,250,99,99,13114,0,0,0,0,0,0,0,0,0
9906,9320,9999,,Youngstown-Warren  OH MSA ,143,143,16473,4,8,560,1,3,168,6,36,1175,143,143,16473,4,8,560,0,0,0,6,36,1175
9906,9340,9999,,Yuba City  CA MSA ,33,33,4580,0,0,0,4,16,1117,4,24,1358,33,33,4580,0,0,0,4,16,1117,4,24,1358
9906,9360,9999,,Yuma  AZ MSA ,108,108,9243,0,0,0,0,0,0,1,5,194,108,108,9243,0,0,0,0,0,0,1,5,194
9906,1122,9999,,Boston-Worcester-Lawrence  MA-NH-ME-CT CMSA ,1373,1373,191326,30,60,4226,6,18,1956,24,407,73421,818,818,119332,19,38,2559,4,12,1440,14,353,70111
9906,1602,9999,,Chicago-Gary-Kenosha  IL-IN-WI CMSA ,3182,3182,475979,55,110,8851,40,135,10070,48,569,33687,2651,2651,405997,45,90,7279,32,109,8537,42,528,31896
9906,1642,9999,,Cincinnati-Hamilton  OH-KY-IN CMSA ,982,982,114853,5,10,971,3,12,848,22,194,9197,710,710,81329,4,8,911,2,8,553,16,161,7806
9906,1692,9999,,Cleveland-Akron  OH CMSA ,1052,1052,173307,14,28,2397,7,24,1558,9,65,2968,859,859,146015,12,24,2083,2,6,385,3,19,1254
9906,1922,9999,,Dallas-Fort Worth  TX CMSA ,3044,3044,438508,2,4,183,4,16,781,53,1159,55946,2766,2766,394316,1,2,90,0,0,0,47,1109,53787
9906,2082,9999,,Denver-Boulder-Greeley  CO CMSA ,2239,2239,296454,31,62,5210,10,37,2481,17,222,15348,1997,1997,261442,28,56,4664,10,37,2481,11,133,11202
9906,2162,9999,,Detroit-Ann Arbor-Flint  MI CMSA ,2382,2382,332685,14,28,2749,23,85,7962,36,376,19595,1847,1847,268554,11,22,2036,16,62,5647,26,292,15086
9906,3362,9999,,Houston-Galveston-Brazoria  TX CMSA ,2455,2455,285885,0,0,0,15,60,2459,31,526,25630,2380,2380,275847,0,0,0,13,52,2086,28,471,23384
9906,4472,9999,,Los Angeles-Riverside-Orange County  CA CMSA ,4440,4440,835796,22,44,5340,6,21,1756,65,1145,69468,3963,3963,743138,19,38,4523,6,21,1756,55,1072,65192
9906,4992,9999,,Miami-Fort Lauderdale  FL CMSA ,1392,1392,168852,10,20,1468,8,30,2398,38,818,62894,1389,1389,168261,10,20,1468,8,30,2398,37,813,62618
9906,5082,9999,,Milwaukee-Racine  WI CMSA ,527,527,84031,23,46,4451,6,24,2280,14,146,10024,360,360,60021,14,28,2657,4,16,1730,8,106,8197
9906,5602,9999,,New York-Northern New Jersey-Long Island  NY-NJ-CT-PA CMSA ,3263,3263,464329,133,266,16858,45,139,9307,90,2218,112954,2334,2334,339654,121,242,15619,41,125,8349,67,1792,93275
9906,6162,9999,,Philadelphia-Wilmington-Atlantic City  PA-NJ-DE-MD CMSA ,1883,1883,209197,14,28,1006,3,12,1154,30,409,19233,1160,1160,137305,12,24,643,3,12,1154,18,249,10921
9906,6442,9999,,Portland-Salem  OR-WA CMSA ,1233,1233,171864,23,46,3680,18,69,5037,25,357,20301,978,978,135247,17,34,2756,16,63,4685,19,307,17708
9906,6922,9999,,Sacramento-Yolo  CA CMSA ,1197,1197,201377,0,0,0,0,0,0,16,293,19673,1195,1195,201134,0,0,0,0,0,0,16,293,19673
9906,7362,9999,,San Francisco-Oakland-San Jose  CA CMSA ,2622,2622,544067,18,36,5250,3,11,1116,34,458,40451,2251,2251,476049,18,36,5250,2,8,783,27,400,35016
9906,7602,9999,,Seattle-Tacoma-Bremerton  WA CMSA ,1834,1834,248358,40,80,6891,8,28,2607,68,1024,61837,1500,1500,202701,35,70,6036,4,15,1198,56,927,52524
9906,8872,9999,,Washington-Baltimore  DC-MD-VA-WV CMSA ,3603,3603,407831,4,8,489,2,8,496,47,548,24163,3350,3350,381180,3,6,296,1,4,231,36,406,18814
