Survey,MSA/,PMSA,,MA,,1-unit,,,2-units,,,3-4 units,,,5+ units,,,1-unit rep,,,2-units rep,,,3-4 units rep,,,5+ units rep
Date,CMSA,,,Name,Bldgs,Units,Value,Bldgs,Units,Value,Bldgs,Units,Value,Bldgs,Units,Value,Bldgs,Units,Value,Bldgs,Units,Value,Bldgs,Units,Value,Bldgs,Units,Value

9903,0040,9999,,Abilene  TX MSA ,24,24,2905,0,0,0,0,0,0,0,0,0,0,0,0,0,0,0,0,0,0,0,0,0
9903,0120,9999,,Albany  GA MSA ,67,67,7175,0,0,0,0,0,0,0,0,0,67,67,7175,0,0,0,0,0,0,0,0,0
9903,0160,9999,,Albany-Schenectady-Troy  NY MSA ,144,144,20089,3,6,323,0,0,0,5,141,5297,127,127,18428,1,2,200,0,0,0,3,130,4860
9903,0200,9999,,Albuquerque  NM MSA ,597,597,54666,0,0,0,0,0,0,1,5,157,399,399,39272,0,0,0,0,0,0,0,0,0
9903,0220,9999,,Alexandria  LA MSA ,38,38,3656,0,0,0,0,0,0,0,0,0,11,11,1113,0,0,0,0,0,0,0,0,0
9903,0240,9999,,Allentown-Bethlehem-Easton  PA MSA ,173,173,19338,1,2,73,1,4,113,1,6,173,142,142,16192,1,2,73,0,0,0,0,0,0
9903,0280,9999,,Altoona  PA MSA ,8,8,696,0,0,0,0,0,0,0,0,0,8,8,696,0,0,0,0,0,0,0,0,0
9903,0320,9999,,Amarillo  TX MSA ,52,52,6555,0,0,0,0,0,0,0,0,0,52,52,6555,0,0,0,0,0,0,0,0,0
9903,0380,9999,,Anchorage  AK MSA ,64,64,12017,10,20,2655,2,7,594,0,0,0,64,64,12017,10,20,2655,2,7,594,0,0,0
9903,0450,9999,,Anniston  AL MSA ,20,20,2012,0,0,0,0,0,0,1,6,275,10,10,1049,0,0,0,0,0,0,0,0,0
9903,0460,9999,,Appleton-Oshkosh-Neenah  WI MSA ,118,118,16217,4,8,590,2,8,350,3,39,1148,110,110,15066,2,4,278,2,8,350,0,0,0
9903,0480,9999,,Asheville  NC MSA ,100,100,13950,4,8,441,2,8,510,2,16,1247,83,83,12271,2,4,270,0,0,0,1,7,840
9903,0500,9999,,Athens  GA MSA ,94,94,11774,0,0,0,0,0,0,9,72,4118,78,78,10156,0,0,0,0,0,0,9,72,4118
9903,0520,9999,,Atlanta  GA MSA ,4541,4541,483073,30,60,3467,28,99,5560,6,439,20669,4256,4256,458406,29,58,3366,28,99,5560,6,439,20669
9903,0600,9999,,Augusta-Aiken  GA-SC MSA ,265,265,27482,0,0,0,0,0,0,0,0,0,233,233,24076,0,0,0,0,0,0,0,0,0
9903,0640,9999,,Austin-San Marcos  TX MSA ,874,874,101521,26,52,2752,4,16,1170,16,179,10346,786,786,89323,26,52,2752,4,16,1170,15,169,9909
9903,0680,9999,,Bakersfield  CA MSA ,227,227,24088,0,0,0,2,7,354,1,9,373,5,5,391,0,0,0,0,0,0,0,0,0
9903,0730,9999,,Bangor  ME MSA ,8,8,711,0,0,0,0,0,0,0,0,0,3,3,291,0,0,0,0,0,0,0,0,0
9903,0740,9999,,Barnstable-Yarmouth  MA MSA ,164,164,22012,0,0,0,1,3,346,1,5,368,130,130,17183,0,0,0,0,0,0,0,0,0
9903,0760,9999,,Baton Rouge  LA MSA ,174,174,12811,1,2,102,0,0,0,2,10,420,168,168,12156,0,0,0,0,0,0,2,10,420
9903,0840,9999,,Beaumont-Port Arthur  TX MSA ,56,56,6795,0,0,0,0,0,0,0,0,0,56,56,6795,0,0,0,0,0,0,0,0,0
9903,0860,9999,,Bellingham  WA MSA ,105,105,14522,2,4,369,2,8,705,2,18,1153,49,49,8162,2,4,369,2,8,705,0,0,90
9903,0870,9999,,Benton Harbor  MI MSA ,4,4,571,0,0,0,0,0,0,0,0,0,0,0,0,0,0,0,0,0,0,0,0,0
9903,0880,9999,,Billings  MT MSA ,55,55,6462,0,0,0,0,0,0,0,0,0,55,55,6462,0,0,0,0,0,0,0,0,0
9903,0920,9999,,Biloxi-Gulfport-Pascagoula  MS MSA ,217,217,18980,0,0,0,0,0,0,0,0,0,207,207,18129,0,0,0,0,0,0,0,0,0
9903,0960,9999,,Binghamton  NY MSA ,9,9,1237,0,0,0,0,0,0,0,0,0,7,7,876,0,0,0,0,0,0,0,0,0
9903,1000,9999,,Birmingham  AL MSA ,408,408,50764,0,0,0,1,3,35,17,318,18819,281,281,37647,0,0,0,0,0,0,15,300,18098
9903,1010,9999,,Bismarck  ND MSA ,30,30,3640,1,2,303,0,0,0,0,0,0,30,30,3640,1,2,303,0,0,0,0,0,0
9903,1020,9999,,Bloomington  IN MSA ,50,50,5281,3,6,312,0,0,0,2,12,562,50,50,5281,3,6,312,0,0,0,2,12,562
9903,1040,9999,,Bloomington-Normal  IL MSA ,107,107,9588,0,0,0,2,8,230,2,16,238,107,107,9588,0,0,0,2,8,230,2,16,238
9903,1080,9999,,Boise City  ID MSA ,484,484,64990,9,18,1248,0,0,0,1,5,383,384,384,55723,9,18,1248,0,0,0,0,0,0
9903,1122,1120,,Boston  MA-NH PMSA ,501,501,76293,17,34,2609,5,16,1431,3,19,1498,297,297,48585,14,28,2220,4,13,823,0,0,0
9903,1122,1200,,Brockton  MA PMSA ,56,56,6965,0,0,0,1,3,125,0,0,0,46,46,5892,0,0,0,1,3,125,0,0,0
9903,1122,2600,,Fitchburg-Leominster  MA PMSA ,49,49,4741,0,0,0,0,0,0,0,0,0,33,33,3288,0,0,0,0,0,0,0,0,0
9903,1122,4160,,Lawrence  MA-NH PMSA ,94,94,13414,1,2,64,3,12,950,0,0,0,57,57,9122,1,2,64,3,12,950,0,0,0
9903,1122,4560,,Lowell  MA-NH PMSA ,85,85,9023,0,0,0,0,0,0,0,0,0,59,59,6843,0,0,0,0,0,0,0,0,0
9903,1122,4760,,Manchester  NH PMSA ,95,95,12046,1,2,178,0,0,0,2,33,1722,45,45,5918,0,0,0,0,0,0,0,0,0
9903,1122,5350,,Nashua  NH PMSA ,68,68,8274,1,2,75,0,0,0,0,0,0,40,40,5732,0,0,0,0,0,0,0,0,0
9903,1122,5400,,New Bedford  MA PMSA ,46,46,5670,0,0,0,0,0,0,0,0,0,27,27,3951,0,0,0,0,0,0,0,0,0
9903,1122,6450,,Portsmouth-Rochester  NH-ME PMSA ,99,99,12889,1,2,123,0,0,0,0,0,0,63,63,7816,0,0,0,0,0,0,0,0,0
9903,1122,9240,,Worcester  MA-CT PMSA ,198,198,25942,3,6,472,0,0,0,0,0,0,167,167,22204,3,6,472,0,0,0,0,0,0
9903,1240,9999,,Brownsville-Harlingen-San Benito  TX MSA ,157,157,10992,4,8,439,1,4,165,1,5,143,93,93,7425,3,6,383,1,4,165,0,0,0
9903,1260,9999,,Bryan-College Station  TX MSA ,99,99,9159,28,56,2712,0,0,0,1,12,605,53,53,5989,25,50,2430,0,0,0,1,12,605
9903,1280,9999,,Buffalo-Niagara Falls  NY MSA ,129,129,17172,0,0,0,0,0,0,2,29,793,104,104,13408,0,0,0,0,0,0,1,6,300
9903,1305,9999,,Burlington  VT MSA ,49,49,6149,0,0,0,2,8,550,0,0,0,38,38,4846,0,0,0,2,8,550,0,0,0
9903,1320,9999,,Canton-Massillon  OH MSA ,103,103,15950,3,6,484,1,4,287,2,11,654,8,8,2276,0,0,0,0,0,0,0,0,0
9903,1350,9999,,Casper  WY MSA ,11,11,1979,0,0,0,0,0,0,10,151,5960,11,11,1979,0,0,0,0,0,0,10,151,5960
9903,1360,9999,,Cedar Rapids  IA MSA ,85,85,8066,11,22,1747,2,8,557,7,67,3003,85,85,8066,11,22,1747,2,8,557,7,67,3003
9903,1400,9999,,Champaign-Urbana  IL MSA ,41,41,5790,0,0,0,0,0,0,2,54,2539,41,41,5790,0,0,0,0,0,0,2,54,2539
9903,1440,9999,,Charleston-North Charleston  SC MSA ,404,404,55641,0,0,0,0,0,0,2,19,1345,354,354,43425,0,0,0,0,0,0,1,14,745
9903,1480,9999,,Charleston  WV MSA ,33,33,3677,0,0,0,0,0,0,0,0,0,33,33,3677,0,0,0,0,0,0,0,0,0
9903,1520,9999,,Charlotte-Gastonia-Rock Hill  NC-SC MSA ,1768,1768,98028,8,16,1065,11,39,2735,47,722,32835,1721,1721,92932,7,14,983,10,36,2463,46,717,32751
9903,1540,9999,,Charlottesville  VA MSA ,114,114,16411,4,8,445,0,0,0,1,7,850,93,93,14637,4,8,445,0,0,0,1,7,850
9903,1560,9999,,Chattanooga  TN-GA MSA ,201,201,25152,0,0,0,1,4,53,1,9,468,143,143,19394,0,0,0,0,0,0,0,0,0
9903,1580,9999,,Cheyenne  WY MSA ,39,39,4409,0,0,0,0,0,0,0,0,0,39,39,4409,0,0,0,0,0,0,0,0,0
9903,1602,1600,,Chicago  IL PMSA ,2386,2386,354043,15,30,3538,33,110,8179,43,743,41643,1997,1997,304110,10,20,2845,28,94,7303,37,692,38609
9903,1602,2960,,Gary  IN PMSA ,266,266,35710,6,12,1026,7,22,2080,4,32,1718,235,235,31235,5,10,941,7,22,2080,4,32,1718
9903,1602,3740,,Kankakee  IL PMSA ,36,36,4614,1,2,190,4,16,870,0,0,0,33,33,4232,0,0,0,4,16,870,0,0,0
9903,1602,3800,,Kenosha  WI PMSA ,61,61,8352,3,6,400,2,8,1040,1,5,239,44,44,6275,3,6,400,2,8,1040,0,0,0
9903,1620,9999,,Chico-Paradise  CA MSA ,111,111,11971,0,0,0,0,0,0,0,0,0,111,111,11971,0,0,0,0,0,0,0,0,0
9903,1642,1640,,Cincinnati  OH-KY-IN PMSA ,845,845,113486,5,10,528,6,23,2925,28,275,10568,736,736,102761,2,4,240,5,20,2796,23,241,9277
9903,1642,3200,,Hamilton-Middletown  OH PMSA ,206,206,25465,2,4,246,6,23,1372,67,783,22899,162,162,21092,0,0,0,5,20,1216,64,768,21877
9903,1660,9999,,Clarksville-Hopkinsville  TN-KY MSA ,120,120,9082,0,0,0,2,7,207,1,8,180,120,120,9082,0,0,0,2,7,207,1,8,180
9903,1692,0080,,Akron  OH PMSA ,298,298,43743,3,6,658,4,13,982,4,40,1231,217,217,35080,2,4,550,2,6,600,0,0,0
9903,1692,1680,,Cleveland-Lorain-Elyria  OH PMSA ,678,678,114096,3,6,557,1,3,4069,6,63,6294,571,571,97971,2,4,420,0,0,3780,3,44,5250
9903,1720,9999,,Colorado Springs  CO MSA ,500,500,66677,0,0,0,1,4,292,1,12,704,500,500,66677,0,0,0,1,4,292,1,12,704
9903,1740,9999,,Columbia  MO MSA ,124,124,13831,4,8,374,0,0,0,2,12,726,124,124,13831,4,8,374,0,0,0,2,12,726
9903,1760,9999,,Columbia  SC MSA ,397,397,35022,0,0,0,1,4,216,21,236,7890,397,397,35022,0,0,0,1,4,216,21,236,7890
9903,1800,9999,,Columbus  GA-AL MSA ,117,117,13175,0,0,0,0,0,0,0,0,0,117,117,13175,0,0,0,0,0,0,0,0,0
9903,1840,9999,,Columbus  OH MSA ,741,741,101286,8,16,925,27,102,3669,23,233,6534,305,305,49430,0,0,0,8,31,1997,1,5,337
9903,1880,9999,,Corpus Christi  TX MSA ,95,95,8908,1,2,99,1,4,205,2,55,2266,0,0,0,0,0,0,0,0,0,0,0,0
9903,1900,9999,,Cumberland  MD-WV MSA ,14,14,1583,0,0,0,0,0,0,0,0,0,14,14,1583,0,0,0,0,0,0,0,0,0
9903,1922,1920,,Dallas  TX PMSA ,2266,2266,348238,0,0,0,2,8,312,64,1674,71681,1941,1941,289018,0,0,0,2,8,312,62,1651,70609
9903,1922,2800,,Fort Worth-Arlington  TX PMSA ,1025,1025,134012,1,2,94,0,0,0,10,120,4597,837,837,103177,0,0,0,0,0,0,10,120,4597
9903,1950,9999,,Danville  VA MSA ,33,33,3207,0,0,0,1,3,56,0,0,0,2,2,147,0,0,0,0,0,0,0,0,0
9903,1960,9999,,Davenport-Moline-Rock Island  IA-IL MSA ,63,63,8291,2,4,174,0,0,0,3,36,2107,62,62,8146,2,4,174,0,0,0,2,24,1313
9903,2000,9999,,Dayton-Springfield  OH MSA ,156,156,24715,2,4,321,5,20,1853,0,0,0,134,134,21994,2,4,321,5,20,1853,0,0,0
9903,2020,9999,,Daytona Beach  FL MSA ,371,371,36039,3,6,272,0,0,0,1,5,924,354,354,34494,3,6,272,0,0,0,0,0,0
9903,2030,9999,,Decatur  Al MSA ,37,37,4848,0,0,0,0,0,0,1,5,106,28,28,4138,0,0,0,0,0,0,0,0,0
9903,2040,9999,,Decatur  IL MSA ,11,11,1481,0,0,0,0,0,0,1,11,463,4,4,398,0,0,0,0,0,0,0,0,0
9903,2082,1125,,Boulder-Longmont  CO PMSA ,216,216,28967,0,0,0,1,4,315,9,69,3219,216,216,28967,0,0,0,1,4,315,9,69,3219
9903,2082,2080,,Denver  CO PMSA ,1664,1664,230049,35,70,6003,24,84,6449,51,687,48936,1594,1594,220398,35,70,6003,24,84,6449,50,677,48355
9903,2082,3060,,Greeley  CO PMSA ,287,287,35305,3,6,433,2,6,690,1,5,502,273,273,33658,0,0,0,2,6,690,1,5,502
9903,2120,9999,,Des Moines  IA MSA ,318,318,39246,0,0,0,0,0,0,0,0,0,286,286,34585,0,0,0,0,0,0,0,0,0
9903,2162,0440,,Ann Arbor  MI PMSA ,429,429,50737,0,0,0,2,7,306,6,43,2211,327,327,36737,0,0,0,0,0,0,1,6,540
9903,2162,2160,,Detroit  MI PMSA ,1396,1396,194757,13,26,1678,12,42,4445,44,432,21036,1221,1221,172066,13,26,1678,11,39,4136,38,383,18859
9903,2162,2640,,Flint  MI PMSA ,175,175,22113,1,2,170,0,0,0,1,8,670,139,139,18317,1,2,170,0,0,0,0,0,0
9903,2180,9999,,Dothan  AL MSA ,34,34,1855,0,0,0,0,0,0,0,0,0,33,33,1761,0,0,0,0,0,0,0,0,0
9903,2190,9999,,Dover  DE MSA ,66,66,6835,0,0,0,0,0,0,2,71,4448,66,66,6835,0,0,0,0,0,0,2,71,4448
9903,2200,9999,,Dubuque  IA MSA ,19,19,2367,1,2,107,0,0,0,0,0,0,19,19,2367,1,2,107,0,0,0,0,0,0
9903,2240,9999,,Duluth-Superior  MN-WI MSA ,23,23,2450,0,0,0,1,3,163,2,11,589,10,10,1105,0,0,0,0,0,0,0,0,0
9903,2290,9999,,Eau Claire  WI MSA ,57,57,6588,9,18,2250,2,8,456,0,0,0,54,54,6264,9,18,2250,2,8,456,0,0,0
9903,2320,9999,,El Paso  TX MSA ,316,316,16856,0,0,0,22,88,3808,1,6,234,316,316,16856,0,0,0,22,88,3808,1,6,234
9903,2330,9999,,Elkhart-Goshen  IN MSA ,90,90,10060,0,0,0,4,16,490,0,0,0,82,82,9389,0,0,0,4,16,490,0,0,0
9903,2335,9999,,Elmira  NY MSA ,3,3,415,0,0,0,0,0,0,0,0,0,0,0,0,0,0,0,0,0,0,0,0,0
9903,2340,9999,,Enid  OK MSA ,9,9,1658,0,0,0,0,0,0,0,0,0,9,9,1658,0,0,0,0,0,0,0,0,0
9903,2360,9999,,Erie  PA MSA ,45,45,5087,0,0,0,0,0,0,1,6,174,45,45,5087,0,0,0,0,0,0,1,6,174
9903,2400,9999,,Eugene-Springfield  OR MSA ,124,124,16833,3,6,522,3,12,687,28,287,13031,122,122,16600,3,6,522,3,12,687,28,287,13031
9903,2440,9999,,Evansville-Henderson  IN-KY MSA ,149,149,15237,3,6,630,0,0,0,1,5,132,140,140,14608,3,6,630,0,0,0,0,0,0
9903,2520,9999,,Fargo-Moorhead  ND-MN MSA ,35,35,4052,0,0,0,0,0,0,2,84,2350,34,34,3908,0,0,0,0,0,0,2,84,2350
9903,2560,9999,,Fayetteville  NC MSA ,83,83,7668,1,2,64,2,8,368,2,30,1819,83,83,7668,1,2,64,2,8,368,2,30,1819
9903,2580,9999,,Fayetteville-Springdale-Rogers  AR MSA ,173,173,18854,5,10,576,0,0,0,1,8,368,163,163,18204,3,6,420,0,0,0,1,8,368
9903,2620,9999,,Flagstaff  AZ-UT MSA ,63,63,8312,0,0,0,0,0,0,0,0,0,29,29,3722,0,0,0,0,0,0,0,0,0
9903,2650,9999,,Florence  AL MSA ,9,9,1203,0,0,0,0,0,0,0,0,0,9,9,1203,0,0,0,0,0,0,0,0,0
9903,2655,9999,,Florence  SC MSA ,52,52,4521,1,2,43,0,0,0,1,5,217,0,0,0,0,0,0,0,0,0,0,0,0
9903,2670,9999,,Fort Collins-Loveland  CO MSA ,242,242,31722,2,4,320,2,7,643,6,62,2937,174,174,24819,2,4,320,1,4,423,5,57,2687
9903,2700,9999,,Fort Myers-Cape Coral  FL MSA ,423,423,54918,8,16,1733,12,46,4966,24,497,66017,423,423,54918,8,16,1733,12,46,4966,24,497,66017
9903,2710,9999,,Fort Pierce-Port St. Lucie  FL MSA ,232,232,34395,0,0,0,0,0,0,0,0,0,230,230,34165,0,0,0,0,0,0,0,0,0
9903,2720,9999,,Fort Smith  AR-OK MSA ,35,35,4479,4,8,549,0,0,0,0,0,0,35,35,4479,4,8,549,0,0,0,0,0,0
9903,2750,9999,,Fort Walton Beach  FL MSA ,126,126,11805,2,4,168,0,0,0,1,23,1450,125,125,11662,2,4,168,0,0,0,1,23,1450
9903,2760,9999,,Fort Wayne  IN MSA ,315,315,48047,2,4,236,0,0,0,0,0,0,300,300,46320,2,4,236,0,0,0,0,0,0
9903,2840,9999,,Fresno  CA MSA ,279,279,33269,3,6,361,0,0,0,0,0,0,277,277,33090,3,6,361,0,0,0,0,0,0
9903,2880,9999,,Gadsden  AL MSA ,12,12,1098,0,0,0,0,0,0,0,0,0,12,12,1098,0,0,0,0,0,0,0,0,0
9903,2900,9999,,Gainesville  FL MSA ,133,133,13349,6,12,323,1,4,287,14,384,15025,130,130,13166,6,12,323,1,4,287,14,384,15025
9903,2975,9999,,Glens Falls  NY MSA ,40,40,3471,0,0,0,0,0,0,0,0,0,31,31,2473,0,0,0,0,0,0,0,0,0
9903,2980,9999,,Goldsboro  NC MSA ,44,44,4043,0,0,0,0,0,0,0,0,0,6,6,502,0,0,0,0,0,0,0,0,0
9903,2985,9999,,Grand Forks  ND-MN MSA ,6,6,1064,0,0,0,0,0,0,0,0,0,6,6,1064,0,0,0,0,0,0,0,0,0
9903,2995,9999,,Grand Junction  CO MSA ,147,147,13960,0,0,0,2,8,401,0,0,0,147,147,13960,0,0,0,2,8,401,0,0,0
9903,3000,9999,,Grand Rapids-Muskegon-Holland  MI MSA ,578,578,69113,7,14,924,2,7,480,7,108,4594,323,323,41065,1,2,134,0,0,0,3,56,2722
9903,3040,9999,,Great Falls  MT MSA ,12,12,1437,0,0,0,0,0,0,1,5,239,0,0,0,0,0,0,0,0,0,0,0,0
9903,3080,9999,,Green Bay  WI MSA ,96,96,13049,7,14,1044,0,0,0,4,29,1409,62,62,8585,6,12,905,0,0,0,2,18,912
9903,3120,9999,,Greensboro--Winston-Salem--High Point  NC MSA ,778,778,86582,5,10,255,1,4,260,3,29,1317,673,673,77011,5,10,255,1,4,260,2,24,1125
9903,3150,9999,,Greenville  NC MSA ,60,60,6580,3,6,366,0,0,0,5,40,1615,25,25,2922,2,4,225,0,0,0,5,40,1615
9903,3160,9999,,Greenville-Spartanburg-Anderson  SC MSA ,633,633,59062,12,24,1053,0,0,0,1,37,1740,347,347,33129,8,16,595,0,0,0,0,0,0
9903,3240,9999,,Harrisburg-Lebanon-Carlisle  PA MSA ,162,162,17910,0,0,0,4,12,1115,1,6,333,155,155,16689,0,0,0,3,9,690,1,6,333
9903,3280,9999,,Hartford  CT MSA ,340,340,39707,3,6,353,1,4,253,8,92,2802,316,316,37286,2,4,227,1,4,253,8,92,2802
9903,3285,9999,,Hattiesburg  MS MSA ,7,7,813,0,0,0,0,0,0,1,5,119,0,0,0,0,0,0,0,0,0,0,0,0
9903,3290,9999,,Hickory-Morganton-Lenoir  NC MSA ,179,179,21313,2,4,270,1,4,195,1,6,90,164,164,19652,2,4,270,1,4,195,1,6,90
9903,3320,9999,,Honolulu  HI MSA ,164,164,24975,0,0,0,0,0,0,1,6,500,164,164,24975,0,0,0,0,0,0,1,6,500
9903,3350,9999,,Houma  LA MSA ,79,79,8837,0,0,0,0,0,0,0,0,0,79,79,8837,0,0,0,0,0,0,0,0,0
9903,3362,1145,,Brazoria  TX PMSA ,156,156,16602,0,0,0,0,0,0,0,0,0,106,106,11463,0,0,0,0,0,0,0,0,0
9903,3362,2920,,Galveston-Texas City  TX PMSA ,149,149,18602,0,0,0,0,0,0,0,0,0,149,149,18602,0,0,0,0,0,0,0,0,0
9903,3362,3360,,Houston  TX PMSA ,2542,2542,315670,36,72,5829,1,4,25,7,133,7798,2481,2481,307768,36,72,5829,1,4,25,7,133,7798
9903,3400,9999,,Huntington-Ashland  WV-KY-OH MSA ,14,14,1495,0,0,0,0,0,0,1,17,1075,13,13,1325,0,0,0,0,0,0,1,17,1075
9903,3440,9999,,Huntsville  AL MSA ,114,114,7392,0,0,0,0,0,0,0,0,0,114,114,7392,0,0,0,0,0,0,0,0,0
9903,3480,9999,,Indianapolis  IN MSA ,1294,1294,185930,10,20,1652,6,24,1954,7,82,4680,1191,1191,172107,8,16,1254,6,24,1954,7,82,4680
9903,3500,9999,,Iowa City  IA MSA ,57,57,6576,1,2,180,0,0,0,1,12,1000,57,57,6576,1,2,180,0,0,0,1,12,1000
9903,3520,9999,,Jackson  MI MSA ,7,7,650,0,0,0,0,0,0,0,0,0,6,6,600,0,0,0,0,0,0,0,0,0
9903,3560,9999,,Jackson  MS MSA ,232,232,25351,0,0,0,0,0,0,0,0,0,232,232,25351,0,0,0,0,0,0,0,0,0
9903,3580,9999,,Jackson  TN MSA ,79,79,7518,2,4,140,0,0,0,0,0,0,79,79,7518,2,4,140,0,0,0,0,0,0
9903,3600,9999,,Jacksonville  FL MSA ,728,728,104279,0,0,0,0,0,0,25,510,25542,723,723,103779,0,0,0,0,0,0,24,504,25314
9903,3605,9999,,Jacksonville  NC MSA ,58,58,4793,0,0,0,0,0,0,0,0,0,8,8,1139,0,0,0,0,0,0,0,0,0
9903,3610,9999,,Jamestown  NY MSA ,2,2,174,0,0,0,0,0,0,0,0,0,0,0,0,0,0,0,0,0,0,0,0,0
9903,3620,9999,,Janesville-Beloit  WI MSA ,34,34,3433,5,10,891,1,3,225,1,5,175,34,34,3433,5,10,891,0,0,0,0,0,0
9903,3660,9999,,Johnson City-Kingsport-Bristol  TN-VA MSA ,118,118,11391,0,0,0,0,0,0,1,5,150,77,77,7203,0,0,0,0,0,0,0,0,0
9903,3680,9999,,Johnstown  PA MSA ,3,3,300,0,0,0,0,0,0,0,0,0,3,3,300,0,0,0,0,0,0,0,0,0
9903,3700,9999,,Jonesboro  AR MSA ,37,37,3348,0,0,0,0,0,0,2,12,369,37,37,3348,0,0,0,0,0,0,2,12,369
9903,3710,9999,,Joplin  MO MSA ,18,18,1741,0,0,0,0,0,0,0,0,0,18,18,1741,0,0,0,0,0,0,0,0,0
9903,3720,9999,,Kalamazoo-Battle Creek  MI MSA ,106,106,14658,2,4,278,2,8,689,1,6,283,58,58,8987,2,4,278,2,8,689,0,0,0
9903,3760,9999,,Kansas City  MO-KS MSA ,1220,1220,156191,49,98,6027,30,120,8078,36,564,28358,1126,1126,143671,45,90,5528,30,120,8078,31,505,24359
9903,3810,9999,,Killeen-Temple  TX MSA ,81,81,8338,4,8,529,2,8,300,0,0,0,81,81,8338,4,8,529,2,8,300,0,0,0
9903,3840,9999,,Knoxville  TN MSA ,302,302,27578,4,8,252,2,7,356,5,69,2541,214,214,22853,3,6,150,1,4,161,0,0,0
9903,3850,9999,,Kokomo  IN MSA ,29,29,4169,3,6,812,0,0,0,0,0,0,29,29,4169,3,6,812,0,0,0,0,0,0
9903,3870,9999,,La Crosse  WI-MN MSA ,37,37,4756,1,2,140,0,0,0,0,0,0,37,37,4756,1,2,140,0,0,0,0,0,0
9903,3880,9999,,Lafayette  LA MSA ,115,115,10751,0,0,0,0,0,0,0,0,0,96,96,9581,0,0,0,0,0,0,0,0,0
9903,3920,9999,,Lafayette  IN MSA ,76,76,8813,9,18,1050,0,0,25,0,0,0,76,76,8813,9,18,1050,0,0,25,0,0,0
9903,3960,9999,,Lake Charles  LA MSA ,61,61,6569,2,4,177,0,0,0,33,257,11310,57,57,6122,1,2,130,0,0,0,33,257,11310
9903,3980,9999,,Lakeland-Winter Haven  FL MSA ,256,256,26587,2,4,136,0,0,0,1,5,316,249,249,26051,2,4,136,0,0,0,1,5,316
9903,4000,9999,,Lancaster  PA MSA ,142,142,17774,0,0,0,1,4,265,1,6,250,114,114,13868,0,0,0,1,4,265,1,6,250
9903,4040,9999,,Lansing-East Lansing  MI MSA ,91,91,11582,2,4,380,0,0,0,0,0,0,73,73,9683,1,2,231,0,0,0,0,0,0
9903,4080,9999,,Laredo  TX MSA ,140,140,7221,1,2,31,1,4,92,1,14,548,0,0,0,0,0,0,0,0,0,0,0,0
9903,4100,9999,,Las Cruces  NM MSA ,78,78,8297,0,0,0,0,0,0,0,0,0,42,42,4577,0,0,0,0,0,0,0,0,0
9903,4120,9999,,Las Vegas  NV-AZ MSA ,2031,2031,240061,4,8,508,10,40,2924,77,948,54422,1814,1814,221854,4,8,508,10,40,2924,76,943,54144
9903,4150,9999,,Lawrence  KS MSA ,60,60,7372,3,6,760,0,0,0,0,0,0,58,58,7230,3,6,760,0,0,0,0,0,0
9903,4200,9999,,Lawton  OK MSA ,11,11,1357,1,2,89,0,0,0,0,0,0,0,0,0,0,0,0,0,0,0,0,0,0
9903,4240,9999,,Lewiston-Auburn  ME MSA ,6,6,705,0,0,0,0,0,0,0,0,0,3,3,453,0,0,0,0,0,0,0,0,0
9903,4280,9999,,Lexington  KY MSA ,347,347,36291,6,12,530,1,4,125,7,46,1165,301,301,32151,5,10,462,1,4,125,7,46,1165
9903,4320,9999,,Lima  OH MSA ,5,5,619,0,0,0,0,0,0,0,0,0,5,5,619,0,0,0,0,0,0,0,0,0
9903,4360,9999,,Lincoln  NE MSA ,117,117,14011,3,6,268,1,3,121,7,100,3283,1,1,95,0,0,0,0,0,0,0,0,0
9903,4400,9999,,Little Rock-North Little Rock  AR MSA ,197,197,24381,0,0,0,0,0,0,21,230,8740,181,181,22918,0,0,0,0,0,0,21,230,8740
9903,4420,9999,,Longview-Marshall  TX MSA ,13,13,1967,0,0,0,0,0,0,0,0,0,13,13,1967,0,0,0,0,0,0,0,0,0
9903,4472,4480,,Los Angeles-Long Beach  CA PMSA ,680,680,124882,16,32,2681,1,4,292,26,304,18000,630,630,114585,14,28,2393,1,4,292,21,276,15190
9903,4472,5945,,Orange County  CA PMSA ,786,786,161145,5,10,1054,19,73,6562,53,669,60025,744,744,152360,5,10,1054,19,73,6562,49,639,57153
9903,4472,6780,,Riverside-San Bernardino  CA PMSA ,1648,1648,293018,1,2,191,0,0,0,3,94,8825,1591,1591,284391,0,0,0,0,0,0,3,94,8825
9903,4472,8735,,Ventura  CA PMSA ,357,357,83636,8,16,2719,3,9,717,2,18,967,331,331,77926,8,16,2719,2,6,273,2,18,967
9903,4520,9999,,Louisville  KY-IN MSA ,677,677,78623,0,0,0,2,8,250,2,14,537,588,588,70478,0,0,0,2,8,250,0,0,0
9903,4600,9999,,Lubbock  TX MSA ,92,92,11742,2,4,150,0,0,0,0,0,0,92,92,11742,2,4,150,0,0,0,0,0,0
9903,4640,9999,,Lynchburg  VA MSA ,125,125,15858,2,4,246,1,3,170,0,0,0,108,108,14009,0,0,0,1,3,170,0,0,0
9903,4680,9999,,Macon  GA MSA ,187,187,15984,0,0,0,0,0,0,0,0,0,133,133,11108,0,0,0,0,0,0,0,0,0
9903,4720,9999,,Madison  WI MSA ,165,165,25144,9,18,1603,3,10,1246,4,46,6109,142,142,21088,8,16,1375,2,7,955,3,38,5750
9903,4800,9999,,Mansfield  OH MSA ,29,29,4107,0,0,0,1,3,189,1,6,281,23,23,3316,0,0,0,0,0,0,0,0,0
9903,4880,9999,,McAllen-Edinburg-Mission  TX MSA ,455,455,19097,7,14,360,11,41,1005,6,44,1118,38,38,1899,0,0,0,0,0,0,0,0,0
9903,4890,9999,,Medford-Ashland  OR MSA ,125,125,13823,1,2,209,0,0,0,0,0,0,111,111,12284,1,2,209,0,0,0,0,0,0
9903,4900,9999,,Melbourne-Titusville-Palm Bay  FL MSA ,328,328,37911,3,6,470,0,0,0,2,39,4587,121,121,14051,1,2,167,0,0,0,1,34,3870
9903,4920,9999,,Memphis  TN-AR-MS MSA ,824,824,108334,7,14,660,1,4,227,13,200,5454,690,690,86931,7,14,660,1,4,227,11,188,4965
9903,4940,9999,,Merced  CA MSA ,151,151,17974,0,0,0,1,3,93,1,9,39,132,132,16296,0,0,0,0,0,0,0,0,0
9903,4992,2680,,Fort Lauderdale  FL PMSA ,802,802,110518,3,6,350,11,40,2150,30,257,19248,796,796,110138,3,6,350,11,40,2150,28,235,18047
9903,4992,5000,,Miami  FL PMSA ,740,740,59679,5,10,927,18,69,8308,24,712,48402,738,738,59083,5,10,927,18,69,8308,24,712,48402
9903,5082,5080,,Milwaukee-Waukesha  WI PMSA ,395,395,63624,20,40,4522,2,8,610,14,164,9078,325,325,51804,18,36,4177,2,8,610,10,130,7307
9903,5082,6600,,Racine  WI PMSA ,72,72,11189,4,8,490,2,7,543,2,10,346,66,66,10482,3,6,380,2,7,543,0,0,0
9903,5120,9999,,Minneapolis-St. Paul  MN-WI MSA ,1774,1774,234008,12,24,2261,15,58,5453,10,63,6288,1604,1604,209319,10,20,1727,14,55,5368,8,53,6038
9903,5140,9999,,Missoula  MT MSA ,38,38,4378,0,0,0,1,4,113,3,32,1279,38,38,4378,0,0,0,1,4,113,3,32,1279
9903,5160,9999,,Mobile  AL MSA ,380,380,42199,4,8,687,0,0,0,5,133,12455,127,127,15341,1,2,202,0,0,0,2,100,10457
9903,5170,9999,,Modesto  CA MSA ,230,230,32279,1,2,159,0,0,0,0,0,0,223,223,31505,1,2,159,0,0,0,0,0,0
9903,5200,9999,,Monroe  LA MSA ,50,50,5989,0,0,0,1,3,54,0,0,0,5,5,1106,0,0,0,0,0,0,0,0,0
9903,5240,9999,,Montgomery  AL MSA ,161,161,13696,0,0,0,1,4,115,12,144,7000,137,137,12279,0,0,0,0,0,0,12,144,7000
9903,5280,9999,,Muncie  IN MSA ,19,19,2343,0,0,0,0,0,0,0,0,0,2,2,95,0,0,0,0,0,0,0,0,0
9903,5330,9999,,Myrtle Beach  SC MSA ,161,161,17551,2,4,230,9,34,2228,20,271,12869,161,161,17551,2,4,230,9,34,2228,20,271,12869
9903,5345,9999,,Naples  FL MSA ,314,314,43771,2,4,516,22,82,7797,13,218,12392,314,314,43771,2,4,516,22,82,7797,13,218,12392
9903,5360,9999,,Nashville  TN MSA ,1061,1061,131766,5,10,563,1,4,222,4,94,7009,756,756,90563,0,0,0,1,4,222,0,0,0
9903,5520,9999,,New London-Norwich  CT-RI MSA ,78,78,8267,0,0,0,1,4,105,0,0,0,52,52,5789,0,0,0,1,4,105,0,0,0
9903,5560,9999,,New Orleans  LA MSA ,309,309,35173,2,4,232,0,0,0,2,13,628,302,302,33974,2,4,232,0,0,0,1,6,393
9903,5602,0875,,Bergen-Passaic  NJ PMSA ,106,106,17579,10,20,1418,1,3,75,7,51,3118,50,50,9506,8,16,1213,0,0,0,4,36,2500
9903,5602,1160,,Bridgeport  CT PMSA ,94,94,11879,1,2,50,0,0,0,0,0,0,88,88,10813,1,2,50,0,0,0,0,0,0
9903,5602,1930,,Danbury  CT PMSA ,94,94,16002,0,0,0,0,0,0,0,0,0,77,77,12268,0,0,0,0,0,0,0,0,0
9903,5602,2281,,Dutchess County  NY PMSA ,79,79,11329,0,0,0,0,0,0,3,50,1500,65,65,9332,0,0,0,0,0,0,3,50,1500
9903,5602,3640,,Jersey City  NJ PMSA ,11,11,616,6,12,503,0,0,0,1,47,2977,0,0,0,1,2,106,0,0,0,0,0,0
9903,5602,5015,,Middlesex-Somerset-Hunterdon  NJ PMSA ,345,345,40818,1,2,380,0,0,0,2,31,1103,262,262,33089,1,2,380,0,0,0,1,16,851
9903,5602,5190,,Monmouth-Ocean  NJ PMSA ,477,477,55253,0,0,0,0,0,0,1,154,14000,384,384,46368,0,0,0,0,0,0,1,154,14000
9903,5602,5380,,Nassau-Suffolk  NY PMSA ,467,467,64444,3,6,500,0,0,0,7,68,3856,413,413,58221,2,4,300,0,0,0,5,51,2713
9903,5602,5480,,New Haven-Meriden  CT PMSA ,93,93,11735,1,2,82,0,0,0,0,0,0,88,88,11261,1,2,82,0,0,0,0,0,0
9903,5602,5600,,New York  NY PMSA ,184,184,33695,186,372,23029,31,99,6293,17,947,50419,126,126,18731,167,334,20870,29,92,5823,13,926,49251
9903,5602,5640,,Newark  NJ PMSA ,289,289,36564,21,42,2410,9,27,1709,2,13,646,215,215,26908,17,34,2003,9,27,1709,0,0,0
9903,5602,5660,,Newburgh  NY-PA PMSA ,131,131,15016,4,8,460,1,3,405,0,0,0,83,83,10059,3,6,360,0,0,0,0,0,0
9903,5602,8040,,Stamford-Norwalk  CT PMSA ,34,34,13610,2,4,421,0,0,0,3,175,21811,18,18,5126,1,2,77,0,0,0,2,170,21346
9903,5602,8480,,Trenton  NJ PMSA ,100,100,10246,0,0,0,0,0,0,0,0,0,100,100,10246,0,0,0,0,0,0,0,0,0
9903,5602,8880,,Waterbury  CT PMSA ,42,42,6081,0,0,0,0,0,0,0,0,0,42,42,6081,0,0,0,0,0,0,0,0,0
9903,5720,9999,,Norfolk-Virginia Beach-Newport News  VA-NC MSA ,740,740,78486,1,2,116,4,16,909,3,40,956,547,547,61456,1,2,116,4,16,909,0,0,0
9903,5790,9999,,Ocala  FL MSA ,235,235,31196,1,2,69,1,3,148,0,0,0,235,235,31196,1,2,69,1,3,148,0,0,0
9903,5800,9999,,Odessa-Midland  TX MSA ,24,24,2458,0,0,0,0,0,0,0,0,0,9,9,973,0,0,0,0,0,0,0,0,0
9903,5880,9999,,Oklahoma City  OK MSA ,493,493,60855,2,4,232,0,0,0,0,0,0,489,489,60390,2,4,232,0,0,0,0,0,0
9903,5920,9999,,Omaha  NE-IA MSA ,388,388,39059,17,34,2253,1,4,464,1,26,1016,352,352,35648,17,34,2253,1,4,464,0,0,0
9903,5960,9999,,Orlando  FL MSA ,1480,1480,163648,3,6,204,6,23,1019,32,802,38630,1135,1135,126372,1,2,44,5,20,759,32,802,38630
9903,5990,9999,,Owensboro  KY MSA ,42,42,2519,1,2,71,1,4,106,1,5,137,0,0,0,0,0,0,0,0,0,0,0,0
9903,6015,9999,,Panama City  FL MSA ,100,100,6642,0,0,0,0,0,0,0,0,0,100,100,6642,0,0,0,0,0,0,0,0,0
9903,6020,9999,,Parkersburg-Marietta  WV-OH MSA ,22,22,1731,0,0,0,0,0,0,0,0,0,22,22,1731,0,0,0,0,0,0,0,0,0
9903,6080,9999,,Pensacola  FL MSA ,231,231,24666,3,6,240,0,0,0,4,46,2156,231,231,24666,3,6,240,0,0,0,4,46,2156
9903,6120,9999,,Peoria-Pekin  IL MSA ,98,98,13298,4,8,808,0,0,0,4,41,2056,55,55,8002,2,4,320,0,0,0,3,36,1500
9903,6162,0560,,Atlantic-Cape May  NJ PMSA ,183,183,16287,17,34,1292,0,0,0,1,6,203,173,173,15517,17,34,1292,0,0,0,1,6,203
9903,6162,6160,,Philadelphia  PA-NJ PMSA ,1297,1297,144574,4,8,452,2,6,310,30,210,5957,898,898,107016,2,4,184,1,3,190,24,168,4316
9903,6162,8760,,Vineland-Millville-Bridgeton  NJ PMSA ,27,27,1912,0,0,0,1,3,61,1,5,179,21,21,1496,0,0,0,0,0,0,0,0,0
9903,6162,9160,,Wilmington-Newark  DE-MD PMSA ,333,333,25143,0,0,0,0,0,0,1,5,80,318,318,24075,0,0,0,0,0,0,0,0,0
9903,6200,9999,,Phoenix-Mesa  AZ MSA ,4306,4306,529618,6,12,783,16,59,7012,33,400,24351,3720,3720,464016,6,12,783,16,59,7012,30,374,22962
9903,6240,9999,,Pine Bluff  AR MSA ,11,11,726,0,0,0,0,0,0,1,9,171,5,5,512,0,0,0,0,0,0,0,0,0
9903,6280,9999,,Pittsburgh  PA MSA ,468,468,60067,5,10,783,5,15,891,6,135,7353,352,352,47052,5,10,783,1,3,150,2,82,5206
9903,6320,9999,,Pittsfield  MA MSA ,0,0,0,0,0,0,0,0,0,0,0,0,0,0,0,0,0,0,0,0,0,0,0,0
9903,6340,9999,,Pocatello  ID MSA ,13,13,1352,2,4,163,0,0,0,0,0,0,13,13,1352,2,4,163,0,0,0,0,0,0
9903,6400,9999,,Portland  ME MSA ,99,99,11828,0,0,0,2,8,237,1,6,146,86,86,10609,0,0,0,1,4,140,0,0,0
9903,6442,6440,,Portland-Vancouver  OR-WA PMSA ,1020,1020,145685,29,58,5358,8,31,2289,17,352,18185,943,943,132884,28,56,5126,8,31,2289,14,330,17062
9903,6442,7080,,Salem  OR PMSA ,165,165,20829,4,8,483,3,9,494,3,15,782,120,120,14819,2,4,200,0,0,0,0,0,0
9903,6480,9999,,Providence-Fall River-Warwick  RI-MA MSA ,228,228,23039,7,14,782,0,0,0,1,5,225,102,102,9876,3,6,345,0,0,0,0,0,0
9903,6520,9999,,Provo-Orem  UT MSA ,275,275,28971,5,10,1025,3,11,1056,4,87,4795,265,265,27972,5,10,1025,3,11,1056,4,87,4795
9903,6560,9999,,Pueblo  CO MSA ,119,119,12175,9,18,1226,0,0,0,0,0,0,119,119,12175,9,18,1226,0,0,0,0,0,0
9903,6580,9999,,Punta Gorda  FL MSA ,127,127,12736,1,2,180,0,0,0,0,0,0,26,26,2878,1,2,180,0,0,0,0,0,0
9903,6640,9999,,Raleigh-Durham-Chapel Hill  NC MSA ,1437,1437,190965,2,4,236,0,0,0,14,164,6584,1055,1055,149095,0,0,0,0,0,0,9,79,2978
9903,6660,9999,,Rapid City  SD MSA ,29,29,3139,0,0,0,0,0,0,1,9,477,15,15,1569,0,0,0,0,0,0,0,0,0
9903,6680,9999,,Reading  PA MSA ,66,66,7358,1,2,86,0,0,0,1,12,565,37,37,4090,0,0,0,0,0,0,0,0,0
9903,6690,9999,,Redding  CA MSA ,72,72,9111,0,0,0,0,0,0,0,0,0,72,72,9111,0,0,0,0,0,0,0,0,0
9903,6720,9999,,Reno  NV MSA ,306,306,34850,2,4,200,0,0,0,0,0,0,252,252,28014,2,4,200,0,0,0,0,0,0
9903,6740,9999,,Richland-Kennewick-Pasco  WA MSA ,67,67,8988,0,0,0,0,0,0,1,7,311,32,32,5210,0,0,0,0,0,0,0,0,0
9903,6760,9999,,Richmond-Petersburg  VA MSA ,678,678,72397,0,0,0,0,0,0,0,0,0,633,633,68718,0,0,0,0,0,0,0,0,0
9903,6800,9999,,Roanoke  VA MSA ,81,81,6388,1,2,72,0,0,0,1,5,354,74,74,6001,1,2,72,0,0,0,0,0,0
9903,6820,9999,,Rochester  MN MSA ,67,67,9058,1,2,272,0,0,0,0,0,0,67,67,9058,1,2,272,0,0,0,0,0,0
9903,6840,9999,,Rochester  NY MSA ,162,162,23835,1,2,56,0,0,0,14,104,5891,114,114,16242,0,0,0,0,0,0,12,93,5362
9903,6880,9999,,Rockford  IL MSA ,147,147,12693,7,14,804,13,52,2175,3,30,1155,147,147,12693,7,14,804,13,52,2175,3,30,1155
9903,6895,9999,,Rocky Mount  NC MSA ,51,51,4826,0,0,0,0,0,0,4,76,1735,51,51,4826,0,0,0,0,0,0,4,76,1735
9903,6922,6920,,Sacramento  CA PMSA ,964,964,147971,0,0,0,1,3,312,3,37,2032,774,774,118051,0,0,0,1,3,312,1,16,852
9903,6922,9270,,Yolo  CA PMSA ,114,114,18964,1,2,96,6,24,2950,9,66,5027,114,114,18964,1,2,96,6,24,2950,9,66,5027
9903,6960,9999,,Saginaw-Bay City-Midland  MI MSA ,40,40,4857,0,0,0,0,0,0,0,0,0,21,21,2510,0,0,0,0,0,0,0,0,0
9903,6980,9999,,St. Cloud  MN MSA ,57,57,6280,0,0,0,0,0,0,2,23,854,44,44,5329,0,0,0,0,0,0,0,0,0
9903,7000,9999,,St. Joseph  MO MSA ,9,9,1197,2,4,232,0,0,0,1,5,144,0,0,0,0,0,0,0,0,0,0,0,0
9903,7040,9999,,St. Louis  MO-IL MSA ,1106,1106,132252,27,54,4579,4,12,571,14,243,7318,1012,1012,120969,26,52,4451,1,3,200,14,243,7318
9903,7120,9999,,Salinas  CA MSA ,243,243,41399,0,0,0,1,3,336,0,0,0,241,241,41017,0,0,0,1,3,336,0,0,0
9903,7160,9999,,Salt Lake City-Ogden  UT MSA ,833,833,102592,8,16,1728,3,9,773,8,139,9295,703,703,89351,7,14,1501,2,6,533,7,127,8855
9903,7200,9999,,San Angelo  TX MSA ,26,26,3263,0,0,0,0,0,0,0,0,0,26,26,3263,0,0,0,0,0,0,0,0,0
9903,7240,9999,,San Antonio  TX MSA ,899,899,117110,1,2,171,0,0,0,11,236,13838,898,898,116966,1,2,171,0,0,0,11,236,13838
9903,7320,9999,,San Diego  CA MSA ,827,827,162717,1,2,230,12,38,4458,17,520,40453,677,677,131152,1,2,230,12,38,4458,17,520,40453
9903,7362,5775,,Oakland  CA PMSA ,420,420,89587,2,4,395,0,0,0,3,71,8732,410,410,87182,2,4,395,0,0,0,2,48,6681
9903,7362,7360,,San Francisco  CA PMSA ,181,181,32717,4,8,1049,0,0,0,4,49,6442,123,123,18098,4,8,1049,0,0,0,4,49,6442
9903,7362,7400,,San Jose  CA PMSA ,344,344,57028,1,2,171,17,51,3728,13,160,10361,344,344,57028,1,2,171,17,51,3728,13,160,10361
9903,7362,7485,,Santa Cruz-Watsonville  CA PMSA ,26,26,5549,0,0,0,2,6,1333,1,5,803,4,4,797,0,0,0,0,0,0,0,0,0
9903,7362,7500,,Santa Rosa  CA PMSA ,174,174,28141,3,6,513,0,0,0,1,5,264,124,124,20890,3,6,513,0,0,0,0,0,0
9903,7362,8720,,Vallejo-Fairfield-Napa  CA PMSA ,201,201,37363,0,0,0,0,0,0,1,5,583,175,175,32294,0,0,0,0,0,0,0,0,0
9903,7460,9999,,San Luis Obispo-Atascadero-Paso Robles  CA MSA ,155,155,22084,0,0,0,0,0,0,0,0,0,155,155,22084,0,0,0,0,0,0,0,0,0
9903,7480,9999,,Santa Barbara-Santa Maria-Lompoc  CA MSA ,63,63,12278,1,2,195,0,0,0,2,20,1597,23,23,3448,0,0,0,0,0,0,0,0,0
9903,7490,9999,,Santa Fe  NM MSA ,27,27,4069,0,0,0,0,0,0,0,0,0,27,27,4069,0,0,0,0,0,0,0,0,0
9903,7510,9999,,Sarasota-Bradenton  FL MSA ,546,546,62742,6,12,579,2,8,615,10,119,5413,283,283,30619,3,6,217,1,4,250,5,36,1800
9903,7520,9999,,Savannah  GA MSA ,190,190,22008,0,0,0,0,0,0,6,51,2395,175,175,20878,0,0,0,0,0,0,6,51,2395
9903,7560,9999,,Scranton--Wilkes-Barre--Hazleton  PA MSA ,46,46,4878,0,0,0,0,0,0,0,0,0,23,23,2834,0,0,0,0,0,0,0,0,0
9903,7602,1150,,Bremerton  WA PMSA ,80,80,9976,0,0,0,0,0,0,0,0,0,60,60,6154,0,0,0,0,0,0,0,0,0
9903,7602,5910,,Olympia  WA PMSA ,129,129,15347,2,4,199,0,0,0,0,0,0,125,125,14819,2,4,199,0,0,0,0,0,0
9903,7602,7600,,Seattle-Bellevue-Everett  WA PMSA ,988,988,144816,20,40,3485,7,25,2088,24,600,50318,756,756,114216,16,32,2785,5,19,1335,15,529,43066
9903,7602,8200,,Tacoma  WA PMSA ,467,467,51303,14,28,1730,5,16,1977,0,0,0,440,440,48434,14,28,1730,5,16,1977,0,0,0
9903,7610,9999,,Sharon  PA MSA ,10,10,1274,0,0,0,0,0,0,0,0,0,1,1,128,0,0,0,0,0,0,0,0,0
9903,7620,9999,,Sheboygan  WI MSA ,9,9,1113,0,0,0,0,0,0,1,5,393,1,1,250,0,0,0,0,0,0,0,0,0
9903,7640,9999,,Sherman-Denison  TX MSA ,3,3,551,2,4,200,0,0,0,0,0,0,3,3,551,2,4,200,0,0,0,0,0,0
9903,7680,9999,,Shreveport-Bossier City  LA MSA ,92,92,11205,0,0,0,0,0,0,0,0,0,71,71,8862,0,0,0,0,0,0,0,0,0
9903,7720,9999,,Sioux City  IA-NE MSA ,12,12,1173,0,0,0,0,0,0,0,0,0,7,7,701,0,0,0,0,0,0,0,0,0
9903,7760,9999,,Sioux Falls  SD MSA ,122,122,11272,2,4,336,1,4,166,1,5,314,121,121,11197,2,4,336,1,4,166,1,5,314
9903,7800,9999,,South Bend  IN MSA ,110,110,16111,0,0,0,0,0,0,1,91,5500,110,110,16111,0,0,0,0,0,0,1,91,5500
9903,7840,9999,,Spokane  WA MSA ,145,145,17473,2,4,499,0,0,0,6,60,3424,145,145,17473,2,4,499,0,0,0,6,60,3424
9903,7880,9999,,Springfield  IL MSA ,67,67,7310,3,6,471,0,0,0,0,0,0,19,19,2433,0,0,0,0,0,0,0,0,0
9903,7920,9999,,Springfield  MO MSA ,187,187,22044,5,10,515,0,0,0,0,0,0,187,187,22044,5,10,515,0,0,0,0,0,0
9903,8000,9999,,Springfield  MA MSA ,63,63,7435,0,0,0,0,0,0,0,0,0,55,55,6261,0,0,0,0,0,0,0,0,0
9903,8050,9999,,State College  PA MSA ,31,31,2945,0,0,0,0,0,0,2,14,1340,13,13,809,0,0,0,0,0,0,0,0,0
9903,8080,9999,,Steubenville-Weirton  OH-WV MSA ,6,6,907,1,2,60,0,0,0,0,0,0,4,4,595,1,2,60,0,0,0,0,0,0
9903,8120,9999,,Stockton-Lodi  CA MSA ,332,332,45208,0,0,0,0,0,0,0,0,0,315,315,42586,0,0,0,0,0,0,0,0,0
9903,8140,9999,,Sumter  SC MSA ,25,25,2490,0,0,0,0,0,0,0,0,0,25,25,2490,0,0,0,0,0,0,0,0,0
9903,8160,9999,,Syracuse  NY MSA ,54,54,5536,0,0,0,0,0,0,1,5,216,46,46,4765,0,0,0,0,0,0,0,0,0
9903,8240,9999,,Tallahassee  FL MSA ,121,121,12983,0,0,0,0,0,0,0,0,0,121,121,12983,0,0,0,0,0,0,0,0,0
9903,8280,9999,,Tampa-St. Petersburg-Clearwater  FL MSA ,1106,1106,108251,13,26,2650,9,35,2450,14,191,17204,1102,1102,107750,13,26,2650,9,35,2450,13,186,16873
9903,8320,9999,,Terre Haute  IN MSA ,32,32,4059,0,0,0,0,0,0,0,0,0,32,32,4059,0,0,0,0,0,0,0,0,0
9903,8360,9999,,Texarkana  TX-Texarkana  AR MSA ,12,12,785,0,0,0,0,0,0,0,0,0,6,6,324,0,0,0,0,0,0,0,0,0
9903,8400,9999,,Toledo  OH MSA ,169,169,22038,2,4,362,4,16,974,3,16,787,169,169,22038,2,4,362,4,16,974,3,16,787
9903,8440,9999,,Topeka  KS MSA ,53,53,6547,4,8,540,0,0,0,6,72,2824,53,53,6547,4,8,540,0,0,0,6,72,2824
9903,8520,9999,,Tucson  AZ MSA ,552,552,70750,0,0,0,1,3,219,0,0,0,450,450,60009,0,0,0,1,3,219,0,0,0
9903,8560,9999,,Tulsa  OK MSA ,399,399,47798,2,4,166,0,0,0,42,658,42898,374,374,44660,2,4,166,0,0,0,41,644,42420
9903,8600,9999,,Tuscaloosa  AL MSA ,77,77,8793,0,0,0,0,0,0,0,0,0,77,77,8793,0,0,0,0,0,0,0,0,0
9903,8640,9999,,Tyler  TX MSA ,32,32,5487,0,0,0,0,0,0,1,10,462,0,0,0,0,0,0,0,0,0,0,0,0
9903,8680,9999,,Utica-Rome  NY MSA ,6,6,752,0,0,0,0,0,0,0,0,0,5,5,585,0,0,0,0,0,0,0,0,0
9903,8750,9999,,Victoria  TX MSA ,27,27,2863,0,0,0,0,0,0,0,0,0,27,27,2863,0,0,0,0,0,0,0,0,0
9903,8780,9999,,Visalia-Tulare-Porterville  CA MSA ,127,127,14029,0,0,0,0,0,0,0,0,0,125,125,13913,0,0,0,0,0,0,0,0,0
9903,8800,9999,,Waco  TX MSA ,25,25,2584,1,2,94,0,0,0,1,16,760,10,10,943,0,0,0,0,0,0,0,0,0
9903,8872,0720,,Baltimore  MD PMSA ,992,992,104585,2,4,232,1,3,170,16,227,10494,978,978,103718,2,4,232,1,3,170,15,218,10217
9903,8872,3180,,Hagerstown  MD PMSA ,67,67,5545,0,0,0,0,0,0,0,0,0,66,66,5463,0,0,0,0,0,0,0,0,0
9903,8872,8840,,Washington  DC-MD-VA-WV PMSA ,2611,2611,314211,2,4,342,1,4,158,36,1334,63591,2440,2440,294932,2,4,342,0,0,0,31,1277,60645
9903,8920,9999,,Waterloo-Cedar Falls  IA MSA ,16,16,2161,0,0,0,0,0,0,0,0,0,16,16,2161,0,0,0,0,0,0,0,0,0
9903,8940,9999,,Wausau  WI MSA ,38,38,4452,1,2,165,0,0,0,1,8,228,22,22,2684,1,2,165,0,0,0,1,8,228
9903,8960,9999,,West Palm Beach-Boca Raton  FL MSA ,626,626,86620,2,4,364,1,4,456,18,205,16892,620,620,80587,2,4,364,1,4,456,17,199,15926
9903,9000,9999,,Wheeling  WV-OH MSA ,4,4,578,0,0,0,0,0,0,0,0,0,3,3,532,0,0,0,0,0,0,0,0,0
9903,9040,9999,,Wichita  KS MSA ,192,192,18972,5,10,642,0,0,0,0,0,0,168,168,17104,5,10,642,0,0,0,0,0,0
9903,9080,9999,,Wichita Falls  TX MSA ,30,30,3108,0,0,0,0,0,0,0,0,0,30,30,3108,0,0,0,0,0,0,0,0,0
9903,9200,9999,,Wilmington  NC MSA ,272,272,29787,0,0,0,0,0,0,11,87,6680,208,208,25387,0,0,0,0,0,0,10,82,6420
9903,9260,9999,,Yakima  WA MSA ,27,27,3248,7,14,939,0,0,0,3,15,429,27,27,3248,7,14,939,0,0,0,3,15,429
9903,9280,9999,,York  PA MSA ,131,131,14412,4,8,473,2,8,400,0,0,0,105,105,11822,3,6,360,2,8,400,0,0,0
9903,9320,9999,,Youngstown-Warren  OH MSA ,79,79,9926,3,6,419,0,0,0,0,0,0,78,78,9841,3,6,419,0,0,0,0,0,0
9903,9340,9999,,Yuba City  CA MSA ,24,24,3224,0,0,0,0,0,0,0,0,0,24,24,3224,0,0,0,0,0,0,0,0,0
9903,9360,9999,,Yuma  AZ MSA ,75,75,6587,0,0,0,0,0,0,0,0,0,75,75,6587,0,0,0,0,0,0,0,0,0
9903,1122,9999,,Boston-Worcester-Lawrence  MA-NH-ME-CT CMSA ,1291,1291,175257,24,48,3521,9,31,2506,5,52,3220,834,834,119351,18,36,2756,8,28,1898,0,0,0
9903,1602,9999,,Chicago-Gary-Kenosha  IL-IN-WI CMSA ,2749,2749,402719,25,50,5154,46,156,12169,48,780,43600,2309,2309,345852,18,36,4186,41,140,11293,41,724,40327
9903,1642,9999,,Cincinnati-Hamilton  OH-KY-IN CMSA ,1051,1051,138951,7,14,774,12,46,4297,95,1058,33467,898,898,123853,2,4,240,10,40,4012,87,1009,31154
9903,1692,9999,,Cleveland-Akron  OH CMSA ,976,976,157839,6,12,1215,5,16,5051,10,103,7525,788,788,133051,4,8,970,2,6,4380,3,44,5250
9903,1922,9999,,Dallas-Fort Worth  TX CMSA ,3291,3291,482250,1,2,94,2,8,312,74,1794,76278,2778,2778,392195,0,0,0,2,8,312,72,1771,75206
9903,2082,9999,,Denver-Boulder-Greeley  CO CMSA ,2167,2167,294321,38,76,6436,27,94,7454,61,761,52657,2083,2083,283023,35,70,6003,27,94,7454,60,751,52076
9903,2162,9999,,Detroit-Ann Arbor-Flint  MI CMSA ,2000,2000,267607,14,28,1848,14,49,4751,51,483,23917,1687,1687,227120,14,28,1848,11,39,4136,39,389,19399
9903,3362,9999,,Houston-Galveston-Brazoria  TX CMSA ,2847,2847,350874,36,72,5829,1,4,25,7,133,7798,2736,2736,337833,36,72,5829,1,4,25,7,133,7798
9903,4472,9999,,Los Angeles-Riverside-Orange County  CA CMSA ,3471,3471,662681,30,60,6645,23,86,7571,84,1085,87817,3296,3296,629262,27,54,6166,22,83,7127,75,1027,82135
9903,4992,9999,,Miami-Fort Lauderdale  FL CMSA ,1542,1542,170197,8,16,1277,29,109,10458,54,969,67650,1534,1534,169221,8,16,1277,29,109,10458,52,947,66449
9903,5082,9999,,Milwaukee-Racine  WI CMSA ,467,467,74813,24,48,5012,4,15,1153,16,174,9424,391,391,62286,21,42,4557,4,15,1153,10,130,7307
9903,5602,9999,,New York-Northern New Jersey-Long Island  NY-NJ-CT-PA CMSA ,2546,2546,344867,235,470,29253,42,132,8482,43,1536,99430,2011,2011,268009,202,404,25441,38,119,7532,29,1403,92161
9903,6162,9999,,Philadelphia-Wilmington-Atlantic City  PA-NJ-DE-MD CMSA ,1840,1840,187916,21,42,1744,3,9,371,33,226,6419,1410,1410,148104,19,38,1476,1,3,190,25,174,4519
9903,6442,9999,,Portland-Salem  OR-WA CMSA ,1185,1185,166514,33,66,5841,11,40,2783,20,367,18967,1063,1063,147703,30,60,5326,8,31,2289,14,330,17062
9903,6922,9999,,Sacramento-Yolo  CA CMSA ,1078,1078,166935,1,2,96,7,27,3262,12,103,7059,888,888,137015,1,2,96,7,27,3262,10,82,5879
9903,7362,9999,,San Francisco-Oakland-San Jose  CA CMSA ,1346,1346,250385,10,20,2128,19,57,5061,23,295,27185,1180,1180,216289,10,20,2128,17,51,3728,19,257,23484
9903,7602,9999,,Seattle-Tacoma-Bremerton  WA CMSA ,1664,1664,221442,36,72,5414,12,41,4065,24,600,50318,1381,1381,183623,32,64,4714,10,35,3312,15,529,43066
9903,8872,9999,,Washington-Baltimore  DC-MD-VA-WV CMSA ,3670,3670,424341,4,8,574,2,7,328,52,1561,74085,3484,3484,404113,4,8,574,1,3,170,46,1495,70862
