Survey,MSA/,PMSA,,MA,,1-unit,,,2-units,,,3-4 units,,,5+ units,,,1-unit rep,,,2-units rep,,,3-4 units rep,,,5+ units rep
Date,CMSA,,,Name,Bldgs,Units,Value,Bldgs,Units,Value,Bldgs,Units,Value,Bldgs,Units,Value,Bldgs,Units,Value,Bldgs,Units,Value,Bldgs,Units,Value,Bldgs,Units,Value

9909,0040,9999,,Abilene  TX MSA ,13,13,1807,0,0,0,0,0,0,0,0,0,13,13,1807,0,0,0,0,0,0,0,0,0
9909,0120,9999,,Albany  GA MSA ,55,55,5794,1,2,72,0,0,0,0,0,0,55,55,5794,1,2,72,0,0,0,0,0,0
9909,0160,9999,,Albany-Schenectady-Troy  NY MSA ,155,155,20754,0,0,0,0,0,0,1,5,291,140,140,19116,0,0,0,0,0,0,0,0,0
9909,0200,9999,,Albuquerque  NM MSA ,372,372,38456,0,0,0,0,0,0,1,7,250,356,356,37003,0,0,0,0,0,0,1,7,250
9909,0220,9999,,Alexandria  LA MSA ,31,31,3503,0,0,0,0,0,0,0,0,0,7,7,951,0,0,0,0,0,0,0,0,0
9909,0240,9999,,Allentown-Bethlehem-Easton  PA MSA ,144,144,14828,0,0,0,1,4,244,11,145,7565,129,129,13063,0,0,0,0,0,0,11,145,7565
9909,0280,9999,,Altoona  PA MSA ,4,4,303,0,0,0,0,0,0,0,0,0,4,4,303,0,0,0,0,0,0,0,0,0
9909,0320,9999,,Amarillo  TX MSA ,35,35,4349,0,0,0,0,0,0,1,160,4500,35,35,4349,0,0,0,0,0,0,1,160,4500
9909,0380,9999,,Anchorage  AK MSA ,90,90,16443,8,16,2075,1,4,672,0,0,0,90,90,16443,8,16,2075,1,4,672,0,0,0
9909,0450,9999,,Anniston  AL MSA ,15,15,1383,0,0,0,0,0,0,1,6,275,5,5,455,0,0,0,0,0,0,0,0,0
9909,0460,9999,,Appleton-Oshkosh-Neenah  WI MSA ,141,141,16545,11,22,1629,2,8,284,11,89,2771,129,129,14783,9,18,1350,2,8,284,9,71,1980
9909,0480,9999,,Asheville  NC MSA ,97,97,15383,3,6,440,0,0,0,2,12,457,97,97,15383,3,6,440,0,0,0,2,12,457
9909,0500,9999,,Athens  GA MSA ,111,111,10107,1,2,228,0,0,0,0,0,0,99,99,9207,1,2,228,0,0,0,0,0,0
9909,0520,9999,,Atlanta  GA MSA ,3634,3634,381352,7,14,671,5,20,839,33,584,28068,3377,3377,353779,6,12,605,5,20,839,31,557,27101
9909,0600,9999,,Augusta-Aiken  GA-SC MSA ,193,193,18789,0,0,0,0,0,0,38,336,4592,184,184,17996,0,0,0,0,0,0,38,336,4592
9909,0640,9999,,Austin-San Marcos  TX MSA ,667,667,76576,3,6,332,1,4,312,36,485,23749,657,657,75526,2,4,230,1,4,312,36,485,23749
9909,0680,9999,,Bakersfield  CA MSA ,210,210,24688,0,0,0,2,8,386,0,0,0,158,158,18108,0,0,0,2,8,386,0,0,0
9909,0730,9999,,Bangor  ME MSA ,13,13,1317,0,0,0,0,0,0,0,0,0,4,4,467,0,0,0,0,0,0,0,0,0
9909,0740,9999,,Barnstable-Yarmouth  MA MSA ,99,99,15625,2,4,291,0,0,0,0,0,0,81,81,12380,2,4,291,0,0,0,0,0,0
9909,0760,9999,,Baton Rouge  LA MSA ,137,137,10806,0,0,0,0,0,0,0,0,0,137,137,10806,0,0,0,0,0,0,0,0,0
9909,0840,9999,,Beaumont-Port Arthur  TX MSA ,65,65,6745,0,0,0,0,0,0,0,0,0,55,55,5672,0,0,0,0,0,0,0,0,0
9909,0860,9999,,Bellingham  WA MSA ,78,78,11097,4,8,1008,1,4,363,0,0,60,37,37,5680,4,8,1008,1,4,363,0,0,60
9909,0870,9999,,Benton Harbor  MI MSA ,8,8,825,0,0,0,0,0,0,0,0,0,6,6,643,0,0,0,0,0,0,0,0,0
9909,0880,9999,,Billings  MT MSA ,24,24,2981,1,2,85,0,0,0,0,0,0,24,24,2981,1,2,85,0,0,0,0,0,0
9909,0920,9999,,Biloxi-Gulfport-Pascagoula  MS MSA ,167,167,14786,1,2,103,1,4,149,0,0,0,163,163,14343,1,2,103,1,4,149,0,0,0
9909,0960,9999,,Binghamton  NY MSA ,9,9,1274,0,0,0,0,0,0,0,0,0,7,7,849,0,0,0,0,0,0,0,0,0
9909,1000,9999,,Birmingham  AL MSA ,462,462,58022,0,0,0,0,0,0,4,60,2700,318,318,42168,0,0,0,0,0,0,4,60,2700
9909,1010,9999,,Bismarck  ND MSA ,41,41,5656,2,4,564,1,4,532,1,20,1593,37,37,5257,2,4,564,1,4,532,1,20,1593
9909,1020,9999,,Bloomington  IN MSA ,41,41,5019,1,2,135,3,12,777,1,5,255,0,0,0,0,0,0,0,0,0,0,0,0
9909,1040,9999,,Bloomington-Normal  IL MSA ,74,74,7265,0,0,0,0,0,0,7,92,1904,74,74,7265,0,0,0,0,0,0,7,92,1904
9909,1080,9999,,Boise City  ID MSA ,437,437,54300,1,2,138,11,44,2488,16,180,5333,322,322,39024,1,2,138,11,44,2488,16,180,5333
9909,1122,1120,,Boston  MA-NH PMSA ,469,469,73391,28,56,4627,16,50,4312,7,48,7430,293,293,45785,20,40,3481,16,50,4312,2,23,3344
9909,1122,1200,,Brockton  MA PMSA ,64,64,7619,0,0,0,0,0,0,0,0,0,51,51,6074,0,0,0,0,0,0,0,0,0
9909,1122,2600,,Fitchburg-Leominster  MA PMSA ,35,35,3788,0,0,0,0,0,0,0,0,0,19,19,2370,0,0,0,0,0,0,0,0,0
9909,1122,4160,,Lawrence  MA-NH PMSA ,91,91,14072,2,4,268,0,0,0,1,27,1776,47,47,8432,0,0,0,0,0,0,0,0,0
9909,1122,4560,,Lowell  MA-NH PMSA ,66,66,7278,0,0,0,0,0,0,1,5,319,29,29,3302,0,0,0,0,0,0,0,0,0
9909,1122,4760,,Manchester  NH PMSA ,57,57,7490,2,4,384,1,3,216,0,0,0,19,19,3012,1,2,274,0,0,0,0,0,0
9909,1122,5350,,Nashua  NH PMSA ,71,71,8827,0,0,0,0,0,0,1,5,327,37,37,5040,0,0,0,0,0,0,0,0,0
9909,1122,5400,,New Bedford  MA PMSA ,41,41,4810,0,0,0,0,0,0,0,0,0,24,24,2866,0,0,0,0,0,0,0,0,0
9909,1122,6450,,Portsmouth-Rochester  NH-ME PMSA ,101,101,12112,1,2,200,0,0,0,0,0,0,73,73,8289,1,2,200,0,0,0,0,0,0
9909,1122,9240,,Worcester  MA-CT PMSA ,157,157,19396,0,0,0,2,8,489,0,0,0,88,88,10606,0,0,0,1,4,236,0,0,0
9909,1240,9999,,Brownsville-Harlingen-San Benito  TX MSA ,142,142,9427,2,4,171,3,10,417,0,0,0,24,24,1639,0,0,0,0,0,0,0,0,0
9909,1260,9999,,Bryan-College Station  TX MSA ,50,50,5198,7,14,700,0,0,0,0,0,0,50,50,5198,7,14,700,0,0,0,0,0,0
9909,1280,9999,,Buffalo-Niagara Falls  NY MSA ,154,154,20768,0,0,0,0,0,0,11,117,8418,130,130,17309,0,0,0,0,0,0,10,104,8139
9909,1305,9999,,Burlington  VT MSA ,54,54,6487,0,0,0,1,3,220,2,17,823,42,42,4984,0,0,0,1,3,220,1,12,672
9909,1320,9999,,Canton-Massillon  OH MSA ,78,78,13058,0,0,0,0,0,0,0,0,0,72,72,12365,0,0,0,0,0,0,0,0,0
9909,1350,9999,,Casper  WY MSA ,8,8,1274,0,0,0,0,0,0,0,0,0,8,8,1274,0,0,0,0,0,0,0,0,0
9909,1360,9999,,Cedar Rapids  IA MSA ,59,59,5990,2,4,294,3,12,728,5,48,1312,59,59,5990,2,4,294,3,12,728,5,48,1312
9909,1400,9999,,Champaign-Urbana  IL MSA ,39,39,3780,0,0,0,0,0,0,0,0,0,39,39,3780,0,0,0,0,0,0,0,0,0
9909,1440,9999,,Charleston-North Charleston  SC MSA ,613,613,52420,9,18,1170,2,6,420,4,60,2475,564,564,47192,4,8,582,2,6,420,0,0,0
9909,1480,9999,,Charleston  WV MSA ,26,26,3072,0,0,0,0,0,0,0,0,0,26,26,3072,0,0,0,0,0,0,0,0,0
9909,1520,9999,,Charlotte-Gastonia-Rock Hill  NC-SC MSA ,1299,1299,158668,6,12,598,0,0,0,30,426,23228,1258,1258,154381,5,10,510,0,0,0,30,426,23228
9909,1540,9999,,Charlottesville  VA MSA ,94,94,12471,3,6,583,0,0,0,1,6,273,75,75,10876,3,6,583,0,0,0,1,6,273
9909,1560,9999,,Chattanooga  TN-GA MSA ,164,164,18496,0,0,0,1,3,52,1,5,243,124,124,14351,0,0,0,0,0,0,0,0,0
9909,1580,9999,,Cheyenne  WY MSA ,23,23,2532,1,2,77,0,0,0,1,7,285,6,6,972,0,0,0,0,0,0,0,0,0
9909,1602,1600,,Chicago  IL PMSA ,2844,2844,419584,17,34,2940,45,156,11032,71,829,54616,2467,2467,364844,13,26,2267,43,148,10467,62,780,52210
9909,1602,2960,,Gary  IN PMSA ,197,197,28369,3,6,825,4,15,1040,17,197,10594,176,176,26544,3,6,825,4,15,1040,17,197,10594
9909,1602,3740,,Kankakee  IL PMSA ,28,28,3732,1,2,100,0,0,0,0,0,0,26,26,3512,1,2,100,0,0,0,0,0,0
9909,1602,3800,,Kenosha  WI PMSA ,68,68,9424,0,0,0,0,0,0,3,30,750,66,66,9217,0,0,0,0,0,0,3,30,750
9909,1620,9999,,Chico-Paradise  CA MSA ,79,79,9350,0,0,0,0,0,0,1,6,504,41,41,4821,0,0,0,0,0,0,0,0,0
9909,1642,1640,,Cincinnati  OH-KY-IN PMSA ,732,732,74835,8,16,1101,3,11,824,43,355,16174,515,515,51297,8,16,1101,1,4,222,35,306,13888
9909,1642,3200,,Hamilton-Middletown  OH PMSA ,190,190,22318,3,6,272,2,7,476,2,13,849,39,39,4208,3,6,272,0,0,0,0,0,0
9909,1660,9999,,Clarksville-Hopkinsville  TN-KY MSA ,114,114,8270,1,2,180,5,19,1070,0,0,0,114,114,8270,1,2,180,5,19,1070,0,0,0
9909,1692,0080,,Akron  OH PMSA ,255,255,43485,2,4,700,2,7,424,6,69,2721,227,227,40479,2,4,700,1,3,300,3,39,1826
9909,1692,1680,,Cleveland-Lorain-Elyria  OH PMSA ,619,619,107229,13,26,2429,6,18,1589,5,41,2344,399,399,70739,7,14,1366,3,9,686,2,14,1072
9909,1720,9999,,Colorado Springs  CO MSA ,315,315,37149,0,0,0,4,16,560,2,221,12342,315,315,37149,0,0,0,4,16,560,2,221,12342
9909,1740,9999,,Columbia  MO MSA ,85,85,7355,2,4,151,0,0,0,4,24,1365,85,85,7355,2,4,151,0,0,0,4,24,1365
9909,1760,9999,,Columbia  SC MSA ,323,323,29748,0,0,0,0,0,0,0,0,0,220,220,19759,0,0,0,0,0,0,0,0,0
9909,1800,9999,,Columbus  GA-AL MSA ,92,92,10116,0,0,0,2,8,336,1,8,362,92,92,10116,0,0,0,2,8,336,1,8,362
9909,1840,9999,,Columbus  OH MSA ,825,825,104857,9,18,1545,11,38,2618,77,636,23474,292,292,45624,7,14,1232,1,3,350,36,288,8629
9909,1880,9999,,Corpus Christi  TX MSA ,54,54,5241,1,2,150,0,0,0,1,6,551,54,54,5241,1,2,150,0,0,0,1,6,551
9909,1900,9999,,Cumberland  MD-WV MSA ,16,16,1482,0,0,0,0,0,0,0,0,0,9,9,885,0,0,0,0,0,0,0,0,0
9909,1922,1920,,Dallas  TX PMSA ,2047,2047,315156,2,4,210,1,3,100,42,786,32300,1803,1803,279234,1,2,65,0,0,0,29,627,24243
9909,1922,2800,,Fort Worth-Arlington  TX PMSA ,711,711,86286,2,4,180,0,0,0,29,422,19812,568,568,65129,2,4,180,0,0,0,29,422,19812
9909,1950,9999,,Danville  VA MSA ,21,21,2050,0,0,0,0,0,0,0,0,0,0,0,0,0,0,0,0,0,0,0,0,0
9909,1960,9999,,Davenport-Moline-Rock Island  IA-IL MSA ,55,55,8323,0,0,0,1,3,400,1,12,534,54,54,8181,0,0,0,1,3,400,1,12,534
9909,2000,9999,,Dayton-Springfield  OH MSA ,183,183,25267,0,0,0,3,12,1052,2,12,1047,160,160,22654,0,0,0,3,12,1052,2,12,1047
9909,2020,9999,,Daytona Beach  FL MSA ,391,391,38314,0,0,0,1,4,297,10,208,16763,348,348,32560,0,0,0,1,4,297,10,208,16763
9909,2030,9999,,Decatur  Al MSA ,22,22,2612,1,2,60,2,8,280,1,5,105,14,14,1929,0,0,0,2,8,280,0,0,0
9909,2040,9999,,Decatur  IL MSA ,14,14,1842,1,2,171,0,0,0,0,0,0,14,14,1842,1,2,171,0,0,0,0,0,0
9909,2082,1125,,Boulder-Longmont  CO PMSA ,163,163,26592,0,0,0,2,8,670,2,45,2865,163,163,26592,0,0,0,2,8,670,2,45,2865
9909,2082,2080,,Denver  CO PMSA ,1270,1270,179707,10,20,1533,13,47,3314,13,715,19342,1211,1211,171594,10,20,1533,13,47,3314,11,671,17436
9909,2082,3060,,Greeley  CO PMSA ,221,221,26483,3,6,411,0,0,0,4,33,2633,201,201,23762,1,2,75,0,0,0,3,26,2150
9909,2120,9999,,Des Moines  IA MSA ,231,231,30183,0,0,0,4,16,1903,9,122,8583,205,205,26333,0,0,0,4,16,1903,9,122,8583
9909,2162,0440,,Ann Arbor  MI PMSA ,391,391,49347,4,8,528,1,4,222,5,57,1651,258,258,30956,3,6,398,1,4,222,1,24,378
9909,2162,2160,,Detroit  MI PMSA ,1409,1409,197421,22,44,3781,3,11,1023,27,259,13366,1058,1058,152025,19,38,3316,1,4,300,10,127,5498
9909,2162,2640,,Flint  MI PMSA ,164,164,20223,2,4,768,1,3,150,11,162,6414,141,141,18211,2,4,768,0,0,0,11,162,6414
9909,2180,9999,,Dothan  AL MSA ,29,29,1629,4,8,278,3,10,350,0,0,0,29,29,1629,4,8,278,3,10,350,0,0,0
9909,2190,9999,,Dover  DE MSA ,57,57,5732,0,0,0,0,0,0,0,0,0,57,57,5732,0,0,0,0,0,0,0,0,0
9909,2200,9999,,Dubuque  IA MSA ,20,20,3053,0,0,0,0,0,0,0,0,0,20,20,3053,0,0,0,0,0,0,0,0,0
9909,2240,9999,,Duluth-Superior  MN-WI MSA ,86,86,6462,1,2,116,0,0,0,2,12,561,72,72,4921,0,0,0,0,0,0,0,0,0
9909,2290,9999,,Eau Claire  WI MSA ,66,66,8548,3,6,342,0,0,0,0,0,0,40,40,5982,2,4,205,0,0,0,0,0,0
9909,2320,9999,,El Paso  TX MSA ,212,212,12079,4,8,254,0,0,0,0,0,0,212,212,12079,4,8,254,0,0,0,0,0,0
9909,2330,9999,,Elkhart-Goshen  IN MSA ,65,65,8170,0,0,0,0,0,0,0,0,0,60,60,7663,0,0,0,0,0,0,0,0,0
9909,2335,9999,,Elmira  NY MSA ,4,4,486,0,0,0,1,3,94,0,0,0,0,0,0,0,0,0,0,0,0,0,0,0
9909,2340,9999,,Enid  OK MSA ,4,4,535,0,0,0,0,0,0,0,0,0,4,4,535,0,0,0,0,0,0,0,0,0
9909,2360,9999,,Erie  PA MSA ,38,38,4348,0,0,0,2,8,472,0,0,0,35,35,4053,0,0,0,2,8,472,0,0,0
9909,2400,9999,,Eugene-Springfield  OR MSA ,113,113,15926,4,8,627,1,4,225,1,5,330,89,89,13219,3,6,501,0,0,0,0,0,0
9909,2440,9999,,Evansville-Henderson  IN-KY MSA ,127,127,14530,3,6,758,0,0,0,0,0,0,121,121,14120,3,6,758,0,0,0,0,0,0
9909,2520,9999,,Fargo-Moorhead  ND-MN MSA ,95,95,9884,0,0,0,0,0,0,2,15,900,94,94,9757,0,0,0,0,0,0,2,15,900
9909,2560,9999,,Fayetteville  NC MSA ,57,57,5749,0,0,0,0,0,0,0,0,0,57,57,5749,0,0,0,0,0,0,0,0,0
9909,2580,9999,,Fayetteville-Springdale-Rogers  AR MSA ,156,156,14554,2,4,222,2,7,270,3,34,706,146,146,13864,2,4,222,2,7,270,2,24,503
9909,2620,9999,,Flagstaff  AZ-UT MSA ,58,58,8283,1,2,115,0,0,0,0,0,0,36,36,4935,1,2,115,0,0,0,0,0,0
9909,2650,9999,,Florence  AL MSA ,10,10,978,0,0,0,0,0,0,1,5,179,0,0,0,0,0,0,0,0,0,0,0,0
9909,2655,9999,,Florence  SC MSA ,42,42,3646,0,0,0,0,0,0,1,8,348,0,0,0,0,0,0,0,0,0,0,0,0
9909,2670,9999,,Fort Collins-Loveland  CO MSA ,245,245,29701,2,4,321,1,4,315,4,32,1847,238,238,28933,2,4,321,1,4,315,4,32,1847
9909,2700,9999,,Fort Myers-Cape Coral  FL MSA ,358,358,47626,23,46,4625,5,19,2389,24,344,43754,358,358,47626,23,46,4625,5,19,2389,24,344,43754
9909,2710,9999,,Fort Pierce-Port St. Lucie  FL MSA ,242,242,38706,0,0,0,0,0,0,0,0,0,241,241,38350,0,0,0,0,0,0,0,0,0
9909,2720,9999,,Fort Smith  AR-OK MSA ,28,28,3350,4,8,347,0,0,0,0,0,0,28,28,3350,4,8,347,0,0,0,0,0,0
9909,2750,9999,,Fort Walton Beach  FL MSA ,120,120,11272,0,0,0,0,0,0,3,62,3630,45,45,4719,0,0,0,0,0,0,0,0,0
9909,2760,9999,,Fort Wayne  IN MSA ,223,223,32927,2,4,200,0,0,0,4,51,1720,209,209,31307,2,4,200,0,0,0,4,51,1720
9909,2840,9999,,Fresno  CA MSA ,233,233,27814,34,68,6124,1,4,283,0,0,0,224,224,26975,33,66,6000,1,4,283,0,0,0
9909,2880,9999,,Gadsden  AL MSA ,3,3,367,0,0,0,0,0,0,0,0,0,3,3,367,0,0,0,0,0,0,0,0,0
9909,2900,9999,,Gainesville  FL MSA ,101,101,9681,0,0,0,0,0,0,23,376,17417,87,87,8581,0,0,0,0,0,0,21,360,16650
9909,2975,9999,,Glens Falls  NY MSA ,34,34,3616,0,0,0,1,3,300,0,0,0,25,25,3058,0,0,0,0,0,0,0,0,0
9909,2980,9999,,Goldsboro  NC MSA ,28,28,2689,0,0,0,0,0,0,0,0,0,0,0,0,0,0,0,0,0,0,0,0,0
9909,2985,9999,,Grand Forks  ND-MN MSA ,6,6,763,0,0,0,0,0,0,0,0,0,6,6,763,0,0,0,0,0,0,0,0,0
9909,2995,9999,,Grand Junction  CO MSA ,81,81,7701,0,0,0,0,0,0,0,0,0,81,81,7701,0,0,0,0,0,0,0,0,0
9909,3000,9999,,Grand Rapids-Muskegon-Holland  MI MSA ,527,527,68497,6,12,847,3,11,880,7,43,1404,301,301,43404,5,10,740,2,8,640,0,0,0
9909,3040,9999,,Great Falls  MT MSA ,7,7,1033,0,0,0,0,0,0,0,0,0,7,7,1033,0,0,0,0,0,0,0,0,0
9909,3080,9999,,Green Bay  WI MSA ,75,75,11260,2,4,289,0,0,0,10,120,4890,63,63,9781,0,0,0,0,0,0,10,120,4890
9909,3120,9999,,Greensboro--Winston-Salem--High Point  NC MSA ,527,527,60458,5,10,659,5,19,947,5,37,1247,486,486,55743,3,6,270,4,16,783,2,14,729
9909,3150,9999,,Greenville  NC MSA ,48,48,7150,2,4,235,0,0,0,0,0,0,48,48,7150,2,4,235,0,0,0,0,0,0
9909,3160,9999,,Greenville-Spartanburg-Anderson  SC MSA ,526,526,48999,11,22,879,0,0,0,2,34,1473,326,326,30714,10,20,796,0,0,0,1,24,915
9909,3240,9999,,Harrisburg-Lebanon-Carlisle  PA MSA ,128,128,12927,0,0,0,1,4,265,0,0,0,109,109,10247,0,0,0,1,4,265,0,0,0
9909,3280,9999,,Hartford  CT MSA ,308,308,37711,2,4,196,0,0,0,0,0,0,280,280,34804,1,2,100,0,0,0,0,0,0
9909,3285,9999,,Hattiesburg  MS MSA ,6,6,868,0,0,0,0,0,0,0,0,0,0,0,0,0,0,0,0,0,0,0,0,0
9909,3290,9999,,Hickory-Morganton-Lenoir  NC MSA ,157,157,19335,0,0,0,0,0,0,3,31,1398,137,137,16249,0,0,0,0,0,0,0,0,0
9909,3320,9999,,Honolulu  HI MSA ,84,84,10843,0,0,0,0,0,0,0,0,0,84,84,10843,0,0,0,0,0,0,0,0,0
9909,3350,9999,,Houma  LA MSA ,65,65,7458,0,0,0,0,0,0,0,0,0,62,62,6987,0,0,0,0,0,0,0,0,0
9909,3362,1145,,Brazoria  TX PMSA ,139,139,14670,0,0,0,0,0,0,0,0,0,96,96,10493,0,0,0,0,0,0,0,0,0
9909,3362,2920,,Galveston-Texas City  TX PMSA ,121,121,13655,0,0,0,1,3,140,0,0,0,116,116,13310,0,0,0,0,0,0,0,0,0
9909,3362,3360,,Houston  TX PMSA ,1678,1678,230135,2,4,232,0,0,0,20,744,34462,1636,1636,223626,2,4,232,0,0,0,19,724,33442
9909,3400,9999,,Huntington-Ashland  WV-KY-OH MSA ,5,5,753,0,0,0,0,0,0,1,25,1765,5,5,753,0,0,0,0,0,0,1,25,1765
9909,3440,9999,,Huntsville  AL MSA ,77,77,4943,0,0,0,0,0,0,0,0,0,66,66,3556,0,0,0,0,0,0,0,0,0
9909,3480,9999,,Indianapolis  IN MSA ,1144,1144,164512,16,32,2203,1,3,200,6,109,4085,1021,1021,149091,16,32,2203,1,3,200,5,104,3943
9909,3500,9999,,Iowa City  IA MSA ,34,34,5969,3,6,473,0,0,0,1,6,517,34,34,5969,3,6,473,0,0,0,1,6,517
9909,3520,9999,,Jackson  MI MSA ,14,14,1818,0,0,0,0,0,0,0,0,0,12,12,1604,0,0,0,0,0,0,0,0,0
9909,3560,9999,,Jackson  MS MSA ,221,221,21944,0,0,0,2,8,1108,29,229,8527,160,160,15482,0,0,0,0,0,0,28,220,8000
9909,3580,9999,,Jackson  TN MSA ,52,52,5777,0,0,0,0,0,0,0,0,0,52,52,5777,0,0,0,0,0,0,0,0,0
9909,3600,9999,,Jacksonville  FL MSA ,506,506,52767,0,0,0,1,3,500,18,370,17125,503,503,52487,0,0,0,1,3,500,18,370,17125
9909,3605,9999,,Jacksonville  NC MSA ,54,54,4123,2,4,149,1,3,52,0,0,0,8,8,790,2,4,149,0,0,0,0,0,0
9909,3610,9999,,Jamestown  NY MSA ,1,1,88,0,0,0,0,0,0,0,0,0,0,0,0,0,0,0,0,0,0,0,0,0
9909,3620,9999,,Janesville-Beloit  WI MSA ,30,30,3128,6,12,1043,1,4,300,1,5,175,30,30,3128,6,12,1043,0,0,0,0,0,0
9909,3660,9999,,Johnson City-Kingsport-Bristol  TN-VA MSA ,86,86,9334,1,2,300,0,0,0,0,0,0,40,40,5374,1,2,300,0,0,0,0,0,0
9909,3680,9999,,Johnstown  PA MSA ,9,9,989,0,0,0,0,0,0,0,0,0,8,8,923,0,0,0,0,0,0,0,0,0
9909,3700,9999,,Jonesboro  AR MSA ,17,17,1941,0,0,0,0,0,0,0,0,0,17,17,1941,0,0,0,0,0,0,0,0,0
9909,3710,9999,,Joplin  MO MSA ,12,12,1043,0,0,0,0,0,0,0,0,0,12,12,1043,0,0,0,0,0,0,0,0,0
9909,3720,9999,,Kalamazoo-Battle Creek  MI MSA ,94,94,13934,5,10,949,1,4,430,3,25,840,50,50,8513,4,8,800,1,4,430,0,0,0
9909,3760,9999,,Kansas City  MO-KS MSA ,909,909,115766,44,88,6057,19,74,4488,7,60,2917,833,833,107293,41,82,5588,19,74,4488,7,60,2917
9909,3810,9999,,Killeen-Temple  TX MSA ,104,104,9886,5,10,484,1,4,146,0,0,0,104,104,9886,5,10,484,1,4,146,0,0,0
9909,3840,9999,,Knoxville  TN MSA ,251,251,24844,1,2,108,1,4,177,2,25,900,207,207,22300,0,0,0,0,0,0,0,0,0
9909,3850,9999,,Kokomo  IN MSA ,28,28,4203,2,4,627,0,0,0,9,72,3147,28,28,4203,2,4,627,0,0,0,9,72,3147
9909,3870,9999,,La Crosse  WI-MN MSA ,32,32,3970,4,8,625,0,0,0,1,12,800,32,32,3970,4,8,625,0,0,0,1,12,800
9909,3880,9999,,Lafayette  LA MSA ,94,94,11323,0,0,0,0,0,0,0,0,0,94,94,11323,0,0,0,0,0,0,0,0,0
9909,3920,9999,,Lafayette  IN MSA ,80,80,8291,0,0,0,0,0,0,0,0,0,80,80,8291,0,0,0,0,0,0,0,0,0
9909,3960,9999,,Lake Charles  LA MSA ,63,63,6426,0,0,0,0,0,0,6,40,1500,12,12,1614,0,0,0,0,0,0,6,40,1500
9909,3980,9999,,Lakeland-Winter Haven  FL MSA ,234,234,24051,0,0,0,0,0,0,0,0,0,234,234,24051,0,0,0,0,0,0,0,0,0
9909,4000,9999,,Lancaster  PA MSA ,102,102,13240,0,0,0,0,0,0,0,0,0,80,80,10803,0,0,0,0,0,0,0,0,0
9909,4040,9999,,Lansing-East Lansing  MI MSA ,106,106,13808,4,8,581,0,0,0,0,0,0,104,104,13568,4,8,581,0,0,0,0,0,0
9909,4080,9999,,Laredo  TX MSA ,176,176,9180,0,0,0,0,0,0,0,0,0,176,176,9180,0,0,0,0,0,0,0,0,0
9909,4100,9999,,Las Cruces  NM MSA ,64,64,7359,0,0,0,4,16,584,0,0,0,28,28,3455,0,0,0,4,16,584,0,0,0
9909,4120,9999,,Las Vegas  NV-AZ MSA ,1934,1934,200537,0,0,0,2,8,461,41,499,23105,1932,1932,200320,0,0,0,2,8,461,41,499,23105
9909,4150,9999,,Lawrence  KS MSA ,40,40,5847,7,14,994,0,0,0,2,35,1760,40,40,5847,7,14,994,0,0,0,2,35,1760
9909,4200,9999,,Lawton  OK MSA ,11,11,1358,0,0,0,0,0,0,0,0,0,9,9,1240,0,0,0,0,0,0,0,0,0
9909,4240,9999,,Lewiston-Auburn  ME MSA ,11,11,1379,0,0,0,0,0,0,0,0,0,9,9,1221,0,0,0,0,0,0,0,0,0
9909,4280,9999,,Lexington  KY MSA ,285,285,29224,5,10,450,0,0,0,2,16,420,243,243,25002,4,8,361,0,0,0,2,16,420
9909,4320,9999,,Lima  OH MSA ,3,3,330,0,0,0,0,0,0,0,0,0,3,3,330,0,0,0,0,0,0,0,0,0
9909,4360,9999,,Lincoln  NE MSA ,110,110,14665,3,6,318,0,0,0,6,75,2625,2,2,294,0,0,0,0,0,0,0,0,0
9909,4400,9999,,Little Rock-North Little Rock  AR MSA ,222,222,28952,13,26,1617,10,40,2240,12,144,3420,199,199,26779,13,26,1617,10,40,2240,12,144,3420
9909,4420,9999,,Longview-Marshall  TX MSA ,9,9,1651,0,0,0,0,0,0,0,0,0,9,9,1651,0,0,0,0,0,0,0,0,0
9909,4472,4480,,Los Angeles-Long Beach  CA PMSA ,638,638,110790,18,36,3810,1,3,631,32,514,36002,591,591,102083,17,34,3624,0,0,317,27,478,33843
9909,4472,5945,,Orange County  CA PMSA ,465,465,107178,6,12,1459,12,41,4540,2,23,2492,427,427,95172,5,10,1145,12,41,4540,1,16,1849
9909,4472,6780,,Riverside-San Bernardino  CA PMSA ,1426,1426,240864,1,2,374,1,3,318,10,181,29841,1372,1372,231428,1,2,374,0,0,0,10,181,29841
9909,4472,8735,,Ventura  CA PMSA ,259,259,62363,7,14,1081,0,0,0,2,25,1751,127,127,29822,7,14,1081,0,0,0,1,12,1070
9909,4520,9999,,Louisville  KY-IN MSA ,411,411,45414,4,8,306,2,7,443,21,232,11305,333,333,38020,1,2,85,1,4,345,19,222,10922
9909,4600,9999,,Lubbock  TX MSA ,49,49,4767,0,0,0,0,0,0,0,0,0,49,49,4767,0,0,0,0,0,0,0,0,0
9909,4640,9999,,Lynchburg  VA MSA ,77,77,10008,1,2,118,0,0,0,1,18,610,65,65,8644,0,0,0,0,0,0,1,18,610
9909,4680,9999,,Macon  GA MSA ,124,124,11235,0,0,0,0,0,0,10,100,3668,124,124,11235,0,0,0,0,0,0,10,100,3668
9909,4720,9999,,Madison  WI MSA ,130,130,18312,17,34,3343,3,12,1220,7,176,13507,114,114,15750,16,32,3182,3,12,1220,4,161,12871
9909,4800,9999,,Mansfield  OH MSA ,36,36,4901,1,2,140,2,6,378,1,10,440,28,28,4267,1,2,140,0,0,0,1,10,440
9909,4880,9999,,McAllen-Edinburg-Mission  TX MSA ,340,340,17583,3,6,277,5,18,472,4,22,606,107,107,6724,0,0,0,2,7,174,0,0,0
9909,4890,9999,,Medford-Ashland  OR MSA ,80,80,10011,2,4,357,2,8,479,0,0,0,69,69,8563,2,4,357,2,8,479,0,0,0
9909,4900,9999,,Melbourne-Titusville-Palm Bay  FL MSA ,241,241,29227,0,0,0,1,4,330,1,6,387,99,99,12378,0,0,0,1,4,330,1,6,387
9909,4920,9999,,Memphis  TN-AR-MS MSA ,691,691,103748,0,0,0,0,0,0,0,0,0,674,674,102602,0,0,0,0,0,0,0,0,0
9909,4940,9999,,Merced  CA MSA ,61,61,7332,0,0,0,0,0,0,0,0,0,23,23,2990,0,0,0,0,0,0,0,0,0
9909,4992,2680,,Fort Lauderdale  FL PMSA ,672,672,75211,0,0,0,0,0,0,2,140,29283,670,670,74976,0,0,0,0,0,0,1,124,28538
9909,4992,5000,,Miami  FL PMSA ,555,555,48435,13,26,1144,6,24,1795,10,95,7049,554,554,48286,13,26,1144,6,24,1795,10,95,7049
9909,5082,5080,,Milwaukee-Waukesha  WI PMSA ,339,339,56884,23,46,4141,0,0,0,6,153,8265,286,286,48209,21,42,3727,0,0,0,3,133,7250
9909,5082,6600,,Racine  WI PMSA ,57,57,7587,3,6,763,0,0,0,3,17,712,9,9,1493,2,4,613,0,0,0,0,0,0
9909,5120,9999,,Minneapolis-St. Paul  MN-WI MSA ,1692,1692,228543,42,84,7819,11,38,2948,18,219,16519,1428,1428,192469,41,82,7742,6,22,2011,13,188,15052
9909,5140,9999,,Missoula  MT MSA ,27,27,3008,0,0,0,0,0,0,0,0,0,27,27,3008,0,0,0,0,0,0,0,0,0
9909,5160,9999,,Mobile  AL MSA ,292,292,32050,0,0,0,0,0,0,3,117,11654,153,153,19357,0,0,0,0,0,0,2,109,11400
9909,5170,9999,,Modesto  CA MSA ,137,137,17271,1,2,125,0,0,0,1,5,278,67,67,8582,0,0,0,0,0,0,0,0,0
9909,5200,9999,,Monroe  LA MSA ,39,39,3814,0,0,0,0,0,0,0,0,0,39,39,3814,0,0,0,0,0,0,0,0,0
9909,5240,9999,,Montgomery  AL MSA ,23,23,1567,1,2,106,0,0,0,1,56,2300,23,23,1567,1,2,106,0,0,0,1,56,2300
9909,5280,9999,,Muncie  IN MSA ,20,20,2462,0,0,0,0,0,0,0,0,0,0,0,0,0,0,0,0,0,0,0,0,0
9909,5330,9999,,Myrtle Beach  SC MSA ,134,134,14059,0,0,0,0,0,0,12,164,18256,134,134,14059,0,0,0,0,0,0,12,164,18256
9909,5345,9999,,Naples  FL MSA ,314,314,48649,2,4,905,11,44,3776,11,186,30171,314,314,48649,2,4,905,11,44,3776,11,186,30171
9909,5360,9999,,Nashville  TN MSA ,845,845,103338,28,56,3697,3,9,611,4,56,3595,553,553,63984,21,42,2819,3,9,611,0,0,0
9909,5520,9999,,New London-Norwich  CT-RI MSA ,80,80,9236,1,2,177,0,0,0,1,5,233,57,57,6521,1,2,177,0,0,0,0,0,0
9909,5560,9999,,New Orleans  LA MSA ,196,196,26990,5,10,637,0,0,0,2,97,4012,190,190,25917,4,8,469,0,0,0,1,82,3215
9909,5602,0875,,Bergen-Passaic  NJ PMSA ,93,93,15885,8,16,1350,1,3,133,4,61,2164,62,62,10287,6,12,1008,1,3,133,2,11,698
9909,5602,1160,,Bridgeport  CT PMSA ,75,75,8528,0,0,0,1,4,250,0,0,0,70,70,7492,0,0,0,1,4,250,0,0,0
9909,5602,1930,,Danbury  CT PMSA ,100,100,18779,1,2,119,0,0,0,4,23,1288,87,87,15329,1,2,119,0,0,0,4,23,1288
9909,5602,2281,,Dutchess County  NY PMSA ,75,75,12106,1,2,200,1,3,120,0,0,0,48,48,7895,0,0,0,0,0,0,0,0,0
9909,5602,3640,,Jersey City  NJ PMSA ,28,28,1047,4,8,525,13,41,1096,2,65,4344,0,0,0,0,0,0,12,38,988,0,0,0
9909,5602,5015,,Middlesex-Somerset-Hunterdon  NJ PMSA ,359,359,42691,2,4,145,0,0,0,4,42,1341,245,245,29826,2,4,145,0,0,0,3,36,1003
9909,5602,5190,,Monmouth-Ocean  NJ PMSA ,474,474,48763,0,0,0,0,0,0,4,29,1243,343,343,35789,0,0,0,0,0,0,3,24,1200
9909,5602,5380,,Nassau-Suffolk  NY PMSA ,353,353,49192,2,4,189,0,0,0,2,13,1579,275,275,38745,0,0,0,0,0,0,0,0,0
9909,5602,5480,,New Haven-Meriden  CT PMSA ,99,99,11360,1,2,50,0,0,0,2,26,755,77,77,8944,0,0,0,0,0,0,0,0,0
9909,5602,5600,,New York  NY PMSA ,362,362,58822,107,214,12864,71,214,12735,29,670,36316,299,299,43284,107,214,12864,70,211,12597,26,652,35258
9909,5602,5640,,Newark  NJ PMSA ,332,332,41866,39,78,3718,0,0,0,2,10,536,277,277,32568,33,66,3263,0,0,0,0,0,50
9909,5602,5660,,Newburgh  NY-PA PMSA ,148,148,17685,2,4,200,0,0,0,1,5,359,117,117,14135,1,2,90,0,0,0,0,0,0
9909,5602,8040,,Stamford-Norwalk  CT PMSA ,40,40,15485,2,4,351,1,3,272,2,17,950,20,20,7122,0,0,0,0,0,0,1,12,575
9909,5602,8480,,Trenton  NJ PMSA ,91,91,9706,0,0,0,0,0,0,0,0,0,55,55,6565,0,0,0,0,0,0,0,0,0
9909,5602,8880,,Waterbury  CT PMSA ,50,50,6960,0,0,0,0,0,0,0,0,0,47,47,6215,0,0,0,0,0,0,0,0,0
9909,5720,9999,,Norfolk-Virginia Beach-Newport News  VA-NC MSA ,590,590,67352,1,2,90,1,3,92,8,50,2236,441,441,54469,1,2,90,0,0,0,7,45,2037
9909,5790,9999,,Ocala  FL MSA ,222,222,20197,0,0,0,1,4,186,0,0,0,222,222,20197,0,0,0,1,4,186,0,0,0
9909,5800,9999,,Odessa-Midland  TX MSA ,23,23,3222,0,0,0,0,0,0,0,0,0,23,23,3222,0,0,0,0,0,0,0,0,0
9909,5880,9999,,Oklahoma City  OK MSA ,410,410,47808,1,2,90,2,8,348,1,8,150,410,410,47808,1,2,90,2,8,348,1,8,150
9909,5920,9999,,Omaha  NE-IA MSA ,319,319,32730,0,0,0,1,3,225,0,0,0,303,303,30968,0,0,0,1,3,225,0,0,0
9909,5960,9999,,Orlando  FL MSA ,1111,1111,130079,2,4,209,2,8,431,25,358,16782,1067,1067,125004,2,4,209,2,8,431,25,358,16782
9909,5990,9999,,Owensboro  KY MSA ,31,31,1869,2,4,116,0,0,0,2,20,642,11,11,739,2,4,116,0,0,0,2,20,642
9909,6015,9999,,Panama City  FL MSA ,72,72,7987,4,8,605,0,0,0,0,0,0,72,72,7987,4,8,605,0,0,0,0,0,0
9909,6020,9999,,Parkersburg-Marietta  WV-OH MSA ,17,17,1679,0,0,0,0,0,0,1,5,104,7,7,790,0,0,0,0,0,0,0,0,0
9909,6080,9999,,Pensacola  FL MSA ,208,208,21805,3,6,271,0,0,0,0,0,0,208,208,21805,3,6,271,0,0,0,0,0,0
9909,6120,9999,,Peoria-Pekin  IL MSA ,81,81,10962,1,2,108,1,4,153,1,8,360,40,40,5659,0,0,0,1,4,153,1,8,360
9909,6162,0560,,Atlantic-Cape May  NJ PMSA ,189,189,17347,16,32,2613,1,4,360,0,0,0,127,127,12212,16,32,2613,1,4,360,0,0,0
9909,6162,6160,,Philadelphia  PA-NJ PMSA ,1062,1062,130480,3,6,598,4,14,886,17,171,9274,793,793,102355,2,4,420,4,14,886,9,124,6807
9909,6162,8760,,Vineland-Millville-Bridgeton  NJ PMSA ,32,32,2179,0,0,0,0,0,0,1,6,304,28,28,1559,0,0,0,0,0,0,0,0,0
9909,6162,9160,,Wilmington-Newark  DE-MD PMSA ,218,218,16572,0,0,0,0,0,0,1,5,80,208,208,15854,0,0,0,0,0,0,0,0,0
9909,6200,9999,,Phoenix-Mesa  AZ MSA ,3050,3050,395003,7,14,776,11,44,4226,103,822,43142,2783,2783,370384,7,14,776,11,44,4226,100,781,41007
9909,6240,9999,,Pine Bluff  AR MSA ,10,10,633,0,0,0,0,0,0,1,5,129,4,4,307,0,0,0,0,0,0,0,0,0
9909,6280,9999,,Pittsburgh  PA MSA ,410,410,59870,2,4,260,11,39,2909,2,20,915,291,291,45105,1,2,240,6,24,1951,0,0,0
9909,6320,9999,,Pittsfield  MA MSA ,0,0,0,0,0,0,0,0,0,0,0,0,0,0,0,0,0,0,0,0,0,0,0,0
9909,6340,9999,,Pocatello  ID MSA ,7,7,588,0,0,0,0,0,0,0,0,0,7,7,588,0,0,0,0,0,0,0,0,0
9909,6400,9999,,Portland  ME MSA ,119,119,16277,3,6,540,0,0,0,0,0,0,80,80,11706,3,6,540,0,0,0,0,0,0
9909,6442,6440,,Portland-Vancouver  OR-WA PMSA ,897,897,129839,17,34,2973,20,71,5195,4,85,5262,826,826,118600,14,28,2306,19,68,4998,1,46,3061
9909,6442,7080,,Salem  OR PMSA ,117,117,14870,4,8,644,0,0,0,2,18,1054,78,78,9603,3,6,467,0,0,0,0,0,0
9909,6480,9999,,Providence-Fall River-Warwick  RI-MA MSA ,225,225,24924,4,8,375,0,0,0,0,0,0,158,158,17912,1,2,117,0,0,0,0,0,0
9909,6520,9999,,Provo-Orem  UT MSA ,204,204,24443,3,6,530,4,15,1502,2,19,1345,196,196,23644,3,6,530,4,15,1502,2,19,1345
9909,6560,9999,,Pueblo  CO MSA ,92,92,9354,5,10,676,2,8,363,0,0,0,0,0,0,0,0,0,0,0,0,0,0,0
9909,6580,9999,,Punta Gorda  FL MSA ,93,93,9818,0,0,0,1,3,175,2,15,725,22,22,2425,0,0,0,0,0,0,0,0,0
9909,6640,9999,,Raleigh-Durham-Chapel Hill  NC MSA ,1066,1066,142207,3,6,320,1,3,206,5,61,2208,995,995,133526,2,4,236,0,0,0,4,56,2013
9909,6660,9999,,Rapid City  SD MSA ,39,39,4473,0,0,0,0,0,0,1,26,1203,26,26,2864,0,0,0,0,0,0,0,0,0
9909,6680,9999,,Reading  PA MSA ,50,50,5752,2,4,138,0,0,0,0,0,0,36,36,4122,0,0,0,0,0,0,0,0,0
9909,6690,9999,,Redding  CA MSA ,54,54,8614,0,0,0,0,0,0,0,0,0,51,51,8348,0,0,0,0,0,0,0,0,0
9909,6720,9999,,Reno  NV MSA ,286,286,34435,0,0,0,1,3,116,4,83,4103,166,166,21720,0,0,0,0,0,0,0,0,0
9909,6740,9999,,Richland-Kennewick-Pasco  WA MSA ,84,84,10911,0,0,0,0,0,0,0,0,0,71,71,9710,0,0,0,0,0,0,0,0,0
9909,6760,9999,,Richmond-Petersburg  VA MSA ,532,532,55240,0,0,0,0,0,0,24,149,6431,497,497,52164,0,0,0,0,0,0,23,138,6246
9909,6800,9999,,Roanoke  VA MSA ,72,72,5807,0,0,0,0,0,0,0,0,0,66,66,5159,0,0,0,0,0,0,0,0,0
9909,6820,9999,,Rochester  MN MSA ,87,87,12432,2,4,438,2,8,660,1,23,1461,34,34,5492,0,0,0,0,0,0,0,0,0
9909,6840,9999,,Rochester  NY MSA ,140,140,22457,0,0,0,0,0,0,6,142,12625,108,108,19135,0,0,0,0,0,0,5,137,12383
9909,6880,9999,,Rockford  IL MSA ,143,143,14163,4,8,567,2,8,509,2,10,284,143,143,14163,4,8,567,2,8,509,2,10,284
9909,6895,9999,,Rocky Mount  NC MSA ,29,29,2483,0,0,0,0,0,0,0,0,0,16,16,966,0,0,0,0,0,0,0,0,0
9909,6922,6920,,Sacramento  CA PMSA ,756,756,115320,0,0,0,0,0,0,17,200,13732,583,583,86231,0,0,0,0,0,0,14,160,10986
9909,6922,9270,,Yolo  CA PMSA ,22,22,3989,0,0,0,0,0,0,9,70,7323,22,22,3989,0,0,0,0,0,0,9,70,7323
9909,6960,9999,,Saginaw-Bay City-Midland  MI MSA ,29,29,4121,0,0,0,0,0,0,1,5,328,15,15,2275,0,0,0,0,0,0,0,0,0
9909,6980,9999,,St. Cloud  MN MSA ,64,64,6818,0,0,0,1,3,0,1,5,283,46,46,4826,0,0,0,0,0,0,0,0,0
9909,7000,9999,,St. Joseph  MO MSA ,8,8,622,4,8,417,14,52,1455,0,0,0,8,8,622,4,8,417,14,52,1455,0,0,0
9909,7040,9999,,St. Louis  MO-IL MSA ,787,787,101684,27,54,4288,4,14,793,16,214,10059,689,689,87821,26,52,4136,3,11,681,14,197,9369
9909,7120,9999,,Salinas  CA MSA ,85,85,15720,0,0,0,1,3,213,2,16,971,84,84,15607,0,0,0,1,3,213,2,16,971
9909,7160,9999,,Salt Lake City-Ogden  UT MSA ,544,544,71223,5,10,998,21,83,6251,19,332,17502,466,466,62391,3,6,670,20,80,6068,17,304,16122
9909,7200,9999,,San Angelo  TX MSA ,24,24,2294,0,0,0,0,0,0,0,0,0,24,24,2294,0,0,0,0,0,0,0,0,0
9909,7240,9999,,San Antonio  TX MSA ,571,571,63414,8,16,930,4,16,923,47,512,25306,563,563,62700,8,16,930,4,16,923,47,512,25306
9909,7320,9999,,San Diego  CA MSA ,674,674,127578,7,14,1929,0,0,0,42,1126,92587,667,667,126280,7,14,1929,0,0,0,42,1126,92587
9909,7362,5775,,Oakland  CA PMSA ,830,830,163542,3,6,545,2,6,681,6,307,21750,790,790,154867,3,6,545,1,3,374,6,307,21750
9909,7362,7360,,San Francisco  CA PMSA ,156,156,42617,46,92,11019,8,24,3470,7,107,7910,119,119,32165,46,92,11019,8,24,3470,7,107,7910
9909,7362,7400,,San Jose  CA PMSA ,239,239,45954,2,4,428,2,7,897,7,56,4269,221,221,41739,2,4,428,2,7,897,6,36,2396
9909,7362,7485,,Santa Cruz-Watsonville  CA PMSA ,29,29,6695,0,0,0,0,0,0,0,0,0,29,29,6695,0,0,0,0,0,0,0,0,0
9909,7362,7500,,Santa Rosa  CA PMSA ,185,185,30228,0,0,0,0,0,0,0,0,0,137,137,23175,0,0,0,0,0,0,0,0,0
9909,7362,8720,,Vallejo-Fairfield-Napa  CA PMSA ,115,115,22035,1,2,137,0,0,0,2,27,1868,45,45,9509,0,0,0,0,0,0,0,0,0
9909,7460,9999,,San Luis Obispo-Atascadero-Paso Robles  CA MSA ,115,115,18170,0,0,0,0,0,0,1,20,751,57,57,9858,0,0,0,0,0,0,1,20,751
9909,7480,9999,,Santa Barbara-Santa Maria-Lompoc  CA MSA ,66,66,15224,1,2,237,0,0,0,0,0,0,59,59,13935,0,0,0,0,0,0,0,0,0
9909,7490,9999,,Santa Fe  NM MSA ,40,40,5372,0,0,0,0,0,0,2,40,2500,40,40,5372,0,0,0,0,0,0,2,40,2500
9909,7510,9999,,Sarasota-Bradenton  FL MSA ,411,411,50285,7,14,1080,4,16,413,1,8,108,367,367,44971,7,14,1080,4,16,413,0,0,0
9909,7520,9999,,Savannah  GA MSA ,104,104,13383,0,0,0,4,12,435,1,20,746,95,95,12660,0,0,0,4,12,435,0,0,0
9909,7560,9999,,Scranton--Wilkes-Barre--Hazleton  PA MSA ,28,28,2983,0,0,0,1,3,185,1,5,355,9,9,1190,0,0,0,1,3,185,0,0,0
9909,7602,1150,,Bremerton  WA PMSA ,96,96,11632,0,0,0,0,0,0,0,0,0,94,94,11457,0,0,0,0,0,0,0,0,0
9909,7602,5910,,Olympia  WA PMSA ,79,79,11325,1,2,203,0,0,0,0,0,0,72,72,10341,0,0,0,0,0,0,0,0,0
9909,7602,7600,,Seattle-Bellevue-Everett  WA PMSA ,891,891,123276,26,52,3801,12,45,4033,30,760,49141,733,733,101562,22,44,3043,9,35,2871,22,690,42068
9909,7602,8200,,Tacoma  WA PMSA ,361,361,39462,13,26,1684,1,3,83,0,0,0,334,334,36788,13,26,1684,1,3,83,0,0,0
9909,7610,9999,,Sharon  PA MSA ,9,9,1050,1,2,127,0,0,0,0,0,0,0,0,0,0,0,0,0,0,0,0,0,0
9909,7620,9999,,Sheboygan  WI MSA ,5,5,782,0,0,0,0,0,0,0,0,0,3,3,485,0,0,0,0,0,0,0,0,0
9909,7640,9999,,Sherman-Denison  TX MSA ,2,2,172,2,4,306,0,0,0,0,0,0,2,2,172,2,4,306,0,0,0,0,0,0
9909,7680,9999,,Shreveport-Bossier City  LA MSA ,104,104,9729,0,0,0,0,0,0,0,0,0,104,104,9729,0,0,0,0,0,0,0,0,0
9909,7720,9999,,Sioux City  IA-NE MSA ,14,14,1287,0,0,0,0,0,0,5,25,1257,10,10,787,0,0,0,0,0,0,5,25,1257
9909,7760,9999,,Sioux Falls  SD MSA ,133,133,11892,0,0,0,0,0,0,2,50,1813,129,129,11571,0,0,0,0,0,0,2,50,1813
9909,7800,9999,,South Bend  IN MSA ,80,80,10560,1,2,195,0,0,0,3,108,2652,80,80,10560,1,2,195,0,0,0,3,108,2652
9909,7840,9999,,Spokane  WA MSA ,130,130,15942,1,2,179,0,0,0,2,42,2296,28,28,3576,0,0,0,0,0,0,0,0,0
9909,7880,9999,,Springfield  IL MSA ,60,60,6603,3,6,417,0,0,0,0,0,0,0,0,0,0,0,0,0,0,0,0,0,0
9909,7920,9999,,Springfield  MO MSA ,191,191,22842,6,12,710,1,3,136,2,36,999,151,151,19546,4,8,520,0,0,0,2,36,999
9909,8000,9999,,Springfield  MA MSA ,53,53,7443,1,2,94,1,3,350,0,0,0,38,38,5466,0,0,0,1,3,350,0,0,0
9909,8050,9999,,State College  PA MSA ,22,22,2632,0,0,0,0,0,0,0,0,0,2,2,208,0,0,0,0,0,0,0,0,0
9909,8080,9999,,Steubenville-Weirton  OH-WV MSA ,3,3,361,0,0,0,0,0,0,0,0,0,3,3,361,0,0,0,0,0,0,0,0,0
9909,8120,9999,,Stockton-Lodi  CA MSA ,361,361,43144,0,0,0,0,0,0,0,0,0,351,351,41452,0,0,0,0,0,0,0,0,0
9909,8140,9999,,Sumter  SC MSA ,27,27,2105,3,6,229,0,0,0,1,5,149,0,0,0,0,0,0,0,0,0,0,0,0
9909,8160,9999,,Syracuse  NY MSA ,56,56,6024,1,2,266,0,0,0,1,5,216,42,42,4569,0,0,0,0,0,0,0,0,0
9909,8240,9999,,Tallahassee  FL MSA ,101,101,12713,2,4,180,0,0,0,0,0,0,101,101,12713,2,4,180,0,0,0,0,0,0
9909,8280,9999,,Tampa-St. Petersburg-Clearwater  FL MSA ,1074,1074,121935,7,14,930,6,21,1355,46,664,30016,1073,1073,121585,7,14,930,6,21,1355,45,659,29668
9909,8320,9999,,Terre Haute  IN MSA ,23,23,3024,0,0,0,0,0,0,0,0,0,23,23,3024,0,0,0,0,0,0,0,0,0
9909,8360,9999,,Texarkana  TX-Texarkana  AR MSA ,13,13,1371,0,0,0,0,0,0,0,0,0,13,13,1371,0,0,0,0,0,0,0,0,0
9909,8400,9999,,Toledo  OH MSA ,109,109,12392,4,8,410,2,6,441,3,60,1694,109,109,12392,4,8,410,2,6,441,3,60,1694
9909,8440,9999,,Topeka  KS MSA ,55,55,7775,3,6,550,0,0,0,1,35,5015,55,55,7775,3,6,550,0,0,0,1,35,5015
9909,8520,9999,,Tucson  AZ MSA ,540,540,73392,1,2,177,1,3,240,4,42,2563,462,462,62197,1,2,177,1,3,240,4,42,2563
9909,8560,9999,,Tulsa  OK MSA ,252,252,31995,0,0,0,1,3,413,13,196,4719,248,248,31531,0,0,0,1,3,413,13,196,4719
9909,8600,9999,,Tuscaloosa  AL MSA ,54,54,6236,0,0,0,0,0,0,0,0,0,54,54,6236,0,0,0,0,0,0,0,0,0
9909,8640,9999,,Tyler  TX MSA ,25,25,4442,0,0,0,1,3,150,1,5,231,0,0,0,0,0,0,0,0,0,0,0,0
9909,8680,9999,,Utica-Rome  NY MSA ,11,11,1313,0,0,0,0,0,0,0,0,0,11,11,1313,0,0,0,0,0,0,0,0,0
9909,8750,9999,,Victoria  TX MSA ,16,16,1650,0,0,0,0,0,0,0,0,0,16,16,1650,0,0,0,0,0,0,0,0,0
9909,8780,9999,,Visalia-Tulare-Porterville  CA MSA ,109,109,11182,0,0,0,1,3,113,0,0,0,107,107,11065,0,0,0,0,0,0,0,0,0
9909,8800,9999,,Waco  TX MSA ,38,38,4009,5,10,582,0,0,0,1,26,766,22,22,2484,4,8,500,0,0,0,0,0,0
9909,8872,0720,,Baltimore  MD PMSA ,647,647,67803,0,0,0,0,0,0,30,303,13753,630,630,66649,0,0,0,0,0,0,29,298,13599
9909,8872,3180,,Hagerstown  MD PMSA ,49,49,5438,1,2,300,0,0,0,2,18,522,49,49,5438,1,2,300,0,0,0,2,18,522
9909,8872,8840,,Washington  DC-MD-VA-WV PMSA ,2152,2152,237066,2,4,180,0,0,0,35,581,26454,1874,1874,205291,2,4,180,0,0,0,24,465,21899
9909,8920,9999,,Waterloo-Cedar Falls  IA MSA ,16,16,2583,0,0,0,0,0,0,0,0,0,16,16,2583,0,0,0,0,0,0,0,0,0
9909,8940,9999,,Wausau  WI MSA ,30,30,3779,1,2,155,1,4,180,0,0,0,16,16,2201,1,2,155,1,4,180,0,0,0
9909,8960,9999,,West Palm Beach-Boca Raton  FL MSA ,497,497,70209,1,2,600,2,8,457,40,807,34284,491,491,67555,0,0,0,2,8,457,38,784,32701
9909,9000,9999,,Wheeling  WV-OH MSA ,3,3,249,0,0,0,0,0,0,0,0,0,3,3,249,0,0,0,0,0,0,0,0,0
9909,9040,9999,,Wichita  KS MSA ,167,167,17159,5,10,627,0,0,0,0,0,0,134,134,14115,5,10,627,0,0,0,0,0,0
9909,9080,9999,,Wichita Falls  TX MSA ,15,15,1197,0,0,0,0,0,0,0,0,0,15,15,1197,0,0,0,0,0,0,0,0,0
9909,9200,9999,,Wilmington  NC MSA ,207,207,24328,1,2,117,0,0,0,5,52,2617,9,9,1587,0,0,0,0,0,0,0,0,0
9909,9260,9999,,Yakima  WA MSA ,26,26,2992,4,8,542,0,0,0,1,5,220,5,5,298,3,6,404,0,0,0,0,0,0
9909,9280,9999,,York  PA MSA ,94,94,10049,5,10,600,2,8,400,1,5,232,57,57,6529,5,10,600,2,8,400,0,0,0
9909,9320,9999,,Youngstown-Warren  OH MSA ,95,95,11073,2,4,440,4,16,1238,0,0,0,95,95,11073,2,4,440,4,16,1238,0,0,0
9909,9340,9999,,Yuba City  CA MSA ,16,16,2411,0,0,0,0,0,0,0,0,0,16,16,2411,0,0,0,0,0,0,0,0,0
9909,9360,9999,,Yuma  AZ MSA ,64,64,6003,0,0,0,0,0,0,0,0,0,64,64,6003,0,0,0,0,0,0,0,0,0
9909,1122,9999,,Boston-Worcester-Lawrence  MA-NH-ME-CT CMSA ,1152,1152,158783,33,66,5479,19,61,5017,10,85,9852,680,680,95776,22,44,3955,17,54,4548,2,23,3344
9909,1602,9999,,Chicago-Gary-Kenosha  IL-IN-WI CMSA ,3137,3137,461109,21,42,3865,49,171,12072,91,1056,65960,2735,2735,404117,17,34,3192,47,163,11507,82,1007,63554
9909,1642,9999,,Cincinnati-Hamilton  OH-KY-IN CMSA ,922,922,97153,11,22,1373,5,18,1300,45,368,17023,554,554,55505,11,22,1373,1,4,222,35,306,13888
9909,1692,9999,,Cleveland-Akron  OH CMSA ,874,874,150714,15,30,3129,8,25,2013,11,110,5065,626,626,111218,9,18,2066,4,12,986,5,53,2898
9909,1922,9999,,Dallas-Fort Worth  TX CMSA ,2758,2758,401442,4,8,390,1,3,100,71,1208,52112,2371,2371,344363,3,6,245,0,0,0,58,1049,44055
9909,2082,9999,,Denver-Boulder-Greeley  CO CMSA ,1654,1654,232782,13,26,1944,15,55,3984,19,793,24840,1575,1575,221948,11,22,1608,15,55,3984,16,742,22451
9909,2162,9999,,Detroit-Ann Arbor-Flint  MI CMSA ,1964,1964,266991,28,56,5077,5,18,1395,43,478,21431,1457,1457,201192,24,48,4482,2,8,522,22,313,12290
9909,3362,9999,,Houston-Galveston-Brazoria  TX CMSA ,1938,1938,258460,2,4,232,1,3,140,20,744,34462,1848,1848,247429,2,4,232,0,0,0,19,724,33442
9909,4472,9999,,Los Angeles-Riverside-Orange County  CA CMSA ,2788,2788,521195,32,64,6724,14,47,5489,46,743,70086,2517,2517,458505,30,60,6224,12,41,4857,39,687,66603
9909,4992,9999,,Miami-Fort Lauderdale  FL CMSA ,1227,1227,123646,13,26,1144,6,24,1795,12,235,36332,1224,1224,123262,13,26,1144,6,24,1795,11,219,35587
9909,5082,9999,,Milwaukee-Racine  WI CMSA ,396,396,64471,26,52,4904,0,0,0,9,170,8977,295,295,49702,23,46,4340,0,0,0,3,133,7250
9909,5602,9999,,New York-Northern New Jersey-Long Island  NY-NJ-CT-PA CMSA ,2679,2679,358875,169,338,19711,88,268,14606,56,961,50875,2022,2022,264196,150,300,17489,84,256,13968,39,758,40072
9909,6162,9999,,Philadelphia-Wilmington-Atlantic City  PA-NJ-DE-MD CMSA ,1501,1501,166578,19,38,3211,5,18,1246,19,182,9658,1156,1156,131980,18,36,3033,5,18,1246,9,124,6807
9909,6442,9999,,Portland-Salem  OR-WA CMSA ,1014,1014,144709,21,42,3617,20,71,5195,6,103,6316,904,904,128203,17,34,2773,19,68,4998,1,46,3061
9909,6922,9999,,Sacramento-Yolo  CA CMSA ,778,778,119309,0,0,0,0,0,0,26,270,21055,605,605,90220,0,0,0,0,0,0,23,230,18309
9909,7362,9999,,San Francisco-Oakland-San Jose  CA CMSA ,1554,1554,311071,52,104,12129,12,37,5048,22,497,35797,1341,1341,268150,51,102,11992,11,34,4741,19,450,32056
9909,7602,9999,,Seattle-Tacoma-Bremerton  WA CMSA ,1427,1427,185695,40,80,5688,13,48,4116,30,760,49141,1233,1233,160148,35,70,4727,10,38,2954,22,690,42068
9909,8872,9999,,Washington-Baltimore  DC-MD-VA-WV CMSA ,2848,2848,310307,3,6,480,0,0,0,67,902,40729,2553,2553,277378,3,6,480,0,0,0,55,781,36020
