Survey,CSA,CBSA,HHEADER,CBSA,,1-unit,,,2-units,,,3-4 units,,,5+ units,,,1-unit rep,,,2-units rep,,,3-4 units rep,,,5+ units rep
Date,Code,Code,,Name,Bldgs,Units,Value,Bldgs,Units,Value,Bldgs,Units,Value,Bldgs,Units,Value,Bldgs,Units,Value,Bldgs,Units,Value,      Bldgs,Units,Value,Bldgs,Units,Value
 
202504,101,10180,2,Abilene  TX ,44,44,12799,2,4,646,0,0,0,0,0,0,41,41,12137,2,4,646,0,0,0,0,0,0
202504,101,45020,5,Sweetwater  TX ,2,2,350,0,0,0,0,0,0,0,0,0,0,0,0,0,0,0,0,0,0,0,0,0
202504,104,10580,2,Albany-Schenectady-Troy  NY ,104,104,39658,0,0,0,4,16,2800,5,161,35467,63,63,24249,0,0,0,4,16,2800,3,151,33495
202504,104,11220,5,Amsterdam  NY ,3,3,501,0,0,0,0,0,0,0,0,0,0,0,0,0,0,0,0,0,0,0,0,0
202504,104,24020,2,Glens Falls  NY ,30,30,10883,1,2,363,0,0,0,1,5,739,28,28,10567,1,2,363,0,0,0,0,0,0
202504,104,24100,5,Gloversville  NY ,4,4,1475,0,0,0,0,0,0,0,0,0,2,2,800,0,0,0,0,0,0,0,0,0
202504,104,26460,5,Hudson  NY ,12,12,3839,0,0,0,0,0,0,0,0,0,2,2,410,0,0,0,0,0,0,0,0,0
202504,105,10740,2,Albuquerque  NM ,178,178,47573,2,4,708,0,0,0,2,64,5751,108,108,33120,0,0,0,0,0,0,0,0,0
202504,105,29780,5,Las Vegas  NM ,0,0,0,0,0,0,0,0,0,0,0,0,0,0,0,0,0,0,0,0,0,0,0,0
202504,105,31060,5,Los Alamos  NM ,1,1,200,0,0,0,0,0,0,0,0,0,0,0,0,0,0,0,0,0,0,0,0,0
202504,105,42140,2,Santa Fe  NM ,21,21,7864,0,0,0,0,0,0,0,0,0,0,0,0,0,0,0,0,0,0,0,0,0
202504,106,10900,2,Allentown-Bethlehem-Easton  PA-NJ ,110,110,29043,8,16,2879,2,6,516,13,222,26882,64,64,16475,8,16,2879,0,0,0,8,176,21788
202504,106,20700,5,East Stroudsburg  PA ,22,22,6074,0,0,0,0,0,0,0,0,0,12,12,3293,0,0,0,0,0,0,0,0,0
202504,107,11020,2,Altoona  PA ,7,7,3741,0,0,0,0,0,0,0,0,0,1,1,1600,0,0,0,0,0,0,0,0,0
202504,107,26500,5,Huntingdon  PA ,3,3,921,0,0,0,0,0,0,0,0,0,0,0,0,0,0,0,0,0,0,0,0,0
202504,108,11100,2,Amarillo  TX ,36,36,10498,1,2,323,0,0,0,0,0,0,31,31,9177,1,2,323,0,0,0,0,0,0
202504,108,14420,5,Borger  TX ,0,0,0,0,0,0,0,0,0,0,0,0,0,0,0,0,0,0,0,0,0,0,0,0
202504,118,11540,2,Appleton  WI ,72,72,24640,1,2,412,0,0,0,0,0,0,60,60,20388,1,2,412,0,0,0,0,0,0
202504,118,36780,2,Oshkosh-Neenah  WI ,28,28,12929,1,2,500,0,0,0,2,16,3201,24,24,11345,1,2,500,0,0,0,2,16,3201
202504,120,11700,2,Asheville  NC ,184,184,76708,0,0,0,0,0,0,2,69,10577,66,66,31344,0,0,0,0,0,0,0,0,0
202504,120,14820,5,Brevard  NC ,16,16,10797,0,0,0,0,0,0,0,0,0,0,0,0,0,0,0,0,0,0,0,0,0
202504,120,48200,5,Waynesville  NC ,25,25,9067,0,0,0,0,0,0,0,0,0,0,0,0,0,0,0,0,0,0,0,0,0
202504,122,12020,2,Athens-Clarke County  GA ,89,89,32262,0,0,0,0,0,0,0,0,0,67,67,25285,0,0,0,0,0,0,0,0,0
202504,122,12060,2,Atlanta-Sandy Springs-Roswell  GA ,2178,2178,638057,8,16,3265,0,0,0,39,1228,177094,1941,1941,568543,8,16,3265,0,0,0,34,1150,165772
202504,122,15660,5,Calhoun  GA ,42,42,8941,0,0,0,0,0,0,0,0,0,30,30,5292,0,0,0,0,0,0,0,0,0
202504,122,16340,5,Cedartown  GA ,13,13,3613,0,0,0,0,0,0,0,0,0,0,0,0,0,0,0,0,0,0,0,0,0
202504,122,18460,5,Cornelia  GA ,17,17,6411,0,0,0,0,0,0,0,0,0,0,0,0,0,0,0,0,0,0,0,0,0
202504,122,23580,2,Gainesville  GA ,116,116,35881,0,0,0,1,4,674,4,29,3488,31,31,10550,0,0,0,0,0,0,3,18,1800
202504,122,27600,5,Jefferson  GA ,172,172,62123,0,0,0,0,0,0,1,6,1044,135,135,51619,0,0,0,0,0,0,1,6,1044
202504,122,29300,5,LaGrange  GA-AL ,50,50,13320,0,0,0,0,0,0,0,0,0,42,42,11892,0,0,0,0,0,0,0,0,0
202504,122,40660,2,Rome  GA ,61,61,14638,0,0,0,0,0,0,0,0,0,61,61,14638,0,0,0,0,0,0,0,0,0
202504,122,45580,5,Thomaston  GA ,12,12,3385,0,0,0,1,3,290,0,0,0,0,0,0,0,0,0,0,0,0,0,0,0
202504,132,12940,2,Baton Rouge  LA ,308,308,83552,3,6,386,0,0,0,14,107,2511,47,47,11733,0,0,0,0,0,0,0,0,0
202504,132,25220,2,Hammond  LA ,67,67,13524,0,0,0,0,0,0,3,87,8243,0,0,0,0,0,0,0,0,0,0,0,0
202504,142,13820,2,Birmingham  AL ,337,337,106833,1,2,1032,0,0,0,2,43,8103,289,289,91636,0,0,0,0,0,0,0,0,0
202504,142,18980,5,Cullman  AL ,19,19,2989,0,0,0,0,0,0,0,0,0,16,16,2264,0,0,0,0,0,0,0,0,0
202504,142,45180,5,Talladega-Sylacauga  AL ,12,12,1993,0,0,0,0,0,0,1,6,944,11,11,1705,0,0,0,0,0,0,1,6,944
202504,144,13260,5,Bedford  IN ,10,10,1903,0,0,0,0,0,0,0,0,0,9,9,1550,0,0,0,0,0,0,0,0,0
202504,144,14020,2,Bloomington  IN ,34,34,12715,1,2,240,0,0,0,1,41,4422,33,33,12490,1,2,240,0,0,0,1,41,4422
202504,145,14010,2,Bloomington  IL ,32,32,10581,0,0,0,0,0,0,0,0,0,30,30,9759,0,0,0,0,0,0,0,0,0
202504,145,38700,5,Pontiac  IL ,4,4,1263,0,0,0,0,0,0,0,0,0,1,1,60,0,0,0,0,0,0,0,0,0
202504,146,14100,5,Bloomsburg-Berwick  PA ,7,7,1327,0,0,0,0,0,0,0,0,0,6,6,1190,0,0,0,0,0,0,0,0,0
202504,146,30260,5,Lewisburg  PA ,8,8,3401,0,0,0,0,0,0,0,0,0,6,6,2786,0,0,0,0,0,0,0,0,0
202504,146,42780,5,Selinsgrove  PA ,4,4,1402,0,0,0,0,0,0,0,0,0,1,1,357,0,0,0,0,0,0,0,0,0
202504,146,44980,5,Sunbury  PA ,7,7,2522,0,0,0,0,0,0,0,0,0,4,4,1653,0,0,0,0,0,0,0,0,0
202504,147,14260,2,Boise City  ID ,790,790,219390,3,6,804,7,26,3607,8,223,33358,583,583,166913,2,4,429,4,16,2436,7,200,29974
202504,147,34300,5,Mountain Home  ID ,29,29,4896,0,0,0,0,0,0,0,0,0,27,27,4431,0,0,0,0,0,0,0,0,0
202504,147,36620,5,Ontario  OR-ID ,19,19,5606,1,2,200,0,0,0,0,0,0,17,17,4778,1,2,200,0,0,0,0,0,0
202504,148,12700,2,Barnstable Town  MA ,34,34,26945,0,0,0,0,0,0,1,18,6210,21,21,17282,0,0,0,0,0,0,1,18,6210
202504,148,14460,2,Boston-Cambridge-Newton  MA-NH ,317,317,131081,8,16,4822,6,21,3925,32,594,191984,164,164,71644,3,6,1590,5,18,3325,13,440,165467
202504,148,18180,5,Concord  NH ,21,21,8139,0,0,0,1,3,495,0,0,0,10,10,4676,0,0,0,0,0,0,0,0,0
202504,148,29060,5,Laconia  NH ,19,19,7815,0,0,0,0,0,0,0,0,0,12,12,5157,0,0,0,0,0,0,0,0,0
202504,148,31700,2,Manchester-Nashua  NH ,36,36,16280,2,4,786,1,3,621,1,10,2496,22,22,11598,1,2,363,0,0,0,0,0,0
202504,148,39300,2,Providence-Warwick  RI-MA ,100,100,31842,13,26,3717,3,9,943,4,39,4158,42,42,16005,4,8,1519,1,3,150,0,0,0
202504,148,49340,2,Worcester  MA ,74,74,26247,11,22,6240,0,0,0,2,24,3957,29,29,9610,10,20,5950,0,0,0,0,0,0
202504,150,14540,2,Bowling Green  KY ,78,78,24080,0,0,0,6,22,2842,4,32,4756,77,77,23792,0,0,0,6,22,2842,4,32,4756
202504,150,23190,5,Franklin  KY ,20,20,3255,0,0,0,0,0,0,8,88,16016,20,20,3255,0,0,0,0,0,0,8,88,16016
202504,150,23980,5,Glasgow  KY ,15,15,3650,0,0,0,0,0,0,0,0,0,15,15,3650,0,0,0,0,0,0,0,0,0
202504,152,15060,5,Brookings  OR ,4,4,2994,0,0,0,0,0,0,0,0,0,4,4,2994,0,0,0,0,0,0,0,0,0
202504,152,18860,5,Crescent City  CA ,2,2,651,1,2,530,0,0,0,1,19,6005,0,0,0,0,0,0,0,0,0,0,0,0
202504,154,15180,2,Brownsville-Harlingen  TX ,151,151,32472,24,48,4029,0,0,0,1,42,973,70,70,16604,22,44,3703,0,0,0,0,0,0
202504,154,39700,5,Raymondville  TX ,3,3,452,0,0,0,0,0,0,0,0,0,3,3,452,0,0,0,0,0,0,0,0,0
202504,160,15380,2,Buffalo-Cheektowaga  NY ,57,57,26824,1,2,400,0,0,0,1,9,2018,44,44,18730,1,2,400,0,0,0,0,0,0
202504,160,36460,5,Olean  NY ,11,11,2673,0,0,0,0,0,0,0,0,0,1,1,400,0,0,0,0,0,0,0,0,0
202504,161,15460,5,Burlington  IA-IL ,3,3,966,0,0,0,0,0,0,1,5,699,1,1,463,0,0,0,0,0,0,0,0,0
202504,161,22800,5,Fort Madison  IA ,2,2,438,0,0,0,0,0,0,1,5,990,0,0,0,0,0,0,0,0,0,0,0,0
202504,162,12740,5,Barre  VT ,18,18,5890,0,0,0,0,0,0,0,0,0,7,7,2172,0,0,0,0,0,0,0,0,0
202504,162,15540,2,Burlington-South Burlington  VT ,48,48,20604,3,6,1137,1,3,499,1,5,231,36,36,16706,1,2,500,1,3,499,0,0,0
202504,163,15980,2,Cape Coral-Fort Myers  FL ,994,994,256023,3,6,1542,3,12,3740,7,122,28626,994,994,256023,3,6,1542,3,12,3740,7,122,28626
202504,163,17500,5,Clewiston  FL ,95,95,17688,0,0,0,0,0,0,0,0,0,95,95,17688,0,0,0,0,0,0,0,0,0
202504,163,34940,2,Naples-Marco Island  FL ,210,210,120834,1,2,340,2,8,1140,4,65,34883,8,8,12954,0,0,0,0,0,0,0,0,0
202504,164,16020,2,Cape Girardeau  MO-IL ,9,9,3117,0,0,0,0,0,0,0,0,0,0,0,0,0,0,0,0,0,0,0,0,0
202504,164,43460,5,Sikeston  MO ,8,8,1282,0,0,0,0,0,0,0,0,0,5,5,800,0,0,0,0,0,0,0,0,0
202504,166,16060,5,Carbondale  IL ,1,1,53,0,0,0,0,0,0,0,0,0,0,0,0,0,0,0,0,0,0,0,0,0
202504,166,32060,5,Marion-Herrin  IL ,6,6,1082,0,0,0,1,4,300,0,0,0,0,0,0,0,0,0,0,0,0,0,0,0
202504,168,16300,2,Cedar Rapids  IA ,49,49,15303,3,6,1285,1,3,656,0,0,0,45,45,13964,2,4,823,1,3,656,0,0,0
202504,168,26980,2,Iowa City  IA ,64,64,22915,3,6,1409,0,0,0,4,140,20149,60,60,21475,2,4,1108,0,0,0,4,140,20149
202504,169,16580,2,Champaign-Urbana  IL ,22,22,7781,0,0,0,0,0,0,1,18,2175,20,20,7178,0,0,0,0,0,0,1,18,2175
202504,169,19180,5,Danville  IL ,0,0,0,0,0,0,0,0,0,0,0,0,0,0,0,0,0,0,0,0,0,0,0,0
202504,170,16620,2,Charleston  WV ,7,7,883,0,0,0,0,0,0,0,0,0,0,0,0,0,0,0,0,0,0,0,0,0
202504,170,26580,2,Huntington-Ashland  WV-KY-OH ,19,19,3994,0,0,0,0,0,0,1,20,3897,3,3,910,0,0,0,0,0,0,0,0,0
202504,170,39020,5,Portsmouth  OH ,1,1,303,0,0,0,0,0,0,0,0,0,0,0,0,0,0,0,0,0,0,0,0,0
202504,172,10620,5,Albemarle  NC ,32,32,5388,0,0,0,0,0,0,0,0,0,0,0,0,0,0,0,0,0,0,0,0,0
202504,172,16740,2,Charlotte-Concord-Gastonia  NC-SC ,1676,1676,520456,10,20,2575,0,0,0,4,43,10626,1452,1452,432819,10,20,2575,0,0,0,3,34,9604
202504,172,25860,2,Hickory-Lenoir-Morganton  NC ,203,203,43267,5,10,1360,1,4,250,3,58,5630,164,164,34293,4,8,1000,1,4,250,1,48,4920
202504,172,32000,5,Marion  NC ,15,15,7460,0,0,0,0,0,0,0,0,0,0,0,0,0,0,0,0,0,0,0,0,0
202504,172,43140,5,Shelby-Kings Mountain  NC ,37,37,9303,1,2,330,1,3,532,1,5,721,22,22,5310,0,0,0,0,0,0,0,0,0
202504,174,11940,5,Athens  TN ,10,10,2636,1,2,228,0,0,0,0,0,0,2,2,345,1,2,228,0,0,0,0,0,0
202504,174,16860,2,Chattanooga  TN-GA ,216,216,50536,6,12,1131,3,9,757,4,47,4688,126,126,33703,1,2,323,0,0,0,0,0,0
202504,174,17420,2,Cleveland  TN ,106,106,27302,1,2,285,6,20,3150,0,0,0,87,87,23861,1,2,285,6,20,3150,0,0,0
202504,174,19140,2,Dalton  GA ,33,33,6613,2,4,261,1,3,395,1,5,333,0,0,0,0,0,0,0,0,0,0,0,0
202504,174,42460,5,Scottsboro  AL ,5,5,1446,0,0,0,0,0,0,0,0,0,0,0,0,0,0,0,0,0,0,0,0,0
202504,174,44900,5,Summerville  GA ,0,0,0,0,0,0,0,0,0,0,0,0,0,0,0,0,0,0,0,0,0,0,0,0
202504,176,16980,2,Chicago-Naperville-Elgin  IL-IN ,885,885,316184,11,22,4691,12,39,8610,33,396,86324,722,722,254757,6,12,3206,11,36,8177,21,296,58390
202504,176,28100,2,Kankakee  IL ,16,16,4360,0,0,0,0,0,0,0,0,0,12,12,3097,0,0,0,0,0,0,0,0,0
202504,176,28450,2,Kenosha  WI ,24,24,10747,8,16,1903,0,0,0,0,0,0,12,12,5067,8,16,1903,0,0,0,0,0,0
202504,176,33140,2,Michigan City-La Porte  IN ,21,21,7490,0,0,0,0,0,0,1,5,633,0,0,0,0,0,0,0,0,0,0,0,0
202504,176,36837,5,Ottawa  IL ,14,14,5971,0,0,0,0,0,0,0,0,0,11,11,4771,0,0,0,0,0,0,0,0,0
202504,178,17140,2,Cincinnati  OH-KY-IN ,435,435,129768,11,22,3078,5,16,2702,11,195,24363,375,375,113968,9,18,2510,5,16,2702,9,181,23013
202504,178,48940,5,Wilmington  OH ,6,6,2423,0,0,0,0,0,0,0,0,0,1,1,166,0,0,0,0,0,0,0,0,0
202504,184,10420,2,Akron  OH ,78,78,28685,0,0,0,6,23,2482,8,44,4890,63,63,25021,0,0,0,5,20,2100,8,44,4890
202504,184,15940,2,Canton-Massillon  OH ,30,30,10232,2,4,773,2,6,724,2,10,768,24,24,9335,1,2,380,1,3,570,0,0,0
202504,184,17410,2,Cleveland  OH ,267,267,101093,0,0,0,1,3,370,6,31,5237,193,193,77374,0,0,0,0,0,0,0,0,0
202504,184,18740,5,Coshocton  OH ,0,0,0,0,0,0,0,0,0,0,0,0,0,0,0,0,0,0,0,0,0,0,0,0
202504,184,23380,5,Fremont  OH ,2,2,652,0,0,0,0,0,0,0,0,0,0,0,0,0,0,0,0,0,0,0,0,0
202504,184,35420,5,New Philadelphia-Dover  OH ,7,7,2091,1,2,300,0,0,0,0,0,0,1,1,200,0,0,0,0,0,0,0,0,0
202504,184,35940,5,Norwalk  OH ,4,4,923,1,2,200,0,0,0,0,0,0,1,1,150,0,0,0,0,0,0,0,0,0
202504,184,41780,2,Sandusky  OH ,24,24,10249,0,0,0,2,6,1150,0,0,0,19,19,9073,0,0,0,1,3,700,0,0,0
202504,184,49300,5,Wooster  OH ,24,24,8228,1,2,357,0,0,0,0,0,0,24,24,8228,1,2,357,0,0,0,0,0,0
202504,190,17860,2,Columbia  MO ,57,57,22179,2,4,40,0,0,0,0,0,0,54,54,21420,2,4,40,0,0,0,0,0,0
202504,190,27620,2,Jefferson City  MO ,20,20,6186,0,0,0,0,0,0,0,0,0,0,0,0,0,0,0,0,0,0,0,0,0
202504,190,33020,5,Mexico  MO ,3,3,740,0,0,0,0,0,0,0,0,0,3,3,740,0,0,0,0,0,0,0,0,0
202504,190,33620,5,Moberly  MO ,2,2,484,0,0,0,0,0,0,0,0,0,0,0,0,0,0,0,0,0,0,0,0,0
202504,192,17900,2,Columbia  SC ,411,411,114681,5,10,1934,13,52,7216,0,0,0,284,284,89212,5,10,1934,13,52,7216,0,0,0
202504,192,35140,5,Newberry  SC ,17,17,6505,0,0,0,0,0,0,0,0,0,17,17,6505,0,0,0,0,0,0,0,0,0
202504,192,36700,5,Orangeburg  SC ,9,9,1583,0,0,0,0,0,0,0,0,0,0,0,0,0,0,0,0,0,0,0,0,0
202504,192,44940,2,Sumter  SC ,30,30,5063,2,4,381,0,0,0,0,0,0,0,0,0,0,0,0,0,0,0,0,0,0
202504,194,10760,5,Alexander City  AL ,34,34,27563,0,0,0,0,0,0,0,0,0,34,34,27563,0,0,0,0,0,0,0,0,0
202504,194,12220,2,Auburn-Opelika  AL ,137,137,34484,0,0,0,0,0,0,0,0,0,87,87,26000,0,0,0,0,0,0,0,0,0
202504,194,17980,2,Columbus  GA-AL ,52,52,16017,0,0,0,0,0,0,0,0,0,11,11,3100,0,0,0,0,0,0,0,0,0
202504,198,11900,5,Athens  OH ,1,1,330,0,0,0,0,0,0,0,0,0,1,1,330,0,0,0,0,0,0,0,0,0
202504,198,13340,5,Bellefontaine  OH ,5,5,1566,0,0,0,0,0,0,0,0,0,3,3,859,0,0,0,0,0,0,0,0,0
202504,198,15740,5,Cambridge  OH ,5,5,2048,0,0,0,0,0,0,0,0,0,5,5,2048,0,0,0,0,0,0,0,0,0
202504,198,17060,5,Chillicothe  OH ,3,3,902,0,0,0,0,0,0,0,0,0,0,0,0,0,0,0,0,0,0,0,0,0
202504,198,18140,2,Columbus  OH ,535,535,206976,2,4,890,14,45,5750,18,498,76764,426,426,163807,2,4,890,14,45,5750,17,479,74799
202504,198,32020,5,Marion  OH ,3,3,806,0,0,0,0,0,0,0,0,0,0,0,0,0,0,0,0,0,0,0,0,0
202504,198,34540,5,Mount Vernon  OH ,20,20,6955,1,2,250,0,0,0,0,0,0,4,4,1412,1,2,250,0,0,0,0,0,0
202504,198,47920,5,Washington Court House  OH ,6,6,3087,0,0,0,0,0,0,0,0,0,6,6,3087,0,0,0,0,0,0,0,0,0
202504,198,49780,5,Zanesville  OH ,4,4,699,0,0,0,1,3,539,1,5,784,0,0,0,0,0,0,0,0,0,0,0,0
202504,204,10860,5,Alice  TX ,0,0,0,0,0,0,0,0,0,0,0,0,0,0,0,0,0,0,0,0,0,0,0,0
202504,204,18580,2,Corpus Christi  TX ,208,208,57159,1,2,310,0,0,0,2,11,1233,21,21,6169,0,0,0,0,0,0,0,0,0
202504,204,28780,5,Kingsville  TX ,1,1,189,0,0,0,0,0,0,0,0,0,0,0,0,0,0,0,0,0,0,0,0,0
202504,206,11980,5,Athens  TX ,22,22,6358,1,2,382,0,0,0,0,0,0,5,5,1508,0,0,0,0,0,0,0,0,0
202504,206,14300,5,Bonham  TX ,8,8,1992,1,2,276,0,0,0,0,0,0,0,0,0,0,0,0,0,0,0,0,0,0
202504,206,18620,5,Corsicana  TX ,46,46,11339,1,2,310,0,0,0,0,0,0,0,0,0,0,0,0,0,0,0,0,0,0
202504,206,19100,2,Dallas-Fort Worth-Arlington  TX ,4263,4263,1352407,121,242,37849,64,251,13719,51,3653,554271,3162,3162,980680,89,178,28523,57,226,10669,35,2951,465963
202504,206,20460,5,Durant  OK ,19,19,2830,1,2,185,0,0,0,0,0,0,19,19,2830,1,2,185,0,0,0,0,0,0
202504,206,23620,5,Gainesville  TX ,13,13,3510,1,2,310,0,0,0,0,0,0,0,0,0,0,0,0,0,0,0,0,0,0
202504,206,24180,5,Granbury  TX ,34,34,11778,0,0,0,0,0,0,0,0,0,33,33,11522,0,0,0,0,0,0,0,0,0
202504,206,33420,5,Mineral Wells  TX ,2,2,575,0,0,0,0,0,0,0,0,0,0,0,0,0,0,0,0,0,0,0,0,0
202504,206,43300,2,Sherman-Denison  TX ,92,92,28092,0,0,0,0,0,0,0,0,0,84,84,24947,0,0,0,0,0,0,0,0,0
202504,206,44860,5,Sulphur Springs  TX ,7,7,1499,0,0,0,0,0,0,0,0,0,0,0,0,0,0,0,0,0,0,0,0,0
202504,209,17540,5,Clinton  IA ,2,2,720,1,2,446,0,0,0,1,5,833,1,1,350,0,0,0,0,0,0,0,0,0
202504,209,19340,2,Davenport-Moline-Rock Island  IA-IL ,43,43,12454,2,4,693,1,3,250,2,18,2754,24,24,8216,0,0,0,0,0,0,0,0,0
202504,209,34700,5,Muscatine  IA ,3,3,938,0,0,0,0,0,0,0,0,0,2,2,584,0,0,0,0,0,0,0,0,0
202504,212,19430,2,Dayton-Kettering-Beavercreek  OH ,107,107,37408,0,0,0,0,0,0,3,27,4114,81,81,30909,0,0,0,0,0,0,0,0,0
202504,212,24820,5,Greenville  OH ,3,3,1290,0,0,0,0,0,0,0,0,0,3,3,1290,0,0,0,0,0,0,0,0,0
202504,212,43380,5,Sidney  OH ,6,6,2626,0,0,0,0,0,0,1,15,2351,5,5,2182,0,0,0,0,0,0,0,0,0
202504,212,44220,2,Springfield  OH ,14,14,4048,0,0,0,0,0,0,0,0,0,14,14,4048,0,0,0,0,0,0,0,0,0
202504,212,46500,5,Urbana  OH ,7,7,2958,0,0,0,0,0,0,0,0,0,7,7,2958,0,0,0,0,0,0,0,0,0
202504,216,14500,2,Boulder  CO ,46,46,24199,1,2,718,1,3,707,1,42,11690,42,42,22106,0,0,0,0,0,0,0,0,0
202504,216,19740,2,Denver-Aurora-Centennial  CO ,874,874,300942,8,16,3039,3,12,2208,19,663,84789,826,826,285955,7,14,2597,3,12,2208,17,653,83129
202504,216,24540,2,Greeley  CO ,272,272,105796,0,0,0,1,3,833,2,10,2223,141,141,49684,0,0,0,0,0,0,0,0,0
202504,218,11180,2,Ames  IA ,29,29,10945,4,8,1000,1,4,480,8,48,5680,23,23,8913,4,8,1000,1,4,480,8,48,5680
202504,218,19780,2,Des Moines-West Des Moines  IA ,376,376,144876,0,0,0,0,0,0,3,18,4810,371,371,143526,0,0,0,0,0,0,3,18,4810
202504,218,36820,5,Oskaloosa  IA ,0,0,0,1,2,398,0,0,0,0,0,0,0,0,0,1,2,398,0,0,0,0,0,0
202504,218,37800,5,Pella  IA ,12,12,6312,0,0,0,0,0,0,0,0,0,6,6,4151,0,0,0,0,0,0,0,0,0
202504,220,10300,5,Adrian  MI ,11,11,3170,0,0,0,0,0,0,0,0,0,2,2,1300,0,0,0,0,0,0,0,0,0
202504,220,11460,2,Ann Arbor  MI ,60,60,33603,0,0,0,0,0,0,1,15,15534,59,59,33312,0,0,0,0,0,0,0,0,0
202504,220,19820,2,Detroit-Warren-Dearborn  MI ,439,439,153263,23,46,3923,8,31,5580,9,83,20692,332,332,118954,23,46,3923,8,31,5580,5,55,15598
202504,220,22420,2,Flint  MI ,41,41,14537,0,0,0,0,0,0,1,5,1384,28,28,11186,0,0,0,0,0,0,0,0,0
202504,220,33780,2,Monroe  MI ,21,21,4865,0,0,0,0,0,0,0,0,0,14,14,3416,0,0,0,0,0,0,0,0,0
202504,221,19940,5,Dixon  IL ,1,1,311,0,0,0,0,0,0,0,0,0,0,0,0,0,0,0,0,0,0,0,0,0
202504,221,44580,5,Sterling  IL ,2,2,373,0,0,0,0,0,0,0,0,0,2,2,373,0,0,0,0,0,0,0,0,0
202504,222,20020,2,Dothan  AL ,39,39,11662,6,12,1350,0,0,0,0,0,0,24,24,8320,6,12,1350,0,0,0,0,0,0
202504,222,21460,5,Enterprise  AL ,18,18,4380,0,0,0,0,0,0,0,0,0,17,17,4006,0,0,0,0,0,0,0,0,0
202504,222,37120,5,Ozark  AL ,3,3,1045,0,0,0,0,0,0,0,0,0,2,2,757,0,0,0,0,0,0,0,0,0
202504,228,20260,2,Duluth  MN-WI ,42,42,13312,0,0,0,0,0,0,0,0,0,36,36,11376,0,0,0,0,0,0,0,0,0
202504,228,24330,5,Grand Rapids  MN ,3,3,1284,0,0,0,0,0,0,0,0,0,2,2,734,0,0,0,0,0,0,0,0,0
202504,232,20740,2,Eau Claire  WI ,40,40,18420,4,8,1945,0,0,0,1,12,1080,38,38,17529,4,8,1945,0,0,0,1,12,1080
202504,232,32860,5,Menomonie  WI ,13,13,4588,1,2,450,0,0,0,0,0,0,12,12,4235,1,2,450,0,0,0,0,0,0
202504,233,20780,5,Edwards  CO ,10,10,8843,0,0,0,0,0,0,0,0,0,8,8,4842,0,0,0,0,0,0,0,0,0
202504,233,40090,5,Rifle  CO ,15,15,53883,0,0,0,0,0,0,0,0,0,11,11,51527,0,0,0,0,0,0,0,0,0
202504,236,18500,5,Corning  NY ,9,9,1995,0,0,0,0,0,0,0,0,0,0,0,0,0,0,0,0,0,0,0,0,0
202504,236,21300,2,Elmira  NY ,3,3,253,0,0,0,0,0,0,1,5,560,0,0,0,0,0,0,0,0,0,0,0,0
202504,238,21340,2,El Paso  TX ,190,190,44530,4,8,1036,2,6,791,2,16,1886,1,1,392,0,0,0,0,0,0,0,0,0
202504,238,29740,2,Las Cruces  NM ,68,68,17491,7,14,2299,2,6,633,0,0,0,0,0,0,0,0,0,0,0,0,0,0,0
202504,240,21500,2,Erie  PA ,14,14,6261,0,0,0,0,0,0,0,0,0,11,11,5408,0,0,0,0,0,0,0,0,0
202504,240,32740,5,Meadville  PA ,8,8,1846,0,0,0,0,0,0,0,0,0,3,3,525,0,0,0,0,0,0,0,0,0
202504,241,21780,2,Evansville  IN ,62,62,20072,5,10,1927,0,0,0,0,0,0,43,43,13546,4,8,1650,0,0,0,0,0,0
202504,241,25775,5,Henderson  KY ,10,10,2965,0,0,0,0,0,0,0,0,0,10,10,2965,0,0,0,0,0,0,0,0,0
202504,242,17220,5,Clarksburg  WV ,13,13,3282,1,2,310,0,0,0,0,0,0,13,13,3282,0,0,0,0,0,0,0,0,0
202504,242,21900,5,Fairmont  WV ,3,3,359,0,0,0,0,0,0,0,0,0,2,2,288,0,0,0,0,0,0,0,0,0
202504,244,22020,2,Fargo  ND-MN ,82,82,38726,0,0,0,2,8,1753,0,0,0,78,78,36884,0,0,0,2,8,1753,0,0,0
202504,244,47420,5,Wahpeton  ND-MN ,4,4,1167,0,0,0,0,0,0,0,0,0,0,0,0,0,0,0,0,0,0,0,0,0
202504,246,22180,2,Fayetteville  NC ,144,144,37441,0,0,0,0,0,0,2,182,21446,144,144,37441,0,0,0,0,0,0,2,182,21446
202504,246,29900,5,Laurinburg  NC ,4,4,804,0,0,0,0,0,0,0,0,0,4,4,804,0,0,0,0,0,0,0,0,0
202504,246,31300,5,Lumberton  NC ,33,33,6231,0,0,0,0,0,0,0,0,0,33,33,6231,0,0,0,0,0,0,0,0,0
202504,246,38240,2,Pinehurst-Southern Pines  NC ,91,91,24366,0,0,0,0,0,0,0,0,0,76,76,20324,0,0,0,0,0,0,0,0,0
202504,246,40460,5,Rockingham  NC ,5,5,1480,0,0,0,0,0,0,0,0,0,5,5,1480,0,0,0,0,0,0,0,0,0
202504,248,22300,5,Findlay  OH ,7,7,2879,1,2,178,2,6,720,0,0,0,2,2,1467,1,2,178,2,6,720,0,0,0
202504,248,45660,5,Tiffin  OH ,3,3,790,0,0,0,0,0,0,0,0,0,0,0,0,0,0,0,0,0,0,0,0,0
202504,250,22520,2,Florence-Muscle Shoals  AL ,16,16,1625,0,0,0,0,0,0,0,0,0,12,12,1099,0,0,0,0,0,0,0,0,0
202504,250,40770,5,Russellville  AL ,1,1,114,0,0,0,0,0,0,0,0,0,0,0,0,0,0,0,0,0,0,0,0,0
202504,258,11420,5,Angola  IN ,10,10,4128,0,0,0,0,0,0,0,0,0,10,10,4128,0,0,0,0,0,0,0,0,0
202504,258,12140,5,Auburn  IN ,11,11,3611,0,0,0,0,0,0,0,0,0,5,5,1392,0,0,0,0,0,0,0,0,0
202504,258,19540,5,Decatur  IN ,6,6,1009,0,0,0,0,0,0,0,0,0,6,6,1009,0,0,0,0,0,0,0,0,0
202504,258,23060,2,Fort Wayne  IN ,183,183,67139,0,0,0,0,0,0,2,40,5448,178,178,65373,0,0,0,0,0,0,2,40,5448
202504,258,26540,5,Huntington  IN ,5,5,1650,0,0,0,0,0,0,0,0,0,0,0,0,0,0,0,0,0,0,0,0,0
202504,258,28340,5,Kendallville  IN ,15,15,4545,0,0,0,0,0,0,0,0,0,9,9,3008,0,0,0,0,0,0,0,0,0
202504,260,23420,2,Fresno  CA ,312,312,108560,0,0,0,0,0,0,2,12,3019,295,295,101780,0,0,0,0,0,0,1,5,1113
202504,260,25260,2,Hanford-Corcoran  CA ,30,30,10989,0,0,0,0,0,0,1,7,761,1,1,347,0,0,0,0,0,0,0,0,0
202504,264,23540,2,Gainesville  FL ,100,100,31009,0,0,0,0,0,0,1,59,4822,49,49,10238,0,0,0,0,0,0,0,0,0
202504,264,29380,5,Lake City  FL ,15,15,3711,0,0,0,0,0,0,0,0,0,0,0,0,0,0,0,0,0,0,0,0,0
202504,266,13660,5,Big Rapids  MI ,9,9,2303,0,0,0,0,0,0,0,0,0,5,5,1167,0,0,0,0,0,0,0,0,0
202504,266,24340,2,Grand Rapids-Wyoming-Kentwood  MI ,297,297,98373,3,6,731,0,0,0,5,159,41508,209,209,63946,0,0,0,0,0,0,2,141,38571
202504,266,26090,5,Holland  MI ,38,38,16787,1,2,200,0,0,0,0,0,0,19,19,9988,1,2,200,0,0,0,0,0,0
202504,266,34740,2,Muskegon-Norton Shores  MI ,43,43,10782,0,0,0,0,0,0,1,5,1183,34,34,8820,0,0,0,0,0,0,0,0,0
202504,267,24580,2,Green Bay  WI ,85,85,36738,11,22,3667,0,0,0,6,59,58025,74,74,32260,2,4,488,0,0,0,5,54,57241
202504,267,43020,5,Shawano  WI ,8,8,3022,0,0,0,0,0,0,0,0,0,7,7,2582,0,0,0,0,0,0,0,0,0
202504,268,15500,2,Burlington  NC ,212,212,33231,1,2,23,1,4,623,2,12,1868,212,212,33231,1,2,23,1,4,623,2,12,1868
202504,268,24660,2,Greensboro-High Point  NC ,268,268,86988,0,0,0,0,0,0,0,0,0,267,267,86764,0,0,0,0,0,0,0,0,0
202504,268,34340,5,Mount Airy  NC ,23,23,6442,0,0,0,0,0,0,0,0,0,23,23,6442,0,0,0,0,0,0,0,0,0
202504,268,49180,2,Winston-Salem  NC ,415,415,128459,0,0,0,0,0,0,1,5,197,381,381,120530,0,0,0,0,0,0,0,0,0
202504,273,23500,5,Gaffney  SC ,9,9,2035,4,8,725,0,0,0,0,0,0,7,7,1825,3,6,525,0,0,0,0,0,0
202504,273,24860,2,Greenville-Anderson-Greer  SC ,752,752,230070,6,12,1468,0,0,0,0,0,0,702,702,216468,6,12,1468,0,0,0,0,0,0
202504,273,24940,5,Greenwood  SC ,23,23,5720,0,0,0,0,0,0,0,0,0,6,6,793,0,0,0,0,0,0,0,0,0
202504,273,42860,5,Seneca  SC ,66,66,27232,0,0,0,0,0,0,0,0,0,59,59,24505,0,0,0,0,0,0,0,0,0
202504,273,43900,2,Spartanburg  SC ,304,304,62476,0,0,0,0,0,0,1,5,600,58,58,20176,0,0,0,0,0,0,0,0,0
202504,274,24780,2,Greenville  NC ,66,66,16317,16,32,6580,0,0,0,0,0,0,27,27,8645,16,32,6580,0,0,0,0,0,0
202504,274,47820,5,Washington  NC ,13,13,4644,0,0,0,0,0,0,0,0,0,13,13,4644,0,0,0,0,0,0,0,0,0
202504,276,23900,2,Gettysburg  PA ,31,31,11417,0,0,0,0,0,0,0,0,0,31,31,11417,0,0,0,0,0,0,0,0,0
202504,276,25420,2,Harrisburg-Carlisle  PA ,89,89,26586,1,2,440,0,0,0,2,10,602,54,54,17180,1,2,440,0,0,0,0,0,0
202504,276,30140,2,Lebanon  PA ,23,23,6358,1,2,130,0,0,0,0,0,0,18,18,5001,0,0,0,0,0,0,0,0,0
202504,276,49620,2,York-Hanover  PA ,117,117,33973,0,0,0,1,4,800,3,144,26027,82,82,22993,0,0,0,1,4,800,3,144,26027
202504,277,25500,2,Harrisonburg  VA ,55,55,13008,3,6,942,0,0,0,0,0,0,1,1,280,0,0,0,0,0,0,0,0,0
202504,277,44420,2,Staunton-Stuarts Draft  VA ,39,39,11186,0,0,0,0,0,0,1,50,11835,39,39,11186,0,0,0,0,0,0,1,50,11835
202504,279,25620,2,Hattiesburg  MS ,9,9,1894,0,0,0,0,0,0,0,0,0,0,0,0,0,0,0,0,0,0,0,0,0
202504,279,29860,5,Laurel  MS ,0,0,0,0,0,0,0,0,0,0,0,0,0,0,0,0,0,0,0,0,0,0,0,0
202504,284,26300,2,Hot Springs  AR ,10,10,4654,0,0,0,0,0,0,0,0,0,10,10,4654,0,0,0,0,0,0,0,0,0
202504,284,31680,5,Malvern  AR ,2,2,592,0,0,0,0,0,0,0,0,0,2,2,592,0,0,0,0,0,0,0,0,0
202504,288,13060,5,Bay City  TX ,15,15,3137,0,0,0,0,0,0,0,0,0,15,15,3137,0,0,0,0,0,0,0,0,0
202504,288,14780,5,Brenham  TX ,15,15,3016,0,0,0,0,0,0,0,0,0,15,15,3016,0,0,0,0,0,0,0,0,0
202504,288,20900,5,El Campo  TX ,10,10,2952,0,0,0,0,0,0,1,5,718,9,9,2664,0,0,0,0,0,0,0,0,0
202504,288,26420,2,Houston-Pasadena-The Woodlands  TX ,4596,4596,1359776,63,126,26109,1,4,615,58,1756,280582,3497,3497,1056585,62,124,25720,1,4,615,55,1630,263404
202504,288,26660,5,Huntsville  TX ,47,47,9712,0,0,0,0,0,0,1,35,4740,0,0,0,0,0,0,0,0,0,0,0,0
202504,290,10700,5,Albertville  AL ,19,19,4239,0,0,0,0,0,0,0,0,0,11,11,2914,0,0,0,0,0,0,0,0,0
202504,290,19460,2,Decatur  AL ,24,24,4613,0,0,0,0,0,0,0,0,0,23,23,4314,0,0,0,0,0,0,0,0,0
202504,290,22190,5,Fayetteville  TN ,14,14,3877,1,2,213,1,3,325,0,0,0,14,14,3877,1,2,213,1,3,325,0,0,0
202504,290,22840,5,Fort Payne  AL ,5,5,540,0,0,0,0,0,0,0,0,0,5,5,540,0,0,0,0,0,0,0,0,0
202504,290,26620,2,Huntsville  AL ,320,320,89088,1,2,323,3,12,1845,2,10,1722,179,179,54380,1,2,323,3,12,1845,2,10,1722
202504,292,13940,5,Blackfoot  ID ,18,18,4421,1,2,500,0,0,0,0,0,0,18,18,4421,1,2,500,0,0,0,0,0,0
202504,292,26820,2,Idaho Falls  ID ,97,97,25565,0,0,0,0,0,0,5,171,21600,95,95,25086,0,0,0,0,0,0,5,171,21600
202504,292,39940,5,Rexburg  ID ,48,48,14739,0,0,0,0,0,0,0,0,0,47,47,14570,0,0,0,0,0,0,0,0,0
202504,294,18020,2,Columbus  IN ,20,20,7361,0,0,0,0,0,0,0,0,0,20,20,7361,0,0,0,0,0,0,0,0,0
202504,294,18820,5,Crawfordsville  IN ,12,12,3731,0,0,0,0,0,0,0,0,0,8,8,2765,0,0,0,0,0,0,0,0,0
202504,294,24600,5,Greencastle  IN ,6,6,2203,0,0,0,0,0,0,0,0,0,6,6,2203,0,0,0,0,0,0,0,0,0
202504,294,24700,5,Greensburg  IN ,6,6,1361,0,0,0,0,0,0,0,0,0,1,1,250,0,0,0,0,0,0,0,0,0
202504,294,26900,2,Indianapolis-Carmel-Greenwood  IN ,929,929,363787,17,34,6147,1,3,539,10,153,27210,892,892,353239,17,34,6147,0,0,0,10,153,27210
202504,294,29020,2,Kokomo  IN ,14,14,3733,0,0,0,0,0,0,0,0,0,13,13,3427,0,0,0,0,0,0,0,0,0
202504,294,34620,2,Muncie  IN ,15,15,4682,0,0,0,0,0,0,0,0,0,11,11,2747,0,0,0,0,0,0,0,0,0
202504,294,35220,5,New Castle  IN ,3,3,981,0,0,0,0,0,0,0,0,0,0,0,0,0,0,0,0,0,0,0,0,0
202504,294,37940,5,Peru  IN ,4,4,1380,0,0,0,0,0,0,0,0,0,4,4,1380,0,0,0,0,0,0,0,0,0
202504,294,42980,5,Seymour  IN ,15,15,4607,0,0,0,0,0,0,0,0,0,10,10,3140,0,0,0,0,0,0,0,0,0
202504,296,18660,5,Cortland  NY ,2,2,520,0,0,0,0,0,0,0,0,0,0,0,0,0,0,0,0,0,0,0,0,0
202504,296,27060,2,Ithaca  NY ,12,12,3461,1,2,320,0,0,0,3,15,1775,0,0,0,0,0,0,0,0,0,0,0,0
202504,298,15020,5,Brookhaven  MS ,0,0,0,0,0,0,0,0,0,0,0,0,0,0,0,0,0,0,0,0,0,0,0,0
202504,298,27140,2,Jackson  MS ,97,97,21795,0,0,0,1,3,131,0,0,0,52,52,15344,0,0,0,0,0,0,0,0,0
202504,298,46980,5,Vicksburg  MS ,1,1,331,0,0,0,0,0,0,0,0,0,0,0,0,0,0,0,0,0,0,0,0,0
202504,300,27260,2,Jacksonville  FL ,846,846,231758,0,0,0,0,0,0,3,224,31658,832,832,225604,0,0,0,0,0,0,3,224,31658
202504,300,28680,5,Kingsland  GA ,45,45,10241,1,2,420,0,0,0,0,0,0,45,45,10241,1,2,420,0,0,0,0,0,0
202504,300,37260,5,Palatka  FL ,8,8,1911,0,0,0,0,0,0,0,0,0,7,7,1689,0,0,0,0,0,0,0,0,0
202504,304,24620,5,Greeneville  TN ,29,29,9322,0,0,0,0,0,0,0,0,0,27,27,8807,0,0,0,0,0,0,0,0,0
202504,304,27740,2,Johnson City  TN ,64,64,20037,0,0,0,0,0,0,0,0,0,48,48,17690,0,0,0,0,0,0,0,0,0
202504,304,28700,2,Kingsport-Bristol  TN-VA ,58,58,13935,0,0,0,0,0,0,0,0,0,23,23,8184,0,0,0,0,0,0,0,0,0
202504,306,27780,2,Johnstown  PA ,7,7,2293,0,0,0,0,0,0,0,0,0,0,0,0,0,0,0,0,0,0,0,0,0
202504,306,43740,5,Somerset  PA ,6,6,2113,0,0,0,0,0,0,0,0,0,0,0,0,0,0,0,0,0,0,0,0,0
202504,308,27860,2,Jonesboro  AR ,58,58,9860,2,4,275,5,16,1237,4,30,2690,7,7,1682,0,0,0,1,4,615,1,9,1550
202504,308,37500,5,Paragould  AR ,12,12,2536,1,2,170,0,0,0,0,0,0,11,11,2321,1,2,170,0,0,0,0,0,0
202504,309,27900,2,Joplin  MO-KS ,49,49,9788,0,0,0,1,3,143,1,5,225,34,34,6211,0,0,0,0,0,0,0,0,0
202504,309,33060,5,Miami  OK ,1,1,195,0,0,0,0,0,0,0,0,0,0,0,0,0,0,0,0,0,0,0,0,0
202504,310,12980,2,Battle Creek  MI ,18,18,3453,0,0,0,0,0,0,0,0,0,9,9,1568,0,0,0,0,0,0,0,0,0
202504,310,28020,2,Kalamazoo-Portage  MI ,93,93,27167,0,0,0,0,0,0,0,0,0,85,85,23709,0,0,0,0,0,0,0,0,0
202504,310,44780,5,Sturgis  MI ,5,5,1735,0,0,0,0,0,0,2,10,1568,0,0,0,0,0,0,0,0,0,0,0,0
202504,312,11860,5,Atchison  KS ,2,2,600,0,0,0,0,0,0,0,0,0,0,0,0,0,0,0,0,0,0,0,0,0
202504,312,28140,2,Kansas City  MO-KS ,491,491,190068,13,26,3271,1,3,242,10,185,31316,400,400,152575,11,22,2705,0,0,0,8,166,27980
202504,312,29940,2,Lawrence  KS ,22,22,8351,0,0,0,0,0,0,1,5,656,9,9,4251,0,0,0,0,0,0,0,0,0
202504,312,36840,5,Ottawa  KS ,10,10,3206,7,14,2657,1,3,590,0,0,0,8,8,2880,7,14,2657,0,0,0,0,0,0
202504,312,41140,2,St. Joseph  MO-KS ,12,12,2546,0,0,0,0,0,0,0,0,0,6,6,968,0,0,0,0,0,0,0,0,0
202504,312,47660,5,Warrensburg  MO ,10,10,2241,1,2,150,0,0,0,0,0,0,7,7,1349,1,2,150,0,0,0,0,0,0
202504,313,14710,5,Brattleboro  VT ,15,15,7214,1,2,337,0,0,0,0,0,0,3,3,4150,0,0,0,0,0,0,0,0,0
202504,313,28300,5,Keene  NH ,14,14,4165,0,0,0,1,3,150,0,0,0,1,1,357,0,0,0,0,0,0,0,0,0
202504,314,28420,2,Kennewick-Richland  WA ,146,146,36083,0,0,0,1,3,519,4,57,9404,76,76,11259,0,0,0,0,0,0,1,12,2112
202504,314,47460,2,Walla Walla  WA ,19,19,8897,0,0,0,0,0,0,0,0,0,18,18,8797,0,0,0,0,0,0,0,0,0
202504,315,28940,2,Knoxville  TN ,407,407,127109,0,0,0,0,0,0,15,395,77273,368,368,118106,0,0,0,0,0,0,14,388,76652
202504,315,34100,2,Morristown  TN ,47,47,14326,0,0,0,0,0,0,0,0,0,27,27,6526,0,0,0,0,0,0,0,0,0
202504,315,35460,5,Newport  TN ,1,1,106,0,0,0,0,0,0,0,0,0,0,0,0,0,0,0,0,0,0,0,0,0
202504,315,42940,5,Sevierville  TN ,83,83,24671,2,4,946,0,0,0,2,15,1738,82,82,24410,1,2,600,0,0,0,1,5,655
202504,317,29100,2,La Crosse-Onalaska  WI-MN ,41,41,14674,1,2,375,0,0,0,0,0,0,29,29,10690,1,2,375,0,0,0,0,0,0
202504,317,43890,5,Sparta  WI ,10,10,3420,1,2,335,0,0,0,0,0,0,3,3,1150,0,0,0,0,0,0,0,0,0
202504,318,29180,2,Lafayette  LA ,209,209,50680,1,2,189,0,0,0,0,0,0,85,85,21036,0,0,0,0,0,0,0,0,0
202504,318,35340,5,New Iberia  LA ,9,9,1151,0,0,0,0,0,0,0,0,0,8,8,863,0,0,0,0,0,0,0,0,0
202504,318,36660,5,Opelousas  LA ,15,15,2711,0,0,0,0,0,0,0,0,0,4,4,677,0,0,0,0,0,0,0,0,0
202504,320,23140,5,Frankfort  IN ,10,10,2632,0,0,0,0,0,0,0,0,0,6,6,1578,0,0,0,0,0,0,0,0,0
202504,320,29200,2,Lafayette-West Lafayette  IN ,58,58,21788,1,2,235,0,0,0,6,325,49260,56,56,21284,0,0,0,0,0,0,4,286,44661
202504,320,33900,5,Monticello  IN ,2,2,945,0,0,0,0,0,0,0,0,0,2,2,945,0,0,0,0,0,0,0,0,0
202504,324,19760,5,DeRidder  LA ,7,7,1327,0,0,0,0,0,0,0,0,0,6,6,1224,0,0,0,0,0,0,0,0,0
202504,324,29340,2,Lake Charles  LA ,77,77,17762,0,0,0,0,0,0,0,0,0,65,65,15422,0,0,0,0,0,0,0,0,0
202504,330,29620,2,Lansing-East Lansing  MI ,47,47,14798,0,0,0,0,0,0,1,11,1221,29,29,9352,0,0,0,0,0,0,0,0,0
202504,330,37020,5,Owosso  MI ,6,6,1370,0,0,0,0,0,0,0,0,0,0,0,0,0,0,0,0,0,0,0,0,0
202504,332,29820,2,Las Vegas-Henderson-North Las Vegas  NV ,1002,1002,231297,123,246,23975,2,7,558,27,659,40408,1002,1002,231297,123,246,23975,2,7,558,27,659,40408
202504,334,20340,5,Duncan  OK ,2,2,303,0,0,0,0,0,0,0,0,0,1,1,15,0,0,0,0,0,0,0,0,0
202504,334,30020,2,Lawton  OK ,12,12,1948,6,12,1542,0,0,0,1,6,250,6,6,946,6,12,1542,0,0,0,1,6,250
202504,336,23180,5,Frankfort  KY ,23,23,2667,0,0,0,0,0,0,0,0,0,23,23,2667,0,0,0,0,0,0,0,0,0
202504,336,30460,2,Lexington-Fayette  KY ,153,153,37406,6,12,1185,1,4,586,3,48,3659,104,104,25323,6,12,1185,0,0,0,0,0,0
202504,336,34460,5,Mount Sterling  KY ,4,4,946,0,0,0,0,0,0,0,0,0,0,0,0,0,0,0,0,0,0,0,0,0
202504,336,40080,5,Richmond-Berea  KY ,43,43,8958,0,0,0,0,0,0,1,13,1219,25,25,3740,0,0,0,0,0,0,0,0,0
202504,338,16380,5,Celina  OH ,9,9,3227,0,0,0,0,0,0,0,0,0,3,3,1112,0,0,0,0,0,0,0,0,0
202504,338,30620,2,Lima  OH ,8,8,2488,0,0,0,0,0,0,0,0,0,1,1,650,0,0,0,0,0,0,0,0,0
202504,338,46780,5,Van Wert  OH ,0,0,0,0,0,0,0,0,0,0,0,0,0,0,0,0,0,0,0,0,0,0,0,0
202504,338,47540,5,Wapakoneta  OH ,11,11,2794,0,0,0,0,0,0,0,0,0,4,4,710,0,0,0,0,0,0,0,0,0
202504,339,13100,5,Beatrice  NE ,2,2,623,0,0,0,0,0,0,0,0,0,1,1,367,0,0,0,0,0,0,0,0,0
202504,339,30700,2,Lincoln  NE ,84,84,38891,0,0,0,1,4,740,11,234,30401,79,79,37708,0,0,0,1,4,740,11,234,30401
202504,340,30780,2,Little Rock-North Little Rock-Conway  AR ,173,173,47811,6,12,2227,0,0,0,0,0,0,160,160,44551,6,12,2227,0,0,0,0,0,0
202504,340,38220,5,Pine Bluff  AR ,2,2,358,0,0,0,0,0,0,0,0,0,1,1,210,0,0,0,0,0,0,0,0,0
202504,340,42620,5,Searcy  AR ,30,30,8632,0,0,0,0,0,0,0,0,0,29,29,8507,0,0,0,0,0,0,0,0,0
202504,348,31080,2,Los Angeles-Long Beach-Anaheim  CA ,1102,1102,287349,61,122,24049,17,56,14564,33,1131,193997,852,852,223014,56,112,21549,10,35,9629,18,930,154936
202504,348,37100,2,Oxnard-Thousand Oaks-Ventura  CA ,40,40,13364,0,0,0,1,3,1107,2,38,5223,18,18,6570,0,0,0,0,0,0,0,0,0
202504,348,40140,2,Riverside-San Bernardino-Ontario  CA ,943,943,290872,13,26,3392,9,32,7206,16,249,47641,767,767,235249,10,20,1658,7,25,5375,10,140,27595
202504,350,21060,2,Elizabethtown  KY ,39,39,10151,2,4,567,0,0,0,0,0,0,34,34,8798,1,2,275,0,0,0,0,0,0
202504,350,31140,2,Louisville-Jefferson County  KY-IN ,354,354,105821,3,6,851,0,0,0,12,288,30716,342,342,103082,2,4,500,0,0,0,12,288,30716
202504,352,31180,2,Lubbock  TX ,223,223,66732,1,2,392,0,0,0,1,276,66676,221,221,66242,1,2,392,0,0,0,1,276,66676
202504,352,38380,5,Plainview  TX ,0,0,0,0,0,0,0,0,0,0,0,0,0,0,0,0,0,0,0,0,0,0,0,0
202504,356,31420,2,Macon-Bibb County  GA ,48,48,12158,0,0,0,0,0,0,0,0,0,11,11,2484,0,0,0,0,0,0,0,0,0
202504,356,47580,2,Warner Robins  GA ,134,134,25104,0,0,0,0,0,0,0,0,0,107,107,19368,0,0,0,0,0,0,0,0,0
202504,357,12660,5,Baraboo  WI ,25,25,10106,0,0,0,0,0,0,0,0,0,11,11,4546,0,0,0,0,0,0,0,0,0
202504,357,27500,2,Janesville-Beloit  WI ,32,32,10946,1,2,470,0,0,0,0,0,0,21,21,7701,1,2,470,0,0,0,0,0,0
202504,357,31540,2,Madison  WI ,180,180,83128,6,12,3108,0,0,0,5,111,23129,145,145,69654,2,4,807,0,0,0,2,85,18700
202504,359,31860,2,Mankato  MN ,31,31,8625,0,0,0,0,0,0,1,6,1200,29,29,7831,0,0,0,0,0,0,1,6,1200
202504,359,35580,5,New Ulm  MN ,4,4,1892,0,0,0,0,0,0,0,0,0,3,3,1592,0,0,0,0,0,0,0,0,0
202504,360,11740,5,Ashland  OH ,7,7,1687,0,0,0,0,0,0,0,0,0,1,1,80,0,0,0,0,0,0,0,0,0
202504,360,15340,5,Bucyrus  OH ,0,0,0,0,0,0,0,0,0,0,0,0,0,0,0,0,0,0,0,0,0,0,0,0
202504,360,31900,2,Mansfield  OH ,11,11,4001,0,0,0,0,0,0,0,0,0,0,0,0,0,0,0,0,0,0,0,0,0
202504,361,27020,5,Iron Mountain  MI-WI ,7,7,2007,0,0,0,0,0,0,0,0,0,0,0,0,0,0,0,0,0,0,0,0,0
202504,361,31940,5,Marinette  WI-MI ,15,15,4137,1,2,351,0,0,0,0,0,0,1,1,441,0,0,0,0,0,0,0,0,0
202504,365,32580,2,McAllen-Edinburg-Mission  TX ,401,401,109743,28,56,4268,57,219,20680,4,111,9788,356,356,98263,27,54,4020,45,179,15216,4,111,9788
202504,365,40100,5,Rio Grande City-Roma  TX ,0,0,0,0,0,0,0,0,0,0,0,0,0,0,0,0,0,0,0,0,0,0,0,0
202504,366,24420,2,Grants Pass  OR ,16,16,4474,1,2,253,0,0,0,0,0,0,0,0,0,0,0,0,0,0,0,0,0,0
202504,366,32780,2,Medford  OR ,53,53,22484,1,2,364,0,0,0,1,11,1833,51,51,22017,1,2,364,0,0,0,0,0,0
202504,368,17260,5,Clarksdale  MS ,2,2,356,0,0,0,0,0,0,0,0,0,0,0,0,0,0,0,0,0,0,0,0,0
202504,368,22620,5,Forrest City  AR ,0,0,0,0,0,0,0,0,0,0,0,0,0,0,0,0,0,0,0,0,0,0,0,0
202504,368,32820,2,Memphis  TN-MS-AR ,273,273,73394,0,0,0,0,0,0,1,5,890,238,238,66568,0,0,0,0,0,0,1,5,890
202504,370,28580,5,Key West-Key Largo  FL ,22,22,18644,0,0,0,0,0,0,0,0,0,9,9,8858,0,0,0,0,0,0,0,0,0
202504,370,33100,2,Miami-Fort Lauderdale-West Palm Beach  FL ,585,585,242058,31,62,148210,4,15,2492,26,494,90597,441,441,147741,29,58,10567,3,12,2147,21,455,81500
202504,370,36380,5,Okeechobee  FL ,9,9,2478,0,0,0,0,0,0,0,0,0,9,9,2478,0,0,0,0,0,0,0,0,0
202504,370,38940,2,Port St. Lucie  FL ,411,411,129588,0,0,0,7,27,6170,0,0,0,410,410,124222,0,0,0,7,27,6170,0,0,0
202504,370,42680,2,Sebastian-Vero Beach-West Vero Corridor  FL ,11,11,16025,0,0,0,0,0,0,0,0,0,10,10,15572,0,0,0,0,0,0,0,0,0
202504,371,18340,5,Corbin  KY ,2,2,360,1,2,175,1,3,231,0,0,0,0,0,0,0,0,0,0,0,0,0,0,0
202504,371,33180,5,Middlesborough  KY ,4,4,381,0,0,0,0,0,0,0,0,0,0,0,0,0,0,0,0,0,0,0,0,0
202504,372,11380,5,Andrews  TX ,2,2,707,0,0,0,0,0,0,1,6,675,0,0,0,0,0,0,0,0,0,0,0,0
202504,372,33260,2,Midland  TX ,164,164,33592,0,0,0,0,0,0,0,0,0,164,164,33592,0,0,0,0,0,0,0,0,0
202504,372,36220,2,Odessa  TX ,69,69,19971,0,0,0,0,0,0,0,0,0,69,69,19971,0,0,0,0,0,0,0,0,0
202504,376,13180,5,Beaver Dam  WI ,20,20,7180,0,0,0,0,0,0,4,45,8624,7,7,2869,0,0,0,0,0,0,4,45,8624
202504,376,33340,2,Milwaukee-Waukesha  WI ,169,169,80130,21,42,11517,0,0,0,3,39,6084,137,137,63499,18,36,10261,0,0,0,0,0,0
202504,376,39540,2,Racine-Mount Pleasant  WI ,25,25,12019,0,0,0,0,0,0,1,5,449,20,20,10104,0,0,0,0,0,0,0,0,0
202504,376,48020,5,Watertown-Fort Atkinson  WI ,16,16,5459,0,0,0,0,0,0,4,93,9400,14,14,4916,0,0,0,0,0,0,4,93,9400
202504,376,48580,5,Whitewater-Elkhorn  WI ,27,27,10783,1,2,349,0,0,0,0,0,0,13,13,6297,1,2,349,0,0,0,0,0,0
202504,378,22060,5,Faribault-Northfield  MN ,10,10,3561,0,0,0,0,0,0,0,0,0,4,4,1900,0,0,0,0,0,0,0,0,0
202504,378,26780,5,Hutchinson  MN ,7,7,2794,0,0,0,0,0,0,0,0,0,7,7,2794,0,0,0,0,0,0,0,0,0
202504,378,33460,2,Minneapolis-St. Paul-Bloomington  MN-WI ,855,855,327015,5,10,1885,3,11,3158,15,830,102052,791,791,305806,3,6,1442,2,8,2808,14,825,100484
202504,378,36940,5,Owatonna  MN ,10,10,3360,0,0,0,0,0,0,0,0,0,9,9,2925,0,0,0,0,0,0,0,0,0
202504,378,39860,5,Red Wing  MN ,6,6,2218,1,2,490,0,0,0,0,0,0,6,6,2218,1,2,490,0,0,0,0,0,0
202504,378,41060,2,St. Cloud  MN ,57,57,19772,0,0,0,0,0,0,0,0,0,49,49,17196,0,0,0,0,0,0,0,0,0
202504,380,19300,2,Daphne-Fairhope-Foley  AL ,253,253,97884,0,0,0,0,0,0,1,5,1266,202,202,80974,0,0,0,0,0,0,1,5,1266
202504,380,33660,2,Mobile  AL ,49,49,14593,0,0,0,1,4,700,0,0,0,45,45,13476,0,0,0,1,4,700,0,0,0
202504,384,33740,2,Monroe  LA ,84,84,13641,0,0,0,0,0,0,0,0,0,61,61,7408,0,0,0,0,0,0,0,0,0
202504,384,40820,5,Ruston  LA ,11,11,2618,0,0,0,0,0,0,0,0,0,3,3,605,0,0,0,0,0,0,0,0,0
202504,388,33860,2,Montgomery  AL ,72,72,18846,0,0,0,0,0,0,1,5,620,51,51,14614,0,0,0,0,0,0,0,0,0
202504,388,42820,5,Selma  AL ,0,0,0,0,0,0,0,0,0,0,0,0,0,0,0,0,0,0,0,0,0,0,0,0
202504,393,34180,5,Moses Lake  WA ,37,37,10606,1,2,354,1,4,1068,0,0,0,20,20,6870,0,0,0,1,4,1068,0,0,0
202504,393,36830,5,Othello  WA ,3,3,664,0,0,0,0,0,0,1,5,568,0,0,0,0,0,0,0,0,0,0,0,0
202504,394,10940,5,Alma  MI ,3,3,644,0,0,0,0,0,0,0,0,0,0,0,0,0,0,0,0,0,0,0,0,0
202504,394,34380,5,Mount Pleasant  MI ,6,6,1722,1,2,500,0,0,0,0,0,0,5,5,1475,1,2,500,0,0,0,0,0,0
202504,396,34680,5,Murrells Inlet  SC ,33,33,22521,0,0,0,0,0,0,0,0,0,27,27,20753,0,0,0,0,0,0,0,0,0
202504,396,34820,2,Myrtle Beach-Conway-North Myrtle Beach  SC ,669,669,141271,1,2,225,0,0,0,1,5,250,92,92,26950,0,0,0,0,0,0,0,0,0
202504,400,29980,5,Lawrenceburg  TN ,2,2,418,0,0,0,1,3,325,0,0,0,0,0,0,0,0,0,0,0,0,0,0,0
202504,400,30280,5,Lewisburg  TN ,29,29,8226,0,0,0,0,0,0,1,6,812,0,0,0,0,0,0,0,0,0,0,0,0
202504,400,34980,2,Nashville-Davidson--Murfreesboro--Franklin  TN ,1384,1384,421424,15,30,4702,2,7,782,20,221,30879,1192,1192,367143,12,24,3949,1,4,615,18,211,29856
202504,400,43180,5,Shelbyville  TN ,19,19,4432,0,0,0,0,0,0,0,0,0,19,19,4432,0,0,0,0,0,0,0,0,0
202504,400,46100,5,Tullahoma-Manchester  TN ,38,38,11862,0,0,0,0,0,0,0,0,0,20,20,6783,0,0,0,0,0,0,0,0,0
202504,400,49010,5,Winchester  TN ,33,33,8758,0,0,0,0,0,0,0,0,0,19,19,5250,0,0,0,0,0,0,0,0,0
202504,404,33980,5,Morehead City  NC ,40,40,18362,0,0,0,0,0,0,1,23,2947,35,35,15503,0,0,0,0,0,0,0,0,0
202504,404,35100,5,New Bern  NC ,45,45,12132,0,0,0,0,0,0,0,0,0,29,29,8800,0,0,0,0,0,0,0,0,0
202504,405,25540,2,Hartford-West Hartford-East Hartford  CT ,71,71,20135,1,2,313,0,0,0,5,84,4398,50,50,13804,0,0,0,0,0,0,4,79,4017
202504,405,35300,2,New Haven  CT ,10,10,2576,1,2,275,4,13,2452,4,88,17049,4,4,1616,1,2,275,3,10,1660,3,80,16536
202504,405,35980,2,Norwich-New London-Willimantic  CT ,39,39,9662,0,0,0,0,0,0,1,6,980,32,32,7853,0,0,0,0,0,0,1,6,980
202504,405,39480,5,Putnam  CT ,18,18,5228,0,0,0,0,0,0,0,0,0,13,13,4586,0,0,0,0,0,0,0,0,0
202504,405,45860,5,Torrington  CT ,16,16,19807,0,0,0,0,0,0,0,0,0,11,11,16639,0,0,0,0,0,0,0,0,0
202504,405,47930,2,Waterbury-Shelton  CT ,22,22,5339,0,0,0,1,3,285,0,0,0,6,6,1503,0,0,0,0,0,0,0,0,0
202504,406,14220,5,Bogalusa  LA ,0,0,0,1,2,117,0,0,0,0,0,0,0,0,0,0,0,0,0,0,0,0,0,0
202504,406,35380,2,New Orleans-Metairie  LA ,114,114,22915,12,24,3139,1,3,246,1,56,21572,79,79,13075,3,6,723,0,0,0,0,0,0
202504,406,38100,5,Picayune  MS ,30,30,4997,0,0,0,0,0,0,0,0,0,0,0,0,0,0,0,0,0,0,0,0,0
202504,406,43640,2,Slidell-Mandeville-Covington  LA ,68,68,24897,0,0,0,0,0,0,0,0,0,63,63,23020,0,0,0,0,0,0,0,0,0
202504,408,14860,2,Bridgeport-Stamford-Danbury  CT ,42,42,39559,1,2,691,0,0,0,4,203,123530,27,27,24399,0,0,0,0,0,0,3,180,120402
202504,408,25770,5,Hemlock Farms  PA ,15,15,8041,0,0,0,0,0,0,0,0,0,12,12,7053,0,0,0,0,0,0,0,0,0
202504,408,28740,2,Kingston  NY ,19,19,6986,0,0,0,1,3,512,2,15,2218,11,11,4367,0,0,0,0,0,0,0,0,0
202504,408,28880,2,Kiryas Joel-Poughkeepsie-Newburgh  NY ,59,59,28052,0,0,0,1,3,884,9,92,13715,21,21,5967,0,0,0,0,0,0,1,12,1722
202504,408,33910,5,Monticello  NY ,58,58,19415,7,14,1766,1,3,512,0,0,0,4,4,1429,0,0,0,0,0,0,0,0,0
202504,408,35620,2,New York-Newark-Jersey City  NY-NJ ,1010,1010,329189,87,174,24238,29,95,9978,109,2326,377879,611,611,207908,64,128,18112,20,65,8023,52,1712,290141
202504,408,45940,2,Trenton-Princeton  NJ ,96,96,13238,0,0,0,0,0,0,3,34,4171,90,90,12474,0,0,0,0,0,0,2,29,3807
202504,412,11580,5,Arcadia  FL ,9,9,2220,0,0,0,0,0,0,0,0,0,9,9,2220,0,0,0,0,0,0,0,0,0
202504,412,35840,2,North Port-Bradenton-Sarasota  FL ,756,756,270042,14,28,10051,1,4,580,10,201,27064,754,754,267610,14,28,10051,1,4,580,10,201,27064
202504,412,39460,2,Punta Gorda  FL ,266,266,102663,3,6,800,1,3,607,2,21,4968,260,260,99133,2,4,433,1,3,607,1,16,4069
202504,416,36420,2,Oklahoma City  OK ,539,539,164402,9,18,1988,0,0,0,20,430,47609,164,164,65598,0,0,0,0,0,0,8,205,19722
202504,416,43060,5,Shawnee  OK ,29,29,7952,0,0,0,0,0,0,0,0,0,28,28,7747,0,0,0,0,0,0,0,0,0
202504,420,23340,5,Fremont  NE ,1,1,353,0,0,0,0,0,0,0,0,0,0,0,0,0,0,0,0,0,0,0,0,0
202504,420,36540,2,Omaha  NE-IA ,306,306,80223,10,20,2190,0,0,0,2,27,2616,242,242,62926,8,16,1498,0,0,0,1,15,782
202504,422,19660,2,Deltona-Daytona Beach-Ormond Beach  FL ,562,562,212367,7,14,3393,5,20,3440,2,12,3395,514,514,196964,7,14,3393,5,20,3440,2,12,3395
202504,422,29460,2,Lakeland-Winter Haven  FL ,614,614,197749,2,4,487,1,3,436,2,43,8358,538,538,179216,1,2,351,1,3,436,1,31,7253
202504,422,36740,2,Orlando-Kissimmee-Sanford  FL ,1525,1525,505781,8,16,279,0,0,0,18,918,65603,1383,1383,458011,8,16,279,0,0,0,15,849,62721
202504,422,48680,2,Wildwood-The Villages  FL ,301,301,72834,10,20,2023,0,0,0,1,15,1233,0,0,0,0,0,0,0,0,0,0,0,0
202504,424,32460,5,Mayfield  KY ,0,0,0,0,0,0,0,0,0,0,0,0,0,0,0,0,0,0,0,0,0,0,0,0
202504,424,37140,2,Paducah  KY-IL ,5,5,1013,0,0,0,0,0,0,0,0,0,5,5,1013,0,0,0,0,0,0,0,0,0
202504,425,31930,5,Marietta  OH ,0,0,0,0,0,0,0,0,0,0,0,0,0,0,0,0,0,0,0,0,0,0,0,0
202504,425,37620,2,Parkersburg-Vienna  WV ,7,7,1091,0,0,0,0,0,0,0,0,0,6,6,939,0,0,0,0,0,0,0,0,0
202504,427,15900,5,Canton  IL ,3,3,725,0,0,0,0,0,0,0,0,0,3,3,725,0,0,0,0,0,0,0,0,0
202504,427,37900,2,Peoria  IL ,23,23,10004,7,14,3304,0,0,0,0,0,0,13,13,6900,7,14,3304,0,0,0,0,0,0
202504,428,12100,2,Atlantic City-Hammonton  NJ ,135,135,37005,4,8,284,2,7,835,0,0,0,107,107,26868,3,6,0,0,0,0,0,0,0
202504,428,20100,2,Dover  DE ,92,92,14010,0,0,0,0,0,0,0,0,0,92,92,14010,0,0,0,0,0,0,0,0,0
202504,428,37980,2,Philadelphia-Camden-Wilmington  PA-NJ-DE-MD ,742,742,170091,5,10,1839,6,23,2671,24,242,21270,401,401,94675,3,6,1165,3,12,1511,10,165,13968
202504,428,39740,2,Reading  PA ,16,16,5016,0,0,0,0,0,0,1,6,500,4,4,1344,0,0,0,0,0,0,0,0,0
202504,428,47220,2,Vineland  NJ ,22,22,3108,1,2,337,0,0,0,1,5,739,16,16,2321,0,0,0,0,0,0,0,0,0
202504,429,37740,5,Payson  AZ ,15,15,3677,0,0,0,0,0,0,0,0,0,15,15,3677,0,0,0,0,0,0,0,0,0
202504,429,38060,2,Phoenix-Mesa-Chandler  AZ ,2338,2338,711782,70,140,19187,2,7,2300,43,1438,281837,2093,2093,644628,61,122,16095,2,7,2300,41,1290,257797
202504,430,25850,5,Hermitage  PA ,9,9,3221,0,0,0,0,0,0,0,0,0,4,4,1555,0,0,0,0,0,0,0,0,0
202504,430,26860,5,Indiana  PA ,1,1,430,0,0,0,0,0,0,0,0,0,1,1,430,0,0,0,0,0,0,0,0,0
202504,430,38300,2,Pittsburgh  PA ,359,359,127698,5,10,1834,3,11,2660,4,101,9438,208,208,78986,3,6,1287,2,8,1834,0,0,0
202504,430,48260,2,Weirton-Steubenville  WV-OH ,3,3,820,0,0,0,0,0,0,0,0,0,2,2,565,0,0,0,0,0,0,0,0,0
202504,438,30340,2,Lewiston-Auburn  ME ,37,37,9331,1,2,400,0,0,0,0,0,0,26,26,6558,1,2,400,0,0,0,0,0,0
202504,438,38860,2,Portland-South Portland  ME ,227,227,82233,21,42,5336,0,0,0,4,46,5203,138,138,57550,20,40,5065,0,0,0,1,24,3600
202504,440,10540,2,Albany  OR ,13,13,4868,2,4,1079,0,0,0,0,0,0,8,8,3406,2,4,1079,0,0,0,0,0,0
202504,440,18700,2,Corvallis  OR ,8,8,2937,0,0,0,1,4,508,0,0,0,8,8,2937,0,0,0,1,4,508,0,0,0
202504,440,31020,2,Longview-Kelso  WA ,19,19,4278,0,0,0,0,0,0,0,0,0,18,18,3999,0,0,0,0,0,0,0,0,0
202504,440,38900,2,Portland-Vancouver-Hillsboro  OR-WA ,551,551,234669,6,12,631,0,0,0,7,203,52016,421,421,159735,4,8,18,0,0,0,4,167,46211
202504,440,41420,2,Salem  OR ,55,55,19110,0,0,0,1,3,839,0,0,0,51,51,18136,0,0,0,0,0,0,0,0,0
202504,444,15860,5,Cañon City  CO ,13,13,3125,0,0,0,0,0,0,0,0,0,13,13,3125,0,0,0,0,0,0,0,0,0
202504,444,39380,2,Pueblo  CO ,30,30,5565,0,0,0,0,0,0,0,0,0,30,30,5565,0,0,0,0,0,0,0,0,0
202504,446,34140,5,Moscow  ID ,18,18,6458,0,0,0,0,0,0,1,8,1261,13,13,4674,0,0,0,0,0,0,0,0,0
202504,446,39420,5,Pullman  WA ,3,3,916,0,0,0,0,0,0,0,0,0,1,1,480,0,0,0,0,0,0,0,0,0
202504,448,25300,5,Hannibal  MO ,7,7,1940,1,2,300,0,0,0,0,0,0,7,7,1940,1,2,300,0,0,0,0,0,0
202504,448,39500,5,Quincy  IL-MO ,3,3,770,0,0,0,1,3,455,0,0,0,0,0,0,0,0,0,0,0,0,0,0,0
202504,450,11360,5,Anderson Creek  NC ,191,191,59974,0,0,0,0,0,0,0,0,0,3,3,888,0,0,0,0,0,0,0,0,0
202504,450,20500,2,Durham-Chapel Hill  NC ,245,245,92591,2,4,666,0,0,0,2,60,9921,68,68,31887,0,0,0,0,0,0,0,0,0
202504,450,25780,5,Henderson  NC ,6,6,2011,0,0,0,0,0,0,0,0,0,0,0,0,0,0,0,0,0,0,0,0,0
202504,450,39580,2,Raleigh-Cary  NC ,1067,1067,290005,3,6,969,0,0,0,7,440,89917,1011,1011,280398,3,6,969,0,0,0,7,440,89917
202504,450,41820,5,Sanford  NC ,54,54,11192,0,0,0,0,0,0,0,0,0,0,0,0,0,0,0,0,0,0,0,0,0
202504,452,39660,2,Rapid City  SD ,81,81,29973,0,0,0,0,0,0,4,38,6474,73,73,27189,0,0,0,0,0,0,4,38,6474
202504,452,43940,5,Spearfish  SD ,16,16,8518,0,0,0,1,3,450,0,0,0,7,7,4412,0,0,0,0,0,0,0,0,0
202504,454,39780,5,Red Bluff  CA ,14,14,2549,0,0,0,0,0,0,0,0,0,0,0,0,0,0,0,0,0,0,0,0,0
202504,454,39820,2,Redding  CA ,61,61,20930,0,0,0,0,0,0,0,0,0,51,51,18056,0,0,0,0,0,0,0,0,0
202504,456,16180,2,Carson City  NV ,18,18,6518,0,0,0,0,0,0,0,0,0,18,18,6518,0,0,0,0,0,0,0,0,0
202504,456,21980,5,Fallon  NV ,9,9,2612,0,0,0,0,0,0,0,0,0,9,9,2612,0,0,0,0,0,0,0,0,0
202504,456,23820,5,Gardnerville Ranchos  NV-CA ,44,44,24878,0,0,0,0,0,0,0,0,0,44,44,24878,0,0,0,0,0,0,0,0,0
202504,456,39900,2,Reno  NV ,137,137,37735,0,0,0,2,7,1523,5,40,7634,79,79,21611,0,0,0,2,7,1523,5,40,7634
202504,458,18220,5,Connersville  IN ,3,3,735,0,0,0,0,0,0,0,0,0,3,3,735,0,0,0,0,0,0,0,0,0
202504,458,39980,5,Richmond  IN ,3,3,907,0,0,0,0,0,0,1,150,10451,1,1,300,0,0,0,0,0,0,1,150,10451
202504,462,12380,5,Austin  MN ,5,5,1535,0,0,0,0,0,0,0,0,0,2,2,880,0,0,0,0,0,0,0,0,0
202504,462,40340,2,Rochester  MN ,44,44,15097,0,0,0,0,0,0,0,0,0,32,32,12269,0,0,0,0,0,0,0,0,0
202504,462,49100,5,Winona  MN ,5,5,1392,0,0,0,0,0,0,0,0,0,2,2,675,0,0,0,0,0,0,0,0,0
202504,464,12860,5,Batavia  NY ,4,4,1049,0,0,0,0,0,0,0,0,0,0,0,0,0,0,0,0,0,0,0,0,0
202504,464,40380,2,Rochester  NY ,83,83,30823,1,2,200,4,14,3370,2,10,1717,48,48,21314,0,0,0,3,11,2512,0,0,0
202504,464,42900,5,Seneca Falls  NY ,6,6,2456,0,0,0,0,0,0,0,0,0,6,6,2456,0,0,0,0,0,0,0,0,0
202504,466,23300,5,Freeport  IL ,3,3,975,0,0,0,0,0,0,0,0,0,2,2,700,0,0,0,0,0,0,0,0,0
202504,466,40300,5,Rochelle  IL ,4,4,2241,0,0,0,0,0,0,0,0,0,2,2,1888,0,0,0,0,0,0,0,0,0
202504,466,40420,2,Rockford  IL ,12,12,3861,0,0,0,0,0,0,0,0,0,10,10,3309,0,0,0,0,0,0,0,0,0
202504,468,40260,5,Roanoke Rapids  NC ,10,10,4951,0,0,0,0,0,0,0,0,0,9,9,4520,0,0,0,0,0,0,0,0,0
202504,468,40580,2,Rocky Mount  NC ,45,45,8935,0,0,0,0,0,0,0,0,0,1,1,400,0,0,0,0,0,0,0,0,0
202504,468,48980,5,Wilson  NC ,31,31,7914,0,0,0,0,0,0,0,0,0,31,31,7914,0,0,0,0,0,0,0,0,0
202504,472,40900,2,Sacramento-Roseville-Folsom  CA ,808,808,251663,6,12,1495,0,0,0,13,635,89932,802,802,249614,6,12,1495,0,0,0,13,635,89932
202504,472,46020,5,Truckee-Grass Valley  CA ,14,14,5499,0,0,0,0,0,0,0,0,0,14,14,5499,0,0,0,0,0,0,0,0,0
202504,472,49700,2,Yuba City  CA ,56,56,21717,0,0,0,0,0,0,0,0,0,48,48,18669,0,0,0,0,0,0,0,0,0
202504,474,13020,2,Bay City  MI ,5,5,1745,0,0,0,0,0,0,0,0,0,2,2,679,0,0,0,0,0,0,0,0,0
202504,474,33220,2,Midland  MI ,9,9,3213,0,0,0,0,0,0,0,0,0,4,4,939,0,0,0,0,0,0,0,0,0
202504,474,40980,2,Saginaw  MI ,18,18,6116,2,4,609,0,0,0,0,0,0,7,7,2182,1,2,279,0,0,0,0,0,0
202504,476,16460,5,Centralia  IL ,2,2,408,0,0,0,0,0,0,0,0,0,0,0,0,0,0,0,0,0,0,0,0,0
202504,476,22100,5,Farmington  MO ,9,9,2592,1,2,228,0,0,0,1,5,625,4,4,1330,0,0,0,0,0,0,0,0,0
202504,476,41180,2,St. Louis  MO-IL ,430,430,161477,19,38,4511,5,17,4609,10,107,17376,298,298,107367,15,30,3479,2,7,1796,2,28,4600
202504,480,36180,5,Ocean Pines  MD ,34,34,10130,0,0,0,0,0,0,0,0,0,34,34,10130,0,0,0,0,0,0,0,0,0
202504,480,41540,2,Salisbury  MD ,8,8,1753,0,0,0,0,0,0,0,0,0,6,6,1381,0,0,0,0,0,0,0,0,0
202504,482,14940,5,Brigham City  UT-ID ,35,35,11608,0,0,0,0,0,0,3,17,5622,22,22,7938,0,0,0,0,0,0,2,12,3959
202504,482,25720,5,Heber  UT ,81,81,68416,1,2,3136,0,0,0,3,44,9625,78,78,65820,1,2,3136,0,0,0,3,44,9625
202504,482,36260,2,Ogden  UT ,193,193,69863,4,8,1506,5,19,4490,6,62,11070,155,155,58434,4,8,1506,3,12,3170,3,19,4879
202504,482,39340,2,Provo-Orem-Lehi  UT ,489,489,173882,0,0,0,10,35,6412,29,174,36978,481,481,169661,0,0,0,10,35,6412,29,174,36978
202504,482,41620,2,Salt Lake City-Murray  UT ,290,290,116595,5,10,2643,8,27,6567,9,129,31138,273,273,108842,3,6,1591,7,23,5462,6,110,26694
202504,484,23240,5,Fredericksburg  TX ,5,5,1066,0,0,0,0,0,0,0,0,0,0,0,0,0,0,0,0,0,0,0,0,0
202504,484,28500,5,Kerrville  TX ,9,9,2656,0,0,0,0,0,0,0,0,0,8,8,2368,0,0,0,0,0,0,0,0,0
202504,484,41700,2,San Antonio-New Braunfels  TX ,975,975,281046,4,8,1224,0,0,0,16,234,39512,841,841,251087,3,6,969,0,0,0,15,218,37547
202504,488,32900,2,Merced  CA ,36,36,11143,0,0,0,0,0,0,0,0,0,18,18,5663,0,0,0,0,0,0,0,0,0
202504,488,33700,2,Modesto  CA ,43,43,6497,0,0,0,0,0,0,0,0,0,37,37,5712,0,0,0,0,0,0,0,0,0
202504,488,34900,2,Napa  CA ,36,36,11631,0,0,0,0,0,0,0,0,0,35,35,9907,0,0,0,0,0,0,0,0,0
202504,488,41860,2,San Francisco-Oakland-Fremont  CA ,221,221,87497,3,6,1941,0,0,0,13,112,32730,169,169,67995,1,2,950,0,0,0,6,33,11363
202504,488,41940,2,San Jose-Sunnyvale-Santa Clara  CA ,162,162,76286,0,0,0,1,4,200,4,366,57488,143,143,65664,0,0,0,1,4,200,4,366,57488
202504,488,42100,2,Santa Cruz-Watsonville  CA ,13,13,1870,0,0,0,0,0,0,2,10,1622,8,8,1148,0,0,0,0,0,0,0,0,0
202504,488,44700,2,Stockton-Lodi  CA ,275,275,117381,0,0,0,0,0,0,0,0,0,247,247,109795,0,0,0,0,0,0,0,0,0
202504,488,46700,2,Vallejo  CA ,55,55,17441,0,0,0,0,0,0,0,0,0,54,54,17155,0,0,0,0,0,0,0,0,0
202504,496,25980,2,Hinesville  GA ,42,42,10527,0,0,0,0,0,0,0,0,0,16,16,4346,0,0,0,0,0,0,0,0,0
202504,496,27700,5,Jesup  GA ,9,9,1585,2,4,396,0,0,0,0,0,0,9,9,1585,2,4,396,0,0,0,0,0,0
202504,496,42340,2,Savannah  GA ,294,294,75571,1,2,190,0,0,0,11,313,31504,178,178,45760,0,0,0,0,0,0,9,303,29911
202504,496,44340,5,Statesboro  GA ,112,112,25611,5,10,1058,1,3,218,0,0,0,60,60,12591,0,0,0,0,0,0,0,0,0
202504,500,14740,2,Bremerton-Silverdale-Port Orchard  WA ,61,61,28608,0,0,0,2,6,1200,1,187,48000,61,61,28608,0,0,0,2,6,1200,1,187,48000
202504,500,16500,5,Centralia  WA ,48,48,12861,0,0,0,6,24,4022,0,0,0,48,48,12861,0,0,0,6,24,4022,0,0,0
202504,500,34580,2,Mount Vernon-Anacortes  WA ,23,23,8691,0,0,0,0,0,0,1,10,933,20,20,7732,0,0,0,0,0,0,0,0,0
202504,500,36020,5,Oak Harbor  WA ,25,25,8110,0,0,0,0,0,0,0,0,0,2,2,780,0,0,0,0,0,0,0,0,0
202504,500,36500,2,Olympia-Lacey-Tumwater  WA ,44,44,11768,0,0,0,0,0,0,1,10,640,36,36,9911,0,0,0,0,0,0,0,0,0
202504,500,42660,2,Seattle-Tacoma-Bellevue  WA ,660,660,263402,34,68,24145,16,56,6764,27,532,90213,598,598,233355,33,66,23946,16,56,6764,22,461,79515
202504,500,43220,5,Shelton  WA ,14,14,5331,0,0,0,0,0,0,0,0,0,14,14,5331,0,0,0,0,0,0,0,0,0
202504,508,33380,5,Minden  LA ,3,3,1052,0,0,0,0,0,0,0,0,0,1,1,500,0,0,0,0,0,0,0,0,0
202504,508,43340,2,Shreveport-Bossier City  LA ,92,92,18517,0,0,0,0,0,0,0,0,0,71,71,14764,0,0,0,0,0,0,0,0,0
202504,512,30180,5,Le Mars  IA ,5,5,1885,0,0,0,0,0,0,0,0,0,4,4,1448,0,0,0,0,0,0,0,0,0
202504,512,43580,2,Sioux City  IA-NE-SD ,32,32,9912,2,4,950,0,0,0,0,0,0,25,25,7482,2,4,950,0,0,0,0,0,0
202504,515,21140,2,Elkhart-Goshen  IN ,35,35,11428,2,4,800,0,0,0,2,12,1200,35,35,11428,2,4,800,0,0,0,2,12,1200
202504,515,35660,2,Niles  MI ,22,22,9002,0,0,0,1,4,650,1,56,5763,6,6,4778,0,0,0,1,4,650,1,56,5763
202504,515,38500,5,Plymouth  IN ,5,5,1741,0,0,0,0,0,0,0,0,0,2,2,495,0,0,0,0,0,0,0,0,0
202504,515,43780,2,South Bend-Mishawaka  IN-MI ,43,43,19209,0,0,0,0,0,0,0,0,0,34,34,14082,0,0,0,0,0,0,0,0,0
202504,515,47700,5,Warsaw  IN ,23,23,7775,0,0,0,0,0,0,0,0,0,0,0,0,0,0,0,0,0,0,0,0,0
202504,517,43980,5,Spencer  IA ,4,4,915,0,0,0,0,0,0,0,0,0,3,3,562,0,0,0,0,0,0,0,0,0
202504,517,44020,5,Spirit Lake  IA ,11,11,7293,0,0,0,0,0,0,0,0,0,9,9,5545,0,0,0,0,0,0,0,0,0
202504,518,17660,2,Coeur dAlene  ID ,110,110,42855,8,16,3892,1,3,1257,3,61,9011,87,87,36817,7,14,3508,0,0,0,2,48,7601
202504,518,44060,2,Spokane-Spokane Valley  WA ,170,170,47558,7,14,2524,0,0,0,3,68,34487,98,98,29402,6,12,2165,0,0,0,1,36,31474
202504,521,11200,2,Amherst Town-Northampton  MA ,9,9,4182,0,0,0,0,0,0,3,15,2752,2,2,800,0,0,0,0,0,0,0,0,0
202504,521,24640,5,Greenfield  MA ,5,5,1861,0,0,0,0,0,0,0,0,0,1,1,205,0,0,0,0,0,0,0,0,0
202504,521,44140,2,Springfield  MA ,20,20,6584,2,4,521,0,0,0,0,0,0,2,2,800,0,0,0,0,0,0,0,0,0
202504,522,27300,5,Jacksonville  IL ,0,0,0,1,2,360,0,0,0,0,0,0,0,0,0,0,0,0,0,0,0,0,0,0
202504,522,30660,5,Lincoln  IL ,1,1,211,0,0,0,0,0,0,0,0,0,0,0,0,0,0,0,0,0,0,0,0,0
202504,522,44100,2,Springfield  IL ,13,13,4909,2,4,653,0,0,0,0,0,0,5,5,2190,1,2,349,0,0,0,0,0,0
202504,522,45380,5,Taylorville  IL ,7,7,2564,0,0,0,0,0,0,0,0,0,0,0,0,0,0,0,0,0,0,0,0,0
202504,523,18060,5,Columbus  MS ,12,12,1321,0,0,0,0,0,0,0,0,0,2,2,234,0,0,0,0,0,0,0,0,0
202504,523,44260,5,Starkville  MS ,2,2,718,0,0,0,0,0,0,0,0,0,1,1,430,0,0,0,0,0,0,0,0,0
202504,524,20180,5,DuBois  PA ,9,9,2300,0,0,0,0,0,0,0,0,0,6,6,1689,0,0,0,0,0,0,0,0,0
202504,524,44300,2,State College  PA ,23,23,7468,0,0,0,0,0,0,1,5,909,16,16,5805,0,0,0,0,0,0,1,5,909
202504,532,12180,5,Auburn  NY ,8,8,1697,0,0,0,0,0,0,0,0,0,2,2,454,0,0,0,0,0,0,0,0,0
202504,532,45060,2,Syracuse  NY ,53,53,17181,1,2,325,0,0,0,1,5,625,33,33,11464,1,2,325,0,0,0,0,0,0
202504,533,12460,5,Bainbridge  GA ,7,7,1383,0,0,0,0,0,0,1,5,465,0,0,0,0,0,0,0,0,0,0,0,0
202504,533,45220,2,Tallahassee  FL ,125,125,26256,1,2,222,0,0,0,2,62,7932,60,60,13426,0,0,0,0,0,0,0,0,0
202504,536,35700,5,Nogales  AZ ,23,23,5529,0,0,0,0,0,0,0,0,0,23,23,5529,0,0,0,0,0,0,0,0,0
202504,536,46060,2,Tucson  AZ ,340,340,123913,4,8,997,0,0,0,5,63,9454,261,261,103774,1,2,284,0,0,0,0,0,0
202504,538,12780,5,Bartlesville  OK ,2,2,555,0,0,0,0,0,0,0,0,0,2,2,555,0,0,0,0,0,0,0,0,0
202504,538,34780,5,Muskogee  OK ,6,6,1432,0,0,0,0,0,0,0,0,0,5,5,1192,0,0,0,0,0,0,0,0,0
202504,538,46140,2,Tulsa  OK ,345,345,89491,6,12,1871,0,0,0,11,292,24819,328,328,85996,6,12,1871,0,0,0,8,275,23511
202504,539,18420,5,Corinth  MS ,3,3,520,0,0,0,0,0,0,0,0,0,3,3,520,0,0,0,0,0,0,0,0,0
202504,539,46180,5,Tupelo  MS ,12,12,2841,0,0,0,1,3,609,1,5,755,1,1,310,0,0,0,0,0,0,0,0,0
202504,540,27380,5,Jacksonville  TX ,2,2,575,0,0,0,0,0,0,0,0,0,0,0,0,0,0,0,0,0,0,0,0,0
202504,540,46340,2,Tyler  TX ,82,82,23963,0,0,0,0,0,0,0,0,0,70,70,20721,0,0,0,0,0,0,0,0,0
202504,542,32280,5,Martin  TN ,14,14,3913,0,0,0,0,0,0,0,0,0,11,11,3470,0,0,0,0,0,0,0,0,0
202504,542,46460,5,Union City  TN ,4,4,1217,0,0,0,0,0,0,0,0,0,4,4,1217,0,0,0,0,0,0,0,0,0
202504,544,38920,5,Port Lavaca  TX ,14,14,7413,0,0,0,0,0,0,0,0,0,12,12,6873,0,0,0,0,0,0,0,0,0
202504,544,47020,2,Victoria  TX ,6,6,1776,0,0,0,0,0,0,0,0,0,6,6,1776,0,0,0,0,0,0,0,0,0
202504,545,21020,5,Elizabeth City  NC ,25,25,5950,0,0,0,0,0,0,0,0,0,19,19,4546,0,0,0,0,0,0,0,0,0
202504,545,28620,5,Kill Devil Hills  NC ,39,39,18888,0,0,0,0,0,0,0,0,0,39,39,18888,0,0,0,0,0,0,0,0,0
202504,545,47260,2,Virginia Beach-Chesapeake-Norfolk  VA-NC ,274,274,91868,4,8,1400,3,10,732,1,38,4537,214,214,74737,4,8,1400,3,10,732,1,38,4537
202504,548,12580,2,Baltimore-Columbia-Towson  MD ,398,398,96403,1,2,360,0,0,0,4,280,46641,376,376,91692,1,2,360,0,0,0,2,204,28743
202504,548,15700,5,Cambridge  MD ,8,8,1579,0,0,0,0,0,0,0,0,0,6,6,1235,0,0,0,0,0,0,0,0,0
202504,548,16540,2,Chambersburg  PA ,72,72,19652,3,6,980,0,0,0,1,16,975,54,54,13882,3,6,980,0,0,0,1,16,975
202504,548,20660,5,Easton  MD ,28,28,11283,0,0,0,0,0,0,0,0,0,27,27,10961,0,0,0,0,0,0,0,0,0
202504,548,25180,2,Hagerstown-Martinsburg  MD-WV ,126,126,25840,3,6,1645,0,0,0,0,0,0,118,118,24342,3,6,1645,0,0,0,0,0,0
202504,548,29470,5,Lake of the Woods  VA ,36,36,9098,0,0,0,0,0,0,0,0,0,0,0,0,0,0,0,0,0,0,0,0,0
202504,548,30500,2,Lexington Park  MD ,29,29,8039,0,0,0,2,8,3200,0,0,0,29,29,8039,0,0,0,2,8,3200,0,0,0
202504,548,47900,2,Washington-Arlington-Alexandria  DC-VA-MD-WV ,860,860,254308,8,16,3646,0,0,0,7,558,29553,830,830,242671,8,16,3646,0,0,0,6,551,28548
202504,548,49020,2,Winchester  VA-WV ,80,80,16374,0,0,0,0,0,0,0,0,0,79,79,16124,0,0,0,0,0,0,0,0,0
202504,554,44620,5,Stevens Point-Plover  WI ,15,15,4445,2,4,851,0,0,0,0,0,0,14,14,4157,1,2,500,0,0,0,0,0,0
202504,554,48140,2,Wausau  WI ,27,27,10003,1,2,709,0,0,0,2,10,1846,18,18,6417,1,2,709,0,0,0,0,0,0
202504,554,49220,5,Wisconsin Rapids-Marshfield  WI ,12,12,4919,1,2,351,0,0,0,0,0,0,0,0,0,0,0,0,0,0,0,0,0,0
202504,555,21120,5,Elk City  OK ,1,1,298,0,0,0,0,0,0,0,0,0,0,0,0,0,0,0,0,0,0,0,0,0
202504,555,48220,5,Weatherford  OK ,3,3,581,0,0,0,0,0,0,0,0,0,0,0,0,0,0,0,0,0,0,0,0,0
202504,556,11680,5,Arkansas City-Winfield  KS ,3,3,425,0,0,0,0,0,0,0,0,0,0,0,0,0,0,0,0,0,0,0,0,0
202504,556,48620,2,Wichita  KS ,129,129,41043,78,156,21067,1,3,300,0,0,0,87,87,29593,69,138,18435,0,0,0,0,0,0
202504,558,30820,5,Lock Haven  PA ,4,4,1119,0,0,0,0,0,0,0,0,0,1,1,300,0,0,0,0,0,0,0,0,0
202504,558,48700,2,Williamsport  PA ,7,7,2355,1,2,440,0,0,0,0,0,0,0,0,0,0,0,0,0,0,0,0,0,0
202504,566,41400,5,Salem  OH ,2,2,557,0,0,0,0,0,0,0,0,0,1,1,211,0,0,0,0,0,0,0,0,0
202504,566,49660,2,Youngstown-Warren  OH ,23,23,7287,0,0,0,0,0,0,0,0,0,23,23,7287,0,0,0,0,0,0,0,0,0
202504,999,10100,5,Aberdeen  SD ,13,13,3489,1,2,254,0,0,0,1,45,2525,13,13,3489,1,2,254,0,0,0,1,45,2525
202504,999,10140,5,Aberdeen  WA ,18,18,5685,0,0,0,0,0,0,0,0,0,18,18,5685,0,0,0,0,0,0,0,0,0
202504,999,10220,5,Ada  OK ,0,0,0,0,0,0,0,0,0,0,0,0,0,0,0,0,0,0,0,0,0,0,0,0
202504,999,10460,5,Alamogordo  NM ,1,1,375,0,0,0,0,0,0,0,0,0,0,0,0,0,0,0,0,0,0,0,0,0
202504,999,10480,5,Alamosa  CO ,19,19,6964,0,0,0,0,0,0,0,0,0,4,4,1432,0,0,0,0,0,0,0,0,0
202504,999,10500,4,Albany  GA ,8,8,1690,0,0,0,0,0,0,1,5,710,2,2,151,0,0,0,0,0,0,0,0,0
202504,999,10660,5,Albert Lea  MN ,1,1,342,0,0,0,0,0,0,0,0,0,1,1,342,0,0,0,0,0,0,0,0,0
202504,999,10780,4,Alexandria  LA ,22,22,5560,1,2,145,0,0,0,0,0,0,2,2,525,0,0,0,0,0,0,0,0,0
202504,999,10820,5,Alexandria  MN ,21,21,8349,0,0,0,0,0,0,2,54,12100,20,20,7960,0,0,0,0,0,0,2,54,12100
202504,999,10980,5,Alpena  MI ,5,5,1985,0,0,0,0,0,0,0,0,0,1,1,989,0,0,0,0,0,0,0,0,0
202504,999,11060,5,Altus  OK ,4,4,1100,0,0,0,0,0,0,0,0,0,4,4,1100,0,0,0,0,0,0,0,0,0
202504,999,11140,5,Americus  GA ,5,5,1314,0,0,0,0,0,0,0,0,0,3,3,889,0,0,0,0,0,0,0,0,0
202504,999,11260,4,Anchorage  AK ,18,18,7302,2,4,838,1,3,448,1,6,1106,2,2,693,0,0,0,0,0,0,0,0,0
202504,999,11500,4,Anniston-Oxford  AL ,10,10,1483,2,4,600,0,0,0,0,0,0,8,8,1002,2,4,600,0,0,0,0,0,0
202504,999,11620,5,Ardmore  OK ,2,2,370,0,0,0,0,0,0,0,0,0,2,2,370,0,0,0,0,0,0,0,0,0
202504,999,11660,5,Arkadelphia  AR ,0,0,0,0,0,0,0,0,0,0,0,0,0,0,0,0,0,0,0,0,0,0,0,0
202504,999,11820,5,Astoria  OR ,10,10,5508,0,0,0,0,0,0,0,0,0,8,8,4022,0,0,0,0,0,0,0,0,0
202504,999,12260,4,Augusta-Richmond County  GA-SC ,314,314,89595,0,0,0,2,8,1308,0,0,0,74,74,22502,0,0,0,2,8,1308,0,0,0
202504,999,12300,5,Augusta-Waterville  ME ,37,37,11718,0,0,0,1,3,359,0,0,0,12,12,3676,0,0,0,0,0,0,0,0,0
202504,999,12420,4,Austin-Round Rock-San Marcos  TX ,1661,1661,524387,48,96,11275,2,7,824,8,524,70475,1290,1290,428293,45,90,10539,1,4,591,5,425,60210
202504,999,12520,5,Baker City  OR ,4,4,830,0,0,0,0,0,0,0,0,0,4,4,830,0,0,0,0,0,0,0,0,0
202504,999,12540,4,Bakersfield-Delano  CA ,216,216,51527,15,30,4111,0,0,0,1,5,630,13,13,2984,1,2,83,0,0,0,0,0,0
202504,999,12620,4,Bangor  ME ,30,30,7976,7,14,2024,0,0,0,1,5,496,8,8,2622,6,12,1524,0,0,0,0,0,0
202504,999,12900,5,Batesville  AR ,0,0,0,0,0,0,0,0,0,1,6,300,0,0,0,0,0,0,0,0,0,0,0,0
202504,999,13140,4,Beaumont-Port Arthur  TX ,82,82,24067,1,2,221,1,3,297,1,6,614,65,65,19877,0,0,0,0,0,0,0,0,0
202504,999,13220,4,Beckley  WV ,10,10,2337,0,0,0,0,0,0,0,0,0,9,9,2217,0,0,0,0,0,0,0,0,0
202504,999,13300,5,Beeville  TX ,1,1,123,0,0,0,0,0,0,0,0,0,0,0,0,0,0,0,0,0,0,0,0,0
202504,999,13380,4,Bellingham  WA ,70,70,23054,1,2,340,0,0,0,2,12,2614,42,42,13891,1,2,340,0,0,0,2,12,2614
202504,999,13420,5,Bemidji  MN ,6,6,1609,0,0,0,0,0,0,2,12,1091,3,3,1025,0,0,0,0,0,0,1,6,922
202504,999,13460,4,Bend  OR ,131,131,53652,5,10,1829,1,3,604,4,75,13971,131,131,53652,5,10,1829,1,3,604,4,75,13971
202504,999,13540,5,Bennington  VT ,14,14,1683,0,0,0,0,0,0,0,0,0,12,12,1022,0,0,0,0,0,0,0,0,0
202504,999,13700,5,Big Spring  TX ,1,1,303,0,0,0,0,0,0,0,0,0,0,0,0,0,0,0,0,0,0,0,0,0
202504,999,13740,4,Billings  MT ,77,77,26452,10,20,4147,0,0,0,0,0,0,75,75,25921,10,20,4147,0,0,0,0,0,0
202504,999,13780,4,Binghamton  NY ,15,15,3324,0,0,0,0,0,0,3,17,1989,2,2,421,0,0,0,0,0,0,0,0,0
202504,999,13860,5,Bishop  CA ,1,1,159,0,0,0,0,0,0,0,0,0,0,0,0,0,0,0,0,0,0,0,0,0
202504,999,13900,4,Bismarck  ND ,38,38,13172,1,2,692,0,0,0,0,0,0,36,36,12463,1,2,692,0,0,0,0,0,0
202504,999,13980,4,Blacksburg-Christiansburg-Radford  VA ,37,37,10469,0,0,0,0,0,0,0,0,0,17,17,4849,0,0,0,0,0,0,0,0,0
202504,999,14140,5,Bluefield  WV-VA ,0,0,0,0,0,0,0,0,0,0,0,0,0,0,0,0,0,0,0,0,0,0,0,0
202504,999,14180,5,Blytheville  AR ,6,6,1143,0,0,0,0,0,0,0,0,0,0,0,0,0,0,0,0,0,0,0,0,0
202504,999,14380,5,Boone  NC ,17,17,21630,0,0,0,0,0,0,0,0,0,12,12,18705,0,0,0,0,0,0,0,0,0
202504,999,14580,4,Bozeman  MT ,75,75,20081,5,10,1911,4,13,2257,4,61,6418,36,36,10675,0,0,0,0,0,0,0,0,0
202504,999,14620,5,Bradford  PA ,4,4,1953,0,0,0,0,0,0,0,0,0,0,0,0,0,0,0,0,0,0,0,0,0
202504,999,14660,5,Brainerd  MN ,91,91,31194,0,0,0,0,0,0,0,0,0,75,75,26231,0,0,0,0,0,0,0,0,0
202504,999,14700,5,Branson  MO ,21,21,6008,0,0,0,0,0,0,1,5,435,14,14,4705,0,0,0,0,0,0,0,0,0
202504,999,14720,5,Breckenridge  CO ,34,34,21586,0,0,0,0,0,0,1,5,1217,24,24,18207,0,0,0,0,0,0,0,0,0
202504,999,15100,5,Brookings  SD ,50,50,11489,0,0,0,0,0,0,0,0,0,50,50,11489,0,0,0,0,0,0,0,0,0
202504,999,15220,5,Brownwood  TX ,11,11,2969,0,0,0,0,0,0,0,0,0,0,0,0,0,0,0,0,0,0,0,0,0
202504,999,15260,4,Brunswick-St.Simons  GA ,58,58,21609,3,6,664,1,4,808,1,8,959,0,0,0,0,0,0,0,0,0,0,0,0
202504,999,15420,5,Burley  ID ,25,25,9074,0,0,0,0,0,0,0,0,0,14,14,4790,0,0,0,0,0,0,0,0,0
202504,999,15580,5,Butte-Silver Bow  MT ,6,6,673,1,2,148,0,0,0,1,5,142,0,0,0,0,0,0,0,0,0,0,0,0
202504,999,15620,5,Cadillac  MI ,6,6,2509,0,0,0,0,0,0,1,5,1565,3,3,1890,0,0,0,0,0,0,0,0,0
202504,999,15780,5,Camden  AR ,0,0,0,0,0,0,0,0,0,0,0,0,0,0,0,0,0,0,0,0,0,0,0,0
202504,999,15820,5,Campbellsville  KY ,2,2,449,0,0,0,0,0,0,0,0,0,0,0,0,0,0,0,0,0,0,0,0,0
202504,999,16100,5,Carlsbad-Artesia  NM ,19,19,6753,0,0,0,0,0,0,0,0,0,19,19,6753,0,0,0,0,0,0,0,0,0
202504,999,16140,5,Carroll  IA ,5,5,2468,0,0,0,0,0,0,0,0,0,3,3,1600,0,0,0,0,0,0,0,0,0
202504,999,16220,4,Casper  WY ,30,30,5835,0,0,0,0,0,0,0,0,0,30,30,5835,0,0,0,0,0,0,0,0,0
202504,999,16260,5,Cedar City  UT ,67,67,18187,0,0,0,0,0,0,0,0,0,67,67,18187,0,0,0,0,0,0,0,0,0
202504,999,16660,5,Charleston-Mattoon  IL ,1,1,138,0,0,0,0,0,0,0,0,0,0,0,0,0,0,0,0,0,0,0,0,0
202504,999,16700,4,Charleston-North Charleston  SC ,582,582,208283,2,4,356,5,16,575,7,91,6574,166,166,73939,0,0,0,0,0,0,0,0,0
202504,999,16820,4,Charlottesville  VA ,95,95,33088,0,0,0,0,0,0,2,17,2715,35,35,10838,0,0,0,0,0,0,1,5,1250
202504,999,16940,4,Cheyenne  WY ,28,28,6318,2,4,782,2,8,830,2,12,1415,14,14,2849,1,2,343,0,0,0,0,0,0
202504,999,17020,4,Chico  CA ,65,65,12688,3,6,683,0,0,0,2,103,5304,43,43,8587,3,6,683,0,0,0,2,103,5304
202504,999,17300,4,Clarksville  TN-KY ,219,219,47587,1,2,250,0,0,0,17,184,16874,217,217,47362,1,2,250,0,0,0,17,184,16874
202504,999,17340,5,Clearlake  CA ,4,4,1019,0,0,0,0,0,0,1,5,640,0,0,0,0,0,0,0,0,0,0,0,0
202504,999,17380,5,Cleveland  MS ,1,1,100,0,0,0,0,0,0,0,0,0,0,0,0,0,0,0,0,0,0,0,0,0
202504,999,17580,5,Clovis  NM ,0,0,0,6,12,2475,0,0,0,0,0,0,0,0,0,6,12,2475,0,0,0,0,0,0
202504,999,17650,5,Cody  WY ,16,16,4531,0,0,0,0,0,0,0,0,0,16,16,4531,0,0,0,0,0,0,0,0,0
202504,999,17740,5,Coldwater  MI ,4,4,1239,0,0,0,0,0,0,0,0,0,0,0,0,0,0,0,0,0,0,0,0,0
202504,999,17780,4,College Station-Bryan  TX ,170,170,37605,0,0,0,0,0,0,0,0,0,166,166,36440,0,0,0,0,0,0,0,0,0
202504,999,17820,4,Colorado Springs  CO ,315,315,155369,42,84,10513,0,0,0,6,266,63138,306,306,152919,42,84,10513,0,0,0,6,266,63138
202504,999,18100,5,Columbus  NE ,19,19,5527,0,0,0,0,0,0,0,0,0,18,18,5206,0,0,0,0,0,0,0,0,0
202504,999,18260,5,Cookeville  TN ,81,81,21261,0,0,0,0,0,0,0,0,0,79,79,20969,0,0,0,0,0,0,0,0,0
202504,999,18300,5,Coos Bay-North Bend  OR ,11,11,4180,0,0,0,0,0,0,1,5,392,3,3,1250,0,0,0,0,0,0,0,0,0
202504,999,18380,5,Cordele  GA ,3,3,950,0,0,0,0,0,0,0,0,0,3,3,950,0,0,0,0,0,0,0,0,0
202504,999,18880,4,Crestview-Fort Walton Beach-Destin  FL ,214,214,109560,15,30,6186,0,0,0,12,300,35466,214,214,109560,15,30,6186,0,0,0,12,300,35466
202504,999,18900,5,Crossville  TN ,10,10,1305,0,0,0,0,0,0,0,0,0,10,10,1305,0,0,0,0,0,0,0,0,0
202504,999,19060,5,Cumberland  MD-WV ,11,11,1907,1,2,215,0,0,0,0,0,0,9,9,1340,0,0,0,0,0,0,0,0,0
202504,999,19220,5,Danville  KY ,27,27,6798,0,0,0,0,0,0,0,0,0,18,18,5332,0,0,0,0,0,0,0,0,0
202504,999,19260,5,Danville  VA ,7,7,1696,0,0,0,0,0,0,0,0,0,0,0,0,0,0,0,0,0,0,0,0,0
202504,999,19500,4,Decatur  IL ,3,3,1158,0,0,0,0,0,0,0,0,0,1,1,342,0,0,0,0,0,0,0,0,0
202504,999,19580,5,Defiance  OH ,2,2,608,0,0,0,0,0,0,0,0,0,0,0,0,0,0,0,0,0,0,0,0,0
202504,999,19620,5,Del Rio  TX ,8,8,1914,0,0,0,0,0,0,0,0,0,0,0,0,0,0,0,0,0,0,0,0,0
202504,999,19700,5,Deming  NM ,1,1,204,0,0,0,0,0,0,0,0,0,0,0,0,0,0,0,0,0,0,0,0,0
202504,999,19810,5,Detroit Lakes  MN ,18,18,5694,0,0,0,0,0,0,0,0,0,15,15,4927,0,0,0,0,0,0,0,0,0
202504,999,19860,5,Dickinson  ND ,11,11,4933,0,0,0,0,0,0,0,0,0,9,9,4526,0,0,0,0,0,0,0,0,0
202504,999,19980,5,Dodge City  KS ,2,2,437,0,0,0,0,0,0,0,0,0,2,2,437,0,0,0,0,0,0,0,0,0
202504,999,20060,5,Douglas  GA ,8,8,2279,0,0,0,0,0,0,0,0,0,5,5,1660,0,0,0,0,0,0,0,0,0
202504,999,20140,5,Dublin  GA ,3,3,591,0,0,0,0,0,0,0,0,0,0,0,0,0,0,0,0,0,0,0,0,0
202504,999,20220,4,Dubuque  IA ,23,23,10612,0,0,0,0,0,0,0,0,0,23,23,10612,0,0,0,0,0,0,0,0,0
202504,999,20300,5,Dumas  TX ,2,2,455,0,0,0,0,0,0,0,0,0,0,0,0,0,0,0,0,0,0,0,0,0
202504,999,20420,5,Durango  CO ,16,16,9326,2,4,1802,0,0,0,1,6,1672,13,13,8513,2,4,1802,0,0,0,1,6,1672
202504,999,20540,5,Dyersburg  TN ,12,12,3678,0,0,0,0,0,0,0,0,0,12,12,3678,0,0,0,0,0,0,0,0,0
202504,999,20580,4,Eagle Pass  TX ,6,6,1721,1,2,307,0,0,0,0,0,0,0,0,0,0,0,0,0,0,0,0,0,0
202504,999,20820,5,Effingham  IL ,3,3,2212,0,0,0,0,0,0,0,0,0,2,2,1855,0,0,0,0,0,0,0,0,0
202504,999,20940,4,El Centro  CA ,30,30,4865,0,0,0,0,0,0,0,0,0,26,26,3645,0,0,0,0,0,0,0,0,0
202504,999,20980,5,El Dorado  AR ,2,2,286,0,0,0,0,0,0,0,0,0,0,0,0,0,0,0,0,0,0,0,0,0
202504,999,21180,5,Elkins  WV ,0,0,0,0,0,0,0,0,0,0,0,0,0,0,0,0,0,0,0,0,0,0,0,0
202504,999,21220,5,Elko  NV ,10,10,1585,0,0,0,0,0,0,0,0,0,10,10,1585,0,0,0,0,0,0,0,0,0
202504,999,21260,5,Ellensburg  WA ,27,27,11458,0,0,0,0,0,0,0,0,0,26,26,11169,0,0,0,0,0,0,0,0,0
202504,999,21380,5,Emporia  KS ,8,8,1433,1,2,170,1,3,300,0,0,0,5,5,898,0,0,0,0,0,0,0,0,0
202504,999,21420,4,Enid  OK ,0,0,0,0,0,0,0,0,0,0,0,0,0,0,0,0,0,0,0,0,0,0,0,0
202504,999,21540,5,Escanaba  MI ,4,4,1260,1,2,175,0,0,0,0,0,0,0,0,0,0,0,0,0,0,0,0,0,0
202504,999,21640,5,Eufaula  AL-GA ,4,4,899,0,0,0,0,0,0,0,0,0,3,3,772,0,0,0,0,0,0,0,0,0
202504,999,21660,4,Eugene-Springfield  OR ,56,56,17522,1,2,488,0,0,0,1,11,1817,21,21,7527,0,0,0,0,0,0,0,0,0
202504,999,21700,5,Eureka-Arcata  CA ,23,23,5375,0,0,0,0,0,0,0,0,0,19,19,4368,0,0,0,0,0,0,0,0,0
202504,999,21740,5,Evanston  WY-UT ,7,7,2046,0,0,0,0,0,0,0,0,0,4,4,986,0,0,0,0,0,0,0,0,0
202504,999,21820,4,Fairbanks-College  AK ,1,1,381,0,0,0,0,0,0,0,0,0,1,1,381,0,0,0,0,0,0,0,0,0
202504,999,21860,5,Fairmont  MN ,1,1,350,1,2,500,0,0,0,0,0,0,1,1,350,0,0,0,0,0,0,0,0,0
202504,999,22140,4,Farmington  NM ,11,11,3103,0,0,0,0,0,0,0,0,0,11,11,3103,0,0,0,0,0,0,0,0,0
202504,999,22220,4,Fayetteville-Springdale-Rogers  AR ,516,516,160976,17,34,6176,0,0,0,20,427,55390,400,400,129476,14,28,5370,0,0,0,14,375,51439
202504,999,22260,5,Fergus Falls  MN ,6,6,1798,4,8,1780,0,0,0,0,0,0,1,1,240,4,8,1780,0,0,0,0,0,0
202504,999,22340,5,Fitzgerald  GA ,2,2,384,0,0,0,0,0,0,0,0,0,1,1,250,0,0,0,0,0,0,0,0,0
202504,999,22380,4,Flagstaff  AZ ,32,32,13890,5,10,1200,0,0,0,3,69,8650,19,19,9883,5,10,1200,0,0,0,3,69,8650
202504,999,22500,4,Florence  SC ,64,64,10948,1,2,198,0,0,0,1,5,672,13,13,2220,0,0,0,0,0,0,0,0,0
202504,999,22540,4,Fond du Lac  WI ,18,18,6262,1,2,480,0,0,0,0,0,0,0,0,0,0,0,0,0,0,0,0,0,0
202504,999,22580,5,Forest City  NC ,5,5,1727,0,0,0,0,0,0,0,0,0,5,5,1727,0,0,0,0,0,0,0,0,0
202504,999,22660,4,Fort Collins  CO ,104,104,34293,1,2,399,0,0,0,4,108,15633,104,104,34293,1,2,399,0,0,0,4,108,15633
202504,999,22700,5,Fort Dodge  IA ,3,3,718,0,0,0,0,0,0,0,0,0,1,1,204,0,0,0,0,0,0,0,0,0
202504,999,22780,5,Fort Leonard Wood  MO ,6,6,971,0,0,0,0,0,0,0,0,0,0,0,0,0,0,0,0,0,0,0,0,0
202504,999,22820,5,Fort Morgan  CO ,2,2,508,1,2,301,2,6,659,1,12,2212,1,1,40,0,0,0,0,0,0,0,0,0
202504,999,22900,4,Fort Smith  AR-OK ,17,17,3742,3,6,562,2,7,578,0,0,0,9,9,2557,3,6,562,1,4,323,0,0,0
202504,999,23460,4,Gadsden  AL ,17,17,2942,0,0,0,0,0,0,0,0,0,17,17,2942,0,0,0,0,0,0,0,0,0
202504,999,23660,5,Galesburg  IL ,0,0,0,0,0,0,0,0,0,0,0,0,0,0,0,0,0,0,0,0,0,0,0,0
202504,999,23680,5,Gallipolis  OH ,0,0,0,0,0,0,0,0,0,0,0,0,0,0,0,0,0,0,0,0,0,0,0,0
202504,999,23700,5,Gallup  NM ,1,1,175,0,0,0,0,0,0,0,0,0,0,0,0,0,0,0,0,0,0,0,0,0
202504,999,23780,5,Garden City  KS ,4,4,898,0,0,0,0,0,0,0,0,0,0,0,0,0,0,0,0,0,0,0,0,0
202504,999,23940,5,Gillette  WY ,0,0,0,0,0,0,0,0,0,0,0,0,0,0,0,0,0,0,0,0,0,0,0,0
202504,999,24140,4,Goldsboro  NC ,112,112,23465,0,0,0,0,0,0,0,0,0,101,101,20694,0,0,0,0,0,0,0,0,0
202504,999,24220,4,Grand Forks  ND-MN ,25,25,7848,0,0,0,0,0,0,1,5,93,21,21,7166,0,0,0,0,0,0,0,0,0
202504,999,24260,4,Grand Island  NE ,13,13,4371,0,0,0,0,0,0,0,0,0,9,9,3511,0,0,0,0,0,0,0,0,0
202504,999,24300,4,Grand Junction  CO ,53,53,10021,3,6,1197,0,0,0,0,0,0,53,53,10021,3,6,1197,0,0,0,0,0,0
202504,999,24460,5,Great Bend  KS ,0,0,0,0,0,0,0,0,0,0,0,0,0,0,0,0,0,0,0,0,0,0,0,0
202504,999,24500,4,Great Falls  MT ,14,14,3871,0,0,0,1,4,800,0,0,0,14,14,3871,0,0,0,1,4,800,0,0,0
202504,999,24740,5,Greenville  MS ,0,0,0,0,0,0,0,0,0,0,0,0,0,0,0,0,0,0,0,0,0,0,0,0
202504,999,24900,5,Greenwood  MS ,0,0,0,0,0,0,0,0,0,1,5,253,0,0,0,0,0,0,0,0,0,0,0,0
202504,999,24980,5,Grenada  MS ,2,2,193,0,0,0,0,0,0,2,10,250,0,0,0,0,0,0,0,0,0,0,0,0
202504,999,25060,4,Gulfport-Biloxi  MS ,238,238,34745,0,0,0,2,8,1193,2,12,1726,107,107,22505,0,0,0,2,8,1193,2,12,1726
202504,999,25100,5,Guymon  OK ,2,2,605,0,0,0,0,0,0,0,0,0,0,0,0,0,0,0,0,0,0,0,0,0
202504,999,25200,5,Hailey  ID ,6,6,19336,0,0,0,0,0,0,1,5,8833,3,3,13469,0,0,0,0,0,0,0,0,0
202504,999,25460,5,Harrison  AR ,1,1,102,1,2,350,0,0,0,1,16,1778,0,0,0,0,0,0,0,0,0,0,0,0
202504,999,25580,5,Hastings  NE ,7,7,2524,0,0,0,0,0,0,0,0,0,6,6,1989,0,0,0,0,0,0,0,0,0
202504,999,25700,5,Hays  KS ,4,4,1448,0,0,0,0,0,0,0,0,0,4,4,1448,0,0,0,0,0,0,0,0,0
202504,999,25740,4,Helena  MT ,13,13,4603,2,4,1015,0,0,0,0,0,0,8,8,2522,2,4,1015,0,0,0,0,0,0
202504,999,25820,5,Hereford  TX ,1,1,303,2,4,500,0,0,0,0,0,0,0,0,0,0,0,0,0,0,0,0,0,0
202504,999,25840,5,Hermiston-Pendleton  OR ,31,31,7184,0,0,0,0,0,0,0,0,0,14,14,2666,0,0,0,0,0,0,0,0,0
202504,999,25880,5,Hillsdale  MI ,7,7,1811,0,0,0,0,0,0,0,0,0,7,7,1811,0,0,0,0,0,0,0,0,0
202504,999,25900,5,Hilo-Kailua  HI ,88,88,54681,1,2,1575,0,0,0,0,0,0,0,0,0,0,0,0,0,0,0,0,0,0
202504,999,25940,4,Hilton Head Island-Bluffton-Port Royal  SC ,268,268,108581,0,0,0,1,3,530,0,0,0,150,150,81480,0,0,0,0,0,0,0,0,0
202504,999,26020,5,Hobbs  NM ,15,15,4522,0,0,0,0,0,0,0,0,0,0,0,0,0,0,0,0,0,0,0,0,0
202504,999,26140,4,Homosassa Springs  FL ,209,209,45682,1,2,296,0,0,0,0,0,0,7,7,2299,0,0,0,0,0,0,0,0,0
202504,999,26220,5,Hood River  OR ,5,5,3536,0,0,0,0,0,0,6,130,22523,5,5,3536,0,0,0,0,0,0,6,130,22523
202504,999,26340,5,Houghton  MI ,10,10,2572,0,0,0,0,0,0,0,0,0,0,0,0,0,0,0,0,0,0,0,0,0
202504,999,26380,4,Houma-Bayou Cane-Thibodaux  LA ,56,56,11913,0,0,0,0,0,0,0,0,0,55,55,11610,0,0,0,0,0,0,0,0,0
202504,999,26700,5,Huron  SD ,6,6,1890,0,0,0,0,0,0,0,0,0,6,6,1890,0,0,0,0,0,0,0,0,0
202504,999,26740,5,Hutchinson  KS ,5,5,1007,0,0,0,0,0,0,0,0,0,4,4,907,0,0,0,0,0,0,0,0,0
202504,999,27100,4,Jackson  MI ,25,25,7868,0,0,0,0,0,0,1,6,640,6,6,2659,0,0,0,0,0,0,0,0,0
202504,999,27180,4,Jackson  TN ,39,39,10234,0,0,0,0,0,0,0,0,0,12,12,4060,0,0,0,0,0,0,0,0,0
202504,999,27220,5,Jackson  WY-ID ,49,49,38122,0,0,0,1,3,200,1,9,596,34,34,11802,0,0,0,0,0,0,0,0,0
202504,999,27340,4,Jacksonville  NC ,144,144,32124,1,2,120,0,0,0,0,0,0,144,144,32124,1,2,120,0,0,0,0,0,0
202504,999,27420,5,Jamestown  ND ,3,3,849,0,0,0,0,0,0,0,0,0,0,0,0,0,0,0,0,0,0,0,0,0
202504,999,27460,5,Jamestown-Dunkirk  NY ,9,9,1817,0,0,0,0,0,0,0,0,0,0,0,0,0,0,0,0,0,0,0,0,0
202504,999,27540,5,Jasper  IN ,23,23,3708,0,0,0,0,0,0,0,0,0,23,23,3708,0,0,0,0,0,0,0,0,0
202504,999,27940,5,Juneau  AK ,2,2,827,0,0,0,0,0,0,0,0,0,2,2,827,0,0,0,0,0,0,0,0,0
202504,999,27980,4,Kahului-Wailuku  HI ,37,37,10971,2,4,798,0,0,0,2,80,19773,37,37,10971,2,4,798,0,0,0,2,80,19773
202504,999,28060,5,Kalispell  MT ,27,27,9203,0,0,0,0,0,0,4,32,6800,26,26,8772,0,0,0,0,0,0,4,32,6800
202504,999,28180,5,Kapaa  HI ,11,11,7678,0,0,0,0,0,0,0,0,0,11,11,7678,0,0,0,0,0,0,0,0,0
202504,999,28260,5,Kearney  NE ,17,17,8901,0,0,0,0,0,0,0,0,0,16,16,8637,0,0,0,0,0,0,0,0,0
202504,999,28380,5,Kennett  MO ,3,3,550,0,0,0,0,0,0,0,0,0,0,0,0,0,0,0,0,0,0,0,0,0
202504,999,28540,5,Ketchikan  AK ,2,2,832,1,2,419,0,0,0,0,0,0,0,0,0,0,0,0,0,0,0,0,0,0
202504,999,28660,4,Killeen-Temple  TX ,265,265,68832,12,24,2415,1,3,297,0,0,0,116,116,24912,8,16,1416,0,0,0,0,0,0
202504,999,28820,5,Kinston  NC ,9,9,2586,1,2,200,0,0,0,0,0,0,9,9,2586,1,2,200,0,0,0,0,0,0
202504,999,28860,5,Kirksville  MO ,1,1,370,0,0,0,0,0,0,0,0,0,1,1,370,0,0,0,0,0,0,0,0,0
202504,999,28900,5,Klamath Falls  OR ,8,8,3179,0,0,0,0,0,0,0,0,0,8,8,3179,0,0,0,0,0,0,0,0,0
202504,999,29260,5,La Grande  OR ,4,4,1563,0,0,0,0,0,0,0,0,0,4,4,1563,0,0,0,0,0,0,0,0,0
202504,999,29420,4,Lake Havasu City-Kingman  AZ ,179,179,33523,0,0,0,0,0,0,0,0,0,176,176,33056,0,0,0,0,0,0,0,0,0
202504,999,29540,4,Lancaster  PA ,85,85,28892,1,2,260,0,0,0,1,11,1688,66,66,23300,1,2,260,0,0,0,0,0,0
202504,999,29660,5,Laramie  WY ,5,5,1750,0,0,0,0,0,0,0,0,0,5,5,1750,0,0,0,0,0,0,0,0,0
202504,999,29700,4,Laredo  TX ,105,105,29248,1,2,248,2,6,722,2,28,2863,0,0,0,0,0,0,0,0,0,0,0,0
202504,999,30060,5,Lebanon  MO ,3,3,704,0,0,0,0,0,0,0,0,0,3,3,704,0,0,0,0,0,0,0,0,0
202504,999,30150,5,Lebanon-Claremont  NH-VT ,49,49,20197,1,2,265,0,0,0,1,8,1444,13,13,8172,0,0,0,0,0,0,0,0,0
202504,999,30300,4,Lewiston  ID-WA ,19,19,6046,0,0,0,0,0,0,0,0,0,15,15,4885,0,0,0,0,0,0,0,0,0
202504,999,30380,5,Lewistown  PA ,5,5,1503,0,0,0,0,0,0,0,0,0,1,1,500,0,0,0,0,0,0,0,0,0
202504,999,30420,5,Lexington  NE ,3,3,1109,0,0,0,0,0,0,0,0,0,2,2,800,0,0,0,0,0,0,0,0,0
202504,999,30580,5,Liberal  KS ,2,2,600,0,0,0,0,0,0,0,0,0,2,2,600,0,0,0,0,0,0,0,0,0
202504,999,30860,4,Logan  UT-ID ,73,73,27295,0,0,0,0,0,0,0,0,0,65,65,25226,0,0,0,0,0,0,0,0,0
202504,999,30900,5,Logansport  IN ,7,7,2221,0,0,0,0,0,0,0,0,0,5,5,1510,0,0,0,0,0,0,0,0,0
202504,999,30980,4,Longview  TX ,23,23,7073,0,0,0,0,0,0,0,0,0,18,18,5608,0,0,0,0,0,0,0,0,0
202504,999,31220,5,Ludington  MI ,3,3,900,0,0,0,0,0,0,0,0,0,3,3,900,0,0,0,0,0,0,0,0,0
202504,999,31260,5,Lufkin  TX ,7,7,2118,1,2,250,0,0,0,0,0,0,0,0,0,0,0,0,0,0,0,0,0,0
202504,999,31340,4,Lynchburg  VA ,107,107,30155,1,2,250,0,0,0,3,110,13400,83,83,19930,0,0,0,0,0,0,3,110,13400
202504,999,31380,5,Macomb  IL ,0,0,0,0,0,0,0,0,0,0,0,0,0,0,0,0,0,0,0,0,0,0,0,0
202504,999,31500,5,Madison  IN ,7,7,1059,0,0,0,0,0,0,0,0,0,3,3,200,0,0,0,0,0,0,0,0,0
202504,999,31580,5,Madisonville  KY ,8,8,1436,0,0,0,0,0,0,0,0,0,0,0,0,0,0,0,0,0,0,0,0,0
202504,999,31620,5,Magnolia  AR ,1,1,111,0,0,0,0,0,0,0,0,0,0,0,0,0,0,0,0,0,0,0,0,0
202504,999,31740,4,Manhattan  KS ,25,25,7712,0,0,0,0,0,0,1,36,800,12,12,3449,0,0,0,0,0,0,1,36,800
202504,999,31820,5,Manitowoc  WI ,12,12,4460,0,0,0,0,0,0,0,0,0,10,10,3877,0,0,0,0,0,0,0,0,0
202504,999,31980,5,Marion  IN ,4,4,947,0,0,0,0,0,0,0,0,0,1,1,120,0,0,0,0,0,0,0,0,0
202504,999,32100,5,Marquette  MI ,5,5,2390,0,0,0,0,0,0,0,0,0,5,5,2390,0,0,0,0,0,0,0,0,0
202504,999,32140,5,Marshall  MN ,4,4,1248,0,0,0,0,0,0,0,0,0,1,1,525,0,0,0,0,0,0,0,0,0
202504,999,32180,5,Marshall  MO ,0,0,0,0,0,0,0,0,0,0,0,0,0,0,0,0,0,0,0,0,0,0,0,0
202504,999,32260,5,Marshalltown  IA ,1,1,381,0,0,0,0,0,0,0,0,0,1,1,381,0,0,0,0,0,0,0,0,0
202504,999,32300,5,Martinsville  VA ,3,3,817,0,0,0,0,0,0,1,5,881,3,3,817,0,0,0,0,0,0,0,0,0
202504,999,32340,5,Maryville  MO ,5,5,1116,0,0,0,0,0,0,0,0,0,0,0,0,0,0,0,0,0,0,0,0,0
202504,999,32380,5,Mason City  IA ,2,2,475,0,0,0,0,0,0,0,0,0,2,2,475,0,0,0,0,0,0,0,0,0
202504,999,32390,5,Massena-Ogdensburg  NY ,19,19,4108,1,2,400,0,0,0,0,0,0,8,8,1702,1,2,400,0,0,0,0,0,0
202504,999,32540,5,McAlester  OK ,5,5,2945,0,0,0,0,0,0,0,0,0,0,0,0,0,0,0,0,0,0,0,0,0
202504,999,32620,5,McComb  MS ,0,0,0,0,0,0,0,0,0,0,0,0,0,0,0,0,0,0,0,0,0,0,0,0
202504,999,32660,5,McMinnville  TN ,22,22,6187,0,0,0,0,0,0,0,0,0,1,1,296,0,0,0,0,0,0,0,0,0
202504,999,32700,5,McPherson  KS ,5,5,792,1,2,319,0,0,0,0,0,0,0,0,0,0,0,0,0,0,0,0,0,0
202504,999,32940,5,Meridian  MS ,3,3,898,0,0,0,0,0,0,0,0,0,0,0,0,0,0,0,0,0,0,0,0,0
202504,999,33300,5,Milledgeville  GA ,16,16,5857,0,0,0,0,0,0,0,0,0,16,16,5857,0,0,0,0,0,0,0,0,0
202504,999,33500,4,Minot  ND ,11,11,4681,0,0,0,0,0,0,0,0,0,11,11,4681,0,0,0,0,0,0,0,0,0
202504,999,33540,4,Missoula  MT ,53,53,13937,0,0,0,0,0,0,0,0,0,52,52,13555,0,0,0,0,0,0,0,0,0
202504,999,33580,5,Mitchell  SD ,8,8,1391,1,2,294,0,0,0,0,0,0,5,5,758,0,0,0,0,0,0,0,0,0
202504,999,33940,5,Montrose  CO ,19,19,3815,0,0,0,0,0,0,0,0,0,19,19,3815,0,0,0,0,0,0,0,0,0
202504,999,34020,5,Morgan City  LA ,2,2,396,0,0,0,0,0,0,1,5,682,0,0,0,0,0,0,0,0,0,0,0,0
202504,999,34060,4,Morgantown  WV ,2,2,411,0,0,0,0,0,0,0,0,0,0,0,0,0,0,0,0,0,0,0,0,0
202504,999,34220,5,Moultrie  GA ,6,6,1626,2,4,410,0,0,0,0,0,0,4,4,1185,0,0,0,0,0,0,0,0,0
202504,999,34260,5,Mountain Home  AR ,2,2,766,0,0,0,0,0,0,0,0,0,2,2,766,0,0,0,0,0,0,0,0,0
202504,999,34420,5,Mount Pleasant  TX ,3,3,908,0,0,0,0,0,0,0,0,0,0,0,0,0,0,0,0,0,0,0,0,0
202504,999,34500,5,Mount Vernon  IL ,0,0,0,0,0,0,0,0,0,0,0,0,0,0,0,0,0,0,0,0,0,0,0,0
202504,999,34660,5,Murray  KY ,0,0,0,0,0,0,0,0,0,0,0,0,0,0,0,0,0,0,0,0,0,0,0,0
202504,999,34860,5,Nacogdoches  TX ,3,3,731,0,0,0,0,0,0,0,0,0,0,0,0,0,0,0,0,0,0,0,0,0
202504,999,34880,5,Nantucket  MA ,20,20,22364,1,2,569,0,0,0,1,5,729,0,0,0,0,0,0,0,0,0,0,0,0
202504,999,35020,5,Natchez  MS-LA ,2,2,262,0,0,0,0,0,0,0,0,0,0,0,0,0,0,0,0,0,0,0,0,0
202504,999,35060,5,Natchitoches  LA ,1,1,30,0,0,0,0,0,0,0,0,0,1,1,30,0,0,0,0,0,0,0,0,0
202504,999,35440,5,Newport  OR ,12,12,3645,0,0,0,0,0,0,0,0,0,12,12,3645,0,0,0,0,0,0,0,0,0
202504,999,35740,5,Norfolk  NE ,7,7,2583,3,6,1200,0,0,0,0,0,0,7,7,2583,3,6,1200,0,0,0,0,0,0
202504,999,35820,5,North Platte  NE ,4,4,1215,0,0,0,0,0,0,0,0,0,3,3,1125,0,0,0,0,0,0,0,0,0
202504,999,35900,5,North Wilkesboro  NC ,14,14,4378,0,0,0,0,0,0,0,0,0,14,14,4378,0,0,0,0,0,0,0,0,0
202504,999,36100,4,Ocala  FL ,446,446,90950,7,14,1440,0,0,0,0,0,0,446,446,90950,7,14,1440,0,0,0,0,0,0
202504,999,36340,5,Oil City  PA ,7,7,2910,0,0,0,0,0,0,0,0,0,4,4,1885,0,0,0,0,0,0,0,0,0
202504,999,36580,5,Oneonta  NY ,11,11,2740,0,0,0,0,0,0,0,0,0,0,0,0,0,0,0,0,0,0,0,0,0
202504,999,36900,5,Ottumwa  IA ,4,4,1054,0,0,0,0,0,0,0,0,0,0,0,0,0,0,0,0,0,0,0,0,0
202504,999,36980,4,Owensboro  KY ,16,16,1545,0,0,0,0,0,0,0,0,0,16,16,1545,0,0,0,0,0,0,0,0,0
202504,999,37060,5,Oxford  MS ,42,42,13647,2,4,949,1,3,822,0,0,0,0,0,0,0,0,0,0,0,0,0,0,0
202504,999,37300,5,Palestine  TX ,0,0,0,0,0,0,0,0,0,0,0,0,0,0,0,0,0,0,0,0,0,0,0,0
202504,999,37340,4,Palm Bay-Melbourne-Titusville  FL ,311,311,129383,0,0,0,1,4,724,0,0,0,298,298,126262,0,0,0,1,4,724,0,0,0
202504,999,37420,5,Pampa  TX ,0,0,0,0,0,0,0,0,0,0,0,0,0,0,0,0,0,0,0,0,0,0,0,0
202504,999,37460,4,Panama City-Panama City Beach  FL ,171,171,60708,1,2,390,0,0,0,3,19,2946,20,20,6556,0,0,0,0,0,0,0,0,0
202504,999,37540,5,Paris  TN ,2,2,165,0,0,0,0,0,0,0,0,0,0,0,0,0,0,0,0,0,0,0,0,0
202504,999,37580,5,Paris  TX ,1,1,100,0,0,0,0,0,0,0,0,0,0,0,0,0,0,0,0,0,0,0,0,0
202504,999,37860,4,Pensacola-Ferry Pass-Brent  FL ,281,281,83234,0,0,0,0,0,0,0,0,0,281,281,83234,0,0,0,0,0,0,0,0,0
202504,999,37950,5,Petoskey  MI ,8,8,3109,0,0,0,0,0,0,0,0,0,8,8,3109,0,0,0,0,0,0,0,0,0
202504,999,38180,5,Pierre  SD ,7,7,2951,0,0,0,0,0,0,0,0,0,6,6,2623,0,0,0,0,0,0,0,0,0
202504,999,38210,5,Pikeville  KY ,2,2,1250,0,0,0,0,0,0,0,0,0,0,0,0,0,0,0,0,0,0,0,0,0
202504,999,38260,5,Pittsburg  KS ,4,4,1177,0,0,0,0,0,0,0,0,0,1,1,280,0,0,0,0,0,0,0,0,0
202504,999,38340,4,Pittsfield  MA ,14,14,10713,1,2,107,0,0,0,0,0,0,1,1,1110,0,0,0,0,0,0,0,0,0
202504,999,38420,5,Platteville  WI ,12,12,4535,1,2,400,0,0,0,0,0,0,10,10,3861,1,2,400,0,0,0,0,0,0
202504,999,38460,5,Plattsburgh  NY ,11,11,2916,0,0,0,0,0,0,1,5,693,3,3,936,0,0,0,0,0,0,0,0,0
202504,999,38540,4,Pocatello  ID ,20,20,5860,0,0,0,1,3,311,0,0,0,12,12,4979,0,0,0,0,0,0,0,0,0
202504,999,38620,5,Ponca City  OK ,2,2,638,0,0,0,0,0,0,0,0,0,1,1,500,0,0,0,0,0,0,0,0,0
202504,999,38740,5,Poplar Bluff  MO ,3,3,400,0,0,0,0,0,0,0,0,0,3,3,400,0,0,0,0,0,0,0,0,0
202504,999,38820,5,Port Angeles  WA ,10,10,3616,0,0,0,0,0,0,0,0,0,9,9,3246,0,0,0,0,0,0,0,0,0
202504,999,39040,5,Port Townsend  WA ,14,14,4144,0,0,0,0,0,0,0,0,0,4,4,695,0,0,0,0,0,0,0,0,0
202504,999,39060,5,Pottsville  PA ,15,15,4376,0,0,0,0,0,0,1,5,486,2,2,603,0,0,0,0,0,0,0,0,0
202504,999,39150,4,Prescott Valley-Prescott  AZ ,111,111,48094,0,0,0,0,0,0,6,160,25762,101,101,44699,0,0,0,0,0,0,6,160,25762
202504,999,39220,5,Price  UT ,3,3,1380,0,0,0,0,0,0,0,0,0,3,3,1380,0,0,0,0,0,0,0,0,0
202504,999,39960,5,Rice Lake  WI ,13,13,4235,0,0,0,0,0,0,0,0,0,11,11,3712,0,0,0,0,0,0,0,0,0
202504,999,40060,4,Richmond  VA ,374,374,98668,25,50,7649,0,0,0,9,308,32116,361,361,95805,25,50,7649,0,0,0,8,303,31151
202504,999,40180,5,Riverton  WY ,0,0,0,1,2,280,0,0,0,0,0,0,0,0,0,1,2,280,0,0,0,0,0,0
202504,999,40220,4,Roanoke  VA ,45,45,14341,1,2,274,0,0,0,0,0,0,23,23,6448,0,0,0,0,0,0,0,0,0
202504,999,40540,5,Rock Springs  WY ,4,4,1363,0,0,0,0,0,0,0,0,0,4,4,1363,0,0,0,0,0,0,0,0,0
202504,999,40620,5,Rolla  MO ,1,1,15,0,0,0,0,0,0,0,0,0,1,1,15,0,0,0,0,0,0,0,0,0
202504,999,40700,5,Roseburg  OR ,23,23,7905,3,6,1155,0,0,0,0,0,0,23,23,7905,3,6,1155,0,0,0,0,0,0
202504,999,40740,5,Roswell  NM ,7,7,1258,0,0,0,0,0,0,0,0,0,0,0,0,0,0,0,0,0,0,0,0,0
202504,999,40760,5,Ruidoso  NM ,14,14,6821,0,0,0,0,0,0,0,0,0,14,14,6821,0,0,0,0,0,0,0,0,0
202504,999,40780,5,Russellville  AR ,2,2,332,1,2,75,1,3,160,0,0,0,1,1,177,1,2,75,1,3,160,0,0,0
202504,999,40860,5,Rutland  VT ,6,6,1658,0,0,0,0,0,0,0,0,0,2,2,622,0,0,0,0,0,0,0,0,0
202504,999,40940,5,Safford  AZ ,12,12,3669,0,0,0,1,4,721,0,0,0,12,12,3669,0,0,0,1,4,721,0,0,0
202504,999,41100,4,St. George  UT ,254,254,57350,0,0,0,1,3,373,2,17,3525,208,208,48228,0,0,0,0,0,0,1,5,2700
202504,999,41260,5,St. Marys  PA ,4,4,952,0,0,0,0,0,0,0,0,0,0,0,0,0,0,0,0,0,0,0,0,0
202504,999,41460,5,Salina  KS ,18,18,2874,0,0,0,0,0,0,0,0,0,18,18,2874,0,0,0,0,0,0,0,0,0
202504,999,41500,4,Salinas  CA ,47,47,7100,0,0,0,0,0,0,2,30,5669,46,46,6554,0,0,0,0,0,0,1,20,3513
202504,999,41660,4,San Angelo  TX ,32,32,9479,0,0,0,0,0,0,0,0,0,32,32,9479,0,0,0,0,0,0,0,0,0
202504,999,41740,4,San Diego-Chula Vista-Carlsbad  CA ,327,327,105027,13,26,4170,12,47,3302,40,627,47796,261,261,85772,12,24,3861,12,47,3302,35,571,33628
202504,999,41760,5,Sandpoint  ID ,9,9,2769,1,2,241,0,0,0,0,0,0,8,8,2459,1,2,241,0,0,0,0,0,0
202504,999,42020,4,San Luis Obispo-Paso Robles  CA ,60,60,18389,1,2,180,1,4,371,0,0,0,56,56,17075,1,2,180,1,4,371,0,0,0
202504,999,42200,4,Santa Maria-Santa Barbara  CA ,27,27,23338,1,2,645,0,0,0,1,5,903,6,6,18054,0,0,0,0,0,0,0,0,0
202504,999,42220,4,Santa Rosa-Petaluma  CA ,76,76,23362,0,0,0,0,0,0,1,5,833,58,58,19552,0,0,0,0,0,0,0,0,0
202504,999,42300,5,Sault Ste. Marie  MI ,5,5,874,0,0,0,0,0,0,0,0,0,5,5,874,0,0,0,0,0,0,0,0,0
202504,999,42380,5,Sayre  PA ,8,8,2417,0,0,0,0,0,0,0,0,0,1,1,311,0,0,0,0,0,0,0,0,0
202504,999,42420,5,Scottsbluff  NE ,4,4,1647,0,0,0,0,0,0,0,0,0,1,1,125,0,0,0,0,0,0,0,0,0
202504,999,42540,4,Scranton--Wilkes-Barre  PA ,47,47,14767,1,2,409,0,0,0,1,5,433,8,8,2999,0,0,0,0,0,0,0,0,0
202504,999,42580,5,Seaford  DE ,278,278,41016,8,16,2897,0,0,0,1,30,1250,278,278,41016,8,16,2897,0,0,0,1,30,1250
202504,999,42700,4,Sebring-  FL ,39,39,9719,4,8,970,0,0,0,0,0,0,39,39,9719,4,8,970,0,0,0,0,0,0
202504,999,42740,5,Sedalia  MO ,3,3,458,1,2,242,1,3,198,1,5,580,0,0,0,0,0,0,0,0,0,0,0,0
202504,999,43100,4,Sheboygan  WI ,7,7,2475,1,2,360,0,0,0,0,0,0,2,2,602,0,0,0,0,0,0,0,0,0
202504,999,43260,5,Sheridan  WY ,30,30,8599,1,2,348,0,0,0,0,0,0,20,20,4088,1,2,348,0,0,0,0,0,0
202504,999,43320,5,Show Low  AZ ,27,27,8144,1,2,274,0,0,0,1,5,629,19,19,5473,0,0,0,0,0,0,0,0,0
202504,999,43420,4,Sierra Vista-Douglas  AZ ,32,32,5702,0,0,0,0,0,0,0,0,0,31,31,5600,0,0,0,0,0,0,0,0,0
202504,999,43620,4,Sioux Falls  SD-MN ,151,151,42163,4,8,1751,0,0,0,5,69,5970,144,144,39923,2,4,894,0,0,0,4,64,5322
202504,999,43660,5,Snyder  TX ,0,0,0,0,0,0,0,0,0,0,0,0,0,0,0,0,0,0,0,0,0,0,0,0
202504,999,43700,5,Somerset  KY ,1,1,303,0,0,0,0,0,0,0,0,0,0,0,0,0,0,0,0,0,0,0,0,0
202504,999,43760,5,Sonora  CA ,4,4,1138,0,0,0,0,0,0,0,0,0,3,3,950,0,0,0,0,0,0,0,0,0
202504,999,44180,4,Springfield  MO ,120,120,43173,0,0,0,0,0,0,0,0,0,69,69,27917,0,0,0,0,0,0,0,0,0
202504,999,44460,5,Steamboat Springs  CO ,21,21,33160,0,0,0,0,0,0,0,0,0,20,20,32875,0,0,0,0,0,0,0,0,0
202504,999,44500,5,Stephenville  TX ,0,0,0,0,0,0,0,0,0,2,16,2267,0,0,0,0,0,0,0,0,0,2,16,2267
202504,999,44540,5,Sterling  CO ,1,1,141,0,0,0,0,0,0,0,0,0,1,1,141,0,0,0,0,0,0,0,0,0
202504,999,44660,5,Stillwater  OK ,13,13,3139,0,0,0,0,0,0,1,5,937,0,0,0,0,0,0,0,0,0,0,0,0
202504,999,44740,5,Storm Lake  IA ,2,2,498,0,0,0,0,0,0,0,0,0,0,0,0,0,0,0,0,0,0,0,0,0
202504,999,45000,5,Susanville  CA ,1,1,332,0,0,0,0,0,0,0,0,0,1,1,332,0,0,0,0,0,0,0,0,0
202504,999,45140,5,Tahlequah  OK ,1,1,118,0,0,0,0,0,0,0,0,0,1,1,118,0,0,0,0,0,0,0,0,0
202504,999,45300,4,Tampa-St. Petersburg-Clearwater  FL ,1293,1293,413568,8,16,2471,0,0,0,12,432,86718,1285,1285,409782,8,16,2471,0,0,0,10,422,84007
202504,999,45340,5,Taos  NM ,11,11,4429,0,0,0,0,0,0,0,0,0,0,0,0,0,0,0,0,0,0,0,0,0
202504,999,45460,4,Terre Haute  IN ,16,16,2732,0,0,0,0,0,0,0,0,0,6,6,1412,0,0,0,0,0,0,0,0,0
202504,999,45500,4,Texarkana  TX-AR ,10,10,2253,4,8,934,1,3,293,0,0,0,6,6,1188,0,0,0,0,0,0,0,0,0
202504,999,45520,5,The Dalles  OR ,5,5,1674,0,0,0,0,0,0,0,0,0,5,5,1674,0,0,0,0,0,0,0,0,0
202504,999,45620,5,Thomasville  GA ,21,21,6993,0,0,0,0,0,0,0,0,0,19,19,6589,0,0,0,0,0,0,0,0,0
202504,999,45700,5,Tifton  GA ,10,10,1331,0,0,0,0,0,0,1,5,424,0,0,0,0,0,0,0,0,0,0,0,0
202504,999,45740,5,Toccoa  GA ,2,2,300,0,0,0,0,0,0,0,0,0,2,2,300,0,0,0,0,0,0,0,0,0
202504,999,45780,4,Toledo  OH ,35,35,12292,0,0,0,0,0,0,0,0,0,34,34,11971,0,0,0,0,0,0,0,0,0
202504,999,45820,4,Topeka  KS ,42,42,9990,2,4,250,8,32,8000,0,0,0,40,40,9566,2,4,250,8,32,8000,0,0,0
202504,999,45880,5,Town of Pecos  TX ,3,3,577,0,0,0,0,0,0,0,0,0,0,0,0,0,0,0,0,0,0,0,0,0
202504,999,45900,4,Traverse City  MI ,59,59,13589,0,0,0,1,3,250,1,32,3022,13,13,3379,0,0,0,0,0,0,0,0,0
202504,999,45980,5,Troy  AL ,2,2,348,0,0,0,0,0,0,0,0,0,2,2,348,0,0,0,0,0,0,0,0,0
202504,999,46220,4,Tuscaloosa  AL ,51,51,15799,1,2,202,1,3,546,2,10,1538,17,17,6383,0,0,0,0,0,0,0,0,0
202504,999,46300,4,Twin Falls  ID ,69,69,20184,2,4,847,0,0,0,0,0,0,64,64,18691,1,2,327,0,0,0,0,0,0
202504,999,46380,5,Ukiah  CA ,1,1,382,0,0,0,0,0,0,0,0,0,0,0,0,0,0,0,0,0,0,0,0,0
202504,999,46520,4,Urban Honolulu  HI ,64,64,23310,5,10,1398,0,0,0,1,52,16620,0,0,0,0,0,0,0,0,0,0,0,0
202504,999,46540,4,Utica-Rome  NY ,16,16,3906,0,0,0,0,0,0,1,5,781,1,1,450,0,0,0,0,0,0,0,0,0
202504,999,46620,5,Uvalde  TX ,0,0,0,0,0,0,0,0,0,0,0,0,0,0,0,0,0,0,0,0,0,0,0,0
202504,999,46660,4,Valdosta  GA ,84,84,18193,0,0,0,0,0,0,0,0,0,1,1,150,0,0,0,0,0,0,0,0,0
202504,999,46820,5,Vermillion  SD ,3,3,1017,0,0,0,0,0,0,1,5,281,2,2,683,0,0,0,0,0,0,0,0,0
202504,999,46860,5,Vernal  UT ,8,8,2834,0,0,0,0,0,0,0,0,0,8,8,2834,0,0,0,0,0,0,0,0,0
202504,999,46900,5,Vernon  TX ,0,0,0,0,0,0,0,0,0,0,0,0,0,0,0,0,0,0,0,0,0,0,0,0
202504,999,47080,5,Vidalia  GA ,3,3,446,1,2,141,0,0,0,0,0,0,0,0,0,0,0,0,0,0,0,0,0,0
202504,999,47180,5,Vincennes  IN ,3,3,984,0,0,0,0,0,0,0,0,0,2,2,683,0,0,0,0,0,0,0,0,0
202504,999,47240,5,Vineyard Haven  MA ,8,8,15016,0,0,0,0,0,0,0,0,0,7,7,13938,0,0,0,0,0,0,0,0,0
202504,999,47300,4,Visalia  CA ,181,181,56586,5,10,2086,1,3,560,0,0,0,176,176,55818,5,10,2086,1,3,560,0,0,0
202504,999,47340,5,Wabash  IN ,2,2,662,0,0,0,0,0,0,0,0,0,1,1,342,0,0,0,0,0,0,0,0,0
202504,999,47380,4,Waco  TX ,61,61,17694,8,16,1695,0,0,0,1,7,720,48,48,14850,7,14,1639,0,0,0,0,0,0
202504,999,47620,5,Warren  PA ,1,1,120,0,0,0,0,0,0,0,0,0,1,1,120,0,0,0,0,0,0,0,0,0
202504,999,47780,5,Washington  IN ,4,4,885,2,4,574,0,0,0,0,0,0,0,0,0,0,0,0,0,0,0,0,0,0
202504,999,47940,4,Waterloo-Cedar Falls  IA ,19,19,4704,1,2,280,0,0,0,1,6,1150,18,18,4077,1,2,280,0,0,0,1,6,1150
202504,999,47980,5,Watertown  SD ,13,13,5047,0,0,0,0,0,0,0,0,0,13,13,5047,0,0,0,0,0,0,0,0,0
202504,999,48060,4,Watertown-Fort Drum  NY ,17,17,3050,0,0,0,0,0,0,0,0,0,0,0,0,0,0,0,0,0,0,0,0,0
202504,999,48180,5,Waycross  GA ,10,10,2026,0,0,0,0,0,0,0,0,0,6,6,1356,0,0,0,0,0,0,0,0,0
202504,999,48300,4,Wenatchee-East Wenatchee  WA ,66,66,22463,0,0,0,0,0,0,0,0,0,43,43,14929,0,0,0,0,0,0,0,0,0
202504,999,48460,5,West Plains  MO ,3,3,648,0,0,0,1,3,488,0,0,0,0,0,0,0,0,0,0,0,0,0,0,0
202504,999,48540,4,Wheeling  WV-OH ,1,1,338,0,0,0,0,0,0,0,0,0,1,1,338,0,0,0,0,0,0,0,0,0
202504,999,48660,4,Wichita Falls  TX ,19,19,5982,2,4,488,0,0,0,0,0,0,9,9,2795,0,0,0,0,0,0,0,0,0
202504,999,48780,5,Williston  ND ,16,16,5995,0,0,0,0,0,0,0,0,0,16,16,5995,0,0,0,0,0,0,0,0,0
202504,999,48820,5,Willmar  MN ,3,3,1025,0,0,0,0,0,0,0,0,0,3,3,1025,0,0,0,0,0,0,0,0,0
202504,999,48900,4,Wilmington  NC ,620,620,178370,4,8,1215,2,7,1563,5,147,17606,171,171,51321,0,0,0,0,0,0,2,14,2333
202504,999,49080,5,Winnemucca  NV ,0,0,0,0,0,0,0,0,0,0,0,0,0,0,0,0,0,0,0,0,0,0,0,0
202504,999,49260,5,Woodward  OK ,0,0,0,0,0,0,0,0,0,0,0,0,0,0,0,0,0,0,0,0,0,0,0,0
202504,999,49380,5,Worthington  MN ,3,3,1296,1,2,390,0,0,0,0,0,0,2,2,975,1,2,390,0,0,0,0,0,0
202504,999,49420,4,Yakima  WA ,60,60,17538,1,2,462,0,0,0,0,0,0,46,46,13341,0,0,0,0,0,0,0,0,0
202504,999,49460,5,Yankton  SD ,5,5,1500,0,0,0,0,0,0,0,0,0,4,4,1350,0,0,0,0,0,0,0,0,0
202504,999,49740,4,Yuma  AZ ,81,81,14072,0,0,0,3,12,623,7,108,9626,70,70,12647,0,0,0,3,12,623,7,108,9626
