Survey,CSA,CBSA,HHEADER,CBSA,,1-unit,,,2-units,,,3-4 units,,,5+ units,,,1-unit rep,,,2-units rep,,,3-4 units rep,,,5+ units rep
Date,Code,Code,,Name,Bldgs,Units,Value,Bldgs,Units,Value,Bldgs,Units,Value,Bldgs,Units,Value,Bldgs,Units,Value,Bldgs,Units,Value,      Bldgs,Units,Value,Bldgs,Units,Value
 
202507,101,10180,2,Abilene  TX ,88,88,25386,17,34,5494,0,0,0,0,0,0,85,85,24724,17,34,5494,0,0,0,0,0,0
202507,101,45020,5,Sweetwater  TX ,1,1,175,0,0,0,0,0,0,0,0,0,0,0,0,0,0,0,0,0,0,0,0,0
202507,104,10580,2,Albany-Schenectady-Troy  NY ,92,92,32276,0,0,0,1,3,300,2,10,1972,55,55,19905,0,0,0,0,0,0,0,0,0
202507,104,11220,5,Amsterdam  NY ,6,6,2161,0,0,0,0,0,0,0,0,0,5,5,1850,0,0,0,0,0,0,0,0,0
202507,104,24020,2,Glens Falls  NY ,15,15,4958,0,0,0,0,0,0,1,5,739,13,13,4610,0,0,0,0,0,0,0,0,0
202507,104,24100,5,Gloversville  NY ,8,8,2215,0,0,0,0,0,0,0,0,0,4,4,1200,0,0,0,0,0,0,0,0,0
202507,104,26460,5,Hudson  NY ,10,10,2813,0,0,0,0,0,0,0,0,0,1,1,368,0,0,0,0,0,0,0,0,0
202507,105,10740,2,Albuquerque  NM ,169,169,48285,0,0,0,0,0,0,0,0,0,168,168,48136,0,0,0,0,0,0,0,0,0
202507,105,29780,5,Las Vegas  NM ,0,0,0,0,0,0,0,0,0,0,0,0,0,0,0,0,0,0,0,0,0,0,0,0
202507,105,31060,5,Los Alamos  NM ,1,1,200,0,0,0,0,0,0,0,0,0,0,0,0,0,0,0,0,0,0,0,0,0
202507,105,42140,2,Santa Fe  NM ,17,17,6366,0,0,0,0,0,0,0,0,0,0,0,0,0,0,0,0,0,0,0,0,0
202507,106,10900,2,Allentown-Bethlehem-Easton  PA-NJ ,132,132,32666,1,2,374,0,0,0,3,35,3662,83,83,19576,1,2,374,0,0,0,0,0,0
202507,106,20700,5,East Stroudsburg  PA ,18,18,5013,0,0,0,0,0,0,0,0,0,12,12,3195,0,0,0,0,0,0,0,0,0
202507,107,11020,2,Altoona  PA ,7,7,2795,1,2,550,0,0,0,0,0,0,2,2,1019,0,0,0,0,0,0,0,0,0
202507,107,26500,5,Huntingdon  PA ,3,3,950,0,0,0,0,0,0,0,0,0,0,0,0,0,0,0,0,0,0,0,0,0
202507,108,11100,2,Amarillo  TX ,78,78,22961,0,0,0,0,0,0,0,0,0,74,74,21905,0,0,0,0,0,0,0,0,0
202507,108,14420,5,Borger  TX ,0,0,0,0,0,0,0,0,0,0,0,0,0,0,0,0,0,0,0,0,0,0,0,0
202507,118,11540,2,Appleton  WI ,57,57,20390,3,6,1774,0,0,0,12,120,17949,47,47,16897,2,4,1420,0,0,0,12,120,17949
202507,118,36780,2,Oshkosh-Neenah  WI ,43,43,15456,2,4,700,0,0,0,1,30,3064,40,40,13908,2,4,700,0,0,0,1,30,3064
202507,120,11700,2,Asheville  NC ,154,154,74085,1,2,363,0,0,0,5,147,21484,120,120,62757,0,0,0,0,0,0,4,118,16400
202507,120,14820,5,Brevard  NC ,15,15,10122,0,0,0,0,0,0,0,0,0,0,0,0,0,0,0,0,0,0,0,0,0
202507,120,48200,5,Waynesville  NC ,27,27,9500,0,0,0,0,0,0,0,0,0,3,3,795,0,0,0,0,0,0,0,0,0
202507,122,12020,2,Athens-Clarke County  GA ,53,53,19113,0,0,0,0,0,0,0,0,0,43,43,14490,0,0,0,0,0,0,0,0,0
202507,122,12060,2,Atlanta-Sandy Springs-Roswell  GA ,1959,1959,607338,6,12,2125,12,48,3921,72,858,138194,1768,1768,551624,6,12,2125,12,48,3921,67,781,127004
202507,122,15660,5,Calhoun  GA ,24,24,6851,0,0,0,0,0,0,0,0,0,24,24,6851,0,0,0,0,0,0,0,0,0
202507,122,16340,5,Cedartown  GA ,10,10,2788,0,0,0,0,0,0,0,0,0,0,0,0,0,0,0,0,0,0,0,0,0
202507,122,18460,5,Cornelia  GA ,24,24,10536,0,0,0,0,0,0,0,0,0,9,9,4681,0,0,0,0,0,0,0,0,0
202507,122,23580,2,Gainesville  GA ,119,119,32351,0,0,0,1,3,506,2,10,1535,40,40,8900,0,0,0,0,0,0,0,0,0
202507,122,27600,5,Jefferson  GA ,140,140,43967,0,0,0,0,0,0,0,0,0,90,90,29468,0,0,0,0,0,0,0,0,0
202507,122,29300,5,LaGrange  GA-AL ,45,45,15087,0,0,0,0,0,0,0,0,0,38,38,13773,0,0,0,0,0,0,0,0,0
202507,122,40660,2,Rome  GA ,19,19,4506,0,0,0,0,0,0,0,0,0,19,19,4506,0,0,0,0,0,0,0,0,0
202507,122,45580,5,Thomaston  GA ,10,10,2852,0,0,0,0,0,0,0,0,0,0,0,0,0,0,0,0,0,0,0,0,0
202507,132,12940,2,Baton Rouge  LA ,294,294,81968,4,8,515,0,0,0,4,24,422,111,111,31695,0,0,0,0,0,0,0,0,0
202507,132,25220,2,Hammond  LA ,58,58,11644,0,0,0,0,0,0,1,20,1895,0,0,0,0,0,0,0,0,0,0,0,0
202507,142,13820,2,Birmingham  AL ,266,266,89749,1,2,1032,0,0,0,1,49,9234,218,218,80321,0,0,0,0,0,0,0,0,0
202507,142,18980,5,Cullman  AL ,11,11,1699,0,0,0,0,0,0,0,0,0,10,10,1540,0,0,0,0,0,0,0,0,0
202507,142,45180,5,Talladega-Sylacauga  AL ,25,25,4949,0,0,0,0,0,0,1,6,944,25,25,4949,0,0,0,0,0,0,1,6,944
202507,144,13260,5,Bedford  IN ,1,1,353,0,0,0,0,0,0,0,0,0,0,0,0,0,0,0,0,0,0,0,0,0
202507,144,14020,2,Bloomington  IN ,19,19,6154,3,6,825,0,0,0,5,40,5164,8,8,2410,3,6,825,0,0,0,5,40,5164
202507,145,14010,2,Bloomington  IL ,43,43,5818,0,0,0,0,0,0,0,0,0,41,41,5384,0,0,0,0,0,0,0,0,0
202507,145,38700,5,Pontiac  IL ,6,6,2303,1,2,300,0,0,0,0,0,0,2,2,800,0,0,0,0,0,0,0,0,0
202507,146,14100,5,Bloomsburg-Berwick  PA ,3,3,918,0,0,0,0,0,0,0,0,0,1,1,190,0,0,0,0,0,0,0,0,0
202507,146,30260,5,Lewisburg  PA ,5,5,1785,0,0,0,0,0,0,0,0,0,4,4,1460,0,0,0,0,0,0,0,0,0
202507,146,42780,5,Selinsgrove  PA ,3,3,1011,0,0,0,0,0,0,0,0,0,0,0,0,0,0,0,0,0,0,0,0,0
202507,146,44980,5,Sunbury  PA ,2,2,679,0,0,0,0,0,0,0,0,0,1,1,357,0,0,0,0,0,0,0,0,0
202507,147,14260,2,Boise City  ID ,653,653,181046,0,0,0,1,4,469,6,101,17303,573,573,164314,0,0,0,0,0,0,5,84,14801
202507,147,34300,5,Mountain Home  ID ,37,37,1373,0,0,0,0,0,0,0,0,0,35,35,1083,0,0,0,0,0,0,0,0,0
202507,147,36620,5,Ontario  OR-ID ,20,20,8131,0,0,0,0,0,0,0,0,0,10,10,4852,0,0,0,0,0,0,0,0,0
202507,148,12700,2,Barnstable Town  MA ,37,37,31368,1,2,622,0,0,0,1,5,1786,19,19,18017,0,0,0,0,0,0,0,0,0
202507,148,14460,2,Boston-Cambridge-Newton  MA-NH ,325,325,147114,6,12,3069,3,9,2091,34,575,126120,183,183,93836,2,4,850,2,6,1235,12,382,94128
202507,148,18180,5,Concord  NH ,19,19,6671,1,2,400,0,0,0,0,0,0,8,8,3186,1,2,400,0,0,0,0,0,0
202507,148,29060,5,Laconia  NH ,28,28,13745,1,2,580,0,0,0,0,0,0,18,18,10316,1,2,580,0,0,0,0,0,0
202507,148,31700,2,Manchester-Nashua  NH ,40,40,15912,2,4,960,0,0,0,2,18,4050,26,26,11412,2,4,960,0,0,0,0,0,0
202507,148,39300,2,Providence-Warwick  RI-MA ,95,95,28732,19,38,5513,1,3,420,8,74,8350,30,30,9488,14,28,4240,1,3,420,1,7,640
202507,148,49340,2,Worcester  MA ,79,79,28314,1,2,600,0,0,0,1,11,2269,43,43,15609,1,2,600,0,0,0,0,0,0
202507,150,14540,2,Bowling Green  KY ,63,63,18410,0,0,0,1,4,362,1,6,543,63,63,18410,0,0,0,1,4,362,1,6,543
202507,150,23190,5,Franklin  KY ,13,13,2894,0,0,0,0,0,0,1,5,516,0,0,0,0,0,0,0,0,0,0,0,0
202507,150,23980,5,Glasgow  KY ,18,18,5328,0,0,0,0,0,0,0,0,0,18,18,5328,0,0,0,0,0,0,0,0,0
202507,152,15060,5,Brookings  OR ,3,3,1307,0,0,0,0,0,0,0,0,0,3,3,1307,0,0,0,0,0,0,0,0,0
202507,152,18860,5,Crescent City  CA ,2,2,651,1,2,530,0,0,0,1,14,4424,0,0,0,0,0,0,0,0,0,0,0,0
202507,154,15180,2,Brownsville-Harlingen  TX ,130,130,25201,1,2,172,0,0,0,2,40,11199,35,35,6527,0,0,0,0,0,0,0,0,0
202507,154,39700,5,Raymondville  TX ,3,3,825,0,0,0,0,0,0,0,0,0,3,3,825,0,0,0,0,0,0,0,0,0
202507,160,15380,2,Buffalo-Cheektowaga  NY ,69,69,31003,0,0,0,1,4,1200,2,20,4132,52,52,25479,0,0,0,1,4,1200,1,10,1890
202507,160,36460,5,Olean  NY ,8,8,2190,0,0,0,0,0,0,0,0,0,0,0,0,0,0,0,0,0,0,0,0,0
202507,161,15460,5,Burlington  IA-IL ,2,2,661,0,0,0,0,0,0,1,5,699,0,0,0,0,0,0,0,0,0,0,0,0
202507,161,22800,5,Fort Madison  IA ,1,1,303,0,0,0,0,0,0,1,5,990,0,0,0,0,0,0,0,0,0,0,0,0
202507,162,12740,5,Barre  VT ,17,17,5327,0,0,0,0,0,0,0,0,0,6,6,1622,0,0,0,0,0,0,0,0,0
202507,162,15540,2,Burlington-South Burlington  VT ,36,36,13210,2,4,487,1,3,499,3,34,4257,21,21,7951,0,0,0,1,3,499,1,24,3000
202507,163,15980,2,Cape Coral-Fort Myers  FL ,860,860,271547,15,30,6278,0,0,0,4,34,3470,860,860,271547,15,30,6278,0,0,0,4,34,3470
202507,163,17500,5,Clewiston  FL ,28,28,4093,0,0,0,0,0,0,0,0,0,28,28,4093,0,0,0,0,0,0,0,0,0
202507,163,34940,2,Naples-Marco Island  FL ,179,179,101538,0,0,0,3,10,1425,3,110,45190,6,6,7280,0,0,0,0,0,0,0,0,0
202507,164,16020,2,Cape Girardeau  MO-IL ,5,5,1868,5,10,1746,0,0,0,0,0,0,0,0,0,5,10,1746,0,0,0,0,0,0
202507,164,43460,5,Sikeston  MO ,9,9,600,0,0,0,0,0,0,0,0,0,9,9,600,0,0,0,0,0,0,0,0,0
202507,166,16060,5,Carbondale  IL ,1,1,53,0,0,0,0,0,0,0,0,0,0,0,0,0,0,0,0,0,0,0,0,0
202507,166,32060,5,Marion-Herrin  IL ,4,4,571,1,2,143,2,6,450,0,0,0,0,0,0,0,0,0,0,0,0,0,0,0
202507,168,16300,2,Cedar Rapids  IA ,48,48,16339,3,6,1019,1,3,587,1,31,4019,32,32,12057,1,2,353,0,0,0,0,0,0
202507,168,26980,2,Iowa City  IA ,52,52,20339,4,8,2406,0,0,0,3,53,6825,39,39,15588,4,8,2406,0,0,0,2,44,5517
202507,169,16580,2,Champaign-Urbana  IL ,22,22,8418,0,0,0,0,0,0,2,48,5719,17,17,6032,0,0,0,0,0,0,2,48,5719
202507,169,19180,5,Danville  IL ,1,1,509,0,0,0,0,0,0,0,0,0,0,0,0,0,0,0,0,0,0,0,0,0
202507,170,16620,2,Charleston  WV ,9,9,1114,0,0,0,0,0,0,0,0,0,4,4,501,0,0,0,0,0,0,0,0,0
202507,170,26580,2,Huntington-Ashland  WV-KY-OH ,21,21,4287,0,0,0,0,0,0,2,25,4308,0,0,0,0,0,0,0,0,0,0,0,0
202507,170,39020,5,Portsmouth  OH ,2,2,603,0,0,0,0,0,0,0,0,0,0,0,0,0,0,0,0,0,0,0,0,0
202507,172,10620,5,Albemarle  NC ,30,30,5051,0,0,0,0,0,0,0,0,0,0,0,0,0,0,0,0,0,0,0,0,0
202507,172,16740,2,Charlotte-Concord-Gastonia  NC-SC ,1394,1394,428378,4,8,1433,1,3,461,9,265,28632,1276,1276,391481,4,8,1433,1,3,461,8,256,27610
202507,172,25860,2,Hickory-Lenoir-Morganton  NC ,245,245,152704,4,8,958,0,0,0,3,65,5554,235,235,151008,3,6,598,0,0,0,2,60,5276
202507,172,32000,5,Marion  NC ,14,14,6963,0,0,0,0,0,0,0,0,0,0,0,0,0,0,0,0,0,0,0,0,0
202507,172,43140,5,Shelby-Kings Mountain  NC ,50,50,12714,1,2,330,2,6,1357,1,5,721,35,35,8721,0,0,0,1,3,825,0,0,0
202507,174,11940,5,Athens  TN ,12,12,2768,0,0,0,0,0,0,0,0,0,5,5,763,0,0,0,0,0,0,0,0,0
202507,174,16860,2,Chattanooga  TN-GA ,196,196,47496,2,4,288,4,13,1264,5,56,6044,112,112,31854,0,0,0,2,7,681,1,5,956
202507,174,17420,2,Cleveland  TN ,64,64,20882,0,0,0,4,14,2583,2,12,2067,46,46,17622,0,0,0,4,14,2583,2,12,2067
202507,174,19140,2,Dalton  GA ,31,31,6296,2,4,261,2,6,846,0,0,0,0,0,0,0,0,0,0,0,0,0,0,0
202507,174,42460,5,Scottsboro  AL ,3,3,936,0,0,0,0,0,0,0,0,0,0,0,0,0,0,0,0,0,0,0,0,0
202507,174,44900,5,Summerville  GA ,0,0,0,0,0,0,0,0,0,0,0,0,0,0,0,0,0,0,0,0,0,0,0,0
202507,176,16980,2,Chicago-Naperville-Elgin  IL-IN ,901,901,328395,15,30,6442,14,47,8241,34,873,258100,748,748,269124,13,26,5842,14,47,8241,18,695,205472
202507,176,28100,2,Kankakee  IL ,6,6,1513,1,2,203,1,3,600,0,0,0,3,3,700,0,0,0,0,0,0,0,0,0
202507,176,28450,2,Kenosha  WI ,26,26,9199,12,24,4671,0,0,0,0,0,0,20,20,5392,11,22,4086,0,0,0,0,0,0
202507,176,33140,2,Michigan City-La Porte  IN ,23,23,9716,0,0,0,0,0,0,1,10,1267,12,12,6196,0,0,0,0,0,0,0,0,0
202507,176,36837,5,Ottawa  IL ,11,11,3463,0,0,0,1,3,224,0,0,0,6,6,1758,0,0,0,0,0,0,0,0,0
202507,178,17140,2,Cincinnati  OH-KY-IN ,361,361,130264,8,16,2241,9,32,6060,7,93,12176,319,319,118839,8,16,2241,9,32,6060,6,76,10548
202507,178,48940,5,Wilmington  OH ,8,8,2755,0,0,0,0,0,0,0,0,0,2,2,258,0,0,0,0,0,0,0,0,0
202507,184,10420,2,Akron  OH ,54,54,22931,0,0,0,2,8,2181,0,0,0,39,39,19176,0,0,0,2,8,2181,0,0,0
202507,184,15940,2,Canton-Massillon  OH ,38,38,13633,0,0,0,1,3,154,1,11,845,32,32,12737,0,0,0,0,0,0,0,0,0
202507,184,17410,2,Cleveland  OH ,197,197,92035,2,4,596,1,3,186,6,39,7448,138,138,63992,2,4,596,0,0,0,0,0,0
202507,184,18740,5,Coshocton  OH ,1,1,363,0,0,0,0,0,0,0,0,0,0,0,0,0,0,0,0,0,0,0,0,0
202507,184,23380,5,Fremont  OH ,2,2,710,0,0,0,0,0,0,0,0,0,0,0,0,0,0,0,0,0,0,0,0,0
202507,184,35420,5,New Philadelphia-Dover  OH ,8,8,2961,1,2,351,0,0,0,0,0,0,3,3,1337,0,0,0,0,0,0,0,0,0
202507,184,35940,5,Norwalk  OH ,5,5,1588,0,0,0,0,0,0,0,0,0,0,0,0,0,0,0,0,0,0,0,0,0
202507,184,41780,2,Sandusky  OH ,23,23,13340,0,0,0,1,3,450,0,0,0,15,15,10967,0,0,0,0,0,0,0,0,0
202507,184,49300,5,Wooster  OH ,17,17,5584,0,0,0,0,0,0,0,0,0,17,17,5584,0,0,0,0,0,0,0,0,0
202507,190,17860,2,Columbia  MO ,52,52,22347,0,0,0,0,0,0,3,36,7305,50,50,21725,0,0,0,0,0,0,3,36,7305
202507,190,27620,2,Jefferson City  MO ,18,18,5429,0,0,0,0,0,0,0,0,0,1,1,367,0,0,0,0,0,0,0,0,0
202507,190,33020,5,Mexico  MO ,3,3,500,0,0,0,0,0,0,0,0,0,3,3,500,0,0,0,0,0,0,0,0,0
202507,190,33620,5,Moberly  MO ,2,2,484,0,0,0,0,0,0,0,0,0,0,0,0,0,0,0,0,0,0,0,0,0
202507,192,17900,2,Columbia  SC ,500,500,140445,2,4,476,1,4,840,0,0,0,370,370,112406,2,4,476,1,4,840,0,0,0
202507,192,35140,5,Newberry  SC ,12,12,5043,0,0,0,0,0,0,0,0,0,0,0,0,0,0,0,0,0,0,0,0,0
202507,192,36700,5,Orangeburg  SC ,9,9,1583,0,0,0,0,0,0,0,0,0,0,0,0,0,0,0,0,0,0,0,0,0
202507,192,44940,2,Sumter  SC ,28,28,4725,2,4,381,0,0,0,0,0,0,0,0,0,0,0,0,0,0,0,0,0,0
202507,194,10760,5,Alexander City  AL ,16,16,12101,0,0,0,0,0,0,0,0,0,4,4,5682,0,0,0,0,0,0,0,0,0
202507,194,12220,2,Auburn-Opelika  AL ,94,94,24213,0,0,0,0,0,0,0,0,0,94,94,24213,0,0,0,0,0,0,0,0,0
202507,194,17980,2,Columbus  GA-AL ,44,44,13573,0,0,0,0,0,0,1,5,515,6,6,1607,0,0,0,0,0,0,0,0,0
202507,198,11900,5,Athens  OH ,0,0,0,0,0,0,0,0,0,0,0,0,0,0,0,0,0,0,0,0,0,0,0,0
202507,198,13340,5,Bellefontaine  OH ,11,11,3614,0,0,0,0,0,0,0,0,0,9,9,2907,0,0,0,0,0,0,0,0,0
202507,198,15740,5,Cambridge  OH ,3,3,646,0,0,0,0,0,0,0,0,0,0,0,0,0,0,0,0,0,0,0,0,0
202507,198,17060,5,Chillicothe  OH ,3,3,902,0,0,0,0,0,0,0,0,0,0,0,0,0,0,0,0,0,0,0,0,0
202507,198,18140,2,Columbus  OH ,399,399,160221,12,24,3833,4,16,4000,44,1013,100226,345,345,139772,11,22,3590,4,16,4000,43,1008,99621
202507,198,32020,5,Marion  OH ,4,4,1083,0,0,0,0,0,0,0,0,0,1,1,38,0,0,0,0,0,0,0,0,0
202507,198,34540,5,Mount Vernon  OH ,10,10,3343,0,0,0,0,0,0,0,0,0,0,0,0,0,0,0,0,0,0,0,0,0
202507,198,47920,5,Washington Court House  OH ,2,2,623,0,0,0,0,0,0,0,0,0,0,0,0,0,0,0,0,0,0,0,0,0
202507,198,49780,5,Zanesville  OH ,3,3,722,1,2,351,0,0,0,1,6,941,0,0,0,0,0,0,0,0,0,0,0,0
202507,204,10860,5,Alice  TX ,1,1,175,0,0,0,0,0,0,0,0,0,0,0,0,0,0,0,0,0,0,0,0,0
202507,204,18580,2,Corpus Christi  TX ,179,179,49022,1,2,310,0,0,0,2,10,1089,22,22,5225,0,0,0,0,0,0,0,0,0
202507,204,28780,5,Kingsville  TX ,1,1,189,0,0,0,0,0,0,0,0,0,0,0,0,0,0,0,0,0,0,0,0,0
202507,206,11980,5,Athens  TX ,20,20,6539,0,0,0,0,0,0,0,0,0,4,4,2019,0,0,0,0,0,0,0,0,0
202507,206,14300,5,Bonham  TX ,7,7,1767,1,2,276,0,0,0,0,0,0,1,1,350,0,0,0,0,0,0,0,0,0
202507,206,18620,5,Corsicana  TX ,41,41,10050,0,0,0,0,0,0,0,0,0,0,0,0,0,0,0,0,0,0,0,0,0
202507,206,19100,2,Dallas-Fort Worth-Arlington  TX ,3294,3294,990648,91,182,27385,26,89,12762,42,2235,312125,1830,1830,584093,16,32,4601,12,40,6197,18,1150,168998
202507,206,20460,5,Durant  OK ,7,7,2473,1,2,208,0,0,0,1,5,881,0,0,0,0,0,0,0,0,0,0,0,0
202507,206,23620,5,Gainesville  TX ,6,6,1731,0,0,0,0,0,0,0,0,0,5,5,1480,0,0,0,0,0,0,0,0,0
202507,206,24180,5,Granbury  TX ,33,33,10918,0,0,0,0,0,0,0,0,0,32,32,10662,0,0,0,0,0,0,0,0,0
202507,206,33420,5,Mineral Wells  TX ,1,1,288,0,0,0,0,0,0,0,0,0,0,0,0,0,0,0,0,0,0,0,0,0
202507,206,43300,2,Sherman-Denison  TX ,137,137,41191,0,0,0,0,0,0,0,0,0,131,131,38602,0,0,0,0,0,0,0,0,0
202507,206,44860,5,Sulphur Springs  TX ,5,5,1010,0,0,0,0,0,0,0,0,0,0,0,0,0,0,0,0,0,0,0,0,0
202507,209,17540,5,Clinton  IA ,4,4,1537,0,0,0,0,0,0,1,5,833,3,3,1220,0,0,0,0,0,0,0,0,0
202507,209,19340,2,Davenport-Moline-Rock Island  IA-IL ,31,31,8085,1,2,325,0,0,0,1,7,734,25,25,6447,0,0,0,0,0,0,0,0,0
202507,209,34700,5,Muscatine  IA ,5,5,1481,5,10,1231,1,3,825,0,0,0,4,4,1127,4,8,880,1,3,825,0,0,0
202507,212,19430,2,Dayton-Kettering-Beavercreek  OH ,131,131,46988,1,2,351,7,21,1728,3,44,5882,119,119,43361,0,0,0,7,21,1728,2,12,2000
202507,212,24820,5,Greenville  OH ,6,6,3292,0,0,0,0,0,0,0,0,0,6,6,3292,0,0,0,0,0,0,0,0,0
202507,212,43380,5,Sidney  OH ,6,6,2327,0,0,0,0,0,0,1,30,4703,6,6,2327,0,0,0,0,0,0,0,0,0
202507,212,44220,2,Springfield  OH ,30,30,10082,0,0,0,0,0,0,0,0,0,30,30,10082,0,0,0,0,0,0,0,0,0
202507,212,46500,5,Urbana  OH ,4,4,960,0,0,0,0,0,0,0,0,0,4,4,960,0,0,0,0,0,0,0,0,0
202507,216,14500,2,Boulder  CO ,21,21,14575,0,0,0,1,3,1078,3,99,21660,9,9,9067,0,0,0,0,0,0,0,0,0
202507,216,19740,2,Denver-Aurora-Centennial  CO ,574,574,196559,0,0,0,1,4,609,16,363,73158,557,557,190840,0,0,0,1,4,609,14,346,70455
202507,216,24540,2,Greeley  CO ,199,199,85024,1,2,354,0,0,0,5,125,18081,100,100,42313,0,0,0,0,0,0,4,120,17343
202507,218,11180,2,Ames  IA ,18,18,6694,0,0,0,0,0,0,1,8,962,11,11,4479,0,0,0,0,0,0,1,8,962
202507,218,19780,2,Des Moines-West Des Moines  IA ,279,279,105090,1,2,300,1,3,750,2,59,9126,273,273,103592,1,2,300,1,3,750,2,59,9126
202507,218,36820,5,Oskaloosa  IA ,0,0,0,0,0,0,0,0,0,1,42,5587,0,0,0,0,0,0,0,0,0,1,42,5587
202507,218,37800,5,Pella  IA ,11,11,4197,0,0,0,0,0,0,0,0,0,0,0,0,0,0,0,0,0,0,0,0,0
202507,220,10300,5,Adrian  MI ,12,12,2614,0,0,0,0,0,0,1,5,938,2,2,364,0,0,0,0,0,0,0,0,0
202507,220,11460,2,Ann Arbor  MI ,53,53,24642,0,0,0,0,0,0,1,30,31068,49,49,22449,0,0,0,0,0,0,0,0,0
202507,220,19820,2,Detroit-Warren-Dearborn  MI ,482,482,177825,16,32,869,8,29,4809,17,379,58448,391,391,148189,16,32,869,8,29,4809,13,327,48222
202507,220,22420,2,Flint  MI ,31,31,9319,0,0,0,0,0,0,1,8,2214,24,24,7365,0,0,0,0,0,0,0,0,0
202507,220,33780,2,Monroe  MI ,13,13,3914,1,2,280,1,4,600,0,0,0,7,7,2321,0,0,0,1,4,600,0,0,0
202507,221,19940,5,Dixon  IL ,1,1,38,0,0,0,2,8,1510,0,0,0,1,1,38,0,0,0,2,8,1510,0,0,0
202507,221,44580,5,Sterling  IL ,1,1,500,1,2,318,0,0,0,0,0,0,1,1,500,0,0,0,0,0,0,0,0,0
202507,222,20020,2,Dothan  AL ,33,33,9915,0,0,0,0,0,0,0,0,0,17,17,6213,0,0,0,0,0,0,0,0,0
202507,222,21460,5,Enterprise  AL ,11,11,2609,0,0,0,0,0,0,0,0,0,10,10,2235,0,0,0,0,0,0,0,0,0
202507,222,37120,5,Ozark  AL ,0,0,0,0,0,0,0,0,0,0,0,0,0,0,0,0,0,0,0,0,0,0,0,0
202507,228,20260,2,Duluth  MN-WI ,49,49,16727,2,4,680,0,0,0,0,0,0,43,43,14608,1,2,252,0,0,0,0,0,0
202507,228,24330,5,Grand Rapids  MN ,19,19,6917,0,0,0,0,0,0,0,0,0,17,17,6282,0,0,0,0,0,0,0,0,0
202507,232,20740,2,Eau Claire  WI ,38,38,19404,11,22,4775,0,0,0,2,16,2756,35,35,18114,11,22,4775,0,0,0,2,16,2756
202507,232,32860,5,Menomonie  WI ,7,7,2277,0,0,0,0,0,0,0,0,0,4,4,1212,0,0,0,0,0,0,0,0,0
202507,233,20780,5,Edwards  CO ,13,13,16544,0,0,0,0,0,0,0,0,0,12,12,15615,0,0,0,0,0,0,0,0,0
202507,233,40090,5,Rifle  CO ,18,18,65960,1,2,377,0,0,0,0,0,0,16,16,65145,1,2,377,0,0,0,0,0,0
202507,236,18500,5,Corning  NY ,8,8,1562,0,0,0,0,0,0,0,0,0,0,0,0,0,0,0,0,0,0,0,0,0
202507,236,21300,2,Elmira  NY ,1,1,85,0,0,0,0,0,0,1,5,560,0,0,0,0,0,0,0,0,0,0,0,0
202507,238,21340,2,El Paso  TX ,165,165,38585,4,8,1036,1,4,527,1,13,1532,0,0,0,0,0,0,0,0,0,0,0,0
202507,238,29740,2,Las Cruces  NM ,55,55,14150,3,6,985,0,0,0,0,0,0,0,0,0,0,0,0,0,0,0,0,0,0
202507,240,21500,2,Erie  PA ,40,40,7969,0,0,0,0,0,0,0,0,0,34,34,6143,0,0,0,0,0,0,0,0,0
202507,240,32740,5,Meadville  PA ,10,10,2809,0,0,0,0,0,0,0,0,0,1,1,175,0,0,0,0,0,0,0,0,0
202507,241,21780,2,Evansville  IN ,55,55,24821,9,18,5077,0,0,0,0,0,0,20,20,12889,6,12,4293,0,0,0,0,0,0
202507,241,25775,5,Henderson  KY ,5,5,1269,0,0,0,0,0,0,0,0,0,4,4,1019,0,0,0,0,0,0,0,0,0
202507,242,17220,5,Clarksburg  WV ,0,0,0,0,0,0,10,40,3070,0,0,0,0,0,0,0,0,0,10,40,3070,0,0,0
202507,242,21900,5,Fairmont  WV ,1,1,71,0,0,0,0,0,0,0,0,0,0,0,0,0,0,0,0,0,0,0,0,0
202507,244,22020,2,Fargo  ND-MN ,91,91,27466,0,0,0,0,0,0,3,190,25253,87,87,25694,0,0,0,0,0,0,3,190,25253
202507,244,47420,5,Wahpeton  ND-MN ,5,5,1112,0,0,0,0,0,0,0,0,0,0,0,0,0,0,0,0,0,0,0,0,0
202507,246,22180,2,Fayetteville  NC ,146,146,39517,2,4,646,0,0,0,0,0,0,146,146,39517,2,4,646,0,0,0,0,0,0
202507,246,29900,5,Laurinburg  NC ,2,2,300,0,0,0,0,0,0,0,0,0,2,2,300,0,0,0,0,0,0,0,0,0
202507,246,31300,5,Lumberton  NC ,26,26,4482,0,0,0,0,0,0,0,0,0,3,3,540,0,0,0,0,0,0,0,0,0
202507,246,38240,2,Pinehurst-Southern Pines  NC ,96,96,23812,0,0,0,0,0,0,0,0,0,83,83,20309,0,0,0,0,0,0,0,0,0
202507,246,40460,5,Rockingham  NC ,6,6,1733,0,0,0,0,0,0,0,0,0,5,5,1480,0,0,0,0,0,0,0,0,0
202507,248,22300,5,Findlay  OH ,5,5,1414,0,0,0,0,0,0,0,0,0,1,1,275,0,0,0,0,0,0,0,0,0
202507,248,45660,5,Tiffin  OH ,5,5,1588,0,0,0,0,0,0,0,0,0,2,2,600,0,0,0,0,0,0,0,0,0
202507,250,22520,2,Florence-Muscle Shoals  AL ,22,22,2359,0,0,0,1,4,980,2,16,980,17,17,1782,0,0,0,1,4,980,2,16,980
202507,250,40770,5,Russellville  AL ,1,1,114,0,0,0,0,0,0,0,0,0,0,0,0,0,0,0,0,0,0,0,0,0
202507,258,11420,5,Angola  IN ,10,10,5637,0,0,0,0,0,0,0,0,0,10,10,5637,0,0,0,0,0,0,0,0,0
202507,258,12140,5,Auburn  IN ,15,15,8553,0,0,0,0,0,0,0,0,0,15,15,8553,0,0,0,0,0,0,0,0,0
202507,258,19540,5,Decatur  IN ,8,8,1845,0,0,0,0,0,0,0,0,0,3,3,723,0,0,0,0,0,0,0,0,0
202507,258,23060,2,Fort Wayne  IN ,105,105,39210,0,0,0,0,0,0,0,0,0,100,100,37445,0,0,0,0,0,0,0,0,0
202507,258,26540,5,Huntington  IN ,6,6,1620,0,0,0,0,0,0,0,0,0,2,2,300,0,0,0,0,0,0,0,0,0
202507,258,28340,5,Kendallville  IN ,7,7,1799,0,0,0,0,0,0,0,0,0,1,1,290,0,0,0,0,0,0,0,0,0
202507,260,23420,2,Fresno  CA ,334,334,122972,1,2,756,0,0,0,0,0,0,321,321,117664,1,2,756,0,0,0,0,0,0
202507,260,25260,2,Hanford-Corcoran  CA ,26,26,9781,0,0,0,0,0,0,1,5,544,1,1,532,0,0,0,0,0,0,0,0,0
202507,264,23540,2,Gainesville  FL ,89,89,28141,0,0,0,0,0,0,1,103,8419,45,45,10099,0,0,0,0,0,0,0,0,0
202507,264,29380,5,Lake City  FL ,13,13,3208,0,0,0,0,0,0,0,0,0,0,0,0,0,0,0,0,0,0,0,0,0
202507,266,13660,5,Big Rapids  MI ,11,11,2652,0,0,0,0,0,0,0,0,0,7,7,1616,0,0,0,0,0,0,0,0,0
202507,266,24340,2,Grand Rapids-Wyoming-Kentwood  MI ,206,206,77391,2,4,379,1,3,450,6,136,29033,150,150,58108,0,0,0,0,0,0,3,105,25071
202507,266,26090,5,Holland  MI ,50,50,20486,0,0,0,0,0,0,0,0,0,34,34,14388,0,0,0,0,0,0,0,0,0
202507,266,34740,2,Muskegon-Norton Shores  MI ,31,31,10679,0,0,0,11,44,8286,1,5,1183,18,18,7144,0,0,0,11,44,8286,0,0,0
202507,267,24580,2,Green Bay  WI ,68,68,32022,10,20,3529,0,0,0,3,97,14835,53,53,24721,1,2,350,0,0,0,2,90,13737
202507,267,43020,5,Shawano  WI ,11,11,2666,0,0,0,0,0,0,0,0,0,11,11,2666,0,0,0,0,0,0,0,0,0
202507,268,15500,2,Burlington  NC ,115,115,19063,2,4,400,0,0,0,0,0,0,115,115,19063,2,4,400,0,0,0,0,0,0
202507,268,24660,2,Greensboro-High Point  NC ,235,235,72208,1,2,190,0,0,0,0,0,0,235,235,72208,1,2,190,0,0,0,0,0,0
202507,268,34340,5,Mount Airy  NC ,28,28,7180,0,0,0,0,0,0,0,0,0,28,28,7180,0,0,0,0,0,0,0,0,0
202507,268,49180,2,Winston-Salem  NC ,359,359,109940,2,4,827,3,11,2784,1,5,197,326,326,102256,2,4,827,3,11,2784,0,0,0
202507,273,23500,5,Gaffney  SC ,23,23,6160,2,4,400,0,0,0,0,0,0,22,22,6055,0,0,0,0,0,0,0,0,0
202507,273,24860,2,Greenville-Anderson-Greer  SC ,578,578,225791,7,14,1299,0,0,0,0,0,0,532,532,213203,7,14,1299,0,0,0,0,0,0
202507,273,24940,5,Greenwood  SC ,30,30,7393,0,0,0,0,0,0,0,0,0,14,14,2756,0,0,0,0,0,0,0,0,0
202507,273,42860,5,Seneca  SC ,83,83,35877,0,0,0,0,0,0,1,5,767,76,76,33150,0,0,0,0,0,0,0,0,0
202507,273,43900,2,Spartanburg  SC ,364,364,85820,0,0,0,0,0,0,0,0,0,353,353,84058,0,0,0,0,0,0,0,0,0
202507,274,24780,2,Greenville  NC ,72,72,10884,6,12,2376,0,0,0,2,22,3805,36,36,3805,6,12,2376,0,0,0,2,22,3805
202507,274,47820,5,Washington  NC ,13,13,5479,0,0,0,0,0,0,0,0,0,13,13,5479,0,0,0,0,0,0,0,0,0
202507,276,23900,2,Gettysburg  PA ,34,34,13263,0,0,0,0,0,0,0,0,0,34,34,13263,0,0,0,0,0,0,0,0,0
202507,276,25420,2,Harrisburg-Carlisle  PA ,68,68,19761,0,0,0,1,4,690,3,17,2302,54,54,15528,0,0,0,1,4,690,3,17,2302
202507,276,30140,2,Lebanon  PA ,25,25,5381,0,0,0,0,0,0,1,104,10750,6,6,1125,0,0,0,0,0,0,1,104,10750
202507,276,49620,2,York-Hanover  PA ,102,102,27976,0,0,0,0,0,0,0,0,0,70,70,17919,0,0,0,0,0,0,0,0,0
202507,277,25500,2,Harrisonburg  VA ,45,45,9865,3,6,1030,0,0,0,1,5,615,43,43,9437,3,6,1030,0,0,0,0,0,0
202507,277,44420,2,Staunton-Stuarts Draft  VA ,44,44,9292,0,0,0,0,0,0,0,0,0,44,44,9292,0,0,0,0,0,0,0,0,0
202507,279,25620,2,Hattiesburg  MS ,9,9,1925,0,0,0,0,0,0,0,0,0,0,0,0,0,0,0,0,0,0,0,0,0
202507,279,29860,5,Laurel  MS ,0,0,0,0,0,0,0,0,0,0,0,0,0,0,0,0,0,0,0,0,0,0,0,0
202507,284,26300,2,Hot Springs  AR ,7,7,1694,0,0,0,0,0,0,0,0,0,7,7,1694,0,0,0,0,0,0,0,0,0
202507,284,31680,5,Malvern  AR ,0,0,0,0,0,0,0,0,0,0,0,0,0,0,0,0,0,0,0,0,0,0,0,0
202507,288,13060,5,Bay City  TX ,12,12,3573,0,0,0,0,0,0,0,0,0,12,12,3573,0,0,0,0,0,0,0,0,0
202507,288,14780,5,Brenham  TX ,3,3,700,0,0,0,0,0,0,0,0,0,3,3,700,0,0,0,0,0,0,0,0,0
202507,288,20900,5,El Campo  TX ,11,11,3248,0,0,0,0,0,0,1,5,718,10,10,2960,0,0,0,0,0,0,0,0,0
202507,288,26420,2,Houston-Pasadena-The Woodlands  TX ,4074,4074,1187814,144,288,57995,0,0,0,34,1409,239476,3729,3729,1096973,141,282,57008,0,0,0,33,1366,234068
202507,288,26660,5,Huntsville  TX ,37,37,7469,0,0,0,0,0,0,0,0,0,4,4,708,0,0,0,0,0,0,0,0,0
202507,290,10700,5,Albertville  AL ,14,14,2759,0,0,0,0,0,0,0,0,0,6,6,1434,0,0,0,0,0,0,0,0,0
202507,290,19460,2,Decatur  AL ,16,16,2591,0,0,0,0,0,0,0,0,0,15,15,2292,0,0,0,0,0,0,0,0,0
202507,290,22190,5,Fayetteville  TN ,12,12,4115,2,4,387,0,0,0,0,0,0,12,12,4115,2,4,387,0,0,0,0,0,0
202507,290,22840,5,Fort Payne  AL ,2,2,468,0,0,0,0,0,0,0,0,0,0,0,0,0,0,0,0,0,0,0,0,0
202507,290,26620,2,Huntsville  AL ,305,305,86389,2,4,482,0,0,0,0,0,0,172,172,53436,2,4,482,0,0,0,0,0,0
202507,292,13940,5,Blackfoot  ID ,9,9,2182,0,0,0,0,0,0,0,0,0,9,9,2182,0,0,0,0,0,0,0,0,0
202507,292,26820,2,Idaho Falls  ID ,91,91,27001,0,0,0,0,0,0,0,0,0,91,91,27001,0,0,0,0,0,0,0,0,0
202507,292,39940,5,Rexburg  ID ,48,48,13487,1,2,281,0,0,0,4,144,19679,47,47,13318,1,2,281,0,0,0,4,144,19679
202507,294,18020,2,Columbus  IN ,19,19,6290,0,0,0,0,0,0,0,0,0,19,19,6290,0,0,0,0,0,0,0,0,0
202507,294,18820,5,Crawfordsville  IN ,9,9,2509,0,0,0,0,0,0,0,0,0,6,6,1785,0,0,0,0,0,0,0,0,0
202507,294,24600,5,Greencastle  IN ,6,6,2203,0,0,0,0,0,0,0,0,0,6,6,2203,0,0,0,0,0,0,0,0,0
202507,294,24700,5,Greensburg  IN ,10,10,2411,0,0,0,0,0,0,0,0,0,5,5,1300,0,0,0,0,0,0,0,0,0
202507,294,26900,2,Indianapolis-Carmel-Greenwood  IN ,803,803,329985,11,22,3106,0,0,0,14,270,28995,752,752,313401,11,22,3106,0,0,0,14,270,28995
202507,294,29020,2,Kokomo  IN ,9,9,2587,0,0,0,0,0,0,0,0,0,7,7,1976,0,0,0,0,0,0,0,0,0
202507,294,34620,2,Muncie  IN ,10,10,3776,0,0,0,0,0,0,0,0,0,6,6,1842,0,0,0,0,0,0,0,0,0
202507,294,35220,5,New Castle  IN ,4,4,1254,0,0,0,0,0,0,0,0,0,1,1,272,0,0,0,0,0,0,0,0,0
202507,294,37940,5,Peru  IN ,5,5,1180,0,0,0,0,0,0,0,0,0,5,5,1180,0,0,0,0,0,0,0,0,0
202507,294,42980,5,Seymour  IN ,15,15,4762,0,0,0,0,0,0,0,0,0,10,10,3296,0,0,0,0,0,0,0,0,0
202507,296,18660,5,Cortland  NY ,2,2,520,0,0,0,0,0,0,0,0,0,0,0,0,0,0,0,0,0,0,0,0,0
202507,296,27060,2,Ithaca  NY ,12,12,3706,1,2,200,0,0,0,2,10,1466,3,3,1072,1,2,200,0,0,0,0,0,0
202507,298,15020,5,Brookhaven  MS ,3,3,272,0,0,0,0,0,0,0,0,0,3,3,272,0,0,0,0,0,0,0,0,0
202507,298,27140,2,Jackson  MS ,97,97,23527,0,0,0,0,0,0,0,0,0,55,55,15979,0,0,0,0,0,0,0,0,0
202507,298,46980,5,Vicksburg  MS ,1,1,331,0,0,0,0,0,0,0,0,0,0,0,0,0,0,0,0,0,0,0,0,0
202507,300,27260,2,Jacksonville  FL ,841,841,235930,69,138,18883,3,12,1642,11,366,117859,835,835,232862,68,136,18858,3,12,1642,11,366,117859
202507,300,28680,5,Kingsland  GA ,27,27,8261,0,0,0,0,0,0,0,0,0,26,26,8136,0,0,0,0,0,0,0,0,0
202507,300,37260,5,Palatka  FL ,6,6,1809,0,0,0,0,0,0,0,0,0,5,5,1587,0,0,0,0,0,0,0,0,0
202507,304,24620,5,Greeneville  TN ,26,26,7719,0,0,0,0,0,0,0,0,0,25,25,7432,0,0,0,0,0,0,0,0,0
202507,304,27740,2,Johnson City  TN ,73,73,28788,1,2,295,0,0,0,0,0,0,57,57,26401,1,2,295,0,0,0,0,0,0
202507,304,28700,2,Kingsport-Bristol  TN-VA ,82,82,20090,0,0,0,2,6,572,0,0,0,45,45,13805,0,0,0,1,3,300,0,0,0
202507,306,27780,2,Johnstown  PA ,7,7,2641,0,0,0,0,0,0,0,0,0,1,1,406,0,0,0,0,0,0,0,0,0
202507,306,43740,5,Somerset  PA ,5,5,1488,0,0,0,0,0,0,0,0,0,0,0,0,0,0,0,0,0,0,0,0,0
202507,308,27860,2,Jonesboro  AR ,53,53,8939,5,10,700,6,23,1686,1,5,284,3,3,621,0,0,0,1,4,615,0,0,0
202507,308,37500,5,Paragould  AR ,5,5,1093,2,4,419,0,0,0,0,0,0,5,5,1093,2,4,419,0,0,0,0,0,0
202507,309,27900,2,Joplin  MO-KS ,51,51,8821,3,6,1400,4,16,1400,1,5,225,40,40,6422,3,6,1400,4,16,1400,0,0,0
202507,309,33060,5,Miami  OK ,2,2,390,1,2,310,0,0,0,0,0,0,0,0,0,0,0,0,0,0,0,0,0,0
202507,310,12980,2,Battle Creek  MI ,10,10,1945,0,0,0,0,0,0,0,0,0,2,2,260,0,0,0,0,0,0,0,0,0
202507,310,28020,2,Kalamazoo-Portage  MI ,27,27,8766,1,2,500,0,0,0,0,0,0,19,19,6078,0,0,0,0,0,0,0,0,0
202507,310,44780,5,Sturgis  MI ,9,9,4017,0,0,0,0,0,0,2,12,1881,4,4,2375,0,0,0,0,0,0,0,0,0
202507,312,11860,5,Atchison  KS ,2,2,600,0,0,0,0,0,0,0,0,0,0,0,0,0,0,0,0,0,0,0,0,0
202507,312,28140,2,Kansas City  MO-KS ,481,481,181220,8,16,3308,0,0,0,10,204,30820,427,427,163813,7,14,2957,0,0,0,9,198,29880
202507,312,29940,2,Lawrence  KS ,18,18,6643,0,0,0,0,0,0,1,5,656,5,5,2589,0,0,0,0,0,0,0,0,0
202507,312,36840,5,Ottawa  KS ,9,9,2459,0,0,0,1,3,590,0,0,0,5,5,1219,0,0,0,0,0,0,0,0,0
202507,312,41140,2,St. Joseph  MO-KS ,9,9,2268,0,0,0,0,0,0,0,0,0,0,0,0,0,0,0,0,0,0,0,0,0
202507,312,47660,5,Warrensburg  MO ,2,2,538,0,0,0,0,0,0,0,0,0,0,0,0,0,0,0,0,0,0,0,0,0
202507,313,14710,5,Brattleboro  VT ,11,11,3068,0,0,0,0,0,0,0,0,0,2,2,715,0,0,0,0,0,0,0,0,0
202507,313,28300,5,Keene  NH ,12,12,4009,0,0,0,1,3,150,0,0,0,0,0,0,0,0,0,0,0,0,0,0,0
202507,314,28420,2,Kennewick-Richland  WA ,137,137,46292,0,0,0,1,3,730,2,37,5889,101,101,35317,0,0,0,1,3,730,0,0,0
202507,314,47460,2,Walla Walla  WA ,9,9,3076,1,2,208,0,0,0,0,0,0,8,8,2976,0,0,0,0,0,0,0,0,0
202507,315,28940,2,Knoxville  TN ,478,478,145841,4,8,1592,0,0,0,5,219,35844,349,349,113586,4,8,1592,0,0,0,2,72,9966
202507,315,34100,2,Morristown  TN ,45,45,14516,0,0,0,0,0,0,0,0,0,42,42,13981,0,0,0,0,0,0,0,0,0
202507,315,35460,5,Newport  TN ,0,0,0,0,0,0,0,0,0,0,0,0,0,0,0,0,0,0,0,0,0,0,0,0
202507,315,42940,5,Sevierville  TN ,84,84,28161,1,2,346,2,8,2000,1,12,1300,83,83,27803,0,0,0,2,8,2000,0,0,0
202507,317,29100,2,La Crosse-Onalaska  WI-MN ,33,33,13281,1,2,467,0,0,0,0,0,0,14,14,6876,0,0,0,0,0,0,0,0,0
202507,317,43890,5,Sparta  WI ,18,18,5307,1,2,335,0,0,0,0,0,0,12,12,3393,0,0,0,0,0,0,0,0,0
202507,318,29180,2,Lafayette  LA ,186,186,40993,0,0,0,0,0,0,0,0,0,65,65,12010,0,0,0,0,0,0,0,0,0
202507,318,35340,5,New Iberia  LA ,9,9,2017,0,0,0,0,0,0,0,0,0,2,2,625,0,0,0,0,0,0,0,0,0
202507,318,36660,5,Opelousas  LA ,12,12,2400,0,0,0,0,0,0,0,0,0,0,0,0,0,0,0,0,0,0,0,0,0
202507,320,23140,5,Frankfort  IN ,4,4,970,0,0,0,0,0,0,0,0,0,1,1,180,0,0,0,0,0,0,0,0,0
202507,320,29200,2,Lafayette-West Lafayette  IN ,76,76,27721,0,0,0,0,0,0,13,401,59552,72,72,26524,0,0,0,0,0,0,10,320,50000
202507,320,33900,5,Monticello  IN ,0,0,0,0,0,0,0,0,0,0,0,0,0,0,0,0,0,0,0,0,0,0,0,0
202507,324,19760,5,DeRidder  LA ,11,11,1531,0,0,0,0,0,0,0,0,0,10,10,1428,0,0,0,0,0,0,0,0,0
202507,324,29340,2,Lake Charles  LA ,62,62,15067,0,0,0,0,0,0,0,0,0,54,54,13478,0,0,0,0,0,0,0,0,0
202507,330,29620,2,Lansing-East Lansing  MI ,56,56,22070,0,0,0,0,0,0,1,24,2663,42,42,17873,0,0,0,0,0,0,0,0,0
202507,330,37020,5,Owosso  MI ,6,6,1548,0,0,0,0,0,0,0,0,0,0,0,0,0,0,0,0,0,0,0,0,0
202507,332,29820,2,Las Vegas-Henderson-North Las Vegas  NV ,805,805,225428,0,0,0,1,4,392,2,38,6429,804,804,224844,0,0,0,1,4,392,2,38,6429
202507,334,20340,5,Duncan  OK ,0,0,0,0,0,0,0,0,0,0,0,0,0,0,0,0,0,0,0,0,0,0,0,0
202507,334,30020,2,Lawton  OK ,9,9,1599,0,0,0,0,0,0,0,0,0,4,4,789,0,0,0,0,0,0,0,0,0
202507,336,23180,5,Frankfort  KY ,10,10,3418,0,0,0,0,0,0,0,0,0,5,5,1788,0,0,0,0,0,0,0,0,0
202507,336,30460,2,Lexington-Fayette  KY ,188,188,51591,3,6,475,1,3,440,5,68,5729,142,142,40253,3,6,475,0,0,0,2,14,1602
202507,336,34460,5,Mount Sterling  KY ,5,5,1233,0,0,0,0,0,0,0,0,0,0,0,0,0,0,0,0,0,0,0,0,0
202507,336,40080,5,Richmond-Berea  KY ,27,27,6919,0,0,0,0,0,0,1,14,1313,10,10,1990,0,0,0,0,0,0,0,0,0
202507,338,16380,5,Celina  OH ,9,9,3326,0,0,0,0,0,0,0,0,0,4,4,1735,0,0,0,0,0,0,0,0,0
202507,338,30620,2,Lima  OH ,6,6,1595,1,2,160,0,0,0,0,0,0,3,3,952,0,0,0,0,0,0,0,0,0
202507,338,46780,5,Van Wert  OH ,1,1,200,0,0,0,0,0,0,0,0,0,0,0,0,0,0,0,0,0,0,0,0,0
202507,338,47540,5,Wapakoneta  OH ,7,7,1939,0,0,0,0,0,0,0,0,0,1,1,170,0,0,0,0,0,0,0,0,0
202507,339,13100,5,Beatrice  NE ,2,2,581,0,0,0,0,0,0,0,0,0,0,0,0,0,0,0,0,0,0,0,0,0
202507,339,30700,2,Lincoln  NE ,96,96,31591,0,0,0,0,0,0,5,48,8160,93,93,30723,0,0,0,0,0,0,5,48,8160
202507,340,30780,2,Little Rock-North Little Rock-Conway  AR ,220,220,49901,4,8,890,1,4,250,1,8,940,207,207,46637,4,8,890,1,4,250,1,8,940
202507,340,38220,5,Pine Bluff  AR ,8,8,1133,0,0,0,0,0,0,0,0,0,7,7,985,0,0,0,0,0,0,0,0,0
202507,340,42620,5,Searcy  AR ,31,31,4922,0,0,0,0,0,0,0,0,0,30,30,4797,0,0,0,0,0,0,0,0,0
202507,348,31080,2,Los Angeles-Long Beach-Anaheim  CA ,991,991,236800,59,118,30188,9,29,7244,31,556,93459,798,798,191822,55,110,28117,4,14,3722,18,419,67586
202507,348,37100,2,Oxnard-Thousand Oaks-Ventura  CA ,35,35,9870,0,0,0,1,3,1107,2,39,6134,4,4,534,0,0,0,0,0,0,0,0,0
202507,348,40140,2,Riverside-San Bernardino-Ontario  CA ,717,717,203831,12,24,2816,2,7,2035,15,259,50059,544,544,152987,10,20,1492,1,3,478,13,200,38365
202507,350,21060,2,Elizabethtown  KY ,23,23,7029,4,8,950,0,0,0,0,0,0,18,18,5676,4,8,950,0,0,0,0,0,0
202507,350,31140,2,Louisville-Jefferson County  KY-IN ,291,291,88535,4,8,884,1,3,1643,11,309,26092,281,281,86242,4,8,884,1,3,1643,11,309,26092
202507,352,31180,2,Lubbock  TX ,189,189,61665,0,0,0,0,0,0,0,0,0,186,186,60888,0,0,0,0,0,0,0,0,0
202507,352,38380,5,Plainview  TX ,1,1,420,0,0,0,0,0,0,0,0,0,0,0,0,0,0,0,0,0,0,0,0,0
202507,356,31420,2,Macon-Bibb County  GA ,42,42,11084,0,0,0,0,0,0,0,0,0,7,7,1894,0,0,0,0,0,0,0,0,0
202507,356,47580,2,Warner Robins  GA ,113,113,21769,0,0,0,0,0,0,0,0,0,89,89,16710,0,0,0,0,0,0,0,0,0
202507,357,12660,5,Baraboo  WI ,16,16,6150,0,0,0,0,0,0,0,0,0,3,3,990,0,0,0,0,0,0,0,0,0
202507,357,27500,2,Janesville-Beloit  WI ,26,26,6705,1,2,590,0,0,0,0,0,0,15,15,3461,1,2,590,0,0,0,0,0,0
202507,357,31540,2,Madison  WI ,126,126,61311,9,18,5239,0,0,0,12,919,185703,97,97,50007,5,10,2950,0,0,0,9,872,177680
202507,359,31860,2,Mankato  MN ,29,29,9597,0,0,0,0,0,0,0,0,0,27,27,9147,0,0,0,0,0,0,0,0,0
202507,359,35580,5,New Ulm  MN ,0,0,0,0,0,0,0,0,0,0,0,0,0,0,0,0,0,0,0,0,0,0,0,0
202507,360,11740,5,Ashland  OH ,7,7,2106,0,0,0,0,0,0,0,0,0,0,0,0,0,0,0,0,0,0,0,0,0
202507,360,15340,5,Bucyrus  OH ,0,0,0,0,0,0,0,0,0,0,0,0,0,0,0,0,0,0,0,0,0,0,0,0
202507,360,31900,2,Mansfield  OH ,9,9,3440,5,10,1306,0,0,0,0,0,0,1,1,452,5,10,1306,0,0,0,0,0,0
202507,361,27020,5,Iron Mountain  MI-WI ,5,5,1417,0,0,0,1,3,375,0,0,0,0,0,0,0,0,0,0,0,0,0,0,0
202507,361,31940,5,Marinette  WI-MI ,15,15,3433,0,0,0,0,0,0,0,0,0,2,2,360,0,0,0,0,0,0,0,0,0
202507,365,32580,2,McAllen-Edinburg-Mission  TX ,382,382,102277,12,24,2125,35,134,12077,1,5,150,326,326,87956,10,20,1745,25,100,7480,1,5,150
202507,365,40100,5,Rio Grande City-Roma  TX ,0,0,0,0,0,0,0,0,0,0,0,0,0,0,0,0,0,0,0,0,0,0,0,0
202507,366,24420,2,Grants Pass  OR ,15,15,3826,2,4,405,0,0,0,0,0,0,6,6,1372,2,4,405,0,0,0,0,0,0
202507,366,32780,2,Medford  OR ,60,60,17543,0,0,0,0,0,0,1,12,2000,55,55,15128,0,0,0,0,0,0,0,0,0
202507,368,17260,5,Clarksdale  MS ,2,2,356,0,0,0,0,0,0,0,0,0,0,0,0,0,0,0,0,0,0,0,0,0
202507,368,22620,5,Forrest City  AR ,0,0,0,0,0,0,0,0,0,0,0,0,0,0,0,0,0,0,0,0,0,0,0,0
202507,368,32820,2,Memphis  TN-MS-AR ,270,270,71210,0,0,0,1,3,450,1,5,689,238,238,64640,0,0,0,1,3,450,0,0,0
202507,370,28580,5,Key West-Key Largo  FL ,14,14,10893,0,0,0,0,0,0,1,5,4583,2,2,1321,0,0,0,0,0,0,0,0,0
202507,370,33100,2,Miami-Fort Lauderdale-West Palm Beach  FL ,502,502,222850,30,60,153359,9,31,6101,42,2311,1016562,376,376,155234,27,54,15237,9,31,6101,31,2124,965383
202507,370,36380,5,Okeechobee  FL ,4,4,1500,0,0,0,5,20,6620,0,0,0,4,4,1500,0,0,0,5,20,6620,0,0,0
202507,370,38940,2,Port St. Lucie  FL ,324,324,182388,1,2,369,3,9,2427,0,0,0,323,323,177022,1,2,369,3,9,2427,0,0,0
202507,370,42680,2,Sebastian-Vero Beach-West Vero Corridor  FL ,15,15,7059,0,0,0,0,0,0,0,0,0,13,13,3961,0,0,0,0,0,0,0,0,0
202507,371,18340,5,Corbin  KY ,2,2,360,0,0,0,1,3,469,0,0,0,0,0,0,0,0,0,0,0,0,0,0,0
202507,371,33180,5,Middlesborough  KY ,3,3,301,0,0,0,0,0,0,0,0,0,0,0,0,0,0,0,0,0,0,0,0,0
202507,372,11380,5,Andrews  TX ,2,2,707,0,0,0,0,0,0,1,5,563,0,0,0,0,0,0,0,0,0,0,0,0
202507,372,33260,2,Midland  TX ,121,121,24424,0,0,0,0,0,0,0,0,0,1,1,288,0,0,0,0,0,0,0,0,0
202507,372,36220,2,Odessa  TX ,86,86,17146,0,0,0,0,0,0,0,0,0,86,86,17146,0,0,0,0,0,0,0,0,0
202507,376,13180,5,Beaver Dam  WI ,17,17,5933,0,0,0,0,0,0,0,0,0,7,7,2627,0,0,0,0,0,0,0,0,0
202507,376,33340,2,Milwaukee-Waukesha  WI ,148,148,86471,10,20,4490,0,0,0,7,267,47386,107,107,59246,8,16,3600,0,0,0,2,184,34488
202507,376,39540,2,Racine-Mount Pleasant  WI ,21,21,9332,2,4,618,0,0,0,1,8,719,17,17,7770,2,4,618,0,0,0,0,0,0
202507,376,48020,5,Watertown-Fort Atkinson  WI ,12,12,5125,1,2,308,0,0,0,0,0,0,12,12,5125,1,2,308,0,0,0,0,0,0
202507,376,48580,5,Whitewater-Elkhorn  WI ,33,33,14570,1,2,349,0,0,0,1,84,7500,30,30,13519,1,2,349,0,0,0,1,84,7500
202507,378,22060,5,Faribault-Northfield  MN ,10,10,3686,0,0,0,0,0,0,0,0,0,5,5,2275,0,0,0,0,0,0,0,0,0
202507,378,26780,5,Hutchinson  MN ,13,13,4017,0,0,0,0,0,0,0,0,0,12,12,3729,0,0,0,0,0,0,0,0,0
202507,378,33460,2,Minneapolis-St. Paul-Bloomington  MN-WI ,839,839,330651,5,10,2431,1,3,430,7,389,73195,719,719,291280,3,6,1608,0,0,0,3,348,63276
202507,378,36940,5,Owatonna  MN ,2,2,850,0,0,0,0,0,0,0,0,0,2,2,850,0,0,0,0,0,0,0,0,0
202507,378,39860,5,Red Wing  MN ,5,5,1541,1,2,600,0,0,0,0,0,0,5,5,1541,1,2,600,0,0,0,0,0,0
202507,378,41060,2,St. Cloud  MN ,43,43,13622,1,2,460,0,0,0,1,17,2242,28,28,9638,1,2,460,0,0,0,0,0,0
202507,380,19300,2,Daphne-Fairhope-Foley  AL ,287,287,89666,0,0,0,0,0,0,1,18,2175,192,192,64063,0,0,0,0,0,0,0,0,0
202507,380,33660,2,Mobile  AL ,115,115,33434,0,0,0,0,0,0,0,0,0,113,113,32784,0,0,0,0,0,0,0,0,0
202507,384,33740,2,Monroe  LA ,27,27,6356,0,0,0,1,3,267,0,0,0,5,5,515,0,0,0,0,0,0,0,0,0
202507,384,40820,5,Ruston  LA ,16,16,2922,0,0,0,0,0,0,0,0,0,9,9,1237,0,0,0,0,0,0,0,0,0
202507,388,33860,2,Montgomery  AL ,73,73,23623,0,0,0,0,0,0,1,5,620,53,53,19587,0,0,0,0,0,0,0,0,0
202507,388,42820,5,Selma  AL ,1,1,98,0,0,0,0,0,0,0,0,0,0,0,0,0,0,0,0,0,0,0,0,0
202507,393,34180,5,Moses Lake  WA ,25,25,5831,2,4,709,0,0,0,0,0,0,7,7,1878,0,0,0,0,0,0,0,0,0
202507,393,36830,5,Othello  WA ,2,2,443,0,0,0,0,0,0,1,5,568,0,0,0,0,0,0,0,0,0,0,0,0
202507,394,10940,5,Alma  MI ,4,4,831,0,0,0,0,0,0,0,0,0,0,0,0,0,0,0,0,0,0,0,0,0
202507,394,34380,5,Mount Pleasant  MI ,3,3,1041,0,0,0,0,0,0,0,0,0,1,1,159,0,0,0,0,0,0,0,0,0
202507,396,34680,5,Murrells Inlet  SC ,38,38,23899,0,0,0,0,0,0,0,0,0,38,38,23899,0,0,0,0,0,0,0,0,0
202507,396,34820,2,Myrtle Beach-Conway-North Myrtle Beach  SC ,629,629,133522,0,0,0,0,0,0,1,5,250,126,126,38108,0,0,0,0,0,0,0,0,0
202507,400,29980,5,Lawrenceburg  TN ,1,1,209,0,0,0,1,3,325,0,0,0,0,0,0,0,0,0,0,0,0,0,0,0
202507,400,30280,5,Lewisburg  TN ,17,17,5032,0,0,0,0,0,0,0,0,0,17,17,5032,0,0,0,0,0,0,0,0,0
202507,400,34980,2,Nashville-Davidson--Murfreesboro--Franklin  TN ,1223,1223,412128,2,4,621,0,0,0,16,872,109306,1039,1039,361232,0,0,0,0,0,0,15,867,108929
202507,400,43180,5,Shelbyville  TN ,47,47,8900,0,0,0,0,0,0,0,0,0,15,15,3895,0,0,0,0,0,0,0,0,0
202507,400,46100,5,Tullahoma-Manchester  TN ,44,44,14517,0,0,0,0,0,0,3,18,6261,26,26,9488,0,0,0,0,0,0,3,18,6261
202507,400,49010,5,Winchester  TN ,32,32,9445,1,2,180,0,0,0,0,0,0,19,19,6188,1,2,180,0,0,0,0,0,0
202507,404,33980,5,Morehead City  NC ,30,30,16504,0,0,0,0,0,0,0,0,0,30,30,16504,0,0,0,0,0,0,0,0,0
202507,404,35100,5,New Bern  NC ,74,74,16795,0,0,0,0,0,0,0,0,0,74,74,16795,0,0,0,0,0,0,0,0,0
202507,405,25540,2,Hartford-West Hartford-East Hartford  CT ,46,46,15409,0,0,0,0,0,0,2,23,2640,22,22,7806,0,0,0,0,0,0,0,0,0
202507,405,35300,2,New Haven  CT ,16,16,6156,1,2,647,0,0,0,4,92,9219,5,5,2352,0,0,0,0,0,0,1,18,2100
202507,405,35980,2,Norwich-New London-Willimantic  CT ,21,21,7895,0,0,0,0,0,0,1,8,1100,16,16,6085,0,0,0,0,0,0,1,8,1100
202507,405,39480,5,Putnam  CT ,20,20,4876,0,0,0,0,0,0,0,0,0,16,16,4445,0,0,0,0,0,0,0,0,0
202507,405,45860,5,Torrington  CT ,10,10,4681,0,0,0,0,0,0,0,0,0,6,6,1942,0,0,0,0,0,0,0,0,0
202507,405,47930,2,Waterbury-Shelton  CT ,24,24,6552,3,6,780,1,3,285,0,0,0,8,8,3051,3,6,780,0,0,0,0,0,0
202507,406,14220,5,Bogalusa  LA ,0,0,0,0,0,0,0,0,0,0,0,0,0,0,0,0,0,0,0,0,0,0,0,0
202507,406,35380,2,New Orleans-Metairie  LA ,78,78,54172,14,28,3775,0,0,0,1,13,5008,44,44,44836,1,2,285,0,0,0,0,0,0
202507,406,38100,5,Picayune  MS ,29,29,4814,0,0,0,0,0,0,0,0,0,5,5,952,0,0,0,0,0,0,0,0,0
202507,406,43640,2,Slidell-Mandeville-Covington  LA ,69,69,20493,0,0,0,0,0,0,0,0,0,67,67,19976,0,0,0,0,0,0,0,0,0
202507,408,14860,2,Bridgeport-Stamford-Danbury  CT ,62,62,42874,4,8,1900,1,3,400,10,625,105345,51,51,30390,4,8,1900,1,3,400,9,620,104595
202507,408,25770,5,Hemlock Farms  PA ,18,18,6364,0,0,0,0,0,0,0,0,0,10,10,3064,0,0,0,0,0,0,0,0,0
202507,408,28740,2,Kingston  NY ,17,17,8366,1,2,337,1,3,512,1,12,1774,12,12,6649,0,0,0,0,0,0,0,0,0
202507,408,28880,2,Kiryas Joel-Poughkeepsie-Newburgh  NY ,48,48,20619,0,0,0,0,0,0,7,79,12987,27,27,9022,0,0,0,0,0,0,0,0,0
202507,408,33910,5,Monticello  NY ,45,45,14230,6,12,1530,1,3,512,0,0,0,1,1,86,0,0,0,0,0,0,0,0,0
202507,408,35620,2,New York-Newark-Jersey City  NY-NJ ,837,837,332303,71,142,17528,32,104,11278,101,2882,433888,532,532,229690,46,92,11845,22,74,8557,47,2254,341043
202507,408,45940,2,Trenton-Princeton  NJ ,50,50,8602,0,0,0,0,0,0,3,49,7458,25,25,6313,0,0,0,0,0,0,2,44,6958
202507,412,11580,5,Arcadia  FL ,14,14,4255,0,0,0,0,0,0,0,0,0,14,14,4255,0,0,0,0,0,0,0,0,0
202507,412,35840,2,North Port-Bradenton-Sarasota  FL ,785,785,247742,4,8,4062,1,4,580,9,216,80557,782,782,245376,4,8,4062,1,4,580,8,196,79056
202507,412,39460,2,Punta Gorda  FL ,208,208,69453,3,6,1062,0,0,0,1,5,899,202,202,65923,2,4,695,0,0,0,0,0,0
202507,416,36420,2,Oklahoma City  OK ,531,531,158105,11,22,2217,1,3,815,2,37,4145,175,175,65429,0,0,0,0,0,0,0,0,0
202507,416,43060,5,Shawnee  OK ,6,6,925,1,2,150,0,0,0,2,34,6567,4,4,580,1,2,150,0,0,0,2,34,6567
202507,420,23340,5,Fremont  NE ,3,3,1128,0,0,0,0,0,0,0,0,0,3,3,1128,0,0,0,0,0,0,0,0,0
202507,420,36540,2,Omaha  NE-IA ,473,473,66425,4,8,1613,1,4,480,13,287,33598,390,390,42979,3,6,1267,1,4,480,11,260,30327
202507,422,19660,2,Deltona-Daytona Beach-Ormond Beach  FL ,266,266,115653,3,6,1516,1,4,448,2,12,672,230,230,101868,3,6,1516,1,4,448,2,12,672
202507,422,29460,2,Lakeland-Winter Haven  FL ,548,548,180213,6,12,1717,0,0,0,1,22,2025,483,483,164367,4,8,1444,0,0,0,0,0,0
202507,422,36740,2,Orlando-Kissimmee-Sanford  FL ,1063,1063,384175,2,4,900,3,11,919,14,1004,176800,942,942,343839,2,4,900,3,11,919,11,884,171832
202507,422,48680,2,Wildwood-The Villages  FL ,258,258,62422,14,28,2832,0,0,0,1,28,2302,0,0,0,0,0,0,0,0,0,0,0,0
202507,424,32460,5,Mayfield  KY ,1,1,218,0,0,0,0,0,0,0,0,0,0,0,0,0,0,0,0,0,0,0,0,0
202507,424,37140,2,Paducah  KY-IL ,7,7,2046,0,0,0,0,0,0,0,0,0,6,6,1968,0,0,0,0,0,0,0,0,0
202507,425,31930,5,Marietta  OH ,1,1,113,0,0,0,0,0,0,0,0,0,0,0,0,0,0,0,0,0,0,0,0,0
202507,425,37620,2,Parkersburg-Vienna  WV ,12,12,1994,0,0,0,0,0,0,0,0,0,10,10,1657,0,0,0,0,0,0,0,0,0
202507,427,15900,5,Canton  IL ,1,1,439,0,0,0,0,0,0,0,0,0,1,1,439,0,0,0,0,0,0,0,0,0
202507,427,37900,2,Peoria  IL ,16,16,7872,0,0,0,0,0,0,0,0,0,8,8,4867,0,0,0,0,0,0,0,0,0
202507,428,12100,2,Atlantic City-Hammonton  NJ ,92,92,53187,1,2,698,0,0,0,0,0,0,67,67,43572,1,2,698,0,0,0,0,0,0
202507,428,20100,2,Dover  DE ,112,112,19152,4,8,2094,0,0,0,0,0,0,112,112,19152,4,8,2094,0,0,0,0,0,0
202507,428,37980,2,Philadelphia-Camden-Wilmington  PA-NJ-DE-MD ,680,680,160031,7,14,3190,13,49,7526,19,194,24265,347,347,86864,4,8,2066,11,42,6753,5,113,16263
202507,428,39740,2,Reading  PA ,31,31,8512,0,0,0,0,0,0,1,7,583,22,22,5424,0,0,0,0,0,0,0,0,0
202507,428,47220,2,Vineland  NJ ,7,7,1299,1,2,337,0,0,0,1,5,739,2,2,652,0,0,0,0,0,0,0,0,0
202507,429,37740,5,Payson  AZ ,12,12,3644,0,0,0,0,0,0,0,0,0,12,12,3644,0,0,0,0,0,0,0,0,0
202507,429,38060,2,Phoenix-Mesa-Chandler  AZ ,1744,1744,551814,36,72,11627,1,3,900,57,1837,297998,1646,1646,526740,36,72,11627,1,3,900,55,1724,279669
202507,430,25850,5,Hermitage  PA ,6,6,2033,0,0,0,0,0,0,0,0,0,0,0,0,0,0,0,0,0,0,0,0,0
202507,430,26860,5,Indiana  PA ,4,4,826,0,0,0,0,0,0,0,0,0,2,2,345,0,0,0,0,0,0,0,0,0
202507,430,38300,2,Pittsburgh  PA ,303,303,103659,3,6,724,3,10,2176,6,113,12716,181,181,61587,2,4,477,1,4,950,2,10,2164
202507,430,48260,2,Weirton-Steubenville  WV-OH ,2,2,699,0,0,0,0,0,0,0,0,0,2,2,699,0,0,0,0,0,0,0,0,0
202507,438,30340,2,Lewiston-Auburn  ME ,27,27,6860,0,0,0,0,0,0,0,0,0,15,15,3718,0,0,0,0,0,0,0,0,0
202507,438,38860,2,Portland-South Portland  ME ,193,193,73494,2,4,1290,2,6,994,6,49,5015,110,110,50167,2,4,1290,0,0,0,1,12,1850
202507,440,10540,2,Albany  OR ,19,19,7506,0,0,0,0,0,0,0,0,0,14,14,6044,0,0,0,0,0,0,0,0,0
202507,440,18700,2,Corvallis  OR ,13,13,4551,1,2,100,0,0,0,1,50,6592,13,13,4551,1,2,100,0,0,0,1,50,6592
202507,440,31020,2,Longview-Kelso  WA ,23,23,7790,0,0,0,0,0,0,0,0,0,23,23,7790,0,0,0,0,0,0,0,0,0
202507,440,38900,2,Portland-Vancouver-Hillsboro  OR-WA ,445,445,196728,15,30,4417,3,12,1090,4,112,15809,337,337,131542,15,30,4417,3,12,1090,2,93,13223
202507,440,41420,2,Salem  OR ,69,69,23590,1,2,542,1,3,839,1,18,1552,39,39,14028,0,0,0,0,0,0,0,0,0
202507,444,15860,5,Cañon City  CO ,13,13,4074,1,2,346,0,0,0,0,0,0,13,13,4074,1,2,346,0,0,0,0,0,0
202507,444,39380,2,Pueblo  CO ,20,20,3525,0,0,0,0,0,0,0,0,0,20,20,3525,0,0,0,0,0,0,0,0,0
202507,446,34140,5,Moscow  ID ,13,13,4945,0,0,0,0,0,0,0,0,0,13,13,4945,0,0,0,0,0,0,0,0,0
202507,446,39420,5,Pullman  WA ,1,1,150,0,0,0,0,0,0,0,0,0,1,1,150,0,0,0,0,0,0,0,0,0
202507,448,25300,5,Hannibal  MO ,4,4,1725,0,0,0,0,0,0,0,0,0,3,3,1600,0,0,0,0,0,0,0,0,0
202507,448,39500,5,Quincy  IL-MO ,3,3,867,1,2,331,1,3,455,0,0,0,0,0,0,0,0,0,0,0,0,0,0,0
202507,450,11360,5,Anderson Creek  NC ,194,194,57643,0,0,0,0,0,0,0,0,0,20,20,2994,0,0,0,0,0,0,0,0,0
202507,450,20500,2,Durham-Chapel Hill  NC ,244,244,95113,2,4,666,0,0,0,2,59,9756,79,79,38715,0,0,0,0,0,0,0,0,0
202507,450,25780,5,Henderson  NC ,6,6,2011,0,0,0,0,0,0,0,0,0,0,0,0,0,0,0,0,0,0,0,0,0
202507,450,39580,2,Raleigh-Cary  NC ,915,915,259099,26,52,6641,0,0,0,8,886,150261,836,836,240452,26,52,6641,0,0,0,7,868,148155
202507,450,41820,5,Sanford  NC ,80,80,3771,0,0,0,0,0,0,0,0,0,80,80,3771,0,0,0,0,0,0,0,0,0
202507,452,39660,2,Rapid City  SD ,134,134,60001,0,0,0,0,0,0,0,0,0,131,131,59146,0,0,0,0,0,0,0,0,0
202507,452,43940,5,Spearfish  SD ,20,20,9628,0,0,0,1,3,450,0,0,0,10,10,5388,0,0,0,0,0,0,0,0,0
202507,454,39780,5,Red Bluff  CA ,13,13,2367,1,2,416,0,0,0,0,0,0,0,0,0,1,2,416,0,0,0,0,0,0
202507,454,39820,2,Redding  CA ,19,19,6554,0,0,0,0,0,0,0,0,0,0,0,0,0,0,0,0,0,0,0,0,0
202507,456,16180,2,Carson City  NV ,13,13,4943,0,0,0,0,0,0,0,0,0,13,13,4943,0,0,0,0,0,0,0,0,0
202507,456,21980,5,Fallon  NV ,6,6,1721,0,0,0,0,0,0,0,0,0,6,6,1721,0,0,0,0,0,0,0,0,0
202507,456,23820,5,Gardnerville Ranchos  NV-CA ,43,43,21137,0,0,0,0,0,0,0,0,0,43,43,21137,0,0,0,0,0,0,0,0,0
202507,456,39900,2,Reno  NV ,161,161,45573,3,6,730,1,3,396,8,143,20335,41,41,11822,1,2,312,0,0,0,1,6,1564
202507,458,18220,5,Connersville  IN ,1,1,924,0,0,0,0,0,0,0,0,0,1,1,924,0,0,0,0,0,0,0,0,0
202507,458,39980,5,Richmond  IN ,4,4,1040,0,0,0,0,0,0,3,72,4253,0,0,0,0,0,0,0,0,0,3,72,4253
202507,462,12380,5,Austin  MN ,4,4,1143,0,0,0,0,0,0,0,0,0,1,1,625,0,0,0,0,0,0,0,0,0
202507,462,40340,2,Rochester  MN ,55,55,17369,0,0,0,0,0,0,3,150,23080,43,43,14869,0,0,0,0,0,0,1,140,21450
202507,462,49100,5,Winona  MN ,2,2,887,0,0,0,0,0,0,0,0,0,2,2,887,0,0,0,0,0,0,0,0,0
202507,464,12860,5,Batavia  NY ,4,4,1088,0,0,0,0,0,0,0,0,0,0,0,0,0,0,0,0,0,0,0,0,0
202507,464,40380,2,Rochester  NY ,99,99,38777,1,2,344,1,4,660,4,45,6767,63,63,28088,0,0,0,1,4,660,1,10,1900
202507,464,42900,5,Seneca Falls  NY ,3,3,345,0,0,0,0,0,0,0,0,0,3,3,345,0,0,0,0,0,0,0,0,0
202507,466,23300,5,Freeport  IL ,1,1,400,0,0,0,0,0,0,0,0,0,1,1,400,0,0,0,0,0,0,0,0,0
202507,466,40300,5,Rochelle  IL ,4,4,1103,0,0,0,0,0,0,0,0,0,3,3,975,0,0,0,0,0,0,0,0,0
202507,466,40420,2,Rockford  IL ,17,17,4930,0,0,0,0,0,0,0,0,0,16,16,4837,0,0,0,0,0,0,0,0,0
202507,468,40260,5,Roanoke Rapids  NC ,7,7,2691,0,0,0,0,0,0,0,0,0,1,1,246,0,0,0,0,0,0,0,0,0
202507,468,40580,2,Rocky Mount  NC ,45,45,8607,0,0,0,0,0,0,0,0,0,4,4,629,0,0,0,0,0,0,0,0,0
202507,468,48980,5,Wilson  NC ,16,16,4736,3,6,263,0,0,0,0,0,0,16,16,4736,3,6,263,0,0,0,0,0,0
202507,472,40900,2,Sacramento-Roseville-Folsom  CA ,549,549,206389,7,14,1448,0,0,0,2,192,22207,542,542,203930,7,14,1448,0,0,0,2,192,22207
202507,472,46020,5,Truckee-Grass Valley  CA ,13,13,6790,0,0,0,0,0,0,0,0,0,12,12,6465,0,0,0,0,0,0,0,0,0
202507,472,49700,2,Yuba City  CA ,64,64,27771,1,2,293,0,0,0,1,5,415,4,4,2641,0,0,0,0,0,0,0,0,0
202507,474,13020,2,Bay City  MI ,7,7,1125,0,0,0,0,0,0,0,0,0,7,7,1125,0,0,0,0,0,0,0,0,0
202507,474,33220,2,Midland  MI ,6,6,1980,0,0,0,0,0,0,0,0,0,1,1,213,0,0,0,0,0,0,0,0,0
202507,474,40980,2,Saginaw  MI ,16,16,5176,1,2,405,0,0,0,0,0,0,7,7,2722,1,2,405,0,0,0,0,0,0
202507,476,16460,5,Centralia  IL ,0,0,0,0,0,0,1,3,278,0,0,0,0,0,0,0,0,0,0,0,0,0,0,0
202507,476,22100,5,Farmington  MO ,10,10,2621,1,2,200,0,0,0,1,5,625,6,6,1815,1,2,200,0,0,0,0,0,0
202507,476,41180,2,St. Louis  MO-IL ,368,368,147352,5,10,946,4,14,4294,10,107,15699,266,266,103138,5,10,946,3,10,2789,2,32,4350
202507,480,36180,5,Ocean Pines  MD ,15,15,6699,0,0,0,0,0,0,0,0,0,14,14,6384,0,0,0,0,0,0,0,0,0
202507,480,41540,2,Salisbury  MD ,29,29,6173,0,0,0,0,0,0,0,0,0,27,27,5786,0,0,0,0,0,0,0,0,0
202507,482,14940,5,Brigham City  UT-ID ,35,35,11109,0,0,0,0,0,0,1,5,1217,23,23,7397,0,0,0,0,0,0,0,0,0
202507,482,25720,5,Heber  UT ,74,74,74203,0,0,0,0,0,0,0,0,0,53,53,56797,0,0,0,0,0,0,0,0,0
202507,482,36260,2,Ogden  UT ,143,143,61247,2,4,659,5,18,3663,5,44,7013,110,110,51384,1,2,279,4,15,3098,3,15,2757
202507,482,39340,2,Provo-Orem-Lehi  UT ,404,404,148008,0,0,0,5,20,5230,6,42,8142,397,397,143473,0,0,0,5,20,5230,6,42,8142
202507,482,41620,2,Salt Lake City-Murray  UT ,218,218,86797,0,0,0,2,7,1783,6,378,97124,204,204,80387,0,0,0,1,4,954,5,363,93616
202507,484,23240,5,Fredericksburg  TX ,4,4,853,0,0,0,0,0,0,0,0,0,0,0,0,0,0,0,0,0,0,0,0,0
202507,484,28500,5,Kerrville  TX ,9,9,2584,0,0,0,0,0,0,1,29,3250,0,0,0,0,0,0,0,0,0,0,0,0
202507,484,41700,2,San Antonio-New Braunfels  TX ,995,995,284483,1,2,255,0,0,0,2,18,2458,880,880,260596,0,0,0,0,0,0,1,5,861
202507,488,32900,2,Merced  CA ,48,48,15452,0,0,0,1,3,727,0,0,0,34,34,10936,0,0,0,1,3,727,0,0,0
202507,488,33700,2,Modesto  CA ,72,72,12257,0,0,0,0,0,0,1,36,3750,66,66,11357,0,0,0,0,0,0,1,36,3750
202507,488,34900,2,Napa  CA ,21,21,10744,1,2,779,0,0,0,0,0,0,20,20,9020,1,2,779,0,0,0,0,0,0
202507,488,41860,2,San Francisco-Oakland-Fremont  CA ,222,222,100538,3,6,1565,1,4,1130,8,67,17374,171,171,81169,0,0,0,1,4,1130,1,5,1048
202507,488,41940,2,San Jose-Sunnyvale-Santa Clara  CA ,170,170,72395,2,4,860,0,0,0,3,449,63821,151,151,60235,2,4,860,0,0,0,3,449,63821
202507,488,42100,2,Santa Cruz-Watsonville  CA ,16,16,4482,0,0,0,1,3,992,0,0,0,12,12,3870,0,0,0,0,0,0,0,0,0
202507,488,44700,2,Stockton-Lodi  CA ,232,232,95123,0,0,0,0,0,0,0,0,0,110,110,45612,0,0,0,0,0,0,0,0,0
202507,488,46700,2,Vallejo  CA ,79,79,21213,0,0,0,0,0,0,1,7,1815,51,51,16231,0,0,0,0,0,0,0,0,0
202507,496,25980,2,Hinesville  GA ,73,73,16051,1,2,400,0,0,0,0,0,0,49,49,10345,1,2,400,0,0,0,0,0,0
202507,496,27700,5,Jesup  GA ,5,5,901,0,0,0,0,0,0,0,0,0,5,5,901,0,0,0,0,0,0,0,0,0
202507,496,42340,2,Savannah  GA ,368,368,93112,1,2,190,4,16,4841,15,505,69676,276,276,69960,0,0,0,4,16,4841,14,500,68969
202507,496,44340,5,Statesboro  GA ,95,95,20230,5,10,1058,0,0,0,0,0,0,46,46,7855,0,0,0,0,0,0,0,0,0
202507,500,14740,2,Bremerton-Silverdale-Port Orchard  WA ,64,64,30167,1,2,437,0,0,0,14,354,61716,64,64,30167,1,2,437,0,0,0,14,354,61716
202507,500,16500,5,Centralia  WA ,37,37,8458,0,0,0,0,0,0,0,0,0,37,37,8458,0,0,0,0,0,0,0,0,0
202507,500,34580,2,Mount Vernon-Anacortes  WA ,14,14,5072,0,0,0,0,0,0,1,11,1027,14,14,5072,0,0,0,0,0,0,0,0,0
202507,500,36020,5,Oak Harbor  WA ,30,30,9687,1,2,646,0,0,0,0,0,0,7,7,2251,1,2,646,0,0,0,0,0,0
202507,500,36500,2,Olympia-Lacey-Tumwater  WA ,88,88,25962,0,0,0,1,3,736,2,35,10280,80,80,24105,0,0,0,0,0,0,1,24,9576
202507,500,42660,2,Seattle-Tacoma-Bellevue  WA ,587,587,243198,43,86,25048,14,48,11103,13,287,39600,514,514,210393,43,86,25048,13,45,10465,8,201,22931
202507,500,43220,5,Shelton  WA ,24,24,8756,0,0,0,0,0,0,0,0,0,20,20,7759,0,0,0,0,0,0,0,0,0
202507,508,33380,5,Minden  LA ,2,2,552,0,0,0,0,0,0,0,0,0,0,0,0,0,0,0,0,0,0,0,0,0
202507,508,43340,2,Shreveport-Bossier City  LA ,72,72,22427,0,0,0,0,0,0,0,0,0,51,51,18673,0,0,0,0,0,0,0,0,0
202507,512,30180,5,Le Mars  IA ,4,4,1997,0,0,0,0,0,0,1,9,944,3,3,1412,0,0,0,0,0,0,0,0,0
202507,512,43580,2,Sioux City  IA-NE-SD ,22,22,5542,0,0,0,0,0,0,7,128,18668,17,17,4586,0,0,0,0,0,0,7,128,18668
202507,515,21140,2,Elkhart-Goshen  IN ,27,27,8204,0,0,0,0,0,0,1,17,4201,24,24,7302,0,0,0,0,0,0,0,0,0
202507,515,35660,2,Niles  MI ,17,17,11632,2,4,671,0,0,0,0,0,0,13,13,10586,2,4,671,0,0,0,0,0,0
202507,515,38500,5,Plymouth  IN ,13,13,3907,0,0,0,0,0,0,0,0,0,10,10,2661,0,0,0,0,0,0,0,0,0
202507,515,43780,2,South Bend-Mishawaka  IN-MI ,37,37,17472,1,2,234,0,0,0,1,23,4522,9,9,3160,0,0,0,0,0,0,0,0,0
202507,515,47700,5,Warsaw  IN ,21,21,7119,1,2,50,0,0,0,0,0,0,0,0,0,0,0,0,0,0,0,0,0,0
202507,517,43980,5,Spencer  IA ,0,0,0,0,0,0,1,4,580,0,0,0,0,0,0,0,0,0,1,4,580,0,0,0
202507,517,44020,5,Spirit Lake  IA ,3,3,2224,1,2,500,0,0,0,0,0,0,3,3,2224,1,2,500,0,0,0,0,0,0
202507,518,17660,2,Coeur dAlene  ID ,103,103,38727,5,10,2663,1,4,826,1,10,1084,84,84,33706,4,8,2279,1,4,826,0,0,0
202507,518,44060,2,Spokane-Spokane Valley  WA ,126,126,39236,5,10,1806,0,0,0,5,60,8475,61,61,22764,4,8,1446,0,0,0,4,30,5750
202507,521,11200,2,Amherst Town-Northampton  MA ,10,10,4818,0,0,0,0,0,0,2,13,1218,4,4,1600,0,0,0,0,0,0,0,0,0
202507,521,24640,5,Greenfield  MA ,5,5,1212,0,0,0,0,0,0,0,0,0,0,0,0,0,0,0,0,0,0,0,0,0
202507,521,44140,2,Springfield  MA ,26,26,8853,0,0,0,0,0,0,1,11,1162,10,10,4550,0,0,0,0,0,0,0,0,0
202507,522,27300,5,Jacksonville  IL ,0,0,0,0,0,0,0,0,0,0,0,0,0,0,0,0,0,0,0,0,0,0,0,0
202507,522,30660,5,Lincoln  IL ,0,0,0,0,0,0,0,0,0,0,0,0,0,0,0,0,0,0,0,0,0,0,0,0
202507,522,44100,2,Springfield  IL ,15,15,5267,1,2,303,0,0,0,0,0,0,7,7,2512,0,0,0,0,0,0,0,0,0
202507,522,45380,5,Taylorville  IL ,5,5,1918,0,0,0,0,0,0,0,0,0,0,0,0,0,0,0,0,0,0,0,0,0
202507,523,18060,5,Columbus  MS ,9,9,979,0,0,0,0,0,0,0,0,0,0,0,0,0,0,0,0,0,0,0,0,0
202507,523,44260,5,Starkville  MS ,4,4,1305,0,0,0,0,0,0,0,0,0,0,0,0,0,0,0,0,0,0,0,0,0
202507,524,20180,5,DuBois  PA ,3,3,915,1,2,270,0,0,0,0,0,0,0,0,0,0,0,0,0,0,0,0,0,0
202507,524,44300,2,State College  PA ,22,22,5983,8,16,1900,0,0,0,0,0,0,19,19,5387,8,16,1900,0,0,0,0,0,0
202507,532,12180,5,Auburn  NY ,5,5,866,0,0,0,0,0,0,0,0,0,0,0,0,0,0,0,0,0,0,0,0,0
202507,532,45060,2,Syracuse  NY ,40,40,14745,0,0,0,0,0,0,1,5,625,24,24,10010,0,0,0,0,0,0,0,0,0
202507,533,12460,5,Bainbridge  GA ,6,6,1188,0,0,0,0,0,0,1,5,465,0,0,0,0,0,0,0,0,0,0,0,0
202507,533,45220,2,Tallahassee  FL ,125,125,24504,1,2,222,0,0,0,3,108,13817,58,58,10419,0,0,0,0,0,0,0,0,0
202507,536,35700,5,Nogales  AZ ,35,35,9282,0,0,0,0,0,0,0,0,0,35,35,9282,0,0,0,0,0,0,0,0,0
202507,536,46060,2,Tucson  AZ ,256,256,97224,1,2,238,0,0,0,3,48,7203,193,193,81164,0,0,0,0,0,0,0,0,0
202507,538,12780,5,Bartlesville  OK ,2,2,413,0,0,0,0,0,0,0,0,0,1,1,125,0,0,0,0,0,0,0,0,0
202507,538,34780,5,Muskogee  OK ,5,5,1384,0,0,0,0,0,0,0,0,0,5,5,1384,0,0,0,0,0,0,0,0,0
202507,538,46140,2,Tulsa  OK ,313,313,65977,9,18,2785,0,0,0,2,64,21385,287,287,56628,9,18,2785,0,0,0,1,59,21000
202507,539,18420,5,Corinth  MS ,1,1,220,0,0,0,0,0,0,0,0,0,1,1,220,0,0,0,0,0,0,0,0,0
202507,539,46180,5,Tupelo  MS ,9,9,3096,0,0,0,0,0,0,0,0,0,9,9,3096,0,0,0,0,0,0,0,0,0
202507,540,27380,5,Jacksonville  TX ,1,1,288,0,0,0,0,0,0,0,0,0,0,0,0,0,0,0,0,0,0,0,0,0
202507,540,46340,2,Tyler  TX ,45,45,12993,2,4,646,0,0,0,0,0,0,35,35,10249,2,4,646,0,0,0,0,0,0
202507,542,32280,5,Martin  TN ,5,5,1384,0,0,0,0,0,0,0,0,0,3,3,1190,0,0,0,0,0,0,0,0,0
202507,542,46460,5,Union City  TN ,2,2,482,0,0,0,0,0,0,0,0,0,2,2,482,0,0,0,0,0,0,0,0,0
202507,544,38920,5,Port Lavaca  TX ,7,7,2201,0,0,0,0,0,0,0,0,0,5,5,1661,0,0,0,0,0,0,0,0,0
202507,544,47020,2,Victoria  TX ,3,3,888,0,0,0,0,0,0,1,75,10165,3,3,888,0,0,0,0,0,0,1,75,10165
202507,545,21020,5,Elizabeth City  NC ,14,14,3514,0,0,0,0,0,0,0,0,0,8,8,2110,0,0,0,0,0,0,0,0,0
202507,545,28620,5,Kill Devil Hills  NC ,31,31,18736,0,0,0,0,0,0,0,0,0,6,6,4585,0,0,0,0,0,0,0,0,0
202507,545,47260,2,Virginia Beach-Chesapeake-Norfolk  VA-NC ,345,345,111096,0,0,0,0,0,0,3,183,17319,344,344,110910,0,0,0,0,0,0,3,183,17319
202507,548,12580,2,Baltimore-Columbia-Towson  MD ,313,313,85429,0,0,0,0,0,0,2,76,17898,292,292,81116,0,0,0,0,0,0,0,0,0
202507,548,15700,5,Cambridge  MD ,8,8,1668,0,0,0,0,0,0,0,0,0,7,7,1496,0,0,0,0,0,0,0,0,0
202507,548,16540,2,Chambersburg  PA ,46,46,16685,0,0,0,1,4,320,3,43,2935,29,29,11278,0,0,0,1,4,320,3,43,2935
202507,548,20660,5,Easton  MD ,6,6,1577,0,0,0,0,0,0,0,0,0,6,6,1577,0,0,0,0,0,0,0,0,0
202507,548,25180,2,Hagerstown-Martinsburg  MD-WV ,172,172,38766,0,0,0,0,0,0,0,0,0,164,164,37188,0,0,0,0,0,0,0,0,0
202507,548,29470,5,Lake of the Woods  VA ,31,31,9743,0,0,0,0,0,0,0,0,0,31,31,9743,0,0,0,0,0,0,0,0,0
202507,548,30500,2,Lexington Park  MD ,21,21,6394,0,0,0,0,0,0,0,0,0,21,21,6394,0,0,0,0,0,0,0,0,0
202507,548,47900,2,Washington-Arlington-Alexandria  DC-VA-MD-WV ,983,983,297443,0,0,0,0,0,0,13,670,122053,945,945,288735,0,0,0,0,0,0,12,662,120905
202507,548,49020,2,Winchester  VA-WV ,80,80,19456,0,0,0,0,0,0,0,0,0,80,80,19456,0,0,0,0,0,0,0,0,0
202507,554,44620,5,Stevens Point-Plover  WI ,27,27,8319,1,2,437,0,0,0,0,0,0,26,26,8031,0,0,0,0,0,0,0,0,0
202507,554,48140,2,Wausau  WI ,26,26,8402,0,0,0,0,0,0,3,66,14654,13,13,3665,0,0,0,0,0,0,1,50,11700
202507,554,49220,5,Wisconsin Rapids-Marshfield  WI ,19,19,5644,1,2,243,0,0,0,0,0,0,8,8,1541,0,0,0,0,0,0,0,0,0
202507,555,21120,5,Elk City  OK ,0,0,0,0,0,0,0,0,0,0,0,0,0,0,0,0,0,0,0,0,0,0,0,0
202507,555,48220,5,Weatherford  OK ,5,5,1776,0,0,0,0,0,0,0,0,0,5,5,1776,0,0,0,0,0,0,0,0,0
202507,556,11680,5,Arkansas City-Winfield  KS ,3,3,833,1,2,255,0,0,0,0,0,0,1,1,550,1,2,255,0,0,0,0,0,0
202507,556,48620,2,Wichita  KS ,133,133,48221,33,66,9733,0,0,0,0,0,0,102,102,36667,29,58,8500,0,0,0,0,0,0
202507,558,30820,5,Lock Haven  PA ,2,2,527,0,0,0,0,0,0,0,0,0,0,0,0,0,0,0,0,0,0,0,0,0
202507,558,48700,2,Williamsport  PA ,4,4,1527,0,0,0,0,0,0,0,0,0,0,0,0,0,0,0,0,0,0,0,0,0
202507,566,41400,5,Salem  OH ,1,1,346,0,0,0,0,0,0,0,0,0,0,0,0,0,0,0,0,0,0,0,0,0
202507,566,49660,2,Youngstown-Warren  OH ,29,29,7929,0,0,0,0,0,0,0,0,0,29,29,7929,0,0,0,0,0,0,0,0,0
202507,999,10100,5,Aberdeen  SD ,4,4,2395,1,2,261,0,0,0,0,0,0,4,4,2395,1,2,261,0,0,0,0,0,0
202507,999,10140,5,Aberdeen  WA ,23,23,6378,1,2,502,0,0,0,0,0,0,11,11,3223,0,0,0,0,0,0,0,0,0
202507,999,10220,5,Ada  OK ,0,0,0,0,0,0,0,0,0,0,0,0,0,0,0,0,0,0,0,0,0,0,0,0
202507,999,10460,5,Alamogordo  NM ,0,0,0,0,0,0,0,0,0,0,0,0,0,0,0,0,0,0,0,0,0,0,0,0
202507,999,10480,5,Alamosa  CO ,17,17,5980,1,2,263,0,0,0,0,0,0,5,5,1460,1,2,263,0,0,0,0,0,0
202507,999,10500,4,Albany  GA ,17,17,2721,1,2,251,0,0,0,1,5,710,9,9,1100,1,2,251,0,0,0,0,0,0
202507,999,10660,5,Albert Lea  MN ,2,2,611,0,0,0,0,0,0,0,0,0,2,2,611,0,0,0,0,0,0,0,0,0
202507,999,10780,4,Alexandria  LA ,22,22,5614,1,2,145,0,0,0,0,0,0,1,1,125,0,0,0,0,0,0,0,0,0
202507,999,10820,5,Alexandria  MN ,20,20,7310,0,0,0,0,0,0,1,7,716,14,14,4634,0,0,0,0,0,0,0,0,0
202507,999,10980,5,Alpena  MI ,1,1,65,0,0,0,0,0,0,0,0,0,1,1,65,0,0,0,0,0,0,0,0,0
202507,999,11060,5,Altus  OK ,4,4,900,0,0,0,0,0,0,0,0,0,4,4,900,0,0,0,0,0,0,0,0,0
202507,999,11140,5,Americus  GA ,6,6,1610,0,0,0,0,0,0,0,0,0,4,4,1185,0,0,0,0,0,0,0,0,0
202507,999,11260,4,Anchorage  AK ,17,17,6843,3,6,1251,1,3,448,1,7,1291,1,1,234,0,0,0,0,0,0,0,0,0
202507,999,11500,4,Anniston-Oxford  AL ,22,22,3147,0,0,0,0,0,0,0,0,0,20,20,2666,0,0,0,0,0,0,0,0,0
202507,999,11620,5,Ardmore  OK ,0,0,0,0,0,0,0,0,0,0,0,0,0,0,0,0,0,0,0,0,0,0,0,0
202507,999,11660,5,Arkadelphia  AR ,1,1,397,0,0,0,0,0,0,0,0,0,1,1,397,0,0,0,0,0,0,0,0,0
202507,999,11820,5,Astoria  OR ,6,6,2272,0,0,0,0,0,0,3,30,3720,5,5,1797,0,0,0,0,0,0,3,30,3720
202507,999,12260,4,Augusta-Richmond County  GA-SC ,281,281,81286,3,6,840,0,0,0,0,0,0,53,53,17879,3,6,840,0,0,0,0,0,0
202507,999,12300,5,Augusta-Waterville  ME ,38,38,12324,1,2,35,0,0,0,0,0,0,3,3,1700,0,0,0,0,0,0,0,0,0
202507,999,12420,4,Austin-Round Rock-San Marcos  TX ,1540,1540,466513,28,56,8173,0,0,0,21,1321,183994,1233,1233,388513,26,52,7713,0,0,0,18,1238,175388
202507,999,12520,5,Baker City  OR ,6,6,1264,0,0,0,0,0,0,0,0,0,6,6,1264,0,0,0,0,0,0,0,0,0
202507,999,12540,4,Bakersfield-Delano  CA ,211,211,51016,16,32,4245,0,0,0,0,0,0,33,33,8331,0,0,0,0,0,0,0,0,0
202507,999,12620,4,Bangor  ME ,25,25,6167,1,2,265,0,0,0,1,5,496,4,4,1243,0,0,0,0,0,0,0,0,0
202507,999,12900,5,Batesville  AR ,0,0,0,0,0,0,0,0,0,0,0,0,0,0,0,0,0,0,0,0,0,0,0,0
202507,999,13140,4,Beaumont-Port Arthur  TX ,72,72,20513,1,2,221,0,0,0,1,5,511,58,58,17047,0,0,0,0,0,0,0,0,0
202507,999,13220,4,Beckley  WV ,10,10,3308,0,0,0,0,0,0,0,0,0,10,10,3308,0,0,0,0,0,0,0,0,0
202507,999,13300,5,Beeville  TX ,1,1,123,0,0,0,0,0,0,0,0,0,0,0,0,0,0,0,0,0,0,0,0,0
202507,999,13380,4,Bellingham  WA ,68,68,21517,7,14,2617,1,3,680,2,13,1977,32,32,9830,6,12,2063,0,0,0,1,8,1200
202507,999,13420,5,Bemidji  MN ,8,8,2081,0,0,0,0,0,0,1,7,197,6,6,1692,0,0,0,0,0,0,0,0,0
202507,999,13460,4,Bend  OR ,126,126,45836,1,2,672,0,0,0,10,394,55288,126,126,45836,1,2,672,0,0,0,10,394,55288
202507,999,13540,5,Bennington  VT ,4,4,1805,0,0,0,0,0,0,1,6,1600,1,1,311,0,0,0,0,0,0,1,6,1600
202507,999,13700,5,Big Spring  TX ,1,1,303,0,0,0,0,0,0,0,0,0,0,0,0,0,0,0,0,0,0,0,0,0
202507,999,13740,4,Billings  MT ,53,53,16860,16,32,6286,2,8,1905,1,15,2841,28,28,8785,15,30,5874,0,0,0,0,0,0
202507,999,13780,4,Binghamton  NY ,13,13,2851,0,0,0,0,0,0,3,18,2035,1,1,500,0,0,0,0,0,0,0,0,0
202507,999,13860,5,Bishop  CA ,1,1,159,0,0,0,0,0,0,0,0,0,0,0,0,0,0,0,0,0,0,0,0,0
202507,999,13900,4,Bismarck  ND ,53,53,17263,0,0,0,0,0,0,0,0,0,51,51,16554,0,0,0,0,0,0,0,0,0
202507,999,13980,4,Blacksburg-Christiansburg-Radford  VA ,32,32,9012,0,0,0,0,0,0,0,0,0,14,14,3966,0,0,0,0,0,0,0,0,0
202507,999,14140,5,Bluefield  WV-VA ,1,1,200,0,0,0,0,0,0,0,0,0,1,1,200,0,0,0,0,0,0,0,0,0
202507,999,14180,5,Blytheville  AR ,6,6,1091,0,0,0,0,0,0,0,0,0,0,0,0,0,0,0,0,0,0,0,0,0
202507,999,14380,5,Boone  NC ,21,21,16782,3,6,2100,0,0,0,0,0,0,17,17,14862,3,6,2100,0,0,0,0,0,0
202507,999,14580,4,Bozeman  MT ,54,54,14898,2,4,764,2,6,1042,2,38,4013,34,34,9931,0,0,0,0,0,0,0,0,0
202507,999,14620,5,Bradford  PA ,2,2,615,0,0,0,0,0,0,0,0,0,0,0,0,0,0,0,0,0,0,0,0,0
202507,999,14660,5,Brainerd  MN ,89,89,29701,0,0,0,0,0,0,0,0,0,72,72,24371,0,0,0,0,0,0,0,0,0
202507,999,14700,5,Branson  MO ,20,20,5287,0,0,0,0,0,0,1,5,435,13,13,3984,0,0,0,0,0,0,0,0,0
202507,999,14720,5,Breckenridge  CO ,13,13,8685,0,0,0,0,0,0,1,5,1217,5,5,5982,0,0,0,0,0,0,0,0,0
202507,999,15100,5,Brookings  SD ,15,15,3580,0,0,0,0,0,0,0,0,0,14,14,3313,0,0,0,0,0,0,0,0,0
202507,999,15220,5,Brownwood  TX ,13,13,3019,0,0,0,0,0,0,0,0,0,3,3,320,0,0,0,0,0,0,0,0,0
202507,999,15260,4,Brunswick-St.Simons  GA ,52,52,19667,5,10,1136,1,4,808,1,9,1079,0,0,0,0,0,0,0,0,0,0,0,0
202507,999,15420,5,Burley  ID ,26,26,7207,0,0,0,0,0,0,0,0,0,20,20,5416,0,0,0,0,0,0,0,0,0
202507,999,15580,5,Butte-Silver Bow  MT ,4,4,449,0,0,0,0,0,0,0,0,0,0,0,0,0,0,0,0,0,0,0,0,0
202507,999,15620,5,Cadillac  MI ,13,13,3270,0,0,0,0,0,0,1,7,2191,9,9,2330,0,0,0,0,0,0,0,0,0
202507,999,15780,5,Camden  AR ,0,0,0,0,0,0,0,0,0,0,0,0,0,0,0,0,0,0,0,0,0,0,0,0
202507,999,15820,5,Campbellsville  KY ,2,2,449,0,0,0,0,0,0,0,0,0,0,0,0,0,0,0,0,0,0,0,0,0
202507,999,16100,5,Carlsbad-Artesia  NM ,11,11,4581,0,0,0,0,0,0,0,0,0,11,11,4581,0,0,0,0,0,0,0,0,0
202507,999,16140,5,Carroll  IA ,3,3,1430,0,0,0,0,0,0,0,0,0,1,1,525,0,0,0,0,0,0,0,0,0
202507,999,16220,4,Casper  WY ,16,16,3706,1,2,399,0,0,0,0,0,0,9,9,2891,1,2,399,0,0,0,0,0,0
202507,999,16260,5,Cedar City  UT ,39,39,10709,0,0,0,0,0,0,0,0,0,39,39,10709,0,0,0,0,0,0,0,0,0
202507,999,16660,5,Charleston-Mattoon  IL ,0,0,0,0,0,0,0,0,0,1,5,368,0,0,0,0,0,0,0,0,0,0,0,0
202507,999,16700,4,Charleston-North Charleston  SC ,499,499,187797,0,0,0,0,0,0,2,54,4402,284,284,127324,0,0,0,0,0,0,0,0,0
202507,999,16820,4,Charlottesville  VA ,98,98,26413,0,0,0,1,3,238,2,17,2491,30,30,644,0,0,0,0,0,0,0,0,0
202507,999,16940,4,Cheyenne  WY ,26,26,5608,0,0,0,1,3,311,1,9,1061,15,15,2880,0,0,0,0,0,0,0,0,0
202507,999,17020,4,Chico  CA ,61,61,11675,1,2,155,0,0,0,1,6,525,16,16,3120,0,0,0,0,0,0,0,0,0
202507,999,17300,4,Clarksville  TN-KY ,123,123,32499,0,0,0,0,0,0,5,40,3420,121,121,32273,0,0,0,0,0,0,5,40,3420
202507,999,17340,5,Clearlake  CA ,6,6,1264,0,0,0,0,0,0,1,5,640,2,2,245,0,0,0,0,0,0,0,0,0
202507,999,17380,5,Cleveland  MS ,4,4,340,0,0,0,0,0,0,0,0,0,4,4,340,0,0,0,0,0,0,0,0,0
202507,999,17580,5,Clovis  NM ,3,3,847,5,10,1852,0,0,0,0,0,0,3,3,847,5,10,1852,0,0,0,0,0,0
202507,999,17650,5,Cody  WY ,20,20,5440,0,0,0,0,0,0,0,0,0,20,20,5440,0,0,0,0,0,0,0,0,0
202507,999,17740,5,Coldwater  MI ,3,3,929,0,0,0,0,0,0,0,0,0,0,0,0,0,0,0,0,0,0,0,0,0
202507,999,17780,4,College Station-Bryan  TX ,87,87,21412,3,6,826,24,95,6417,1,41,6468,32,32,7809,1,2,128,23,92,5903,0,0,0
202507,999,17820,4,Colorado Springs  CO ,278,278,149538,1,2,609,0,0,0,0,0,0,270,270,147342,1,2,609,0,0,0,0,0,0
202507,999,18100,5,Columbus  NE ,9,9,3082,0,0,0,0,0,0,0,0,0,7,7,2392,0,0,0,0,0,0,0,0,0
202507,999,18260,5,Cookeville  TN ,77,77,19647,0,0,0,0,0,0,0,0,0,75,75,19356,0,0,0,0,0,0,0,0,0
202507,999,18300,5,Coos Bay-North Bend  OR ,7,7,2564,0,0,0,1,3,500,0,0,0,0,0,0,0,0,0,1,3,500,0,0,0
202507,999,18380,5,Cordele  GA ,2,2,367,0,0,0,0,0,0,0,0,0,1,1,100,0,0,0,0,0,0,0,0,0
202507,999,18880,4,Crestview-Fort Walton Beach-Destin  FL ,226,226,153070,0,0,0,0,0,0,1,6,910,226,226,153070,0,0,0,0,0,0,1,6,910
202507,999,18900,5,Crossville  TN ,3,3,198,0,0,0,0,0,0,0,0,0,3,3,198,0,0,0,0,0,0,0,0,0
202507,999,19060,5,Cumberland  MD-WV ,8,8,1372,0,0,0,0,0,0,0,0,0,7,7,1203,0,0,0,0,0,0,0,0,0
202507,999,19220,5,Danville  KY ,13,13,2785,0,0,0,0,0,0,0,0,0,5,5,1481,0,0,0,0,0,0,0,0,0
202507,999,19260,5,Danville  VA ,6,6,1454,0,0,0,0,0,0,0,0,0,0,0,0,0,0,0,0,0,0,0,0,0
202507,999,19500,4,Decatur  IL ,3,3,1166,0,0,0,0,0,0,0,0,0,0,0,0,0,0,0,0,0,0,0,0,0
202507,999,19580,5,Defiance  OH ,5,5,1274,0,0,0,0,0,0,0,0,0,2,2,503,0,0,0,0,0,0,0,0,0
202507,999,19620,5,Del Rio  TX ,7,7,1631,0,0,0,0,0,0,0,0,0,0,0,0,0,0,0,0,0,0,0,0,0
202507,999,19700,5,Deming  NM ,1,1,204,0,0,0,0,0,0,0,0,0,0,0,0,0,0,0,0,0,0,0,0,0
202507,999,19810,5,Detroit Lakes  MN ,13,13,5673,0,0,0,0,0,0,0,0,0,10,10,4905,0,0,0,0,0,0,0,0,0
202507,999,19860,5,Dickinson  ND ,9,9,2520,0,0,0,0,0,0,0,0,0,8,8,2199,0,0,0,0,0,0,0,0,0
202507,999,19980,5,Dodge City  KS ,9,9,2599,0,0,0,0,0,0,0,0,0,9,9,2599,0,0,0,0,0,0,0,0,0
202507,999,20060,5,Douglas  GA ,9,9,1530,0,0,0,1,3,244,0,0,0,0,0,0,0,0,0,0,0,0,0,0,0
202507,999,20140,5,Dublin  GA ,3,3,591,0,0,0,0,0,0,0,0,0,0,0,0,0,0,0,0,0,0,0,0,0
202507,999,20220,4,Dubuque  IA ,11,11,6634,0,0,0,0,0,0,0,0,0,11,11,6634,0,0,0,0,0,0,0,0,0
202507,999,20300,5,Dumas  TX ,2,2,455,0,0,0,0,0,0,0,0,0,0,0,0,0,0,0,0,0,0,0,0,0
202507,999,20420,5,Durango  CO ,21,21,18483,0,0,0,0,0,0,0,0,0,18,18,17671,0,0,0,0,0,0,0,0,0
202507,999,20540,5,Dyersburg  TN ,10,10,2169,0,0,0,0,0,0,0,0,0,10,10,2169,0,0,0,0,0,0,0,0,0
202507,999,20580,4,Eagle Pass  TX ,5,5,1434,1,2,307,0,0,0,0,0,0,0,0,0,0,0,0,0,0,0,0,0,0
202507,999,20820,5,Effingham  IL ,4,4,1349,0,0,0,0,0,0,0,0,0,2,2,635,0,0,0,0,0,0,0,0,0
202507,999,20940,4,El Centro  CA ,20,20,3271,0,0,0,0,0,0,1,5,626,17,17,2612,0,0,0,0,0,0,0,0,0
202507,999,20980,5,El Dorado  AR ,1,1,175,0,0,0,0,0,0,0,0,0,0,0,0,0,0,0,0,0,0,0,0,0
202507,999,21180,5,Elkins  WV ,0,0,0,0,0,0,0,0,0,0,0,0,0,0,0,0,0,0,0,0,0,0,0,0
202507,999,21220,5,Elko  NV ,12,12,1601,0,0,0,0,0,0,0,0,0,12,12,1601,0,0,0,0,0,0,0,0,0
202507,999,21260,5,Ellensburg  WA ,8,8,4044,0,0,0,0,0,0,0,0,0,8,8,4044,0,0,0,0,0,0,0,0,0
202507,999,21380,5,Emporia  KS ,4,4,728,1,2,197,0,0,0,0,0,0,0,0,0,1,2,197,0,0,0,0,0,0
202507,999,21420,4,Enid  OK ,1,1,80,0,0,0,0,0,0,0,0,0,1,1,80,0,0,0,0,0,0,0,0,0
202507,999,21540,5,Escanaba  MI ,8,8,2083,0,0,0,0,0,0,0,0,0,8,8,2083,0,0,0,0,0,0,0,0,0
202507,999,21640,5,Eufaula  AL-GA ,3,3,533,0,0,0,0,0,0,0,0,0,0,0,0,0,0,0,0,0,0,0,0,0
202507,999,21660,4,Eugene-Springfield  OR ,71,71,20389,1,2,488,0,0,0,5,60,10084,39,39,11380,0,0,0,0,0,0,3,48,8101
202507,999,21700,5,Eureka-Arcata  CA ,15,15,3640,0,0,0,0,0,0,0,0,0,12,12,2816,0,0,0,0,0,0,0,0,0
202507,999,21740,5,Evanston  WY-UT ,12,12,7080,0,0,0,0,0,0,0,0,0,8,8,5636,0,0,0,0,0,0,0,0,0
202507,999,21820,4,Fairbanks-College  AK ,0,0,0,1,2,450,0,0,0,0,0,0,0,0,0,0,0,0,0,0,0,0,0,0
202507,999,21860,5,Fairmont  MN ,0,0,0,0,0,0,0,0,0,0,0,0,0,0,0,0,0,0,0,0,0,0,0,0
202507,999,22140,4,Farmington  NM ,6,6,4175,0,0,0,0,0,0,0,0,0,6,6,4175,0,0,0,0,0,0,0,0,0
202507,999,22220,4,Fayetteville-Springdale-Rogers  AR ,538,538,179159,19,38,7175,0,0,0,2,13,959,434,434,151121,16,32,6369,0,0,0,0,0,0
202507,999,22260,5,Fergus Falls  MN ,10,10,3090,0,0,0,0,0,0,0,0,0,3,3,1248,0,0,0,0,0,0,0,0,0
202507,999,22340,5,Fitzgerald  GA ,1,1,107,0,0,0,0,0,0,0,0,0,1,1,107,0,0,0,0,0,0,0,0,0
202507,999,22380,4,Flagstaff  AZ ,22,22,10579,1,2,482,0,0,0,2,31,3735,1,1,292,0,0,0,0,0,0,0,0,0
202507,999,22500,4,Florence  SC ,59,59,10078,0,0,0,0,0,0,1,5,672,10,10,1702,0,0,0,0,0,0,0,0,0
202507,999,22540,4,Fond du Lac  WI ,17,17,6327,0,0,0,0,0,0,0,0,0,2,2,555,0,0,0,0,0,0,0,0,0
202507,999,22580,5,Forest City  NC ,26,26,7997,0,0,0,0,0,0,0,0,0,26,26,7997,0,0,0,0,0,0,0,0,0
202507,999,22660,4,Fort Collins  CO ,65,65,24979,0,0,0,0,0,0,4,72,12556,65,65,24979,0,0,0,0,0,0,4,72,12556
202507,999,22700,5,Fort Dodge  IA ,4,4,594,0,0,0,0,0,0,0,0,0,1,1,80,0,0,0,0,0,0,0,0,0
202507,999,22780,5,Fort Leonard Wood  MO ,6,6,971,0,0,0,0,0,0,0,0,0,0,0,0,0,0,0,0,0,0,0,0,0
202507,999,22820,5,Fort Morgan  CO ,7,7,1195,0,0,0,0,0,0,0,0,0,7,7,1195,0,0,0,0,0,0,0,0,0
202507,999,22900,4,Fort Smith  AR-OK ,22,22,5093,20,40,4173,2,6,1156,7,112,10003,12,12,3352,19,38,4010,0,0,0,7,112,10003
202507,999,23460,4,Gadsden  AL ,9,9,1793,0,0,0,0,0,0,0,0,0,5,5,1350,0,0,0,0,0,0,0,0,0
202507,999,23660,5,Galesburg  IL ,1,1,175,0,0,0,0,0,0,0,0,0,0,0,0,0,0,0,0,0,0,0,0,0
202507,999,23680,5,Gallipolis  OH ,0,0,0,0,0,0,0,0,0,0,0,0,0,0,0,0,0,0,0,0,0,0,0,0
202507,999,23700,5,Gallup  NM ,1,1,175,0,0,0,0,0,0,0,0,0,0,0,0,0,0,0,0,0,0,0,0,0
202507,999,23780,5,Garden City  KS ,3,3,674,0,0,0,0,0,0,0,0,0,0,0,0,0,0,0,0,0,0,0,0,0
202507,999,23940,5,Gillette  WY ,5,5,2050,0,0,0,0,0,0,0,0,0,5,5,2050,0,0,0,0,0,0,0,0,0
202507,999,24140,4,Goldsboro  NC ,74,74,11992,0,0,0,0,0,0,0,0,0,74,74,11992,0,0,0,0,0,0,0,0,0
202507,999,24220,4,Grand Forks  ND-MN ,12,12,4639,0,0,0,0,0,0,1,5,93,9,9,3893,0,0,0,0,0,0,0,0,0
202507,999,24260,4,Grand Island  NE ,9,9,2589,0,0,0,0,0,0,0,0,0,3,3,1153,0,0,0,0,0,0,0,0,0
202507,999,24300,4,Grand Junction  CO ,55,55,9776,2,4,254,0,0,0,0,0,0,55,55,9776,2,4,254,0,0,0,0,0,0
202507,999,24460,5,Great Bend  KS ,1,1,490,0,0,0,0,0,0,0,0,0,1,1,490,0,0,0,0,0,0,0,0,0
202507,999,24500,4,Great Falls  MT ,22,22,8104,0,0,0,1,4,350,0,0,0,22,22,8104,0,0,0,1,4,350,0,0,0
202507,999,24740,5,Greenville  MS ,1,1,281,0,0,0,0,0,0,0,0,0,0,0,0,0,0,0,0,0,0,0,0,0
202507,999,24900,5,Greenwood  MS ,1,1,89,0,0,0,0,0,0,1,5,253,0,0,0,0,0,0,0,0,0,0,0,0
202507,999,24980,5,Grenada  MS ,1,1,39,0,0,0,0,0,0,1,7,175,0,0,0,0,0,0,0,0,0,0,0,0
202507,999,25060,4,Gulfport-Biloxi  MS ,212,212,31088,0,0,0,0,0,0,1,27,2187,95,95,21182,0,0,0,0,0,0,1,27,2187
202507,999,25100,5,Guymon  OK ,1,1,303,0,0,0,0,0,0,0,0,0,0,0,0,0,0,0,0,0,0,0,0,0
202507,999,25200,5,Hailey  ID ,11,11,19093,0,0,0,0,0,0,0,0,0,10,10,18446,0,0,0,0,0,0,0,0,0
202507,999,25460,5,Harrison  AR ,1,1,102,1,2,350,0,0,0,1,5,556,0,0,0,0,0,0,0,0,0,0,0,0
202507,999,25580,5,Hastings  NE ,13,13,3143,0,0,0,0,0,0,4,48,7413,13,13,3143,0,0,0,0,0,0,4,48,7413
202507,999,25700,5,Hays  KS ,1,1,342,1,2,200,0,0,0,2,48,9343,1,1,342,1,2,200,0,0,0,2,48,9343
202507,999,25740,4,Helena  MT ,9,9,3141,3,6,1706,2,6,729,1,5,905,5,5,1476,3,6,1706,2,6,729,1,5,905
202507,999,25820,5,Hereford  TX ,2,2,605,2,4,500,0,0,0,0,0,0,0,0,0,0,0,0,0,0,0,0,0,0
202507,999,25840,5,Hermiston-Pendleton  OR ,20,20,5403,0,0,0,0,0,0,0,0,0,13,13,3667,0,0,0,0,0,0,0,0,0
202507,999,25880,5,Hillsdale  MI ,12,12,3332,0,0,0,0,0,0,0,0,0,12,12,3332,0,0,0,0,0,0,0,0,0
202507,999,25900,5,Hilo-Kailua  HI ,82,82,50953,0,0,0,0,0,0,0,0,0,0,0,0,0,0,0,0,0,0,0,0,0
202507,999,25940,4,Hilton Head Island-Bluffton-Port Royal  SC ,230,230,104270,0,0,0,1,3,530,4,132,15026,229,229,103605,0,0,0,0,0,0,4,132,15026
202507,999,26020,5,Hobbs  NM ,11,11,3316,0,0,0,0,0,0,0,0,0,0,0,0,0,0,0,0,0,0,0,0,0
202507,999,26140,4,Homosassa Springs  FL ,176,176,47721,0,0,0,0,0,0,0,0,0,176,176,47721,0,0,0,0,0,0,0,0,0
202507,999,26220,5,Hood River  OR ,13,13,4422,0,0,0,0,0,0,0,0,0,13,13,4422,0,0,0,0,0,0,0,0,0
202507,999,26340,5,Houghton  MI ,9,9,2315,0,0,0,0,0,0,0,0,0,0,0,0,0,0,0,0,0,0,0,0,0
202507,999,26380,4,Houma-Bayou Cane-Thibodaux  LA ,30,30,7908,1,2,150,0,0,0,0,0,0,29,29,7606,1,2,150,0,0,0,0,0,0
202507,999,26700,5,Huron  SD ,4,4,996,0,0,0,0,0,0,0,0,0,4,4,996,0,0,0,0,0,0,0,0,0
202507,999,26740,5,Hutchinson  KS ,2,2,600,1,2,214,0,0,0,0,0,0,2,2,600,1,2,214,0,0,0,0,0,0
202507,999,27100,4,Jackson  MI ,16,16,4153,0,0,0,0,0,0,1,13,1387,2,2,600,0,0,0,0,0,0,0,0,0
202507,999,27180,4,Jackson  TN ,28,28,6431,0,0,0,0,0,0,0,0,0,2,2,520,0,0,0,0,0,0,0,0,0
202507,999,27220,5,Jackson  WY-ID ,40,40,38204,0,0,0,0,0,0,0,0,0,29,29,16276,0,0,0,0,0,0,0,0,0
202507,999,27340,4,Jacksonville  NC ,68,68,19991,0,0,0,0,0,0,0,0,0,68,68,19991,0,0,0,0,0,0,0,0,0
202507,999,27420,5,Jamestown  ND ,1,1,426,0,0,0,0,0,0,0,0,0,0,0,0,0,0,0,0,0,0,0,0,0
202507,999,27460,5,Jamestown-Dunkirk  NY ,16,16,4260,0,0,0,0,0,0,0,0,0,4,4,683,0,0,0,0,0,0,0,0,0
202507,999,27540,5,Jasper  IN ,21,21,1700,0,0,0,0,0,0,0,0,0,19,19,1403,0,0,0,0,0,0,0,0,0
202507,999,27940,5,Juneau  AK ,6,6,1044,0,0,0,0,0,0,1,6,2037,6,6,1044,0,0,0,0,0,0,1,6,2037
202507,999,27980,4,Kahului-Wailuku  HI ,52,52,22209,2,4,990,0,0,0,1,33,12645,0,0,0,0,0,0,0,0,0,0,0,0
202507,999,28060,5,Kalispell  MT ,21,21,6229,0,0,0,0,0,0,0,0,0,20,20,5798,0,0,0,0,0,0,0,0,0
202507,999,28180,5,Kapaa  HI ,9,9,9599,0,0,0,0,0,0,0,0,0,9,9,9599,0,0,0,0,0,0,0,0,0
202507,999,28260,5,Kearney  NE ,10,10,4076,0,0,0,0,0,0,0,0,0,10,10,4076,0,0,0,0,0,0,0,0,0
202507,999,28380,5,Kennett  MO ,3,3,550,0,0,0,0,0,0,0,0,0,0,0,0,0,0,0,0,0,0,0,0,0
202507,999,28540,5,Ketchikan  AK ,2,2,832,0,0,0,0,0,0,0,0,0,0,0,0,0,0,0,0,0,0,0,0,0
202507,999,28660,4,Killeen-Temple  TX ,231,231,58359,20,40,4832,0,0,0,0,0,0,104,104,20879,16,32,3833,0,0,0,0,0,0
202507,999,28820,5,Kinston  NC ,9,9,2136,1,2,175,0,0,0,0,0,0,9,9,2136,1,2,175,0,0,0,0,0,0
202507,999,28860,5,Kirksville  MO ,0,0,0,0,0,0,0,0,0,0,0,0,0,0,0,0,0,0,0,0,0,0,0,0
202507,999,28900,5,Klamath Falls  OR ,10,10,3374,0,0,0,0,0,0,0,0,0,10,10,3374,0,0,0,0,0,0,0,0,0
202507,999,29260,5,La Grande  OR ,5,5,1385,0,0,0,0,0,0,0,0,0,5,5,1385,0,0,0,0,0,0,0,0,0
202507,999,29420,4,Lake Havasu City-Kingman  AZ ,157,157,33854,0,0,0,0,0,0,0,0,0,26,26,7115,0,0,0,0,0,0,0,0,0
202507,999,29540,4,Lancaster  PA ,62,62,21560,0,0,0,1,4,942,3,36,10042,44,44,16476,0,0,0,1,4,942,2,24,8200
202507,999,29660,5,Laramie  WY ,9,9,3234,0,0,0,0,0,0,0,0,0,5,5,1755,0,0,0,0,0,0,0,0,0
202507,999,29700,4,Laredo  TX ,92,92,25627,0,0,0,2,6,722,1,24,2454,0,0,0,0,0,0,0,0,0,0,0,0
202507,999,30060,5,Lebanon  MO ,0,0,0,0,0,0,0,0,0,0,0,0,0,0,0,0,0,0,0,0,0,0,0,0
202507,999,30150,5,Lebanon-Claremont  NH-VT ,49,49,17412,1,2,265,0,0,0,2,16,2752,16,16,6249,0,0,0,0,0,0,0,0,0
202507,999,30300,4,Lewiston  ID-WA ,9,9,2082,0,0,0,0,0,0,0,0,0,7,7,1495,0,0,0,0,0,0,0,0,0
202507,999,30380,5,Lewistown  PA ,5,5,1371,0,0,0,0,0,0,0,0,0,2,2,544,0,0,0,0,0,0,0,0,0
202507,999,30420,5,Lexington  NE ,1,1,309,0,0,0,0,0,0,0,0,0,0,0,0,0,0,0,0,0,0,0,0,0
202507,999,30580,5,Liberal  KS ,1,1,330,0,0,0,0,0,0,0,0,0,1,1,330,0,0,0,0,0,0,0,0,0
202507,999,30860,4,Logan  UT-ID ,85,85,33114,0,0,0,0,0,0,0,0,0,79,79,31487,0,0,0,0,0,0,0,0,0
202507,999,30900,5,Logansport  IN ,3,3,1086,0,0,0,0,0,0,0,0,0,1,1,375,0,0,0,0,0,0,0,0,0
202507,999,30980,4,Longview  TX ,22,22,6708,0,0,0,0,0,0,0,0,0,17,17,5035,0,0,0,0,0,0,0,0,0
202507,999,31220,5,Ludington  MI ,6,6,2445,0,0,0,0,0,0,0,0,0,6,6,2445,0,0,0,0,0,0,0,0,0
202507,999,31260,5,Lufkin  TX ,8,8,2377,1,2,230,0,0,0,0,0,0,1,1,296,0,0,0,0,0,0,0,0,0
202507,999,31340,4,Lynchburg  VA ,75,75,22700,2,4,500,0,0,0,0,0,0,53,53,13328,0,0,0,0,0,0,0,0,0
202507,999,31380,5,Macomb  IL ,0,0,0,0,0,0,0,0,0,0,0,0,0,0,0,0,0,0,0,0,0,0,0,0
202507,999,31500,5,Madison  IN ,7,7,1245,0,0,0,0,0,0,0,0,0,4,4,567,0,0,0,0,0,0,0,0,0
202507,999,31580,5,Madisonville  KY ,9,9,1706,1,2,250,0,0,0,0,0,0,0,0,0,0,0,0,0,0,0,0,0,0
202507,999,31620,5,Magnolia  AR ,1,1,111,0,0,0,0,0,0,0,0,0,0,0,0,0,0,0,0,0,0,0,0,0
202507,999,31740,4,Manhattan  KS ,34,34,11301,0,0,0,0,0,0,1,5,559,14,14,4806,0,0,0,0,0,0,0,0,0
202507,999,31820,5,Manitowoc  WI ,12,12,4982,0,0,0,0,0,0,0,0,0,9,9,3379,0,0,0,0,0,0,0,0,0
202507,999,31980,5,Marion  IN ,6,6,1827,0,0,0,0,0,0,0,0,0,2,2,490,0,0,0,0,0,0,0,0,0
202507,999,32100,5,Marquette  MI ,8,8,2734,0,0,0,0,0,0,0,0,0,8,8,2734,0,0,0,0,0,0,0,0,0
202507,999,32140,5,Marshall  MN ,3,3,985,0,0,0,0,0,0,0,0,0,3,3,985,0,0,0,0,0,0,0,0,0
202507,999,32180,5,Marshall  MO ,2,2,378,0,0,0,0,0,0,0,0,0,0,0,0,0,0,0,0,0,0,0,0,0
202507,999,32260,5,Marshalltown  IA ,0,0,0,0,0,0,0,0,0,0,0,0,0,0,0,0,0,0,0,0,0,0,0,0
202507,999,32300,5,Martinsville  VA ,5,5,1847,0,0,0,0,0,0,1,5,881,5,5,1847,0,0,0,0,0,0,0,0,0
202507,999,32340,5,Maryville  MO ,5,5,1116,0,0,0,0,0,0,0,0,0,0,0,0,0,0,0,0,0,0,0,0,0
202507,999,32380,5,Mason City  IA ,10,10,5635,7,14,4349,0,0,0,0,0,0,10,10,5635,7,14,4349,0,0,0,0,0,0
202507,999,32390,5,Massena-Ogdensburg  NY ,22,22,5092,0,0,0,0,0,0,0,0,0,13,13,3168,0,0,0,0,0,0,0,0,0
202507,999,32540,5,McAlester  OK ,2,2,290,0,0,0,0,0,0,0,0,0,2,2,290,0,0,0,0,0,0,0,0,0
202507,999,32620,5,McComb  MS ,1,1,125,0,0,0,0,0,0,0,0,0,0,0,0,0,0,0,0,0,0,0,0,0
202507,999,32660,5,McMinnville  TN ,30,30,8588,0,0,0,0,0,0,0,0,0,11,11,3258,0,0,0,0,0,0,0,0,0
202507,999,32700,5,McPherson  KS ,8,8,1450,1,2,319,0,0,0,0,0,0,0,0,0,0,0,0,0,0,0,0,0,0
202507,999,32940,5,Meridian  MS ,3,3,898,0,0,0,0,0,0,0,0,0,0,0,0,0,0,0,0,0,0,0,0,0
202507,999,33300,5,Milledgeville  GA ,9,9,3071,1,2,342,1,4,329,0,0,0,1,1,296,0,0,0,0,0,0,0,0,0
202507,999,33500,4,Minot  ND ,9,9,2390,0,0,0,0,0,0,0,0,0,7,7,1812,0,0,0,0,0,0,0,0,0
202507,999,33540,4,Missoula  MT ,36,36,16142,15,30,4222,0,0,0,0,0,0,36,36,16142,15,30,4222,0,0,0,0,0,0
202507,999,33580,5,Mitchell  SD ,10,10,2942,0,0,0,0,0,0,0,0,0,7,7,2309,0,0,0,0,0,0,0,0,0
202507,999,33940,5,Montrose  CO ,22,22,4499,0,0,0,0,0,0,0,0,0,22,22,4499,0,0,0,0,0,0,0,0,0
202507,999,34020,5,Morgan City  LA ,5,5,1787,0,0,0,0,0,0,1,5,682,5,5,1787,0,0,0,0,0,0,0,0,0
202507,999,34060,4,Morgantown  WV ,1,1,206,0,0,0,0,0,0,0,0,0,0,0,0,0,0,0,0,0,0,0,0,0
202507,999,34220,5,Moultrie  GA ,5,5,1405,1,2,205,0,0,0,0,0,0,4,4,1185,0,0,0,0,0,0,0,0,0
202507,999,34260,5,Mountain Home  AR ,3,3,97,0,0,0,0,0,0,0,0,0,3,3,97,0,0,0,0,0,0,0,0,0
202507,999,34420,5,Mount Pleasant  TX ,3,3,901,0,0,0,0,0,0,0,0,0,1,1,296,0,0,0,0,0,0,0,0,0
202507,999,34500,5,Mount Vernon  IL ,0,0,0,0,0,0,0,0,0,0,0,0,0,0,0,0,0,0,0,0,0,0,0,0
202507,999,34660,5,Murray  KY ,0,0,0,0,0,0,0,0,0,0,0,0,0,0,0,0,0,0,0,0,0,0,0,0
202507,999,34860,5,Nacogdoches  TX ,3,3,731,0,0,0,0,0,0,0,0,0,0,0,0,0,0,0,0,0,0,0,0,0
202507,999,34880,5,Nantucket  MA ,19,19,21246,1,2,569,0,0,0,1,5,729,0,0,0,0,0,0,0,0,0,0,0,0
202507,999,35020,5,Natchez  MS-LA ,3,3,392,0,0,0,0,0,0,0,0,0,0,0,0,0,0,0,0,0,0,0,0,0
202507,999,35060,5,Natchitoches  LA ,2,2,865,0,0,0,0,0,0,0,0,0,2,2,865,0,0,0,0,0,0,0,0,0
202507,999,35440,5,Newport  OR ,18,18,7238,0,0,0,0,0,0,0,0,0,17,17,6958,0,0,0,0,0,0,0,0,0
202507,999,35740,5,Norfolk  NE ,6,6,2070,1,2,460,0,0,0,0,0,0,4,4,1360,1,2,460,0,0,0,0,0,0
202507,999,35820,5,North Platte  NE ,1,1,241,0,0,0,0,0,0,0,0,0,0,0,0,0,0,0,0,0,0,0,0,0
202507,999,35900,5,North Wilkesboro  NC ,14,14,5891,0,0,0,0,0,0,0,0,0,14,14,5891,0,0,0,0,0,0,0,0,0
202507,999,36100,4,Ocala  FL ,413,413,83201,7,14,2157,0,0,0,1,14,2100,413,413,83201,7,14,2157,0,0,0,1,14,2100
202507,999,36340,5,Oil City  PA ,3,3,1110,0,0,0,0,0,0,0,0,0,1,1,450,0,0,0,0,0,0,0,0,0
202507,999,36580,5,Oneonta  NY ,10,10,2616,0,0,0,0,0,0,0,0,0,0,0,0,0,0,0,0,0,0,0,0,0
202507,999,36900,5,Ottumwa  IA ,4,4,1054,0,0,0,0,0,0,0,0,0,0,0,0,0,0,0,0,0,0,0,0,0
202507,999,36980,4,Owensboro  KY ,12,12,1049,0,0,0,0,0,0,4,64,7670,12,12,1049,0,0,0,0,0,0,4,64,7670
202507,999,37060,5,Oxford  MS ,40,40,13235,1,2,475,0,0,0,0,0,0,1,1,296,0,0,0,0,0,0,0,0,0
202507,999,37300,5,Palestine  TX ,1,1,80,0,0,0,0,0,0,0,0,0,1,1,80,0,0,0,0,0,0,0,0,0
202507,999,37340,4,Palm Bay-Melbourne-Titusville  FL ,275,275,110711,0,0,0,0,0,0,4,272,46778,264,264,108411,0,0,0,0,0,0,4,272,46778
202507,999,37420,5,Pampa  TX ,0,0,0,0,0,0,0,0,0,0,0,0,0,0,0,0,0,0,0,0,0,0,0,0
202507,999,37460,4,Panama City-Panama City Beach  FL ,167,167,55956,1,2,390,1,3,680,2,25,4162,29,29,7905,0,0,0,0,0,0,0,0,0
202507,999,37540,5,Paris  TN ,1,1,82,0,0,0,0,0,0,0,0,0,0,0,0,0,0,0,0,0,0,0,0,0
202507,999,37580,5,Paris  TX ,4,4,565,0,0,0,0,0,0,0,0,0,2,2,315,0,0,0,0,0,0,0,0,0
202507,999,37860,4,Pensacola-Ferry Pass-Brent  FL ,291,291,86196,0,0,0,0,0,0,0,0,0,291,291,86196,0,0,0,0,0,0,0,0,0
202507,999,37950,5,Petoskey  MI ,19,19,6051,0,0,0,0,0,0,0,0,0,19,19,6051,0,0,0,0,0,0,0,0,0
202507,999,38180,5,Pierre  SD ,7,7,1643,0,0,0,0,0,0,0,0,0,6,6,1316,0,0,0,0,0,0,0,0,0
202507,999,38210,5,Pikeville  KY ,0,0,0,0,0,0,0,0,0,0,0,0,0,0,0,0,0,0,0,0,0,0,0,0
202507,999,38260,5,Pittsburg  KS ,6,6,1317,0,0,0,0,0,0,0,0,0,4,4,670,0,0,0,0,0,0,0,0,0
202507,999,38340,4,Pittsfield  MA ,14,14,8023,0,0,0,0,0,0,0,0,0,2,2,1147,0,0,0,0,0,0,0,0,0
202507,999,38420,5,Platteville  WI ,7,7,1960,0,0,0,0,0,0,0,0,0,6,6,1639,0,0,0,0,0,0,0,0,0
202507,999,38460,5,Plattsburgh  NY ,12,12,3183,0,0,0,0,0,0,1,5,693,6,6,1635,0,0,0,0,0,0,0,0,0
202507,999,38540,4,Pocatello  ID ,12,12,3063,0,0,0,1,3,311,0,0,0,1,1,81,0,0,0,0,0,0,0,0,0
202507,999,38620,5,Ponca City  OK ,3,3,388,3,6,675,0,0,0,0,0,0,2,2,250,3,6,675,0,0,0,0,0,0
202507,999,38740,5,Poplar Bluff  MO ,4,4,255,0,0,0,0,0,0,0,0,0,4,4,255,0,0,0,0,0,0,0,0,0
202507,999,38820,5,Port Angeles  WA ,25,25,8207,3,6,485,0,0,0,0,0,0,25,25,8207,3,6,485,0,0,0,0,0,0
202507,999,39040,5,Port Townsend  WA ,38,38,14431,0,0,0,0,0,0,0,0,0,38,38,14431,0,0,0,0,0,0,0,0,0
202507,999,39060,5,Pottsville  PA ,17,17,4420,0,0,0,0,0,0,1,5,486,3,3,600,0,0,0,0,0,0,0,0,0
202507,999,39150,4,Prescott Valley-Prescott  AZ ,125,125,51220,8,16,3523,3,12,2173,0,0,0,118,118,48910,8,16,3523,3,12,2173,0,0,0
202507,999,39220,5,Price  UT ,6,6,2627,0,0,0,0,0,0,0,0,0,6,6,2627,0,0,0,0,0,0,0,0,0
202507,999,39960,5,Rice Lake  WI ,15,15,5937,0,0,0,0,0,0,0,0,0,14,14,5712,0,0,0,0,0,0,0,0,0
202507,999,40060,4,Richmond  VA ,407,407,96621,12,24,3255,0,0,0,3,34,4800,397,397,94650,12,24,3255,0,0,0,3,34,4800
202507,999,40180,5,Riverton  WY ,1,1,16,0,0,0,0,0,0,0,0,0,0,0,0,0,0,0,0,0,0,0,0,0
202507,999,40220,4,Roanoke  VA ,47,47,18404,2,4,634,0,0,0,0,0,0,35,35,13058,2,4,634,0,0,0,0,0,0
202507,999,40540,5,Rock Springs  WY ,5,5,2516,0,0,0,0,0,0,0,0,0,5,5,2516,0,0,0,0,0,0,0,0,0
202507,999,40620,5,Rolla  MO ,1,1,150,1,2,150,0,0,0,0,0,0,1,1,150,0,0,0,0,0,0,0,0,0
202507,999,40700,5,Roseburg  OR ,26,26,9916,1,2,490,0,0,0,0,0,0,26,26,9916,1,2,490,0,0,0,0,0,0
202507,999,40740,5,Roswell  NM ,6,6,1099,0,0,0,0,0,0,0,0,0,0,0,0,0,0,0,0,0,0,0,0,0
202507,999,40760,5,Ruidoso  NM ,9,9,5076,0,0,0,0,0,0,0,0,0,9,9,5076,0,0,0,0,0,0,0,0,0
202507,999,40780,5,Russellville  AR ,5,5,1558,0,0,0,0,0,0,0,0,0,3,3,1282,0,0,0,0,0,0,0,0,0
202507,999,40860,5,Rutland  VT ,6,6,1572,0,0,0,0,0,0,1,5,767,1,1,311,0,0,0,0,0,0,0,0,0
202507,999,40940,5,Safford  AZ ,16,16,4402,1,2,295,0,0,0,0,0,0,16,16,4402,1,2,295,0,0,0,0,0,0
202507,999,41100,4,St. George  UT ,171,171,49128,0,0,0,2,8,2535,0,0,0,107,107,33876,0,0,0,2,8,2535,0,0,0
202507,999,41260,5,St. Marys  PA ,7,7,1846,0,0,0,0,0,0,0,0,0,4,4,1243,0,0,0,0,0,0,0,0,0
202507,999,41460,5,Salina  KS ,9,9,1447,0,0,0,0,0,0,0,0,0,9,9,1447,0,0,0,0,0,0,0,0,0
202507,999,41500,4,Salinas  CA ,55,55,11867,0,0,0,0,0,0,1,7,1509,54,54,11322,0,0,0,0,0,0,0,0,0
202507,999,41660,4,San Angelo  TX ,38,38,11256,0,0,0,0,0,0,0,0,0,38,38,11256,0,0,0,0,0,0,0,0,0
202507,999,41740,4,San Diego-Chula Vista-Carlsbad  CA ,281,281,83357,48,96,14700,8,27,4000,16,731,115592,248,248,74073,47,94,14391,8,27,4000,14,713,112167
202507,999,41760,5,Sandpoint  ID ,6,6,2097,0,0,0,0,0,0,0,0,0,5,5,1788,0,0,0,0,0,0,0,0,0
202507,999,42020,4,San Luis Obispo-Paso Robles  CA ,56,56,15249,0,0,0,0,0,0,3,19,2749,34,34,7543,0,0,0,0,0,0,0,0,0
202507,999,42200,4,Santa Maria-Santa Barbara  CA ,33,33,7591,1,2,650,0,0,0,1,5,903,27,27,5659,0,0,0,0,0,0,0,0,0
202507,999,42220,4,Santa Rosa-Petaluma  CA ,54,54,12827,0,0,0,0,0,0,2,11,2920,37,37,8502,0,0,0,0,0,0,0,0,0
202507,999,42300,5,Sault Ste. Marie  MI ,6,6,1501,0,0,0,0,0,0,0,0,0,6,6,1501,0,0,0,0,0,0,0,0,0
202507,999,42380,5,Sayre  PA ,7,7,2024,0,0,0,0,0,0,0,0,0,2,2,622,0,0,0,0,0,0,0,0,0
202507,999,42420,5,Scottsbluff  NE ,3,3,1711,0,0,0,0,0,0,0,0,0,0,0,0,0,0,0,0,0,0,0,0,0
202507,999,42540,4,Scranton--Wilkes-Barre  PA ,46,46,15035,2,4,579,0,0,0,0,0,0,13,13,5113,1,2,170,0,0,0,0,0,0
202507,999,42580,5,Seaford  DE ,269,269,41326,11,22,4346,0,0,0,4,96,8000,269,269,41326,11,22,4346,0,0,0,4,96,8000
202507,999,42700,4,Sebring-  FL ,78,78,31295,6,12,1968,0,0,0,0,0,0,78,78,31295,6,12,1968,0,0,0,0,0,0
202507,999,42740,5,Sedalia  MO ,3,3,458,1,2,242,0,0,0,1,5,580,0,0,0,0,0,0,0,0,0,0,0,0
202507,999,43100,4,Sheboygan  WI ,11,11,5145,0,0,0,0,0,0,0,0,0,9,9,4298,0,0,0,0,0,0,0,0,0
202507,999,43260,5,Sheridan  WY ,34,34,9907,0,0,0,0,0,0,0,0,0,28,28,7410,0,0,0,0,0,0,0,0,0
202507,999,43320,5,Show Low  AZ ,44,44,12788,1,2,269,0,0,0,0,0,0,37,37,10450,0,0,0,0,0,0,0,0,0
202507,999,43420,4,Sierra Vista-Douglas  AZ ,32,32,4779,0,0,0,0,0,0,0,0,0,30,30,4563,0,0,0,0,0,0,0,0,0
202507,999,43620,4,Sioux Falls  SD-MN ,98,98,29605,4,8,1515,0,0,0,5,25,4448,90,90,26893,2,4,737,0,0,0,4,20,3800
202507,999,43660,5,Snyder  TX ,0,0,0,0,0,0,0,0,0,0,0,0,0,0,0,0,0,0,0,0,0,0,0,0
202507,999,43700,5,Somerset  KY ,5,5,1501,0,0,0,0,0,0,1,5,579,0,0,0,0,0,0,0,0,0,0,0,0
202507,999,43760,5,Sonora  CA ,6,6,1655,0,0,0,0,0,0,0,0,0,6,6,1655,0,0,0,0,0,0,0,0,0
202507,999,44180,4,Springfield  MO ,134,134,45860,5,10,1835,1,3,450,0,0,0,85,85,31155,5,10,1835,0,0,0,0,0,0
202507,999,44460,5,Steamboat Springs  CO ,12,12,15624,1,2,300,0,0,0,2,37,17531,0,0,0,0,0,0,0,0,0,0,0,0
202507,999,44500,5,Stephenville  TX ,0,0,0,0,0,0,0,0,0,0,0,0,0,0,0,0,0,0,0,0,0,0,0,0
202507,999,44540,5,Sterling  CO ,0,0,0,0,0,0,0,0,0,0,0,0,0,0,0,0,0,0,0,0,0,0,0,0
202507,999,44660,5,Stillwater  OK ,11,11,6203,0,0,0,0,0,0,0,0,0,11,11,6203,0,0,0,0,0,0,0,0,0
202507,999,44740,5,Storm Lake  IA ,0,0,0,0,0,0,0,0,0,0,0,0,0,0,0,0,0,0,0,0,0,0,0,0
202507,999,45000,5,Susanville  CA ,1,1,265,0,0,0,0,0,0,0,0,0,1,1,265,0,0,0,0,0,0,0,0,0
202507,999,45140,5,Tahlequah  OK ,2,2,429,1,2,200,0,0,0,0,0,0,2,2,429,1,2,200,0,0,0,0,0,0
202507,999,45300,4,Tampa-St. Petersburg-Clearwater  FL ,1140,1140,405345,13,26,3165,1,3,590,15,578,98538,751,751,286543,11,22,2589,1,3,590,10,439,77048
202507,999,45340,5,Taos  NM ,8,8,2369,0,0,0,0,0,0,0,0,0,0,0,0,0,0,0,0,0,0,0,0,0
202507,999,45460,4,Terre Haute  IN ,17,17,2947,0,0,0,0,0,0,0,0,0,7,7,1519,0,0,0,0,0,0,0,0,0
202507,999,45500,4,Texarkana  TX-AR ,10,10,1688,3,6,701,1,3,293,0,0,0,6,6,596,0,0,0,0,0,0,0,0,0
202507,999,45520,5,The Dalles  OR ,2,2,567,1,2,569,0,0,0,0,0,0,2,2,567,1,2,569,0,0,0,0,0,0
202507,999,45620,5,Thomasville  GA ,17,17,4833,0,0,0,0,0,0,0,0,0,13,13,3776,0,0,0,0,0,0,0,0,0
202507,999,45700,5,Tifton  GA ,9,9,1202,0,0,0,0,0,0,1,5,424,0,0,0,0,0,0,0,0,0,0,0,0
202507,999,45740,5,Toccoa  GA ,1,1,275,0,0,0,0,0,0,0,0,0,1,1,275,0,0,0,0,0,0,0,0,0
202507,999,45780,4,Toledo  OH ,46,46,16268,2,4,660,0,0,0,0,0,0,25,25,8441,2,4,660,0,0,0,0,0,0
202507,999,45820,4,Topeka  KS ,30,30,8909,0,0,0,0,0,0,0,0,0,27,27,8273,0,0,0,0,0,0,0,0,0
202507,999,45880,5,Town of Pecos  TX ,2,2,384,0,0,0,0,0,0,0,0,0,0,0,0,0,0,0,0,0,0,0,0,0
202507,999,45900,4,Traverse City  MI ,64,64,15651,1,2,259,0,0,0,2,65,6138,32,32,9548,0,0,0,0,0,0,0,0,0
202507,999,45980,5,Troy  AL ,5,5,1218,0,0,0,0,0,0,0,0,0,5,5,1218,0,0,0,0,0,0,0,0,0
202507,999,46220,4,Tuscaloosa  AL ,34,34,9835,1,2,202,1,3,546,1,7,1077,3,3,1146,0,0,0,0,0,0,0,0,0
202507,999,46300,4,Twin Falls  ID ,30,30,9488,0,0,0,0,0,0,0,0,0,20,20,6427,0,0,0,0,0,0,0,0,0
202507,999,46380,5,Ukiah  CA ,0,0,0,0,0,0,0,0,0,0,0,0,0,0,0,0,0,0,0,0,0,0,0,0
202507,999,46520,4,Urban Honolulu  HI ,59,59,21489,6,12,1678,0,0,0,2,56,17898,0,0,0,0,0,0,0,0,0,0,0,0
202507,999,46540,4,Utica-Rome  NY ,16,16,4240,1,2,500,0,0,0,1,5,781,6,6,1342,0,0,0,0,0,0,0,0,0
202507,999,46620,5,Uvalde  TX ,0,0,0,0,0,0,0,0,0,0,0,0,0,0,0,0,0,0,0,0,0,0,0,0
202507,999,46660,4,Valdosta  GA ,83,83,18485,0,0,0,0,0,0,0,0,0,10,10,2553,0,0,0,0,0,0,0,0,0
202507,999,46820,5,Vermillion  SD ,1,1,334,0,0,0,0,0,0,0,0,0,0,0,0,0,0,0,0,0,0,0,0,0
202507,999,46860,5,Vernal  UT ,17,17,4844,0,0,0,0,0,0,0,0,0,17,17,4844,0,0,0,0,0,0,0,0,0
202507,999,46900,5,Vernon  TX ,1,1,303,0,0,0,0,0,0,0,0,0,0,0,0,0,0,0,0,0,0,0,0,0
202507,999,47080,5,Vidalia  GA ,2,2,278,1,2,141,0,0,0,0,0,0,0,0,0,0,0,0,0,0,0,0,0,0
202507,999,47180,5,Vincennes  IN ,2,2,642,0,0,0,0,0,0,0,0,0,1,1,342,0,0,0,0,0,0,0,0,0
202507,999,47240,5,Vineyard Haven  MA ,3,3,4220,0,0,0,0,0,0,0,0,0,1,1,283,0,0,0,0,0,0,0,0,0
202507,999,47300,4,Visalia  CA ,163,163,41040,0,0,0,2,6,910,1,10,520,159,159,40386,0,0,0,2,6,910,1,10,520
202507,999,47340,5,Wabash  IN ,3,3,1654,0,0,0,0,0,0,0,0,0,2,2,1334,0,0,0,0,0,0,0,0,0
202507,999,47380,4,Waco  TX ,70,70,20070,4,8,937,0,0,0,14,418,58986,58,58,17700,4,8,937,0,0,0,13,412,58368
202507,999,47620,5,Warren  PA ,3,3,900,0,0,0,0,0,0,0,0,0,0,0,0,0,0,0,0,0,0,0,0,0
202507,999,47780,5,Washington  IN ,3,3,663,2,4,574,0,0,0,0,0,0,0,0,0,0,0,0,0,0,0,0,0,0
202507,999,47940,4,Waterloo-Cedar Falls  IA ,25,25,7262,0,0,0,0,0,0,1,5,700,19,19,4672,0,0,0,0,0,0,0,0,0
202507,999,47980,5,Watertown  SD ,8,8,2467,0,0,0,0,0,0,1,8,1790,8,8,2467,0,0,0,0,0,0,1,8,1790
202507,999,48060,4,Watertown-Fort Drum  NY ,16,16,2953,0,0,0,0,0,0,0,0,0,1,1,250,0,0,0,0,0,0,0,0,0
202507,999,48180,5,Waycross  GA ,10,10,2079,0,0,0,0,0,0,0,0,0,7,7,1645,0,0,0,0,0,0,0,0,0
202507,999,48300,4,Wenatchee-East Wenatchee  WA ,47,47,16608,0,0,0,0,0,0,0,0,0,23,23,8568,0,0,0,0,0,0,0,0,0
202507,999,48460,5,West Plains  MO ,1,1,264,0,0,0,0,0,0,0,0,0,0,0,0,0,0,0,0,0,0,0,0,0
202507,999,48540,4,Wheeling  WV-OH ,0,0,0,0,0,0,0,0,0,0,0,0,0,0,0,0,0,0,0,0,0,0,0,0
202507,999,48660,4,Wichita Falls  TX ,11,11,3284,0,0,0,0,0,0,0,0,0,3,3,889,0,0,0,0,0,0,0,0,0
202507,999,48780,5,Williston  ND ,31,31,11840,0,0,0,0,0,0,0,0,0,28,28,10576,0,0,0,0,0,0,0,0,0
202507,999,48820,5,Willmar  MN ,9,9,3063,0,0,0,0,0,0,0,0,0,8,8,2700,0,0,0,0,0,0,0,0,0
202507,999,48900,4,Wilmington  NC ,536,536,168423,2,4,874,2,6,1431,2,76,9384,422,422,129671,0,0,0,0,0,0,0,0,0
202507,999,49080,5,Winnemucca  NV ,4,4,403,0,0,0,0,0,0,0,0,0,4,4,403,0,0,0,0,0,0,0,0,0
202507,999,49260,5,Woodward  OK ,0,0,0,0,0,0,0,0,0,0,0,0,0,0,0,0,0,0,0,0,0,0,0,0
202507,999,49380,5,Worthington  MN ,1,1,321,0,0,0,0,0,0,2,76,9500,0,0,0,0,0,0,0,0,0,2,76,9500
202507,999,49420,4,Yakima  WA ,38,38,11078,0,0,0,0,0,0,0,0,0,23,23,6676,0,0,0,0,0,0,0,0,0
202507,999,49460,5,Yankton  SD ,2,2,1450,0,0,0,0,0,0,0,0,0,2,2,1450,0,0,0,0,0,0,0,0,0
202507,999,49740,4,Yuma  AZ ,37,37,6808,0,0,0,0,0,0,0,0,0,35,35,6502,0,0,0,0,0,0,0,0,0
