Survey,CSA,CBSA,HHEADER,CBSA,,1-unit,,,2-units,,,3-4 units,,,5+ units,,,1-unit rep,,,2-units rep,,,3-4 units rep,,,5+ units rep
Date,Code,Code,,Name,Bldgs,Units,Value,Bldgs,Units,Value,Bldgs,Units,Value,Bldgs,Units,Value,Bldgs,Units,Value,Bldgs,Units,Value,      Bldgs,Units,Value,Bldgs,Units,Value
 
202406,101,10180,2,Abilene  TX ,24,24,6706,10,20,3105,0,0,0,0,0,0,23,23,6615,10,20,3105,0,0,0,0,0,0
202406,101,45020,5,Sweetwater  TX ,2,2,286,0,0,0,0,0,0,0,0,0,0,0,0,0,0,0,0,0,0,0,0,0
202406,104,10580,2,Albany-Schenectady-Troy  NY ,93,93,33591,1,2,350,1,3,524,3,22,2209,47,47,17828,1,2,350,0,0,0,1,12,1220
202406,104,11220,5,Amsterdam  NY ,5,5,1907,0,0,0,0,0,0,0,0,0,1,1,450,0,0,0,0,0,0,0,0,0
202406,104,24020,2,Glens Falls  NY ,21,21,7123,2,4,674,0,0,0,0,0,0,20,20,6832,2,4,674,0,0,0,0,0,0
202406,104,24100,5,Gloversville  NY ,6,6,2388,0,0,0,0,0,0,1,5,1333,2,2,1050,0,0,0,0,0,0,0,0,0
202406,104,26460,5,Hudson  NY ,11,11,6957,0,0,0,0,0,0,0,0,0,4,4,3115,0,0,0,0,0,0,0,0,0
202406,105,10740,2,Albuquerque  NM ,216,216,43530,0,0,0,0,0,0,2,44,1800,191,191,36109,0,0,0,0,0,0,2,44,1800
202406,105,29780,5,Las Vegas  NM ,0,0,0,0,0,0,0,0,0,0,0,0,0,0,0,0,0,0,0,0,0,0,0,0
202406,105,31060,5,Los Alamos  NM ,3,3,769,0,0,0,0,0,0,0,0,0,0,0,0,0,0,0,0,0,0,0,0,0
202406,105,42140,2,Santa Fe  NM ,48,48,16762,0,0,0,0,0,0,0,0,0,48,48,16762,0,0,0,0,0,0,0,0,0
202406,106,10900,2,Allentown-Bethlehem-Easton  PA-NJ ,125,125,32371,1,2,337,1,3,535,8,45,2000,82,82,22012,1,2,337,1,3,535,8,45,2000
202406,106,20700,5,East Stroudsburg  PA ,29,29,10404,0,0,0,0,0,0,0,0,0,16,16,6075,0,0,0,0,0,0,0,0,0
202406,107,11020,2,Altoona  PA ,6,6,1818,0,0,0,1,3,285,0,0,0,4,4,1080,0,0,0,0,0,0,0,0,0
202406,107,26500,5,Huntingdon  PA ,8,8,2077,0,0,0,0,0,0,0,0,0,1,1,4,0,0,0,0,0,0,0,0,0
202406,108,11100,2,Amarillo  TX ,37,37,10547,0,0,0,2,6,876,0,0,0,34,34,9778,0,0,0,2,6,876,0,0,0
202406,108,14420,5,Borger  TX ,0,0,0,0,0,0,0,0,0,0,0,0,0,0,0,0,0,0,0,0,0,0,0,0
202406,118,11540,2,Appleton  WI ,63,63,33925,2,4,982,0,0,0,0,0,0,56,56,31150,1,2,625,0,0,0,0,0,0
202406,118,36780,2,Oshkosh-Neenah  WI ,13,13,5028,1,2,360,0,0,0,1,40,5500,10,10,3997,1,2,360,0,0,0,1,40,5500
202406,120,11700,2,Asheville  NC ,278,278,102266,0,0,0,0,0,0,2,160,31054,228,228,89239,0,0,0,0,0,0,1,153,29450
202406,120,14820,5,Brevard  NC ,18,18,10635,0,0,0,0,0,0,0,0,0,0,0,0,0,0,0,0,0,0,0,0,0
202406,120,48200,5,Waynesville  NC ,30,30,9246,0,0,0,0,0,0,0,0,0,30,30,9246,0,0,0,0,0,0,0,0,0
202406,122,12020,2,Athens-Clarke County  GA ,65,65,21382,0,0,0,0,0,0,11,305,35458,28,28,10819,0,0,0,0,0,0,11,305,35458
202406,122,12060,2,Atlanta-Sandy Springs-Roswell  GA ,2088,2088,598979,9,18,3370,12,44,8444,57,427,67414,1917,1917,551326,9,18,3370,11,41,7855,54,390,60521
202406,122,15660,5,Calhoun  GA ,27,27,5660,0,0,0,9,36,2871,0,0,0,16,16,2610,0,0,0,9,36,2871,0,0,0
202406,122,16340,5,Cedartown  GA ,7,7,2733,0,0,0,0,0,0,0,0,0,0,0,0,0,0,0,0,0,0,0,0,0
202406,122,18460,5,Cornelia  GA ,35,35,8742,0,0,0,0,0,0,1,5,1476,17,17,2949,0,0,0,0,0,0,0,0,0
202406,122,23580,2,Gainesville  GA ,81,81,18357,3,6,510,0,0,0,15,456,65245,22,22,5072,3,6,510,0,0,0,14,451,64843
202406,122,27600,5,Jefferson  GA ,147,147,46083,0,0,0,0,0,0,1,5,1068,119,119,38208,0,0,0,0,0,0,0,0,0
202406,122,29300,5,LaGrange  GA-AL ,39,39,12693,0,0,0,0,0,0,0,0,0,32,32,11286,0,0,0,0,0,0,0,0,0
202406,122,40660,2,Rome  GA ,41,41,6681,0,0,0,0,0,0,0,0,0,41,41,6681,0,0,0,0,0,0,0,0,0
202406,122,45580,5,Thomaston  GA ,11,11,1998,0,0,0,0,0,0,0,0,0,0,0,0,0,0,0,0,0,0,0,0,0
202406,132,12940,2,Baton Rouge  LA ,284,284,68023,0,0,0,0,0,0,1,18,1841,50,50,9462,0,0,0,0,0,0,0,0,0
202406,132,25220,2,Hammond  LA ,62,62,10961,0,0,0,0,0,0,1,34,3237,0,0,0,0,0,0,0,0,0,0,0,0
202406,142,13820,2,Birmingham  AL ,277,277,79685,1,2,1182,0,0,0,2,22,3484,212,212,59016,0,0,0,0,0,0,0,0,0
202406,142,18980,5,Cullman  AL ,5,5,3070,0,0,0,0,0,0,0,0,0,4,4,2930,0,0,0,0,0,0,0,0,0
202406,142,45180,5,Talladega-Sylacauga  AL ,29,29,3848,0,0,0,0,0,0,0,0,0,29,29,3848,0,0,0,0,0,0,0,0,0
202406,144,13260,5,Bedford  IN ,1,1,120,0,0,0,0,0,0,0,0,0,0,0,0,0,0,0,0,0,0,0,0,0
202406,144,14020,2,Bloomington  IN ,34,34,10818,2,4,620,0,0,0,6,120,19260,24,24,7677,2,4,620,0,0,0,6,120,19260
202406,145,14010,2,Bloomington  IL ,9,9,3357,0,0,0,0,0,0,0,0,0,8,8,2896,0,0,0,0,0,0,0,0,0
202406,145,38700,5,Pontiac  IL ,3,3,1081,0,0,0,0,0,0,0,0,0,1,1,500,0,0,0,0,0,0,0,0,0
202406,146,14100,5,Bloomsburg-Berwick  PA ,6,6,1607,0,0,0,0,0,0,0,0,0,2,2,382,0,0,0,0,0,0,0,0,0
202406,146,30260,5,Lewisburg  PA ,4,4,1900,0,0,0,0,0,0,0,0,0,2,2,1055,0,0,0,0,0,0,0,0,0
202406,146,42780,5,Selinsgrove  PA ,5,5,1729,0,0,0,0,0,0,0,0,0,0,0,0,0,0,0,0,0,0,0,0,0
202406,146,44980,5,Sunbury  PA ,6,6,1854,0,0,0,0,0,0,0,0,0,2,2,820,0,0,0,0,0,0,0,0,0
202406,147,14260,2,Boise City  ID ,695,695,196345,7,14,1757,4,14,1728,2,37,4982,530,530,146421,6,12,1455,2,8,1098,1,24,2790
202406,147,34300,5,Mountain Home  ID ,3,3,885,0,0,0,0,0,0,0,0,0,1,1,414,0,0,0,0,0,0,0,0,0
202406,147,36620,5,Ontario  OR-ID ,16,16,4289,0,0,0,2,8,1000,0,0,0,11,11,2723,0,0,0,2,8,1000,0,0,0
202406,148,12700,2,Barnstable Town  MA ,50,50,34087,1,2,622,1,3,750,0,0,0,38,38,26775,1,2,622,1,3,750,0,0,0
202406,148,14460,2,Boston-Cambridge-Newton  MA-NH ,395,395,166569,22,44,12378,6,18,4380,35,661,141595,259,259,115949,16,32,9411,5,15,3968,22,538,118006
202406,148,18180,5,Concord  NH ,27,27,9053,2,4,678,0,0,0,1,6,887,11,11,4131,1,2,337,0,0,0,1,6,887
202406,148,29060,5,Laconia  NH ,22,22,9833,0,0,0,0,0,0,1,5,1950,13,13,5995,0,0,0,0,0,0,1,5,1950
202406,148,31700,2,Manchester-Nashua  NH ,38,38,14563,1,2,594,0,0,0,2,41,8240,16,16,8546,0,0,0,0,0,0,0,0,0
202406,148,39300,2,Providence-Warwick  RI-MA ,156,156,48526,6,12,2035,2,6,840,0,0,0,83,83,28459,2,4,837,2,6,840,0,0,0
202406,148,49340,2,Worcester  MA ,146,146,51760,2,4,1016,0,0,0,2,31,3417,100,100,35789,1,2,300,0,0,0,1,26,3000
202406,150,14540,2,Bowling Green  KY ,74,74,10089,0,0,0,4,12,1500,0,0,0,74,74,10089,0,0,0,4,12,1500,0,0,0
202406,150,23190,5,Franklin  KY ,12,12,2583,0,0,0,0,0,0,0,0,0,12,12,2583,0,0,0,0,0,0,0,0,0
202406,150,23980,5,Glasgow  KY ,12,12,4100,0,0,0,0,0,0,0,0,0,12,12,4100,0,0,0,0,0,0,0,0,0
202406,152,15060,5,Brookings  OR ,6,6,1978,0,0,0,0,0,0,0,0,0,6,6,1978,0,0,0,0,0,0,0,0,0
202406,152,18860,5,Crescent City  CA ,2,2,642,0,0,0,0,0,0,0,0,0,0,0,0,0,0,0,0,0,0,0,0,0
202406,154,15180,2,Brownsville-Harlingen  TX ,144,144,25803,8,16,2090,2,6,533,1,5,411,32,32,5064,3,6,823,0,0,0,0,0,0
202406,154,39700,5,Raymondville  TX ,4,4,1356,0,0,0,0,0,0,0,0,0,4,4,1356,0,0,0,0,0,0,0,0,0
202406,160,15380,2,Buffalo-Cheektowaga  NY ,83,83,31034,0,0,0,3,11,2873,5,92,8602,68,68,26759,0,0,0,2,8,2400,4,82,6360
202406,160,36460,5,Olean  NY ,11,11,2546,0,0,0,0,0,0,0,0,0,2,2,800,0,0,0,0,0,0,0,0,0
202406,161,15460,5,Burlington  IA-IL ,0,0,0,0,0,0,0,0,0,1,5,699,0,0,0,0,0,0,0,0,0,0,0,0
202406,161,22800,5,Fort Madison  IA ,2,2,466,0,0,0,0,0,0,0,0,0,0,0,0,0,0,0,0,0,0,0,0,0
202406,162,12740,5,Barre  VT ,16,16,6014,0,0,0,0,0,0,0,0,0,4,4,2180,0,0,0,0,0,0,0,0,0
202406,162,15540,2,Burlington-South Burlington  VT ,42,42,16906,3,6,1196,0,0,0,2,44,7231,22,22,10624,1,2,550,0,0,0,1,39,7000
202406,163,15980,2,Cape Coral-Fort Myers  FL ,931,931,248228,9,18,3145,0,0,0,11,331,112357,931,931,248228,9,18,3145,0,0,0,11,331,112357
202406,163,17500,5,Clewiston  FL ,65,65,11272,0,0,0,0,0,0,0,0,0,65,65,11272,0,0,0,0,0,0,0,0,0
202406,163,34940,2,Naples-Marco Island  FL ,248,248,117156,1,2,703,1,4,612,3,41,50933,6,6,7265,0,0,0,0,0,0,0,0,0
202406,164,16020,2,Cape Girardeau  MO-IL ,8,8,2417,0,0,0,0,0,0,0,0,0,0,0,0,0,0,0,0,0,0,0,0,0
202406,164,43460,5,Sikeston  MO ,20,20,2317,4,8,548,0,0,0,0,0,0,17,17,1710,4,8,548,0,0,0,0,0,0
202406,166,16060,5,Carbondale  IL ,1,1,105,0,0,0,0,0,0,0,0,0,0,0,0,0,0,0,0,0,0,0,0,0
202406,166,32060,5,Marion-Herrin  IL ,8,8,1349,0,0,0,1,3,220,0,0,0,5,5,918,0,0,0,0,0,0,0,0,0
202406,168,16300,2,Cedar Rapids  IA ,37,37,12439,3,6,1090,0,0,0,2,227,37074,34,34,11483,3,6,1090,0,0,0,2,227,37074
202406,168,26980,2,Iowa City  IA ,34,34,12983,1,2,329,0,0,0,1,5,966,18,18,8557,0,0,0,0,0,0,0,0,0
202406,169,16580,2,Champaign-Urbana  IL ,13,13,5259,0,0,0,0,0,0,1,115,17582,11,11,4705,0,0,0,0,0,0,1,115,17582
202406,169,19180,5,Danville  IL ,3,3,654,0,0,0,0,0,0,0,0,0,0,0,0,0,0,0,0,0,0,0,0,0
202406,170,16620,2,Charleston  WV ,6,6,638,0,0,0,0,0,0,0,0,0,4,4,400,0,0,0,0,0,0,0,0,0
202406,170,26580,2,Huntington-Ashland  WV-KY-OH ,19,19,4002,0,0,0,1,3,286,0,0,0,1,1,340,0,0,0,0,0,0,0,0,0
202406,170,39020,5,Portsmouth  OH ,1,1,300,0,0,0,0,0,0,0,0,0,0,0,0,0,0,0,0,0,0,0,0,0
202406,172,10620,5,Albemarle  NC ,30,30,5051,0,0,0,0,0,0,0,0,0,0,0,0,0,0,0,0,0,0,0,0,0
202406,172,16740,2,Charlotte-Concord-Gastonia  NC-SC ,1384,1384,418746,1,2,50,0,0,0,22,650,90353,1304,1304,389644,1,2,50,0,0,0,21,637,88877
202406,172,25860,2,Hickory-Lenoir-Morganton  NC ,211,211,44909,13,26,3360,0,0,0,1,6,334,175,175,36158,12,24,3000,0,0,0,0,0,0
202406,172,32000,5,Marion  NC ,16,16,7332,0,0,0,0,0,0,0,0,0,0,0,0,0,0,0,0,0,0,0,0,0
202406,172,43140,5,Shelby-Kings Mountain  NC ,29,29,5595,1,2,200,0,0,0,1,21,3058,17,17,3863,1,2,200,0,0,0,0,0,0
202406,174,11940,5,Athens  TN ,11,11,2936,0,0,0,0,0,0,0,0,0,1,1,239,0,0,0,0,0,0,0,0,0
202406,174,16860,2,Chattanooga  TN-GA ,224,224,48116,4,8,575,3,10,1026,8,77,6294,177,177,37802,0,0,0,2,7,852,5,42,2798
202406,174,17420,2,Cleveland  TN ,66,66,16683,0,0,0,0,0,0,0,0,0,49,49,13604,0,0,0,0,0,0,0,0,0
202406,174,19140,2,Dalton  GA ,33,33,6193,2,4,261,1,3,451,0,0,0,0,0,0,0,0,0,0,0,0,0,0,0
202406,174,42460,5,Scottsboro  AL ,4,4,1253,0,0,0,0,0,0,0,0,0,0,0,0,0,0,0,0,0,0,0,0,0
202406,174,44900,5,Summerville  GA ,1,1,253,0,0,0,0,0,0,0,0,0,0,0,0,0,0,0,0,0,0,0,0,0
202406,176,16980,2,Chicago-Naperville-Elgin  IL-IN ,811,811,287497,7,14,4058,16,52,10086,24,508,151705,625,625,221537,6,12,3758,13,43,9373,18,473,145870
202406,176,28100,2,Kankakee  IL ,13,13,3975,1,2,400,0,0,0,1,5,500,8,8,2561,1,2,400,0,0,0,0,0,0
202406,176,28450,2,Kenosha  WI ,20,20,9456,0,0,0,0,0,0,0,0,0,16,16,7619,0,0,0,0,0,0,0,0,0
202406,176,33140,2,Michigan City-La Porte  IN ,12,12,5194,0,0,0,0,0,0,1,6,760,9,9,4466,0,0,0,0,0,0,0,0,0
202406,176,36837,5,Ottawa  IL ,8,8,3100,0,0,0,0,0,0,0,0,0,1,1,480,0,0,0,0,0,0,0,0,0
202406,178,17140,2,Cincinnati  OH-KY-IN ,326,326,111413,14,28,3842,6,19,4374,3,23,2908,290,290,102567,13,26,3460,4,13,3335,2,12,1537
202406,178,48940,5,Wilmington  OH ,6,6,2106,0,0,0,0,0,0,1,5,313,0,0,0,0,0,0,0,0,0,0,0,0
202406,184,10420,2,Akron  OH ,61,61,22063,2,4,1250,9,34,3743,3,29,1836,54,54,18925,2,4,1250,9,34,3743,3,29,1836
202406,184,15940,2,Canton-Massillon  OH ,28,28,11378,0,0,0,0,0,0,2,10,768,23,23,10599,0,0,0,0,0,0,0,0,0
202406,184,17410,2,Cleveland  OH ,249,249,71662,4,8,1700,2,6,1300,3,68,8320,156,156,44963,4,8,1700,2,6,1300,0,0,0
202406,184,18740,5,Coshocton  OH ,1,1,60,0,0,0,0,0,0,0,0,0,0,0,0,0,0,0,0,0,0,0,0,0
202406,184,23380,5,Fremont  OH ,1,1,303,0,0,0,0,0,0,0,0,0,0,0,0,0,0,0,0,0,0,0,0,0
202406,184,35420,5,New Philadelphia-Dover  OH ,26,26,7852,0,0,0,0,0,0,0,0,0,1,1,399,0,0,0,0,0,0,0,0,0
202406,184,35940,5,Norwalk  OH ,3,3,1057,0,0,0,0,0,0,0,0,0,0,0,0,0,0,0,0,0,0,0,0,0
202406,184,41780,2,Sandusky  OH ,17,17,7862,0,0,0,0,0,0,0,0,0,10,10,5900,0,0,0,0,0,0,0,0,0
202406,184,49300,5,Wooster  OH ,19,19,5300,0,0,0,0,0,0,0,0,0,19,19,5300,0,0,0,0,0,0,0,0,0
202406,190,17860,2,Columbia  MO ,65,65,25865,0,0,0,0,0,0,0,0,0,64,64,25520,0,0,0,0,0,0,0,0,0
202406,190,27620,2,Jefferson City  MO ,15,15,4595,0,0,0,0,0,0,0,0,0,10,10,3535,0,0,0,0,0,0,0,0,0
202406,190,33020,5,Mexico  MO ,1,1,110,0,0,0,0,0,0,0,0,0,0,0,0,0,0,0,0,0,0,0,0,0
202406,190,33620,5,Moberly  MO ,4,4,974,2,4,828,0,0,0,0,0,0,0,0,0,0,0,0,0,0,0,0,0,0
202406,192,17900,2,Columbia  SC ,330,330,79949,4,8,1145,22,80,13568,1,90,13838,220,220,58444,4,8,1145,22,80,13568,1,90,13838
202406,192,35140,5,Newberry  SC ,10,10,4027,0,0,0,0,0,0,0,0,0,10,10,4027,0,0,0,0,0,0,0,0,0
202406,192,36700,5,Orangeburg  SC ,7,7,1066,0,0,0,0,0,0,0,0,0,0,0,0,0,0,0,0,0,0,0,0,0
202406,192,44940,2,Sumter  SC ,29,29,4790,2,4,381,0,0,0,0,0,0,0,0,0,0,0,0,0,0,0,0,0,0
202406,194,10760,5,Alexander City  AL ,15,15,10020,0,0,0,0,0,0,0,0,0,11,11,6228,0,0,0,0,0,0,0,0,0
202406,194,12220,2,Auburn-Opelika  AL ,138,138,36120,0,0,0,0,0,0,0,0,0,88,88,23869,0,0,0,0,0,0,0,0,0
202406,194,17980,2,Columbus  GA-AL ,58,58,13731,0,0,0,0,0,0,0,0,0,36,36,7283,0,0,0,0,0,0,0,0,0
202406,198,11900,5,Athens  OH ,0,0,0,0,0,0,0,0,0,0,0,0,0,0,0,0,0,0,0,0,0,0,0,0
202406,198,13340,5,Bellefontaine  OH ,6,6,1819,0,0,0,0,0,0,0,0,0,0,0,0,0,0,0,0,0,0,0,0,0
202406,198,15740,5,Cambridge  OH ,1,1,316,0,0,0,0,0,0,0,0,0,1,1,316,0,0,0,0,0,0,0,0,0
202406,198,17060,5,Chillicothe  OH ,1,1,343,0,0,0,0,0,0,0,0,0,0,0,0,0,0,0,0,0,0,0,0,0
202406,198,18140,2,Columbus  OH ,498,498,194465,6,12,1942,4,15,3867,50,1467,182131,410,410,160016,5,10,1800,3,12,3750,50,1467,182131
202406,198,32020,5,Marion  OH ,7,7,2207,0,0,0,0,0,0,0,0,0,4,4,1700,0,0,0,0,0,0,0,0,0
202406,198,34540,5,Mount Vernon  OH ,11,11,3210,1,2,620,0,0,0,0,0,0,1,1,480,1,2,620,0,0,0,0,0,0
202406,198,47920,5,Washington Court House  OH ,13,13,2630,0,0,0,0,0,0,0,0,0,13,13,2630,0,0,0,0,0,0,0,0,0
202406,198,49780,5,Zanesville  OH ,4,4,1193,0,0,0,1,3,414,1,12,1450,0,0,0,0,0,0,0,0,0,0,0,0
202406,204,10860,5,Alice  TX ,0,0,0,0,0,0,0,0,0,0,0,0,0,0,0,0,0,0,0,0,0,0,0,0
202406,204,18580,2,Corpus Christi  TX ,176,176,44933,0,0,0,0,0,0,1,5,372,23,23,6615,0,0,0,0,0,0,0,0,0
202406,204,28780,5,Kingsville  TX ,2,2,361,0,0,0,0,0,0,0,0,0,0,0,0,0,0,0,0,0,0,0,0,0
202406,206,11980,5,Athens  TX ,21,21,5126,0,0,0,0,0,0,0,0,0,5,5,953,0,0,0,0,0,0,0,0,0
202406,206,14300,5,Bonham  TX ,5,5,580,0,0,0,0,0,0,0,0,0,4,4,361,0,0,0,0,0,0,0,0,0
202406,206,18620,5,Corsicana  TX ,41,41,10290,0,0,0,0,0,0,0,0,0,0,0,0,0,0,0,0,0,0,0,0,0
202406,206,19100,2,Dallas-Fort Worth-Arlington  TX ,3854,3854,1255030,53,106,16039,11,39,4541,58,1518,211262,3294,3294,1104791,38,76,11794,8,28,3490,56,1499,209189
202406,206,20460,5,Durant  OK ,1,1,640,0,0,0,0,0,0,0,0,0,1,1,640,0,0,0,0,0,0,0,0,0
202406,206,23620,5,Gainesville  TX ,7,7,1920,0,0,0,0,0,0,0,0,0,1,1,288,0,0,0,0,0,0,0,0,0
202406,206,24180,5,Granbury  TX ,8,8,2235,0,0,0,0,0,0,0,0,0,7,7,1979,0,0,0,0,0,0,0,0,0
202406,206,33420,5,Mineral Wells  TX ,2,2,573,0,0,0,0,0,0,0,0,0,0,0,0,0,0,0,0,0,0,0,0,0
202406,206,43300,2,Sherman-Denison  TX ,136,136,38999,0,0,0,0,0,0,5,174,24972,85,85,24345,0,0,0,0,0,0,5,174,24972
202406,206,44860,5,Sulphur Springs  TX ,6,6,1179,0,0,0,0,0,0,0,0,0,0,0,0,0,0,0,0,0,0,0,0,0
202406,209,17540,5,Clinton  IA ,1,1,690,1,2,446,0,0,0,1,5,833,1,1,690,0,0,0,0,0,0,0,0,0
202406,209,19340,2,Davenport-Moline-Rock Island  IA-IL ,49,49,13189,0,0,0,1,4,787,1,5,524,32,32,6898,0,0,0,0,0,0,0,0,0
202406,209,34700,5,Muscatine  IA ,2,2,707,0,0,0,0,0,0,0,0,0,2,2,707,0,0,0,0,0,0,0,0,0
202406,212,19430,2,Dayton-Kettering-Beavercreek  OH ,145,145,60195,0,0,0,2,6,1825,4,43,5245,107,107,47419,0,0,0,2,6,1825,2,20,2455
202406,212,24820,5,Greenville  OH ,2,2,1195,0,0,0,0,0,0,0,0,0,2,2,1195,0,0,0,0,0,0,0,0,0
202406,212,43380,5,Sidney  OH ,6,6,1533,0,0,0,0,0,0,0,0,0,6,6,1533,0,0,0,0,0,0,0,0,0
202406,212,44220,2,Springfield  OH ,9,9,3405,0,0,0,0,0,0,0,0,0,9,9,3405,0,0,0,0,0,0,0,0,0
202406,212,46500,5,Urbana  OH ,3,3,1175,0,0,0,0,0,0,0,0,0,3,3,1175,0,0,0,0,0,0,0,0,0
202406,216,14500,2,Boulder  CO ,85,85,38212,0,0,0,0,0,0,1,14,3756,59,59,15199,0,0,0,0,0,0,0,0,0
202406,216,19740,2,Denver-Aurora-Centennial  CO ,773,773,264926,0,0,0,0,0,0,13,538,92158,719,719,246663,0,0,0,0,0,0,11,523,89575
202406,216,24540,2,Greeley  CO ,204,204,69256,2,4,884,2,6,1375,3,37,6056,146,146,49298,0,0,0,0,0,0,0,0,0
202406,218,11180,2,Ames  IA ,19,19,6454,0,0,0,1,4,898,5,34,7632,14,14,4986,0,0,0,1,4,898,5,34,7632
202406,218,19780,2,Des Moines-West Des Moines  IA ,306,306,114969,3,6,1459,0,0,0,2,33,6449,304,304,114367,3,6,1459,0,0,0,2,33,6449
202406,218,36820,5,Oskaloosa  IA ,0,0,0,0,0,0,0,0,0,0,0,0,0,0,0,0,0,0,0,0,0,0,0,0
202406,218,37800,5,Pella  IA ,11,11,3934,0,0,0,0,0,0,0,0,0,8,8,3286,0,0,0,0,0,0,0,0,0
202406,220,10300,5,Adrian  MI ,22,22,6442,0,0,0,0,0,0,0,0,0,13,13,4853,0,0,0,0,0,0,0,0,0
202406,220,11460,2,Ann Arbor  MI ,74,74,21871,0,0,0,0,0,0,2,27,27961,58,58,15305,0,0,0,0,0,0,0,0,0
202406,220,19820,2,Detroit-Warren-Dearborn  MI ,427,427,158842,24,48,5138,3,11,2632,7,46,9756,330,330,128089,24,48,5138,3,11,2632,5,30,6819
202406,220,22420,2,Flint  MI ,29,29,9508,0,0,0,0,0,0,0,0,0,19,19,6956,0,0,0,0,0,0,0,0,0
202406,220,33780,2,Monroe  MI ,16,16,5782,0,0,0,0,0,0,1,5,359,10,10,4178,0,0,0,0,0,0,0,0,0
202406,221,19940,5,Dixon  IL ,9,9,3161,0,0,0,0,0,0,0,0,0,9,9,3161,0,0,0,0,0,0,0,0,0
202406,221,44580,5,Sterling  IL ,1,1,750,0,0,0,0,0,0,0,0,0,1,1,750,0,0,0,0,0,0,0,0,0
202406,222,20020,2,Dothan  AL ,36,36,10020,0,0,0,0,0,0,0,0,0,25,25,7494,0,0,0,0,0,0,0,0,0
202406,222,21460,5,Enterprise  AL ,11,11,2340,0,0,0,0,0,0,0,0,0,0,0,0,0,0,0,0,0,0,0,0,0
202406,222,37120,5,Ozark  AL ,3,3,495,0,0,0,0,0,0,0,0,0,2,2,290,0,0,0,0,0,0,0,0,0
202406,228,20260,2,Duluth  MN-WI ,58,58,17772,1,2,294,0,0,0,0,0,0,50,50,15385,0,0,0,0,0,0,0,0,0
202406,228,24330,5,Grand Rapids  MN ,9,9,3051,0,0,0,0,0,0,0,0,0,7,7,2474,0,0,0,0,0,0,0,0,0
202406,232,20740,2,Eau Claire  WI ,37,37,14119,3,6,2065,0,0,0,0,0,0,34,34,13089,3,6,2065,0,0,0,0,0,0
202406,232,32860,5,Menomonie  WI ,11,11,2875,0,0,0,0,0,0,0,0,0,10,10,2571,0,0,0,0,0,0,0,0,0
202406,233,20780,5,Edwards  CO ,9,9,14934,0,0,0,0,0,0,0,0,0,9,9,14934,0,0,0,0,0,0,0,0,0
202406,233,40090,5,Rifle  CO ,14,14,53142,0,0,0,0,0,0,1,56,13980,7,7,40314,0,0,0,0,0,0,1,56,13980
202406,236,18500,5,Corning  NY ,18,18,3232,1,2,12,0,0,0,0,0,0,0,0,0,0,0,0,0,0,0,0,0,0
202406,236,21300,2,Elmira  NY ,5,5,1051,0,0,0,0,0,0,1,5,560,0,0,0,0,0,0,0,0,0,0,0,0
202406,238,21340,2,El Paso  TX ,164,164,38790,2,4,518,1,3,395,2,12,1414,11,11,3163,0,0,0,0,0,0,0,0,0
202406,238,29740,2,Las Cruces  NM ,70,70,19393,1,2,146,1,4,650,0,0,0,53,53,14133,1,2,146,1,4,650,0,0,0
202406,240,21500,2,Erie  PA ,13,13,4568,0,0,0,0,0,0,0,0,0,5,5,2150,0,0,0,0,0,0,0,0,0
202406,240,32740,5,Meadville  PA ,9,9,2715,0,0,0,0,0,0,0,0,0,0,0,0,0,0,0,0,0,0,0,0,0
202406,241,21780,2,Evansville  IN ,64,64,23701,3,6,1046,0,0,0,0,0,0,23,23,10659,0,0,0,0,0,0,0,0,0
202406,241,25775,5,Henderson  KY ,7,7,2464,1,2,299,0,0,0,0,0,0,6,6,2178,1,2,299,0,0,0,0,0,0
202406,242,17220,5,Clarksburg  WV ,10,10,3649,0,0,0,0,0,0,0,0,0,8,8,3388,0,0,0,0,0,0,0,0,0
202406,242,21900,5,Fairmont  WV ,0,0,0,0,0,0,0,0,0,0,0,0,0,0,0,0,0,0,0,0,0,0,0,0
202406,244,22020,2,Fargo  ND-MN ,120,120,41992,0,0,0,0,0,0,8,217,35241,118,118,41421,0,0,0,0,0,0,8,217,35241
202406,244,47420,5,Wahpeton  ND-MN ,3,3,1129,0,0,0,0,0,0,0,0,0,0,0,0,0,0,0,0,0,0,0,0,0
202406,246,22180,2,Fayetteville  NC ,177,177,49867,0,0,0,4,16,902,0,0,0,177,177,49867,0,0,0,4,16,902,0,0,0
202406,246,29900,5,Laurinburg  NC ,4,4,670,0,0,0,0,0,0,0,0,0,4,4,670,0,0,0,0,0,0,0,0,0
202406,246,31300,5,Lumberton  NC ,11,11,2442,0,0,0,0,0,0,0,0,0,10,10,2223,0,0,0,0,0,0,0,0,0
202406,246,38240,2,Pinehurst-Southern Pines  NC ,78,78,19240,0,0,0,0,0,0,0,0,0,63,63,15201,0,0,0,0,0,0,0,0,0
202406,246,40460,5,Rockingham  NC ,4,4,1065,0,0,0,0,0,0,0,0,0,0,0,0,0,0,0,0,0,0,0,0,0
202406,248,22300,5,Findlay  OH ,9,9,2068,0,0,0,0,0,0,0,0,0,3,3,395,0,0,0,0,0,0,0,0,0
202406,248,45660,5,Tiffin  OH ,2,2,387,0,0,0,0,0,0,0,0,0,0,0,0,0,0,0,0,0,0,0,0,0
202406,250,22520,2,Florence-Muscle Shoals  AL ,21,21,2706,0,0,0,0,0,0,0,0,0,18,18,2382,0,0,0,0,0,0,0,0,0
202406,250,40770,5,Russellville  AL ,1,1,114,0,0,0,0,0,0,0,0,0,0,0,0,0,0,0,0,0,0,0,0,0
202406,258,11420,5,Angola  IN ,11,11,5935,0,0,0,0,0,0,0,0,0,11,11,5935,0,0,0,0,0,0,0,0,0
202406,258,12140,5,Auburn  IN ,7,7,3606,0,0,0,0,0,0,0,0,0,7,7,3606,0,0,0,0,0,0,0,0,0
202406,258,19540,5,Decatur  IN ,6,6,1038,0,0,0,0,0,0,1,5,334,0,0,0,0,0,0,0,0,0,0,0,0
202406,258,23060,2,Fort Wayne  IN ,110,110,38614,2,4,681,0,0,0,9,221,30883,103,103,36551,0,0,0,0,0,0,9,221,30883
202406,258,26540,5,Huntington  IN ,10,10,3002,0,0,0,0,0,0,0,0,0,6,6,1680,0,0,0,0,0,0,0,0,0
202406,258,28340,5,Kendallville  IN ,10,10,2632,0,0,0,0,0,0,0,0,0,6,6,1817,0,0,0,0,0,0,0,0,0
202406,260,23420,2,Fresno  CA ,362,362,107159,0,0,0,0,0,0,1,5,959,343,343,100575,0,0,0,0,0,0,0,0,0
202406,260,25260,2,Hanford-Corcoran  CA ,40,40,13522,0,0,0,1,3,600,1,9,979,5,5,1630,0,0,0,0,0,0,0,0,0
202406,264,23540,2,Gainesville  FL ,89,89,24837,1,2,192,0,0,0,1,36,2881,54,54,14017,0,0,0,0,0,0,0,0,0
202406,264,29380,5,Lake City  FL ,20,20,3847,0,0,0,0,0,0,0,0,0,4,4,484,0,0,0,0,0,0,0,0,0
202406,266,13660,5,Big Rapids  MI ,9,9,2458,0,0,0,0,0,0,0,0,0,6,6,1620,0,0,0,0,0,0,0,0,0
202406,266,24340,2,Grand Rapids-Wyoming-Kentwood  MI ,217,217,81287,2,4,721,3,10,2242,12,115,23389,127,127,45732,0,0,0,0,0,0,9,81,16200
202406,266,26090,5,Holland  MI ,45,45,17939,1,2,35,0,0,0,0,0,0,30,30,14241,0,0,0,0,0,0,0,0,0
202406,266,34740,2,Muskegon-Norton Shores  MI ,25,25,6821,0,0,0,0,0,0,0,0,0,20,20,5498,0,0,0,0,0,0,0,0,0
202406,267,24580,2,Green Bay  WI ,80,80,35489,10,20,3093,0,0,0,3,37,4853,67,67,29839,3,6,592,0,0,0,2,32,4247
202406,267,43020,5,Shawano  WI ,15,15,4831,0,0,0,0,0,0,0,0,0,13,13,4093,0,0,0,0,0,0,0,0,0
202406,268,15500,2,Burlington  NC ,194,194,22527,1,2,332,0,0,0,3,168,9000,194,194,22527,1,2,332,0,0,0,3,168,9000
202406,268,24660,2,Greensboro-High Point  NC ,155,155,55224,2,4,474,0,0,0,0,0,0,154,154,55015,2,4,474,0,0,0,0,0,0
202406,268,34340,5,Mount Airy  NC ,20,20,3965,0,0,0,0,0,0,0,0,0,20,20,3965,0,0,0,0,0,0,0,0,0
202406,268,49180,2,Winston-Salem  NC ,300,300,93947,3,6,1191,0,0,0,6,113,11578,268,268,86455,3,6,1191,0,0,0,5,108,11381
202406,273,23500,5,Gaffney  SC ,18,18,3754,0,0,0,0,0,0,0,0,0,16,16,3555,0,0,0,0,0,0,0,0,0
202406,273,24860,2,Greenville-Anderson-Greer  SC ,677,677,237364,1,2,154,0,0,0,1,88,14823,616,616,211940,1,2,154,0,0,0,1,88,14823
202406,273,24940,5,Greenwood  SC ,38,38,8665,0,0,0,0,0,0,0,0,0,38,38,8665,0,0,0,0,0,0,0,0,0
202406,273,42860,5,Seneca  SC ,65,65,23032,0,0,0,0,0,0,5,40,6135,65,65,23032,0,0,0,0,0,0,5,40,6135
202406,273,43900,2,Spartanburg  SC ,266,266,51544,0,0,0,0,0,0,1,5,600,35,35,11438,0,0,0,0,0,0,0,0,0
202406,274,24780,2,Greenville  NC ,58,58,13993,0,0,0,0,0,0,0,0,0,28,28,7828,0,0,0,0,0,0,0,0,0
202406,274,47820,5,Washington  NC ,19,19,3598,0,0,0,0,0,0,0,0,0,3,3,1047,0,0,0,0,0,0,0,0,0
202406,276,23900,2,Gettysburg  PA ,54,54,16985,0,0,0,0,0,0,0,0,0,54,54,16985,0,0,0,0,0,0,0,0,0
202406,276,25420,2,Harrisburg-Carlisle  PA ,110,110,29913,0,0,0,1,4,709,4,38,5508,79,79,21481,0,0,0,1,4,709,3,30,4910
202406,276,30140,2,Lebanon  PA ,23,23,3392,0,0,0,0,0,0,0,0,0,2,2,433,0,0,0,0,0,0,0,0,0
202406,276,49620,2,York-Hanover  PA ,99,99,25479,1,2,346,0,0,0,2,12,1950,46,46,8732,0,0,0,0,0,0,2,12,1950
202406,277,25500,2,Harrisonburg  VA ,67,67,13805,0,0,0,0,0,0,11,55,6697,67,67,13805,0,0,0,0,0,0,11,55,6697
202406,277,44420,2,Staunton-Stuarts Draft  VA ,38,38,9193,0,0,0,0,0,0,0,0,0,38,38,9193,0,0,0,0,0,0,0,0,0
202406,279,25620,2,Hattiesburg  MS ,11,11,2183,0,0,0,0,0,0,1,5,597,0,0,0,0,0,0,0,0,0,0,0,0
202406,279,29860,5,Laurel  MS ,3,3,375,0,0,0,0,0,0,0,0,0,0,0,0,0,0,0,0,0,0,0,0,0
202406,284,26300,2,Hot Springs  AR ,5,5,991,0,0,0,0,0,0,0,0,0,4,4,705,0,0,0,0,0,0,0,0,0
202406,284,31680,5,Malvern  AR ,0,0,0,0,0,0,0,0,0,0,0,0,0,0,0,0,0,0,0,0,0,0,0,0
202406,288,13060,5,Bay City  TX ,11,11,1903,0,0,0,0,0,0,0,0,0,10,10,1657,0,0,0,0,0,0,0,0,0
202406,288,14780,5,Brenham  TX ,18,18,3118,0,0,0,0,0,0,0,0,0,18,18,3118,0,0,0,0,0,0,0,0,0
202406,288,20900,5,El Campo  TX ,6,6,1768,0,0,0,0,0,0,1,5,351,5,5,1438,0,0,0,0,0,0,0,0,0
202406,288,26420,2,Houston-Pasadena-The Woodlands  TX ,3962,3962,1157316,53,106,21032,1,4,670,20,747,105000,3686,3686,1086815,53,106,21032,1,4,670,20,747,105000
202406,288,26660,5,Huntsville  TX ,42,42,8788,0,0,0,0,0,0,0,0,0,0,0,0,0,0,0,0,0,0,0,0,0
202406,290,10700,5,Albertville  AL ,15,15,3467,0,0,0,0,0,0,0,0,0,11,11,2816,0,0,0,0,0,0,0,0,0
202406,290,19460,2,Decatur  AL ,13,13,3226,0,0,0,0,0,0,0,0,0,11,11,2836,0,0,0,0,0,0,0,0,0
202406,290,22190,5,Fayetteville  TN ,11,11,2745,0,0,0,0,0,0,0,0,0,11,11,2745,0,0,0,0,0,0,0,0,0
202406,290,22840,5,Fort Payne  AL ,9,9,1481,0,0,0,0,0,0,0,0,0,7,7,1170,0,0,0,0,0,0,0,0,0
202406,290,26620,2,Huntsville  AL ,316,316,63644,0,0,0,0,0,0,1,22,1607,181,181,30860,0,0,0,0,0,0,1,22,1607
202406,292,13940,5,Blackfoot  ID ,15,15,2065,0,0,0,0,0,0,0,0,0,15,15,2065,0,0,0,0,0,0,0,0,0
202406,292,26820,2,Idaho Falls  ID ,94,94,20779,0,0,0,3,12,1704,1,24,1800,93,93,20673,0,0,0,3,12,1704,1,24,1800
202406,292,39940,5,Rexburg  ID ,21,21,4076,0,0,0,1,4,466,0,0,0,21,21,4076,0,0,0,1,4,466,0,0,0
202406,294,18020,2,Columbus  IN ,12,12,3758,0,0,0,0,0,0,0,0,0,12,12,3758,0,0,0,0,0,0,0,0,0
202406,294,18820,5,Crawfordsville  IN ,4,4,954,0,0,0,0,0,0,0,0,0,0,0,0,0,0,0,0,0,0,0,0,0
202406,294,24600,5,Greencastle  IN ,14,14,4150,0,0,0,0,0,0,0,0,0,14,14,4150,0,0,0,0,0,0,0,0,0
202406,294,24700,5,Greensburg  IN ,4,4,945,0,0,0,0,0,0,0,0,0,4,4,945,0,0,0,0,0,0,0,0,0
202406,294,26900,2,Indianapolis-Carmel-Greenwood  IN ,999,999,329388,5,10,1921,0,0,0,4,22,5768,982,982,325126,5,10,1921,0,0,0,4,22,5768
202406,294,29020,2,Kokomo  IN ,18,18,4816,0,0,0,0,0,0,0,0,0,16,16,4205,0,0,0,0,0,0,0,0,0
202406,294,34620,2,Muncie  IN ,6,6,2518,0,0,0,0,0,0,0,0,0,2,2,453,0,0,0,0,0,0,0,0,0
202406,294,35220,5,New Castle  IN ,3,3,1045,0,0,0,0,0,0,0,0,0,0,0,0,0,0,0,0,0,0,0,0,0
202406,294,37940,5,Peru  IN ,1,1,303,0,0,0,0,0,0,0,0,0,0,0,0,0,0,0,0,0,0,0,0,0
202406,294,42980,5,Seymour  IN ,11,11,3235,0,0,0,0,0,0,0,0,0,11,11,3235,0,0,0,0,0,0,0,0,0
202406,296,18660,5,Cortland  NY ,2,2,651,0,0,0,1,3,450,0,0,0,1,1,350,0,0,0,0,0,0,0,0,0
202406,296,27060,2,Ithaca  NY ,17,17,4488,1,2,320,0,0,0,3,15,3164,5,5,1360,0,0,0,0,0,0,0,0,0
202406,298,15020,5,Brookhaven  MS ,0,0,0,0,0,0,0,0,0,0,0,0,0,0,0,0,0,0,0,0,0,0,0,0
202406,298,27140,2,Jackson  MS ,126,126,34648,0,0,0,0,0,0,1,5,511,106,106,29629,0,0,0,0,0,0,0,0,0
202406,298,46980,5,Vicksburg  MS ,0,0,0,0,0,0,0,0,0,0,0,0,0,0,0,0,0,0,0,0,0,0,0,0
202406,300,27260,2,Jacksonville  FL ,1178,1178,286106,0,0,0,11,44,782,0,0,0,1170,1170,282801,0,0,0,11,44,782,0,0,0
202406,300,28680,5,Kingsland  GA ,44,44,14493,0,0,0,0,0,0,0,0,0,36,36,12258,0,0,0,0,0,0,0,0,0
202406,300,37260,5,Palatka  FL ,16,16,575,0,0,0,0,0,0,0,0,0,16,16,575,0,0,0,0,0,0,0,0,0
202406,304,24620,5,Greeneville  TN ,19,19,7091,0,0,0,0,0,0,0,0,0,19,19,7091,0,0,0,0,0,0,0,0,0
202406,304,27740,2,Johnson City  TN ,92,92,23147,0,0,0,0,0,0,1,5,683,77,77,20874,0,0,0,0,0,0,1,5,683
202406,304,28700,2,Kingsport-Bristol  TN-VA ,49,49,10603,0,0,0,1,3,346,1,5,292,33,33,8438,0,0,0,0,0,0,0,0,0
202406,306,27780,2,Johnstown  PA ,6,6,2442,0,0,0,0,0,0,0,0,0,2,2,770,0,0,0,0,0,0,0,0,0
202406,306,43740,5,Somerset  PA ,6,6,1280,0,0,0,0,0,0,0,0,0,0,0,0,0,0,0,0,0,0,0,0,0
202406,308,27860,2,Jonesboro  AR ,67,67,11114,4,8,623,4,14,726,1,7,397,21,21,4037,1,2,210,0,0,0,0,0,0
202406,308,37500,5,Paragould  AR ,7,7,1060,2,4,330,0,0,0,0,0,0,7,7,1060,2,4,330,0,0,0,0,0,0
202406,309,27900,2,Joplin  MO-KS ,36,36,9695,3,6,802,0,0,0,2,12,1179,12,12,3933,0,0,0,0,0,0,0,0,0
202406,309,33060,5,Miami  OK ,0,0,0,0,0,0,0,0,0,0,0,0,0,0,0,0,0,0,0,0,0,0,0,0
202406,310,12980,2,Battle Creek  MI ,13,13,2873,0,0,0,0,0,0,0,0,0,0,0,0,0,0,0,0,0,0,0,0,0
202406,310,28020,2,Kalamazoo-Portage  MI ,21,21,7956,0,0,0,0,0,0,1,10,1327,9,9,2071,0,0,0,0,0,0,0,0,0
202406,310,44780,5,Sturgis  MI ,5,5,1468,0,0,0,0,0,0,0,0,0,0,0,0,0,0,0,0,0,0,0,0,0
202406,312,11860,5,Atchison  KS ,1,1,180,0,0,0,0,0,0,0,0,0,0,0,0,0,0,0,0,0,0,0,0,0
202406,312,28140,2,Kansas City  MO-KS ,396,396,145558,10,20,4545,11,44,7326,16,668,90061,357,357,132673,10,20,4545,11,44,7326,15,637,84098
202406,312,29940,2,Lawrence  KS ,18,18,5445,1,2,402,0,0,0,0,0,0,5,5,1568,0,0,0,0,0,0,0,0,0
202406,312,36840,5,Ottawa  KS ,5,5,1671,0,0,0,0,0,0,0,0,0,4,4,1368,0,0,0,0,0,0,0,0,0
202406,312,41140,2,St. Joseph  MO-KS ,11,11,2413,0,0,0,0,0,0,0,0,0,5,5,1080,0,0,0,0,0,0,0,0,0
202406,312,47660,5,Warrensburg  MO ,2,2,217,0,0,0,0,0,0,0,0,0,0,0,0,0,0,0,0,0,0,0,0,0
202406,313,14710,5,Brattleboro  VT ,12,12,3269,1,2,254,0,0,0,0,0,0,0,0,0,0,0,0,0,0,0,0,0,0
202406,313,28300,5,Keene  NH ,14,14,3361,0,0,0,1,3,150,0,0,0,4,4,586,0,0,0,0,0,0,0,0,0
202406,314,28420,2,Kennewick-Richland  WA ,84,84,25818,1,2,673,0,0,0,4,109,18020,26,26,5801,0,0,0,0,0,0,2,60,10864
202406,314,47460,2,Walla Walla  WA ,9,9,3707,1,2,363,0,0,0,1,5,754,7,7,3353,0,0,0,0,0,0,0,0,0
202406,315,28940,2,Knoxville  TN ,378,378,113153,3,6,1138,2,8,1468,3,64,10395,309,309,96939,0,0,0,0,0,0,0,0,0
202406,315,34100,2,Morristown  TN ,43,43,14305,0,0,0,1,3,180,0,0,0,13,13,4552,0,0,0,0,0,0,0,0,0
202406,315,35460,5,Newport  TN ,0,0,0,0,0,0,1,3,600,0,0,0,0,0,0,0,0,0,0,0,0,0,0,0
202406,315,42940,5,Sevierville  TN ,76,76,29863,0,0,0,0,0,0,2,15,2056,11,11,3835,0,0,0,0,0,0,1,6,774
202406,317,29100,2,La Crosse-Onalaska  WI-MN ,29,29,11795,5,10,2230,0,0,0,0,0,0,15,15,6880,4,8,1700,0,0,0,0,0,0
202406,317,43890,5,Sparta  WI ,9,9,2412,1,2,340,0,0,0,0,0,0,5,5,535,0,0,0,0,0,0,0,0,0
202406,318,29180,2,Lafayette  LA ,154,154,32815,1,2,605,0,0,0,0,0,0,47,47,9724,1,2,605,0,0,0,0,0,0
202406,318,35340,5,New Iberia  LA ,10,10,1930,0,0,0,0,0,0,0,0,0,0,0,0,0,0,0,0,0,0,0,0,0
202406,318,36660,5,Opelousas  LA ,12,12,2231,0,0,0,0,0,0,0,0,0,0,0,0,0,0,0,0,0,0,0,0,0
202406,320,23140,5,Frankfort  IN ,7,7,1682,0,0,0,0,0,0,0,0,0,4,4,890,0,0,0,0,0,0,0,0,0
202406,320,29200,2,Lafayette-West Lafayette  IN ,32,32,11536,0,0,0,0,0,0,2,44,4968,27,27,10081,0,0,0,0,0,0,0,0,0
202406,320,33900,5,Monticello  IN ,6,6,1383,0,0,0,0,0,0,0,0,0,6,6,1383,0,0,0,0,0,0,0,0,0
202406,324,19760,5,DeRidder  LA ,6,6,1815,0,0,0,0,0,0,0,0,0,0,0,0,0,0,0,0,0,0,0,0,0
202406,324,29340,2,Lake Charles  LA ,72,72,11429,1,2,165,0,0,0,6,96,21203,68,68,10566,1,2,165,0,0,0,6,96,21203
202406,330,29620,2,Lansing-East Lansing  MI ,33,33,10270,0,0,0,0,0,0,1,17,1887,22,22,6925,0,0,0,0,0,0,0,0,0
202406,330,37020,5,Owosso  MI ,8,8,1882,0,0,0,0,0,0,0,0,0,0,0,0,0,0,0,0,0,0,0,0,0
202406,332,29820,2,Las Vegas-Henderson-North Las Vegas  NV ,964,964,301320,1,2,384,3,12,2576,4,423,72530,962,962,299512,1,2,384,3,12,2576,4,423,72530
202406,334,20340,5,Duncan  OK ,0,0,0,0,0,0,0,0,0,0,0,0,0,0,0,0,0,0,0,0,0,0,0,0
202406,334,30020,2,Lawton  OK ,10,10,2462,1,2,196,0,0,0,0,0,0,6,6,2045,1,2,196,0,0,0,0,0,0
202406,336,23180,5,Frankfort  KY ,17,17,4649,0,0,0,0,0,0,0,0,0,10,10,3000,0,0,0,0,0,0,0,0,0
202406,336,30460,2,Lexington-Fayette  KY ,135,135,38442,0,0,0,1,3,440,6,86,7561,72,72,24140,0,0,0,0,0,0,3,24,1500
202406,336,34460,5,Mount Sterling  KY ,4,4,1122,0,0,0,0,0,0,0,0,0,0,0,0,0,0,0,0,0,0,0,0,0
202406,336,40080,5,Richmond-Berea  KY ,38,38,8779,0,0,0,0,0,0,0,0,0,38,38,8779,0,0,0,0,0,0,0,0,0
202406,338,16380,5,Celina  OH ,7,7,2609,1,2,340,0,0,0,0,0,0,1,1,700,0,0,0,0,0,0,0,0,0
202406,338,30620,2,Lima  OH ,9,9,2715,0,0,0,0,0,0,0,0,0,3,3,1325,0,0,0,0,0,0,0,0,0
202406,338,46780,5,Van Wert  OH ,2,2,535,0,0,0,0,0,0,0,0,0,0,0,0,0,0,0,0,0,0,0,0,0
202406,338,47540,5,Wapakoneta  OH ,12,12,4426,0,0,0,0,0,0,0,0,0,2,2,1722,0,0,0,0,0,0,0,0,0
202406,339,13100,5,Beatrice  NE ,2,2,605,0,0,0,0,0,0,0,0,0,1,1,353,0,0,0,0,0,0,0,0,0
202406,339,30700,2,Lincoln  NE ,79,79,24561,0,0,0,0,0,0,3,57,21300,76,76,23958,0,0,0,0,0,0,3,57,21300
202406,340,30780,2,Little Rock-North Little Rock-Conway  AR ,112,112,31815,0,0,0,0,0,0,0,0,0,106,106,30580,0,0,0,0,0,0,0,0,0
202406,340,38220,5,Pine Bluff  AR ,1,1,105,1,2,175,0,0,0,0,0,0,1,1,105,1,2,175,0,0,0,0,0,0
202406,340,42620,5,Searcy  AR ,4,4,375,0,0,0,0,0,0,0,0,0,0,0,0,0,0,0,0,0,0,0,0,0
202406,348,31080,2,Los Angeles-Long Beach-Anaheim  CA ,958,958,269771,62,124,24845,7,23,6367,32,1042,208128,664,664,200265,56,112,22205,3,11,4473,19,794,155007
202406,348,37100,2,Oxnard-Thousand Oaks-Ventura  CA ,50,50,14519,0,0,0,0,0,0,1,7,754,23,23,5553,0,0,0,0,0,0,0,0,0
202406,348,40140,2,Riverside-San Bernardino-Ontario  CA ,1117,1117,319269,10,20,914,6,19,6261,37,947,73065,612,612,174439,10,20,914,5,16,5714,15,800,60906
202406,350,21060,2,Elizabethtown  KY ,57,57,13353,0,0,0,0,0,0,0,0,0,53,53,12251,0,0,0,0,0,0,0,0,0
202406,350,31140,2,Louisville-Jefferson County  KY-IN ,296,296,92291,3,6,1030,2,7,912,7,201,27834,178,178,61358,0,0,0,0,0,0,1,24,2500
202406,352,31180,2,Lubbock  TX ,148,148,39798,0,0,0,0,0,0,7,136,12119,146,146,39339,0,0,0,0,0,0,7,136,12119
202406,352,38380,5,Plainview  TX ,2,2,561,0,0,0,0,0,0,0,0,0,0,0,0,0,0,0,0,0,0,0,0,0
202406,356,31420,2,Macon-Bibb County  GA ,48,48,12658,0,0,0,0,0,0,0,0,0,12,12,3380,0,0,0,0,0,0,0,0,0
202406,356,47580,2,Warner Robins  GA ,112,112,33114,1,2,249,0,0,0,1,240,5900,88,88,28041,1,2,249,0,0,0,1,240,5900
202406,357,12660,5,Baraboo  WI ,17,17,6944,12,24,2600,0,0,0,0,0,0,7,7,3065,11,22,2200,0,0,0,0,0,0
202406,357,27500,2,Janesville-Beloit  WI ,22,22,6337,1,2,400,0,0,0,0,0,0,14,14,3944,1,2,400,0,0,0,0,0,0
202406,357,31540,2,Madison  WI ,155,155,72654,5,10,2912,1,4,835,6,264,39836,119,119,59329,2,4,1100,0,0,0,2,198,27886
202406,359,31860,2,Mankato  MN ,22,22,4993,0,0,0,0,0,0,1,6,1200,20,20,4200,0,0,0,0,0,0,1,6,1200
202406,359,35580,5,New Ulm  MN ,0,0,0,0,0,0,0,0,0,0,0,0,0,0,0,0,0,0,0,0,0,0,0,0
202406,360,11740,5,Ashland  OH ,3,3,795,0,0,0,0,0,0,0,0,0,1,1,400,0,0,0,0,0,0,0,0,0
202406,360,15340,5,Bucyrus  OH ,2,2,530,0,0,0,0,0,0,0,0,0,0,0,0,0,0,0,0,0,0,0,0,0
202406,360,31900,2,Mansfield  OH ,10,10,3509,0,0,0,0,0,0,0,0,0,7,7,2474,0,0,0,0,0,0,0,0,0
202406,361,27020,5,Iron Mountain  MI-WI ,7,7,2168,0,0,0,0,0,0,0,0,0,0,0,0,0,0,0,0,0,0,0,0,0
202406,361,31940,5,Marinette  WI-MI ,17,17,3968,0,0,0,0,0,0,0,0,0,2,2,200,0,0,0,0,0,0,0,0,0
202406,365,32580,2,McAllen-Edinburg-Mission  TX ,304,304,80173,48,96,6076,32,124,13674,2,12,600,245,245,66403,47,94,5928,24,96,9646,2,12,600
202406,365,40100,5,Rio Grande City-Roma  TX ,0,0,0,0,0,0,0,0,0,0,0,0,0,0,0,0,0,0,0,0,0,0,0,0
202406,366,24420,2,Grants Pass  OR ,12,12,2758,1,2,201,1,4,437,0,0,0,2,2,699,1,2,201,1,4,437,0,0,0
202406,366,32780,2,Medford  OR ,64,64,21279,0,0,0,1,3,192,1,5,565,59,59,20230,0,0,0,0,0,0,0,0,0
202406,368,17260,5,Clarksdale  MS ,2,2,356,0,0,0,0,0,0,0,0,0,0,0,0,0,0,0,0,0,0,0,0,0
202406,368,22620,5,Forrest City  AR ,0,0,0,0,0,0,0,0,0,0,0,0,0,0,0,0,0,0,0,0,0,0,0,0
202406,368,32820,2,Memphis  TN-MS-AR ,265,265,68095,0,0,0,0,0,0,1,30,3500,207,207,53615,0,0,0,0,0,0,1,30,3500
202406,370,28580,5,Key West-Key Largo  FL ,16,16,9869,0,0,0,0,0,0,0,0,0,1,1,250,0,0,0,0,0,0,0,0,0
202406,370,33100,2,Miami-Fort Lauderdale-West Palm Beach  FL ,450,450,189542,15,30,7785,3,10,1660,35,1568,433244,345,345,135432,15,30,7785,3,10,1660,25,1333,406950
202406,370,36380,5,Okeechobee  FL ,0,0,0,0,0,0,0,0,0,0,0,0,0,0,0,0,0,0,0,0,0,0,0,0
202406,370,38940,2,Port St. Lucie  FL ,404,404,134282,0,0,0,1,3,181,0,0,0,402,402,127514,0,0,0,0,0,0,0,0,0
202406,370,42680,2,Sebastian-Vero Beach-West Vero Corridor  FL ,13,13,6974,0,0,0,0,0,0,6,204,37121,11,11,6069,0,0,0,0,0,0,6,204,37121
202406,371,18340,5,Corbin  KY ,0,0,0,2,4,335,0,0,0,0,0,0,0,0,0,1,2,150,0,0,0,0,0,0
202406,371,33180,5,Middlesborough  KY ,3,3,301,0,0,0,0,0,0,0,0,0,0,0,0,0,0,0,0,0,0,0,0,0
202406,372,11380,5,Andrews  TX ,2,2,1591,0,0,0,0,0,0,0,0,0,2,2,1591,0,0,0,0,0,0,0,0,0
202406,372,33260,2,Midland  TX ,69,69,17444,0,0,0,0,0,0,0,0,0,0,0,0,0,0,0,0,0,0,0,0,0
202406,372,36220,2,Odessa  TX ,53,53,10789,0,0,0,0,0,0,0,0,0,53,53,10789,0,0,0,0,0,0,0,0,0
202406,376,13180,5,Beaver Dam  WI ,15,15,4566,1,2,567,0,0,0,0,0,0,10,10,2748,0,0,0,0,0,0,0,0,0
202406,376,33340,2,Milwaukee-Waukesha  WI ,136,136,66137,14,28,7278,0,0,0,5,195,41199,92,92,49078,11,22,5340,0,0,0,4,168,37032
202406,376,39540,2,Racine-Mount Pleasant  WI ,16,16,7874,1,2,600,0,0,0,2,32,9944,12,12,6463,1,2,600,0,0,0,0,0,0
202406,376,48020,5,Watertown-Fort Atkinson  WI ,9,9,3786,0,0,0,0,0,0,0,0,0,9,9,3786,0,0,0,0,0,0,0,0,0
202406,376,48580,5,Whitewater-Elkhorn  WI ,49,49,13535,0,0,0,0,0,0,0,0,0,44,44,11257,0,0,0,0,0,0,0,0,0
202406,378,22060,5,Faribault-Northfield  MN ,8,8,2374,0,0,0,0,0,0,0,0,0,3,3,1075,0,0,0,0,0,0,0,0,0
202406,378,26780,5,Hutchinson  MN ,2,2,783,0,0,0,0,0,0,0,0,0,2,2,783,0,0,0,0,0,0,0,0,0
202406,378,33460,2,Minneapolis-St. Paul-Bloomington  MN-WI ,769,769,294023,7,14,3435,0,0,0,18,670,149890,624,624,241278,7,14,3435,0,0,0,8,496,116676
202406,378,36940,5,Owatonna  MN ,0,0,0,1,2,400,0,0,0,0,0,0,0,0,0,1,2,400,0,0,0,0,0,0
202406,378,39860,5,Red Wing  MN ,4,4,1023,0,0,0,0,0,0,0,0,0,4,4,1023,0,0,0,0,0,0,0,0,0
202406,378,41060,2,St. Cloud  MN ,44,44,14166,0,0,0,0,0,0,2,14,1576,37,37,12325,0,0,0,0,0,0,0,0,0
202406,380,19300,2,Daphne-Fairhope-Foley  AL ,237,237,65513,1,2,275,0,0,0,3,49,7415,120,120,41059,1,2,275,0,0,0,0,0,0
202406,380,33660,2,Mobile  AL ,101,101,26617,0,0,0,0,0,0,0,0,0,99,99,25954,0,0,0,0,0,0,0,0,0
202406,384,33740,2,Monroe  LA ,27,27,7541,1,2,269,0,0,0,0,0,0,11,11,3220,1,2,269,0,0,0,0,0,0
202406,384,40820,5,Ruston  LA ,20,20,6069,0,0,0,0,0,0,0,0,0,13,13,4200,0,0,0,0,0,0,0,0,0
202406,388,33860,2,Montgomery  AL ,53,53,13094,0,0,0,0,0,0,1,7,1139,29,29,8022,0,0,0,0,0,0,0,0,0
202406,388,42820,5,Selma  AL ,1,1,125,0,0,0,0,0,0,0,0,0,0,0,0,0,0,0,0,0,0,0,0,0
202406,393,34180,5,Moses Lake  WA ,42,42,14875,1,2,460,0,0,0,7,35,1337,26,26,11406,0,0,0,0,0,0,7,35,1337
202406,393,36830,5,Othello  WA ,0,0,0,1,2,200,0,0,0,0,0,0,0,0,0,1,2,200,0,0,0,0,0,0
202406,394,10940,5,Alma  MI ,4,4,858,0,0,0,0,0,0,0,0,0,0,0,0,0,0,0,0,0,0,0,0,0
202406,394,34380,5,Mount Pleasant  MI ,10,10,2408,0,0,0,0,0,0,0,0,0,9,9,2021,0,0,0,0,0,0,0,0,0
202406,396,34680,5,Murrells Inlet  SC ,24,24,12903,0,0,0,0,0,0,1,5,557,0,0,0,0,0,0,0,0,0,0,0,0
202406,396,34820,2,Myrtle Beach-Conway-North Myrtle Beach  SC ,569,569,112948,0,0,0,0,0,0,1,5,250,78,78,21422,0,0,0,0,0,0,0,0,0
202406,400,29980,5,Lawrenceburg  TN ,2,2,417,0,0,0,0,0,0,0,0,0,0,0,0,0,0,0,0,0,0,0,0,0
202406,400,30280,5,Lewisburg  TN ,24,24,6446,0,0,0,0,0,0,1,5,511,0,0,0,0,0,0,0,0,0,0,0,0
202406,400,34980,2,Nashville-Davidson--Murfreesboro--Franklin  TN ,1293,1293,418905,11,22,4866,0,0,0,5,26,2638,1123,1123,386982,10,20,4734,0,0,0,1,6,861
202406,400,43180,5,Shelbyville  TN ,34,34,8635,0,0,0,0,0,0,0,0,0,34,34,8635,0,0,0,0,0,0,0,0,0
202406,400,46100,5,Tullahoma-Manchester  TN ,32,32,9960,2,4,629,0,0,0,0,0,0,13,13,4726,2,4,629,0,0,0,0,0,0
202406,400,49010,5,Winchester  TN ,31,31,7572,0,0,0,0,0,0,0,0,0,15,15,3946,0,0,0,0,0,0,0,0,0
202406,404,33980,5,Morehead City  NC ,50,50,15658,4,8,2000,0,0,0,16,300,38705,50,50,15658,4,8,2000,0,0,0,16,300,38705
202406,404,35100,5,New Bern  NC ,52,52,10268,0,0,0,0,0,0,0,0,0,36,36,7227,0,0,0,0,0,0,0,0,0
202406,405,25540,2,Hartford-West Hartford-East Hartford  CT ,49,49,15304,1,2,230,2,8,934,4,72,14718,20,20,6779,1,2,230,2,8,934,1,28,6600
202406,405,35300,2,New Haven  CT ,11,11,3305,1,2,480,1,3,371,2,12,1254,5,5,2153,1,2,480,0,0,0,0,0,0
202406,405,35980,2,Norwich-New London-Willimantic  CT ,16,16,4419,0,0,0,0,0,0,1,10,1300,7,7,2095,0,0,0,0,0,0,1,10,1300
202406,405,39480,5,Putnam  CT ,6,6,1267,0,0,0,0,0,0,0,0,0,4,4,715,0,0,0,0,0,0,0,0,0
202406,405,45860,5,Torrington  CT ,21,21,8370,0,0,0,1,3,963,0,0,0,11,11,5413,0,0,0,1,3,963,0,0,0
202406,405,47930,2,Waterbury-Shelton  CT ,23,23,5159,0,0,0,1,3,285,1,14,957,5,5,1553,0,0,0,0,0,0,0,0,0
202406,406,14220,5,Bogalusa  LA ,0,0,0,0,0,0,0,0,0,0,0,0,0,0,0,0,0,0,0,0,0,0,0,0
202406,406,35380,2,New Orleans-Metairie  LA ,73,73,23916,19,38,4796,1,4,500,1,28,7828,20,20,7690,4,8,867,1,4,500,0,0,0
202406,406,38100,5,Picayune  MS ,26,26,4387,1,2,278,0,0,0,0,0,0,22,22,3492,0,0,0,0,0,0,0,0,0
202406,406,43640,2,Slidell-Mandeville-Covington  LA ,96,96,34285,1,2,207,0,0,0,0,0,0,93,93,33613,0,0,0,0,0,0,0,0,0
202406,408,14860,2,Bridgeport-Stamford-Danbury  CT ,45,45,40630,3,6,613,0,0,0,1,22,2648,32,32,31957,2,4,400,0,0,0,0,0,0
202406,408,25770,5,Hemlock Farms  PA ,17,17,6620,0,0,0,0,0,0,0,0,0,8,8,3618,0,0,0,0,0,0,0,0,0
202406,408,28740,2,Kingston  NY ,25,25,7788,1,2,350,0,0,0,0,0,0,13,13,3751,1,2,350,0,0,0,0,0,0
202406,408,28880,2,Kiryas Joel-Poughkeepsie-Newburgh  NY ,71,71,29580,2,4,683,0,0,0,10,179,28142,23,23,9384,1,2,337,0,0,0,4,129,20172
202406,408,33910,5,Monticello  NY ,29,29,8207,3,6,655,0,0,0,0,0,0,2,2,680,0,0,0,0,0,0,0,0,0
202406,408,35620,2,New York-Newark-Jersey City  NY-NJ ,1135,1135,332819,98,196,27518,14,43,6122,98,3093,434127,672,672,183111,72,144,20821,5,16,3458,40,2367,346262
202406,408,45940,2,Trenton-Princeton  NJ ,69,69,16659,0,0,0,0,0,0,5,139,14069,65,65,16290,0,0,0,0,0,0,5,139,14069
202406,412,11580,5,Arcadia  FL ,4,4,1145,0,0,0,0,0,0,0,0,0,4,4,1145,0,0,0,0,0,0,0,0,0
202406,412,35840,2,North Port-Bradenton-Sarasota  FL ,864,864,280528,0,0,0,4,16,3155,2,37,6149,864,864,280528,0,0,0,4,16,3155,2,37,6149
202406,412,39460,2,Punta Gorda  FL ,246,246,78777,5,10,1701,6,24,7295,4,53,8368,240,240,75024,4,8,1341,6,24,7295,3,48,7469
202406,416,36420,2,Oklahoma City  OK ,530,530,150721,20,40,6427,4,15,2126,2,21,1703,204,204,64081,9,18,3818,0,0,0,0,0,0
202406,416,43060,5,Shawnee  OK ,18,18,2189,0,0,0,0,0,0,0,0,0,16,16,1779,0,0,0,0,0,0,0,0,0
202406,420,23340,5,Fremont  NE ,2,2,916,0,0,0,0,0,0,0,0,0,1,1,650,0,0,0,0,0,0,0,0,0
202406,420,36540,2,Omaha  NE-IA ,261,261,60129,0,0,0,1,4,450,2,12,1014,199,199,43688,0,0,0,1,4,450,2,12,1014
202406,422,19660,2,Deltona-Daytona Beach-Ormond Beach  FL ,376,376,151170,6,12,2557,0,0,0,12,252,36888,319,319,131899,6,12,2557,0,0,0,12,252,36888
202406,422,29460,2,Lakeland-Winter Haven  FL ,627,627,174433,10,20,2067,0,0,0,1,22,2025,554,554,156528,9,18,1931,0,0,0,0,0,0
202406,422,36740,2,Orlando-Kissimmee-Sanford  FL ,1506,1506,422623,4,8,1904,1,4,400,27,1182,197492,1303,1303,353833,4,8,1904,1,4,400,24,1105,185171
202406,422,48680,2,Wildwood-The Villages  FL ,289,289,70474,0,0,0,0,0,0,0,0,0,0,0,0,0,0,0,0,0,0,0,0,0
202406,424,32460,5,Mayfield  KY ,1,1,218,0,0,0,0,0,0,0,0,0,0,0,0,0,0,0,0,0,0,0,0,0
202406,424,37140,2,Paducah  KY-IL ,7,7,1503,0,0,0,0,0,0,0,0,0,7,7,1503,0,0,0,0,0,0,0,0,0
202406,425,31930,5,Marietta  OH ,1,1,325,0,0,0,0,0,0,0,0,0,0,0,0,0,0,0,0,0,0,0,0,0
202406,425,37620,2,Parkersburg-Vienna  WV ,6,6,1582,0,0,0,0,0,0,0,0,0,4,4,1165,0,0,0,0,0,0,0,0,0
202406,427,15900,5,Canton  IL ,2,2,486,0,0,0,0,0,0,0,0,0,0,0,0,0,0,0,0,0,0,0,0,0
202406,427,37900,2,Peoria  IL ,15,15,4695,0,0,0,0,0,0,0,0,0,7,7,1896,0,0,0,0,0,0,0,0,0
202406,428,12100,2,Atlantic City-Hammonton  NJ ,69,69,30610,4,8,1182,1,4,936,1,5,622,47,47,24868,4,8,1182,1,4,936,0,0,0
202406,428,20100,2,Dover  DE ,94,94,13833,0,0,0,0,0,0,0,0,0,90,90,12713,0,0,0,0,0,0,0,0,0
202406,428,37980,2,Philadelphia-Camden-Wilmington  PA-NJ-DE-MD ,715,715,177414,2,4,718,18,63,9152,14,296,33036,435,435,104016,2,4,718,14,50,8090,7,242,26842
202406,428,39740,2,Reading  PA ,13,13,3421,0,0,0,0,0,0,0,0,0,2,2,155,0,0,0,0,0,0,0,0,0
202406,428,47220,2,Vineland  NJ ,9,9,884,0,0,0,0,0,0,0,0,0,2,2,68,0,0,0,0,0,0,0,0,0
202406,429,37740,5,Payson  AZ ,22,22,8096,0,0,0,0,0,0,0,0,0,13,13,5219,0,0,0,0,0,0,0,0,0
202406,429,38060,2,Phoenix-Mesa-Chandler  AZ ,2303,2303,674355,69,138,19155,0,0,0,31,1684,192240,2079,2079,613363,66,132,18173,0,0,0,28,1582,175230
202406,430,25850,5,Hermitage  PA ,3,3,771,0,0,0,0,0,0,0,0,0,0,0,0,0,0,0,0,0,0,0,0,0
202406,430,26860,5,Indiana  PA ,4,4,1402,0,0,0,0,0,0,0,0,0,4,4,1402,0,0,0,0,0,0,0,0,0
202406,430,38300,2,Pittsburgh  PA ,319,319,100746,1,2,550,3,10,1857,5,262,18806,157,157,54332,0,0,0,1,4,932,2,100,3000
202406,430,48260,2,Weirton-Steubenville  WV-OH ,1,1,450,1,2,250,0,0,0,0,0,0,1,1,450,0,0,0,0,0,0,0,0,0
202406,438,30340,2,Lewiston-Auburn  ME ,25,25,5402,1,2,549,0,0,0,1,6,815,9,9,1455,0,0,0,0,0,0,0,0,0
202406,438,38860,2,Portland-South Portland  ME ,187,187,61007,11,22,3570,3,10,2118,6,83,12763,77,77,27536,9,18,3000,2,7,1685,3,63,11600
202406,440,10540,2,Albany  OR ,35,35,11122,4,8,1975,0,0,0,0,0,0,34,34,10777,4,8,1975,0,0,0,0,0,0
202406,440,18700,2,Corvallis  OR ,5,5,1999,0,0,0,0,0,0,0,0,0,2,2,670,0,0,0,0,0,0,0,0,0
202406,440,31020,2,Longview-Kelso  WA ,24,24,8894,0,0,0,0,0,0,0,0,0,17,17,7090,0,0,0,0,0,0,0,0,0
202406,440,38900,2,Portland-Vancouver-Hillsboro  OR-WA ,520,520,223185,3,6,1160,0,0,0,10,346,90752,412,412,158449,3,6,1160,0,0,0,9,329,88438
202406,440,41420,2,Salem  OR ,60,60,20402,3,6,1738,0,0,0,6,102,12534,43,43,15292,1,2,655,0,0,0,3,66,7266
202406,444,15860,5,Cañon City  CO ,17,17,4268,0,0,0,0,0,0,0,0,0,10,10,2769,0,0,0,0,0,0,0,0,0
202406,444,39380,2,Pueblo  CO ,18,18,3582,0,0,0,0,0,0,0,0,0,18,18,3582,0,0,0,0,0,0,0,0,0
202406,446,34140,5,Moscow  ID ,18,18,6550,0,0,0,0,0,0,0,0,0,12,12,4321,0,0,0,0,0,0,0,0,0
202406,446,39420,5,Pullman  WA ,2,2,896,0,0,0,0,0,0,0,0,0,2,2,896,0,0,0,0,0,0,0,0,0
202406,448,25300,5,Hannibal  MO ,3,3,588,0,0,0,0,0,0,0,0,0,3,3,588,0,0,0,0,0,0,0,0,0
202406,448,39500,5,Quincy  IL-MO ,7,7,1503,0,0,0,0,0,0,0,0,0,0,0,0,0,0,0,0,0,0,0,0,0
202406,450,11360,5,Anderson Creek  NC ,94,94,14049,0,0,0,0,0,0,0,0,0,0,0,0,0,0,0,0,0,0,0,0,0
202406,450,20500,2,Durham-Chapel Hill  NC ,253,253,98794,1,2,210,0,0,0,3,71,12211,243,243,95420,1,2,210,0,0,0,2,30,6572
202406,450,25780,5,Henderson  NC ,6,6,2038,0,0,0,0,0,0,0,0,0,0,0,0,0,0,0,0,0,0,0,0,0
202406,450,39580,2,Raleigh-Cary  NC ,1080,1080,305135,4,8,2058,0,0,0,7,1000,222971,946,946,271615,4,8,2058,0,0,0,6,989,221569
202406,450,41820,5,Sanford  NC ,37,37,7877,0,0,0,0,0,0,0,0,0,37,37,7877,0,0,0,0,0,0,0,0,0
202406,452,39660,2,Rapid City  SD ,59,59,19271,0,0,0,0,0,0,0,0,0,57,57,18396,0,0,0,0,0,0,0,0,0
202406,452,43940,5,Spearfish  SD ,24,24,9861,1,2,223,0,0,0,1,11,1827,13,13,5673,0,0,0,0,0,0,0,0,0
202406,454,39780,5,Red Bluff  CA ,14,14,2549,0,0,0,0,0,0,0,0,0,0,0,0,0,0,0,0,0,0,0,0,0
202406,454,39820,2,Redding  CA ,24,24,9531,0,0,0,0,0,0,0,0,0,14,14,6654,0,0,0,0,0,0,0,0,0
202406,456,16180,2,Carson City  NV ,9,9,2456,0,0,0,0,0,0,0,0,0,9,9,2456,0,0,0,0,0,0,0,0,0
202406,456,21980,5,Fallon  NV ,3,3,891,0,0,0,0,0,0,0,0,0,3,3,891,0,0,0,0,0,0,0,0,0
202406,456,23820,5,Gardnerville Ranchos  NV-CA ,13,13,6409,0,0,0,0,0,0,0,0,0,13,13,6409,0,0,0,0,0,0,0,0,0
202406,456,39900,2,Reno  NV ,227,227,61356,7,14,2035,1,3,396,8,142,18680,68,68,16789,5,10,1616,0,0,0,1,6,1398
202406,458,18220,5,Connersville  IN ,6,6,943,0,0,0,0,0,0,0,0,0,6,6,943,0,0,0,0,0,0,0,0,0
202406,458,39980,5,Richmond  IN ,3,3,882,0,0,0,0,0,0,0,0,0,3,3,882,0,0,0,0,0,0,0,0,0
202406,462,12380,5,Austin  MN ,8,8,2670,0,0,0,0,0,0,0,0,0,5,5,2089,0,0,0,0,0,0,0,0,0
202406,462,40340,2,Rochester  MN ,48,48,15675,0,0,0,0,0,0,8,54,12476,24,24,9026,0,0,0,0,0,0,8,54,12476
202406,462,49100,5,Winona  MN ,2,2,480,0,0,0,0,0,0,0,0,0,2,2,480,0,0,0,0,0,0,0,0,0
202406,464,12860,5,Batavia  NY ,6,6,1297,0,0,0,0,0,0,0,0,0,0,0,0,0,0,0,0,0,0,0,0,0
202406,464,40380,2,Rochester  NY ,84,84,29683,2,4,1208,3,12,650,12,67,8712,42,42,18363,2,4,1208,3,12,650,7,36,4820
202406,464,42900,5,Seneca Falls  NY ,3,3,383,0,0,0,0,0,0,0,0,0,3,3,383,0,0,0,0,0,0,0,0,0
202406,466,23300,5,Freeport  IL ,2,2,603,0,0,0,0,0,0,0,0,0,1,1,300,0,0,0,0,0,0,0,0,0
202406,466,40300,5,Rochelle  IL ,2,2,918,1,2,250,0,0,0,1,8,231,1,1,560,0,0,0,0,0,0,0,0,0
202406,466,40420,2,Rockford  IL ,20,20,4905,0,0,0,0,0,0,0,0,0,18,18,4491,0,0,0,0,0,0,0,0,0
202406,468,40260,5,Roanoke Rapids  NC ,5,5,1804,0,0,0,0,0,0,0,0,0,1,1,221,0,0,0,0,0,0,0,0,0
202406,468,40580,2,Rocky Mount  NC ,47,47,9873,0,0,0,0,0,0,1,5,1384,1,1,200,0,0,0,0,0,0,1,5,1384
202406,468,48980,5,Wilson  NC ,45,45,10211,0,0,0,0,0,0,0,0,0,45,45,10211,0,0,0,0,0,0,0,0,0
202406,472,40900,2,Sacramento-Roseville-Folsom  CA ,1011,1011,317245,16,32,4771,0,0,0,3,68,11225,996,996,312789,16,32,4771,0,0,0,3,68,11225
202406,472,46020,5,Truckee-Grass Valley  CA ,19,19,9278,0,0,0,0,0,0,0,0,0,19,19,9278,0,0,0,0,0,0,0,0,0
202406,472,49700,2,Yuba City  CA ,84,84,35550,0,0,0,0,0,0,0,0,0,79,79,33693,0,0,0,0,0,0,0,0,0
202406,474,13020,2,Bay City  MI ,4,4,1528,0,0,0,0,0,0,0,0,0,3,3,1283,0,0,0,0,0,0,0,0,0
202406,474,33220,2,Midland  MI ,9,9,2608,0,0,0,0,0,0,0,0,0,4,4,1197,0,0,0,0,0,0,0,0,0
202406,474,40980,2,Saginaw  MI ,11,11,2579,1,2,410,0,0,0,0,0,0,7,7,1560,1,2,410,0,0,0,0,0,0
202406,476,16460,5,Centralia  IL ,0,0,0,0,0,0,0,0,0,0,0,0,0,0,0,0,0,0,0,0,0,0,0,0
202406,476,22100,5,Farmington  MO ,8,8,1871,2,4,409,0,0,0,2,36,3400,5,5,1130,1,2,190,0,0,0,0,0,0
202406,476,41180,2,St. Louis  MO-IL ,458,458,167781,4,8,1350,3,11,2246,9,90,12074,332,332,114068,3,6,1030,2,8,2040,0,0,0
202406,480,36180,5,Ocean Pines  MD ,25,25,7846,0,0,0,0,0,0,0,0,0,23,23,7571,0,0,0,0,0,0,0,0,0
202406,480,41540,2,Salisbury  MD ,28,28,6566,0,0,0,0,0,0,0,0,0,27,27,6417,0,0,0,0,0,0,0,0,0
202406,482,14940,5,Brigham City  UT-ID ,30,30,10786,0,0,0,0,0,0,0,0,0,15,15,6227,0,0,0,0,0,0,0,0,0
202406,482,25720,5,Heber  UT ,93,93,69124,0,0,0,0,0,0,0,0,0,93,93,69124,0,0,0,0,0,0,0,0,0
202406,482,36260,2,Ogden  UT ,175,175,61492,0,0,0,2,8,1441,9,170,24003,129,129,48462,0,0,0,1,4,687,6,134,18665
202406,482,39340,2,Provo-Orem-Lehi  UT ,421,421,150184,0,0,0,2,8,1765,13,88,11271,412,412,144426,0,0,0,2,8,1765,13,88,11271
202406,482,41620,2,Salt Lake City-Murray  UT ,286,286,127878,8,16,3526,5,17,6334,5,101,36532,258,258,116453,7,14,2867,3,11,5165,3,85,32705
202406,484,23240,5,Fredericksburg  TX ,5,5,1043,0,0,0,0,0,0,0,0,0,0,0,0,0,0,0,0,0,0,0,0,0
202406,484,28500,5,Kerrville  TX ,10,10,2839,1,2,228,0,0,0,1,7,716,0,0,0,0,0,0,0,0,0,0,0,0
202406,484,41700,2,San Antonio-New Braunfels  TX ,1017,1017,285431,1,2,255,0,0,0,14,106,33519,911,911,261482,0,0,0,0,0,0,13,96,32291
202406,488,32900,2,Merced  CA ,36,36,11225,0,0,0,0,0,0,0,0,0,21,21,6573,0,0,0,0,0,0,0,0,0
202406,488,33700,2,Modesto  CA ,61,61,17174,0,0,0,0,0,0,0,0,0,53,53,15582,0,0,0,0,0,0,0,0,0
202406,488,34900,2,Napa  CA ,23,23,19619,0,0,0,0,0,0,3,45,9000,22,22,18505,0,0,0,0,0,0,3,45,9000
202406,488,41860,2,San Francisco-Oakland-Fremont  CA ,180,180,66884,2,4,1500,1,3,284,13,430,164024,126,126,43548,2,4,1500,0,0,0,6,343,143087
202406,488,41940,2,San Jose-Sunnyvale-Santa Clara  CA ,262,262,100129,2,4,1550,0,0,0,4,404,73579,250,250,91578,2,4,1550,0,0,0,4,404,73579
202406,488,42100,2,Santa Cruz-Watsonville  CA ,14,14,3095,0,0,0,0,0,0,0,0,0,9,9,2385,0,0,0,0,0,0,0,0,0
202406,488,44700,2,Stockton-Lodi  CA ,306,306,124531,0,0,0,0,0,0,0,0,0,279,279,116928,0,0,0,0,0,0,0,0,0
202406,488,46700,2,Vallejo  CA ,119,119,40669,0,0,0,0,0,0,0,0,0,118,118,40383,0,0,0,0,0,0,0,0,0
202406,496,25980,2,Hinesville  GA ,78,78,17582,1,2,309,0,0,0,0,0,0,53,53,11637,1,2,309,0,0,0,0,0,0
202406,496,27700,5,Jesup  GA ,11,11,2321,0,0,0,0,0,0,0,0,0,1,1,220,0,0,0,0,0,0,0,0,0
202406,496,42340,2,Savannah  GA ,178,178,50931,0,0,0,0,0,0,12,297,32781,75,75,25020,0,0,0,0,0,0,11,292,32074
202406,496,44340,5,Statesboro  GA ,36,36,7189,4,8,825,0,0,0,0,0,0,34,34,6799,4,8,825,0,0,0,0,0,0
202406,500,14740,2,Bremerton-Silverdale-Port Orchard  WA ,69,69,27517,0,0,0,0,0,0,2,80,11879,69,69,27517,0,0,0,0,0,0,2,80,11879
202406,500,16500,5,Centralia  WA ,15,15,2928,0,0,0,0,0,0,0,0,0,15,15,2928,0,0,0,0,0,0,0,0,0
202406,500,34580,2,Mount Vernon-Anacortes  WA ,44,44,17023,0,0,0,2,6,1203,1,14,1307,41,41,16081,0,0,0,2,6,1203,0,0,0
202406,500,36020,5,Oak Harbor  WA ,18,18,6045,0,0,0,0,0,0,0,0,0,0,0,0,0,0,0,0,0,0,0,0,0
202406,500,36500,2,Olympia-Lacey-Tumwater  WA ,50,50,13031,0,0,0,1,3,736,1,12,763,40,40,10765,0,0,0,0,0,0,0,0,0
202406,500,42660,2,Seattle-Tacoma-Bellevue  WA ,471,471,198904,36,72,23238,18,61,12782,16,310,46505,410,410,162641,36,72,23238,18,61,12782,13,262,38756
202406,500,43220,5,Shelton  WA ,16,16,5594,0,0,0,0,0,0,0,0,0,16,16,5594,0,0,0,0,0,0,0,0,0
202406,508,33380,5,Minden  LA ,4,4,874,0,0,0,0,0,0,0,0,0,2,2,322,0,0,0,0,0,0,0,0,0
202406,508,43340,2,Shreveport-Bossier City  LA ,77,77,15812,0,0,0,0,0,0,0,0,0,61,61,11605,0,0,0,0,0,0,0,0,0
202406,512,30180,5,Le Mars  IA ,4,4,2100,0,0,0,1,4,850,0,0,0,3,3,1525,0,0,0,1,4,850,0,0,0
202406,512,43580,2,Sioux City  IA-NE-SD ,34,34,11075,0,0,0,1,3,0,0,0,0,22,22,7776,0,0,0,0,0,0,0,0,0
202406,515,21140,2,Elkhart-Goshen  IN ,21,21,5778,0,0,0,0,0,0,0,0,0,20,20,5491,0,0,0,0,0,0,0,0,0
202406,515,35660,2,Niles  MI ,43,43,18087,0,0,0,1,3,550,1,5,885,35,35,14438,0,0,0,1,3,550,0,0,0
202406,515,38500,5,Plymouth  IN ,25,25,7318,0,0,0,0,0,0,0,0,0,22,22,6072,0,0,0,0,0,0,0,0,0
202406,515,43780,2,South Bend-Mishawaka  IN-MI ,46,46,19274,0,0,0,0,0,0,0,0,0,40,40,15821,0,0,0,0,0,0,0,0,0
202406,515,47700,5,Warsaw  IN ,27,27,8737,0,0,0,0,0,0,0,0,0,1,1,22,0,0,0,0,0,0,0,0,0
202406,517,43980,5,Spencer  IA ,2,2,606,0,0,0,0,0,0,0,0,0,1,1,270,0,0,0,0,0,0,0,0,0
202406,517,44020,5,Spirit Lake  IA ,26,26,10102,0,0,0,0,0,0,2,16,914,7,7,5474,0,0,0,0,0,0,2,16,914
202406,518,17660,2,Coeur dAlene  ID ,152,152,53116,1,2,703,1,4,879,1,9,976,128,128,46898,1,2,703,1,4,879,0,0,0
202406,518,44060,2,Spokane-Spokane Valley  WA ,113,113,33531,1,2,418,3,10,2406,1,21,1175,46,46,15716,1,2,418,3,10,2406,0,0,0
202406,521,11200,2,Amherst Town-Northampton  MA ,51,51,20063,0,0,0,0,0,0,2,10,840,44,44,17158,0,0,0,0,0,0,0,0,0
202406,521,24640,5,Greenfield  MA ,6,6,1587,0,0,0,0,0,0,0,0,0,2,2,640,0,0,0,0,0,0,0,0,0
202406,521,44140,2,Springfield  MA ,43,43,16627,10,20,5504,0,0,0,1,5,61,31,31,13447,9,18,5320,0,0,0,0,0,0
202406,522,27300,5,Jacksonville  IL ,1,1,69,0,0,0,0,0,0,0,0,0,0,0,0,0,0,0,0,0,0,0,0,0
202406,522,30660,5,Lincoln  IL ,1,1,170,0,0,0,0,0,0,0,0,0,0,0,0,0,0,0,0,0,0,0,0,0
202406,522,44100,2,Springfield  IL ,14,14,4511,1,2,303,0,0,0,1,5,707,3,3,767,0,0,0,0,0,0,0,0,0
202406,522,45380,5,Taylorville  IL ,3,3,809,0,0,0,0,0,0,0,0,0,0,0,0,0,0,0,0,0,0,0,0,0
202406,523,18060,5,Columbus  MS ,9,9,1435,0,0,0,0,0,0,0,0,0,2,2,570,0,0,0,0,0,0,0,0,0
202406,523,44260,5,Starkville  MS ,6,6,1110,0,0,0,0,0,0,0,0,0,6,6,1110,0,0,0,0,0,0,0,0,0
202406,524,20180,5,DuBois  PA ,6,6,1640,0,0,0,0,0,0,0,0,0,0,0,0,0,0,0,0,0,0,0,0,0
202406,524,44300,2,State College  PA ,27,27,8074,2,4,1005,0,0,0,0,0,0,22,22,6648,2,4,1005,0,0,0,0,0,0
202406,532,12180,5,Auburn  NY ,8,8,1861,1,2,175,0,0,0,1,5,735,0,0,0,0,0,0,0,0,0,0,0,0
202406,532,45060,2,Syracuse  NY ,47,47,14495,1,2,346,0,0,0,1,5,1170,24,24,8991,0,0,0,0,0,0,0,0,0
202406,533,12460,5,Bainbridge  GA ,7,7,1388,0,0,0,0,0,0,1,5,438,0,0,0,0,0,0,0,0,0,0,0,0
202406,533,45220,2,Tallahassee  FL ,110,110,20994,1,2,222,0,0,0,3,85,10875,34,34,5010,0,0,0,0,0,0,0,0,0
202406,536,35700,5,Nogales  AZ ,23,23,6197,0,0,0,0,0,0,0,0,0,23,23,6197,0,0,0,0,0,0,0,0,0
202406,536,46060,2,Tucson  AZ ,403,403,148375,2,4,499,0,0,0,3,52,7804,323,323,127980,1,2,262,0,0,0,0,0,0
202406,538,12780,5,Bartlesville  OK ,4,4,1393,0,0,0,0,0,0,0,0,0,3,3,1107,0,0,0,0,0,0,0,0,0
202406,538,34780,5,Muskogee  OK ,3,3,628,0,0,0,0,0,0,0,0,0,0,0,0,0,0,0,0,0,0,0,0,0
202406,538,46140,2,Tulsa  OK ,299,299,75721,1,2,234,0,0,0,2,14,2288,259,259,64513,1,2,234,0,0,0,1,7,1750
202406,539,18420,5,Corinth  MS ,1,1,275,0,0,0,0,0,0,0,0,0,1,1,275,0,0,0,0,0,0,0,0,0
202406,539,46180,5,Tupelo  MS ,12,12,2446,1,2,160,0,0,0,0,0,0,9,9,1847,1,2,160,0,0,0,0,0,0
202406,540,27380,5,Jacksonville  TX ,3,3,706,0,0,0,0,0,0,0,0,0,1,1,205,0,0,0,0,0,0,0,0,0
202406,540,46340,2,Tyler  TX ,29,29,8233,0,0,0,3,12,1752,0,0,0,20,20,5752,0,0,0,3,12,1752,0,0,0
202406,542,32280,5,Martin  TN ,5,5,1494,0,0,0,0,0,0,0,0,0,2,2,1050,0,0,0,0,0,0,0,0,0
202406,542,46460,5,Union City  TN ,3,3,1202,0,0,0,0,0,0,0,0,0,3,3,1202,0,0,0,0,0,0,0,0,0
202406,544,38920,5,Port Lavaca  TX ,4,4,1240,0,0,0,0,0,0,0,0,0,3,3,953,0,0,0,0,0,0,0,0,0
202406,544,47020,2,Victoria  TX ,6,6,1726,0,0,0,0,0,0,0,0,0,6,6,1726,0,0,0,0,0,0,0,0,0
202406,545,21020,5,Elizabeth City  NC ,17,17,4704,0,0,0,0,0,0,0,0,0,11,11,3300,0,0,0,0,0,0,0,0,0
202406,545,28620,5,Kill Devil Hills  NC ,33,33,16545,0,0,0,0,0,0,0,0,0,28,28,14648,0,0,0,0,0,0,0,0,0
202406,545,47260,2,Virginia Beach-Chesapeake-Norfolk  VA-NC ,294,294,96072,2,4,1140,0,0,0,0,0,0,248,248,79908,2,4,1140,0,0,0,0,0,0
202406,548,12580,2,Baltimore-Columbia-Towson  MD ,408,408,115456,0,0,0,0,0,0,10,265,39133,392,392,111997,0,0,0,0,0,0,8,130,19520
202406,548,15700,5,Cambridge  MD ,6,6,1336,0,0,0,0,0,0,0,0,0,0,0,0,0,0,0,0,0,0,0,0,0
202406,548,16540,2,Chambersburg  PA ,63,63,20765,0,0,0,0,0,0,3,38,2430,25,25,8003,0,0,0,0,0,0,3,38,2430
202406,548,20660,5,Easton  MD ,13,13,6452,0,0,0,0,0,0,0,0,0,7,7,4954,0,0,0,0,0,0,0,0,0
202406,548,25180,2,Hagerstown-Martinsburg  MD-WV ,124,124,28174,1,2,360,0,0,0,0,0,0,113,113,25591,1,2,360,0,0,0,0,0,0
202406,548,29470,5,Lake of the Woods  VA ,36,36,6365,0,0,0,0,0,0,0,0,0,0,0,0,0,0,0,0,0,0,0,0,0
202406,548,30500,2,Lexington Park  MD ,33,33,10753,0,0,0,0,0,0,0,0,0,25,25,8545,0,0,0,0,0,0,0,0,0
202406,548,47900,2,Washington-Arlington-Alexandria  DC-VA-MD-WV ,942,942,283886,3,6,931,1,4,449,28,337,46543,926,926,279626,3,6,931,1,4,449,26,294,43855
202406,548,49020,2,Winchester  VA-WV ,63,63,14864,0,0,0,0,0,0,0,0,0,50,50,12282,0,0,0,0,0,0,0,0,0
202406,554,44620,5,Stevens Point-Plover  WI ,18,18,5568,1,2,297,0,0,0,0,0,0,10,10,2640,0,0,0,0,0,0,0,0,0
202406,554,48140,2,Wausau  WI ,20,20,6186,0,0,0,0,0,0,0,0,0,9,9,2744,0,0,0,0,0,0,0,0,0
202406,554,49220,5,Wisconsin Rapids-Marshfield  WI ,12,12,3973,2,4,486,0,0,0,0,0,0,1,1,25,2,4,486,0,0,0,0,0,0
202406,555,21120,5,Elk City  OK ,1,1,240,0,0,0,0,0,0,0,0,0,0,0,0,0,0,0,0,0,0,0,0,0
202406,555,48220,5,Weatherford  OK ,0,0,0,0,0,0,0,0,0,0,0,0,0,0,0,0,0,0,0,0,0,0,0,0
202406,556,11680,5,Arkansas City-Winfield  KS ,2,2,283,0,0,0,0,0,0,1,5,509,0,0,0,0,0,0,0,0,0,0,0,0
202406,556,48620,2,Wichita  KS ,133,133,49758,43,86,12543,0,0,0,0,0,0,115,115,44198,39,78,11446,0,0,0,0,0,0
202406,558,30820,5,Lock Haven  PA ,2,2,584,0,0,0,0,0,0,0,0,0,0,0,0,0,0,0,0,0,0,0,0,0
202406,558,48700,2,Williamsport  PA ,7,7,1896,0,0,0,0,0,0,0,0,0,0,0,0,0,0,0,0,0,0,0,0,0
202406,566,41400,5,Salem  OH ,3,3,1205,2,4,703,0,0,0,0,0,0,2,2,784,2,4,703,0,0,0,0,0,0
202406,566,49660,2,Youngstown-Warren  OH ,21,21,4886,0,0,0,0,0,0,0,0,0,20,20,4680,0,0,0,0,0,0,0,0,0
202406,999,10100,5,Aberdeen  SD ,8,8,2939,0,0,0,1,4,250,0,0,0,7,7,2439,0,0,0,1,4,250,0,0,0
202406,999,10140,5,Aberdeen  WA ,24,24,5640,0,0,0,0,0,0,0,0,0,22,22,5064,0,0,0,0,0,0,0,0,0
202406,999,10220,5,Ada  OK ,0,0,0,0,0,0,0,0,0,0,0,0,0,0,0,0,0,0,0,0,0,0,0,0
202406,999,10460,5,Alamogordo  NM ,0,0,0,0,0,0,0,0,0,0,0,0,0,0,0,0,0,0,0,0,0,0,0,0
202406,999,10480,5,Alamosa  CO ,7,7,2047,0,0,0,0,0,0,0,0,0,0,0,0,0,0,0,0,0,0,0,0,0
202406,999,10500,4,Albany  GA ,12,12,2270,0,0,0,0,0,0,0,0,0,7,7,848,0,0,0,0,0,0,0,0,0
202406,999,10660,5,Albert Lea  MN ,3,3,852,0,0,0,0,0,0,0,0,0,3,3,852,0,0,0,0,0,0,0,0,0
202406,999,10780,4,Alexandria  LA ,17,17,4224,1,2,145,0,0,0,0,0,0,0,0,0,0,0,0,0,0,0,0,0,0
202406,999,10820,5,Alexandria  MN ,22,22,8390,0,0,0,0,0,0,0,0,0,19,19,7553,0,0,0,0,0,0,0,0,0
202406,999,10980,5,Alpena  MI ,5,5,804,0,0,0,0,0,0,0,0,0,1,1,150,0,0,0,0,0,0,0,0,0
202406,999,11060,5,Altus  OK ,0,0,0,0,0,0,0,0,0,0,0,0,0,0,0,0,0,0,0,0,0,0,0,0
202406,999,11140,5,Americus  GA ,4,4,854,0,0,0,0,0,0,0,0,0,0,0,0,0,0,0,0,0,0,0,0,0
202406,999,11260,4,Anchorage  AK ,28,28,10939,1,2,413,0,0,0,1,5,778,0,0,0,0,0,0,0,0,0,0,0,0
202406,999,11500,4,Anniston-Oxford  AL ,10,10,1675,0,0,0,0,0,0,0,0,0,9,9,1335,0,0,0,0,0,0,0,0,0
202406,999,11620,5,Ardmore  OK ,7,7,1502,0,0,0,0,0,0,0,0,0,5,5,1092,0,0,0,0,0,0,0,0,0
202406,999,11660,5,Arkadelphia  AR ,2,2,355,0,0,0,0,0,0,0,0,0,2,2,355,0,0,0,0,0,0,0,0,0
202406,999,11820,5,Astoria  OR ,12,12,4076,0,0,0,0,0,0,0,0,0,12,12,4076,0,0,0,0,0,0,0,0,0
202406,999,12260,4,Augusta-Richmond County  GA-SC ,294,294,85743,0,0,0,1,4,607,13,332,33323,204,204,67204,0,0,0,1,4,607,13,332,33323
202406,999,12300,5,Augusta-Waterville  ME ,41,41,10831,0,0,0,0,0,0,0,0,0,3,3,957,0,0,0,0,0,0,0,0,0
202406,999,12420,4,Austin-Round Rock-San Marcos  TX ,1456,1456,425696,11,22,3191,1,3,300,25,1412,164165,1064,1064,317448,8,16,2469,0,0,0,20,1313,157071
202406,999,12520,5,Baker City  OR ,6,6,2312,0,0,0,0,0,0,0,0,0,6,6,2312,0,0,0,0,0,0,0,0,0
202406,999,12540,4,Bakersfield-Delano  CA ,224,224,56128,2,4,204,0,0,0,1,5,630,60,60,14438,0,0,0,0,0,0,0,0,0
202406,999,12620,4,Bangor  ME ,33,33,8210,1,2,265,0,0,0,1,5,669,12,12,3813,1,2,265,0,0,0,0,0,0
202406,999,12900,5,Batesville  AR ,1,1,262,0,0,0,0,0,0,0,0,0,0,0,0,0,0,0,0,0,0,0,0,0
202406,999,13140,4,Beaumont-Port Arthur  TX ,65,65,18229,2,4,400,0,0,0,1,6,614,38,38,12079,2,4,400,0,0,0,0,0,0
202406,999,13220,4,Beckley  WV ,3,3,680,0,0,0,0,0,0,0,0,0,3,3,680,0,0,0,0,0,0,0,0,0
202406,999,13300,5,Beeville  TX ,2,2,361,0,0,0,0,0,0,0,0,0,0,0,0,0,0,0,0,0,0,0,0,0
202406,999,13380,4,Bellingham  WA ,53,53,16702,2,4,535,0,0,0,2,69,12017,22,22,7075,2,4,535,0,0,0,2,69,12017
202406,999,13420,5,Bemidji  MN ,14,14,2974,6,12,2161,0,0,0,1,7,197,12,12,2585,6,12,2161,0,0,0,0,0,0
202406,999,13460,4,Bend  OR ,98,98,39838,10,20,5164,0,0,0,2,30,5263,98,98,39838,10,20,5164,0,0,0,2,30,5263
202406,999,13540,5,Bennington  VT ,7,7,2371,0,0,0,0,0,0,0,0,0,4,4,1141,0,0,0,0,0,0,0,0,0
202406,999,13700,5,Big Spring  TX ,6,6,153,0,0,0,0,0,0,0,0,0,6,6,153,0,0,0,0,0,0,0,0,0
202406,999,13740,4,Billings  MT ,115,115,32150,0,0,0,0,0,0,0,0,0,90,90,23142,0,0,0,0,0,0,0,0,0
202406,999,13780,4,Binghamton  NY ,8,8,1697,0,0,0,0,0,0,3,18,2035,0,0,0,0,0,0,0,0,0,0,0,0
202406,999,13860,5,Bishop  CA ,2,2,394,0,0,0,0,0,0,0,0,0,0,0,0,0,0,0,0,0,0,0,0,0
202406,999,13900,4,Bismarck  ND ,31,31,11200,1,2,500,0,0,0,0,0,0,28,28,10158,1,2,500,0,0,0,0,0,0
202406,999,13980,4,Blacksburg-Christiansburg-Radford  VA ,46,46,12365,0,0,0,0,0,0,0,0,0,38,38,10290,0,0,0,0,0,0,0,0,0
202406,999,14140,5,Bluefield  WV-VA ,2,2,432,0,0,0,0,0,0,0,0,0,0,0,0,0,0,0,0,0,0,0,0,0
202406,999,14180,5,Blytheville  AR ,5,5,811,0,0,0,0,0,0,0,0,0,0,0,0,0,0,0,0,0,0,0,0,0
202406,999,14380,5,Boone  NC ,21,21,10747,1,2,216,0,0,0,0,0,0,17,17,8769,1,2,216,0,0,0,0,0,0
202406,999,14580,4,Bozeman  MT ,162,162,60769,2,4,765,2,7,1215,3,47,4922,124,124,51613,0,0,0,0,0,0,0,0,0
202406,999,14620,5,Bradford  PA ,2,2,432,0,0,0,0,0,0,0,0,0,0,0,0,0,0,0,0,0,0,0,0,0
202406,999,14660,5,Brainerd  MN ,65,65,22461,0,0,0,1,3,648,0,0,0,55,55,19336,0,0,0,0,0,0,0,0,0
202406,999,14700,5,Branson  MO ,25,25,6719,0,0,0,0,0,0,1,5,375,17,17,5264,0,0,0,0,0,0,0,0,0
202406,999,14720,5,Breckenridge  CO ,18,18,12460,0,0,0,0,0,0,3,25,7014,0,0,0,0,0,0,0,0,0,0,0,0
202406,999,15100,5,Brookings  SD ,7,7,1832,0,0,0,1,3,400,0,0,0,5,5,1395,0,0,0,0,0,0,0,0,0
202406,999,15220,5,Brownwood  TX ,13,13,3269,0,0,0,0,0,0,0,0,0,3,3,405,0,0,0,0,0,0,0,0,0
202406,999,15260,4,Brunswick-St.Simons  GA ,52,52,19763,3,6,642,1,4,759,1,7,839,8,8,1600,0,0,0,0,0,0,0,0,0
202406,999,15420,5,Burley  ID ,31,31,13257,0,0,0,1,3,448,0,0,0,31,31,13257,0,0,0,1,3,448,0,0,0
202406,999,15580,5,Butte-Silver Bow  MT ,6,6,833,1,2,159,0,0,0,0,0,0,0,0,0,0,0,0,0,0,0,0,0,0
202406,999,15620,5,Cadillac  MI ,10,10,6242,0,0,0,0,0,0,1,5,1565,5,5,5000,0,0,0,0,0,0,0,0,0
202406,999,15780,5,Camden  AR ,1,1,84,0,0,0,0,0,0,0,0,0,0,0,0,0,0,0,0,0,0,0,0,0
202406,999,15820,5,Campbellsville  KY ,2,2,408,0,0,0,0,0,0,0,0,0,0,0,0,0,0,0,0,0,0,0,0,0
202406,999,16100,5,Carlsbad-Artesia  NM ,14,14,4992,0,0,0,0,0,0,0,0,0,14,14,4992,0,0,0,0,0,0,0,0,0
202406,999,16140,5,Carroll  IA ,6,6,3635,0,0,0,0,0,0,0,0,0,5,5,3150,0,0,0,0,0,0,0,0,0
202406,999,16220,4,Casper  WY ,22,22,6690,0,0,0,0,0,0,0,0,0,22,22,6690,0,0,0,0,0,0,0,0,0
202406,999,16260,5,Cedar City  UT ,57,57,17403,0,0,0,0,0,0,0,0,0,43,43,12055,0,0,0,0,0,0,0,0,0
202406,999,16660,5,Charleston-Mattoon  IL ,0,0,0,0,0,0,0,0,0,1,5,1800,0,0,0,0,0,0,0,0,0,0,0,0
202406,999,16700,4,Charleston-North Charleston  SC ,549,549,210800,3,6,534,6,18,647,16,140,9796,252,252,133317,0,0,0,0,0,0,0,0,0
202406,999,16820,4,Charlottesville  VA ,84,84,32328,0,0,0,0,0,0,2,16,2026,26,26,10806,0,0,0,0,0,0,0,0,0
202406,999,16940,4,Cheyenne  WY ,16,16,3953,1,2,279,2,7,818,0,0,0,0,0,0,0,0,0,0,0,0,0,0,0
202406,999,17020,4,Chico  CA ,53,53,11012,0,0,0,0,0,0,0,0,0,31,31,6835,0,0,0,0,0,0,0,0,0
202406,999,17300,4,Clarksville  TN-KY ,192,192,40370,3,6,841,1,4,280,8,60,4200,188,188,39680,3,6,841,1,4,280,8,60,4200
202406,999,17340,5,Clearlake  CA ,4,4,1047,0,0,0,0,0,0,1,5,564,0,0,0,0,0,0,0,0,0,0,0,0
202406,999,17380,5,Cleveland  MS ,1,1,80,0,0,0,0,0,0,0,0,0,0,0,0,0,0,0,0,0,0,0,0,0
202406,999,17580,5,Clovis  NM ,5,5,1160,11,22,3827,0,0,0,0,0,0,3,3,854,11,22,3827,0,0,0,0,0,0
202406,999,17650,5,Cody  WY ,16,16,6366,2,4,757,0,0,0,0,0,0,15,15,6196,2,4,757,0,0,0,0,0,0
202406,999,17740,5,Coldwater  MI ,4,4,1248,0,0,0,0,0,0,0,0,0,0,0,0,0,0,0,0,0,0,0,0,0
202406,999,17780,4,College Station-Bryan  TX ,87,87,19465,0,0,0,3,12,2220,13,433,74600,85,85,18892,0,0,0,3,12,2220,13,433,74600
202406,999,17820,4,Colorado Springs  CO ,233,233,136531,15,30,7370,0,0,0,0,0,0,224,224,133777,15,30,7370,0,0,0,0,0,0
202406,999,18100,5,Columbus  NE ,6,6,2406,0,0,0,0,0,0,0,0,0,4,4,1503,0,0,0,0,0,0,0,0,0
202406,999,18260,5,Cookeville  TN ,55,55,15283,0,0,0,0,0,0,1,24,4347,38,38,13486,0,0,0,0,0,0,1,24,4347
202406,999,18300,5,Coos Bay-North Bend  OR ,1,1,306,0,0,0,0,0,0,0,0,0,0,0,0,0,0,0,0,0,0,0,0,0
202406,999,18380,5,Cordele  GA ,2,2,441,0,0,0,0,0,0,0,0,0,1,1,250,0,0,0,0,0,0,0,0,0
202406,999,18880,4,Crestview-Fort Walton Beach-Destin  FL ,204,204,118470,0,0,0,2,7,1370,1,7,1085,204,204,118470,0,0,0,2,7,1370,1,7,1085
202406,999,18900,5,Crossville  TN ,9,9,1123,0,0,0,0,0,0,0,0,0,9,9,1123,0,0,0,0,0,0,0,0,0
202406,999,19060,5,Cumberland  MD-WV ,4,4,1084,0,0,0,0,0,0,0,0,0,4,4,1084,0,0,0,0,0,0,0,0,0
202406,999,19220,5,Danville  KY ,12,12,2393,1,2,183,0,0,0,0,0,0,0,0,0,0,0,0,0,0,0,0,0,0
202406,999,19260,5,Danville  VA ,6,6,1454,0,0,0,0,0,0,0,0,0,0,0,0,0,0,0,0,0,0,0,0,0
202406,999,19500,4,Decatur  IL ,7,7,3211,0,0,0,0,0,0,0,0,0,5,5,2841,0,0,0,0,0,0,0,0,0
202406,999,19580,5,Defiance  OH ,2,2,525,0,0,0,0,0,0,0,0,0,1,1,325,0,0,0,0,0,0,0,0,0
202406,999,19620,5,Del Rio  TX ,7,7,1596,0,0,0,0,0,0,0,0,0,0,0,0,0,0,0,0,0,0,0,0,0
202406,999,19700,5,Deming  NM ,1,1,204,0,0,0,0,0,0,0,0,0,0,0,0,0,0,0,0,0,0,0,0,0
202406,999,19810,5,Detroit Lakes  MN ,11,11,3834,0,0,0,0,0,0,0,0,0,8,8,3068,0,0,0,0,0,0,0,0,0
202406,999,19860,5,Dickinson  ND ,8,8,4213,1,2,590,0,0,0,0,0,0,1,1,60,0,0,0,0,0,0,0,0,0
202406,999,19980,5,Dodge City  KS ,8,8,1687,0,0,0,0,0,0,0,0,0,8,8,1687,0,0,0,0,0,0,0,0,0
202406,999,20060,5,Douglas  GA ,6,6,795,0,0,0,0,0,0,0,0,0,0,0,0,0,0,0,0,0,0,0,0,0
202406,999,20140,5,Dublin  GA ,3,3,573,0,0,0,0,0,0,0,0,0,0,0,0,0,0,0,0,0,0,0,0,0
202406,999,20220,4,Dubuque  IA ,8,8,3870,0,0,0,0,0,0,0,0,0,8,8,3870,0,0,0,0,0,0,0,0,0
202406,999,20300,5,Dumas  TX ,2,2,416,0,0,0,0,0,0,1,10,1461,0,0,0,0,0,0,0,0,0,0,0,0
202406,999,20420,5,Durango  CO ,26,26,11283,0,0,0,0,0,0,1,10,1386,23,23,10472,0,0,0,0,0,0,0,0,0
202406,999,20540,5,Dyersburg  TN ,4,4,896,0,0,0,0,0,0,0,0,0,4,4,896,0,0,0,0,0,0,0,0,0
202406,999,20580,4,Eagle Pass  TX ,5,5,1558,1,2,301,0,0,0,0,0,0,0,0,0,0,0,0,0,0,0,0,0,0
202406,999,20820,5,Effingham  IL ,2,2,1032,0,0,0,0,0,0,0,0,0,1,1,615,0,0,0,0,0,0,0,0,0
202406,999,20940,4,El Centro  CA ,18,18,2522,1,2,201,0,0,0,2,17,1676,5,5,480,0,0,0,0,0,0,1,12,855
202406,999,20980,5,El Dorado  AR ,2,2,259,0,0,0,0,0,0,0,0,0,0,0,0,0,0,0,0,0,0,0,0,0
202406,999,21180,5,Elkins  WV ,0,0,0,0,0,0,0,0,0,0,0,0,0,0,0,0,0,0,0,0,0,0,0,0
202406,999,21220,5,Elko  NV ,14,14,2910,0,0,0,0,0,0,0,0,0,14,14,2910,0,0,0,0,0,0,0,0,0
202406,999,21260,5,Ellensburg  WA ,33,33,11957,1,2,128,0,0,0,0,0,0,31,31,11360,1,2,128,0,0,0,0,0,0
202406,999,21380,5,Emporia  KS ,3,3,871,0,0,0,0,0,0,0,0,0,0,0,0,0,0,0,0,0,0,0,0,0
202406,999,21420,4,Enid  OK ,0,0,0,1,2,250,0,0,0,0,0,0,0,0,0,1,2,250,0,0,0,0,0,0
202406,999,21540,5,Escanaba  MI ,3,3,776,0,0,0,0,0,0,0,0,0,0,0,0,0,0,0,0,0,0,0,0,0
202406,999,21640,5,Eufaula  AL-GA ,1,1,72,0,0,0,0,0,0,0,0,0,0,0,0,0,0,0,0,0,0,0,0,0
202406,999,21660,4,Eugene-Springfield  OR ,57,57,15648,2,4,928,0,0,0,22,445,35287,21,21,5582,1,2,480,0,0,0,22,445,35287
202406,999,21700,5,Eureka-Arcata  CA ,16,16,2078,0,0,0,0,0,0,1,7,350,11,11,981,0,0,0,0,0,0,0,0,0
202406,999,21740,5,Evanston  WY-UT ,7,7,2954,0,0,0,0,0,0,0,0,0,1,1,250,0,0,0,0,0,0,0,0,0
202406,999,21820,4,Fairbanks-College  AK ,0,0,0,0,0,0,0,0,0,0,0,0,0,0,0,0,0,0,0,0,0,0,0,0
202406,999,21860,5,Fairmont  MN ,2,2,165,0,0,0,0,0,0,0,0,0,2,2,165,0,0,0,0,0,0,0,0,0
202406,999,22140,4,Farmington  NM ,5,5,1769,0,0,0,0,0,0,1,8,500,5,5,1769,0,0,0,0,0,0,1,8,500
202406,999,22220,4,Fayetteville-Springdale-Rogers  AR ,544,544,157983,12,24,4692,0,0,0,10,226,29873,408,408,125303,11,22,4227,0,0,0,8,203,28066
202406,999,22260,5,Fergus Falls  MN ,6,6,1478,1,2,164,0,0,0,1,5,833,2,2,480,0,0,0,0,0,0,0,0,0
202406,999,22340,5,Fitzgerald  GA ,0,0,0,0,0,0,0,0,0,0,0,0,0,0,0,0,0,0,0,0,0,0,0,0
202406,999,22380,4,Flagstaff  AZ ,42,42,16581,0,0,0,0,0,0,5,40,6215,30,30,12339,0,0,0,0,0,0,5,40,6215
202406,999,22500,4,Florence  SC ,61,61,11052,1,2,172,0,0,0,0,0,0,20,20,3140,0,0,0,0,0,0,0,0,0
202406,999,22540,4,Fond du Lac  WI ,14,14,4883,0,0,0,0,0,0,0,0,0,4,4,1226,0,0,0,0,0,0,0,0,0
202406,999,22580,5,Forest City  NC ,20,20,5539,0,0,0,0,0,0,0,0,0,20,20,5539,0,0,0,0,0,0,0,0,0
202406,999,22660,4,Fort Collins  CO ,123,123,50114,0,0,0,0,0,0,2,14,3411,123,123,50114,0,0,0,0,0,0,2,14,3411
202406,999,22700,5,Fort Dodge  IA ,2,2,304,0,0,0,0,0,0,0,0,0,0,0,0,0,0,0,0,0,0,0,0,0
202406,999,22780,5,Fort Leonard Wood  MO ,5,5,732,0,0,0,0,0,0,0,0,0,0,0,0,0,0,0,0,0,0,0,0,0
202406,999,22820,5,Fort Morgan  CO ,3,3,1325,0,0,0,0,0,0,0,0,0,2,2,943,0,0,0,0,0,0,0,0,0
202406,999,22900,4,Fort Smith  AR-OK ,39,39,11463,0,0,0,1,3,255,0,0,0,34,34,10769,0,0,0,0,0,0,0,0,0
202406,999,23460,4,Gadsden  AL ,11,11,2801,0,0,0,0,0,0,0,0,0,6,6,2071,0,0,0,0,0,0,0,0,0
202406,999,23660,5,Galesburg  IL ,0,0,0,0,0,0,0,0,0,0,0,0,0,0,0,0,0,0,0,0,0,0,0,0
202406,999,23680,5,Gallipolis  OH ,0,0,0,0,0,0,0,0,0,0,0,0,0,0,0,0,0,0,0,0,0,0,0,0
202406,999,23700,5,Gallup  NM ,0,0,0,0,0,0,0,0,0,0,0,0,0,0,0,0,0,0,0,0,0,0,0,0
202406,999,23780,5,Garden City  KS ,3,3,620,0,0,0,0,0,0,0,0,0,0,0,0,0,0,0,0,0,0,0,0,0
202406,999,23940,5,Gillette  WY ,2,2,761,0,0,0,0,0,0,0,0,0,2,2,761,0,0,0,0,0,0,0,0,0
202406,999,24140,4,Goldsboro  NC ,33,33,7219,0,0,0,0,0,0,0,0,0,33,33,7219,0,0,0,0,0,0,0,0,0
202406,999,24220,4,Grand Forks  ND-MN ,12,12,3700,0,0,0,0,0,0,0,0,0,9,9,2797,0,0,0,0,0,0,0,0,0
202406,999,24260,4,Grand Island  NE ,10,10,3068,1,2,267,0,0,0,1,5,333,4,4,1450,0,0,0,0,0,0,0,0,0
202406,999,24300,4,Grand Junction  CO ,68,68,12625,0,0,0,0,0,0,0,0,0,68,68,12625,0,0,0,0,0,0,0,0,0
202406,999,24460,5,Great Bend  KS ,2,2,275,1,2,400,0,0,0,0,0,0,2,2,275,0,0,0,0,0,0,0,0,0
202406,999,24500,4,Great Falls  MT ,16,16,6428,0,0,0,0,0,0,0,0,0,16,16,6428,0,0,0,0,0,0,0,0,0
202406,999,24740,5,Greenville  MS ,1,1,162,0,0,0,0,0,0,0,0,0,0,0,0,0,0,0,0,0,0,0,0,0
202406,999,24900,5,Greenwood  MS ,0,0,0,0,0,0,0,0,0,0,0,0,0,0,0,0,0,0,0,0,0,0,0,0
202406,999,24980,5,Grenada  MS ,1,1,39,0,0,0,0,0,0,1,7,175,0,0,0,0,0,0,0,0,0,0,0,0
202406,999,25060,4,Gulfport-Biloxi  MS ,240,240,35359,0,0,0,0,0,0,1,6,2200,112,112,24678,0,0,0,0,0,0,1,6,2200
202406,999,25100,5,Guymon  OK ,0,0,0,0,0,0,0,0,0,0,0,0,0,0,0,0,0,0,0,0,0,0,0,0
202406,999,25200,5,Hailey  ID ,15,15,17813,1,2,250,0,0,0,1,5,1654,12,12,15719,0,0,0,0,0,0,0,0,0
202406,999,25460,5,Harrison  AR ,1,1,102,0,0,0,0,0,0,0,0,0,0,0,0,0,0,0,0,0,0,0,0,0
202406,999,25580,5,Hastings  NE ,6,6,2695,0,0,0,0,0,0,0,0,0,6,6,2695,0,0,0,0,0,0,0,0,0
202406,999,25700,5,Hays  KS ,1,1,321,0,0,0,0,0,0,0,0,0,1,1,321,0,0,0,0,0,0,0,0,0
202406,999,25740,4,Helena  MT ,10,10,3883,0,0,0,1,4,785,1,9,1401,0,0,0,0,0,0,0,0,0,0,0,0
202406,999,25820,5,Hereford  TX ,1,1,286,0,0,0,0,0,0,0,0,0,0,0,0,0,0,0,0,0,0,0,0,0
202406,999,25840,5,Hermiston-Pendleton  OR ,23,23,7459,0,0,0,0,0,0,0,0,0,11,11,3222,0,0,0,0,0,0,0,0,0
202406,999,25880,5,Hillsdale  MI ,6,6,2188,1,2,650,0,0,0,0,0,0,6,6,2188,1,2,650,0,0,0,0,0,0
202406,999,25900,5,Hilo-Kailua  HI ,105,105,51784,1,2,1667,0,0,0,1,5,549,0,0,0,0,0,0,0,0,0,0,0,0
202406,999,25940,4,Hilton Head Island-Bluffton-Port Royal  SC ,205,205,87378,0,0,0,0,0,0,0,0,0,160,160,64379,0,0,0,0,0,0,0,0,0
202406,999,26020,5,Hobbs  NM ,18,18,5058,0,0,0,0,0,0,0,0,0,0,0,0,0,0,0,0,0,0,0,0,0
202406,999,26140,4,Homosassa Springs  FL ,196,196,44852,0,0,0,0,0,0,0,0,0,9,9,2621,0,0,0,0,0,0,0,0,0
202406,999,26220,5,Hood River  OR ,3,3,1362,0,0,0,0,0,0,0,0,0,3,3,1362,0,0,0,0,0,0,0,0,0
202406,999,26340,5,Houghton  MI ,15,15,3149,4,8,1080,0,0,0,0,0,0,13,13,2815,4,8,1080,0,0,0,0,0,0
202406,999,26380,4,Houma-Bayou Cane-Thibodaux  LA ,65,65,13476,0,0,0,0,0,0,0,0,0,64,64,13396,0,0,0,0,0,0,0,0,0
202406,999,26700,5,Huron  SD ,2,2,699,0,0,0,0,0,0,0,0,0,2,2,699,0,0,0,0,0,0,0,0,0
202406,999,26740,5,Hutchinson  KS ,2,2,140,0,0,0,0,0,0,0,0,0,2,2,140,0,0,0,0,0,0,0,0,0
202406,999,27100,4,Jackson  MI ,14,14,4154,0,0,0,0,0,0,0,0,0,2,2,514,0,0,0,0,0,0,0,0,0
202406,999,27180,4,Jackson  TN ,38,38,9495,0,0,0,0,0,0,0,0,0,12,12,3686,0,0,0,0,0,0,0,0,0
202406,999,27220,5,Jackson  WY-ID ,27,27,19497,0,0,0,0,0,0,0,0,0,16,16,7524,0,0,0,0,0,0,0,0,0
202406,999,27340,4,Jacksonville  NC ,90,90,21468,3,6,669,1,3,848,0,0,0,12,12,5447,0,0,0,1,3,848,0,0,0
202406,999,27420,5,Jamestown  ND ,2,2,288,0,0,0,0,0,0,0,0,0,1,1,228,0,0,0,0,0,0,0,0,0
202406,999,27460,5,Jamestown-Dunkirk  NY ,13,13,3229,0,0,0,0,0,0,0,0,0,0,0,0,0,0,0,0,0,0,0,0,0
202406,999,27540,5,Jasper  IN ,25,25,2785,0,0,0,0,0,0,0,0,0,25,25,2785,0,0,0,0,0,0,0,0,0
202406,999,27940,5,Juneau  AK ,5,5,1063,0,0,0,0,0,0,0,0,0,5,5,1063,0,0,0,0,0,0,0,0,0
202406,999,27980,4,Kahului-Wailuku  HI ,44,44,19593,0,0,0,0,0,0,1,9,6330,0,0,0,0,0,0,0,0,0,0,0,0
202406,999,28060,5,Kalispell  MT ,24,24,11888,0,0,0,1,3,2136,0,0,0,17,17,7076,0,0,0,0,0,0,0,0,0
202406,999,28180,5,Kapaa  HI ,18,18,15175,0,0,0,0,0,0,0,0,0,18,18,15175,0,0,0,0,0,0,0,0,0
202406,999,28260,5,Kearney  NE ,4,4,2246,0,0,0,0,0,0,0,0,0,3,3,1481,0,0,0,0,0,0,0,0,0
202406,999,28380,5,Kennett  MO ,3,3,517,0,0,0,0,0,0,0,0,0,0,0,0,0,0,0,0,0,0,0,0,0
202406,999,28540,5,Ketchikan  AK ,5,5,2500,0,0,0,0,0,0,0,0,0,0,0,0,0,0,0,0,0,0,0,0,0
202406,999,28660,4,Killeen-Temple  TX ,245,245,56940,28,56,7555,0,0,0,2,30,4274,120,120,26906,17,34,4377,0,0,0,0,0,0
202406,999,28820,5,Kinston  NC ,9,9,1741,1,2,213,0,0,0,0,0,0,0,0,0,0,0,0,0,0,0,0,0,0
202406,999,28860,5,Kirksville  MO ,2,2,584,0,0,0,0,0,0,0,0,0,1,1,346,0,0,0,0,0,0,0,0,0
202406,999,28900,5,Klamath Falls  OR ,6,6,2389,0,0,0,0,0,0,0,0,0,6,6,2389,0,0,0,0,0,0,0,0,0
202406,999,29260,5,La Grande  OR ,4,4,1679,0,0,0,0,0,0,0,0,0,4,4,1679,0,0,0,0,0,0,0,0,0
202406,999,29420,4,Lake Havasu City-Kingman  AZ ,229,229,44164,0,0,0,0,0,0,0,0,0,226,226,43692,0,0,0,0,0,0,0,0,0
202406,999,29540,4,Lancaster  PA ,124,124,36991,1,2,265,2,8,882,1,6,1290,39,39,11680,1,2,265,2,8,882,1,6,1290
202406,999,29660,5,Laramie  WY ,4,4,1465,0,0,0,0,0,0,0,0,0,1,1,525,0,0,0,0,0,0,0,0,0
202406,999,29700,4,Laredo  TX ,95,95,27211,0,0,0,0,0,0,3,28,2863,0,0,0,0,0,0,0,0,0,0,0,0
202406,999,30060,5,Lebanon  MO ,6,6,948,0,0,0,1,3,450,0,0,0,0,0,0,0,0,0,0,0,0,0,0,0
202406,999,30150,5,Lebanon-Claremont  NH-VT ,58,58,22167,1,2,250,1,3,347,1,5,902,15,15,7690,0,0,0,0,0,0,0,0,0
202406,999,30300,4,Lewiston  ID-WA ,12,12,3934,0,0,0,0,0,0,0,0,0,9,9,3184,0,0,0,0,0,0,0,0,0
202406,999,30380,5,Lewistown  PA ,3,3,830,0,0,0,0,0,0,0,0,0,0,0,0,0,0,0,0,0,0,0,0,0
202406,999,30420,5,Lexington  NE ,8,8,3979,0,0,0,0,0,0,1,11,1698,7,7,3595,0,0,0,0,0,0,0,0,0
202406,999,30580,5,Liberal  KS ,2,2,552,0,0,0,0,0,0,0,0,0,0,0,0,0,0,0,0,0,0,0,0,0
202406,999,30860,4,Logan  UT-ID ,66,66,23421,0,0,0,0,0,0,0,0,0,57,57,21175,0,0,0,0,0,0,0,0,0
202406,999,30900,5,Logansport  IN ,0,0,0,0,0,0,0,0,0,0,0,0,0,0,0,0,0,0,0,0,0,0,0,0
202406,999,30980,4,Longview  TX ,17,17,4635,0,0,0,0,0,0,0,0,0,10,10,3026,0,0,0,0,0,0,0,0,0
202406,999,31220,5,Ludington  MI ,8,8,4517,0,0,0,0,0,0,0,0,0,7,7,3505,0,0,0,0,0,0,0,0,0
202406,999,31260,5,Lufkin  TX ,7,7,1929,0,0,0,0,0,0,0,0,0,0,0,0,0,0,0,0,0,0,0,0,0
202406,999,31340,4,Lynchburg  VA ,66,66,21685,1,2,483,0,0,0,0,0,0,43,43,11881,0,0,0,0,0,0,0,0,0
202406,999,31380,5,Macomb  IL ,0,0,0,0,0,0,0,0,0,0,0,0,0,0,0,0,0,0,0,0,0,0,0,0
202406,999,31500,5,Madison  IN ,8,8,1564,0,0,0,0,0,0,0,0,0,0,0,0,0,0,0,0,0,0,0,0,0
202406,999,31580,5,Madisonville  KY ,10,10,2421,0,0,0,0,0,0,0,0,0,10,10,2421,0,0,0,0,0,0,0,0,0
202406,999,31620,5,Magnolia  AR ,1,1,111,0,0,0,0,0,0,0,0,0,0,0,0,0,0,0,0,0,0,0,0,0
202406,999,31740,4,Manhattan  KS ,21,21,6693,0,0,0,0,0,0,2,35,3911,8,8,2531,0,0,0,0,0,0,2,35,3911
202406,999,31820,5,Manitowoc  WI ,6,6,3130,2,4,787,0,0,0,0,0,0,5,5,2820,2,4,787,0,0,0,0,0,0
202406,999,31980,5,Marion  IN ,5,5,1530,0,0,0,0,0,0,0,0,0,5,5,1530,0,0,0,0,0,0,0,0,0
202406,999,32100,5,Marquette  MI ,15,15,4810,0,0,0,0,0,0,0,0,0,15,15,4810,0,0,0,0,0,0,0,0,0
202406,999,32140,5,Marshall  MN ,2,2,399,0,0,0,0,0,0,0,0,0,0,0,0,0,0,0,0,0,0,0,0,0
202406,999,32180,5,Marshall  MO ,1,1,250,0,0,0,0,0,0,0,0,0,0,0,0,0,0,0,0,0,0,0,0,0
202406,999,32260,5,Marshalltown  IA ,1,1,273,0,0,0,0,0,0,0,0,0,0,0,0,0,0,0,0,0,0,0,0,0
202406,999,32300,5,Martinsville  VA ,4,4,1539,0,0,0,0,0,0,0,0,0,4,4,1539,0,0,0,0,0,0,0,0,0
202406,999,32340,5,Maryville  MO ,4,4,904,0,0,0,0,0,0,0,0,0,0,0,0,0,0,0,0,0,0,0,0,0
202406,999,32380,5,Mason City  IA ,3,3,1516,0,0,0,0,0,0,0,0,0,2,2,1150,0,0,0,0,0,0,0,0,0
202406,999,32390,5,Massena-Ogdensburg  NY ,21,21,3795,0,0,0,0,0,0,0,0,0,5,5,780,0,0,0,0,0,0,0,0,0
202406,999,32540,5,McAlester  OK ,3,3,1679,0,0,0,0,0,0,1,5,447,0,0,0,0,0,0,0,0,0,0,0,0
202406,999,32620,5,McComb  MS ,1,1,144,0,0,0,0,0,0,0,0,0,0,0,0,0,0,0,0,0,0,0,0,0
202406,999,32660,5,McMinnville  TN ,25,25,6727,0,0,0,0,0,0,0,0,0,25,25,6727,0,0,0,0,0,0,0,0,0
202406,999,32700,5,McPherson  KS ,10,10,2512,1,2,319,0,0,0,0,0,0,6,6,1630,0,0,0,0,0,0,0,0,0
202406,999,32940,5,Meridian  MS ,1,1,340,0,0,0,0,0,0,0,0,0,0,0,0,0,0,0,0,0,0,0,0,0
202406,999,33300,5,Milledgeville  GA ,6,6,2096,0,0,0,0,0,0,0,0,0,6,6,2096,0,0,0,0,0,0,0,0,0
202406,999,33500,4,Minot  ND ,7,7,3989,0,0,0,0,0,0,0,0,0,6,6,3737,0,0,0,0,0,0,0,0,0
202406,999,33540,4,Missoula  MT ,47,47,16942,0,0,0,3,12,993,5,42,2596,47,47,16942,0,0,0,3,12,993,5,42,2596
202406,999,33580,5,Mitchell  SD ,4,4,1317,1,2,296,0,0,0,0,0,0,1,1,689,0,0,0,0,0,0,0,0,0
202406,999,33940,5,Montrose  CO ,27,27,4355,0,0,0,0,0,0,0,0,0,27,27,4355,0,0,0,0,0,0,0,0,0
202406,999,34020,5,Morgan City  LA ,1,1,212,0,0,0,0,0,0,1,5,682,0,0,0,0,0,0,0,0,0,0,0,0
202406,999,34060,4,Morgantown  WV ,1,1,137,0,0,0,0,0,0,0,0,0,0,0,0,0,0,0,0,0,0,0,0,0
202406,999,34220,5,Moultrie  GA ,4,4,699,1,2,200,0,0,0,0,0,0,1,1,200,0,0,0,0,0,0,0,0,0
202406,999,34260,5,Mountain Home  AR ,2,2,325,0,0,0,0,0,0,0,0,0,1,1,150,0,0,0,0,0,0,0,0,0
202406,999,34420,5,Mount Pleasant  TX ,1,1,303,0,0,0,0,0,0,0,0,0,1,1,303,0,0,0,0,0,0,0,0,0
202406,999,34500,5,Mount Vernon  IL ,0,0,0,0,0,0,0,0,0,0,0,0,0,0,0,0,0,0,0,0,0,0,0,0
202406,999,34660,5,Murray  KY ,0,0,0,0,0,0,0,0,0,2,66,9055,0,0,0,0,0,0,0,0,0,2,66,9055
202406,999,34860,5,Nacogdoches  TX ,3,3,716,0,0,0,0,0,0,0,0,0,0,0,0,0,0,0,0,0,0,0,0,0
202406,999,34880,5,Nantucket  MA ,21,21,22758,1,2,577,0,0,0,1,5,729,0,0,0,0,0,0,0,0,0,0,0,0
202406,999,35020,5,Natchez  MS-LA ,2,2,262,0,0,0,0,0,0,0,0,0,0,0,0,0,0,0,0,0,0,0,0,0
202406,999,35060,5,Natchitoches  LA ,9,9,2225,0,0,0,0,0,0,0,0,0,3,3,1085,0,0,0,0,0,0,0,0,0
202406,999,35440,5,Newport  OR ,28,28,9363,0,0,0,0,0,0,0,0,0,27,27,9096,0,0,0,0,0,0,0,0,0
202406,999,35740,5,Norfolk  NE ,7,7,2066,0,0,0,0,0,0,0,0,0,6,6,1841,0,0,0,0,0,0,0,0,0
202406,999,35820,5,North Platte  NE ,5,5,1184,0,0,0,0,0,0,0,0,0,3,3,480,0,0,0,0,0,0,0,0,0
202406,999,35900,5,North Wilkesboro  NC ,9,9,2502,0,0,0,0,0,0,0,0,0,9,9,2502,0,0,0,0,0,0,0,0,0
202406,999,36100,4,Ocala  FL ,659,659,123982,3,6,829,0,0,0,0,0,0,659,659,123982,3,6,829,0,0,0,0,0,0
202406,999,36340,5,Oil City  PA ,6,6,1345,0,0,0,0,0,0,0,0,0,1,1,10,0,0,0,0,0,0,0,0,0
202406,999,36580,5,Oneonta  NY ,12,12,2964,0,0,0,0,0,0,0,0,0,0,0,0,0,0,0,0,0,0,0,0,0
202406,999,36900,5,Ottumwa  IA ,5,5,1252,0,0,0,1,3,750,0,0,0,0,0,0,0,0,0,0,0,0,0,0,0
202406,999,36980,4,Owensboro  KY ,20,20,1750,0,0,0,0,0,0,0,0,0,20,20,1750,0,0,0,0,0,0,0,0,0
202406,999,37060,5,Oxford  MS ,45,45,13369,1,2,435,0,0,0,0,0,0,1,1,303,0,0,0,0,0,0,0,0,0
202406,999,37300,5,Palestine  TX ,0,0,0,0,0,0,0,0,0,0,0,0,0,0,0,0,0,0,0,0,0,0,0,0
202406,999,37340,4,Palm Bay-Melbourne-Titusville  FL ,350,350,152889,0,0,0,0,0,0,2,32,8284,338,338,150012,0,0,0,0,0,0,2,32,8284
202406,999,37420,5,Pampa  TX ,1,1,286,0,0,0,0,0,0,0,0,0,0,0,0,0,0,0,0,0,0,0,0,0
202406,999,37460,4,Panama City-Panama City Beach  FL ,166,166,54164,0,0,0,1,3,680,1,8,1285,30,30,5096,0,0,0,0,0,0,0,0,0
202406,999,37540,5,Paris  TN ,2,2,165,0,0,0,0,0,0,0,0,0,0,0,0,0,0,0,0,0,0,0,0,0
202406,999,37580,5,Paris  TX ,2,2,386,0,0,0,0,0,0,0,0,0,0,0,0,0,0,0,0,0,0,0,0,0
202406,999,37860,4,Pensacola-Ferry Pass-Brent  FL ,301,301,91095,0,0,0,4,16,2600,8,64,943,301,301,91095,0,0,0,4,16,2600,8,64,943
202406,999,37950,5,Petoskey  MI ,14,14,4006,1,2,180,0,0,0,0,0,0,14,14,4006,1,2,180,0,0,0,0,0,0
202406,999,38180,5,Pierre  SD ,4,4,1041,0,0,0,0,0,0,0,0,0,3,3,718,0,0,0,0,0,0,0,0,0
202406,999,38210,5,Pikeville  KY ,1,1,615,0,0,0,0,0,0,0,0,0,0,0,0,0,0,0,0,0,0,0,0,0
202406,999,38260,5,Pittsburg  KS ,9,9,2373,0,0,0,0,0,0,0,0,0,5,5,1002,0,0,0,0,0,0,0,0,0
202406,999,38340,4,Pittsfield  MA ,12,12,5083,0,0,0,0,0,0,0,0,0,1,1,350,0,0,0,0,0,0,0,0,0
202406,999,38420,5,Platteville  WI ,8,8,1905,0,0,0,0,0,0,0,0,0,6,6,1639,0,0,0,0,0,0,0,0,0
202406,999,38460,5,Plattsburgh  NY ,17,17,4870,0,0,0,0,0,0,1,5,693,3,3,890,0,0,0,0,0,0,0,0,0
202406,999,38540,4,Pocatello  ID ,21,21,4484,0,0,0,1,3,311,1,5,450,6,6,633,0,0,0,0,0,0,0,0,0
202406,999,38620,5,Ponca City  OK ,7,7,935,0,0,0,0,0,0,0,0,0,0,0,0,0,0,0,0,0,0,0,0,0
202406,999,38740,5,Poplar Bluff  MO ,0,0,0,0,0,0,0,0,0,0,0,0,0,0,0,0,0,0,0,0,0,0,0,0
202406,999,38820,5,Port Angeles  WA ,10,10,3221,1,2,293,0,0,0,0,0,0,8,8,2545,1,2,293,0,0,0,0,0,0
202406,999,39040,5,Port Townsend  WA ,13,13,4258,0,0,0,0,0,0,0,0,0,13,13,4258,0,0,0,0,0,0,0,0,0
202406,999,39060,5,Pottsville  PA ,17,17,4986,0,0,0,0,0,0,0,0,0,2,2,695,0,0,0,0,0,0,0,0,0
202406,999,39150,4,Prescott Valley-Prescott  AZ ,112,112,38022,2,4,211,0,0,0,0,0,0,101,101,34281,2,4,211,0,0,0,0,0,0
202406,999,39220,5,Price  UT ,3,3,1637,0,0,0,0,0,0,7,168,26472,3,3,1637,0,0,0,0,0,0,7,168,26472
202406,999,39960,5,Rice Lake  WI ,11,11,3738,0,0,0,0,0,0,0,0,0,7,7,2485,0,0,0,0,0,0,0,0,0
202406,999,40060,4,Richmond  VA ,481,481,107844,0,0,0,0,0,0,5,537,47834,471,471,105866,0,0,0,0,0,0,5,537,47834
202406,999,40180,5,Riverton  WY ,2,2,607,0,0,0,0,0,0,0,0,0,0,0,0,0,0,0,0,0,0,0,0,0
202406,999,40220,4,Roanoke  VA ,49,49,15721,0,0,0,0,0,0,0,0,0,26,26,7628,0,0,0,0,0,0,0,0,0
202406,999,40540,5,Rock Springs  WY ,5,5,2089,0,0,0,0,0,0,0,0,0,5,5,2089,0,0,0,0,0,0,0,0,0
202406,999,40620,5,Rolla  MO ,8,8,1057,0,0,0,0,0,0,1,5,600,7,7,940,0,0,0,0,0,0,0,0,0
202406,999,40700,5,Roseburg  OR ,23,23,5415,2,4,845,0,0,0,0,0,0,22,22,4896,2,4,845,0,0,0,0,0,0
202406,999,40740,5,Roswell  NM ,7,7,1343,0,0,0,0,0,0,0,0,0,0,0,0,0,0,0,0,0,0,0,0,0
202406,999,40760,5,Ruidoso  NM ,12,12,4901,0,0,0,0,0,0,0,0,0,12,12,4901,0,0,0,0,0,0,0,0,0
202406,999,40780,5,Russellville  AR ,5,5,1071,0,0,0,0,0,0,0,0,0,4,4,935,0,0,0,0,0,0,0,0,0
202406,999,40860,5,Rutland  VT ,7,7,1997,0,0,0,0,0,0,0,0,0,4,4,1321,0,0,0,0,0,0,0,0,0
202406,999,40940,5,Safford  AZ ,8,8,3534,0,0,0,0,0,0,0,0,0,8,8,3534,0,0,0,0,0,0,0,0,0
202406,999,41100,4,St. George  UT ,180,180,29611,0,0,0,0,0,0,0,0,0,169,169,26408,0,0,0,0,0,0,0,0,0
202406,999,41260,5,St. Marys  PA ,2,2,459,0,0,0,0,0,0,0,0,0,0,0,0,0,0,0,0,0,0,0,0,0
202406,999,41460,5,Salina  KS ,3,3,1115,0,0,0,0,0,0,0,0,0,2,2,865,0,0,0,0,0,0,0,0,0
202406,999,41500,4,Salinas  CA ,53,53,13219,0,0,0,0,0,0,0,0,0,52,52,12780,0,0,0,0,0,0,0,0,0
202406,999,41660,4,San Angelo  TX ,17,17,5145,0,0,0,0,0,0,0,0,0,17,17,5145,0,0,0,0,0,0,0,0,0
202406,999,41740,4,San Diego-Chula Vista-Carlsbad  CA ,283,283,89107,26,52,5910,6,21,3314,21,193,33582,269,269,85243,25,50,5600,6,21,3314,21,193,33582
202406,999,41760,5,Sandpoint  ID ,11,11,3860,0,0,0,0,0,0,1,12,1516,10,10,3611,0,0,0,0,0,0,1,12,1516
202406,999,42020,4,San Luis Obispo-Paso Robles  CA ,44,44,15722,1,2,557,0,0,0,0,0,0,44,44,15722,1,2,557,0,0,0,0,0,0
202406,999,42200,4,Santa Maria-Santa Barbara  CA ,60,60,36065,0,0,0,0,0,0,3,94,29169,42,42,32316,0,0,0,0,0,0,2,89,28740
202406,999,42220,4,Santa Rosa-Petaluma  CA ,62,62,21371,0,0,0,0,0,0,2,16,2982,43,43,17233,0,0,0,0,0,0,0,0,0
202406,999,42300,5,Sault Ste. Marie  MI ,8,8,1752,0,0,0,0,0,0,1,5,1117,8,8,1752,0,0,0,0,0,0,0,0,0
202406,999,42380,5,Sayre  PA ,5,5,1561,0,0,0,0,0,0,0,0,0,3,3,991,0,0,0,0,0,0,0,0,0
202406,999,42420,5,Scottsbluff  NE ,3,3,1000,0,0,0,0,0,0,0,0,0,0,0,0,0,0,0,0,0,0,0,0,0
202406,999,42540,4,Scranton--Wilkes-Barre  PA ,48,48,16777,0,0,0,1,4,676,0,0,0,8,8,4832,0,0,0,1,4,676,0,0,0
202406,999,42580,5,Seaford  DE ,338,338,47270,0,0,0,1,4,720,5,108,9600,338,338,47270,0,0,0,1,4,720,5,108,9600
202406,999,42700,4,Sebring-  FL ,46,46,10067,2,4,592,0,0,0,0,0,0,46,46,10067,2,4,592,0,0,0,0,0,0
202406,999,42740,5,Sedalia  MO ,2,2,311,1,2,242,0,0,0,1,6,696,0,0,0,0,0,0,0,0,0,0,0,0
202406,999,43100,4,Sheboygan  WI ,19,19,7884,2,4,940,0,0,0,2,20,2750,5,5,1680,1,2,600,0,0,0,0,0,0
202406,999,43260,5,Sheridan  WY ,12,12,4174,0,0,0,0,0,0,0,0,0,4,4,1118,0,0,0,0,0,0,0,0,0
202406,999,43320,5,Show Low  AZ ,49,49,18605,1,2,305,0,0,0,0,0,0,39,39,15088,0,0,0,0,0,0,0,0,0
202406,999,43420,4,Sierra Vista-Douglas  AZ ,37,37,5608,0,0,0,0,0,0,0,0,0,35,35,5412,0,0,0,0,0,0,0,0,0
202406,999,43620,4,Sioux Falls  SD-MN ,123,123,31927,0,0,0,2,7,659,8,115,12012,100,100,25803,0,0,0,0,0,0,5,100,10007
202406,999,43660,5,Snyder  TX ,0,0,0,0,0,0,0,0,0,0,0,0,0,0,0,0,0,0,0,0,0,0,0,0
202406,999,43700,5,Somerset  KY ,0,0,0,0,0,0,1,3,297,1,8,986,0,0,0,0,0,0,1,3,297,1,8,986
202406,999,43760,5,Sonora  CA ,8,8,1868,0,0,0,0,0,0,0,0,0,8,8,1868,0,0,0,0,0,0,0,0,0
202406,999,44180,4,Springfield  MO ,116,116,38319,0,0,0,0,0,0,0,0,0,76,76,26672,0,0,0,0,0,0,0,0,0
202406,999,44460,5,Steamboat Springs  CO ,15,15,21473,0,0,0,0,0,0,0,0,0,14,14,21250,0,0,0,0,0,0,0,0,0
202406,999,44500,5,Stephenville  TX ,2,2,605,2,4,500,0,0,0,0,0,0,2,2,605,2,4,500,0,0,0,0,0,0
202406,999,44540,5,Sterling  CO ,0,0,0,0,0,0,0,0,0,0,0,0,0,0,0,0,0,0,0,0,0,0,0,0
202406,999,44660,5,Stillwater  OK ,14,14,3825,2,4,354,0,0,0,0,0,0,0,0,0,0,0,0,0,0,0,0,0,0
202406,999,44740,5,Storm Lake  IA ,0,0,0,0,0,0,0,0,0,0,0,0,0,0,0,0,0,0,0,0,0,0,0,0
202406,999,45000,5,Susanville  CA ,2,2,721,0,0,0,0,0,0,0,0,0,2,2,721,0,0,0,0,0,0,0,0,0
202406,999,45140,5,Tahlequah  OK ,8,8,1358,0,0,0,0,0,0,0,0,0,0,0,0,0,0,0,0,0,0,0,0,0
202406,999,45300,4,Tampa-St. Petersburg-Clearwater  FL ,1288,1288,418126,5,10,1593,5,18,2214,22,741,65746,1262,1262,408853,5,10,1593,5,18,2214,20,731,63035
202406,999,45340,5,Taos  NM ,12,12,3584,0,0,0,0,0,0,0,0,0,0,0,0,0,0,0,0,0,0,0,0,0
202406,999,45460,4,Terre Haute  IN ,7,7,1289,0,0,0,0,0,0,0,0,0,2,2,260,0,0,0,0,0,0,0,0,0
202406,999,45500,4,Texarkana  TX-AR ,11,11,3118,4,8,929,0,0,0,0,0,0,4,4,1210,0,0,0,0,0,0,0,0,0
202406,999,45520,5,The Dalles  OR ,3,3,652,0,0,0,0,0,0,0,0,0,3,3,652,0,0,0,0,0,0,0,0,0
202406,999,45620,5,Thomasville  GA ,15,15,3267,0,0,0,0,0,0,0,0,0,11,11,2427,0,0,0,0,0,0,0,0,0
202406,999,45700,5,Tifton  GA ,4,4,596,0,0,0,0,0,0,1,5,424,2,2,338,0,0,0,0,0,0,0,0,0
202406,999,45740,5,Toccoa  GA ,8,8,1800,0,0,0,0,0,0,0,0,0,8,8,1800,0,0,0,0,0,0,0,0,0
202406,999,45780,4,Toledo  OH ,34,34,10761,0,0,0,0,0,0,0,0,0,33,33,10411,0,0,0,0,0,0,0,0,0
202406,999,45820,4,Topeka  KS ,19,19,4359,2,4,450,0,0,0,0,0,0,19,19,4359,2,4,450,0,0,0,0,0,0
202406,999,45880,5,Town of Pecos  TX ,5,5,694,0,0,0,0,0,0,0,0,0,5,5,694,0,0,0,0,0,0,0,0,0
202406,999,45900,4,Traverse City  MI ,61,61,15805,1,2,380,0,0,0,3,27,2667,21,21,6634,0,0,0,0,0,0,0,0,0
202406,999,45980,5,Troy  AL ,7,7,2170,0,0,0,0,0,0,0,0,0,7,7,2170,0,0,0,0,0,0,0,0,0
202406,999,46220,4,Tuscaloosa  AL ,52,52,16473,2,4,341,1,3,343,1,5,769,17,17,5998,0,0,0,0,0,0,0,0,0
202406,999,46300,4,Twin Falls  ID ,38,38,9788,0,0,0,0,0,0,0,0,0,28,28,7037,0,0,0,0,0,0,0,0,0
202406,999,46380,5,Ukiah  CA ,1,1,382,0,0,0,0,0,0,0,0,0,0,0,0,0,0,0,0,0,0,0,0,0
202406,999,46520,4,Urban Honolulu  HI ,63,63,22860,5,10,1344,0,0,0,1,68,20603,0,0,0,0,0,0,0,0,0,0,0,0
202406,999,46540,4,Utica-Rome  NY ,19,19,4527,0,0,0,0,0,0,1,5,781,4,4,1308,0,0,0,0,0,0,0,0,0
202406,999,46620,5,Uvalde  TX ,2,2,230,0,0,0,0,0,0,0,0,0,2,2,230,0,0,0,0,0,0,0,0,0
202406,999,46660,4,Valdosta  GA ,73,73,16496,0,0,0,0,0,0,0,0,0,2,2,310,0,0,0,0,0,0,0,0,0
202406,999,46820,5,Vermillion  SD ,1,1,298,0,0,0,0,0,0,0,0,0,0,0,0,0,0,0,0,0,0,0,0,0
202406,999,46860,5,Vernal  UT ,3,3,1046,0,0,0,0,0,0,0,0,0,3,3,1046,0,0,0,0,0,0,0,0,0
202406,999,46900,5,Vernon  TX ,0,0,0,0,0,0,0,0,0,0,0,0,0,0,0,0,0,0,0,0,0,0,0,0
202406,999,47080,5,Vidalia  GA ,3,3,446,1,2,141,0,0,0,0,0,0,0,0,0,0,0,0,0,0,0,0,0,0
202406,999,47180,5,Vincennes  IN ,4,4,1242,0,0,0,0,0,0,0,0,0,2,2,641,0,0,0,0,0,0,0,0,0
202406,999,47240,5,Vineyard Haven  MA ,9,9,15897,0,0,0,0,0,0,0,0,0,6,6,13444,0,0,0,0,0,0,0,0,0
202406,999,47300,4,Visalia  CA ,86,86,29680,7,14,2481,0,0,0,2,80,26500,82,82,29021,7,14,2481,0,0,0,2,80,26500
202406,999,47340,5,Wabash  IN ,7,7,2227,0,0,0,0,0,0,0,0,0,6,6,1924,0,0,0,0,0,0,0,0,0
202406,999,47380,4,Waco  TX ,52,52,14231,2,4,500,0,0,0,1,5,514,41,41,12408,2,4,500,0,0,0,0,0,0
202406,999,47620,5,Warren  PA ,0,0,0,0,0,0,0,0,0,1,5,1250,0,0,0,0,0,0,0,0,0,0,0,0
202406,999,47780,5,Washington  IN ,4,4,873,3,6,780,0,0,0,0,0,0,4,4,873,3,6,780,0,0,0,0,0,0
202406,999,47940,4,Waterloo-Cedar Falls  IA ,25,25,9113,0,0,0,0,0,0,2,21,5931,18,18,7081,0,0,0,0,0,0,1,5,3960
202406,999,47980,5,Watertown  SD ,3,3,1515,0,0,0,0,0,0,0,0,0,3,3,1515,0,0,0,0,0,0,0,0,0
202406,999,48060,4,Watertown-Fort Drum  NY ,20,20,3297,0,0,0,0,0,0,0,0,0,1,1,400,0,0,0,0,0,0,0,0,0
202406,999,48180,5,Waycross  GA ,11,11,2135,0,0,0,0,0,0,0,0,0,11,11,2135,0,0,0,0,0,0,0,0,0
202406,999,48300,4,Wenatchee-East Wenatchee  WA ,43,43,16745,0,0,0,0,0,0,3,108,11413,18,18,7533,0,0,0,0,0,0,3,108,11413
202406,999,48460,5,West Plains  MO ,2,2,543,0,0,0,0,0,0,0,0,0,1,1,240,0,0,0,0,0,0,0,0,0
202406,999,48540,4,Wheeling  WV-OH ,1,1,222,0,0,0,0,0,0,0,0,0,0,0,0,0,0,0,0,0,0,0,0,0
202406,999,48660,4,Wichita Falls  TX ,13,13,3869,3,6,749,0,0,0,0,0,0,9,9,2724,3,6,749,0,0,0,0,0,0
202406,999,48780,5,Williston  ND ,10,10,4130,0,0,0,0,0,0,0,0,0,9,9,3872,0,0,0,0,0,0,0,0,0
202406,999,48820,5,Willmar  MN ,4,4,1332,0,0,0,0,0,0,0,0,0,3,3,1029,0,0,0,0,0,0,0,0,0
202406,999,48900,4,Wilmington  NC ,531,531,153360,1,2,445,3,9,2487,9,271,38917,213,213,57782,0,0,0,0,0,0,2,108,20000
202406,999,49080,5,Winnemucca  NV ,14,14,836,0,0,0,0,0,0,0,0,0,14,14,836,0,0,0,0,0,0,0,0,0
202406,999,49260,5,Woodward  OK ,0,0,0,0,0,0,0,0,0,0,0,0,0,0,0,0,0,0,0,0,0,0,0,0
202406,999,49380,5,Worthington  MN ,1,1,44,0,0,0,0,0,0,0,0,0,0,0,0,0,0,0,0,0,0,0,0,0
202406,999,49420,4,Yakima  WA ,23,23,6932,0,0,0,0,0,0,0,0,0,13,13,4300,0,0,0,0,0,0,0,0,0
202406,999,49460,5,Yankton  SD ,1,1,350,0,0,0,0,0,0,0,0,0,1,1,350,0,0,0,0,0,0,0,0,0
202406,999,49740,4,Yuma  AZ ,115,115,17252,0,0,0,0,0,0,2,60,3682,113,113,16944,0,0,0,0,0,0,2,60,3682
