Survey,MSA/,PMSA,,MA,,1-unit,,,2-units,,,3-4 units,,,5+ units,,,1-unit rep,,,2-units rep,,,3-4 units rep,,,5+ units rep
Date,CMSA,,,Name,Bldgs,Units,Value,Bldgs,Units,Value,Bldgs,Units,Value,Bldgs,Units,Value,Bldgs,Units,Value,Bldgs,Units,Value,      Bldgs,Units,Value,Bldgs,Units,Value
 
200102,0040,9999,,Abilene  TX MSA ,17,17,2253,0,0,0,0,0,0,0,0,0,17,17,2253,0,0,0,0,0,0,0,0,0
200102,0120,9999,,Albany  GA MSA ,38,38,4795,0,0,0,3,11,468,0,0,0,15,15,2159,0,0,0,2,8,278,0,0,0
200102,0160,9999,,Albany-Schenectady-Troy  NY MSA ,91,91,14631,1,2,40,0,0,0,3,66,3360,83,83,13566,1,2,40,0,0,0,1,48,2400
200102,0200,9999,,Albuquerque  NM MSA ,402,402,38079,0,0,0,0,0,0,0,0,0,372,372,35022,0,0,0,0,0,0,0,0,0
200102,0220,9999,,Alexandria  LA MSA ,32,32,3133,0,0,0,0,0,0,0,0,0,8,8,613,0,0,0,0,0,0,0,0,0
200102,0240,9999,,Allentown-Bethlehem-Easton  PA MSA ,127,127,15929,0,0,0,2,7,328,1,5,150,116,116,14389,0,0,0,0,0,0,0,0,0
200102,0280,9999,,Altoona  PA MSA ,3,3,314,0,0,0,0,0,0,0,0,0,3,3,314,0,0,0,0,0,0,0,0,0
200102,0320,9999,,Amarillo  TX MSA ,49,49,6142,0,0,0,0,0,0,1,224,9413,49,49,6142,0,0,0,0,0,0,1,224,9413
200102,0380,9999,,Anchorage  AK MSA ,75,75,15410,24,48,4943,4,16,1970,0,0,0,75,75,15410,24,48,4943,4,16,1970,0,0,0
200102,0450,9999,,Anniston  AL MSA ,13,13,1098,0,0,0,0,0,0,1,5,229,3,3,200,0,0,0,0,0,0,0,0,0
200102,0460,9999,,Appleton-Oshkosh-Neenah  WI MSA ,105,105,14203,5,10,812,0,0,0,2,23,799,87,87,11581,4,8,702,0,0,0,0,0,0
200102,0480,9999,,Asheville  NC MSA ,92,92,16094,2,4,422,1,4,412,2,16,770,92,92,16094,2,4,422,1,4,412,2,16,770
200102,0500,9999,,Athens  GA MSA ,89,89,13122,7,14,659,0,0,0,0,0,0,76,76,11662,7,14,659,0,0,0,0,0,0
200102,0520,9999,,Atlanta  GA MSA ,4162,4162,447009,10,20,1190,2,8,226,44,1726,97895,3944,3944,422266,10,20,1190,2,8,226,42,1709,96952
200102,0580,9999,,Auburn-Opelika  AL MSA ,21,21,2578,2,4,212,0,0,0,0,0,0,21,21,2578,2,4,212,0,0,0,0,0,0
200102,0600,9999,,Augusta-Aiken  GA-SC MSA ,169,169,20783,0,0,0,0,0,0,8,64,3334,143,143,17852,0,0,0,0,0,0,8,64,3334
200102,0640,9999,,Austin-San Marcos  TX MSA ,477,477,64611,4,8,534,1,3,153,34,659,20109,420,420,56850,3,6,367,0,0,0,33,648,19627
200102,0680,9999,,Bakersfield  CA MSA ,190,190,24145,0,0,0,1,4,235,0,0,0,51,51,8214,0,0,0,0,0,0,0,0,0
200102,0730,9999,,Bangor  ME MSA ,7,7,776,0,0,0,0,0,0,0,0,0,5,5,578,0,0,0,0,0,0,0,0,0
200102,0740,9999,,Barnstable-Yarmouth  MA MSA ,75,75,16444,1,2,199,0,0,0,0,0,0,63,63,14176,1,2,199,0,0,0,0,0,0
200102,0760,9999,,Baton Rouge  LA MSA ,88,88,8993,1,2,122,0,0,0,0,0,0,88,88,8993,1,2,122,0,0,0,0,0,0
200102,0840,9999,,Beaumont-Port Arthur  TX MSA ,33,33,3591,0,0,0,0,0,0,0,0,0,33,33,3591,0,0,0,0,0,0,0,0,0
200102,0860,9999,,Bellingham  WA MSA ,66,66,9435,3,6,562,1,3,242,2,31,1632,41,41,5939,1,2,140,0,0,0,0,0,0
200102,0870,9999,,Benton Harbor  MI MSA ,9,9,1351,0,0,0,0,0,0,0,0,0,9,9,1351,0,0,0,0,0,0,0,0,0
200102,0880,9999,,Billings  MT MSA ,38,38,4052,0,0,0,0,0,0,0,0,0,38,38,4052,0,0,0,0,0,0,0,0,0
200102,0920,9999,,Biloxi-Gulfport-Pascagoula  MS MSA ,154,154,15656,0,0,0,1,4,252,0,0,0,144,144,14296,0,0,0,1,4,252,0,0,0
200102,0960,9999,,Binghamton  NY MSA ,7,7,1054,0,0,0,0,0,0,0,0,0,7,7,1054,0,0,0,0,0,0,0,0,0
200102,1000,9999,,Birmingham  AL MSA ,304,304,43478,0,0,0,0,0,0,0,0,0,193,193,28673,0,0,0,0,0,0,0,0,0
200102,1010,9999,,Bismarck  ND MSA ,18,18,2539,1,2,272,0,0,0,1,5,136,0,0,0,0,0,0,0,0,0,0,0,0
200102,1020,9999,,Bloomington  IN MSA ,31,31,4273,1,2,165,0,0,0,3,60,3281,31,31,4273,1,2,165,0,0,0,3,60,3281
200102,1040,9999,,Bloomington-Normal  IL MSA ,41,41,5258,0,0,0,0,0,0,0,0,0,41,41,5258,0,0,0,0,0,0,0,0,0
200102,1080,9999,,Boise City  ID MSA ,364,364,52622,2,4,268,0,0,0,8,120,6113,301,301,44750,2,4,268,0,0,0,8,120,6113
200102,1122,1120,,Boston  MA-NH PMSA ,339,339,64189,19,38,3093,6,18,1667,14,302,27911,271,271,53124,15,30,2446,5,15,1300,10,262,25254
200102,1122,1200,,Brockton  MA PMSA ,52,52,6479,0,0,0,0,0,0,0,0,0,46,46,5828,0,0,0,0,0,0,0,0,0
200102,1122,2600,,Fitchburg-Leominster  MA PMSA ,27,27,3038,0,0,0,0,0,0,0,0,0,19,19,2261,0,0,0,0,0,0,0,0,0
200102,1122,4160,,Lawrence  MA-NH PMSA ,98,98,16906,2,4,240,0,0,0,0,0,0,66,66,12292,2,4,240,0,0,0,0,0,0
200102,1122,4560,,Lowell  MA-NH PMSA ,29,29,3807,2,4,270,0,0,0,0,0,0,24,24,2932,2,4,270,0,0,0,0,0,0
200102,1122,4760,,Manchester  NH PMSA ,59,59,11395,0,0,0,0,0,0,0,0,0,59,59,11395,0,0,0,0,0,0,0,0,0
200102,1122,5350,,Nashua  NH PMSA ,73,73,8340,1,2,120,0,0,0,2,13,880,52,52,5578,1,2,120,0,0,0,0,0,0
200102,1122,5400,,New Bedford  MA PMSA ,25,25,2948,0,0,0,0,0,0,0,0,0,18,18,1991,0,0,0,0,0,0,0,0,0
200102,1122,6450,,Portsmouth-Rochester  NH-ME PMSA ,56,56,10521,0,0,0,6,24,816,0,0,0,42,42,8474,0,0,0,6,24,816,0,0,0
200102,1122,9240,,Worcester  MA-CT PMSA ,101,101,15590,1,2,213,0,0,0,1,110,8500,87,87,13589,0,0,0,0,0,0,1,110,8500
200102,1240,9999,,Brownsville-Harlingen-San Benito  TX MSA ,136,136,9008,3,6,236,5,19,660,1,7,276,0,0,0,0,0,0,0,0,0,0,0,0
200102,1260,9999,,Bryan-College Station  TX MSA ,92,92,9168,1,2,125,0,0,0,0,0,0,92,92,9168,1,2,125,0,0,0,0,0,0
200102,1280,9999,,Buffalo-Niagara Falls  NY MSA ,90,90,12649,0,0,0,0,0,0,8,124,9600,84,84,12170,0,0,0,0,0,0,7,96,9000
200102,1305,9999,,Burlington  VT MSA ,46,46,6261,0,0,0,0,0,0,0,0,0,35,35,4577,0,0,0,0,0,0,0,0,0
200102,1320,9999,,Canton-Massillon  OH MSA ,57,57,8904,2,4,407,0,0,0,0,0,0,0,0,0,0,0,0,0,0,0,0,0,0
200102,1350,9999,,Casper  WY MSA ,4,4,745,0,0,0,0,0,0,0,0,0,4,4,745,0,0,0,0,0,0,0,0,0
200102,1360,9999,,Cedar Rapids  IA MSA ,32,32,3792,0,0,0,1,4,242,3,29,1516,23,23,2809,0,0,0,1,4,242,2,24,1244
200102,1400,9999,,Champaign-Urbana  IL MSA ,13,13,2555,0,0,0,0,0,0,0,0,0,13,13,2555,0,0,0,0,0,0,0,0,0
200102,1440,9999,,Charleston-North Charleston  SC MSA ,314,314,42061,0,0,0,1,3,200,4,75,4444,257,257,35969,0,0,0,0,0,0,2,11,882
200102,1480,9999,,Charleston  WV MSA ,29,29,3812,0,0,0,0,0,0,0,0,0,11,11,1815,0,0,0,0,0,0,0,0,0
200102,1520,9999,,Charlotte-Gastonia-Rock Hill  NC-SC MSA ,1305,1305,156107,12,24,1151,3,10,636,19,133,6620,1247,1247,149345,11,22,1080,3,10,636,18,125,6511
200102,1540,9999,,Charlottesville  VA MSA ,85,85,12307,0,0,0,0,0,0,0,0,0,66,66,10700,0,0,0,0,0,0,0,0,0
200102,1560,9999,,Chattanooga  TN-GA MSA ,145,145,16942,2,4,150,0,0,0,17,341,16088,131,131,15442,2,4,150,0,0,0,16,336,15840
200102,1580,9999,,Cheyenne  WY MSA ,16,16,2090,0,0,0,0,0,0,0,0,0,16,16,2090,0,0,0,0,0,0,0,0,0
200102,1602,1600,,Chicago  IL PMSA ,1652,1652,268684,10,20,1803,32,104,7903,20,568,34861,1394,1394,231498,8,16,1300,31,101,7795,15,536,31637
200102,1602,2960,,Gary  IN PMSA ,113,113,16460,4,8,280,0,0,0,0,0,0,99,99,13844,4,8,280,0,0,0,0,0,0
200102,1602,3740,,Kankakee  IL PMSA ,16,16,1734,1,2,181,0,0,0,0,0,0,13,13,1441,1,2,181,0,0,0,0,0,0
200102,1602,3800,,Kenosha  WI PMSA ,48,48,6440,0,0,0,2,7,650,1,6,507,44,44,5898,0,0,0,2,7,650,1,6,507
200102,1620,9999,,Chico-Paradise  CA MSA ,55,55,6887,0,0,0,0,0,0,0,0,0,55,55,6887,0,0,0,0,0,0,0,0,0
200102,1642,1640,,Cincinnati  OH-KY-IN PMSA ,574,574,71158,3,6,414,0,0,0,6,49,2295,387,387,52878,2,4,296,0,0,0,3,30,1640
200102,1642,3200,,Hamilton-Middletown  OH PMSA ,158,158,18224,0,0,0,0,0,0,0,0,0,152,152,17575,0,0,0,0,0,0,0,0,0
200102,1660,9999,,Clarksville-Hopkinsville  TN-KY MSA ,94,94,6225,0,0,0,3,12,437,0,0,0,94,94,6225,0,0,0,3,12,437,0,0,0
200102,1692,0080,,Akron  OH PMSA ,149,149,25096,2,4,270,0,0,0,1,5,171,120,120,21714,1,2,150,0,0,0,0,0,0
200102,1692,1680,,Cleveland-Lorain-Elyria  OH PMSA ,414,414,78235,1,2,160,1,4,182,1,23,958,335,335,66713,1,2,160,0,0,0,0,0,0
200102,1720,9999,,Colorado Springs  CO MSA ,380,380,44601,0,0,0,0,0,0,41,585,48623,380,380,44601,0,0,0,0,0,0,41,585,48623
200102,1740,9999,,Columbia  MO MSA ,57,57,7971,1,2,185,4,16,1400,1,8,550,57,57,7971,1,2,185,4,16,1400,1,8,550
200102,1760,9999,,Columbia  SC MSA ,337,337,31644,0,0,0,0,0,0,0,0,0,337,337,31644,0,0,0,0,0,0,0,0,0
200102,1800,9999,,Columbus  GA-AL MSA ,98,98,11996,4,8,326,0,0,0,0,0,0,98,98,11996,4,8,326,0,0,0,0,0,0
200102,1840,9999,,Columbus  OH MSA ,522,522,73005,1,2,200,6,20,1515,22,353,13608,244,244,38206,0,0,0,1,3,350,0,0,0
200102,1880,9999,,Corpus Christi  TX MSA ,43,43,4641,1,2,136,1,3,180,0,0,0,43,43,4641,1,2,136,1,3,180,0,0,0
200102,1890,9999,,Corvallis OR MSA ,20,20,3589,0,0,0,0,0,0,0,0,0,20,20,3589,0,0,0,0,0,0,0,0,0
200102,1900,9999,,Cumberland  MD-WV MSA ,8,8,656,0,0,0,0,0,0,0,0,0,8,8,656,0,0,0,0,0,0,0,0,0
200102,1922,1920,,Dallas  TX PMSA ,2020,2020,317581,2,4,308,2,7,444,10,262,10164,1966,1966,307234,1,2,219,2,7,444,10,262,10164
200102,1922,2800,,Fort Worth-Arlington  TX PMSA ,913,913,120156,12,24,1481,9,36,2058,2,12,427,765,765,96902,9,18,1111,9,36,2058,1,6,209
200102,1950,9999,,Danville  VA MSA ,24,24,2254,0,0,0,0,0,0,0,0,0,3,3,220,0,0,0,0,0,0,0,0,0
200102,1960,9999,,Davenport-Moline-Rock Island  IA-IL MSA ,26,26,4364,1,2,166,0,0,0,2,24,1500,25,25,4216,1,2,166,0,0,0,2,24,1500
200102,2000,9999,,Dayton-Springfield  OH MSA ,109,109,15503,1,2,136,2,7,534,11,114,7039,96,96,13780,1,2,136,1,4,303,11,114,7039
200102,2020,9999,,Daytona Beach  FL MSA ,340,340,39853,1,2,98,4,13,647,1,35,3075,339,339,39647,1,2,98,4,13,647,1,35,3075
200102,2030,9999,,Decatur  Al MSA ,22,22,2642,0,0,0,0,0,0,0,0,0,22,22,2642,0,0,0,0,0,0,0,0,0
200102,2040,9999,,Decatur  IL MSA ,4,4,334,0,0,0,0,0,0,0,0,0,4,4,334,0,0,0,0,0,0,0,0,0
200102,2082,1125,,Boulder-Longmont  CO PMSA ,204,204,30703,1,2,146,0,0,0,0,0,0,204,204,30703,1,2,146,0,0,0,0,0,0
200102,2082,2080,,Denver  CO PMSA ,1192,1192,164995,5,10,827,4,13,1133,13,213,19873,1000,1000,143799,3,6,616,4,13,1133,6,130,14132
200102,2082,3060,,Greeley  CO PMSA ,356,356,50686,1,2,110,0,0,0,0,0,0,317,317,46928,1,2,110,0,0,0,0,0,0
200102,2120,9999,,Des Moines  IA MSA ,85,85,12589,0,0,0,4,16,1103,1,5,232,74,74,10937,0,0,0,4,16,1103,0,0,0
200102,2162,0440,,Ann Arbor  MI PMSA ,252,252,35078,1,2,390,2,6,360,1,5,671,212,212,29796,0,0,0,0,0,0,0,0,0
200102,2162,2160,,Detroit  MI PMSA ,778,778,113997,17,34,2705,14,51,5397,10,225,11961,678,678,102060,15,30,2428,14,51,5397,8,215,11649
200102,2162,2640,,Flint  MI PMSA ,120,120,15654,0,0,0,2,8,977,13,228,9726,105,105,13278,0,0,0,2,8,977,12,220,9419
200102,2180,9999,,Dothan  AL MSA ,30,30,1868,0,0,0,1,3,123,1,5,220,5,5,444,0,0,0,0,0,0,0,0,0
200102,2190,9999,,Dover  DE MSA ,48,48,4047,0,0,0,0,0,0,0,0,0,48,48,4047,0,0,0,0,0,0,0,0,0
200102,2200,9999,,Dubuque  IA MSA ,11,11,1550,0,0,0,1,4,271,0,0,0,3,3,385,0,0,0,1,4,271,0,0,0
200102,2240,9999,,Duluth-Superior  MN-WI MSA ,25,25,3290,1,2,80,0,0,0,1,11,547,18,18,2491,1,2,80,0,0,0,0,0,0
200102,2290,9999,,Eau Claire  WI MSA ,21,21,2779,0,0,0,0,0,0,0,0,0,20,20,2710,0,0,0,0,0,0,0,0,0
200102,2320,9999,,El Paso  TX MSA ,178,178,11296,0,0,0,0,0,0,0,0,0,178,178,11296,0,0,0,0,0,0,0,0,0
200102,2330,9999,,Elkhart-Goshen  IN MSA ,58,58,7009,0,0,0,0,0,0,0,0,0,56,56,6819,0,0,0,0,0,0,0,0,0
200102,2335,9999,,Elmira  NY MSA ,2,2,243,0,0,0,0,0,0,1,20,845,0,0,0,0,0,0,0,0,0,0,0,0
200102,2340,9999,,Enid  OK MSA ,4,4,570,0,0,0,0,0,0,0,0,0,4,4,570,0,0,0,0,0,0,0,0,0
200102,2360,9999,,Erie  PA MSA ,19,19,2457,0,0,0,0,0,0,1,6,371,19,19,2457,0,0,0,0,0,0,1,6,371
200102,2400,9999,,Eugene-Springfield  OR MSA ,98,98,14499,3,6,438,0,0,0,0,0,0,79,79,12178,1,2,140,0,0,0,0,0,0
200102,2440,9999,,Evansville-Henderson  IN-KY MSA ,90,90,10620,3,6,689,1,3,70,0,0,0,90,90,10620,3,6,689,1,3,70,0,0,0
200102,2520,9999,,Fargo-Moorhead  ND-MN MSA ,7,7,1421,0,0,0,0,0,0,0,0,0,6,6,1309,0,0,0,0,0,0,0,0,0
200102,2560,9999,,Fayetteville  NC MSA ,91,91,9299,0,0,0,2,8,390,4,40,1517,91,91,9299,0,0,0,2,8,390,4,40,1517
200102,2580,9999,,Fayetteville-Springdale-Rogers  AR MSA ,152,152,19315,1,2,183,0,0,0,0,0,0,135,135,17824,1,2,183,0,0,0,0,0,0
200102,2620,9999,,Flagstaff  AZ-UT MSA ,58,58,8253,1,2,111,0,0,0,2,16,1230,57,57,8196,1,2,111,0,0,0,2,16,1230
200102,2650,9999,,Florence  AL MSA ,7,7,808,0,0,0,0,0,0,1,5,149,7,7,808,0,0,0,0,0,0,1,5,149
200102,2655,9999,,Florence  SC MSA ,42,42,3648,0,0,0,0,0,0,1,6,261,0,0,0,0,0,0,0,0,0,0,0,0
200102,2670,9999,,Fort Collins-Loveland  CO MSA ,187,187,25443,1,2,159,2,7,526,6,58,3095,5,5,1098,0,0,0,0,0,0,0,0,0
200102,2700,9999,,Fort Myers-Cape Coral  FL MSA ,421,421,69159,24,48,5110,16,63,9315,25,472,41489,285,285,58343,21,42,4790,16,63,9315,24,461,41112
200102,2710,9999,,Fort Pierce-Port St. Lucie  FL MSA ,141,141,20790,0,0,0,1,4,582,0,0,0,141,141,20790,0,0,0,1,4,582,0,0,0
200102,2720,9999,,Fort Smith  AR-OK MSA ,27,27,3561,2,4,338,0,0,0,0,0,0,27,27,3561,2,4,338,0,0,0,0,0,0
200102,2750,9999,,Fort Walton Beach  FL MSA ,104,104,10129,0,0,0,1,3,102,2,17,780,32,32,4184,0,0,0,0,0,0,1,8,200
200102,2760,9999,,Fort Wayne  IN MSA ,158,158,22436,2,4,240,0,0,0,0,0,0,158,158,22436,2,4,240,0,0,0,0,0,0
200102,2840,9999,,Fresno  CA MSA ,259,259,38924,5,10,901,21,68,6149,0,0,0,243,243,37396,5,10,901,21,68,6149,0,0,0
200102,2880,9999,,Gadsden  AL MSA ,5,5,502,0,0,0,0,0,0,0,0,0,2,2,144,0,0,0,0,0,0,0,0,0
200102,2900,9999,,Gainesville  FL MSA ,93,93,9056,0,0,0,0,0,0,20,378,17115,85,85,8421,0,0,0,0,0,0,20,378,17115
200102,2975,9999,,Glens Falls  NY MSA ,12,12,2477,0,0,0,0,0,0,0,0,0,6,6,1770,0,0,0,0,0,0,0,0,0
200102,2980,9999,,Goldsboro  NC MSA ,45,45,4401,0,0,0,0,0,0,0,0,0,19,19,1533,0,0,0,0,0,0,0,0,0
200102,2985,9999,,Grand Forks  ND-MN MSA ,0,0,0,0,0,0,0,0,0,0,0,0,0,0,0,0,0,0,0,0,0,0,0,0
200102,2995,9999,,Grand Junction  CO MSA ,95,95,10397,0,0,0,1,3,156,0,0,0,95,95,10397,0,0,0,1,3,156,0,0,0
200102,3000,9999,,Grand Rapids-Muskegon-Holland  MI MSA ,330,330,44351,1,2,300,1,3,240,3,71,5253,234,234,32860,1,2,300,0,0,0,1,54,4612
200102,3040,9999,,Great Falls  MT MSA ,2,2,296,0,0,0,0,0,0,0,0,0,2,2,296,0,0,0,0,0,0,0,0,0
200102,3080,9999,,Green Bay  WI MSA ,76,76,10869,7,14,1007,0,0,0,1,5,215,69,69,10004,6,12,863,0,0,0,0,0,0
200102,3120,9999,,Greensboro--Winston-Salem--High Point  NC MSA ,683,683,77912,0,0,0,1,4,202,13,100,5437,678,678,77287,0,0,0,1,4,202,13,100,5437
200102,3150,9999,,Greenville  NC MSA ,50,50,6567,1,2,152,0,0,0,0,0,0,22,22,2714,0,0,0,0,0,0,0,0,0
200102,3160,9999,,Greenville-Spartanburg-Anderson  SC MSA ,539,539,55914,26,52,2137,0,0,0,3,35,2128,401,401,43732,23,46,1932,0,0,0,1,16,1205
200102,3240,9999,,Harrisburg-Lebanon-Carlisle  PA MSA ,91,91,11538,1,2,230,2,7,759,0,0,0,90,90,11141,1,2,230,2,7,759,0,0,0
200102,3280,9999,,Hartford  CT MSA ,133,133,17332,1,2,100,0,0,0,2,21,711,113,113,15355,0,0,0,0,0,0,1,13,624
200102,3285,9999,,Hattiesburg  MS MSA ,6,6,891,0,0,0,0,0,0,0,0,0,0,0,0,0,0,0,0,0,0,0,0,0
200102,3290,9999,,Hickory-Morganton-Lenoir  NC MSA ,136,136,16699,4,8,1334,0,0,0,0,0,0,136,136,16699,4,8,1334,0,0,0,0,0,0
200102,3320,9999,,Honolulu  HI MSA ,161,161,25274,0,0,0,0,0,0,4,23,1822,161,161,25274,0,0,0,0,0,0,4,23,1822
200102,3350,9999,,Houma  LA MSA ,61,61,6176,0,0,0,0,0,0,0,0,0,36,36,2938,0,0,0,0,0,0,0,0,0
200102,3362,1145,,Brazoria  TX PMSA ,217,217,32883,0,0,0,0,0,0,0,0,0,216,216,32795,0,0,0,0,0,0,0,0,0
200102,3362,2920,,Galveston-Texas City  TX PMSA ,176,176,25460,0,0,0,0,0,0,0,0,0,176,176,25460,0,0,0,0,0,0,0,0,0
200102,3362,3360,,Houston  TX PMSA ,1888,1888,251892,1,2,122,0,0,0,23,287,14939,1868,1868,246414,1,2,122,0,0,0,22,282,14689
200102,3400,9999,,Huntington-Ashland  WV-KY-OH MSA ,3,3,264,0,0,0,0,0,0,0,0,0,3,3,264,0,0,0,0,0,0,0,0,0
200102,3440,9999,,Huntsville  AL MSA ,69,69,4174,0,0,0,0,0,0,3,35,563,33,33,2679,0,0,0,0,0,0,3,35,563
200102,3480,9999,,Indianapolis  IN MSA ,1017,1017,157745,17,34,2741,3,12,902,6,61,2864,990,990,154506,17,34,2741,3,12,902,6,61,2864
200102,3500,9999,,Iowa City  IA MSA ,10,10,1539,1,2,204,0,0,0,1,30,1180,10,10,1539,1,2,204,0,0,0,1,30,1180
200102,3520,9999,,Jackson  MI MSA ,10,10,1395,0,0,0,0,0,0,0,0,0,9,9,1286,0,0,0,0,0,0,0,0,0
200102,3560,9999,,Jackson  MS MSA ,212,212,22369,1,2,135,0,0,0,7,79,2967,177,177,18269,0,0,0,0,0,0,0,0,0
200102,3580,9999,,Jackson  TN MSA ,48,48,4962,0,0,0,0,0,0,0,0,0,48,48,4962,0,0,0,0,0,0,0,0,0
200102,3600,9999,,Jacksonville  FL MSA ,623,623,81166,2,4,272,0,0,0,5,64,3777,618,618,80607,1,2,150,0,0,0,2,16,1652
200102,3605,9999,,Jacksonville  NC MSA ,54,54,4501,0,0,0,2,8,413,0,0,0,54,54,4501,0,0,0,2,8,413,0,0,0
200102,3610,9999,,Jamestown  NY MSA ,0,0,0,0,0,0,0,0,0,0,0,0,0,0,0,0,0,0,0,0,0,0,0,0
200102,3620,9999,,Janesville-Beloit  WI MSA ,19,19,2637,2,4,457,0,0,0,1,5,175,19,19,2637,2,4,457,0,0,0,0,0,0
200102,3660,9999,,Johnson City-Kingsport-Bristol  TN-VA MSA ,58,58,6274,0,0,0,0,0,0,1,5,198,31,31,3375,0,0,0,0,0,0,0,0,0
200102,3680,9999,,Johnstown  PA MSA ,2,2,200,0,0,0,0,0,0,0,0,0,1,1,150,0,0,0,0,0,0,0,0,0
200102,3700,9999,,Jonesboro  AR MSA ,9,9,953,1,2,94,1,4,196,0,0,0,9,9,953,1,2,94,1,4,196,0,0,0
200102,3710,9999,,Joplin  MO MSA ,16,16,1465,0,0,0,0,0,0,0,0,0,16,16,1465,0,0,0,0,0,0,0,0,0
200102,3720,9999,,Kalamazoo-Battle Creek  MI MSA ,66,66,10826,1,2,130,0,0,0,1,7,176,43,43,7959,1,2,130,0,0,0,0,0,0
200102,3760,9999,,Kansas City  MO-KS MSA ,570,570,83126,12,24,2269,3,10,843,19,794,33032,535,535,78895,11,22,2141,3,10,843,19,794,33032
200102,3810,9999,,Killeen-Temple  TX MSA ,128,128,15205,8,16,921,17,68,3166,1,16,467,128,128,15205,8,16,921,17,68,3166,1,16,467
200102,3840,9999,,Knoxville  TN MSA ,221,221,25540,2,4,349,3,11,660,6,106,3144,183,183,22746,1,2,284,2,8,520,4,76,2540
200102,3850,9999,,Kokomo  IN MSA ,25,25,2907,2,4,670,0,0,0,0,0,0,25,25,2907,2,4,670,0,0,0,0,0,0
200102,3870,9999,,La Crosse  WI-MN MSA ,16,16,2153,0,0,0,10,40,1800,0,0,0,16,16,2153,0,0,0,10,40,1800,0,0,0
200102,3880,9999,,Lafayette  LA MSA ,75,75,8879,0,0,0,0,0,0,0,0,0,75,75,8879,0,0,0,0,0,0,0,0,0
200102,3920,9999,,Lafayette  IN MSA ,59,59,6900,1,2,110,2,8,480,1,7,269,59,59,6900,1,2,110,2,8,480,1,7,269
200102,3960,9999,,Lake Charles  LA MSA ,73,73,6246,0,0,0,0,0,0,0,0,0,69,69,5727,0,0,0,0,0,0,0,0,0
200102,3980,9999,,Lakeland-Winter Haven  FL MSA ,283,283,32266,5,10,612,0,0,0,0,0,0,283,283,32266,5,10,612,0,0,0,0,0,0
200102,4000,9999,,Lancaster  PA MSA ,71,71,10957,0,0,0,1,3,180,0,0,0,68,68,10646,0,0,0,0,0,0,0,0,0
200102,4040,9999,,Lansing-East Lansing  MI MSA ,76,76,10446,1,2,142,0,0,0,4,44,2181,75,75,10325,1,2,142,0,0,0,4,44,2181
200102,4080,9999,,Laredo  TX MSA ,105,105,6829,0,0,0,0,0,0,1,18,733,0,0,0,0,0,0,0,0,0,0,0,0
200102,4100,9999,,Las Cruces  NM MSA ,54,54,4884,1,2,50,0,0,0,0,0,0,49,49,4450,1,2,50,0,0,0,0,0,0
200102,4120,9999,,Las Vegas  NV-AZ MSA ,1665,1665,184111,3,6,297,0,0,0,45,713,38893,1601,1601,178363,2,4,186,0,0,0,45,713,38893
200102,4150,9999,,Lawrence  KS MSA ,25,25,3479,27,54,4576,0,0,0,0,0,0,25,25,3479,27,54,4576,0,0,0,0,0,0
200102,4200,9999,,Lawton  OK MSA ,10,10,1176,0,0,0,0,0,0,0,0,0,0,0,0,0,0,0,0,0,0,0,0,0
200102,4240,9999,,Lewiston-Auburn  ME MSA ,5,5,686,0,0,0,0,0,0,0,0,0,4,4,590,0,0,0,0,0,0,0,0,0
200102,4280,9999,,Lexington  KY MSA ,204,204,25351,1,2,120,5,19,2595,0,0,0,176,176,22097,1,2,120,5,19,2595,0,0,0
200102,4320,9999,,Lima  OH MSA ,3,3,479,0,0,0,0,0,0,0,0,0,3,3,479,0,0,0,0,0,0,0,0,0
200102,4360,9999,,Lincoln  NE MSA ,61,61,8433,1,2,115,0,0,0,2,29,889,0,0,0,0,0,0,0,0,0,0,0,0
200102,4400,9999,,Little Rock-North Little Rock  AR MSA ,164,164,24397,0,0,0,1,4,282,0,0,0,164,164,24397,0,0,0,1,4,282,0,0,0
200102,4420,9999,,Longview-Marshall  TX MSA ,18,18,2138,0,0,0,0,0,0,0,0,0,18,18,2138,0,0,0,0,0,0,0,0,0
200102,4472,4480,,Los Angeles-Long Beach  CA PMSA ,474,474,92100,3,6,494,9,28,2343,12,246,23969,419,419,80971,2,4,386,8,25,2029,6,209,21440
200102,4472,5945,,Orange County  CA PMSA ,304,304,70959,6,12,1760,3,11,1412,5,28,2709,302,302,70118,6,12,1760,3,11,1412,5,28,2709
200102,4472,6780,,Riverside-San Bernardino  CA PMSA ,1591,1591,263971,2,4,328,2,8,81,7,72,4538,1520,1520,252508,1,2,137,2,8,81,6,64,3974
200102,4472,8735,,Ventura  CA PMSA ,167,167,39122,0,0,0,0,0,0,0,0,0,164,164,38326,0,0,0,0,0,0,0,0,0
200102,4520,9999,,Louisville  KY-IN MSA ,468,468,54294,1,2,116,0,0,0,13,178,10706,433,433,51273,0,0,0,0,0,0,11,168,10107
200102,4600,9999,,Lubbock  TX MSA ,91,91,9973,6,12,846,0,0,0,0,0,0,91,91,9973,6,12,846,0,0,0,0,0,0
200102,4640,9999,,Lynchburg  VA MSA ,87,87,11025,13,26,1525,0,0,0,0,0,0,87,87,11025,13,26,1525,0,0,0,0,0,0
200102,4680,9999,,Macon  GA MSA ,138,138,13362,0,0,0,0,0,0,0,0,0,138,138,13362,0,0,0,0,0,0,0,0,0
200102,4720,9999,,Madison  WI MSA ,155,155,27010,8,16,1863,4,15,1293,5,238,17456,142,142,25073,6,12,1436,2,7,660,3,226,16900
200102,4800,9999,,Mansfield  OH MSA ,11,11,1772,0,0,0,0,0,0,1,10,320,9,9,1602,0,0,0,0,0,0,0,0,0
200102,4880,9999,,McAllen-Edinburg-Mission  TX MSA ,380,380,22329,3,6,346,7,25,726,3,18,512,98,98,4470,0,0,0,1,4,95,1,6,151
200102,4890,9999,,Medford-Ashland  OR MSA ,77,77,10192,2,4,391,1,4,233,3,21,1693,63,63,8306,2,4,391,1,4,233,2,16,1199
200102,4900,9999,,Melbourne-Titusville-Palm Bay  FL MSA ,270,270,36681,3,6,347,0,0,0,1,5,808,269,269,36599,2,4,240,0,0,0,0,0,0
200102,4920,9999,,Memphis  TN-AR-MS MSA ,356,356,43498,79,158,9674,0,0,0,1,80,4167,343,343,42133,79,158,9674,0,0,0,1,80,4167
200102,4940,9999,,Merced  CA MSA ,73,73,10227,0,0,0,0,0,0,0,0,0,73,73,10227,0,0,0,0,0,0,0,0,0
200102,4992,2680,,Fort Lauderdale  FL PMSA ,600,600,83575,2,4,245,2,8,509,0,0,0,600,600,83575,2,4,245,2,8,509,0,0,0
200102,4992,5000,,Miami  FL PMSA ,676,676,69745,6,12,708,17,65,4668,35,236,25830,675,675,69363,6,12,708,17,65,4668,35,236,25830
200102,5082,5080,,Milwaukee-Waukesha  WI PMSA ,212,212,39456,7,14,1157,0,0,0,10,76,4265,175,175,32743,6,12,986,0,0,0,8,56,3364
200102,5082,6600,,Racine  WI PMSA ,51,51,7695,2,4,436,1,3,61,1,7,242,46,46,7099,1,2,300,0,0,0,0,0,0
200102,5120,9999,,Minneapolis-St. Paul  MN-WI MSA ,883,883,155069,9,18,2483,18,69,7039,14,169,14535,820,820,145295,8,16,2222,17,66,6954,12,159,13983
200102,5140,9999,,Missoula  MT MSA ,7,7,1040,0,0,0,0,0,0,6,80,3310,7,7,1040,0,0,0,0,0,0,6,80,3310
200102,5160,9999,,Mobile  AL MSA ,262,262,28909,3,6,724,0,0,0,2,13,315,140,140,18130,3,6,724,0,0,0,0,0,0
200102,5170,9999,,Modesto  CA MSA ,191,191,28203,1,2,181,0,0,0,0,0,0,181,181,27004,1,2,181,0,0,0,0,0,0
200102,5200,9999,,Monroe  LA MSA ,25,25,3072,0,0,0,0,0,0,0,0,0,25,25,3072,0,0,0,0,0,0,0,0,0
200102,5240,9999,,Montgomery  AL MSA ,92,92,10497,0,0,0,0,0,0,0,0,0,92,92,10497,0,0,0,0,0,0,0,0,0
200102,5280,9999,,Muncie  IN MSA ,10,10,1603,0,0,0,0,0,0,0,0,0,0,0,0,0,0,0,0,0,0,0,0,0
200102,5330,9999,,Myrtle Beach  SC MSA ,148,148,17252,1,2,186,0,0,0,3,22,1211,148,148,17252,1,2,186,0,0,0,3,22,1211
200102,5345,9999,,Naples  FL MSA ,290,290,49516,6,12,1104,17,68,7623,13,200,16796,290,290,49516,6,12,1104,17,68,7623,13,200,16796
200102,5360,9999,,Nashville  TN MSA ,804,804,110542,2,4,339,7,28,1260,1,7,284,715,715,95503,2,4,339,7,28,1260,0,0,0
200102,5520,9999,,New London-Norwich  CT-RI MSA ,51,51,6990,0,0,0,0,0,0,0,0,0,35,35,4954,0,0,0,0,0,0,0,0,0
200102,5560,9999,,New Orleans  LA MSA ,224,224,28896,5,10,659,0,0,0,1,12,612,218,218,27829,4,8,491,0,0,0,0,0,0
200102,5602,0875,,Bergen-Passaic  NJ PMSA ,72,72,14646,5,10,984,4,13,614,3,37,4054,37,37,9080,3,6,637,4,13,614,0,0,1871
200102,5602,1160,,Bridgeport  CT PMSA ,57,57,7648,0,0,0,0,0,0,0,0,0,52,52,6729,0,0,0,0,0,0,0,0,0
200102,5602,1930,,Danbury  CT PMSA ,42,42,9985,1,2,132,1,3,224,0,0,0,37,37,8490,1,2,132,1,3,224,0,0,0
200102,5602,2281,,Dutchess County  NY PMSA ,43,43,6943,0,0,0,0,0,0,2,16,774,14,14,2715,0,0,0,0,0,0,0,0,0
200102,5602,3640,,Jersey City  NJ PMSA ,2,2,203,3,6,346,2,6,230,2,57,3284,2,2,203,0,0,0,2,6,230,0,0,0
200102,5602,5015,,Middlesex-Somerset-Hunterdon  NJ PMSA ,209,209,24099,0,0,0,1,3,28,2,54,1773,142,142,16277,0,0,0,0,0,0,0,0,0
200102,5602,5190,,Monmouth-Ocean  NJ PMSA ,337,337,39680,0,0,0,0,0,0,1,11,344,222,222,27539,0,0,0,0,0,0,0,0,0
200102,5602,5380,,Nassau-Suffolk  NY PMSA ,230,230,39386,2,4,231,2,8,790,8,128,3894,175,175,32697,0,0,0,0,0,0,7,122,2907
200102,5602,5480,,New Haven-Meriden  CT PMSA ,45,45,7051,0,0,0,0,0,0,2,33,1427,31,31,5357,0,0,0,0,0,0,0,0,0
200102,5602,5600,,New York  NY PMSA ,169,169,31422,142,284,18736,44,139,10678,24,1751,109927,116,116,17444,138,276,18267,42,132,9985,20,1724,108148
200102,5602,5640,,Newark  NJ PMSA ,154,154,24576,15,30,1705,7,21,1567,5,67,3825,89,89,17085,14,28,1692,7,21,1567,0,0,0
200102,5602,5660,,Newburgh  NY-PA PMSA ,87,87,10545,1,2,90,0,0,0,2,24,2118,65,65,8076,0,0,0,0,0,0,0,0,0
200102,5602,8040,,Stamford-Norwalk  CT PMSA ,31,31,13289,1,2,235,0,0,0,2,243,18769,20,20,7646,1,2,235,0,0,0,2,243,18769
200102,5602,8480,,Trenton  NJ PMSA ,79,79,10885,0,0,0,0,0,0,1,12,126,70,70,9870,0,0,0,0,0,0,1,12,126
200102,5602,8880,,Waterbury  CT PMSA ,22,22,2965,0,0,0,0,0,0,0,0,0,22,22,2965,0,0,0,0,0,0,0,0,0
200102,5720,9999,,Norfolk-Virginia Beach-Newport News  VA-NC MSA ,497,497,63485,0,0,0,0,0,0,15,171,5490,381,381,52296,0,0,0,0,0,0,14,162,5465
200102,5790,9999,,Ocala  FL MSA ,225,225,21050,0,0,0,0,0,0,0,0,0,225,225,21050,0,0,0,0,0,0,0,0,0
200102,5800,9999,,Odessa-Midland  TX MSA ,18,18,2067,0,0,0,0,0,0,0,0,0,0,0,0,0,0,0,0,0,0,0,0,0
200102,5880,9999,,Oklahoma City  OK MSA ,331,331,43223,4,8,490,0,0,0,0,0,0,326,326,42625,4,8,490,0,0,0,0,0,0
200102,5920,9999,,Omaha  NE-IA MSA ,210,210,21137,0,0,0,1,3,348,0,0,0,205,205,20610,0,0,0,0,0,0,0,0,0
200102,5960,9999,,Orlando  FL MSA ,1096,1096,142785,0,0,0,3,12,528,41,588,27109,1077,1077,140405,0,0,0,3,12,528,41,588,27109
200102,5990,9999,,Owensboro  KY MSA ,42,42,3004,0,0,0,0,0,0,0,0,0,22,22,1874,0,0,0,0,0,0,0,0,0
200102,6015,9999,,Panama City  FL MSA ,79,79,9245,2,4,245,1,3,191,1,8,417,79,79,9245,2,4,245,1,3,191,1,8,417
200102,6020,9999,,Parkersburg-Marietta  WV-OH MSA ,9,9,1114,0,0,0,2,7,215,0,0,0,9,9,1114,0,0,0,2,7,215,0,0,0
200102,6080,9999,,Pensacola  FL MSA ,171,171,20048,0,0,0,0,0,0,0,0,0,171,171,20048,0,0,0,0,0,0,0,0,0
200102,6120,9999,,Peoria-Pekin  IL MSA ,56,56,6907,1,2,192,0,0,0,0,0,0,33,33,3966,0,0,0,0,0,0,0,0,0
200102,6162,0560,,Atlantic-Cape May  NJ PMSA ,143,143,14382,21,42,4132,0,0,0,1,17,605,105,105,10765,19,38,3870,0,0,0,0,0,0
200102,6162,6160,,Philadelphia  PA-NJ PMSA ,705,705,83203,3,6,520,2,7,596,7,67,3437,518,518,62507,1,2,132,1,4,298,0,0,0
200102,6162,8760,,Vineland-Millville-Bridgeton  NJ PMSA ,9,9,1093,0,0,0,0,0,0,0,0,0,8,8,994,0,0,0,0,0,0,0,0,0
200102,6162,9160,,Wilmington-Newark  DE-MD PMSA ,210,210,18293,0,0,0,0,0,0,3,26,761,31,31,3524,0,0,0,0,0,0,1,8,320
200102,6200,9999,,Phoenix-Mesa  AZ MSA ,2812,2812,376723,9,18,1737,29,113,9195,93,1281,76902,2374,2374,326121,9,18,1737,29,113,9195,91,1260,75687
200102,6240,9999,,Pine Bluff  AR MSA ,6,6,195,0,0,0,0,0,0,0,0,0,6,6,195,0,0,0,0,0,0,0,0,0
200102,6280,9999,,Pittsburgh  PA MSA ,289,289,40061,2,4,190,5,15,860,7,63,3111,189,189,27486,2,4,190,3,9,505,4,33,1799
200102,6320,9999,,Pittsfield  MA MSA ,0,0,0,0,0,0,0,0,0,0,0,0,0,0,0,0,0,0,0,0,0,0,0,0
200102,6340,9999,,Pocatello  ID MSA ,6,6,371,0,0,0,0,0,0,0,0,0,6,6,371,0,0,0,0,0,0,0,0,0
200102,6400,9999,,Portland  ME MSA ,66,66,9347,1,2,150,2,8,800,0,0,0,62,62,8866,1,2,150,2,8,800,0,0,0
200102,6442,6440,,Portland-Vancouver  OR-WA PMSA ,898,898,149291,3,6,455,10,37,2669,27,293,18849,802,802,139428,1,2,181,7,26,2079,23,254,16345
200102,6442,7080,,Salem  OR PMSA ,95,95,14270,5,10,812,0,0,0,0,0,0,73,73,11344,4,8,624,0,0,0,0,0,0
200102,6480,9999,,Providence-Fall River-Warwick  RI-MA MSA ,144,144,18796,3,6,283,1,3,359,2,15,900,123,123,16647,0,0,0,1,3,359,1,10,700
200102,6520,9999,,Provo-Orem  UT MSA ,142,142,19403,2,4,582,13,44,3245,2,24,1479,121,121,17507,1,2,418,13,44,3245,2,24,1479
200102,6560,9999,,Pueblo  CO MSA ,93,93,9580,8,16,608,0,0,0,3,24,597,93,93,9580,8,16,608,0,0,0,3,24,597
200102,6580,9999,,Punta Gorda  FL MSA ,89,89,9920,0,0,0,4,16,1111,1,5,253,20,20,2199,0,0,0,2,8,622,0,0,0
200102,6640,9999,,Raleigh-Durham-Chapel Hill  NC MSA ,1205,1205,184215,2,4,285,7,24,1812,24,482,18805,1022,1022,155531,2,4,285,3,9,380,21,446,17402
200102,6660,9999,,Rapid City  SD MSA ,22,22,2111,0,0,0,0,0,0,1,5,309,14,14,1109,0,0,0,0,0,0,0,0,0
200102,6680,9999,,Reading  PA MSA ,61,61,6977,3,6,360,0,0,0,0,0,0,56,56,6075,3,6,360,0,0,0,0,0,0
200102,6690,9999,,Redding  CA MSA ,64,64,9162,0,0,0,0,0,0,0,0,0,64,64,9162,0,0,0,0,0,0,0,0,0
200102,6720,9999,,Reno  NV MSA ,234,234,27726,1,2,100,0,0,0,6,81,3675,136,136,16191,0,0,0,0,0,0,0,0,0
200102,6740,9999,,Richland-Kennewick-Pasco  WA MSA ,65,65,9812,0,0,0,0,0,0,1,5,249,33,33,5072,0,0,0,0,0,0,0,0,0
200102,6760,9999,,Richmond-Petersburg  VA MSA ,446,446,52163,0,0,0,0,0,0,1,5,84,390,390,46816,0,0,0,0,0,0,0,0,0
200102,6800,9999,,Roanoke  VA MSA ,65,65,5479,0,0,0,0,0,0,2,48,1523,65,65,5479,0,0,0,0,0,0,2,48,1523
200102,6820,9999,,Rochester  MN MSA ,59,59,7834,0,0,0,0,0,0,0,0,0,58,58,7751,0,0,0,0,0,0,0,0,0
200102,6840,9999,,Rochester  NY MSA ,86,86,15598,0,0,0,0,0,0,2,16,840,76,76,13086,0,0,0,0,0,0,2,16,840
200102,6880,9999,,Rockford  IL MSA ,100,100,10016,1,2,140,0,0,0,0,0,0,100,100,10016,1,2,140,0,0,0,0,0,0
200102,6895,9999,,Rocky Mount  NC MSA ,27,27,2637,0,0,0,0,0,0,0,0,0,27,27,2637,0,0,0,0,0,0,0,0,0
200102,6922,6920,,Sacramento  CA PMSA ,1051,1051,179304,3,6,717,0,0,0,8,105,7929,889,889,148724,3,6,717,0,0,0,6,48,4262
200102,6922,9270,,Yolo  CA PMSA ,49,49,8084,0,0,0,0,0,0,0,0,0,49,49,8084,0,0,0,0,0,0,0,0,0
200102,6960,9999,,Saginaw-Bay City-Midland  MI MSA ,11,11,1685,2,4,346,2,8,896,1,5,328,5,5,872,2,4,346,2,8,896,0,0,0
200102,6980,9999,,St. Cloud  MN MSA ,44,44,4983,0,0,0,0,0,0,1,5,194,8,8,907,0,0,0,0,0,0,0,0,0
200102,7000,9999,,St. Joseph  MO MSA ,4,4,770,0,0,0,0,0,0,0,0,0,4,4,770,0,0,0,0,0,0,0,0,0
200102,7040,9999,,St. Louis  MO-IL MSA ,685,685,99365,5,10,556,1,3,179,5,62,9612,648,648,94591,4,8,400,0,0,0,2,40,8500
200102,7120,9999,,Salinas  CA MSA ,62,62,13202,0,0,0,0,0,0,0,0,0,60,60,13016,0,0,0,0,0,0,0,0,0
200102,7160,9999,,Salt Lake City-Ogden  UT MSA ,528,528,70067,8,16,2040,6,23,2131,8,269,17522,430,430,60138,6,12,1490,5,20,1915,7,255,16871
200102,7200,9999,,San Angelo  TX MSA ,30,30,3689,0,0,0,0,0,0,0,0,0,30,30,3689,0,0,0,0,0,0,0,0,0
200102,7240,9999,,San Antonio  TX MSA ,701,701,81494,1,2,122,0,0,0,43,591,30481,695,695,80696,1,2,122,0,0,0,42,578,30108
200102,7320,9999,,San Diego  CA MSA ,1039,1039,227063,0,0,0,15,47,5135,17,124,11399,1039,1039,227063,0,0,0,15,47,5135,17,124,11399
200102,7362,5775,,Oakland  CA PMSA ,474,474,97033,0,0,0,6,23,2950,12,81,2792,401,401,83385,0,0,0,5,20,2526,11,67,1815
200102,7362,7360,,San Francisco  CA PMSA ,75,75,23165,3,6,543,4,15,1223,4,56,4347,52,52,17259,3,6,543,4,15,1223,3,51,3280
200102,7362,7400,,San Jose  CA PMSA ,136,136,33481,5,10,1028,2,6,941,16,554,50317,125,125,30698,4,8,723,0,0,0,14,515,47473
200102,7362,7485,,Santa Cruz-Watsonville  CA PMSA ,20,20,3994,0,0,0,0,0,0,9,85,6981,15,15,3127,0,0,0,0,0,0,8,78,6319
200102,7362,7500,,Santa Rosa  CA PMSA ,115,115,17345,2,4,206,0,0,0,1,15,473,6,6,1372,0,0,0,0,0,0,0,0,0
200102,7362,8720,,Vallejo-Fairfield-Napa  CA PMSA ,100,100,18953,0,0,0,0,0,0,2,16,811,67,67,12924,0,0,0,0,0,0,0,0,0
200102,7460,9999,,San Luis Obispo-Atascadero-Paso Robles  CA MSA ,97,97,16835,0,0,0,0,0,0,1,6,807,81,81,13851,0,0,0,0,0,0,1,6,807
200102,7480,9999,,Santa Barbara-Santa Maria-Lompoc  CA MSA ,48,48,10285,2,4,222,0,0,0,1,5,430,33,33,7762,2,4,222,0,0,0,0,0,0
200102,7490,9999,,Santa Fe  NM MSA ,31,31,4171,0,0,0,1,3,157,2,25,1171,3,3,996,0,0,0,0,0,0,0,0,0
200102,7510,9999,,Sarasota-Bradenton  FL MSA ,458,458,77243,3,6,439,12,47,4968,2,13,445,403,403,70522,2,4,301,12,47,4968,1,6,350
200102,7520,9999,,Savannah  GA MSA ,115,115,13679,1,2,200,1,4,210,1,5,184,85,85,10482,1,2,200,1,4,210,0,0,0
200102,7560,9999,,Scranton--Wilkes-Barre--Hazleton  PA MSA ,27,27,2664,0,0,0,0,0,0,0,0,0,21,21,2011,0,0,0,0,0,0,0,0,0
200102,7602,1150,,Bremerton  WA PMSA ,84,84,8528,0,0,0,0,0,0,0,0,0,82,82,8307,0,0,0,0,0,0,0,0,0
200102,7602,5910,,Olympia  WA PMSA ,86,86,11751,1,2,210,0,0,0,0,0,0,82,82,11155,0,0,0,0,0,0,0,0,0
200102,7602,7600,,Seattle-Bellevue-Everett  WA PMSA ,666,666,103948,11,22,2091,6,22,2280,15,232,17209,510,510,82139,8,16,1510,4,15,1223,7,176,11630
200102,7602,8200,,Tacoma  WA PMSA ,348,348,43667,6,12,918,4,16,1287,0,0,0,337,337,42147,6,12,918,4,16,1287,0,0,0
200102,7610,9999,,Sharon  PA MSA ,8,8,1103,0,0,0,0,0,0,0,0,0,2,2,225,0,0,0,0,0,0,0,0,0
200102,7620,9999,,Sheboygan  WI MSA ,2,2,279,0,0,0,0,0,0,0,0,0,1,1,105,0,0,0,0,0,0,0,0,0
200102,7640,9999,,Sherman-Denison  TX MSA ,6,6,537,0,0,0,0,0,0,0,0,0,5,5,459,0,0,0,0,0,0,0,0,0
200102,7680,9999,,Shreveport-Bossier City  LA MSA ,68,68,8993,0,0,0,0,0,0,0,0,0,68,68,8993,0,0,0,0,0,0,0,0,0
200102,7720,9999,,Sioux City  IA-NE MSA ,3,3,337,0,0,0,0,0,0,0,0,0,1,1,85,0,0,0,0,0,0,0,0,0
200102,7760,9999,,Sioux Falls  SD MSA ,62,62,5881,1,2,153,0,0,0,1,17,850,6,6,869,0,0,0,0,0,0,0,0,0
200102,7800,9999,,South Bend  IN MSA ,55,55,7934,0,0,0,0,0,0,0,0,0,55,55,7934,0,0,0,0,0,0,0,0,0
200102,7840,9999,,Spokane  WA MSA ,69,69,14699,2,4,247,0,0,0,0,0,0,69,69,14699,2,4,247,0,0,0,0,0,0
200102,7880,9999,,Springfield  IL MSA ,33,33,4095,3,6,415,1,4,220,0,0,0,24,24,3504,3,6,415,1,4,220,0,0,0
200102,7920,9999,,Springfield  MO MSA ,132,132,15082,3,6,260,1,3,98,6,96,5275,63,63,6769,2,4,153,0,0,0,6,96,5275
200102,8000,9999,,Springfield  MA MSA ,21,21,3557,0,0,0,0,0,0,0,0,0,21,21,3557,0,0,0,0,0,0,0,0,0
200102,8050,9999,,State College  PA MSA ,28,28,3460,1,2,130,0,0,0,0,0,0,28,28,3460,1,2,130,0,0,0,0,0,0
200102,8080,9999,,Steubenville-Weirton  OH-WV MSA ,0,0,0,1,2,68,0,0,0,0,0,0,0,0,0,1,2,68,0,0,0,0,0,0
200102,8120,9999,,Stockton-Lodi  CA MSA ,257,257,41085,0,0,0,0,0,0,0,0,0,254,254,40659,0,0,0,0,0,0,0,0,0
200102,8140,9999,,Sumter  SC MSA ,21,21,2030,0,0,0,0,0,0,0,0,0,0,0,0,0,0,0,0,0,0,0,0,0
200102,8160,9999,,Syracuse  NY MSA ,38,38,4277,0,0,0,0,0,0,0,0,0,37,37,4188,0,0,0,0,0,0,0,0,0
200102,8240,9999,,Tallahassee  FL MSA ,95,95,11689,7,14,857,0,0,0,0,0,0,95,95,11689,7,14,857,0,0,0,0,0,0
200102,8280,9999,,Tampa-St. Petersburg-Clearwater  FL MSA ,1124,1124,141754,36,72,4530,5,18,1183,8,65,7595,1118,1118,140957,36,72,4530,5,18,1183,7,60,7251
200102,8320,9999,,Terre Haute  IN MSA ,7,7,965,0,0,0,0,0,0,0,0,0,7,7,965,0,0,0,0,0,0,0,0,0
200102,8360,9999,,Texarkana  TX-Texarkana  AR MSA ,10,10,991,1,2,79,0,0,0,1,8,278,2,2,271,0,0,0,0,0,0,0,0,0
200102,8400,9999,,Toledo  OH MSA ,127,127,21018,1,2,195,0,0,0,0,0,0,127,127,21018,1,2,195,0,0,0,0,0,0
200102,8440,9999,,Topeka  KS MSA ,38,38,5450,0,0,0,0,0,0,0,0,0,15,15,1985,0,0,0,0,0,0,0,0,0
200102,8520,9999,,Tucson  AZ MSA ,479,479,71250,5,10,904,0,0,0,2,46,2958,479,479,71250,5,10,904,0,0,0,2,46,2958
200102,8560,9999,,Tulsa  OK MSA ,224,224,28086,5,10,612,0,0,0,12,89,4557,179,179,22050,5,10,612,0,0,0,11,84,4387
200102,8600,9999,,Tuscaloosa  AL MSA ,55,55,6450,0,0,0,0,0,0,3,252,13127,55,55,6450,0,0,0,0,0,0,3,252,13127
200102,8640,9999,,Tyler  TX MSA ,25,25,4403,0,0,0,0,0,0,1,5,231,0,0,0,0,0,0,0,0,0,0,0,0
200102,8680,9999,,Utica-Rome  NY MSA ,4,4,1265,0,0,0,0,0,0,0,0,0,1,1,1000,0,0,0,0,0,0,0,0,0
200102,8750,9999,,Victoria  TX MSA ,17,17,1679,0,0,0,0,0,0,0,0,0,17,17,1679,0,0,0,0,0,0,0,0,0
200102,8780,9999,,Visalia-Tulare-Porterville  CA MSA ,118,118,12471,0,0,0,0,0,0,0,0,0,118,118,12471,0,0,0,0,0,0,0,0,0
200102,8800,9999,,Waco  TX MSA ,74,74,6561,0,0,0,0,0,0,2,21,1695,74,74,6561,0,0,0,0,0,0,2,21,1695
200102,8872,0720,,Baltimore  MD PMSA ,571,571,65863,0,0,0,0,0,0,5,123,6407,562,562,65135,0,0,0,0,0,0,5,123,6407
200102,8872,3180,,Hagerstown  MD PMSA ,39,39,4740,0,0,0,0,0,0,0,0,0,39,39,4740,0,0,0,0,0,0,0,0,0
200102,8872,8840,,Washington  DC-MD-VA-WV PMSA ,2388,2388,268959,2,4,245,3,9,595,45,1279,69042,2253,2253,254326,2,4,245,1,3,191,44,1274,68797
200102,8920,9999,,Waterloo-Cedar Falls  IA MSA ,5,5,781,1,2,192,0,0,0,0,0,0,1,1,92,1,2,192,0,0,0,0,0,0
200102,8940,9999,,Wausau  WI MSA ,16,16,2363,0,0,0,0,0,0,0,0,0,7,7,1316,0,0,0,0,0,0,0,0,0
200102,8960,9999,,West Palm Beach-Boca Raton  FL MSA ,630,630,87515,0,0,0,0,0,0,4,221,56682,624,624,84607,0,0,0,0,0,0,3,216,56003
200102,9000,9999,,Wheeling  WV-OH MSA ,1,1,139,0,0,0,0,0,0,0,0,0,0,0,0,0,0,0,0,0,0,0,0,0
200102,9040,9999,,Wichita  KS MSA ,134,134,14267,2,4,264,0,0,0,0,0,0,119,119,13057,2,4,264,0,0,0,0,0,0
200102,9080,9999,,Wichita Falls  TX MSA ,16,16,1748,0,0,0,0,0,0,0,0,0,16,16,1748,0,0,0,0,0,0,0,0,0
200102,9200,9999,,Wilmington  NC MSA ,193,193,19746,0,0,0,0,0,0,2,13,961,136,136,15559,0,0,0,0,0,0,1,8,725
200102,9260,9999,,Yakima  WA MSA ,16,16,2105,0,0,0,0,0,0,0,0,0,16,16,2105,0,0,0,0,0,0,0,0,0
200102,9280,9999,,York  PA MSA ,74,74,9353,0,0,0,0,0,0,0,0,0,69,69,8694,0,0,0,0,0,0,0,0,0
200102,9320,9999,,Youngstown-Warren  OH MSA ,60,60,7680,3,6,612,0,0,0,0,0,0,60,60,7680,3,6,612,0,0,0,0,0,0
200102,9340,9999,,Yuba City  CA MSA ,18,18,2666,0,0,0,0,0,0,0,0,0,18,18,2666,0,0,0,0,0,0,0,0,0
200102,9360,9999,,Yuma  AZ MSA ,86,86,8415,0,0,0,0,0,0,0,0,0,86,86,8415,0,0,0,0,0,0,0,0,0
200102,1122,9999,,Boston-Worcester-Lawrence  MA-NH-ME-CT CMSA ,859,859,143213,25,50,3936,12,42,2483,17,425,37291,684,684,117464,20,40,3076,11,39,2116,11,372,33754
200102,1602,9999,,Chicago-Gary-Kenosha  IL-IN-WI CMSA ,1829,1829,293318,15,30,2264,34,111,8553,21,574,35368,1550,1550,252681,13,26,1761,33,108,8445,16,542,32144
200102,1642,9999,,Cincinnati-Hamilton  OH-KY-IN CMSA ,732,732,89382,3,6,414,0,0,0,6,49,2295,539,539,70453,2,4,296,0,0,0,3,30,1640
200102,1692,9999,,Cleveland-Akron  OH CMSA ,563,563,103331,3,6,430,1,4,182,2,28,1129,455,455,88427,2,4,310,0,0,0,0,0,0
200102,1922,9999,,Dallas-Fort Worth  TX CMSA ,2933,2933,437737,14,28,1789,11,43,2502,12,274,10591,2731,2731,404136,10,20,1330,11,43,2502,11,268,10373
200102,2082,9999,,Denver-Boulder-Greeley  CO CMSA ,1752,1752,246384,7,14,1083,4,13,1133,13,213,19873,1521,1521,221430,5,10,872,4,13,1133,6,130,14132
200102,2162,9999,,Detroit-Ann Arbor-Flint  MI CMSA ,1150,1150,164729,18,36,3095,18,65,6734,24,458,22358,995,995,145134,15,30,2428,16,59,6374,20,435,21068
200102,3362,9999,,Houston-Galveston-Brazoria  TX CMSA ,2281,2281,310235,1,2,122,0,0,0,23,287,14939,2260,2260,304669,1,2,122,0,0,0,22,282,14689
200102,4472,9999,,Los Angeles-Riverside-Orange County  CA CMSA ,2536,2536,466152,11,22,2582,14,47,3836,24,346,31216,2405,2405,441923,9,18,2283,13,44,3522,17,301,28123
200102,4992,9999,,Miami-Fort Lauderdale  FL CMSA ,1276,1276,153320,8,16,953,19,73,5177,35,236,25830,1275,1275,152938,8,16,953,19,73,5177,35,236,25830
200102,5082,9999,,Milwaukee-Racine  WI CMSA ,263,263,47151,9,18,1593,1,3,61,11,83,4507,221,221,39842,7,14,1286,0,0,0,8,56,3364
200102,5602,9999,,New York-Northern New Jersey-Long Island  NY-NJ-CT-PA CMSA ,1579,1579,243323,170,340,22459,61,193,14131,54,2433,150315,1094,1094,172173,157,314,20963,56,175,12620,30,2101,131821
200102,6162,9999,,Philadelphia-Wilmington-Atlantic City  PA-NJ-DE-MD CMSA ,1067,1067,116971,24,48,4652,2,7,596,11,110,4803,662,662,77790,20,40,4002,1,4,298,1,8,320
200102,6442,9999,,Portland-Salem  OR-WA CMSA ,993,993,163561,8,16,1267,10,37,2669,27,293,18849,875,875,150772,5,10,805,7,26,2079,23,254,16345
200102,6922,9999,,Sacramento-Yolo  CA CMSA ,1100,1100,187388,3,6,717,0,0,0,8,105,7929,938,938,156808,3,6,717,0,0,0,6,48,4262
200102,7362,9999,,San Francisco-Oakland-San Jose  CA CMSA ,920,920,193971,10,20,1777,12,44,5114,44,807,65721,666,666,148765,7,14,1266,9,35,3749,36,711,58887
200102,7602,9999,,Seattle-Tacoma-Bremerton  WA CMSA ,1184,1184,167894,18,36,3219,10,38,3567,15,232,17209,1011,1011,143748,14,28,2428,8,31,2510,7,176,11630
200102,8872,9999,,Washington-Baltimore  DC-MD-VA-WV CMSA ,2998,2998,339562,2,4,245,3,9,595,50,1402,75449,2854,2854,324201,2,4,245,1,3,191,49,1397,75204
