Survey,MSA/,PMSA,,MA,,1-unit,,,2-units,,,3-4 units,,,5+ units,,,1-unit rep,,,2-units rep,,,3-4 units rep,,,5+ units rep
Date,CMSA,,,Name,Bldgs,Units,Value,Bldgs,Units,Value,Bldgs,Units,Value,Bldgs,Units,Value,Bldgs,Units,Value,Bldgs,Units,Value,      Bldgs,Units,Value,Bldgs,Units,Value
 
200202,0040,9999,,Abilene  TX MSA ,14,14,2223,0,0,0,0,0,0,0,0,0,14,14,2223,0,0,0,0,0,0,0,0,0
200202,0120,9999,,Albany  GA MSA ,43,43,4630,0,0,0,0,0,0,0,0,0,17,17,1661,0,0,0,0,0,0,0,0,0
200202,0160,9999,,Albany-Schenectady-Troy  NY MSA ,104,104,16070,0,0,0,0,0,0,2,10,579,72,72,11133,0,0,0,0,0,0,0,0,0
200202,0200,9999,,Albuquerque  NM MSA ,405,405,41302,0,0,0,1,4,174,1,224,9500,321,321,31225,0,0,0,1,4,174,1,224,9500
200202,0220,9999,,Alexandria  LA MSA ,26,26,2806,0,0,0,0,0,0,0,0,0,26,26,2806,0,0,0,0,0,0,0,0,0
200202,0240,9999,,Allentown-Bethlehem-Easton  PA MSA ,115,115,14915,0,0,0,1,4,306,0,0,0,96,96,11947,0,0,0,0,0,0,0,0,0
200202,0280,9999,,Altoona  PA MSA ,1,1,68,0,0,0,0,0,0,0,0,0,1,1,68,0,0,0,0,0,0,0,0,0
200202,0320,9999,,Amarillo  TX MSA ,34,34,5476,0,0,0,0,0,0,0,0,0,34,34,5476,0,0,0,0,0,0,0,0,0
200202,0380,9999,,Anchorage  AK MSA ,59,59,10645,12,24,3449,0,0,0,3,16,1955,59,59,10645,12,24,3449,0,0,0,3,16,1955
200202,0450,9999,,Anniston  AL MSA ,23,23,3797,0,0,0,0,0,0,0,0,0,3,3,440,0,0,0,0,0,0,0,0,0
200202,0460,9999,,Appleton-Oshkosh-Neenah  WI MSA ,102,102,14410,1,2,105,0,0,0,2,18,665,82,82,11519,1,2,105,0,0,0,0,0,0
200202,0480,9999,,Asheville  NC MSA ,85,85,12220,5,10,761,0,0,0,0,0,0,13,13,1482,3,6,422,0,0,0,0,0,0
200202,0500,9999,,Athens  GA MSA ,94,94,13575,5,10,800,0,0,0,1,6,298,81,81,12059,5,10,800,0,0,0,1,6,298
200202,0520,9999,,Atlanta  GA MSA ,4192,4192,460497,11,22,1484,1,4,257,33,670,35624,3653,3653,411787,10,20,1381,1,4,257,31,635,34666
200202,0580,9999,,Auburn-Opelika  AL MSA ,18,18,3379,6,12,636,0,0,0,1,8,450,18,18,3379,6,12,636,0,0,0,1,8,450
200202,0600,9999,,Augusta-Aiken  GA-SC MSA ,235,235,25402,0,0,0,0,0,0,0,0,0,210,210,22459,0,0,0,0,0,0,0,0,0
200202,0640,9999,,Austin-San Marcos  TX MSA ,400,400,48847,9,18,1141,0,0,0,22,905,53797,400,400,48847,9,18,1141,0,0,0,22,905,53797
200202,0680,9999,,Bakersfield  CA MSA ,320,320,38116,1,2,93,0,0,0,0,0,0,319,319,37997,1,2,93,0,0,0,0,0,0
200202,0730,9999,,Bangor  ME MSA ,6,6,732,0,0,0,0,0,0,0,0,0,3,3,360,0,0,0,0,0,0,0,0,0
200202,0740,9999,,Barnstable-Yarmouth  MA MSA ,48,48,10024,0,0,0,0,0,0,0,0,0,29,29,5593,0,0,0,0,0,0,0,0,0
200202,0760,9999,,Baton Rouge  LA MSA ,100,100,10323,0,0,0,0,0,0,3,22,834,100,100,10323,0,0,0,0,0,0,3,22,834
200202,0840,9999,,Beaumont-Port Arthur  TX MSA ,55,55,7991,1,2,150,0,0,0,0,0,0,53,53,7566,0,0,0,0,0,0,0,0,0
200202,0860,9999,,Bellingham  WA MSA ,72,72,9552,2,4,403,0,0,0,1,20,1041,38,38,5459,0,0,0,0,0,0,0,0,0
200202,0870,9999,,Benton Harbor  MI MSA ,10,10,2171,0,0,0,0,0,0,0,0,0,8,8,1791,0,0,0,0,0,0,0,0,0
200202,0880,9999,,Billings  MT MSA ,32,32,3756,0,0,0,0,0,0,0,0,0,32,32,3756,0,0,0,0,0,0,0,0,0
200202,0920,9999,,Biloxi-Gulfport-Pascagoula  MS MSA ,150,150,14158,0,0,0,1,4,407,2,16,2420,139,139,12697,0,0,0,1,4,407,2,16,2420
200202,0960,9999,,Binghamton  NY MSA ,6,6,1131,0,0,0,0,0,0,0,0,0,5,5,891,0,0,0,0,0,0,0,0,0
200202,1000,9999,,Birmingham  AL MSA ,366,366,47241,0,0,0,0,0,0,0,0,0,271,271,36685,0,0,0,0,0,0,0,0,0
200202,1010,9999,,Bismarck  ND MSA ,15,15,2419,2,4,617,0,0,0,0,0,0,14,14,2365,2,4,617,0,0,0,0,0,0
200202,1020,9999,,Bloomington  IN MSA ,41,41,5643,0,0,0,0,0,0,1,10,546,41,41,5643,0,0,0,0,0,0,1,10,546
200202,1040,9999,,Bloomington-Normal  IL MSA ,66,66,5826,0,0,0,0,0,0,2,44,2497,66,66,5826,0,0,0,0,0,0,2,44,2497
200202,1080,9999,,Boise City  ID MSA ,340,340,47214,3,6,390,7,24,2467,0,0,0,188,188,29727,3,6,390,4,14,1908,0,0,0
200202,1122,1120,,Boston  MA-NH PMSA ,286,286,55281,14,28,2522,1,3,464,8,263,18450,194,194,38660,13,26,2402,0,0,0,3,208,13306
200202,1122,1200,,Brockton  MA PMSA ,49,49,7644,0,0,0,0,0,0,0,0,0,38,38,6375,0,0,0,0,0,0,0,0,0
200202,1122,2600,,Fitchburg-Leominster  MA PMSA ,46,46,4461,0,0,0,0,0,0,0,0,0,36,36,3435,0,0,0,0,0,0,0,0,0
200202,1122,4160,,Lawrence  MA-NH PMSA ,76,76,12954,2,4,268,0,0,0,3,24,2535,37,37,6528,2,4,268,0,0,0,2,19,2250
200202,1122,4560,,Lowell  MA-NH PMSA ,31,31,4420,2,4,339,1,4,291,0,0,0,18,18,2548,2,4,339,1,4,291,0,0,0
200202,1122,4760,,Manchester  NH PMSA ,107,107,16243,1,2,167,0,0,0,1,12,850,87,87,13586,0,0,0,0,0,0,1,12,850
200202,1122,5350,,Nashua  NH PMSA ,46,46,9297,0,0,0,0,0,0,1,5,327,21,21,5438,0,0,0,0,0,0,0,0,0
200202,1122,5400,,New Bedford  MA PMSA ,38,38,5940,0,0,0,0,0,0,0,0,0,22,22,4185,0,0,0,0,0,0,0,0,0
200202,1122,6450,,Portsmouth-Rochester  NH-ME PMSA ,66,66,11056,3,6,881,2,6,572,2,24,1822,46,46,7344,3,6,881,2,6,572,2,24,1822
200202,1122,9240,,Worcester  MA-CT PMSA ,140,140,19196,1,2,213,0,0,0,0,0,0,111,111,15366,0,0,0,0,0,0,0,0,0
200202,1240,9999,,Brownsville-Harlingen-San Benito  TX MSA ,242,242,15616,4,8,403,3,11,327,1,5,163,41,41,3019,0,0,0,0,0,0,0,0,0
200202,1260,9999,,Bryan-College Station  TX MSA ,118,118,11326,12,24,1169,6,24,1320,1,26,935,91,91,8889,12,24,1169,6,24,1320,0,0,0
200202,1280,9999,,Buffalo-Niagara Falls  NY MSA ,110,110,17517,0,0,0,0,0,0,3,24,782,106,106,17267,0,0,0,0,0,0,1,8,440
200202,1305,9999,,Burlington  VT MSA ,22,22,3419,2,4,371,0,0,0,0,0,0,9,9,1166,1,2,250,0,0,0,0,0,0
200202,1320,9999,,Canton-Massillon  OH MSA ,64,64,10985,0,0,0,0,0,0,0,0,0,3,3,810,0,0,0,0,0,0,0,0,0
200202,1350,9999,,Casper  WY MSA ,11,11,1680,0,0,0,0,0,0,0,0,0,9,9,1393,0,0,0,0,0,0,0,0,0
200202,1360,9999,,Cedar Rapids  IA MSA ,43,43,4184,2,4,380,0,0,0,1,15,197,41,41,3982,2,4,380,0,0,0,1,15,197
200202,1400,9999,,Champaign-Urbana  IL MSA ,28,28,3667,0,0,0,0,0,0,0,0,0,28,28,3667,0,0,0,0,0,0,0,0,0
200202,1440,9999,,Charleston-North Charleston  SC MSA ,331,331,45226,0,0,0,4,16,1581,16,131,6886,226,226,34564,0,0,0,3,12,1273,11,85,4456
200202,1480,9999,,Charleston  WV MSA ,35,35,4392,0,0,0,0,0,0,0,0,0,29,29,3120,0,0,0,0,0,0,0,0,0
200202,1520,9999,,Charlotte-Gastonia-Rock Hill  NC-SC MSA ,1456,1456,170467,7,14,264,3,12,771,21,328,18615,1394,1394,162609,6,12,187,3,12,771,19,318,18351
200202,1540,9999,,Charlottesville  VA MSA ,115,115,17037,1,2,143,0,0,0,0,0,0,41,41,5218,0,0,0,0,0,0,0,0,0
200202,1560,9999,,Chattanooga  TN-GA MSA ,246,246,29866,9,18,801,1,3,50,1,5,247,240,240,29368,9,18,801,0,0,0,0,0,0
200202,1580,9999,,Cheyenne  WY MSA ,32,32,4688,0,0,0,0,0,0,0,0,0,32,32,4688,0,0,0,0,0,0,0,0,0
200202,1602,1600,,Chicago  IL PMSA ,1843,1843,326930,9,18,1616,22,75,6209,30,573,41608,1597,1597,286999,4,8,796,7,26,2454,16,265,22889
200202,1602,2960,,Gary  IN PMSA ,144,144,20210,3,6,671,2,8,604,2,38,2714,134,134,18950,3,6,671,2,8,604,2,38,2714
200202,1602,3740,,Kankakee  IL PMSA ,22,22,3049,0,0,0,0,0,0,0,0,0,21,21,2923,0,0,0,0,0,0,0,0,0
200202,1602,3800,,Kenosha  WI PMSA ,43,43,6345,0,0,0,0,0,0,1,5,238,32,32,4695,0,0,0,0,0,0,0,0,0
200202,1620,9999,,Chico-Paradise  CA MSA ,63,63,6925,0,0,0,0,0,0,0,0,0,57,57,6451,0,0,0,0,0,0,0,0,0
200202,1642,1640,,Cincinnati  OH-KY-IN PMSA ,557,557,69797,4,8,473,8,28,2146,9,83,3768,370,370,51313,2,4,299,6,22,1766,5,51,2492
200202,1642,3200,,Hamilton-Middletown  OH PMSA ,131,131,15117,2,4,173,1,4,135,2,25,1135,44,44,3946,2,4,173,1,4,135,0,0,0
200202,1660,9999,,Clarksville-Hopkinsville  TN-KY MSA ,111,111,9562,0,0,0,1,3,260,2,16,400,111,111,9562,0,0,0,1,3,260,2,16,400
200202,1692,0080,,Akron  OH PMSA ,150,150,30193,1,2,125,0,0,0,12,144,4500,144,144,29279,1,2,125,0,0,0,12,144,4500
200202,1692,1680,,Cleveland-Lorain-Elyria  OH PMSA ,465,465,75914,1,2,92,5,15,853,2,21,1099,368,368,61565,1,2,92,2,6,240,0,0,0
200202,1720,9999,,Colorado Springs  CO MSA ,343,343,39709,0,0,0,5,19,1875,0,0,0,343,343,39709,0,0,0,5,19,1875,0,0,0
200202,1740,9999,,Columbia  MO MSA ,76,76,9794,5,10,915,1,3,267,2,16,1100,76,76,9794,5,10,915,1,3,267,2,16,1100
200202,1760,9999,,Columbia  SC MSA ,335,335,33077,4,8,269,3,12,438,9,232,6610,335,335,33077,4,8,269,3,12,438,9,232,6610
200202,1800,9999,,Columbus  GA-AL MSA ,117,117,16443,1,2,75,5,20,1286,0,0,0,117,117,16443,1,2,75,5,20,1286,0,0,0
200202,1840,9999,,Columbus  OH MSA ,676,676,102407,4,8,698,8,29,2007,16,234,10030,255,255,44221,2,4,412,2,6,660,0,0,0
200202,1880,9999,,Corpus Christi  TX MSA ,62,62,6734,1,2,116,2,8,402,1,5,158,1,1,30,0,0,0,0,0,0,0,0,0
200202,1890,9999,,Corvallis OR MSA ,32,32,4394,0,0,0,0,0,0,0,0,0,32,32,4394,0,0,0,0,0,0,0,0,0
200202,1900,9999,,Cumberland  MD-WV MSA ,11,11,1253,0,0,0,0,0,0,0,0,0,11,11,1253,0,0,0,0,0,0,0,0,0
200202,1922,1920,,Dallas  TX PMSA ,1955,1955,312445,2,4,279,1,4,257,22,173,9184,1519,1519,244835,0,0,0,1,4,257,19,132,7043
200202,1922,2800,,Fort Worth-Arlington  TX PMSA ,842,842,118410,15,30,1819,0,0,0,14,182,16219,694,694,93573,14,28,1699,0,0,0,14,182,16219
200202,1950,9999,,Danville  VA MSA ,25,25,2382,0,0,0,0,0,0,0,0,0,1,1,53,0,0,0,0,0,0,0,0,0
200202,1960,9999,,Davenport-Moline-Rock Island  IA-IL MSA ,35,35,5122,1,2,238,0,0,0,2,70,3600,32,32,4543,1,2,238,0,0,0,2,70,3600
200202,2000,9999,,Dayton-Springfield  OH MSA ,146,146,21148,3,6,484,1,4,319,0,0,0,141,141,20457,3,6,484,1,4,319,0,0,0
200202,2020,9999,,Daytona Beach  FL MSA ,507,507,60357,7,14,824,1,4,416,2,10,1199,415,415,51756,6,12,696,1,4,416,0,0,0
200202,2030,9999,,Decatur  Al MSA ,33,33,4047,0,0,0,0,0,0,0,0,0,26,26,3471,0,0,0,0,0,0,0,0,0
200202,2040,9999,,Decatur  IL MSA ,4,4,615,0,0,0,0,0,0,0,0,0,4,4,615,0,0,0,0,0,0,0,0,0
200202,2082,1125,,Boulder-Longmont  CO PMSA ,144,144,30162,0,0,0,1,3,326,3,29,3153,144,144,30162,0,0,0,1,3,326,3,29,3153
200202,2082,2080,,Denver  CO PMSA ,989,989,149089,6,12,1263,3,11,1376,13,103,6551,918,918,140816,5,10,1127,3,11,1376,11,84,5252
200202,2082,3060,,Greeley  CO PMSA ,263,263,34577,0,0,0,0,0,0,0,0,0,254,254,33723,0,0,0,0,0,0,0,0,0
200202,2120,9999,,Des Moines  IA MSA ,170,170,24037,0,0,0,1,4,296,35,528,47340,156,156,22313,0,0,0,1,4,296,35,528,47340
200202,2162,0440,,Ann Arbor  MI PMSA ,297,297,43335,0,0,0,0,0,0,1,10,546,233,233,33887,0,0,0,0,0,0,1,10,546
200202,2162,2160,,Detroit  MI PMSA ,753,753,115983,6,12,1596,10,39,3481,26,210,16071,604,604,96055,6,12,1596,10,39,3481,21,181,14496
200202,2162,2640,,Flint  MI PMSA ,97,97,12864,0,0,0,0,0,0,0,0,0,89,89,12100,0,0,0,0,0,0,0,0,0
200202,2180,9999,,Dothan  AL MSA ,33,33,2776,0,0,0,0,0,0,0,0,0,33,33,2776,0,0,0,0,0,0,0,0,0
200202,2190,9999,,Dover  DE MSA ,75,75,8265,0,0,0,0,0,0,0,0,0,75,75,8265,0,0,0,0,0,0,0,0,0
200202,2200,9999,,Dubuque  IA MSA ,11,11,1545,1,2,186,0,0,0,0,0,0,3,3,368,1,2,186,0,0,0,0,0,0
200202,2240,9999,,Duluth-Superior  MN-WI MSA ,20,20,2277,0,0,0,0,0,0,1,5,315,13,13,1504,0,0,0,0,0,0,0,0,0
200202,2290,9999,,Eau Claire  WI MSA ,32,32,3205,0,0,0,2,8,570,6,48,2280,32,32,3205,0,0,0,2,8,570,6,48,2280
200202,2320,9999,,El Paso  TX MSA ,239,239,12515,2,4,104,6,24,1083,10,50,1100,239,239,12515,2,4,104,6,24,1083,10,50,1100
200202,2330,9999,,Elkhart-Goshen  IN MSA ,62,62,7900,0,0,0,0,0,0,0,0,0,58,58,7407,0,0,0,0,0,0,0,0,0
200202,2335,9999,,Elmira  NY MSA ,7,7,773,0,0,0,0,0,0,0,0,0,2,2,210,0,0,0,0,0,0,0,0,0
200202,2340,9999,,Enid  OK MSA ,5,5,560,0,0,0,0,0,0,0,0,0,5,5,560,0,0,0,0,0,0,0,0,0
200202,2360,9999,,Erie  PA MSA ,30,30,4297,0,0,0,0,0,0,0,0,0,30,30,4297,0,0,0,0,0,0,0,0,0
200202,2400,9999,,Eugene-Springfield  OR MSA ,99,99,16583,3,6,457,0,0,0,0,0,0,69,69,12175,1,2,166,0,0,0,0,0,0
200202,2440,9999,,Evansville-Henderson  IN-KY MSA ,121,121,13497,0,0,0,0,0,0,0,0,0,114,114,12495,0,0,0,0,0,0,0,0,0
200202,2520,9999,,Fargo-Moorhead  ND-MN MSA ,4,4,568,0,0,0,0,0,0,2,24,1500,3,3,438,0,0,0,0,0,0,2,24,1500
200202,2560,9999,,Fayetteville  NC MSA ,69,69,7095,1,2,93,1,4,158,17,178,7934,20,20,2183,0,0,0,1,4,158,17,178,7934
200202,2580,9999,,Fayetteville-Springdale-Rogers  AR MSA ,160,160,18558,5,10,575,4,16,561,2,32,954,87,87,9936,5,10,575,3,12,405,2,32,954
200202,2620,9999,,Flagstaff  AZ-UT MSA ,38,38,5611,1,2,88,0,0,0,0,0,0,38,38,5611,1,2,88,0,0,0,0,0,0
200202,2650,9999,,Florence  AL MSA ,11,11,1173,0,0,0,0,0,0,1,5,237,0,0,0,0,0,0,0,0,0,0,0,0
200202,2655,9999,,Florence  SC MSA ,47,47,4081,1,2,42,0,0,0,1,6,260,0,0,0,0,0,0,0,0,0,0,0,0
200202,2670,9999,,Fort Collins-Loveland  CO MSA ,198,198,27612,2,4,533,1,4,184,5,40,2220,1,1,97,2,4,533,0,0,0,0,0,0
200202,2700,9999,,Fort Myers-Cape Coral  FL MSA ,669,669,100065,32,64,7303,12,48,5323,18,267,25016,669,669,100065,32,64,7303,12,48,5323,18,267,25016
200202,2710,9999,,Fort Pierce-Port St. Lucie  FL MSA ,344,344,47582,0,0,0,1,3,360,9,115,6162,228,228,35698,0,0,0,1,3,360,8,96,5391
200202,2720,9999,,Fort Smith  AR-OK MSA ,39,39,4488,5,10,663,0,0,0,0,0,0,39,39,4488,5,10,663,0,0,0,0,0,0
200202,2750,9999,,Fort Walton Beach  FL MSA ,119,119,14522,2,4,160,1,4,204,1,5,239,57,57,7450,2,4,160,0,0,0,0,0,0
200202,2760,9999,,Fort Wayne  IN MSA ,156,156,24513,3,6,422,0,0,0,0,0,0,156,156,24513,3,6,422,0,0,0,0,0,0
200202,2840,9999,,Fresno  CA MSA ,216,216,31555,0,0,0,0,0,0,1,5,204,198,198,30038,0,0,0,0,0,0,0,0,0
200202,2880,9999,,Gadsden  AL MSA ,12,12,1292,0,0,0,0,0,0,0,0,0,12,12,1292,0,0,0,0,0,0,0,0,0
200202,2900,9999,,Gainesville  FL MSA ,84,84,8232,0,0,0,0,0,0,6,132,7471,68,68,6909,0,0,0,0,0,0,5,116,6404
200202,2975,9999,,Glens Falls  NY MSA ,17,17,2452,0,0,0,4,16,800,5,40,630,10,10,1532,0,0,0,4,16,800,5,40,630
200202,2980,9999,,Goldsboro  NC MSA ,35,35,3573,0,0,0,0,0,0,0,0,0,35,35,3573,0,0,0,0,0,0,0,0,0
200202,2985,9999,,Grand Forks  ND-MN MSA ,0,0,0,0,0,0,0,0,0,0,0,0,0,0,0,0,0,0,0,0,0,0,0,0
200202,2995,9999,,Grand Junction  CO MSA ,77,77,8568,3,6,444,0,0,0,0,0,0,77,77,8568,3,6,444,0,0,0,0,0,0
200202,3000,9999,,Grand Rapids-Muskegon-Holland  MI MSA ,340,340,47459,2,4,355,4,14,1396,4,34,1526,210,210,32914,1,2,234,3,11,1164,0,0,0
200202,3040,9999,,Great Falls  MT MSA ,6,6,810,0,0,0,1,3,150,1,5,315,0,0,0,0,0,0,0,0,0,0,0,0
200202,3080,9999,,Green Bay  WI MSA ,57,57,10728,3,6,417,0,0,0,4,32,1078,48,48,9617,2,4,273,0,0,0,3,27,870
200202,3120,9999,,Greensboro--Winston-Salem--High Point  NC MSA ,684,684,81212,4,8,451,1,3,122,3,123,13357,681,681,80851,4,8,451,0,0,0,3,123,13357
200202,3150,9999,,Greenville  NC MSA ,69,69,7966,13,26,1707,0,0,0,4,34,663,69,69,7966,13,26,1707,0,0,0,4,34,663
200202,3160,9999,,Greenville-Spartanburg-Anderson  SC MSA ,508,508,53300,8,16,732,0,0,0,0,0,0,504,504,52543,8,16,732,0,0,0,0,0,0
200202,3240,9999,,Harrisburg-Lebanon-Carlisle  PA MSA ,116,116,14796,0,0,0,0,0,0,1,90,7000,98,98,13144,0,0,0,0,0,0,1,90,7000
200202,3280,9999,,Hartford  CT MSA ,184,184,24321,0,0,10,1,3,389,14,84,1390,154,154,20711,0,0,10,1,3,389,12,72,1196
200202,3285,9999,,Hattiesburg  MS MSA ,6,6,1309,0,0,0,1,4,150,0,0,0,6,6,1309,0,0,0,1,4,150,0,0,0
200202,3290,9999,,Hickory-Morganton-Lenoir  NC MSA ,293,293,18317,5,10,750,0,0,0,2,13,390,293,293,18317,5,10,750,0,0,0,2,13,390
200202,3320,9999,,Honolulu  HI MSA ,110,110,17519,0,0,0,0,0,0,0,0,0,110,110,17519,0,0,0,0,0,0,0,0,0
200202,3350,9999,,Houma  LA MSA ,66,66,7142,1,2,111,0,0,0,0,0,0,63,63,6659,1,2,111,0,0,0,0,0,0
200202,3362,1145,,Brazoria  TX PMSA ,257,257,44814,0,0,0,0,0,0,15,312,13863,256,256,44686,0,0,0,0,0,0,15,312,13863
200202,3362,2920,,Galveston-Texas City  TX PMSA ,198,198,28762,1,2,128,0,0,0,1,13,549,192,192,28111,1,2,128,0,0,0,0,0,0
200202,3362,3360,,Houston  TX PMSA ,2121,2121,295860,9,18,1233,13,51,3355,38,384,17802,2068,2068,290579,9,18,1233,13,51,3355,36,363,17378
200202,3400,9999,,Huntington-Ashland  WV-KY-OH MSA ,2,2,308,0,0,0,0,0,0,0,0,0,0,0,0,0,0,0,0,0,0,0,0,0
200202,3440,9999,,Huntsville  AL MSA ,108,108,6986,0,0,0,0,0,0,0,0,0,108,108,6986,0,0,0,0,0,0,0,0,0
200202,3480,9999,,Indianapolis  IN MSA ,805,805,124539,9,18,1634,2,8,961,13,145,6215,715,715,113342,8,16,1475,2,8,961,12,140,5891
200202,3500,9999,,Iowa City  IA MSA ,38,38,5105,0,0,0,0,0,0,2,24,1898,38,38,5105,0,0,0,0,0,0,2,24,1898
200202,3520,9999,,Jackson  MI MSA ,4,4,497,0,0,0,0,0,0,0,0,0,3,3,377,0,0,0,0,0,0,0,0,0
200202,3560,9999,,Jackson  MS MSA ,199,199,22447,0,0,0,0,0,0,27,368,16009,165,165,19363,0,0,0,0,0,0,27,368,16009
200202,3580,9999,,Jackson  TN MSA ,54,54,4915,0,0,0,0,0,0,5,50,2767,54,54,4915,0,0,0,0,0,0,5,50,2767
200202,3600,9999,,Jacksonville  FL MSA ,739,739,118133,0,0,0,0,0,0,1,45,1225,720,720,112789,0,0,0,0,0,0,1,45,1225
200202,3605,9999,,Jacksonville  NC MSA ,79,79,7337,0,0,0,0,0,0,0,0,0,79,79,7337,0,0,0,0,0,0,0,0,0
200202,3610,9999,,Jamestown  NY MSA ,0,0,0,0,0,0,0,0,0,0,0,0,0,0,0,0,0,0,0,0,0,0,0,0
200202,3620,9999,,Janesville-Beloit  WI MSA ,17,17,2116,0,0,0,0,0,0,1,5,175,16,16,2022,0,0,0,0,0,0,0,0,0
200202,3660,9999,,Johnson City-Kingsport-Bristol  TN-VA MSA ,94,94,10209,0,0,0,0,0,0,9,89,2957,45,45,5896,0,0,0,0,0,0,9,89,2957
200202,3680,9999,,Johnstown  PA MSA ,3,3,292,0,0,0,0,0,0,0,0,0,3,3,292,0,0,0,0,0,0,0,0,0
200202,3700,9999,,Jonesboro  AR MSA ,27,27,3719,0,0,0,0,0,0,0,0,0,27,27,3719,0,0,0,0,0,0,0,0,0
200202,3710,9999,,Joplin  MO MSA ,20,20,1487,0,0,0,0,0,0,0,0,0,20,20,1487,0,0,0,0,0,0,0,0,0
200202,3720,9999,,Kalamazoo-Battle Creek  MI MSA ,66,66,10249,0,0,0,0,0,0,1,7,174,37,37,6650,0,0,0,0,0,0,0,0,0
200202,3760,9999,,Kansas City  MO-KS MSA ,888,888,108249,12,24,2080,11,44,3518,8,45,2734,850,850,101550,11,22,1892,11,44,3518,8,45,2734
200202,3810,9999,,Killeen-Temple  TX MSA ,152,152,16898,4,8,339,22,88,3818,1,5,319,152,152,16898,4,8,339,22,88,3818,1,5,319
200202,3840,9999,,Knoxville  TN MSA ,277,277,30742,4,8,554,2,7,454,3,46,3316,232,232,27373,4,8,554,1,3,270,1,24,2800
200202,3850,9999,,Kokomo  IN MSA ,30,30,3812,0,0,0,0,0,0,0,0,0,19,19,2070,0,0,0,0,0,0,0,0,0
200202,3870,9999,,La Crosse  WI-MN MSA ,17,17,3069,3,6,510,1,4,200,1,27,750,17,17,3069,3,6,510,1,4,200,1,27,750
200202,3880,9999,,Lafayette  LA MSA ,102,102,12121,0,0,0,0,0,0,0,0,0,102,102,12121,0,0,0,0,0,0,0,0,0
200202,3920,9999,,Lafayette  IN MSA ,36,36,4976,15,30,2573,1,4,300,0,0,0,36,36,4976,15,30,2573,1,4,300,0,0,0
200202,3960,9999,,Lake Charles  LA MSA ,18,18,2597,0,0,0,0,0,0,0,0,0,15,15,2116,0,0,0,0,0,0,0,0,0
200202,3980,9999,,Lakeland-Winter Haven  FL MSA ,377,377,32719,1,2,91,0,0,0,0,0,0,370,370,32269,1,2,91,0,0,0,0,0,0
200202,4000,9999,,Lancaster  PA MSA ,104,104,13736,1,2,240,0,0,0,0,0,0,72,72,9478,1,2,240,0,0,0,0,0,0
200202,4040,9999,,Lansing-East Lansing  MI MSA ,77,77,11110,0,0,0,0,0,0,1,16,732,65,65,9486,0,0,0,0,0,0,1,16,732
200202,4080,9999,,Laredo  TX MSA ,132,132,9021,0,0,0,1,4,98,1,26,891,0,0,0,0,0,0,0,0,0,0,0,0
200202,4100,9999,,Las Cruces  NM MSA ,46,46,6925,0,0,0,0,0,0,2,29,1100,46,46,6925,0,0,0,0,0,0,2,29,1100
200202,4120,9999,,Las Vegas  NV-AZ MSA ,1864,1864,224058,11,22,1946,0,0,0,70,551,26814,1862,1862,223778,11,22,1946,0,0,0,70,551,26814
200202,4150,9999,,Lawrence  KS MSA ,30,30,4085,2,4,339,1,3,132,1,10,505,0,0,0,0,0,0,0,0,0,0,0,0
200202,4200,9999,,Lawton  OK MSA ,12,12,1407,0,0,0,0,0,0,0,0,0,0,0,0,0,0,0,0,0,0,0,0,0
200202,4240,9999,,Lewiston-Auburn  ME MSA ,8,8,924,0,0,0,0,0,0,0,0,0,5,5,575,0,0,0,0,0,0,0,0,0
200202,4280,9999,,Lexington  KY MSA ,414,414,38279,0,0,0,5,20,1988,2,12,250,376,376,33504,0,0,0,5,20,1988,2,12,250
200202,4320,9999,,Lima  OH MSA ,3,3,610,0,0,0,0,0,0,0,0,0,3,3,610,0,0,0,0,0,0,0,0,0
200202,4360,9999,,Lincoln  NE MSA ,84,84,11255,1,2,123,0,0,0,2,22,680,1,1,130,0,0,0,0,0,0,0,0,0
200202,4400,9999,,Little Rock-North Little Rock  AR MSA ,198,198,32022,4,8,375,3,11,490,0,0,0,163,163,27346,2,4,100,2,8,400,0,0,0
200202,4420,9999,,Longview-Marshall  TX MSA ,19,19,2613,0,0,0,0,0,0,0,0,0,19,19,2613,0,0,0,0,0,0,0,0,0
200202,4472,4480,,Los Angeles-Long Beach  CA PMSA ,610,610,110973,4,8,807,4,15,1155,17,372,25058,528,528,91594,3,6,599,2,8,769,12,336,23530
200202,4472,5945,,Orange County  CA PMSA ,488,488,96546,1,2,295,2,7,794,22,451,36408,463,463,88728,0,0,0,2,7,794,20,427,34574
200202,4472,6780,,Riverside-San Bernardino  CA PMSA ,2049,2049,324090,2,4,389,1,3,317,24,358,21775,2014,2014,317502,1,2,199,0,0,0,24,358,21775
200202,4472,8735,,Ventura  CA PMSA ,168,168,48649,1,2,300,1,4,614,5,39,4491,154,154,44506,1,2,300,1,4,614,4,22,3108
200202,4520,9999,,Louisville  KY-IN MSA ,408,408,48721,2,4,287,3,10,468,5,65,5559,366,366,44969,1,2,180,2,7,370,4,60,5368
200202,4600,9999,,Lubbock  TX MSA ,106,106,11638,4,8,625,0,0,0,0,0,0,106,106,11638,4,8,625,0,0,0,0,0,0
200202,4640,9999,,Lynchburg  VA MSA ,36,36,4383,2,4,200,0,0,0,0,0,0,19,19,2233,2,4,200,0,0,0,0,0,0
200202,4680,9999,,Macon  GA MSA ,138,138,11876,1,2,115,0,0,0,0,0,0,138,138,11876,1,2,115,0,0,0,0,0,0
200202,4720,9999,,Madison  WI MSA ,145,145,25813,2,4,389,4,16,1381,4,23,2223,141,141,25162,1,2,200,3,12,1051,3,18,1890
200202,4800,9999,,Mansfield  OH MSA ,15,15,1997,2,4,406,0,0,0,0,0,0,14,14,1933,2,4,406,0,0,0,0,0,0
200202,4880,9999,,McAllen-Edinburg-Mission  TX MSA ,466,466,25384,13,26,1067,7,25,766,5,30,912,185,185,9709,10,20,807,0,0,0,5,30,912
200202,4890,9999,,Medford-Ashland  OR MSA ,101,101,13447,1,2,132,0,0,0,1,5,852,82,82,11207,1,2,132,0,0,0,0,0,0
200202,4900,9999,,Melbourne-Titusville-Palm Bay  FL MSA ,397,397,49780,0,0,0,0,0,0,12,98,7220,222,222,26108,0,0,0,0,0,0,10,88,6296
200202,4920,9999,,Memphis  TN-AR-MS MSA ,534,534,74210,1,2,90,18,72,4007,13,65,2600,530,530,73925,1,2,90,18,72,4007,13,65,2600
200202,4940,9999,,Merced  CA MSA ,91,91,14491,0,0,0,0,0,0,0,0,0,65,65,11506,0,0,0,0,0,0,0,0,0
200202,4992,2680,,Fort Lauderdale  FL PMSA ,610,610,84324,1,2,126,6,24,4286,18,360,18766,610,610,84324,1,2,126,6,24,4286,16,349,15707
200202,4992,5000,,Miami  FL PMSA ,606,606,63591,5,10,633,0,0,0,10,1067,51677,604,604,63000,5,10,633,0,0,0,10,1067,51677
200202,5082,5080,,Milwaukee-Waukesha  WI PMSA ,267,267,52726,9,18,1880,5,20,1682,10,363,16702,226,226,44431,8,16,1695,5,20,1682,9,358,16450
200202,5082,6600,,Racine  WI PMSA ,46,46,8562,2,4,560,0,0,0,1,7,242,43,43,8212,1,2,400,0,0,0,0,0,0
200202,5120,9999,,Minneapolis-St. Paul  MN-WI MSA ,1040,1040,184257,11,22,2919,9,32,2874,14,520,56642,991,991,177274,9,18,2456,6,23,2129,12,509,55865
200202,5140,9999,,Missoula  MT MSA ,17,17,2148,2,4,203,1,4,156,1,6,244,17,17,2148,2,4,203,1,4,156,1,6,244
200202,5160,9999,,Mobile  AL MSA ,307,307,35873,1,2,140,0,0,0,1,5,67,159,159,22982,0,0,0,0,0,0,0,0,0
200202,5170,9999,,Modesto  CA MSA ,216,216,33321,2,4,399,1,3,259,0,0,0,200,200,30971,2,4,399,1,3,259,0,0,0
200202,5200,9999,,Monroe  LA MSA ,31,31,3894,0,0,0,0,0,0,0,0,0,1,1,38,0,0,0,0,0,0,0,0,0
200202,5240,9999,,Montgomery  AL MSA ,95,95,11484,0,0,0,0,0,0,0,0,0,95,95,11484,0,0,0,0,0,0,0,0,0
200202,5280,9999,,Muncie  IN MSA ,15,15,2757,0,0,0,0,0,0,0,0,0,3,3,377,0,0,0,0,0,0,0,0,0
200202,5330,9999,,Myrtle Beach  SC MSA ,164,164,22268,2,4,192,2,8,586,2,25,1884,164,164,22268,2,4,192,2,8,586,2,25,1884
200202,5345,9999,,Naples  FL MSA ,317,317,78689,3,6,526,40,154,13179,23,530,114854,317,317,78689,3,6,526,40,154,13179,23,530,114854
200202,5360,9999,,Nashville  TN MSA ,896,896,118724,11,22,2151,0,0,0,2,14,729,809,809,109796,10,20,2101,0,0,0,1,9,500
200202,5520,9999,,New London-Norwich  CT-RI MSA ,61,61,8389,0,0,0,1,4,125,0,0,15,41,41,5462,0,0,0,1,4,125,0,0,15
200202,5560,9999,,New Orleans  LA MSA ,323,323,40849,2,4,294,1,3,200,1,9,464,313,313,39403,1,2,126,0,0,0,0,0,0
200202,5602,0875,,Bergen-Passaic  NJ PMSA ,86,86,14978,11,22,1608,0,0,0,1,35,1707,49,49,10015,10,20,1499,0,0,0,0,0,0
200202,5602,1160,,Bridgeport  CT PMSA ,56,56,7366,0,0,0,1,3,438,0,0,0,50,50,6591,0,0,0,1,3,438,0,0,0
200202,5602,1930,,Danbury  CT PMSA ,71,71,13100,0,0,0,0,0,0,0,0,0,70,70,12884,0,0,0,0,0,0,0,0,0
200202,5602,2281,,Dutchess County  NY PMSA ,38,38,7629,0,0,0,3,11,1036,1,61,5400,23,23,5302,0,0,0,3,11,1036,1,61,5400
200202,5602,3640,,Jersey City  NJ PMSA ,24,24,2912,5,10,648,3,10,232,3,32,6295,23,23,2852,0,0,0,3,10,232,1,11,4429
200202,5602,5015,,Middlesex-Somerset-Hunterdon  NJ PMSA ,186,186,25148,1,2,99,0,0,0,3,22,602,134,134,18167,1,2,99,0,0,0,0,0,0
200202,5602,5190,,Monmouth-Ocean  NJ PMSA ,373,373,46136,0,0,0,1,3,39,4,40,904,248,248,32368,0,0,0,0,0,0,1,7,140
200202,5602,5380,,Nassau-Suffolk  NY PMSA ,376,376,58653,11,22,7702,3,12,4200,37,228,16742,301,301,47450,0,0,0,1,4,291,33,208,13306
200202,5602,5480,,New Haven-Meriden  CT PMSA ,58,58,9066,1,2,118,0,0,0,2,10,401,43,43,7657,1,2,118,0,0,0,0,0,0
200202,5602,5600,,New York  NY PMSA ,207,207,40920,112,224,15785,35,107,7678,19,731,66385,139,139,20945,109,218,15417,34,103,7495,16,716,65286
200202,5602,5640,,Newark  NJ PMSA ,187,187,22838,12,24,1614,4,12,873,8,63,3275,47,47,7790,11,22,1512,4,12,873,5,48,2795
200202,5602,5660,,Newburgh  NY-PA PMSA ,143,143,20035,1,2,300,0,0,0,5,27,1502,99,99,14889,0,0,0,0,0,0,0,0,0
200202,5602,8040,,Stamford-Norwalk  CT PMSA ,36,36,20686,0,0,0,0,0,0,0,0,0,17,17,8615,0,0,0,0,0,0,0,0,0
200202,5602,8480,,Trenton  NJ PMSA ,71,71,7863,8,16,1063,0,0,0,0,0,0,47,47,6309,8,16,1063,0,0,0,0,0,0
200202,5602,8880,,Waterbury  CT PMSA ,17,17,2104,0,0,0,0,0,0,0,0,0,17,17,2104,0,0,0,0,0,0,0,0,0
200202,5720,9999,,Norfolk-Virginia Beach-Newport News  VA-NC MSA ,627,627,81790,17,34,2690,3,12,763,1,5,297,512,512,69636,15,30,2446,0,0,0,1,5,297
200202,5790,9999,,Ocala  FL MSA ,329,329,43150,2,4,222,0,0,0,7,72,1955,329,329,43150,2,4,222,0,0,0,7,72,1955
200202,5800,9999,,Odessa-Midland  TX MSA ,30,30,3141,1,2,60,0,0,0,0,0,0,30,30,3141,1,2,60,0,0,0,0,0,0
200202,5880,9999,,Oklahoma City  OK MSA ,498,498,61965,4,8,507,0,0,0,4,72,4280,493,493,61378,4,8,507,0,0,0,4,72,4280
200202,5920,9999,,Omaha  NE-IA MSA ,258,258,30831,4,8,644,0,0,0,0,0,0,256,256,30618,4,8,644,0,0,0,0,0,0
200202,5960,9999,,Orlando  FL MSA ,1458,1458,197125,2,4,166,0,0,0,22,476,30142,1435,1435,194276,2,4,166,0,0,0,22,476,30142
200202,5990,9999,,Owensboro  KY MSA ,66,66,4518,0,0,0,1,4,131,1,5,222,0,0,0,0,0,0,0,0,0,0,0,0
200202,6015,9999,,Panama City  FL MSA ,119,119,16353,0,0,0,1,4,263,6,116,8936,119,119,16353,0,0,0,1,4,263,6,116,8936
200202,6020,9999,,Parkersburg-Marietta  WV-OH MSA ,6,6,697,0,0,0,2,8,240,0,0,0,5,5,573,0,0,0,2,8,240,0,0,0
200202,6080,9999,,Pensacola  FL MSA ,372,372,46865,1,2,126,0,0,0,0,0,0,372,372,46865,1,2,126,0,0,0,0,0,0
200202,6120,9999,,Peoria-Pekin  IL MSA ,58,58,7057,0,0,0,0,0,0,0,0,0,34,34,3656,0,0,0,0,0,0,0,0,0
200202,6162,0560,,Atlantic-Cape May  NJ PMSA ,173,173,14687,11,22,1860,0,0,20,0,0,0,152,152,11642,0,0,0,0,0,20,0,0,0
200202,6162,6160,,Philadelphia  PA-NJ PMSA ,1071,1071,130130,3,6,399,4,15,717,9,57,3492,806,806,101119,3,6,399,3,12,671,3,26,1663
200202,6162,8760,,Vineland-Millville-Bridgeton  NJ PMSA ,16,16,1319,0,0,0,0,0,0,0,0,0,13,13,1166,0,0,0,0,0,0,0,0,0
200202,6162,9160,,Wilmington-Newark  DE-MD PMSA ,237,237,21785,0,0,0,0,0,0,5,51,1825,83,83,8759,0,0,0,0,0,0,0,0,0
200202,6200,9999,,Phoenix-Mesa  AZ MSA ,2962,2962,425118,1,2,155,6,21,1442,9,159,10320,2426,2426,358266,1,2,155,6,21,1442,8,152,9561
200202,6240,9999,,Pine Bluff  AR MSA ,10,10,1419,2,4,253,0,0,0,0,0,0,10,10,1419,2,4,253,0,0,0,0,0,0
200202,6280,9999,,Pittsburgh  PA MSA ,347,347,49899,6,12,1008,3,12,1000,6,34,1518,234,234,34302,5,10,888,3,12,1000,1,6,200
200202,6320,9999,,Pittsfield  MA MSA ,0,0,0,0,0,0,0,0,0,0,0,0,0,0,0,0,0,0,0,0,0,0,0,0
200202,6340,9999,,Pocatello  ID MSA ,14,14,1130,0,0,0,0,0,0,0,0,0,14,14,1130,0,0,0,0,0,0,0,0,0
200202,6400,9999,,Portland  ME MSA ,99,99,13397,0,0,0,0,0,0,0,0,0,61,61,8109,0,0,0,0,0,0,0,0,0
200202,6442,6440,,Portland-Vancouver  OR-WA PMSA ,806,806,132612,17,34,3646,2,7,635,15,175,13299,764,764,126719,15,30,3263,2,7,635,14,168,13089
200202,6442,7080,,Salem  OR PMSA ,114,114,15855,2,4,313,0,0,0,7,156,11872,90,90,12901,2,4,313,0,0,0,7,156,11872
200202,6480,9999,,Providence-Fall River-Warwick  RI-MA MSA ,151,151,19271,5,10,418,1,3,124,0,0,0,89,89,12581,0,0,0,0,0,0,0,0,0
200202,6520,9999,,Provo-Orem  UT MSA ,146,146,19197,2,4,593,0,0,0,5,126,9305,138,138,18398,2,4,593,0,0,0,5,126,9305
200202,6560,9999,,Pueblo  CO MSA ,76,76,8570,12,24,991,0,0,0,0,0,0,76,76,8570,12,24,991,0,0,0,0,0,0
200202,6580,9999,,Punta Gorda  FL MSA ,114,114,16786,0,0,0,7,28,2584,0,0,0,114,114,16786,0,0,0,7,28,2584,0,0,0
200202,6640,9999,,Raleigh-Durham-Chapel Hill  NC MSA ,1190,1190,180076,8,16,917,9,34,2237,16,328,39805,1096,1096,167098,8,16,917,8,31,2031,14,318,39321
200202,6660,9999,,Rapid City  SD MSA ,22,22,2523,0,0,0,0,0,0,0,0,0,12,12,1267,0,0,0,0,0,0,0,0,0
200202,6680,9999,,Reading  PA MSA ,49,49,5544,0,0,0,0,0,0,2,97,3379,18,18,1989,0,0,0,0,0,0,1,90,3140
200202,6690,9999,,Redding  CA MSA ,94,94,23672,0,0,0,5,20,2412,0,0,0,92,92,23468,0,0,0,5,20,2412,0,0,0
200202,6720,9999,,Reno  NV MSA ,212,212,30271,0,0,0,0,0,0,3,26,1497,212,212,30271,0,0,0,0,0,0,3,26,1497
200202,6740,9999,,Richland-Kennewick-Pasco  WA MSA ,70,70,10854,1,2,324,0,0,0,0,0,0,14,14,2534,0,0,0,0,0,0,0,0,0
200202,6760,9999,,Richmond-Petersburg  VA MSA ,551,551,67382,0,0,0,0,0,0,1,5,190,528,528,65012,0,0,0,0,0,0,1,5,190
200202,6800,9999,,Roanoke  VA MSA ,73,73,6084,0,0,0,0,0,0,1,10,650,57,57,4943,0,0,0,0,0,0,0,0,0
200202,6820,9999,,Rochester  MN MSA ,54,54,7880,1,2,223,1,4,321,2,29,1265,14,14,2199,0,0,0,0,0,0,0,0,0
200202,6840,9999,,Rochester  NY MSA ,110,110,20469,1,2,80,0,0,0,1,5,211,94,94,18127,1,2,80,0,0,0,0,0,0
200202,6880,9999,,Rockford  IL MSA ,129,129,10647,1,2,125,0,0,0,0,0,0,117,117,9043,1,2,125,0,0,0,0,0,0
200202,6895,9999,,Rocky Mount  NC MSA ,34,34,3002,2,4,205,0,0,0,0,0,0,34,34,3002,2,4,205,0,0,0,0,0,0
200202,6922,6920,,Sacramento  CA PMSA ,1204,1204,207051,11,22,2299,1,3,223,6,224,15460,1121,1121,190848,11,22,2299,0,0,0,4,208,14501
200202,6922,9270,,Yolo  CA PMSA ,72,72,12635,1,2,54,1,3,167,5,42,2849,28,28,7279,0,0,0,1,3,167,5,42,2849
200202,6960,9999,,Saginaw-Bay City-Midland  MI MSA ,27,27,3513,2,4,329,0,0,0,0,0,0,22,22,2863,2,4,329,0,0,0,0,0,0
200202,6980,9999,,St. Cloud  MN MSA ,48,48,5583,0,0,0,1,3,0,1,5,315,11,11,1202,0,0,0,0,0,0,0,0,0
200202,7000,9999,,St. Joseph  MO MSA ,10,10,1214,0,0,0,0,0,0,0,0,0,0,0,0,0,0,0,0,0,0,0,0,0
200202,7040,9999,,St. Louis  MO-IL MSA ,755,755,109070,33,66,6124,8,27,1522,6,87,7922,705,705,102098,32,64,6000,7,24,1315,5,80,7657
200202,7120,9999,,Salinas  CA MSA ,38,38,11612,1,2,244,0,0,0,0,0,0,37,37,11499,1,2,244,0,0,0,0,0,0
200202,7160,9999,,Salt Lake City-Ogden  UT MSA ,458,458,58573,4,8,818,15,51,4006,5,29,1305,345,345,46191,4,8,818,13,44,3459,5,29,1305
200202,7200,9999,,San Angelo  TX MSA ,22,22,4836,0,0,0,0,0,0,0,0,0,22,22,4836,0,0,0,0,0,0,0,0,0
200202,7240,9999,,San Antonio  TX MSA ,656,656,86229,1,2,122,2,7,450,0,0,0,624,624,82322,1,2,122,2,7,450,0,0,0
200202,7320,9999,,San Diego  CA MSA ,542,542,111873,0,0,0,13,47,4261,31,347,26194,536,536,110979,0,0,0,13,47,4261,31,347,26194
200202,7362,5775,,Oakland  CA PMSA ,435,435,102615,5,10,1038,5,20,1728,11,314,20067,318,318,79288,4,8,799,5,20,1728,10,309,19600
200202,7362,7360,,San Francisco  CA PMSA ,67,67,20885,5,10,1421,3,10,1450,5,68,4806,52,52,16120,5,10,1421,3,10,1450,4,50,3649
200202,7362,7400,,San Jose  CA PMSA ,115,115,31298,2,4,513,11,42,4138,11,296,21461,102,102,29437,1,2,199,9,35,3023,10,288,20347
200202,7362,7485,,Santa Cruz-Watsonville  CA PMSA ,30,30,7298,0,0,0,0,0,0,1,9,912,5,5,866,0,0,0,0,0,0,0,0,0
200202,7362,7500,,Santa Rosa  CA PMSA ,112,112,17700,12,24,2113,2,7,526,1,5,565,69,69,11348,11,22,1952,2,7,526,1,5,565
200202,7362,8720,,Vallejo-Fairfield-Napa  CA PMSA ,101,101,19514,0,0,0,0,0,0,5,125,8977,47,47,10055,0,0,0,0,0,0,5,125,8977
200202,7460,9999,,San Luis Obispo-Atascadero-Paso Robles  CA MSA ,252,252,40803,2,4,446,0,0,0,0,0,0,242,242,38922,2,4,446,0,0,0,0,0,0
200202,7480,9999,,Santa Barbara-Santa Maria-Lompoc  CA MSA ,40,40,10387,0,0,0,0,0,0,0,0,0,39,39,10151,0,0,0,0,0,0,0,0,0
200202,7490,9999,,Santa Fe  NM MSA ,34,34,5310,0,0,0,0,0,0,1,5,347,0,0,0,0,0,0,0,0,0,0,0,0
200202,7510,9999,,Sarasota-Bradenton  FL MSA ,567,567,93113,0,0,0,24,96,10719,21,458,26941,561,561,92530,0,0,0,24,96,10719,21,458,26941
200202,7520,9999,,Savannah  GA MSA ,107,107,16184,0,0,0,0,0,0,0,0,0,95,95,14114,0,0,0,0,0,0,0,0,0
200202,7560,9999,,Scranton--Wilkes-Barre--Hazleton  PA MSA ,33,33,4061,2,4,760,0,0,0,0,0,0,28,28,3665,2,4,760,0,0,0,0,0,0
200202,7602,1150,,Bremerton  WA PMSA ,54,54,6700,0,0,0,0,0,0,0,0,0,52,52,6524,0,0,0,0,0,0,0,0,0
200202,7602,5910,,Olympia  WA PMSA ,128,128,17379,1,2,175,6,24,1636,0,0,0,123,123,16753,0,0,0,6,24,1636,0,0,0
200202,7602,7600,,Seattle-Bellevue-Everett  WA PMSA ,693,693,114335,17,34,3214,18,66,6238,7,114,8351,559,559,93926,15,30,2996,17,63,5778,4,98,6831
200202,7602,8200,,Tacoma  WA PMSA ,303,303,43869,8,16,1402,2,7,525,0,0,0,296,296,43194,8,16,1402,1,4,248,0,0,0
200202,7610,9999,,Sharon  PA MSA ,6,6,828,0,0,0,0,0,0,1,9,376,0,0,0,0,0,0,0,0,0,0,0,0
200202,7620,9999,,Sheboygan  WI MSA ,4,4,684,0,0,0,0,0,0,0,0,0,4,4,684,0,0,0,0,0,0,0,0,0
200202,7640,9999,,Sherman-Denison  TX MSA ,11,11,1178,0,0,0,0,0,0,0,0,0,9,9,976,0,0,0,0,0,0,0,0,0
200202,7680,9999,,Shreveport-Bossier City  LA MSA ,93,93,12362,0,0,0,0,0,0,0,0,0,80,80,10857,0,0,0,0,0,0,0,0,0
200202,7720,9999,,Sioux City  IA-NE MSA ,7,7,855,0,0,0,0,0,0,0,0,0,1,1,121,0,0,0,0,0,0,0,0,0
200202,7760,9999,,Sioux Falls  SD MSA ,286,286,26552,0,0,0,0,0,0,0,0,0,276,276,25515,0,0,0,0,0,0,0,0,0
200202,7800,9999,,South Bend  IN MSA ,41,41,6463,1,2,210,0,0,0,0,0,0,41,41,6463,1,2,210,0,0,0,0,0,0
200202,7840,9999,,Spokane  WA MSA ,92,92,11410,0,0,0,0,0,0,0,0,0,92,92,11410,0,0,0,0,0,0,0,0,0
200202,7880,9999,,Springfield  IL MSA ,42,42,4795,3,6,439,0,0,0,1,5,192,0,0,0,0,0,0,0,0,0,0,0,0
200202,7920,9999,,Springfield  MO MSA ,136,136,18396,17,34,2003,0,0,0,0,0,0,117,117,16651,17,34,2003,0,0,0,0,0,0
200202,8000,9999,,Springfield  MA MSA ,22,22,3631,0,0,0,1,3,400,0,0,0,16,16,3065,0,0,0,1,3,400,0,0,0
200202,8050,9999,,State College  PA MSA ,31,31,5758,0,0,0,0,0,0,0,0,0,31,31,5758,0,0,0,0,0,0,0,0,0
200202,8080,9999,,Steubenville-Weirton  OH-WV MSA ,2,2,332,0,0,0,0,0,0,0,0,0,2,2,332,0,0,0,0,0,0,0,0,0
200202,8120,9999,,Stockton-Lodi  CA MSA ,255,255,42160,0,0,0,0,0,0,0,0,0,144,144,24140,0,0,0,0,0,0,0,0,0
200202,8140,9999,,Sumter  SC MSA ,27,27,2589,0,0,0,0,0,0,1,10,1109,0,0,0,0,0,0,0,0,0,0,0,0
200202,8160,9999,,Syracuse  NY MSA ,52,52,6585,0,0,0,0,0,0,2,13,293,42,42,5462,0,0,0,0,0,0,0,0,0
200202,8240,9999,,Tallahassee  FL MSA ,160,160,21981,1,2,126,1,4,257,9,74,4398,154,154,21180,1,2,126,1,4,257,9,74,4398
200202,8280,9999,,Tampa-St. Petersburg-Clearwater  FL MSA ,1522,1522,179001,15,30,1755,6,19,974,7,59,4288,1519,1519,178380,15,30,1755,6,19,974,5,44,3456
200202,8320,9999,,Terre Haute  IN MSA ,14,14,2041,0,0,0,0,0,0,0,0,0,14,14,2041,0,0,0,0,0,0,0,0,0
200202,8360,9999,,Texarkana  TX-Texarkana  AR MSA ,11,11,925,0,0,0,0,0,0,0,0,0,11,11,925,0,0,0,0,0,0,0,0,0
200202,8400,9999,,Toledo  OH MSA ,105,105,17496,3,6,691,0,0,0,3,18,900,105,105,17496,3,6,691,0,0,0,3,18,900
200202,8440,9999,,Topeka  KS MSA ,55,55,6889,0,0,0,0,0,0,0,0,0,55,55,6889,0,0,0,0,0,0,0,0,0
200202,8520,9999,,Tucson  AZ MSA ,488,488,81598,12,24,2397,4,12,1037,2,40,2788,488,488,81598,12,24,2397,4,12,1037,2,40,2788
200202,8560,9999,,Tulsa  OK MSA ,297,297,33748,0,0,0,0,0,0,0,0,0,267,267,28251,0,0,0,0,0,0,0,0,0
200202,8600,9999,,Tuscaloosa  AL MSA ,45,45,5509,0,0,0,0,0,0,0,0,0,45,45,5509,0,0,0,0,0,0,0,0,0
200202,8640,9999,,Tyler  TX MSA ,29,29,5119,0,0,0,0,0,0,1,5,231,0,0,0,0,0,0,0,0,0,0,0,0
200202,8680,9999,,Utica-Rome  NY MSA ,4,4,490,0,0,0,0,0,0,0,0,0,1,1,125,0,0,0,0,0,0,0,0,0
200202,8750,9999,,Victoria  TX MSA ,14,14,1824,0,0,0,0,0,0,0,0,0,14,14,1824,0,0,0,0,0,0,0,0,0
200202,8780,9999,,Visalia-Tulare-Porterville  CA MSA ,117,117,13663,0,0,0,0,0,0,0,0,0,117,117,13663,0,0,0,0,0,0,0,0,0
200202,8800,9999,,Waco  TX MSA ,40,40,5503,1,2,200,1,4,160,0,0,0,33,33,4695,1,2,200,1,4,160,0,0,0
200202,8872,0720,,Baltimore  MD PMSA ,602,602,73514,0,0,0,1,4,257,3,94,5587,583,583,71895,0,0,0,1,4,257,3,94,5587
200202,8872,3180,,Hagerstown  MD PMSA ,64,64,6978,2,4,190,0,0,0,0,0,0,64,64,6978,2,4,190,0,0,0,0,0,0
200202,8872,8840,,Washington  DC-MD-VA-WV PMSA ,2526,2526,315509,1,2,162,1,3,99,7,94,6963,2182,2182,271630,0,0,0,0,0,0,3,32,2088
200202,8920,9999,,Waterloo-Cedar Falls  IA MSA ,15,15,2756,0,0,0,0,0,0,1,8,526,15,15,2756,0,0,0,0,0,0,1,8,526
200202,8940,9999,,Wausau  WI MSA ,22,22,2709,1,2,165,0,0,0,0,0,0,13,13,1660,1,2,165,0,0,0,0,0,0
200202,8960,9999,,West Palm Beach-Boca Raton  FL MSA ,570,570,92901,3,6,653,0,0,0,27,376,30202,561,561,83505,3,6,653,0,0,0,27,376,30202
200202,9000,9999,,Wheeling  WV-OH MSA ,1,1,138,0,0,0,0,0,0,0,0,0,0,0,0,0,0,0,0,0,0,0,0,0
200202,9040,9999,,Wichita  KS MSA ,126,126,13618,2,4,261,0,0,0,2,43,2124,121,121,13061,2,4,261,0,0,0,2,43,2124
200202,9080,9999,,Wichita Falls  TX MSA ,28,28,3397,0,0,0,0,0,0,0,0,0,28,28,3397,0,0,0,0,0,0,0,0,0
200202,9200,9999,,Wilmington  NC MSA ,244,244,38593,1,2,169,6,24,2065,2,13,1112,166,166,30976,1,2,169,6,24,2065,1,8,871
200202,9260,9999,,Yakima  WA MSA ,11,11,1733,3,6,548,0,0,0,0,0,0,11,11,1733,3,6,548,0,0,0,0,0,0
200202,9280,9999,,York  PA MSA ,128,128,13389,5,10,757,0,0,0,2,41,1222,112,112,11752,5,10,757,0,0,0,2,41,1222
200202,9320,9999,,Youngstown-Warren  OH MSA ,43,43,5843,4,8,578,1,3,171,1,5,285,43,43,5843,4,8,578,0,0,0,0,0,0
200202,9340,9999,,Yuba City  CA MSA ,39,39,5007,0,0,0,0,0,0,0,0,0,28,28,3258,0,0,0,0,0,0,0,0,0
200202,9360,9999,,Yuma  AZ MSA ,101,101,8942,0,0,0,0,0,0,0,0,0,100,100,8839,0,0,0,0,0,0,0,0,0
200202,1122,9999,,Boston-Worcester-Lawrence  MA-NH-ME-CT CMSA ,885,885,146492,23,46,4390,4,13,1327,15,328,23984,610,610,103465,20,40,3890,3,10,863,8,263,18228
200202,1602,9999,,Chicago-Gary-Kenosha  IL-IN-WI CMSA ,2052,2052,356534,12,24,2287,24,83,6813,33,616,44560,1784,1784,313567,7,14,1467,9,34,3058,18,303,25603
200202,1642,9999,,Cincinnati-Hamilton  OH-KY-IN CMSA ,688,688,84914,6,12,646,9,32,2281,11,108,4903,414,414,55259,4,8,472,7,26,1901,5,51,2492
200202,1692,9999,,Cleveland-Akron  OH CMSA ,615,615,106107,2,4,217,5,15,853,14,165,5599,512,512,90844,2,4,217,2,6,240,12,144,4500
200202,1922,9999,,Dallas-Fort Worth  TX CMSA ,2797,2797,430855,17,34,2098,1,4,257,36,355,25403,2213,2213,338408,14,28,1699,1,4,257,33,314,23262
200202,2082,9999,,Denver-Boulder-Greeley  CO CMSA ,1396,1396,213828,6,12,1263,4,14,1702,16,132,9704,1316,1316,204701,5,10,1127,4,14,1702,14,113,8405
200202,2162,9999,,Detroit-Ann Arbor-Flint  MI CMSA ,1147,1147,172182,6,12,1596,10,39,3481,27,220,16617,926,926,142042,6,12,1596,10,39,3481,22,191,15042
200202,3362,9999,,Houston-Galveston-Brazoria  TX CMSA ,2576,2576,369436,10,20,1361,13,51,3355,54,709,32214,2516,2516,363376,10,20,1361,13,51,3355,51,675,31241
200202,4472,9999,,Los Angeles-Riverside-Orange County  CA CMSA ,3315,3315,580258,8,16,1791,8,29,2880,68,1220,87732,3159,3159,542330,5,10,1098,5,19,2177,60,1143,82987
200202,4992,9999,,Miami-Fort Lauderdale  FL CMSA ,1216,1216,147915,6,12,759,6,24,4286,28,1427,70443,1214,1214,147324,6,12,759,6,24,4286,26,1416,67384
200202,5082,9999,,Milwaukee-Racine  WI CMSA ,313,313,61288,11,22,2440,5,20,1682,11,370,16944,269,269,52643,9,18,2095,5,20,1682,9,358,16450
200202,5602,9999,,New York-Northern New Jersey-Long Island  NY-NJ-CT-PA CMSA ,1929,1929,299434,162,324,28937,50,158,14496,83,1249,103213,1307,1307,203938,140,280,19708,46,143,10365,57,1051,91356
200202,6162,9999,,Philadelphia-Wilmington-Atlantic City  PA-NJ-DE-MD CMSA ,1497,1497,167921,14,28,2259,4,15,737,14,108,5317,1054,1054,122686,3,6,399,3,12,691,3,26,1663
200202,6442,9999,,Portland-Salem  OR-WA CMSA ,920,920,148467,19,38,3959,2,7,635,22,331,25171,854,854,139620,17,34,3576,2,7,635,21,324,24961
200202,6922,9999,,Sacramento-Yolo  CA CMSA ,1276,1276,219686,12,24,2353,2,6,390,11,266,18309,1149,1149,198127,11,22,2299,1,3,167,9,250,17350
200202,7362,9999,,San Francisco-Oakland-San Jose  CA CMSA ,860,860,199310,24,48,5085,21,79,7842,34,817,56788,593,593,147114,21,42,4371,19,72,6727,30,777,53138
200202,7602,9999,,Seattle-Tacoma-Bremerton  WA CMSA ,1178,1178,182283,26,52,4791,26,97,8399,7,114,8351,1030,1030,160397,23,46,4398,24,91,7662,4,98,6831
200202,8872,9999,,Washington-Baltimore  DC-MD-VA-WV CMSA ,3192,3192,396001,3,6,352,2,7,356,10,188,12550,2829,2829,350503,2,4,190,1,4,257,6,126,7675
