Survey,MSA/,PMSA,,MA,,1-unit,,,2-units,,,3-4 units,,,5+ units,,,1-unit rep,,,2-units rep,,,3-4 units rep,,,5+ units rep
Date,CMSA,,,Name,Bldgs,Units,Value,Bldgs,Units,Value,Bldgs,Units,Value,Bldgs,Units,Value,Bldgs,Units,Value,Bldgs,Units,Value,      Bldgs,Units,Value,Bldgs,Units,Value
 
200310,0040,9999,,Abilene  TX MSA ,15,15,2228,0,0,0,0,0,0,0,0,0,15,15,2228,0,0,0,0,0,0,0,0,0
200310,0120,9999,,Albany  GA MSA ,53,53,6844,1,2,188,0,0,0,0,0,0,22,22,3301,1,2,188,0,0,0,0,0,0
200310,0160,9999,,Albany-Schenectady-Troy  NY MSA ,163,163,33942,0,0,0,0,0,0,6,63,12959,121,121,27301,0,0,0,0,0,0,2,39,11750
200310,0200,9999,,Albuquerque  NM MSA ,601,601,68039,0,0,0,2,7,949,0,0,0,492,492,57706,0,0,0,1,4,872,0,0,0
200310,0220,9999,,Alexandria  LA MSA ,37,37,4433,0,0,0,0,0,0,1,10,595,8,8,1485,0,0,0,0,0,0,0,0,0
200310,0240,9999,,Allentown-Bethlehem-Easton  PA MSA ,200,200,28265,1,2,72,1,3,231,0,0,0,161,161,21982,1,2,72,0,0,0,0,0,0
200310,0280,9999,,Altoona  PA MSA ,3,3,372,0,0,0,0,0,0,0,0,0,3,3,372,0,0,0,0,0,0,0,0,0
200310,0320,9999,,Amarillo  TX MSA ,55,55,7822,0,0,0,0,0,0,0,0,0,55,55,7822,0,0,0,0,0,0,0,0,0
200310,0380,9999,,Anchorage  AK MSA ,77,77,16117,33,66,8753,0,0,0,6,56,4386,77,77,16117,33,66,8753,0,0,0,6,56,4386
200310,0450,9999,,Anniston  AL MSA ,11,11,1512,0,0,0,0,0,0,0,0,0,8,8,1320,0,0,0,0,0,0,0,0,0
200310,0460,9999,,Appleton-Oshkosh-Neenah  WI MSA ,156,156,25787,6,12,1024,1,3,173,2,14,664,119,119,18842,5,10,846,0,0,0,1,5,376
200310,0480,9999,,Asheville  NC MSA ,169,169,28321,0,0,0,1,4,285,0,0,0,169,169,28321,0,0,0,1,4,285,0,0,0
200310,0500,9999,,Athens  GA MSA ,95,95,16186,0,0,0,0,0,0,0,0,0,81,81,14418,0,0,0,0,0,0,0,0,0
200310,0520,9999,,Atlanta  GA MSA ,4695,4695,546864,6,12,4180,3,9,587,14,1037,67831,4131,4131,490543,5,10,730,2,6,417,12,1014,67424
200310,0580,9999,,Auburn-Opelika  AL MSA ,46,46,8061,0,0,0,0,0,0,1,8,427,37,37,7089,0,0,0,0,0,0,0,0,0
200310,0600,9999,,Augusta-Aiken  GA-SC MSA ,257,257,35428,0,0,0,0,0,0,0,0,0,228,228,32159,0,0,0,0,0,0,0,0,0
200310,0640,9999,,Austin-San Marcos  TX MSA ,688,688,81326,11,22,703,0,0,0,5,255,9250,688,688,81326,11,22,703,0,0,0,5,255,9250
200310,0680,9999,,Bakersfield  CA MSA ,465,465,62661,0,0,0,1,4,188,0,0,0,159,159,19832,0,0,0,1,4,188,0,0,0
200310,0730,9999,,Bangor  ME MSA ,25,25,3411,1,2,205,0,0,0,0,0,0,15,15,2146,0,0,0,0,0,0,0,0,0
200310,0740,9999,,Barnstable-Yarmouth  MA MSA ,71,71,16360,0,0,0,0,0,0,0,0,0,33,33,8186,0,0,0,0,0,0,0,0,0
200310,0760,9999,,Baton Rouge  LA MSA ,134,134,14255,0,0,0,0,0,0,5,65,3077,24,24,3692,0,0,0,0,0,0,0,0,0
200310,0840,9999,,Beaumont-Port Arthur  TX MSA ,52,52,7187,0,0,0,0,0,0,0,0,0,52,52,7187,0,0,0,0,0,0,0,0,0
200310,0860,9999,,Bellingham  WA MSA ,138,138,25052,1,2,342,0,0,0,3,80,5062,125,125,22860,1,2,342,0,0,0,3,80,5062
200310,0870,9999,,Benton Harbor  MI MSA ,9,9,1728,0,0,0,0,0,0,0,0,0,7,7,1170,0,0,0,0,0,0,0,0,0
200310,0880,9999,,Billings  MT MSA ,59,59,8369,0,0,0,0,0,0,0,0,0,59,59,8369,0,0,0,0,0,0,0,0,0
200310,0920,9999,,Biloxi-Gulfport-Pascagoula  MS MSA ,193,193,22804,0,0,0,0,0,0,1,6,598,178,178,20846,0,0,0,0,0,0,1,6,598
200310,0960,9999,,Binghamton  NY MSA ,10,10,2610,0,0,0,0,0,0,0,0,0,9,9,2539,0,0,0,0,0,0,0,0,0
200310,1000,9999,,Birmingham  AL MSA ,476,476,73313,0,0,0,0,0,0,4,102,6993,373,373,59456,0,0,0,0,0,0,4,102,6993
200310,1010,9999,,Bismarck  ND MSA ,87,87,13147,0,0,0,0,0,0,1,8,525,84,84,12764,0,0,0,0,0,0,1,8,525
200310,1020,9999,,Bloomington  IN MSA ,66,66,9660,10,20,1799,0,0,0,2,20,1111,0,0,0,0,0,0,0,0,0,0,0,0
200310,1040,9999,,Bloomington-Normal  IL MSA ,95,95,11873,1,2,120,2,8,480,1,9,491,94,94,11803,1,2,120,2,8,480,1,9,491
200310,1080,9999,,Boise City  ID MSA ,633,633,96619,11,22,1607,7,27,1562,0,0,0,469,469,78381,9,18,1349,3,12,676,0,0,0
200310,1122,1120,,Boston  MA-NH PMSA ,417,417,89778,20,40,4841,6,18,1421,14,335,28865,254,254,62983,15,30,3879,4,12,917,6,274,22253
200310,1122,1200,,Brockton  MA PMSA ,62,62,9534,3,6,491,0,0,0,0,0,0,23,23,3537,2,4,351,0,0,0,0,0,0
200310,1122,2600,,Fitchburg-Leominster  MA PMSA ,41,41,6719,4,8,918,0,0,0,0,0,0,26,26,4376,4,8,918,0,0,0,0,0,0
200310,1122,4160,,Lawrence  MA-NH PMSA ,76,76,12800,0,0,0,3,12,1935,2,75,2144,33,33,6185,0,0,0,3,12,1935,1,70,1430
200310,1122,4560,,Lowell  MA-NH PMSA ,76,76,12082,2,4,272,2,7,549,2,14,1147,54,54,8570,0,0,0,0,0,0,1,9,450
200310,1122,4760,,Manchester  NH PMSA ,107,107,20514,3,6,239,0,0,0,1,7,602,102,102,19827,3,6,239,0,0,0,1,7,602
200310,1122,5350,,Nashua  NH PMSA ,52,52,8915,5,10,810,1,3,397,3,18,1062,11,11,1809,4,8,540,0,0,0,1,6,270
200310,1122,5400,,New Bedford  MA PMSA ,38,38,5418,0,0,0,0,0,0,1,5,297,16,16,2782,0,0,0,0,0,0,0,0,0
200310,1122,6450,,Portsmouth-Rochester  NH-ME PMSA ,101,101,18280,2,4,325,0,0,0,2,16,1653,63,63,11544,1,2,175,0,0,0,0,0,0
200310,1122,9240,,Worcester  MA-CT PMSA ,235,235,35937,0,0,0,1,3,300,1,8,770,175,175,26995,0,0,0,0,0,0,1,8,770
200310,1240,9999,,Brownsville-Harlingen-San Benito  TX MSA ,214,214,16760,1,2,58,0,0,0,0,0,0,146,146,13153,0,0,0,0,0,0,0,0,0
200310,1260,9999,,Bryan-College Station  TX MSA ,66,66,9622,0,0,0,0,0,0,0,0,0,66,66,9622,0,0,0,0,0,0,0,0,0
200310,1280,9999,,Buffalo-Niagara Falls  NY MSA ,183,183,33205,1,2,194,1,3,289,7,52,3206,155,155,29113,0,0,0,0,0,0,6,47,2925
200310,1305,9999,,Burlington  VT MSA ,46,46,7210,2,4,234,2,6,380,3,19,1110,22,22,3178,0,0,0,0,0,0,0,0,0
200310,1320,9999,,Canton-Massillon  OH MSA ,124,124,21673,0,0,0,0,0,0,0,0,0,3,3,848,0,0,0,0,0,0,0,0,0
200310,1350,9999,,Casper  WY MSA ,17,17,3405,0,0,0,0,0,0,0,0,0,17,17,3405,0,0,0,0,0,0,0,0,0
200310,1360,9999,,Cedar Rapids  IA MSA ,84,84,9032,3,6,621,3,10,680,2,20,698,37,37,4255,2,4,441,3,10,680,0,0,0
200310,1400,9999,,Champaign-Urbana  IL MSA ,56,56,9348,2,4,250,0,0,0,1,96,2250,56,56,9348,2,4,250,0,0,0,1,96,2250
200310,1440,9999,,Charleston-North Charleston  SC MSA ,533,533,81618,0,0,0,2,7,211,8,188,14346,337,337,50357,0,0,0,1,4,60,6,147,11135
200310,1480,9999,,Charleston  WV MSA ,26,26,3476,0,0,0,1,3,124,2,10,629,2,2,195,0,0,0,0,0,0,0,0,0
200310,1520,9999,,Charlotte-Gastonia-Rock Hill  NC-SC MSA ,1332,1332,187000,3,6,498,8,30,2087,23,432,27685,1205,1205,170099,2,4,426,8,30,2087,22,427,27312
200310,1540,9999,,Charlottesville  VA MSA ,98,98,20030,8,16,2234,1,3,235,1,8,300,98,98,20030,8,16,2234,1,3,235,1,8,300
200310,1560,9999,,Chattanooga  TN-GA MSA ,222,222,31058,6,12,542,1,3,259,2,15,1039,138,138,20693,2,4,180,0,0,0,1,6,615
200310,1580,9999,,Cheyenne  WY MSA ,56,56,10136,0,0,0,0,0,0,1,5,290,29,29,6807,0,0,0,0,0,0,0,0,0
200310,1602,1600,,Chicago  IL PMSA ,3435,3435,635936,44,88,12351,44,162,23776,68,1397,139492,2664,2664,505557,26,52,8349,13,49,5611,21,560,56541
200310,1602,2960,,Gary  IN PMSA ,302,302,47626,29,58,6561,5,18,1363,3,40,4762,276,276,44539,28,56,6356,5,18,1363,3,40,4762
200310,1602,3740,,Kankakee  IL PMSA ,62,62,9938,2,4,422,1,4,216,0,0,0,47,47,7783,0,0,0,0,0,0,0,0,0
200310,1602,3800,,Kenosha  WI PMSA ,82,82,14001,1,2,250,0,0,0,1,15,878,54,54,10546,1,2,250,0,0,0,0,0,0
200310,1620,9999,,Chico-Paradise  CA MSA ,124,124,14995,0,0,0,8,24,2339,7,59,7753,124,124,14995,0,0,0,8,24,2339,7,59,7753
200310,1642,1640,,Cincinnati  OH-KY-IN PMSA ,803,803,109755,3,6,517,5,18,1534,6,42,4604,739,739,101705,3,6,517,5,18,1534,2,18,3599
200310,1642,3200,,Hamilton-Middletown  OH PMSA ,262,262,42099,1,2,119,0,0,0,9,152,2732,245,245,40373,0,0,0,0,0,0,9,152,2732
200310,1660,9999,,Clarksville-Hopkinsville  TN-KY MSA ,163,163,12797,0,0,0,0,0,0,20,288,9640,163,163,12797,0,0,0,0,0,0,20,288,9640
200310,1692,0080,,Akron  OH PMSA ,238,238,44192,0,0,0,2,6,606,0,0,0,166,166,34682,0,0,0,2,6,606,0,0,0
200310,1692,1680,,Cleveland-Lorain-Elyria  OH PMSA ,737,737,132140,5,10,1225,5,17,1272,2,14,1182,508,508,98469,2,4,600,1,4,413,1,8,546
200310,1720,9999,,Colorado Springs  CO MSA ,456,456,61117,0,0,0,0,0,0,0,0,0,456,456,61117,0,0,0,0,0,0,0,0,0
200310,1740,9999,,Columbia  MO MSA ,127,127,19300,5,10,750,1,3,195,0,0,0,127,127,19300,5,10,750,1,3,195,0,0,0
200310,1760,9999,,Columbia  SC MSA ,416,416,41011,1,2,72,1,3,110,2,27,751,167,167,18528,0,0,0,0,0,0,0,0,0
200310,1800,9999,,Columbus  GA-AL MSA ,121,121,18644,5,10,427,1,4,278,13,202,12355,121,121,18644,5,10,427,1,4,278,13,202,12355
200310,1840,9999,,Columbus  OH MSA ,1108,1108,192723,5,10,1302,15,57,4731,31,443,17933,420,420,82128,2,4,796,5,18,2007,1,6,270
200310,1880,9999,,Corpus Christi  TX MSA ,97,97,10826,1,2,138,1,4,272,1,16,683,1,1,122,0,0,0,0,0,0,0,0,0
200310,1890,9999,,Corvallis OR MSA ,33,33,6527,1,2,157,0,0,0,9,64,3646,33,33,6527,1,2,157,0,0,0,9,64,3646
200310,1900,9999,,Cumberland  MD-WV MSA ,21,21,2145,0,0,0,0,0,0,0,0,0,10,10,1201,0,0,0,0,0,0,0,0,0
200310,1922,1920,,Dallas  TX PMSA ,2404,2404,416282,9,18,1985,4,14,1538,44,1008,46919,2143,2143,372695,9,18,1985,3,11,1100,40,957,43746
200310,1922,2800,,Fort Worth-Arlington  TX PMSA ,1145,1145,162251,4,8,550,2,7,236,12,248,11717,1005,1005,140754,4,8,550,0,0,0,12,248,11717
200310,1950,9999,,Danville  VA MSA ,31,31,3865,2,4,244,0,0,0,1,5,295,12,12,1472,2,4,244,0,0,0,0,0,0
200310,1960,9999,,Davenport-Moline-Rock Island  IA-IL MSA ,44,44,9020,0,0,0,0,0,0,0,0,0,39,39,8245,0,0,0,0,0,0,0,0,0
200310,2000,9999,,Dayton-Springfield  OH MSA ,216,216,43012,3,6,699,1,3,300,3,17,1130,213,213,42648,3,6,699,1,3,300,3,17,1130
200310,2020,9999,,Daytona Beach  FL MSA ,813,813,118180,13,26,1612,0,0,0,7,214,29566,795,795,115795,13,26,1612,0,0,0,6,204,28150
200310,2030,9999,,Decatur  Al MSA ,33,33,3772,0,0,0,0,0,0,0,0,0,13,13,1291,0,0,0,0,0,0,0,0,0
200310,2040,9999,,Decatur  IL MSA ,1,1,30,0,0,0,0,0,0,0,0,0,1,1,30,0,0,0,0,0,0,0,0,0
200310,2082,1125,,Boulder-Longmont  CO PMSA ,137,137,23973,0,0,0,2,8,865,2,12,1148,137,137,23973,0,0,0,2,8,865,2,12,1148
200310,2082,2080,,Denver  CO PMSA ,1330,1330,212220,3,6,622,2,8,992,13,627,46949,1237,1237,198153,1,2,198,0,0,0,10,554,43401
200310,2082,3060,,Greeley  CO PMSA ,339,339,56831,3,6,653,0,0,0,1,8,735,336,336,56394,3,6,653,0,0,0,1,8,735
200310,2120,9999,,Des Moines  IA MSA ,438,438,69088,5,10,938,1,3,325,5,56,3786,409,409,64637,5,10,938,0,0,0,4,41,2614
200310,2162,0440,,Ann Arbor  MI PMSA ,502,502,75675,3,6,653,2,8,1030,7,68,4274,351,351,59222,2,4,353,2,8,1030,7,68,4274
200310,2162,2160,,Detroit  MI PMSA ,1829,1829,273105,8,16,1684,14,48,4299,52,456,32307,1531,1531,220352,6,12,1226,12,42,3880,45,407,28508
200310,2162,2640,,Flint  MI PMSA ,189,189,28541,0,0,0,0,0,0,0,0,0,174,174,26520,0,0,0,0,0,0,0,0,0
200310,2180,9999,,Dothan  AL MSA ,43,43,3559,0,0,0,0,0,0,0,0,0,43,43,3559,0,0,0,0,0,0,0,0,0
200310,2190,9999,,Dover  DE MSA ,172,172,19767,0,0,0,2,8,700,0,0,0,170,170,19550,0,0,0,2,8,700,0,0,0
200310,2200,9999,,Dubuque  IA MSA ,15,15,2533,3,6,468,0,0,0,0,0,0,15,15,2533,3,6,468,0,0,0,0,0,0
200310,2240,9999,,Duluth-Superior  MN-WI MSA ,74,74,12936,2,4,367,1,3,300,0,0,0,60,60,10949,1,2,100,0,0,0,0,0,0
200310,2290,9999,,Eau Claire  WI MSA ,103,103,15533,9,18,1590,0,0,0,1,8,170,101,101,15304,9,18,1590,0,0,0,1,8,170
200310,2320,9999,,El Paso  TX MSA ,320,320,17922,1,2,72,2,8,303,1,5,426,11,11,808,0,0,0,0,0,0,0,0,0
200310,2330,9999,,Elkhart-Goshen  IN MSA ,101,101,14469,0,0,0,1,3,164,1,5,150,96,96,13762,0,0,0,0,0,0,0,0,0
200310,2335,9999,,Elmira  NY MSA ,3,3,382,0,0,0,0,0,0,0,0,0,0,0,0,0,0,0,0,0,0,0,0,0
200310,2340,9999,,Enid  OK MSA ,2,2,335,2,4,465,0,0,0,0,0,0,2,2,335,2,4,465,0,0,0,0,0,0
200310,2360,9999,,Erie  PA MSA ,21,21,2833,1,2,153,4,16,916,0,0,0,19,19,2518,1,2,153,4,16,916,0,0,0
200310,2400,9999,,Eugene-Springfield  OR MSA ,155,155,26920,4,8,631,0,0,0,1,14,1200,130,130,23814,1,2,192,0,0,0,1,14,1200
200310,2440,9999,,Evansville-Henderson  IN-KY MSA ,125,125,16737,0,0,0,0,0,0,1,5,188,82,82,9919,0,0,0,0,0,0,0,0,0
200310,2520,9999,,Fargo-Moorhead  ND-MN MSA ,111,111,14860,4,8,590,1,3,254,3,73,3846,77,77,10672,2,4,410,0,0,0,2,68,3580
200310,2560,9999,,Fayetteville  NC MSA ,125,125,17155,0,0,0,0,0,0,2,16,1342,125,125,17155,0,0,0,0,0,0,2,16,1342
200310,2580,9999,,Fayetteville-Springdale-Rogers  AR MSA ,216,216,31906,9,18,1748,1,3,189,25,216,16302,165,165,25765,8,16,1647,0,0,0,24,202,15868
200310,2620,9999,,Flagstaff  AZ-UT MSA ,68,68,11219,2,4,182,0,0,0,0,0,0,68,68,11219,2,4,182,0,0,0,0,0,0
200310,2650,9999,,Florence  AL MSA ,9,9,1101,0,0,0,0,0,0,7,80,1392,9,9,1101,0,0,0,0,0,0,7,80,1392
200310,2655,9999,,Florence  SC MSA ,46,46,6353,0,0,0,0,0,0,1,5,188,0,0,0,0,0,0,0,0,0,0,0,0
200310,2670,9999,,Fort Collins-Loveland  CO MSA ,277,277,40350,5,10,1163,3,10,1062,3,29,1997,99,99,13133,0,0,0,0,0,0,0,0,0
200310,2700,9999,,Fort Myers-Cape Coral  FL MSA ,1041,1041,142155,60,120,10177,18,71,9479,15,203,19366,1006,1006,135559,60,120,10177,17,67,8939,12,150,15682
200310,2710,9999,,Fort Pierce-Port St. Lucie  FL MSA ,455,455,61965,8,16,1756,4,13,1727,14,321,18338,181,181,32288,8,16,1756,3,10,1475,12,273,15811
200310,2720,9999,,Fort Smith  AR-OK MSA ,33,33,5698,3,6,482,0,0,0,0,0,0,17,17,3860,2,4,352,0,0,0,0,0,0
200310,2750,9999,,Fort Walton Beach  FL MSA ,139,139,25907,0,0,0,0,0,0,3,107,24526,26,26,7119,0,0,0,0,0,0,1,78,22000
200310,2760,9999,,Fort Wayne  IN MSA ,251,251,38253,0,0,0,0,0,0,0,0,0,232,232,35780,0,0,0,0,0,0,0,0,0
200310,2840,9999,,Fresno  CA MSA ,486,486,83858,1,2,198,17,68,5802,45,384,25616,419,419,74914,1,2,198,17,68,5802,45,384,25616
200310,2880,9999,,Gadsden  AL MSA ,10,10,1213,0,0,0,0,0,0,0,0,0,10,10,1213,0,0,0,0,0,0,0,0,0
200310,2900,9999,,Gainesville  FL MSA ,139,139,18432,1,2,230,0,0,0,0,0,0,127,127,17262,1,2,230,0,0,0,0,0,0
200310,2975,9999,,Glens Falls  NY MSA ,64,64,8699,1,2,382,0,0,0,3,18,370,49,49,7556,1,2,382,0,0,0,1,8,185
200310,2980,9999,,Goldsboro  NC MSA ,69,69,6428,0,0,0,0,0,0,0,0,0,69,69,6428,0,0,0,0,0,0,0,0,0
200310,2985,9999,,Grand Forks  ND-MN MSA ,23,23,3940,0,0,0,0,0,0,2,48,2746,23,23,3940,0,0,0,0,0,0,2,48,2746
200310,2995,9999,,Grand Junction  CO MSA ,114,114,16447,2,4,388,3,11,786,0,0,0,114,114,16447,2,4,388,3,11,786,0,0,0
200310,3000,9999,,Grand Rapids-Muskegon-Holland  MI MSA ,626,626,95252,13,26,2013,6,22,1472,8,77,3075,452,452,71340,9,18,1567,5,19,1260,3,47,1880
200310,3040,9999,,Great Falls  MT MSA ,17,17,2559,0,0,0,0,0,0,1,12,510,17,17,2559,0,0,0,0,0,0,1,12,510
200310,3080,9999,,Green Bay  WI MSA ,92,92,17347,5,10,902,0,0,0,7,68,3178,79,79,15347,3,6,580,0,0,0,5,45,2300
200310,3120,9999,,Greensboro--Winston-Salem--High Point  NC MSA ,816,816,110073,17,34,2100,0,0,0,1,5,155,813,813,109674,17,34,2100,0,0,0,0,0,0
200310,3150,9999,,Greenville  NC MSA ,71,71,9784,1,2,171,0,0,0,12,180,11089,30,30,3910,0,0,0,0,0,0,12,180,11089
200310,3160,9999,,Greenville-Spartanburg-Anderson  SC MSA ,617,617,69650,4,8,484,0,0,0,0,0,0,607,607,67813,3,6,386,0,0,0,0,0,0
200310,3240,9999,,Harrisburg-Lebanon-Carlisle  PA MSA ,202,202,26719,1,2,271,1,3,425,2,64,1662,149,149,21043,1,2,271,0,0,0,2,64,1662
200310,3280,9999,,Hartford  CT MSA ,369,369,49957,2,4,405,0,0,0,7,44,1423,293,293,40085,0,0,0,0,0,0,0,0,0
200310,3285,9999,,Hattiesburg  MS MSA ,8,8,425,0,0,0,0,0,0,0,0,0,7,7,355,0,0,0,0,0,0,0,0,0
200310,3290,9999,,Hickory-Morganton-Lenoir  NC MSA ,154,154,23075,0,0,0,0,0,0,0,0,0,138,138,20764,0,0,0,0,0,0,0,0,0
200310,3320,9999,,Honolulu  HI MSA ,221,221,41339,0,0,0,0,0,0,0,0,0,221,221,41339,0,0,0,0,0,0,0,0,0
200310,3350,9999,,Houma  LA MSA ,87,87,8187,0,0,0,0,0,0,0,0,0,60,60,4854,0,0,0,0,0,0,0,0,0
200310,3362,1145,,Brazoria  TX PMSA ,338,338,58781,0,0,0,0,0,0,0,0,0,337,337,58715,0,0,0,0,0,0,0,0,0
200310,3362,2920,,Galveston-Texas City  TX PMSA ,251,251,36057,2,4,128,0,0,0,0,0,0,250,250,35970,2,4,128,0,0,0,0,0,0
200310,3362,3360,,Houston  TX PMSA ,2675,2675,339636,6,12,482,0,0,0,76,1790,95877,2643,2643,331624,6,12,482,0,0,0,75,1775,95547
200310,3400,9999,,Huntington-Ashland  WV-KY-OH MSA ,5,5,726,1,2,107,0,0,0,0,0,0,3,3,562,1,2,107,0,0,0,0,0,0
200310,3440,9999,,Huntsville  AL MSA ,95,95,5998,0,0,0,0,0,0,6,57,2285,45,45,3707,0,0,0,0,0,0,5,40,1280
200310,3480,9999,,Indianapolis  IN MSA ,1245,1245,209725,22,44,3855,5,19,1200,7,63,6916,1031,1031,172864,20,40,3623,4,16,1200,6,50,6241
200310,3500,9999,,Iowa City  IA MSA ,52,52,11538,0,0,0,1,4,400,0,0,37,52,52,11538,0,0,0,1,4,400,0,0,37
200310,3520,9999,,Jackson  MI MSA ,16,16,2236,0,0,0,0,0,0,0,0,0,15,15,2159,0,0,0,0,0,0,0,0,0
200310,3560,9999,,Jackson  MS MSA ,311,311,36193,0,0,0,0,0,0,6,69,2955,268,268,28031,0,0,0,0,0,0,0,0,0
200310,3580,9999,,Jackson  TN MSA ,42,42,4834,0,0,0,0,0,0,0,0,0,42,42,4834,0,0,0,0,0,0,0,0,0
200310,3600,9999,,Jacksonville  FL MSA ,1058,1058,140490,1,2,146,5,19,1503,12,210,13063,1056,1056,140261,1,2,146,4,16,1113,12,210,13063
200310,3605,9999,,Jacksonville  NC MSA ,108,108,10730,0,0,0,0,0,0,0,0,0,47,47,5617,0,0,0,0,0,0,0,0,0
200310,3610,9999,,Jamestown  NY MSA ,1,1,88,0,0,0,0,0,0,0,0,0,0,0,0,0,0,0,0,0,0,0,0,0
200310,3620,9999,,Janesville-Beloit  WI MSA ,43,43,6402,1,2,225,1,3,225,1,5,175,42,42,6308,1,2,225,0,0,0,0,0,0
200310,3660,9999,,Johnson City-Kingsport-Bristol  TN-VA MSA ,131,131,14544,0,0,0,0,0,0,3,17,592,70,70,9443,0,0,0,0,0,0,2,10,300
200310,3680,9999,,Johnstown  PA MSA ,9,9,940,0,0,0,0,0,0,0,0,0,7,7,639,0,0,0,0,0,0,0,0,0
200310,3700,9999,,Jonesboro  AR MSA ,77,77,3347,0,0,0,0,0,0,0,0,0,77,77,3347,0,0,0,0,0,0,0,0,0
200310,3710,9999,,Joplin  MO MSA ,23,23,1877,0,0,0,0,0,0,0,0,0,23,23,1877,0,0,0,0,0,0,0,0,0
200310,3720,9999,,Kalamazoo-Battle Creek  MI MSA ,124,124,22505,0,0,0,3,12,1534,2,28,1851,88,88,18251,0,0,0,3,12,1534,2,28,1851
200310,3760,9999,,Kansas City  MO-KS MSA ,1084,1084,180225,32,64,6898,12,40,3102,24,306,12697,974,974,166744,30,60,6584,10,34,2629,22,296,12204
200310,3810,9999,,Killeen-Temple  TX MSA ,130,130,16586,5,10,680,3,12,489,0,0,0,130,130,16586,5,10,680,3,12,489,0,0,0
200310,3840,9999,,Knoxville  TN MSA ,425,425,51141,0,0,0,4,14,701,3,26,830,419,419,50377,0,0,0,4,14,701,2,18,450
200310,3850,9999,,Kokomo  IN MSA ,34,34,5065,2,4,620,0,0,0,1,5,299,15,15,1968,2,4,620,0,0,0,0,0,0
200310,3870,9999,,La Crosse  WI-MN MSA ,35,35,5583,5,10,1014,1,4,165,0,0,0,35,35,5583,5,10,1014,1,4,165,0,0,0
200310,3880,9999,,Lafayette  LA MSA ,120,120,14759,1,2,100,0,0,0,1,36,1888,48,48,5024,1,2,100,0,0,0,0,0,0
200310,3920,9999,,Lafayette  IN MSA ,110,110,15037,5,10,874,0,0,0,1,39,2975,49,49,5910,0,0,0,0,0,0,1,39,2975
200310,3960,9999,,Lake Charles  LA MSA ,118,118,14361,1,2,110,0,0,0,0,0,0,115,115,13882,1,2,110,0,0,0,0,0,0
200310,3980,9999,,Lakeland-Winter Haven  FL MSA ,411,411,51846,0,0,0,0,0,0,0,0,0,407,407,51503,0,0,0,0,0,0,0,0,0
200310,4000,9999,,Lancaster  PA MSA ,105,105,17897,1,2,210,2,8,577,5,54,3404,63,63,11420,1,2,210,2,8,577,4,30,1580
200310,4040,9999,,Lansing-East Lansing  MI MSA ,148,148,21222,0,0,0,0,0,0,11,158,10730,80,80,11324,0,0,0,0,0,0,10,148,10213
200310,4080,9999,,Laredo  TX MSA ,140,140,11424,1,2,84,1,3,117,3,29,1255,0,0,0,0,0,0,0,0,0,0,0,0
200310,4100,9999,,Las Cruces  NM MSA ,119,119,20770,0,0,0,0,0,0,0,0,0,114,114,20235,0,0,0,0,0,0,0,0,0
200310,4120,9999,,Las Vegas  NV-AZ MSA ,2243,2243,296744,14,28,1832,26,86,6230,61,859,35285,2016,2016,275203,0,0,0,25,83,6072,60,854,34853
200310,4150,9999,,Lawrence  KS MSA ,43,43,7619,1,2,108,0,0,0,0,0,0,35,35,6096,1,2,108,0,0,0,0,0,0
200310,4200,9999,,Lawton  OK MSA ,13,13,1562,0,0,0,0,0,0,0,0,0,0,0,0,0,0,0,0,0,0,0,0,0
200310,4240,9999,,Lewiston-Auburn  ME MSA ,41,41,4611,0,0,0,0,0,0,1,5,500,41,41,4611,0,0,0,0,0,0,1,5,500
200310,4280,9999,,Lexington  KY MSA ,369,369,50168,18,36,2384,0,0,0,3,24,750,338,338,47183,18,36,2384,0,0,0,3,24,750
200310,4320,9999,,Lima  OH MSA ,15,15,2461,0,0,0,0,0,0,0,0,0,15,15,2461,0,0,0,0,0,0,0,0,0
200310,4360,9999,,Lincoln  NE MSA ,160,160,22331,3,6,417,0,0,0,2,25,1232,3,3,359,0,0,0,0,0,0,0,0,0
200310,4400,9999,,Little Rock-North Little Rock  AR MSA ,264,264,48249,0,0,0,0,0,0,5,37,2225,262,262,47905,0,0,0,0,0,0,5,37,2225
200310,4420,9999,,Longview-Marshall  TX MSA ,17,17,3292,0,0,0,0,0,0,0,0,0,17,17,3292,0,0,0,0,0,0,0,0,0
200310,4472,4480,,Los Angeles-Long Beach  CA PMSA ,1059,1059,205545,37,74,7473,12,41,2910,52,1575,127584,969,969,185092,35,70,7173,6,21,1845,43,1518,123211
200310,4472,5945,,Orange County  CA PMSA ,729,729,161405,7,14,2702,5,20,2208,5,90,7622,694,694,154528,3,6,2160,5,20,2208,4,82,7070
200310,4472,6780,,Riverside-San Bernardino  CA PMSA ,2746,2746,476075,6,12,1184,2,8,703,28,278,20487,2580,2580,445157,4,8,792,2,8,703,28,278,20487
200310,4472,8735,,Ventura  CA PMSA ,287,287,75475,0,0,0,1,3,513,2,25,2357,231,231,60874,0,0,0,0,0,0,0,0,0
200310,4520,9999,,Louisville  KY-IN MSA ,674,674,91377,0,0,0,0,0,0,11,170,9800,566,566,76129,0,0,0,0,0,0,9,149,9113
200310,4600,9999,,Lubbock  TX MSA ,137,137,18760,7,14,1195,1,4,260,0,0,0,137,137,18760,7,14,1195,1,4,260,0,0,0
200310,4640,9999,,Lynchburg  VA MSA ,96,96,12960,0,0,0,0,0,0,1,16,862,75,75,10666,0,0,0,0,0,0,0,0,0
200310,4680,9999,,Macon  GA MSA ,214,214,23715,6,12,832,10,37,1246,0,0,0,214,214,23715,6,12,832,10,37,1246,0,0,0
200310,4720,9999,,Madison  WI MSA ,246,246,48093,10,20,2380,6,24,2086,7,247,28538,209,209,43100,8,16,1762,3,12,1160,5,231,27600
200310,4800,9999,,Mansfield  OH MSA ,41,41,5346,2,4,397,0,0,0,0,0,0,1,1,160,0,0,0,0,0,0,0,0,0
200310,4880,9999,,McAllen-Edinburg-Mission  TX MSA ,538,538,33520,5,10,366,11,40,1124,5,42,1169,119,119,7480,0,0,0,3,12,356,1,8,120
200310,4890,9999,,Medford-Ashland  OR MSA ,160,160,17529,3,6,537,8,32,1935,0,0,0,149,149,15804,3,6,537,8,32,1935,0,0,0
200310,4900,9999,,Melbourne-Titusville-Palm Bay  FL MSA ,544,544,90028,2,4,371,0,0,0,11,187,20872,515,515,86296,2,4,371,0,0,0,10,171,19875
200310,4920,9999,,Memphis  TN-AR-MS MSA ,792,792,109427,0,0,0,4,16,878,1,100,6116,783,783,108788,0,0,0,4,16,878,1,100,6116
200310,4940,9999,,Merced  CA MSA ,170,170,24140,0,0,0,1,3,181,16,128,10246,165,165,23464,0,0,0,1,3,181,16,128,10246
200310,4992,2680,,Fort Lauderdale  FL PMSA ,388,388,59039,10,20,1460,2,7,487,16,267,19878,216,216,36814,10,20,1460,2,7,487,10,183,12197
200310,4992,5000,,Miami  FL PMSA ,693,693,88210,19,38,3417,8,31,1698,13,547,65112,665,665,84342,18,36,3342,8,31,1698,11,514,62862
200310,5082,5080,,Milwaukee-Waukesha  WI PMSA ,397,397,90606,13,26,2894,1,4,534,5,54,5000,322,322,73335,9,18,1910,1,4,534,2,36,3744
200310,5082,6600,,Racine  WI PMSA ,94,94,15541,1,2,156,0,0,0,0,0,0,91,91,15191,0,0,0,0,0,0,0,0,0
200310,5120,9999,,Minneapolis-St. Paul  MN-WI MSA ,2139,2139,376042,14,28,3361,26,96,10758,35,459,47096,1906,1906,334247,12,24,2835,22,82,9225,29,366,37832
200310,5140,9999,,Missoula  MT MSA ,42,42,4156,8,16,1026,2,8,358,4,68,2710,0,0,0,0,0,0,0,0,0,0,0,0
200310,5160,9999,,Mobile  AL MSA ,348,348,41017,0,0,0,0,0,0,1,5,153,117,117,16576,0,0,0,0,0,0,0,0,0
200310,5170,9999,,Modesto  CA MSA ,342,342,50390,8,16,1177,13,52,3654,0,0,0,306,306,45818,8,16,1177,13,52,3654,0,0,0
200310,5200,9999,,Monroe  LA MSA ,38,38,6404,0,0,0,1,3,47,0,0,0,3,3,1279,0,0,0,0,0,0,0,0,0
200310,5240,9999,,Montgomery  AL MSA ,114,114,13623,0,0,0,0,0,0,23,184,10000,114,114,13623,0,0,0,0,0,0,23,184,10000
200310,5280,9999,,Muncie  IN MSA ,22,22,4051,0,0,0,0,0,0,0,0,0,2,2,162,0,0,0,0,0,0,0,0,0
200310,5330,9999,,Myrtle Beach  SC MSA ,320,320,41842,4,8,1200,2,7,534,11,175,11369,320,320,41842,4,8,1200,2,7,534,11,175,11369
200310,5345,9999,,Naples  FL MSA ,220,220,52927,8,16,1961,13,52,8625,10,82,13518,208,208,41974,8,16,1961,13,52,8625,9,67,6577
200310,5360,9999,,Nashville  TN MSA ,1134,1134,168844,7,14,1316,2,7,604,24,244,13104,1056,1056,156282,7,14,1316,2,7,604,23,236,12750
200310,5520,9999,,New London-Norwich  CT-RI MSA ,84,84,12240,0,0,0,0,0,0,1,11,508,49,49,6841,0,0,0,0,0,0,0,0,0
200310,5560,9999,,New Orleans  LA MSA ,469,469,72929,5,10,664,3,12,835,0,0,0,460,460,71099,5,10,664,3,12,835,0,0,0
200310,5602,0875,,Bergen-Passaic  NJ PMSA ,153,153,27268,23,46,3965,0,0,0,4,62,5476,70,70,13383,18,36,3058,0,0,0,3,52,3832
200310,5602,1160,,Bridgeport  CT PMSA ,75,75,11327,2,4,210,3,12,768,6,108,7494,72,72,11031,2,4,210,3,12,768,6,108,7494
200310,5602,1930,,Danbury  CT PMSA ,67,67,14690,1,2,114,2,6,434,3,18,1823,66,66,14473,1,2,114,2,6,434,3,18,1823
200310,5602,2281,,Dutchess County  NY PMSA ,106,106,20287,0,0,0,0,0,0,2,11,889,51,51,8944,0,0,0,0,0,0,0,0,0
200310,5602,3640,,Jersey City  NJ PMSA ,5,5,866,21,42,2488,4,13,559,6,131,13828,0,0,0,2,4,334,0,0,0,0,0,0
200310,5602,5015,,Middlesex-Somerset-Hunterdon  NJ PMSA ,295,295,50483,1,2,121,1,3,244,4,27,2179,209,209,38486,0,0,0,0,0,0,0,0,56
200310,5602,5190,,Monmouth-Ocean  NJ PMSA ,483,483,74075,0,0,0,11,34,1230,12,150,5119,381,381,61412,0,0,0,11,34,1230,11,136,4198
200310,5602,5380,,Nassau-Suffolk  NY PMSA ,354,354,66940,17,34,13369,3,11,5376,3,22,4290,219,219,46156,4,8,824,0,0,0,0,0,0
200310,5602,5480,,New Haven-Meriden  CT PMSA ,79,79,13699,0,0,0,0,0,0,4,23,854,46,46,8612,0,0,0,0,0,0,3,18,635
200310,5602,5600,,New York  NY PMSA ,381,381,69728,235,470,41507,110,356,25487,47,843,61886,288,288,46308,232,464,40748,107,347,25073,44,820,59716
200310,5602,5640,,Newark  NJ PMSA ,261,261,38327,41,82,6363,36,109,7859,29,284,16934,124,124,21037,30,60,5143,36,109,7859,22,204,13306
200310,5602,5660,,Newburgh  NY-PA PMSA ,289,289,46209,0,0,0,9,31,2256,1,5,255,227,227,36747,0,0,0,0,0,0,0,0,0
200310,5602,8040,,Stamford-Norwalk  CT PMSA ,56,56,31248,4,8,1331,0,0,0,1,6,460,38,38,18460,3,6,966,0,0,0,1,6,460
200310,5602,8480,,Trenton  NJ PMSA ,99,99,10105,3,6,279,0,0,0,3,24,1489,14,14,2505,0,0,0,0,0,0,0,0,0
200310,5602,8880,,Waterbury  CT PMSA ,56,56,9181,0,0,0,0,0,0,0,0,0,47,47,7839,0,0,0,0,0,0,0,0,0
200310,5720,9999,,Norfolk-Virginia Beach-Newport News  VA-NC MSA ,618,618,82678,3,6,886,7,23,1755,25,536,31923,366,366,47888,3,6,886,6,20,1564,20,483,29542
200310,5790,9999,,Ocala  FL MSA ,502,502,63318,5,10,410,5,18,764,0,0,0,502,502,63318,5,10,410,5,18,764,0,0,0
200310,5800,9999,,Odessa-Midland  TX MSA ,35,35,4322,0,0,0,0,0,0,0,0,0,35,35,4322,0,0,0,0,0,0,0,0,0
200310,5880,9999,,Oklahoma City  OK MSA ,542,542,74860,8,16,1168,0,0,0,19,192,11743,529,529,73046,8,16,1168,0,0,0,19,192,11743
200310,5920,9999,,Omaha  NE-IA MSA ,476,476,62049,5,10,922,0,0,0,7,72,5798,464,464,60219,5,10,922,0,0,0,7,72,5798
200310,5960,9999,,Orlando  FL MSA ,2134,2134,310816,2,4,219,3,10,939,40,938,59216,1759,1759,263173,1,2,146,2,7,684,38,872,55986
200310,5990,9999,,Owensboro  KY MSA ,47,47,4106,0,0,0,0,0,0,0,0,0,47,47,4106,0,0,0,0,0,0,0,0,0
200310,6015,9999,,Panama City  FL MSA ,156,156,19929,4,8,710,4,12,488,2,454,59051,156,156,19929,4,8,710,4,12,488,2,454,59051
200310,6020,9999,,Parkersburg-Marietta  WV-OH MSA ,7,7,1004,0,0,0,0,0,0,0,0,0,6,6,812,0,0,0,0,0,0,0,0,0
200310,6080,9999,,Pensacola  FL MSA ,368,368,49779,5,10,730,0,0,0,25,237,14496,368,368,49779,5,10,730,0,0,0,25,237,14496
200310,6120,9999,,Peoria-Pekin  IL MSA ,125,125,18128,9,18,1850,0,0,0,0,0,0,125,125,18128,9,18,1850,0,0,0,0,0,0
200310,6162,0560,,Atlantic-Cape May  NJ PMSA ,307,307,57115,35,70,10619,2,7,681,6,46,2468,177,177,44321,31,62,9709,0,0,0,3,31,1163
200310,6162,6160,,Philadelphia  PA-NJ PMSA ,1257,1257,165330,13,26,2831,6,20,1502,30,632,32340,785,785,108565,10,20,2231,2,8,578,19,536,28173
200310,6162,8760,,Vineland-Millville-Bridgeton  NJ PMSA ,42,42,4870,2,4,312,0,0,0,0,0,0,32,32,4138,2,4,312,0,0,0,0,0,0
200310,6162,9160,,Wilmington-Newark  DE-MD PMSA ,243,243,25158,0,0,0,0,0,0,2,10,160,230,230,24177,0,0,0,0,0,0,0,0,0
200310,6200,9999,,Phoenix-Mesa  AZ MSA ,3911,3911,617602,1,2,94,90,292,24740,42,937,64958,3117,3117,519836,0,0,0,90,292,24740,40,898,62846
200310,6240,9999,,Pine Bluff  AR MSA ,7,7,312,0,0,0,1,4,76,2,16,302,6,6,256,0,0,0,1,4,76,2,16,302
200310,6280,9999,,Pittsburgh  PA MSA ,540,540,87554,5,10,842,2,7,689,18,141,12438,357,357,60408,2,4,265,1,4,345,5,30,2235
200310,6320,9999,,Pittsfield  MA MSA ,3,3,96,0,0,0,0,0,0,0,0,0,3,3,96,0,0,0,0,0,0,0,0,0
200310,6340,9999,,Pocatello  ID MSA ,27,27,2654,0,0,0,0,0,0,0,0,0,27,27,2654,0,0,0,0,0,0,0,0,0
200310,6400,9999,,Portland  ME MSA ,97,97,17622,4,8,1100,2,7,1019,5,30,4449,63,63,11771,4,8,1100,1,4,740,3,20,3700
200310,6442,6440,,Portland-Vancouver  OR-WA PMSA ,953,953,174509,12,24,2494,5,17,1349,13,371,26298,856,856,158273,10,20,2135,2,6,527,9,348,25137
200310,6442,7080,,Salem  OR PMSA ,104,104,19149,0,0,0,1,4,322,0,0,0,100,100,18463,0,0,0,1,4,322,0,0,0
200310,6480,9999,,Providence-Fall River-Warwick  RI-MA MSA ,263,263,40665,6,12,713,5,17,845,7,143,6958,155,155,25817,2,4,324,1,3,180,5,100,6219
200310,6520,9999,,Provo-Orem  UT MSA ,244,244,35360,4,8,1079,2,8,786,8,66,5441,213,213,31910,3,6,939,2,8,786,8,66,5441
200310,6560,9999,,Pueblo  CO MSA ,91,91,9989,0,0,0,2,8,269,0,0,0,91,91,9989,0,0,0,2,8,269,0,0,0
200310,6580,9999,,Punta Gorda  FL MSA ,251,251,41486,6,12,1020,2,6,1234,2,48,3000,251,251,41486,6,12,1020,2,6,1234,2,48,3000
200310,6640,9999,,Raleigh-Durham-Chapel Hill  NC MSA ,1338,1338,201777,5,10,750,1,3,337,26,432,15841,1242,1242,186503,3,6,400,1,3,337,26,432,15841
200310,6660,9999,,Rapid City  SD MSA ,49,49,6439,2,4,699,1,3,350,0,0,0,18,18,3252,2,4,699,1,3,350,0,0,0
200310,6680,9999,,Reading  PA MSA ,63,63,10229,0,0,0,0,0,0,2,23,840,56,56,8766,0,0,0,0,0,0,1,10,386
200310,6690,9999,,Redding  CA MSA ,78,78,14193,0,0,0,0,0,0,0,0,0,78,78,14193,0,0,0,0,0,0,0,0,0
200310,6720,9999,,Reno  NV MSA ,518,518,81317,1,2,252,0,0,0,0,0,0,518,518,81317,1,2,252,0,0,0,0,0,0
200310,6740,9999,,Richland-Kennewick-Pasco  WA MSA ,181,181,23126,1,2,306,1,3,259,2,35,1549,24,24,5477,0,0,0,0,0,0,0,0,0
200310,6760,9999,,Richmond-Petersburg  VA MSA ,562,562,80590,1,2,200,21,67,4660,15,260,15902,429,429,62855,0,0,0,21,67,4660,15,260,15902
200310,6800,9999,,Roanoke  VA MSA ,122,122,13769,3,6,162,0,0,0,0,0,0,122,122,13769,3,6,162,0,0,0,0,0,0
200310,6820,9999,,Rochester  MN MSA ,164,164,28232,0,0,0,1,4,393,1,8,849,159,159,27628,0,0,0,1,4,393,1,8,849
200310,6840,9999,,Rochester  NY MSA ,194,194,31259,4,8,442,3,9,618,5,33,1541,145,145,21841,2,4,280,1,3,280,2,16,500
200310,6880,9999,,Rockford  IL MSA ,250,250,22385,4,8,860,3,12,705,0,0,0,250,250,22385,4,8,860,3,12,705,0,0,0
200310,6895,9999,,Rocky Mount  NC MSA ,37,37,3219,0,0,0,0,0,0,0,0,0,37,37,3219,0,0,0,0,0,0,0,0,0
200310,6922,6920,,Sacramento  CA PMSA ,1653,1653,326765,12,24,2689,4,16,1310,58,753,62787,1402,1402,278683,11,22,2411,0,0,0,52,668,56655
200310,6922,9270,,Yolo  CA PMSA ,108,108,17648,0,0,0,9,36,2703,0,0,0,34,34,6177,0,0,0,9,36,2703,0,0,0
200310,6960,9999,,Saginaw-Bay City-Midland  MI MSA ,53,53,7976,0,0,0,0,0,0,0,0,0,38,38,6278,0,0,0,0,0,0,0,0,0
200310,6980,9999,,St. Cloud  MN MSA ,79,79,11133,0,0,0,3,12,810,3,85,5410,43,43,7014,0,0,0,3,12,810,2,80,5095
200310,7000,9999,,St. Joseph  MO MSA ,13,13,1861,1,2,187,0,0,0,0,0,0,0,0,0,0,0,0,0,0,0,0,0,0
200310,7040,9999,,St. Louis  MO-IL MSA ,1058,1058,159315,22,44,4513,4,16,939,8,584,39522,899,899,133139,16,32,3570,3,12,690,7,564,38360
200310,7120,9999,,Salinas  CA MSA ,114,114,36091,1,2,174,1,4,442,0,0,0,111,111,35717,0,0,0,1,4,442,0,0,0
200310,7160,9999,,Salt Lake City-Ogden  UT MSA ,933,933,137300,7,14,1579,32,125,11022,10,64,4536,752,752,116190,4,8,1036,27,108,9579,7,37,2893
200310,7200,9999,,San Angelo  TX MSA ,18,18,1907,0,0,0,0,0,0,0,0,0,18,18,1907,0,0,0,0,0,0,0,0,0
200310,7240,9999,,San Antonio  TX MSA ,812,812,111576,15,30,2085,0,0,0,20,120,5750,763,763,105497,15,30,2085,0,0,0,20,120,5750
200310,7320,9999,,San Diego  CA MSA ,627,627,148682,13,26,3271,22,73,7712,28,587,44775,562,562,129903,13,26,3271,21,69,7100,26,554,41266
200310,7362,5775,,Oakland  CA PMSA ,1056,1056,264668,1,2,306,4,16,2970,12,229,40241,911,911,232986,1,2,306,4,16,2970,12,229,40241
200310,7362,7360,,San Francisco  CA PMSA ,141,141,48113,3,6,594,0,0,0,3,170,14870,118,118,35098,3,6,594,0,0,0,2,134,10476
200310,7362,7400,,San Jose  CA PMSA ,191,191,52876,2,4,519,6,24,3730,24,870,74281,191,191,52876,2,4,519,6,24,3730,24,870,74281
200310,7362,7485,,Santa Cruz-Watsonville  CA PMSA ,91,91,19148,3,6,650,1,4,900,5,132,13527,67,67,12820,3,6,650,1,4,900,5,132,13527
200310,7362,7500,,Santa Rosa  CA PMSA ,217,217,39247,1,2,255,1,3,291,11,205,19418,216,216,39090,1,2,255,0,0,0,11,205,19418
200310,7362,8720,,Vallejo-Fairfield-Napa  CA PMSA ,321,321,67781,0,0,0,2,8,495,5,44,2720,256,256,50457,0,0,0,2,8,495,5,44,2720
200310,7460,9999,,San Luis Obispo-Atascadero-Paso Robles  CA MSA ,116,116,21833,2,4,518,2,7,505,1,9,575,20,20,3658,1,2,217,1,4,289,0,0,0
200310,7480,9999,,Santa Barbara-Santa Maria-Lompoc  CA MSA ,77,77,18888,1,2,225,4,14,1143,3,28,2671,54,54,10503,0,0,0,0,0,0,0,0,0
200310,7490,9999,,Santa Fe  NM MSA ,50,50,7955,0,0,0,0,0,0,0,0,0,50,50,7955,0,0,0,0,0,0,0,0,0
200310,7510,9999,,Sarasota-Bradenton  FL MSA ,636,636,112347,2,4,261,7,28,3559,6,108,7543,628,628,111180,1,2,134,7,28,3559,3,34,3248
200310,7520,9999,,Savannah  GA MSA ,146,146,22247,0,0,0,0,0,0,1,6,170,115,115,17277,0,0,0,0,0,0,0,0,0
200310,7560,9999,,Scranton--Wilkes-Barre--Hazleton  PA MSA ,66,66,8669,0,0,0,0,0,0,1,8,447,55,55,7335,0,0,0,0,0,0,1,8,447
200310,7602,1150,,Bremerton  WA PMSA ,132,132,21299,4,8,740,1,3,314,0,0,0,127,127,20773,4,8,740,1,3,314,0,0,0
200310,7602,5910,,Olympia  WA PMSA ,177,177,32532,3,6,724,0,0,0,0,0,0,174,174,32139,1,2,173,0,0,0,0,0,0
200310,7602,7600,,Seattle-Bellevue-Everett  WA PMSA ,895,895,168114,23,46,4641,25,93,8580,17,151,12897,729,729,141839,17,34,3584,23,87,7722,11,112,8668
200310,7602,8200,,Tacoma  WA PMSA ,393,393,57432,7,14,1243,2,8,642,1,10,586,378,378,55594,6,12,1056,1,4,272,0,0,0
200310,7610,9999,,Sharon  PA MSA ,13,13,1474,0,0,0,1,4,80,0,0,0,1,1,75,0,0,0,0,0,0,0,0,0
200310,7620,9999,,Sheboygan  WI MSA ,10,10,1572,0,0,0,0,0,0,0,0,0,10,10,1572,0,0,0,0,0,0,0,0,0
200310,7640,9999,,Sherman-Denison  TX MSA ,8,8,842,0,0,0,0,0,0,0,0,0,8,8,842,0,0,0,0,0,0,0,0,0
200310,7680,9999,,Shreveport-Bossier City  LA MSA ,179,179,25861,0,0,0,0,0,0,14,241,12648,161,161,23587,0,0,0,0,0,0,14,241,12648
200310,7720,9999,,Sioux City  IA-NE MSA ,14,14,1667,0,0,0,0,0,0,0,0,0,6,6,580,0,0,0,0,0,0,0,0,0
200310,7760,9999,,Sioux Falls  SD MSA ,157,157,18690,0,0,0,0,0,0,0,0,0,156,156,18566,0,0,0,0,0,0,0,0,0
200310,7800,9999,,South Bend  IN MSA ,85,85,14262,0,0,0,0,0,0,1,11,626,11,11,1989,0,0,0,0,0,0,0,0,0
200310,7840,9999,,Spokane  WA MSA ,209,209,27172,0,0,0,0,0,0,1,6,337,209,209,27172,0,0,0,0,0,0,1,6,337
200310,7880,9999,,Springfield  IL MSA ,61,61,8845,6,12,952,0,0,0,1,8,248,6,6,738,0,0,0,0,0,0,0,0,0
200310,7920,9999,,Springfield  MO MSA ,211,211,31876,5,10,580,0,0,0,2,44,1203,66,66,9394,4,8,484,0,0,0,0,0,0
200310,8000,9999,,Springfield  MA MSA ,69,69,13956,3,6,350,0,0,0,0,0,0,55,55,12185,0,0,0,0,0,0,0,0,0
200310,8050,9999,,State College  PA MSA ,34,34,5932,0,0,0,0,0,0,0,0,0,34,34,5932,0,0,0,0,0,0,0,0,0
200310,8080,9999,,Steubenville-Weirton  OH-WV MSA ,7,7,816,0,0,0,0,0,0,0,0,0,7,7,816,0,0,0,0,0,0,0,0,0
200310,8120,9999,,Stockton-Lodi  CA MSA ,789,789,143816,0,0,0,0,0,0,0,0,0,789,789,143816,0,0,0,0,0,0,0,0,0
200310,8140,9999,,Sumter  SC MSA ,32,32,3083,2,4,232,0,0,0,0,0,0,0,0,0,0,0,0,0,0,0,0,0,0
200310,8160,9999,,Syracuse  NY MSA ,88,88,11103,0,0,0,0,0,0,3,20,783,66,66,8516,0,0,0,0,0,0,0,0,0
200310,8240,9999,,Tallahassee  FL MSA ,96,96,12565,2,4,292,0,0,0,5,30,1835,96,96,12565,2,4,292,0,0,0,5,30,1835
200310,8280,9999,,Tampa-St. Petersburg-Clearwater  FL MSA ,1844,1844,277049,24,48,5002,8,27,3034,57,875,80382,1843,1843,276930,24,48,5002,8,27,3034,57,875,80382
200310,8320,9999,,Terre Haute  IN MSA ,15,15,2334,0,0,0,0,0,0,0,0,0,15,15,2334,0,0,0,0,0,0,0,0,0
200310,8360,9999,,Texarkana  TX-Texarkana  AR MSA ,15,15,1355,1,2,94,0,0,0,0,0,0,7,7,504,0,0,0,0,0,0,0,0,0
200310,8400,9999,,Toledo  OH MSA ,168,168,28931,1,2,178,1,3,297,2,72,2766,168,168,28931,1,2,178,1,3,297,2,72,2766
200310,8440,9999,,Topeka  KS MSA ,71,71,12126,1,2,146,1,4,258,1,27,957,41,41,8102,0,0,0,0,0,0,0,0,0
200310,8520,9999,,Tucson  AZ MSA ,637,637,117850,10,20,1980,0,0,0,0,0,0,637,637,117850,10,20,1980,0,0,0,0,0,0
200310,8560,9999,,Tulsa  OK MSA ,365,365,50453,0,0,0,0,0,0,1,10,556,284,284,36401,0,0,0,0,0,0,0,0,0
200310,8600,9999,,Tuscaloosa  AL MSA ,68,68,8538,0,0,0,0,0,0,0,0,0,68,68,8538,0,0,0,0,0,0,0,0,0
200310,8640,9999,,Tyler  TX MSA ,34,34,5999,0,0,0,0,0,0,1,8,370,0,0,0,0,0,0,0,0,0,0,0,0
200310,8680,9999,,Utica-Rome  NY MSA ,10,10,1359,0,0,0,0,0,0,0,0,0,7,7,1023,0,0,0,0,0,0,0,0,0
200310,8750,9999,,Victoria  TX MSA ,18,18,2347,0,0,0,0,0,0,0,0,0,18,18,2347,0,0,0,0,0,0,0,0,0
200310,8780,9999,,Visalia-Tulare-Porterville  CA MSA ,183,183,27758,8,16,1136,0,0,0,0,0,0,181,181,27590,8,16,1136,0,0,0,0,0,0
200310,8800,9999,,Waco  TX MSA ,53,53,8370,10,20,1294,0,0,0,0,0,0,52,52,8139,10,20,1294,0,0,0,0,0,0
200310,8872,0720,,Baltimore  MD PMSA ,741,741,100120,0,0,0,1,4,278,9,208,12722,731,731,99068,0,0,0,1,4,278,9,208,12722
200310,8872,3180,,Hagerstown  MD PMSA ,118,118,15873,1,2,100,0,0,0,1,5,150,115,115,15563,1,2,100,0,0,0,0,0,0
200310,8872,8840,,Washington  DC-MD-VA-WV PMSA ,2372,2372,340701,3,6,305,1,3,178,11,272,13159,2119,2119,303763,2,4,246,0,0,0,9,252,12274
200310,8920,9999,,Waterloo-Cedar Falls  IA MSA ,19,19,4263,2,4,487,0,0,0,0,0,0,19,19,4263,2,4,487,0,0,0,0,0,0
200310,8940,9999,,Wausau  WI MSA ,85,85,11877,3,6,497,0,0,0,2,14,1010,48,48,7008,2,4,425,0,0,0,2,14,1010
200310,8960,9999,,West Palm Beach-Boca Raton  FL MSA ,992,992,178194,2,4,1286,7,28,2020,9,68,8364,982,982,174435,1,2,80,7,28,2020,4,36,2715
200310,9000,9999,,Wheeling  WV-OH MSA ,2,2,278,0,0,0,0,0,0,0,0,0,0,0,0,0,0,0,0,0,0,0,0,0
200310,9040,9999,,Wichita  KS MSA ,207,207,24220,2,4,282,0,0,0,42,502,13868,205,205,23959,2,4,282,0,0,0,42,502,13868
200310,9080,9999,,Wichita Falls  TX MSA ,20,20,3166,1,2,45,0,0,0,0,0,0,17,17,2910,1,2,45,0,0,0,0,0,0
200310,9200,9999,,Wilmington  NC MSA ,388,388,58408,1,2,380,3,10,674,0,0,0,224,224,37724,1,2,380,3,10,674,0,0,0
200310,9260,9999,,Yakima  WA MSA ,37,37,6176,1,2,120,1,4,203,0,0,0,37,37,6176,1,2,120,1,4,203,0,0,0
200310,9280,9999,,York  PA MSA ,192,192,23028,4,8,540,0,0,0,2,14,863,157,157,19588,4,8,540,0,0,0,2,14,863
200310,9320,9999,,Youngstown-Warren  OH MSA ,103,103,13268,5,10,799,1,3,210,1,5,248,64,64,8498,0,0,0,0,0,0,0,0,0
200310,9340,9999,,Yuba City  CA MSA ,212,212,30938,0,0,0,0,0,0,0,0,0,212,212,30938,0,0,0,0,0,0,0,0,0
200310,9360,9999,,Yuma  AZ MSA ,162,162,20505,0,0,0,0,0,0,0,0,0,162,162,20505,0,0,0,0,0,0,0,0,0
200310,1122,9999,,Boston-Worcester-Lawrence  MA-NH-ME-CT CMSA ,1205,1205,219977,39,78,7896,13,43,4602,26,478,36540,757,757,148608,29,58,6102,7,24,2852,11,374,25775
200310,1602,9999,,Chicago-Gary-Kenosha  IL-IN-WI CMSA ,3881,3881,707501,76,152,19584,50,184,25355,72,1452,145132,3041,3041,568425,55,110,14955,18,67,6974,24,600,61303
200310,1642,9999,,Cincinnati-Hamilton  OH-KY-IN CMSA ,1065,1065,151854,4,8,636,5,18,1534,15,194,7336,984,984,142078,3,6,517,5,18,1534,11,170,6331
200310,1692,9999,,Cleveland-Akron  OH CMSA ,975,975,176332,5,10,1225,7,23,1878,2,14,1182,674,674,133151,2,4,600,3,10,1019,1,8,546
200310,1922,9999,,Dallas-Fort Worth  TX CMSA ,3549,3549,578533,13,26,2535,6,21,1774,56,1256,58636,3148,3148,513449,13,26,2535,3,11,1100,52,1205,55463
200310,2082,9999,,Denver-Boulder-Greeley  CO CMSA ,1806,1806,293024,6,12,1275,4,16,1857,16,647,48832,1710,1710,278520,4,8,851,2,8,865,13,574,45284
200310,2162,9999,,Detroit-Ann Arbor-Flint  MI CMSA ,2520,2520,377321,11,22,2337,16,56,5329,59,524,36581,2056,2056,306094,8,16,1579,14,50,4910,52,475,32782
200310,3362,9999,,Houston-Galveston-Brazoria  TX CMSA ,3264,3264,434474,8,16,610,0,0,0,76,1790,95877,3230,3230,426309,8,16,610,0,0,0,75,1775,95547
200310,4472,9999,,Los Angeles-Riverside-Orange County  CA CMSA ,4821,4821,918500,50,100,11359,20,72,6334,87,1968,158050,4474,4474,845651,42,84,10125,13,49,4756,75,1878,150768
200310,4992,9999,,Miami-Fort Lauderdale  FL CMSA ,1081,1081,147249,29,58,4877,10,38,2185,29,814,84990,881,881,121156,28,56,4802,10,38,2185,21,697,75059
200310,5082,9999,,Milwaukee-Racine  WI CMSA ,491,491,106147,14,28,3050,1,4,534,5,54,5000,413,413,88526,9,18,1910,1,4,534,2,36,3744
200310,5602,9999,,New York-Northern New Jersey-Long Island  NY-NJ-CT-PA CMSA ,2759,2759,484433,348,696,69747,179,575,44213,125,1714,122976,1852,1852,335393,292,584,51397,159,508,35364,93,1362,91520
200310,6162,9999,,Philadelphia-Wilmington-Atlantic City  PA-NJ-DE-MD CMSA ,1849,1849,252473,50,100,13762,8,27,2183,38,688,34968,1224,1224,181201,43,86,12252,2,8,578,22,567,29336
200310,6442,9999,,Portland-Salem  OR-WA CMSA ,1057,1057,193658,12,24,2494,6,21,1671,13,371,26298,956,956,176736,10,20,2135,3,10,849,9,348,25137
200310,6922,9999,,Sacramento-Yolo  CA CMSA ,1761,1761,344413,12,24,2689,13,52,4013,58,753,62787,1436,1436,284860,11,22,2411,9,36,2703,52,668,56655
200310,7362,9999,,San Francisco-Oakland-San Jose  CA CMSA ,2017,2017,491833,10,20,2324,14,55,8386,60,1650,165057,1759,1759,423327,10,20,2324,13,52,8095,59,1614,160663
200310,7602,9999,,Seattle-Tacoma-Bremerton  WA CMSA ,1597,1597,279377,37,74,7348,28,104,9536,18,161,13483,1408,1408,250345,28,56,5553,25,94,8308,11,112,8668
200310,8872,9999,,Washington-Baltimore  DC-MD-VA-WV CMSA ,3231,3231,456694,4,8,405,2,7,456,21,485,26031,2965,2965,418394,3,6,346,1,4,278,18,460,24996
