Survey,CSA,CBSA,MONCOV,CBSA,,1-unit,,,2-units,,,3-4 units,,,5+ units,,,1-unit rep,,,2-units rep,,,3-4 units rep,,,5+ units rep
Date,Code,Code,,Name,Bldgs,Units,Value,Bldgs,Units,Value,Bldgs,Units,Value,Bldgs,Units,Value,Bldgs,Units,Value,Bldgs,Units,Value,      Bldgs,Units,Value,Bldgs,Units,Value
 
200409,102,18700,C,Corvallis  OR ,21,21,4467,0,0,0,0,0,0,3,21,1427,21,21,4467,0,0,0,0,0,0,3,21,1427
200409,104,10580, ,Albany-Schenectady-Troy  NY ,160,160,34029,0,0,0,0,0,0,3,35,2503,130,130,29494,0,0,0,0,0,0,2,22,1750
200409,104,24020, ,Glens Falls  NY ,48,48,6819,1,2,360,1,3,78,1,8,185,0,0,0,0,0,0,0,0,0,0,0,0
200409,112,11180, ,Ames  IA ,15,15,4206,0,0,0,0,0,0,0,0,0,13,13,3768,0,0,0,0,0,0,0,0,0
200409,118,11540, ,Appleton  WI ,59,59,11162,5,10,905,0,0,0,1,5,207,43,43,8400,5,10,905,0,0,0,0,0,0
200409,118,36780, ,Oshkosh-Neenah  WI ,64,64,10701,1,2,163,1,3,220,3,38,1684,15,15,2844,0,0,0,0,0,0,0,0,0
200409,120,11700, ,Asheville  NC ,216,216,36592,4,8,759,6,21,1470,1,6,414,180,180,30951,4,8,759,6,21,1470,1,6,414
200409,122,12060,C,Atlanta-Sandy Springs-Marietta  GA ,4833,4833,621628,9,18,4582,9,33,2294,5,430,24795,4417,4417,573106,8,16,1132,8,30,2047,4,425,24559
200409,122,23580, ,Gainesville  GA ,176,176,24037,0,0,0,0,0,0,0,0,0,175,175,23802,0,0,0,0,0,0,0,0,0
200409,132,12940, ,Baton Rouge  LA ,313,313,31091,0,0,0,0,0,0,0,0,0,306,306,30379,0,0,0,0,0,0,0,0,0
200409,140,13460,C,Bend  OR ,321,321,64519,6,12,1137,0,0,0,0,0,0,321,321,64519,6,12,1137,0,0,0,0,0,0
200409,142,13820,C,Birmingham-Hoover  AL ,490,490,73970,0,0,0,0,0,0,16,198,14315,387,387,59585,0,0,0,0,0,0,16,198,14315
200409,148,14460,C,Boston-Cambridge-Quincy  MA-NH ,653,653,134586,28,56,6324,12,41,3419,28,498,44080,410,410,90714,16,32,3399,6,20,1650,12,338,32641
200409,148,31700, ,Manchester-Nashua  NH ,128,128,22225,3,6,613,3,10,1270,4,97,6958,93,93,17100,1,2,150,2,7,895,3,90,6500
200409,148,49340, ,Worcester  MA ,282,282,52553,3,6,938,1,3,264,2,40,2229,215,215,42776,3,6,938,1,3,264,1,32,1500
200409,154,15180, ,Brownsville-Harlingen  TX ,254,254,20183,4,8,379,0,0,0,1,8,346,183,183,16355,3,6,321,0,0,0,1,8,346
200409,160,15380, ,Buffalo-Niagara Falls  NY ,148,148,27360,0,0,0,0,0,0,16,340,28643,134,134,25656,0,0,0,0,0,0,15,317,27632
200409,172,16740,C,Charlotte-Gastonia-Concord  NC-SC ,1220,1220,188960,1,2,145,16,57,5003,13,247,16347,1220,1220,188960,1,2,145,16,57,5003,13,247,16347
200409,174,16860, ,Chattanooga  TN-GA ,217,217,31673,3,6,264,0,0,0,1,7,301,164,164,24341,1,2,85,0,0,0,0,0,0
200409,174,17420, ,Cleveland  TN ,44,44,5716,0,0,0,0,0,0,0,0,0,44,44,5716,0,0,0,0,0,0,0,0,0
200409,176,16980,C,Chicago-Naperville-Joliet  IL-IN-WI ,3378,3378,633771,19,38,4185,54,190,14767,50,991,80363,2821,2821,533606,13,26,2842,48,171,13248,35,790,65158
200409,176,28100,C,Kankakee-Bradley  IL ,54,54,8573,2,4,469,0,0,0,0,0,0,37,37,6419,1,2,286,0,0,0,0,0,0
200409,176,33140, ,Michigan City-La Porte  IN ,29,29,3593,0,0,0,1,3,129,0,0,0,0,0,0,0,0,0,0,0,0,0,0,0
200409,178,17140, ,Cincinnati-Middletown  OH-KY-IN ,934,934,137770,3,6,517,10,34,2384,29,220,9707,677,677,108357,3,6,517,9,31,2225,23,188,8191
200409,184,10420,C,Akron  OH ,194,194,34162,5,10,1035,3,12,883,5,57,2654,138,138,26287,4,8,836,2,8,792,3,24,1500
200409,184,17460,C,Cleveland-Elyria-Mentor  OH ,582,582,107669,5,10,886,3,11,1318,14,154,6734,391,391,75626,2,4,200,1,3,700,12,144,6000
200409,192,17900,C,Columbia  SC ,478,478,59424,1,2,88,4,15,240,4,64,3624,255,255,33683,1,2,88,4,15,240,0,0,0
200409,194,12220,C,Auburn-Opelika  AL ,38,38,7691,1,2,121,0,0,0,2,10,1111,31,31,6589,1,2,121,0,0,0,2,10,1111
200409,194,17980, ,Columbus  GA-AL ,86,86,10260,0,0,0,0,0,0,0,0,0,86,86,10260,0,0,0,0,0,0,0,0,0
200409,198,18140, ,Columbus  OH ,848,848,158648,9,18,2068,14,55,3685,41,286,16428,590,590,109638,9,18,2068,11,44,3141,38,258,15667
200409,204,18580, ,Corpus Christi  TX ,75,75,7483,1,2,122,0,0,0,0,0,0,70,70,7174,1,2,122,0,0,0,0,0,0
200409,206,19100,C,Dallas-Fort Worth-Arlington  TX ,3556,3556,583594,4,8,510,5,20,187,29,481,30414,3171,3171,521026,3,6,434,0,0,0,25,444,28146
200409,212,19380, ,Dayton  OH ,253,253,47756,0,0,0,2,8,400,3,52,4868,232,232,44812,0,0,0,2,8,400,3,52,4868
200409,212,44220, ,Springfield  OH ,21,21,3356,0,0,0,0,0,0,0,0,0,21,21,3356,0,0,0,0,0,0,0,0,0
200409,214,19660,C,Deltona-Daytona Beach-Ormond Beach  FL ,305,305,52450,0,0,0,0,0,0,7,86,7200,191,191,31886,0,0,0,0,0,0,1,6,200
200409,216,14500,C,Boulder  CO ,56,56,14831,0,0,0,0,0,0,1,5,468,56,56,14831,0,0,0,0,0,0,1,5,468
200409,216,19740,C,Denver-Aurora  CO ,1637,1637,331014,3,6,719,12,41,4163,30,509,39764,1573,1573,321535,2,4,514,12,41,4163,29,500,39259
200409,218,19780, ,Des Moines  IA ,462,462,68190,0,0,0,0,0,0,2,24,2521,447,447,66358,0,0,0,0,0,0,2,24,2521
200409,220,11460,C,Ann Arbor  MI ,143,143,26538,0,0,0,0,0,0,6,136,7933,82,82,19252,0,0,0,0,0,0,4,121,6961
200409,220,19820,C,Detroit-Warren-Livonia  MI ,1828,1828,278426,6,12,1603,10,37,3846,34,327,27361,1649,1649,252862,6,12,1603,10,37,3846,32,314,26450
200409,220,22420,C,Flint  MI ,203,203,31181,1,2,312,0,0,0,0,0,0,192,192,29819,1,2,312,0,0,0,0,0,0
200409,220,33780,C,Monroe  MI ,84,84,13151,0,0,0,0,0,0,1,8,288,61,61,10183,0,0,0,0,0,0,0,0,0
200409,222,20020, ,Dothan  AL ,35,35,2710,0,0,0,0,0,0,0,0,0,35,35,2710,0,0,0,0,0,0,0,0,0
200409,232,20740, ,Eau Claire  WI ,66,66,9788,5,10,900,0,0,0,1,11,506,43,43,5779,5,10,900,0,0,0,0,0,0
200409,244,22020, ,Fargo  ND-MN ,169,169,22675,0,0,0,2,8,750,5,138,7070,169,169,22675,0,0,0,2,8,750,5,138,7070
200409,252,22540, ,Fond du Lac  WI ,9,9,1539,0,0,0,0,0,0,0,0,0,2,2,405,0,0,0,0,0,0,0,0,0
200409,258,23060, ,Fort Wayne  IN ,164,164,30536,0,0,0,2,8,939,5,76,1926,164,164,30536,0,0,0,2,8,939,5,76,1926
200409,260,23420,C,Fresno  CA ,499,499,92588,2,4,405,6,24,2205,5,113,7485,460,460,87854,2,4,405,6,24,2205,3,99,6861
200409,260,31460,C,Madera  CA ,101,101,14702,0,0,0,0,0,0,0,0,0,101,101,14702,0,0,0,0,0,0,0,0,0
200409,266,24340, ,Grand Rapids-Wyoming  MI ,366,366,57914,0,0,0,2,6,444,1,5,255,246,246,42464,0,0,0,0,0,0,0,0,0
200409,266,26100,C,Holland-Grand Haven  MI ,148,148,25580,7,14,1054,7,24,2579,2,18,706,79,79,14268,3,6,450,2,7,520,0,0,0
200409,266,34740,C,Muskegon-Norton Shores  MI ,54,54,8259,2,4,390,0,0,0,2,10,555,42,42,6784,2,4,390,0,0,0,0,0,0
200409,268,15500,C,Burlington  NC ,60,60,7724,0,0,0,0,0,0,2,24,1241,60,60,7724,0,0,0,0,0,0,2,24,1241
200409,268,24660,C,Greensboro-High Point  NC ,377,377,62899,1,2,145,0,0,0,4,48,3180,377,377,62899,1,2,145,0,0,0,4,48,3180
200409,268,49180,C,Winston-Salem  NC ,277,277,36871,0,0,0,0,0,0,0,0,0,275,275,36619,0,0,0,0,0,0,0,0,0
200409,273,11340,C,Anderson  SC ,84,84,10194,0,0,0,0,0,0,0,0,0,84,84,10194,0,0,0,0,0,0,0,0,0
200409,273,24860,C,Greenville  SC ,314,314,37012,2,4,219,0,0,0,0,0,0,249,249,30067,0,0,0,0,0,0,0,0,0
200409,273,43900, ,Spartanburg  SC ,142,142,14289,0,0,0,0,0,0,0,0,0,142,142,14289,0,0,0,0,0,0,0,0,0
200409,274,25060, ,Gulfport-Biloxi  MS ,128,128,13901,1,2,100,0,0,0,10,102,4356,127,127,13833,1,2,100,0,0,0,10,102,4356
200409,274,37700,C,Pascagoula  MS ,77,77,7881,0,0,0,0,0,0,0,0,0,10,10,1298,0,0,0,0,0,0,0,0,0
200409,276,25420, ,Harrisburg-Carlisle  PA ,104,104,17771,1,2,95,0,0,0,0,0,0,99,99,17116,0,0,0,0,0,0,0,0,0
200409,276,30140, ,Lebanon  PA ,46,46,5995,0,0,0,0,0,0,0,0,0,36,36,4504,0,0,0,0,0,0,0,0,0
200409,278,25540,C,Hartford-West Hartford-East Hartford  CT ,317,317,53657,5,10,460,0,0,0,6,133,8043,253,253,44727,2,4,178,0,0,0,1,66,5070
200409,288,26420, ,Houston-Baytown-Sugar Land  TX ,3305,3305,419883,10,20,849,1,4,244,48,1258,60909,3269,3269,414792,10,20,849,1,4,244,46,1234,60070
200409,290,19460, ,Decatur  AL ,26,26,3294,0,0,0,0,0,0,0,0,0,26,26,3294,0,0,0,0,0,0,0,0,0
200409,290,26620, ,Huntsville  AL ,125,125,8187,0,0,0,0,0,0,1,6,338,117,117,7078,0,0,0,0,0,0,0,0,0
200409,292,26820, ,Idaho Falls  ID ,120,120,11577,0,0,0,12,47,1661,0,0,0,91,91,8855,0,0,0,11,44,1511,0,0,0
200409,294,11300,C,Anderson  IN ,40,40,7062,0,0,0,0,0,0,0,0,0,37,37,6785,0,0,0,0,0,0,0,0,0
200409,294,18020, ,Columbus  IN ,24,24,3721,0,0,0,0,0,0,0,0,0,0,0,0,0,0,0,0,0,0,0,0,0
200409,294,26900,C,Indianapolis  IN ,1035,1035,176160,25,50,4745,4,16,1199,12,163,11348,863,863,153366,24,48,4672,4,16,1199,8,114,8310
200409,296,27060, ,Ithaca  NY ,8,8,1567,0,0,0,0,0,0,1,7,443,8,8,1567,0,0,0,0,0,0,0,0,0
200409,297,27180, ,Jackson  TN ,47,47,5664,0,0,0,0,0,0,0,0,0,47,47,5664,0,0,0,0,0,0,0,0,0
200409,298,27140, ,Jackson  MS ,335,335,49135,0,0,0,0,0,0,1,16,1608,335,335,49135,0,0,0,0,0,0,1,16,1608
200409,304,27740, ,Johnson City  TN ,75,75,11755,1,2,60,1,3,184,1,5,298,39,39,7259,1,2,60,1,3,184,0,0,0
200409,304,28700, ,Kingsport-Bristol-Bristol  TN-VA ,77,77,7399,0,0,0,0,0,0,0,0,0,21,21,2637,0,0,0,0,0,0,0,0,0
200409,312,28140,C,Kansas City  MO-KS ,1102,1102,178853,15,30,2432,32,123,12121,25,234,10886,995,995,164361,12,24,2059,31,120,11971,24,220,10002
200409,314,28940, ,Knoxville  TN ,386,386,49955,1,2,150,2,7,450,0,0,0,379,379,48965,1,2,150,2,7,450,0,0,0
200409,316,29020, ,Kokomo  IN ,25,25,4179,0,0,0,0,0,0,0,0,0,25,25,4179,0,0,0,0,0,0,0,0,0
200409,318,29180, ,Lafayette  LA ,290,290,14554,0,0,0,0,0,0,0,0,0,290,290,14554,0,0,0,0,0,0,0,0,0
200409,320,29140, ,Lafayette  IN ,94,94,13779,3,6,534,0,0,0,1,6,550,83,83,12884,3,6,534,0,0,0,1,6,550
200409,324,29340, ,Lake Charles  LA ,97,97,9255,5,10,341,1,4,154,1,17,917,75,75,6136,4,8,260,0,0,0,0,0,0
200409,330,29620, ,Lansing-East Lansing  MI ,136,136,22873,2,4,416,0,0,0,4,76,4363,60,60,11656,0,0,0,0,0,0,0,0,0
200409,332,29820,C,Las Vegas-Paradise  NV ,2337,2337,297556,0,0,0,44,132,9543,25,566,22027,2337,2337,297556,0,0,0,44,132,9543,25,566,22027
200409,336,30460, ,Lexington-Fayette  KY ,327,327,49428,0,0,0,0,0,0,2,35,2180,327,327,49428,0,0,0,0,0,0,2,35,2180
200409,338,30620, ,Lima  OH ,13,13,2307,0,0,0,0,0,0,0,0,0,10,10,1883,0,0,0,0,0,0,0,0,0
200409,340,30780, ,Little Rock-North Little Rock  AR ,319,319,52746,2,4,320,6,24,4236,8,168,5550,309,309,51465,2,4,320,6,24,4236,8,168,5550
200409,340,38220, ,Pine Bluff  AR ,7,7,430,4,8,345,1,3,60,1,5,71,2,2,268,4,8,345,0,0,0,0,0,0
200409,346,30980, ,Longview  TX ,25,25,3980,0,0,0,0,0,0,0,0,0,24,24,3939,0,0,0,0,0,0,0,0,0
200409,348,31100,C,Los Angeles-Long Beach-Santa Ana  CA ,1228,1228,289194,20,40,4592,25,86,9744,99,1712,134915,1090,1090,253854,17,34,3746,22,76,9126,90,1645,129932
200409,348,37100,C,Oxnard-Thousand Oaks-Ventura  CA ,102,102,34056,1,2,345,0,0,0,6,113,12077,66,66,24740,1,2,345,0,0,0,5,62,7557
200409,348,40140,C,Riverside-San Bernardino-Ontario  CA ,3329,3329,579103,3,6,778,11,34,3786,45,657,52865,3138,3138,544470,1,2,372,9,28,3014,40,600,48942
200409,350,21060, ,Elizabethtown  KY ,29,29,3595,2,4,180,0,0,0,9,68,3058,24,24,3115,2,4,180,0,0,0,9,68,3058
200409,350,31140, ,Louisville  KY-IN ,645,645,91720,4,8,513,3,11,664,1,15,490,592,592,84754,3,6,412,3,11,664,0,0,0
200409,352,31180, ,Lubbock  TX ,87,87,15019,35,70,2969,0,0,0,8,112,7360,87,87,15019,35,70,2969,0,0,0,8,112,7360
200409,356,31420, ,Macon  GA ,84,84,9356,1,2,110,0,0,0,0,0,0,84,84,9356,1,2,110,0,0,0,0,0,0
200409,356,47580, ,Warner Robins  GA ,68,68,9859,0,0,0,0,0,0,29,264,10884,68,68,9859,0,0,0,0,0,0,29,264,10884
200409,358,31540, ,Madison  WI ,285,285,52139,14,28,3708,9,31,3395,8,218,30869,230,230,43577,10,20,2785,5,16,2110,6,196,29337
200409,360,31900,C,Mansfield  OH ,30,30,4697,0,0,0,6,24,1560,0,0,0,30,30,4697,0,0,0,6,24,1560,0,0,0
200409,372,33260,C,Midland  TX ,22,22,3085,0,0,0,0,0,0,0,0,0,22,22,3085,0,0,0,0,0,0,0,0,0
200409,372,36220,C,Odessa  TX ,17,17,2862,0,0,0,0,0,0,0,0,0,17,17,2862,0,0,0,0,0,0,0,0,0
200409,376,33340,C,Milwaukee-Waukesha-West Allis  WI ,304,304,70919,16,32,3797,6,24,2440,17,168,14000,233,233,53791,9,18,2300,6,24,2440,9,76,5881
200409,376,39540,C,Racine  WI ,71,71,13102,1,2,155,1,4,350,3,22,1580,67,67,12532,0,0,0,1,4,350,2,12,1200
200409,378,33460,C,Minneapolis-St. Paul-Bloomington  MN-WI ,1690,1690,318622,15,30,4226,20,71,9731,33,998,75205,1497,1497,285118,12,24,3400,14,49,7475,28,960,71936
200409,378,41060, ,St. Cloud  MN ,88,88,12139,0,0,0,1,3,0,1,5,315,52,52,7791,0,0,0,0,0,0,0,0,0
200409,380,33660, ,Mobile  AL ,141,141,13337,0,0,0,0,0,0,0,0,0,22,22,2933,0,0,0,0,0,0,0,0,0
200409,384,33740, ,Monroe  LA ,37,37,5114,0,0,0,1,3,72,0,0,0,6,6,660,0,0,0,0,0,0,0,0,0
200409,388,33860, ,Montgomery  AL ,101,101,11932,0,0,0,0,0,0,0,0,0,51,51,6447,0,0,0,0,0,0,0,0,0
200409,392,34100, ,Morristown  TN ,36,36,4703,1,2,160,0,0,0,0,0,0,9,9,1162,1,2,160,0,0,0,0,0,0
200409,396,34820, ,Myrtle Beach-Conway-North Myrtle Beach  SC ,360,360,50011,1,2,263,3,12,898,14,134,9083,360,360,50011,1,2,263,3,12,898,14,134,9083
200409,400,34980,C,Nashville-Davidson--Murfreesboro  TN ,1125,1125,173974,2,4,483,1,3,146,29,272,15395,633,633,96537,0,0,0,0,0,0,26,208,9800
200409,406,35380,C,New Orleans-Metairie-Kenner  LA ,366,366,59288,9,18,1190,2,7,519,3,30,1799,354,354,57282,9,18,1190,2,7,519,3,30,1799
200409,408,14860,C,Bridgeport-Stamford-Norwalk  CT ,119,119,43557,2,4,395,0,0,0,4,38,3414,105,105,33578,2,4,395,0,0,0,2,16,1970
200409,408,28740, ,Kingston  NY ,50,50,9223,0,0,0,1,4,60,0,0,0,46,46,8570,0,0,0,1,4,60,0,0,0
200409,408,35300,C,New Haven-Milford  CT ,186,186,24522,6,12,1994,1,3,288,4,67,4013,161,161,20140,5,10,1500,0,0,0,3,62,3848
200409,408,35620,C,New York-Northern New Jersey-Long Island  NY-NJ-PA ,1659,1659,330702,300,600,57864,147,462,38214,76,1854,107267,1172,1172,246145,275,550,45283,139,436,32971,53,1576,86953
200409,408,39100,C,Poughkeepsie-Newburgh-Middletown  NY ,175,175,35643,0,0,0,0,0,0,5,36,2529,142,142,29881,0,0,0,0,0,0,0,0,0
200409,408,45940,C,Trenton-Ewing  NJ ,75,75,6803,0,0,0,0,0,0,1,24,918,59,59,6177,0,0,0,0,0,0,0,0,0
200409,416,36420,C,Oklahoma City  OK ,680,680,107105,12,24,1699,0,0,0,4,60,3540,657,657,104005,12,24,1699,0,0,0,4,60,3540
200409,420,36540, ,Omaha-Council Bluffs  NE-IA ,454,454,55424,3,6,538,0,0,0,1,9,324,417,417,50720,1,2,182,0,0,0,1,9,324
200409,422,36740,C,Orlando  FL ,1768,1768,256084,2,4,234,0,0,0,39,416,27551,1385,1385,207311,1,2,128,0,0,0,37,386,26104
200409,426,37900, ,Peoria  IL ,92,92,17319,2,4,735,0,0,0,0,0,0,91,91,17186,2,4,735,0,0,0,0,0,0
200409,428,37980,C,Philadelphia-Camden-Wilmington  PA-NJ-DE-MD ,1286,1286,176117,5,10,710,11,36,2771,29,1076,68579,852,852,126062,5,10,710,10,33,2769,16,930,63480
200409,428,47220,C,Vineland-Millville-Bridgeton  NJ ,42,42,5807,0,0,0,0,0,0,0,0,0,37,37,5255,0,0,0,0,0,0,0,0,0
200409,430,38300, ,Pittsburgh  PA ,379,379,62237,3,6,672,4,13,702,5,33,1986,254,254,45060,2,4,612,1,4,420,0,0,0
200409,438,30340, ,Lewiston-Auburn  ME ,45,45,5953,1,2,160,0,0,0,0,0,0,23,23,3358,1,2,160,0,0,0,0,0,0
200409,438,38860, ,Portland-South Portland-Biddeford  ME ,262,262,46221,5,10,1083,3,11,1097,1,6,573,129,129,24950,0,0,0,0,0,0,0,0,0
200409,450,20500,C,Durham  NC ,361,361,69034,0,0,0,0,0,0,0,0,0,309,309,61568,0,0,0,0,0,0,0,0,0
200409,450,39580,C,Raleigh-Cary  NC ,957,957,161732,2,4,248,0,0,0,8,489,21621,957,957,161732,2,4,248,0,0,0,8,489,21621
200409,464,40380, ,Rochester  NY ,195,195,34850,6,12,787,3,11,810,4,108,7090,160,160,30006,3,6,553,3,11,810,1,71,5284
200409,466,40420, ,Rockford  IL ,185,185,28178,1,2,220,9,35,1827,4,22,2200,171,171,26260,1,2,220,9,35,1827,4,22,2200
200409,472,40900,C,Sacramento--Arden-Arcade--Roseville  CA ,1840,1840,403418,12,24,4701,3,11,1010,30,387,37046,1579,1579,335310,12,24,4701,3,11,1010,26,335,32173
200409,474,13020, ,Bay City  MI ,8,8,977,0,0,0,0,0,0,0,0,0,6,6,732,0,0,0,0,0,0,0,0,0
200409,474,40980, ,Saginaw-Saginaw Township North  MI ,39,39,5598,0,0,0,0,0,0,0,0,0,17,17,3030,0,0,0,0,0,0,0,0,0
200409,476,41180,C,St. Louis  MO-IL ,1033,1033,159534,13,26,2772,7,25,1998,9,331,43896,874,874,133953,10,20,2109,7,25,1998,8,326,43706
200409,480,41540, ,Salisbury  MD ,41,41,4479,1,2,144,0,0,0,2,10,1232,32,32,3691,0,0,0,0,0,0,0,0,0
200409,482,36260, ,Ogden-Clearfield  UT ,354,354,59352,1,2,149,6,23,2165,0,0,0,292,292,51996,0,0,0,5,20,1923,0,0,0
200409,482,41620,C,Salt Lake City  UT ,565,565,95721,7,14,1696,3,9,734,8,119,7908,451,451,78718,6,12,1498,3,9,734,6,100,6691
200409,488,34900,C,Napa  CA ,17,17,6528,0,0,0,0,0,0,1,17,1551,6,6,1046,0,0,0,0,0,0,1,17,1551
200409,488,41860,C,San Francisco-Oakland-Fremont  CA ,702,702,196921,5,10,1168,9,29,4133,20,261,24558,624,624,173022,4,8,811,7,23,2691,19,240,22655
200409,488,41940,C,San Jose-Sunnyvale-Santa Clara  CA ,271,271,75255,0,0,0,4,15,1378,6,230,18719,270,270,75150,0,0,0,4,15,1378,6,230,18719
200409,488,42100,C,Santa Cruz-Watsonville  CA ,40,40,9676,0,0,0,0,0,0,1,48,2005,40,40,9676,0,0,0,0,0,0,1,48,2005
200409,488,42220,C,Santa Rosa-Petaluma  CA ,146,146,33941,0,0,0,0,0,0,1,5,1115,146,146,33941,0,0,0,0,0,0,1,5,1115
200409,488,46700,C,Vallejo-Fairfield  CA ,186,186,36408,3,6,470,1,3,248,2,39,2217,111,111,23045,0,0,0,0,0,0,0,0,0
200409,492,42140,C,Santa Fe  NM ,53,53,6681,0,0,0,0,0,0,0,0,0,0,0,0,0,0,0,0,0,0,0,0,0
200409,496,25980,C,Hinesville-Fort Stewart  GA ,22,22,1960,0,0,0,0,0,0,0,0,0,22,22,1960,0,0,0,0,0,0,0,0,0
200409,496,42340, ,Savannah  GA ,170,170,27105,0,0,0,0,0,0,1,7,200,157,157,25086,0,0,0,0,0,0,0,0,0
200409,500,14740,C,Bremerton-Silverdale  WA ,116,116,19256,0,0,0,0,0,0,0,0,0,112,112,18844,0,0,0,0,0,0,0,0,0
200409,500,36500,C,Olympia  WA ,135,135,24243,1,2,259,0,0,0,0,0,0,132,132,23617,0,0,0,0,0,0,0,0,0
200409,500,42660,C,Seattle-Tacoma-Bellevue  WA ,1337,1337,231639,29,58,7105,32,112,11809,31,1347,113712,1076,1076,189644,24,48,6089,28,99,10797,25,1315,111131
200409,508,43340, ,Shreveport-Bossier City  LA ,170,170,23231,0,0,0,0,0,0,0,0,0,170,170,23231,0,0,0,0,0,0,0,0,0
200409,512,43580, ,Sioux City  IA-NE-SD ,19,19,3236,0,0,0,0,0,0,0,0,0,10,10,1745,0,0,0,0,0,0,0,0,0
200409,532,45060, ,Syracuse  NY ,95,95,12227,1,2,40,0,0,0,1,9,188,67,67,8537,0,0,0,0,0,0,0,0,0
200409,534,45780, ,Toledo  OH ,220,220,29264,3,6,465,16,64,5816,16,400,14999,199,199,27515,3,6,465,16,64,5816,16,400,14999
200409,538,46140, ,Tulsa  OK ,360,360,49506,13,26,1559,0,0,0,0,0,0,306,306,43489,12,24,1459,0,0,0,0,0,0
200409,540,46340, ,Tyler  TX ,33,33,5823,0,0,0,0,0,0,1,7,323,0,0,0,0,0,0,0,0,0,0,0,0
200409,548,12580,C,Baltimore-Towson  MD ,554,554,77252,1,2,145,1,4,299,7,91,6033,535,535,73960,1,2,145,1,4,299,7,91,6033
200409,548,47900,C,Washington-Arlington-Alexandria  DC-VA-MD-WV ,2724,2724,403229,0,0,0,12,48,3591,60,948,54290,2601,2601,380464,0,0,0,12,48,3591,57,931,52743
200409,548,49020, ,Winchester  VA-WV ,112,112,18461,0,0,0,0,0,0,0,0,0,97,97,17000,0,0,0,0,0,0,0,0,0
200409,554,48140, ,Wausau  WI ,72,72,10608,1,2,72,0,0,0,0,0,0,40,40,6389,0,0,0,0,0,0,0,0,0
200409,556,48620, ,Wichita  KS ,234,234,28993,3,6,407,0,0,0,0,0,0,223,223,27727,3,6,407,0,0,0,0,0,0
200409,558,48700, ,Williamsport  PA ,2,2,143,0,0,0,0,0,0,0,0,0,1,1,75,0,0,0,0,0,0,0,0,0
200409,564,49620, ,York-Hanover  PA ,166,166,22823,2,4,258,1,3,180,3,25,1472,83,83,12363,0,0,0,0,0,0,1,6,460
200409,566,49660, ,Youngstown-Warren-Boardman  OH-PA ,94,94,13644,3,6,449,0,0,0,0,0,0,56,56,8390,0,0,0,0,0,0,0,0,0
200409,999,10180, ,Abilene  TX ,30,30,5214,0,0,0,0,0,0,0,0,0,30,30,5214,0,0,0,0,0,0,0,0,0
200409,999,10500, ,Albany  GA ,49,49,5866,0,0,0,0,0,0,1,5,326,17,17,2301,0,0,0,0,0,0,1,5,326
200409,999,10740,C,Albuquerque  NM ,595,595,76685,0,0,0,1,4,191,1,22,2520,433,433,56880,0,0,0,1,4,191,1,22,2520
200409,999,10780, ,Alexandria  LA ,42,42,5668,0,0,0,0,0,0,0,0,0,39,39,5408,0,0,0,0,0,0,0,0,0
200409,999,10900,C,Allentown-Bethlehem-Easton  PA-NJ ,367,367,51438,1,2,175,7,23,2268,2,11,663,257,257,36052,1,2,175,4,13,1705,1,6,480
200409,999,11020, ,Altoona  PA ,2,2,273,0,0,0,0,0,0,0,0,0,1,1,196,0,0,0,0,0,0,0,0,0
200409,999,11100, ,Amarillo  TX ,53,53,9234,0,0,0,0,0,0,0,0,0,52,52,9076,0,0,0,0,0,0,0,0,0
200409,999,11260,C,Anchorage  AK ,93,93,21840,20,40,5861,0,0,0,10,63,9586,84,84,20850,20,40,5861,0,0,0,10,63,9586
200409,999,11500, ,Anniston-Oxford  AL ,11,11,1118,0,0,0,0,0,0,0,0,0,11,11,1118,0,0,0,0,0,0,0,0,0
200409,999,12020, ,Athens-Clarke County  GA ,340,340,40235,0,0,0,0,0,0,0,0,0,328,328,38529,0,0,0,0,0,0,0,0,0
200409,999,12100,C,Atlantic City  NJ ,146,146,16094,1,2,487,1,3,636,1,5,184,65,65,8359,1,2,487,0,0,0,0,0,0
200409,999,12260, ,Augusta-Richmond County  GA-SC ,313,313,37518,0,0,0,0,0,0,0,0,0,290,290,34946,0,0,0,0,0,0,0,0,0
200409,999,12420,C,Austin-Round Rock  TX ,1199,1199,141644,12,24,1631,2,8,394,26,435,18709,986,986,119454,12,24,1631,1,4,255,24,402,16783
200409,999,12540, ,Bakersfield  CA ,582,582,81729,2,4,275,0,0,0,1,11,594,232,232,28671,2,4,275,0,0,0,0,0,0
200409,999,12620, ,Bangor  ME ,38,38,6531,3,6,420,0,0,0,0,0,0,32,32,5904,3,6,420,0,0,0,0,0,0
200409,999,12700, ,Barnstable Town  MA ,101,101,24164,0,0,0,3,10,780,0,0,0,45,45,10086,0,0,0,0,0,0,0,0,0
200409,999,12980, ,Battle Creek  MI ,21,21,3255,0,0,0,0,0,0,0,0,0,9,9,1579,0,0,0,0,0,0,0,0,0
200409,999,13140, ,Beaumont-Port Arthur  TX ,47,47,6365,0,0,0,0,0,0,1,10,150,45,45,6115,0,0,0,0,0,0,1,10,150
200409,999,13380, ,Bellingham  WA ,138,138,23886,2,4,480,2,7,591,3,68,4789,0,0,0,0,0,0,0,0,0,0,0,0
200409,999,13740, ,Billings  MT ,46,46,7018,0,0,0,0,0,0,5,120,10582,46,46,7018,0,0,0,0,0,0,5,120,10582
200409,999,13780, ,Binghamton  NY ,11,11,2454,0,0,0,0,0,0,0,0,0,8,8,2069,0,0,0,0,0,0,0,0,0
200409,999,13900, ,Bismarck  ND ,71,71,12260,1,2,252,3,12,1396,0,0,0,71,71,12260,1,2,252,3,12,1396,0,0,0
200409,999,13980, ,Blacksburg-Christiansburg-Radford  VA ,85,85,10810,1,2,169,0,0,0,0,0,0,68,68,7669,0,0,0,0,0,0,0,0,0
200409,999,14020, ,Bloomington  IN ,61,61,8567,13,26,2019,1,3,237,3,36,2062,9,9,729,5,10,580,0,0,0,0,0,0
200409,999,14060, ,Bloomington-Normal  IL ,49,49,7373,0,0,0,1,3,184,0,0,0,48,48,7250,0,0,0,0,0,0,0,0,0
200409,999,14260,C,Boise City-Nampa  ID ,642,642,106303,4,8,821,4,15,927,2,13,876,303,303,51671,4,8,821,0,0,0,0,0,0
200409,999,14540, ,Bowling Green  KY ,69,69,10286,0,0,0,2,6,449,5,120,7949,69,69,10286,0,0,0,2,6,449,5,120,7949
200409,999,15260, ,Brunswick  GA ,68,68,10315,0,0,0,0,0,0,0,0,0,9,9,1460,0,0,0,0,0,0,0,0,0
200409,999,15540, ,Burlington-South Burlington  VT ,54,54,10062,3,6,539,3,9,913,2,94,7578,20,20,3519,1,2,230,0,0,0,1,89,7231
200409,999,15940, ,Canton-Massillon  OH ,100,100,18351,0,0,0,1,4,318,1,5,237,4,4,1005,0,0,0,0,0,0,0,0,0
200409,999,15980,C,Cape Coral-Fort Myers  FL ,1099,1099,177227,12,24,1857,4,16,1574,22,351,46996,682,682,137287,2,4,497,0,0,0,17,252,37618
200409,999,16180,C,Carson City  NV ,7,7,1223,0,0,0,0,0,0,0,0,0,7,7,1223,0,0,0,0,0,0,0,0,0
200409,999,16220,C,Casper  WY ,16,16,2881,0,0,0,0,0,0,0,0,0,0,0,0,0,0,0,0,0,0,0,0,0
200409,999,16300, ,Cedar Rapids  IA ,87,87,10265,3,6,618,3,9,568,2,31,930,48,48,5873,3,6,618,1,3,225,0,0,0
200409,999,16580, ,Champaign-Urbana  IL ,37,37,7248,1,2,156,0,0,0,0,0,0,37,37,7248,1,2,156,0,0,0,0,0,0
200409,999,16620, ,Charleston  WV ,28,28,3609,0,0,0,0,0,0,0,0,0,18,18,2110,0,0,0,0,0,0,0,0,0
200409,999,16700,C,Charleston-North Charleston  SC ,532,532,88569,1,2,50,1,3,314,4,48,7144,452,452,75882,1,2,50,0,0,0,1,32,5880
200409,999,16820,C,Charlottesville  VA ,113,113,19937,1,2,266,0,0,0,3,42,3165,61,61,9368,0,0,0,0,0,0,1,12,1500
200409,999,16940, ,Cheyenne  WY ,90,90,11334,0,0,0,0,0,0,0,0,0,90,90,11334,0,0,0,0,0,0,0,0,0
200409,999,17020, ,Chico  CA ,145,145,17427,0,0,0,0,0,0,0,0,0,145,145,17427,0,0,0,0,0,0,0,0,0
200409,999,17300, ,Clarksville  TN-KY ,141,141,13163,0,0,0,2,7,265,0,0,0,139,139,12596,0,0,0,2,7,265,0,0,0
200409,999,17660, ,Coeur dAlene  ID ,184,184,28231,2,4,282,4,15,1010,1,8,400,184,184,28231,2,4,282,4,15,1010,1,8,400
200409,999,17780, ,College Station-Bryan  TX ,104,104,13732,7,14,1095,1,3,225,1,7,534,28,28,3991,0,0,0,0,0,0,0,0,0
200409,999,17820,C,Colorado Springs  CO ,474,474,90078,0,0,0,0,0,0,0,0,0,474,474,90078,0,0,0,0,0,0,0,0,0
200409,999,17860, ,Columbia  MO ,131,131,16888,63,126,13385,0,0,0,10,241,7121,131,131,16888,63,126,13385,0,0,0,10,241,7121
200409,999,19060, ,Cumberland  MD-WV ,13,13,2146,0,0,0,0,0,0,0,0,0,3,3,779,0,0,0,0,0,0,0,0,0
200409,999,19140,C,Dalton  GA ,50,50,6592,1,2,90,1,3,960,0,0,0,23,23,3268,0,0,0,1,3,960,0,0,0
200409,999,19180, ,Danville  IL ,0,0,0,0,0,0,0,0,0,0,0,0,0,0,0,0,0,0,0,0,0,0,0,0
200409,999,19260,C,Danville  VA ,21,21,2708,0,0,0,1,3,105,0,0,0,2,2,357,0,0,0,0,0,0,0,0,0
200409,999,19340, ,Davenport-Moline-Rock Island  IA-IL ,56,56,9172,3,6,560,0,0,0,2,89,4846,53,53,8683,2,4,336,0,0,0,2,89,4846
200409,999,19500, ,Decatur  IL ,29,29,3102,0,0,0,0,0,0,1,7,568,5,5,565,0,0,0,0,0,0,0,0,0
200409,999,20100,C,Dover  DE ,142,142,18003,0,0,0,0,0,0,0,0,0,140,140,17786,0,0,0,0,0,0,0,0,0
200409,999,20220, ,Dubuque  IA ,30,30,4109,1,2,185,0,0,0,1,185,10200,30,30,4109,1,2,185,0,0,0,1,185,10200
200409,999,20260, ,Duluth  MN-WI ,106,106,16095,3,6,657,0,0,0,1,5,269,79,79,12469,3,6,657,0,0,0,0,0,0
200409,999,20940,C,El Centro  CA ,118,118,15246,0,0,0,1,3,311,2,16,1092,58,58,7966,0,0,0,0,0,0,0,0,0
200409,999,21140, ,Elkhart-Goshen  IN ,71,71,10114,0,0,0,0,0,0,1,5,125,67,67,9586,0,0,0,0,0,0,0,0,0
200409,999,21300, ,Elmira  NY ,2,2,280,0,0,0,0,0,0,0,0,0,1,1,86,0,0,0,0,0,0,0,0,0
200409,999,21340, ,El Paso  TX ,88,88,7538,0,0,0,1,4,126,3,19,1393,88,88,7538,0,0,0,1,4,126,3,19,1393
200409,999,21500, ,Erie  PA ,25,25,3583,0,0,0,0,0,0,1,7,243,18,18,2816,0,0,0,0,0,0,0,0,0
200409,999,21660,C,Eugene-Springfield  OR ,107,107,21581,3,6,595,1,3,288,1,5,429,101,101,20590,2,4,405,0,0,0,0,0,0
200409,999,21780, ,Evansville  IN-KY ,112,112,16369,1,2,180,1,4,102,3,48,2550,112,112,16369,1,2,180,1,4,102,3,48,2550
200409,999,21820,C,Fairbanks  AK ,24,24,2954,3,6,615,0,0,0,6,44,5000,23,23,2862,3,6,615,0,0,0,6,44,5000
200409,999,22140,C,Farmington  NM ,52,52,6147,0,0,0,0,0,0,0,0,0,52,52,6147,0,0,0,0,0,0,0,0,0
200409,999,22180, ,Fayetteville  NC ,180,180,23537,0,0,0,1,3,152,10,160,10896,180,180,23537,0,0,0,1,3,152,10,160,10896
200409,999,22220, ,Fayetteville-Springdale-Rogers  AR-MO ,313,313,43419,2,4,249,1,4,182,14,155,6620,175,175,25611,0,0,0,0,0,0,3,36,1173
200409,999,22380, ,Flagstaff  AZ ,53,53,11275,0,0,0,1,3,464,0,0,0,53,53,11275,0,0,0,1,3,464,0,0,0
200409,999,22500, ,Florence  SC ,21,21,2048,0,0,0,0,0,0,0,0,0,0,0,0,0,0,0,0,0,0,0,0,0
200409,999,22520, ,Florence-Muscle Shoals  AL ,22,22,2124,3,6,246,0,0,0,1,5,224,14,14,1541,3,6,246,0,0,0,0,0,0
200409,999,22660,C,Fort Collins-Loveland  CO ,241,241,43717,4,8,1024,4,13,1399,3,25,1870,145,145,27049,0,0,0,0,0,0,0,0,0
200409,999,22900, ,Fort Smith  AR-OK ,37,37,5167,2,4,239,0,0,0,0,0,0,20,20,3146,1,2,140,0,0,0,0,0,0
200409,999,23020,C,Fort Walton Beach-Crestview-Destin  FL ,125,125,22185,0,0,0,0,0,0,1,5,358,49,49,6359,0,0,0,0,0,0,0,0,0
200409,999,23460, ,Gadsden  AL ,13,13,1166,0,0,0,0,0,0,0,0,0,13,13,1166,0,0,0,0,0,0,0,0,0
200409,999,23540, ,Gainesville  FL ,93,93,12120,0,0,0,1,4,177,3,40,2126,66,66,9093,0,0,0,1,4,177,0,0,0
200409,999,24140,C,Goldsboro  NC ,39,39,4418,0,0,0,0,0,0,0,0,0,39,39,4418,0,0,0,0,0,0,0,0,0
200409,999,24220, ,Grand Forks  ND-MN ,28,28,3501,0,0,0,0,0,0,0,0,0,28,28,3501,0,0,0,0,0,0,0,0,0
200409,999,24300,C,Grand Junction  CO ,134,134,17110,2,4,330,3,9,697,0,0,0,0,0,0,0,0,0,0,0,0,0,0,0
200409,999,24500, ,Great Falls  MT ,13,13,1971,1,2,125,0,0,0,0,0,0,13,13,1971,1,2,125,0,0,0,0,0,0
200409,999,24540,C,Greeley  CO ,314,314,53293,0,0,0,2,8,387,3,24,1418,207,207,37562,0,0,0,2,8,387,2,18,919
200409,999,24580, ,Green Bay  WI ,162,162,21248,6,12,1008,0,0,0,4,56,1944,140,140,18190,4,8,665,0,0,0,2,32,960
200409,999,24780, ,Greenville  NC ,65,65,8974,4,8,558,0,0,0,2,15,725,23,23,2996,4,8,558,0,0,0,1,10,360
200409,999,25180, ,Hagerstown-Martinsburg  MD-WV ,272,272,38937,0,0,0,1,3,135,2,10,376,151,151,23342,0,0,0,0,0,0,0,0,0
200409,999,25260, ,Hanford-Corcoran  CA ,73,73,7546,0,0,0,1,3,123,1,11,579,8,8,1002,0,0,0,0,0,0,0,0,0
200409,999,25500,C,Harrisonburg  VA ,44,44,6390,1,2,320,0,0,0,0,0,0,7,7,1123,1,2,320,0,0,0,0,0,0
200409,999,25620, ,Hattiesburg  MS ,8,8,1139,0,0,0,0,0,0,1,16,490,8,8,1139,0,0,0,0,0,0,1,16,490
200409,999,25860, ,Hickory-Lenoir-Morganton  NC ,111,111,21742,0,0,0,0,0,0,0,0,0,111,111,21742,0,0,0,0,0,0,0,0,0
200409,999,26180,C,Honolulu  HI ,160,160,32019,0,0,0,2,8,786,9,72,5697,160,160,32019,0,0,0,2,8,786,9,72,5697
200409,999,26300, ,Hot Springs  AR ,12,12,1312,0,0,0,0,0,0,0,0,0,0,0,0,0,0,0,0,0,0,0,0,0
200409,999,26380, ,Houma-Bayou Cane-Thibodaux  LA ,59,59,5971,0,0,0,0,0,0,0,0,0,56,56,5491,0,0,0,0,0,0,0,0,0
200409,999,26580, ,Huntington-Ashland  WV-KY-OH ,3,3,288,2,4,201,0,0,0,0,0,0,0,0,0,1,2,108,0,0,0,0,0,0
200409,999,26980, ,Iowa City  IA ,68,68,10911,3,6,529,0,0,24,6,64,3655,67,67,10792,2,4,397,0,0,24,6,64,3655
200409,999,27100, ,Jackson  MI ,17,17,2141,0,0,0,0,0,0,0,0,0,9,9,1238,0,0,0,0,0,0,0,0,0
200409,999,27260,C,Jacksonville  FL ,1176,1176,164286,2,4,199,1,3,275,28,568,60655,1171,1171,163704,2,4,199,1,3,275,28,568,60655
200409,999,27340, ,Jacksonville  NC ,86,86,8842,0,0,0,0,0,0,0,0,0,29,29,3495,0,0,0,0,0,0,0,0,0
200409,999,27500, ,Janesville  WI ,48,48,5834,2,4,415,6,23,1156,1,7,245,16,16,1419,1,2,200,4,16,710,0,0,0
200409,999,27620, ,Jefferson City  MO ,38,38,5035,0,0,0,0,0,0,0,0,0,21,21,2945,0,0,0,0,0,0,0,0,0
200409,999,27780, ,Johnstown  PA ,7,7,711,0,0,0,0,0,0,0,0,0,4,4,281,0,0,0,0,0,0,0,0,0
200409,999,27860, ,Jonesboro  AR ,50,50,5073,0,0,0,0,0,0,0,0,0,50,50,5073,0,0,0,0,0,0,0,0,0
200409,999,27900, ,Joplin  MO ,17,17,1570,0,0,0,0,0,0,0,0,0,17,17,1570,0,0,0,0,0,0,0,0,0
200409,999,28020, ,Kalamazoo-Portage  MI ,100,100,16764,2,4,285,7,22,1629,0,0,0,57,57,9308,2,4,285,7,22,1629,0,0,0
200409,999,28420, ,Kennewick-Richland-Pasco  WA ,179,179,28946,0,0,0,0,0,0,3,29,1813,37,37,6844,0,0,0,0,0,0,0,0,0
200409,999,28660, ,Killeen-Temple-Fort Hood  TX ,254,254,29441,0,0,0,2,7,316,0,0,0,253,253,29359,0,0,0,1,4,185,0,0,0
200409,999,29100, ,La Crosse  WI-MN ,43,43,7976,0,0,0,0,0,0,5,30,900,43,43,7976,0,0,0,0,0,0,5,30,900
200409,999,29460,C,Lakeland  FL ,908,908,62551,14,28,1372,0,0,0,5,48,2800,887,887,60408,13,26,1306,0,0,0,5,48,2800
200409,999,29540, ,Lancaster  PA ,109,109,15172,0,0,0,3,11,1183,4,30,1543,53,53,7579,0,0,0,2,8,971,0,0,0
200409,999,29700,C,Laredo  TX ,117,117,11004,1,2,66,0,0,0,1,18,911,117,117,11004,1,2,66,0,0,0,1,18,911
200409,999,29740,C,Las Cruces  NM ,106,106,20044,0,0,0,0,0,0,0,0,0,100,100,19434,0,0,0,0,0,0,0,0,0
200409,999,29940, ,Lawrence  KS ,29,29,4893,0,0,0,0,0,0,0,0,0,21,21,3518,0,0,0,0,0,0,0,0,0
200409,999,30020, ,Lawton  OK ,13,13,1534,0,0,0,0,0,0,0,0,0,0,0,0,0,0,0,0,0,0,0,0,0
200409,999,30300, ,Lewiston  ID-WA ,4,4,679,1,2,288,0,0,0,0,0,0,4,4,679,1,2,288,0,0,0,0,0,0
200409,999,30700, ,Lincoln  NE ,179,179,25032,3,6,462,0,0,0,3,39,1802,9,9,1262,0,0,0,0,0,0,0,0,0
200409,999,30860, ,Logan  UT-ID ,122,122,12763,7,14,1110,2,7,625,6,112,3509,116,116,11867,7,14,1110,1,4,375,6,112,3509
200409,999,31020, ,Longview  WA ,40,40,6883,1,2,88,0,0,0,0,0,0,35,35,6123,0,0,0,0,0,0,0,0,0
200409,999,31340, ,Lynchburg  VA ,88,88,16729,0,0,0,0,0,0,0,0,0,71,71,14187,0,0,0,0,0,0,0,0,0
200409,999,32580,C,McAllen-Edinburg-Pharr  TX ,549,549,34069,9,18,690,10,37,1164,8,71,2035,119,119,7102,0,0,0,4,15,442,0,0,0
200409,999,32780,C,Medford  OR ,150,150,25871,1,2,180,0,0,0,1,5,405,136,136,23772,1,2,180,0,0,0,0,0,0
200409,999,32820, ,Memphis  TN-MS-AR ,782,782,133312,0,0,0,0,0,0,24,239,13100,742,742,129381,0,0,0,0,0,0,24,239,13100
200409,999,32900, ,Merced  CA ,175,175,29052,0,0,0,1,3,370,0,0,0,114,114,18271,0,0,0,1,3,370,0,0,0
200409,999,33100, ,Miami-Fort Lauderdale-Miami Beach  FL ,1515,1515,259325,21,42,2609,11,42,5978,31,1518,111456,1364,1364,229615,20,40,2561,9,36,5478,26,1445,104846
200409,999,33540,C,Missoula  MT ,40,40,3790,5,10,529,2,6,264,1,34,1240,0,0,0,0,0,0,0,0,0,0,0,0
200409,999,33700, ,Modesto  CA ,335,335,54836,0,0,0,0,0,0,12,256,19854,316,316,51958,0,0,0,0,0,0,12,256,19854
200409,999,34060, ,Morgantown  WV ,3,3,335,0,0,0,0,0,0,2,51,2400,3,3,335,0,0,0,0,0,0,2,51,2400
200409,999,34580, ,Mount Vernon-Anacortes  WA ,58,58,10037,2,4,446,0,0,0,0,0,0,38,38,6975,0,0,0,0,0,0,0,0,0
200409,999,34620, ,Muncie  IN ,20,20,3512,0,0,0,0,0,0,0,0,0,3,3,209,0,0,0,0,0,0,0,0,0
200409,999,34940,C,Naples-Marco Island  FL ,428,428,96811,4,8,1178,2,8,1168,12,120,13939,428,428,96811,4,8,1178,2,8,1168,12,120,13939
200409,999,35660, ,Niles-Benton Harbor  MI ,14,14,3023,0,0,0,0,0,0,0,0,0,11,11,2374,0,0,0,0,0,0,0,0,0
200409,999,35980,C,Norwich-New London  CT ,96,96,16610,0,0,0,0,0,0,1,14,649,68,68,13484,0,0,0,0,0,0,0,0,0
200409,999,36100,C,Ocala  FL ,483,483,53571,1,2,165,6,18,1034,0,0,0,483,483,53571,1,2,165,6,18,1034,0,0,0
200409,999,36140,C,Ocean City  NJ ,75,75,15889,16,32,3209,2,8,260,5,37,3340,75,75,15889,16,32,3209,2,8,260,5,37,3340
200409,999,36980, ,Owensboro  KY ,32,32,3170,0,0,0,0,0,0,0,0,0,32,32,3170,0,0,0,0,0,0,0,0,0
200409,999,37340,C,Palm Bay-Melbourne-Titusville  FL ,405,405,66549,0,0,0,4,12,1934,13,164,26594,219,219,37885,0,0,0,4,12,1934,13,164,26594
200409,999,37460,C,Panama City-Lynn Haven  FL ,106,106,14301,2,4,290,1,3,224,0,0,0,106,106,14301,2,4,290,1,3,224,0,0,0
200409,999,37620, ,Parkersburg-Marietta  WV-OH ,15,15,1752,0,0,0,0,0,0,0,0,0,12,12,1439,0,0,0,0,0,0,0,0,0
200409,999,37860, ,Pensacola-Ferry Pass-Brent  FL ,314,314,38620,2,4,292,0,0,0,8,99,6526,11,11,1828,0,0,0,0,0,0,0,0,0
200409,999,38060, ,Phoenix-Mesa-Scottsdale  AZ ,4761,4761,741478,8,16,1335,15,46,3573,56,461,28960,4157,4157,672346,6,12,1043,13,40,3365,54,437,27349
200409,999,38340, ,Pittsfield  MA ,8,8,1039,0,0,0,0,0,0,0,0,0,0,0,0,0,0,0,0,0,0,0,0,0
200409,999,38540, ,Pocatello  ID ,45,45,5747,0,0,0,0,0,0,0,0,0,45,45,5747,0,0,0,0,0,0,0,0,0
200409,999,38900,C,Portland-Vancouver-Beaverton  OR-WA ,971,971,188556,19,38,3629,7,24,2205,10,159,11644,861,861,166301,17,34,3257,7,24,2205,9,153,11463
200409,999,38940,C,Port St. Lucie-Fort Pierce  FL ,278,278,37390,0,0,0,1,4,492,1,23,1217,274,274,35706,0,0,0,0,0,0,0,0,0
200409,999,39140, ,Prescott  AZ ,236,236,36622,7,14,862,0,0,0,0,0,0,171,171,30131,3,6,336,0,0,0,0,0,0
200409,999,39300, ,Providence-New Bedford-Fall River  RI-MA ,272,272,46092,3,6,320,0,0,0,6,90,5244,167,167,28907,0,0,0,0,0,0,4,80,4741
200409,999,39340, ,Provo-Orem  UT ,320,320,61442,0,0,0,6,24,2503,5,70,6500,308,308,59960,0,0,0,6,24,2503,5,70,6500
200409,999,39380,C,Pueblo  CO ,110,110,11476,0,0,0,0,0,0,0,0,0,110,110,11476,0,0,0,0,0,0,0,0,0
200409,999,39460,C,Punta Gorda  FL ,170,170,26980,3,6,381,4,15,1762,2,23,2865,0,0,0,0,0,0,0,0,0,0,0,0
200409,999,39660, ,Rapid City  SD ,75,75,9264,2,4,283,2,6,336,0,0,10,72,72,9010,2,4,283,2,6,336,0,0,10
200409,999,39740, ,Reading  PA ,94,94,13209,0,0,0,1,3,384,0,0,0,58,58,7183,0,0,0,1,3,384,0,0,0
200409,999,39820,C,Redding  CA ,74,74,13111,0,0,0,0,0,0,0,0,0,74,74,13111,0,0,0,0,0,0,0,0,0
200409,999,39900,C,Reno-Sparks  NV ,403,403,65172,0,0,0,0,0,0,0,0,0,403,403,65172,0,0,0,0,0,0,0,0,0
200409,999,40060,C,Richmond  VA ,603,603,89013,0,0,0,2,8,598,0,0,0,501,501,76043,0,0,0,2,8,598,0,0,0
200409,999,40220, ,Roanoke  VA ,129,129,16400,1,2,134,0,0,0,0,0,0,110,110,14761,0,0,0,0,0,0,0,0,0
200409,999,40340, ,Rochester  MN ,151,151,28402,1,2,229,0,0,0,0,0,0,138,138,26723,0,0,0,0,0,0,0,0,0
200409,999,40580, ,Rocky Mount  NC ,49,49,4437,3,6,399,0,0,0,0,0,0,26,26,2928,2,4,237,0,0,0,0,0,0
200409,999,40660,C,Rome  GA ,29,29,4257,8,16,720,0,0,0,0,0,0,29,29,4257,8,16,720,0,0,0,0,0,0
200409,999,41100, ,St. George  UT ,274,274,36542,1,2,175,6,24,1711,7,42,2552,274,274,36542,1,2,175,6,24,1711,7,42,2552
200409,999,41140, ,St. Joseph  MO-KS ,6,6,1107,0,0,0,0,0,0,0,0,0,6,6,1107,0,0,0,0,0,0,0,0,0
200409,999,41420,C,Salem  OR ,125,125,21112,1,2,215,3,12,1159,1,5,357,110,110,18741,0,0,0,3,12,1159,0,0,0
200409,999,41500, ,Salinas  CA ,60,60,27295,0,0,0,0,0,0,0,0,0,60,60,27295,0,0,0,0,0,0,0,0,0
200409,999,41660, ,San Angelo  TX ,16,16,3682,0,0,0,0,0,0,0,0,0,16,16,3682,0,0,0,0,0,0,0,0,0
200409,999,41700, ,San Antonio  TX ,1185,1185,170510,2,4,266,1,4,85,47,650,43057,1032,1032,149814,2,4,266,0,0,0,47,650,43057
200409,999,41740,C,San Diego-Carlsbad-San Marcos  CA ,784,784,208618,4,8,746,2,6,902,23,534,41841,776,776,206876,4,8,746,2,6,902,22,521,41267
200409,999,41780, ,Sandusky  OH ,15,15,2681,0,0,0,0,0,0,0,0,0,15,15,2681,0,0,0,0,0,0,0,0,0
200409,999,42020,C,San Luis Obispo-Paso Robles  CA ,214,214,39746,0,0,0,2,6,561,0,0,0,189,189,34999,0,0,0,1,3,313,0,0,0
200409,999,42060, ,Santa Barbara-Santa Maria-Goleta  CA ,83,83,17713,1,2,242,6,20,3402,6,44,6357,16,16,6122,0,0,0,6,20,3402,3,17,3482
200409,999,42260,C,Sarasota-Bradenton-Venice  FL ,765,765,146801,5,10,3998,18,72,8124,9,65,9522,402,402,86943,5,10,3998,17,68,7629,4,24,4777
200409,999,42540, ,Scranton--Wilkes-Barre  PA ,32,32,3746,2,4,406,1,4,109,1,6,453,25,25,2790,2,4,406,1,4,109,1,6,453
200409,999,43100, ,Sheboygan  WI ,22,22,4729,1,2,189,0,0,0,1,5,208,15,15,3504,0,0,0,0,0,0,0,0,0
200409,999,43300, ,Sherman-Denison  TX ,21,21,1598,2,4,180,0,0,0,0,0,0,20,20,1429,2,4,180,0,0,0,0,0,0
200409,999,43620, ,Sioux Falls  SD ,115,115,15686,3,6,611,2,8,1037,1,16,2104,113,113,15448,2,4,404,2,8,1037,1,16,2104
200409,999,43780, ,South Bend-Mishawaka  IN-MI ,69,69,10908,0,0,0,0,0,0,0,0,0,67,67,10721,0,0,0,0,0,0,0,0,0
200409,999,44060, ,Spokane  WA ,165,165,23125,6,12,1481,0,0,0,1,7,485,61,61,8303,6,12,1481,0,0,0,0,0,0
200409,999,44100, ,Springfield  IL ,48,48,6994,7,14,1262,1,3,389,1,22,1251,4,4,544,0,0,0,0,0,0,0,0,0
200409,999,44140, ,Springfield  MA ,82,82,14863,1,2,70,0,0,0,1,6,537,47,47,9332,1,2,70,0,0,0,0,0,0
200409,999,44180, ,Springfield  MO ,247,247,36370,2,4,274,2,7,380,3,51,2105,98,98,12431,0,0,0,1,3,200,0,0,0
200409,999,44300, ,State College  PA ,34,34,5825,0,0,0,0,0,0,1,25,1070,3,3,422,0,0,0,0,0,0,0,0,0
200409,999,44700,C,Stockton  CA ,477,477,98031,0,0,0,5,15,1335,1,5,388,477,477,98031,0,0,0,5,15,1335,1,5,388
200409,999,44940,C,Sumter  SC ,43,43,4039,2,4,236,0,0,0,1,10,540,0,0,0,0,0,0,0,0,0,0,0,0
200409,999,45220, ,Tallahassee  FL ,152,152,17573,1,2,145,1,4,299,9,115,7618,111,111,15015,1,2,145,1,4,299,9,115,7618
200409,999,45300,C,Tampa-St. Petersburg-Clearwater  FL ,1565,1565,249050,8,16,1516,22,71,5123,35,566,60571,1418,1418,229650,7,14,1374,21,68,4914,31,480,54409
200409,999,45460, ,Terre Haute  IN ,20,20,2698,1,2,28,0,0,0,1,6,209,0,0,0,0,0,0,0,0,0,0,0,0
200409,999,45500, ,Texarkana  TX-Texarkana  AR ,15,15,1535,3,6,240,0,0,0,0,0,0,15,15,1535,3,6,240,0,0,0,0,0,0
200409,999,45820, ,Topeka  KS ,81,81,13039,3,6,380,0,0,0,0,0,0,79,79,12874,3,6,380,0,0,0,0,0,0
200409,999,46060, ,Tucson  AZ ,784,784,136497,8,16,1622,5,16,1365,0,0,0,744,744,130631,8,16,1622,5,16,1365,0,0,0
200409,999,46220, ,Tuscaloosa  AL ,117,117,14322,0,0,0,0,0,0,1,35,2200,117,117,14322,0,0,0,0,0,0,1,35,2200
200409,999,46540, ,Utica-Rome  NY ,10,10,1819,0,0,0,0,0,0,0,0,0,6,6,1266,0,0,0,0,0,0,0,0,0
200409,999,46660, ,Valdosta  GA ,67,67,7833,0,0,0,0,0,0,2,21,718,4,4,330,0,0,0,0,0,0,0,0,0
200409,999,46940,C,Vero Beach  FL ,146,146,27628,0,0,0,1,3,408,3,50,4644,39,39,5490,0,0,0,0,0,0,0,0,0
200409,999,47020, ,Victoria  TX ,12,12,1640,0,0,0,0,0,0,0,0,0,12,12,1640,0,0,0,0,0,0,0,0,0
200409,999,47260, ,Virginia Beach-Norfolk-Newport News  VA-NC ,716,716,101828,10,20,1448,14,48,3231,2,70,3313,535,535,76602,10,20,1448,13,45,3040,1,48,2293
200409,999,47300, ,Visalia-Porterville  CA ,168,168,24515,3,6,257,2,8,552,0,0,0,166,166,24342,3,6,257,2,8,552,0,0,0
200409,999,47380, ,Waco  TX ,52,52,7528,0,0,0,0,0,0,0,0,0,51,51,7445,0,0,0,0,0,0,0,0,0
200409,999,47940, ,Waterloo-Cedar Falls  IA ,60,60,10910,3,6,548,0,0,0,1,12,425,60,60,10910,3,6,548,0,0,0,1,12,425
200409,999,48260, ,Weirton-Steubenville  WV-OH ,7,7,766,0,0,0,0,0,0,0,0,0,5,5,480,0,0,0,0,0,0,0,0,0
200409,999,48300, ,Wenatchee  WA ,52,52,7598,0,0,0,0,0,0,1,5,369,15,15,2168,0,0,0,0,0,0,0,0,0
200409,999,48540, ,Wheeling  WV-OH ,4,4,289,0,0,0,0,0,0,0,0,0,3,3,150,0,0,0,0,0,0,0,0,0
200409,999,48660, ,Wichita Falls  TX ,24,24,3540,0,0,0,0,0,0,0,0,0,21,21,3298,0,0,0,0,0,0,0,0,0
200409,999,48900,C,Wilmington  NC ,488,488,78816,4,8,1325,2,8,820,2,16,1363,272,272,52074,4,8,1325,2,8,820,2,16,1363
200409,999,49420, ,Yakima  WA ,67,67,11200,3,6,496,1,3,177,0,0,0,37,37,6196,3,6,496,0,0,0,0,0,0
200409,999,49700, ,Yuba City  CA ,222,222,34574,3,6,545,0,0,0,0,0,0,206,206,32475,3,6,545,0,0,0,0,0,0
200409,999,49740, ,Yuma  AZ ,188,188,22900,0,0,0,0,0,0,0,0,0,188,188,22900,0,0,0,0,0,0,0,0,0
