Survey,CSA,CBSA,MONCOV,CBSA,,1-unit,,,2-units,,,3-4 units,,,5+ units,,,1-unit rep,,,2-units rep,,,3-4 units rep,,,5+ units rep
Date,Code,Code,,Name,Bldgs,Units,Value,Bldgs,Units,Value,Bldgs,Units,Value,Bldgs,Units,Value,Bldgs,Units,Value,Bldgs,Units,Value,      Bldgs,Units,Value,Bldgs,Units,Value
 
200411,102,18700,C,Corvallis  OR ,25,25,5153,0,0,0,0,0,0,1,10,799,25,25,5153,0,0,0,0,0,0,1,10,799
200411,104,10580, ,Albany-Schenectady-Troy  NY ,172,172,35120,1,2,200,0,0,0,6,72,4186,155,155,32983,1,2,200,0,0,0,3,32,2230
200411,104,24020, ,Glens Falls  NY ,37,37,6170,0,0,0,0,0,0,0,0,0,24,24,5354,0,0,0,0,0,0,0,0,0
200411,112,11180, ,Ames  IA ,30,30,5563,1,2,416,0,0,0,1,45,3000,29,29,5344,1,2,416,0,0,0,1,45,3000
200411,118,11540, ,Appleton  WI ,132,132,23801,1,2,145,0,0,0,0,0,0,129,129,23333,1,2,145,0,0,0,0,0,0
200411,118,36780, ,Oshkosh-Neenah  WI ,40,40,6471,1,2,135,0,0,0,1,5,466,40,40,6471,1,2,135,0,0,0,1,5,466
200411,120,11700, ,Asheville  NC ,255,255,48312,4,8,712,0,0,0,1,41,3854,225,225,43372,4,8,712,0,0,0,1,41,3854
200411,122,12060, ,Atlanta-Sandy Springs-Marietta  GA ,3763,3763,534723,6,12,869,6,19,1197,51,3435,294174,3667,3667,522451,6,12,869,5,16,1197,51,3435,294174
200411,122,23580, ,Gainesville  GA ,83,83,13767,0,0,0,0,0,0,0,0,0,76,76,12890,0,0,0,0,0,0,0,0,0
200411,132,12940, ,Baton Rouge  LA ,314,314,31100,0,0,0,1,3,273,3,105,5453,203,203,19638,0,0,0,0,0,0,0,0,0
200411,140,13460, ,Bend  OR ,286,286,61449,4,8,875,1,4,315,0,0,0,286,286,61449,4,8,875,1,4,315,0,0,0
200411,142,13820, ,Birmingham-Hoover  AL ,439,439,71620,0,0,0,0,0,0,1,6,450,297,297,51910,0,0,0,0,0,0,0,0,0
200411,148,14460, ,Boston-Cambridge-Quincy  MA-NH ,630,630,127065,37,74,7216,16,55,5478,39,756,61762,391,391,84988,13,26,2696,5,18,2440,15,339,28630
200411,148,31700, ,Manchester-Nashua  NH ,96,96,19722,1,2,352,2,8,539,1,8,524,71,71,16125,1,2,352,1,4,39,0,0,0
200411,148,49340, ,Worcester  MA ,241,241,44428,1,2,50,7,25,2132,1,6,679,163,163,32753,1,2,50,6,21,1856,1,6,679
200411,154,15180, ,Brownsville-Harlingen  TX ,202,202,15687,3,6,257,2,6,336,1,6,209,116,116,9954,1,2,107,2,6,336,0,0,0
200411,160,15380, ,Buffalo-Niagara Falls  NY ,98,98,19083,1,2,249,0,0,0,3,24,918,93,93,18102,0,0,0,0,0,0,3,24,918
200411,172,16740, ,Charlotte-Gastonia-Concord  NC-SC ,1127,1127,165285,3,6,422,0,0,0,16,463,31362,1127,1127,165285,3,6,422,0,0,0,16,463,31362
200411,174,16860, ,Chattanooga  TN-GA ,183,183,24819,4,8,371,1,4,148,2,15,511,102,102,15003,0,0,0,0,0,0,0,0,0
200411,174,17420, ,Cleveland  TN ,46,46,5745,1,2,150,2,7,240,0,0,0,46,46,5745,1,2,150,2,7,240,0,0,0
200411,176,16980, ,Chicago-Naperville-Joliet  IL-IN-WI ,2778,2778,581310,37,74,7106,51,164,15522,51,830,85763,2453,2453,519144,33,66,6243,45,146,14120,43,753,80574
200411,176,28100,C,Kankakee-Bradley  IL ,35,35,5736,1,2,183,0,0,0,0,0,0,21,21,3931,0,0,0,0,0,0,0,0,0
200411,176,33140, ,Michigan City-La Porte  IN ,26,26,3198,0,0,0,0,0,0,0,0,0,0,0,0,0,0,0,0,0,0,0,0,0
200411,178,17140, ,Cincinnati-Middletown  OH-KY-IN ,798,798,125693,15,30,2136,9,33,2742,37,536,22836,730,730,116590,14,28,1930,8,30,2583,34,516,22010
200411,184,10420,C,Akron  OH ,223,223,37756,4,8,804,3,10,642,1,22,769,144,144,29080,4,8,804,2,7,573,0,0,0
200411,184,17460,C,Cleveland-Elyria-Mentor  OH ,514,514,91599,9,18,2023,5,19,1586,2,10,752,391,391,74489,7,14,1782,3,12,1077,0,0,0
200411,192,17900, ,Columbia  SC ,425,425,48946,3,6,293,1,4,168,4,73,4172,102,102,11983,3,6,293,1,4,168,0,0,0
200411,194,12220,C,Auburn-Opelika  AL ,33,33,5900,0,0,0,0,0,0,1,30,1800,33,33,5900,0,0,0,0,0,0,1,30,1800
200411,194,17980, ,Columbus  GA-AL ,90,90,10941,2,4,150,0,0,0,0,0,0,90,90,10941,2,4,150,0,0,0,0,0,0
200411,198,18140, ,Columbus  OH ,670,670,123991,1,2,120,23,90,6663,15,220,10075,600,600,113468,0,0,0,21,82,6312,13,203,9613
200411,204,18580, ,Corpus Christi  TX ,109,109,13436,0,0,0,0,0,0,1,5,207,101,101,12597,0,0,0,0,0,0,0,0,0
200411,206,19100, ,Dallas-Fort Worth-Arlington  TX ,3262,3262,508358,4,8,575,1,4,800,26,331,22103,3033,3033,471644,3,6,450,1,4,800,25,316,21116
200411,212,19380, ,Dayton  OH ,177,177,32734,1,2,115,1,3,510,0,0,0,155,155,29498,1,2,115,1,3,510,0,0,0
200411,212,44220, ,Springfield  OH ,16,16,2654,0,0,0,0,0,0,0,0,0,16,16,2654,0,0,0,0,0,0,0,0,0
200411,214,19660, ,Deltona-Daytona Beach-Ormond Beach  FL ,338,338,57878,3,6,587,0,0,0,6,61,4440,210,210,37824,3,6,587,0,0,0,2,12,80
200411,216,14500,C,Boulder  CO ,66,66,14449,2,4,580,0,0,0,1,6,465,65,65,14208,2,4,580,0,0,0,1,6,465
200411,216,19740, ,Denver-Aurora  CO ,1016,1016,201443,5,10,1323,7,22,2426,20,159,12449,980,980,195976,5,10,1323,7,22,2426,19,150,11944
200411,218,19780, ,Des Moines  IA ,395,395,64317,1,2,276,1,4,522,2,47,4593,384,384,62715,1,2,276,1,4,522,2,47,4593
200411,220,11460,C,Ann Arbor  MI ,158,158,29017,1,2,306,0,0,0,1,5,302,136,136,26376,1,2,306,0,0,0,0,0,0
200411,220,19820,C,Detroit-Warren-Livonia  MI ,1310,1310,222802,17,34,3605,1,4,338,32,471,44478,1193,1193,201407,16,32,3500,1,4,338,30,450,43036
200411,220,22420,C,Flint  MI ,171,171,26847,2,4,286,0,0,0,7,56,2400,162,162,25741,2,4,286,0,0,0,7,56,2400
200411,220,33780,C,Monroe  MI ,50,50,7957,0,0,0,0,0,0,1,5,180,39,39,6363,0,0,0,0,0,0,0,0,0
200411,222,20020, ,Dothan  AL ,27,27,1807,0,0,0,0,0,0,0,0,0,27,27,1807,0,0,0,0,0,0,0,0,0
200411,232,20740, ,Eau Claire  WI ,82,82,14924,2,4,275,4,16,1070,3,24,1020,80,80,14523,2,4,275,4,16,1070,3,24,1020
200411,244,22020, ,Fargo  ND-MN ,65,65,10579,0,0,0,0,0,0,2,28,2227,65,65,10579,0,0,0,0,0,0,2,28,2227
200411,252,22540, ,Fond du Lac  WI ,8,8,1329,1,2,180,2,8,480,0,0,0,2,2,310,1,2,180,2,8,480,0,0,0
200411,258,23060, ,Fort Wayne  IN ,180,180,32525,0,0,0,0,0,0,1,80,4100,180,180,32525,0,0,0,0,0,0,1,80,4100
200411,260,23420,C,Fresno  CA ,335,335,62000,1,2,203,9,35,3138,6,60,4257,314,314,59475,1,2,203,9,35,3138,4,48,3723
200411,260,31460,C,Madera  CA ,119,119,21472,5,10,841,0,0,0,0,0,0,119,119,21472,5,10,841,0,0,0,0,0,0
200411,266,24340, ,Grand Rapids-Wyoming  MI ,265,265,40124,0,0,0,0,0,0,1,5,255,180,180,28989,0,0,0,0,0,0,0,0,0
200411,266,26100,C,Holland-Grand Haven  MI ,117,117,18866,4,8,528,7,23,2748,10,107,4429,59,59,9433,0,0,0,1,3,300,9,96,3997
200411,266,34740,C,Muskegon-Norton Shores  MI ,41,41,6875,2,4,420,0,0,0,1,5,214,31,31,5625,2,4,420,0,0,0,0,0,0
200411,268,15500,C,Burlington  NC ,90,90,12240,0,0,0,0,0,0,1,12,1394,90,90,12240,0,0,0,0,0,0,1,12,1394
200411,268,24660, ,Greensboro-High Point  NC ,343,343,56879,0,0,0,3,9,600,4,60,3975,343,343,56879,0,0,0,3,9,600,4,60,3975
200411,268,49180,C,Winston-Salem  NC ,274,274,36362,0,0,0,0,0,0,0,0,0,273,273,36236,0,0,0,0,0,0,0,0,0
200411,273,11340,C,Anderson  SC ,78,78,10522,3,6,230,0,0,0,0,0,0,78,78,10522,3,6,230,0,0,0,0,0,0
200411,273,24860, ,Greenville  SC ,332,332,36679,3,6,319,0,0,0,0,0,0,274,274,30491,0,0,0,0,0,0,0,0,0
200411,273,43900, ,Spartanburg  SC ,140,140,11761,0,0,0,0,0,0,0,0,0,140,140,11761,0,0,0,0,0,0,0,0,0
200411,274,25060, ,Gulfport-Biloxi  MS ,90,90,11920,1,2,118,0,0,0,3,18,1351,88,88,11784,1,2,118,0,0,0,3,18,1351
200411,274,37700, ,Pascagoula  MS ,67,67,5816,0,0,0,0,0,0,0,0,0,48,48,3084,0,0,0,0,0,0,0,0,0
200411,276,25420, ,Harrisburg-Carlisle  PA ,98,98,17174,1,2,332,1,3,425,0,0,0,90,90,16315,1,2,332,0,0,0,0,0,0
200411,276,30140, ,Lebanon  PA ,36,36,4438,0,0,0,0,0,0,0,0,0,27,27,3096,0,0,0,0,0,0,0,0,0
200411,278,25540, ,Hartford-West Hartford-East Hartford  CT ,345,345,41648,9,18,1495,0,0,0,4,53,2480,301,301,35499,6,12,1214,0,0,0,0,0,0
200411,288,26420, ,Houston-Baytown-Sugar Land  TX ,2678,2678,351991,12,24,1718,1,4,299,43,1052,50747,2628,2628,341327,12,24,1718,1,4,299,41,1027,49858
200411,290,19460, ,Decatur  AL ,18,18,2250,0,0,0,0,0,0,0,0,0,18,18,2250,0,0,0,0,0,0,0,0,0
200411,290,26620, ,Huntsville  AL ,126,126,7307,0,0,0,0,0,0,0,0,0,126,126,7307,0,0,0,0,0,0,0,0,0
200411,292,26820, ,Idaho Falls  ID ,91,91,10826,0,0,0,9,36,1641,0,0,0,91,91,10826,0,0,0,9,36,1641,0,0,0
200411,294,11300,C,Anderson  IN ,28,28,5622,0,0,0,0,0,0,0,0,0,27,27,5529,0,0,0,0,0,0,0,0,0
200411,294,18020, ,Columbus  IN ,21,21,3256,0,0,0,0,0,0,0,0,0,0,0,0,0,0,0,0,0,0,0,0,0
200411,294,26900, ,Indianapolis  IN ,1208,1208,209722,18,36,3661,14,55,8989,1,5,443,1136,1136,200704,18,36,3661,13,52,8989,0,0,0
200411,296,27060, ,Ithaca  NY ,6,6,1120,0,0,0,0,0,0,1,7,443,5,5,950,0,0,0,0,0,0,0,0,0
200411,297,27180, ,Jackson  TN ,38,38,5202,0,0,0,0,0,0,0,0,0,28,28,4105,0,0,0,0,0,0,0,0,0
200411,298,27140, ,Jackson  MS ,251,251,35733,0,0,0,0,0,0,2,28,1032,241,241,34067,0,0,0,0,0,0,0,0,0
200411,304,27740, ,Johnson City  TN ,43,43,6540,0,0,0,0,0,0,1,5,298,16,16,3130,0,0,0,0,0,0,0,0,0
200411,304,28700, ,Kingsport-Bristol-Bristol  TN-VA ,68,68,6348,0,0,0,1,3,275,1,5,143,8,8,1010,0,0,0,1,3,275,0,0,0
200411,312,28140, ,Kansas City  MO-KS ,891,891,148749,17,34,3238,29,114,9409,28,291,15171,778,778,131143,15,30,2939,27,108,9138,27,286,14959
200411,314,28940, ,Knoxville  TN ,321,321,38285,2,4,200,2,7,355,6,85,5216,268,268,33311,2,4,200,1,4,180,5,80,5095
200411,316,29020, ,Kokomo  IN ,22,22,4057,2,4,840,0,0,0,1,5,225,22,22,4057,2,4,840,0,0,0,1,5,225
200411,318,29180, ,Lafayette  LA ,284,284,15551,0,0,0,0,0,0,0,0,0,283,283,15481,0,0,0,0,0,0,0,0,0
200411,320,29140, ,Lafayette  IN ,102,102,13836,7,14,1050,1,4,410,0,0,0,93,93,13104,7,14,1050,1,4,410,0,0,0
200411,324,29340, ,Lake Charles  LA ,61,61,9545,2,4,162,1,3,115,2,18,971,42,42,6947,0,0,0,0,0,0,0,0,0
200411,330,29620, ,Lansing-East Lansing  MI ,119,119,18677,2,4,315,0,0,0,10,97,7727,75,75,11470,1,2,124,0,0,0,8,72,6133
200411,332,29820,C,Las Vegas-Paradise  NV ,1835,1835,223598,0,0,0,4,12,868,8,60,4183,1835,1835,223598,0,0,0,4,12,868,8,60,4183
200411,336,30460, ,Lexington-Fayette  KY ,284,284,42764,0,0,0,0,0,0,2,245,16229,257,257,40191,0,0,0,0,0,0,2,245,16229
200411,338,30620, ,Lima  OH ,4,4,639,0,0,0,0,0,0,0,0,0,2,2,335,0,0,0,0,0,0,0,0,0
200411,340,30780, ,Little Rock-North Little Rock  AR ,204,204,33885,0,0,0,0,0,0,0,0,0,192,192,32549,0,0,0,0,0,0,0,0,0
200411,340,38220, ,Pine Bluff  AR ,8,8,431,0,0,0,0,0,0,1,6,85,3,3,269,0,0,0,0,0,0,0,0,0
200411,346,30980, ,Longview  TX ,10,10,1268,2,4,220,0,0,0,0,0,0,9,9,1227,2,4,220,0,0,0,0,0,0
200411,348,31100,C,Los Angeles-Long Beach-Santa Ana  CA ,1295,1295,293089,25,50,6126,26,93,16522,74,2449,190468,1175,1175,259246,21,42,4961,22,79,15890,61,2325,181360
200411,348,37100,C,Oxnard-Thousand Oaks-Ventura  CA ,137,137,42480,0,0,0,0,0,0,5,70,7934,106,106,34458,0,0,0,0,0,0,4,24,3857
200411,348,40140,C,Riverside-San Bernardino-Ontario  CA ,3185,3185,568613,6,12,979,33,112,9144,27,223,17009,2905,2905,522187,4,8,594,31,105,8244,22,175,13300
200411,350,21060, ,Elizabethtown  KY ,87,87,9927,3,6,434,0,0,0,3,24,1200,87,87,9927,3,6,434,0,0,0,3,24,1200
200411,350,31140, ,Louisville  KY-IN ,408,408,59709,5,10,1620,2,6,810,0,0,0,408,408,59709,5,10,1620,2,6,810,0,0,0
200411,352,31180, ,Lubbock  TX ,72,72,14101,2,4,370,0,0,0,1,18,350,72,72,14101,2,4,370,0,0,0,1,18,350
200411,356,31420, ,Macon  GA ,54,54,6768,0,0,0,0,0,0,0,0,0,54,54,6768,0,0,0,0,0,0,0,0,0
200411,356,47580, ,Warner Robins  GA ,113,113,15438,0,0,0,0,0,0,0,0,0,113,113,15438,0,0,0,0,0,0,0,0,0
200411,358,31540, ,Madison  WI ,231,231,48926,10,20,2539,11,43,4432,4,75,4406,188,188,42189,4,8,1295,7,28,3130,2,62,3500
200411,360,31900,C,Mansfield  OH ,21,21,3316,0,0,0,1,4,356,1,6,626,16,16,2785,0,0,0,0,0,0,1,6,626
200411,372,33260,C,Midland  TX ,21,21,2726,0,0,0,0,0,0,0,0,0,21,21,2726,0,0,0,0,0,0,0,0,0
200411,372,36220,C,Odessa  TX ,9,9,1640,0,0,0,0,0,0,0,0,0,9,9,1640,0,0,0,0,0,0,0,0,0
200411,376,33340,C,Milwaukee-Waukesha-West Allis  WI ,321,321,74289,4,8,680,3,11,1250,8,177,13967,269,269,61399,0,0,0,2,8,950,4,150,11775
200411,376,39540,C,Racine  WI ,66,66,12218,2,4,385,1,3,221,1,8,434,63,63,11899,1,2,230,0,0,0,0,0,0
200411,378,33460,C,Minneapolis-St. Paul-Bloomington  MN-WI ,1509,1509,298234,13,26,3015,8,29,3660,23,422,55911,1358,1358,269481,11,22,2545,6,23,3034,21,409,54825
200411,378,41060, ,St. Cloud  MN ,77,77,11253,1,2,200,1,4,0,1,5,315,57,57,8798,1,2,200,0,0,0,0,0,0
200411,380,33660, ,Mobile  AL ,89,89,13807,0,0,0,0,0,0,2,56,3710,82,82,12421,0,0,0,0,0,0,2,56,3710
200411,384,33740, ,Monroe  LA ,28,28,3943,0,0,0,1,3,72,1,5,150,2,2,207,0,0,0,0,0,0,0,0,0
200411,388,33860, ,Montgomery  AL ,113,113,12854,0,0,0,0,0,0,0,0,0,91,91,9276,0,0,0,0,0,0,0,0,0
200411,392,34100, ,Morristown  TN ,45,45,7771,1,2,85,0,0,0,1,6,480,45,45,7771,1,2,85,0,0,0,1,6,480
200411,396,34820, ,Myrtle Beach-Conway-North Myrtle Beach  SC ,382,382,53091,7,14,1077,5,19,1500,23,317,19168,375,375,52433,7,14,1077,4,16,1391,23,317,19168
200411,400,34980, ,Nashville-Davidson--Murfreesboro  TN ,966,966,143791,10,20,5035,2,8,310,1,8,608,857,857,125266,10,20,5035,1,4,115,1,8,608
200411,406,35380, ,New Orleans-Metairie-Kenner  LA ,424,424,69182,13,26,1882,1,3,224,3,68,4504,392,392,64908,13,26,1882,1,3,224,3,68,4504
200411,408,14860,C,Bridgeport-Stamford-Norwalk  CT ,123,123,57969,3,6,1095,1,3,270,6,127,15379,104,104,47383,3,6,1095,1,3,270,6,127,15379
200411,408,28740, ,Kingston  NY ,63,63,12214,0,0,0,0,0,0,0,0,0,63,63,12214,0,0,0,0,0,0,0,0,0
200411,408,35300,C,New Haven-Milford  CT ,228,228,34990,0,0,0,1,4,384,4,181,9422,201,201,29891,0,0,0,0,0,0,3,176,9257
200411,408,35620,C,New York-Northern New Jersey-Long Island  NY-NJ-PA ,1659,1659,322948,284,568,57303,172,545,45686,89,2772,189118,1310,1310,256387,217,434,38507,162,511,40015,58,2362,157426
200411,408,39100,C,Poughkeepsie-Newburgh-Middletown  NY ,193,193,36752,0,0,0,0,0,0,6,44,3161,122,122,25495,0,0,0,0,0,0,0,0,0
200411,408,45940,C,Trenton-Ewing  NJ ,77,77,6296,0,0,0,0,0,0,1,5,856,63,63,4476,0,0,0,0,0,0,0,0,0
200411,416,36420, ,Oklahoma City  OK ,488,488,72305,2,4,290,0,0,0,38,330,16143,467,467,69472,2,4,290,0,0,0,38,330,16143
200411,420,36540, ,Omaha-Council Bluffs  NE-IA ,376,376,54020,8,16,1132,2,6,496,11,227,14670,362,362,51885,8,16,1132,2,6,496,11,227,14670
200411,422,36740,C,Orlando  FL ,1790,1790,265612,3,6,399,2,6,382,4,33,2112,1496,1496,227569,2,4,290,0,0,0,3,18,1251
200411,426,37900, ,Peoria  IL ,75,75,13464,2,4,382,2,8,550,1,5,359,42,42,8142,0,0,0,2,8,550,0,0,0
200411,428,37980,C,Philadelphia-Camden-Wilmington  PA-NJ-DE-MD ,1243,1243,174446,4,8,619,11,41,3652,15,203,10565,976,976,141376,4,8,619,10,38,3418,6,71,4561
200411,428,47220,C,Vineland-Millville-Bridgeton  NJ ,20,20,2525,0,0,0,0,0,0,0,0,0,9,9,1527,0,0,0,0,0,0,0,0,0
200411,430,38300, ,Pittsburgh  PA ,354,354,57577,4,8,752,7,25,1874,6,40,3586,228,228,39527,2,4,500,3,10,1210,1,5,1437
200411,438,30340, ,Lewiston-Auburn  ME ,41,41,5923,0,0,0,0,0,0,0,0,0,27,27,4328,0,0,0,0,0,0,0,0,0
200411,438,38860, ,Portland-South Portland-Biddeford  ME ,225,225,38173,6,12,1085,3,9,780,5,51,3830,106,106,19319,3,6,550,0,0,0,3,40,2652
200411,450,20500,C,Durham  NC ,248,248,33679,0,0,0,1,3,120,0,0,0,203,203,27219,0,0,0,1,3,120,0,0,0
200411,450,39580,C,Raleigh-Cary  NC ,831,831,148666,18,36,2969,1,4,90,13,228,9518,831,831,148666,18,36,2969,1,4,90,13,228,9518
200411,464,40380, ,Rochester  NY ,134,134,24653,2,4,156,0,0,0,2,62,7921,98,98,19701,0,0,0,0,0,0,1,54,7553
200411,466,40420, ,Rockford  IL ,130,130,13517,0,0,0,1,4,172,0,0,0,118,118,11873,0,0,0,1,4,172,0,0,0
200411,472,40900,C,Sacramento--Arden-Arcade--Roseville  CA ,1144,1144,259191,14,28,2838,2,8,735,56,759,69244,1137,1137,257469,14,28,2838,2,8,735,56,759,69244
200411,474,13020, ,Bay City  MI ,9,9,1282,0,0,0,0,0,0,0,0,0,7,7,1037,0,0,0,0,0,0,0,0,0
200411,474,40980, ,Saginaw-Saginaw Township North  MI ,21,21,3431,0,0,0,0,0,0,0,0,0,20,20,3367,0,0,0,0,0,0,0,0,0
200411,476,41180, ,St. Louis  MO-IL ,814,814,124250,11,22,1948,5,16,1295,4,51,3350,651,651,99293,7,14,1107,3,9,857,2,26,1633
200411,480,41540, ,Salisbury  MD ,54,54,6103,0,0,0,0,0,0,1,8,547,45,45,5315,0,0,0,0,0,0,0,0,0
200411,482,36260, ,Ogden-Clearfield  UT ,296,296,50793,0,0,0,8,28,2868,1,5,425,235,235,41976,0,0,0,7,25,2625,0,0,0
200411,482,41620, ,Salt Lake City  UT ,474,474,75494,2,4,417,3,11,1014,10,75,5408,369,369,59059,0,0,0,2,8,804,7,46,3482
200411,488,34900,C,Napa  CA ,13,13,5863,7,14,167,0,0,0,0,0,0,1,1,417,7,14,167,0,0,0,0,0,0
200411,488,41860,C,San Francisco-Oakland-Fremont  CA ,646,646,171471,5,10,1243,3,10,1613,22,739,91439,601,601,156419,4,8,870,3,10,1613,19,703,86381
200411,488,41940, ,San Jose-Sunnyvale-Santa Clara  CA ,243,243,57208,0,0,0,1,4,505,7,298,23340,230,230,54885,0,0,0,1,4,505,6,279,20732
200411,488,42100,C,Santa Cruz-Watsonville  CA ,62,62,16002,0,0,0,0,0,0,0,0,0,60,60,15478,0,0,0,0,0,0,0,0,0
200411,488,42220,C,Santa Rosa-Petaluma  CA ,104,104,22577,0,0,0,0,0,0,0,0,0,80,80,15633,0,0,0,0,0,0,0,0,0
200411,488,46700,C,Vallejo-Fairfield  CA ,223,223,46556,0,0,0,0,0,0,0,0,0,213,213,43911,0,0,0,0,0,0,0,0,0
200411,492,42140,C,Santa Fe  NM ,45,45,5673,0,0,0,0,0,0,0,0,0,0,0,0,0,0,0,0,0,0,0,0,0
200411,496,25980,C,Hinesville-Fort Stewart  GA ,23,23,2987,0,0,0,0,0,0,0,0,0,23,23,2987,0,0,0,0,0,0,0,0,0
200411,496,42340, ,Savannah  GA ,236,236,33381,0,0,0,0,0,0,2,15,867,225,225,31673,0,0,0,0,0,0,1,9,695
200411,500,14740,C,Bremerton-Silverdale  WA ,103,103,18972,0,0,0,0,0,0,1,5,351,100,100,18663,0,0,0,0,0,0,0,0,0
200411,500,36500,C,Olympia  WA ,156,156,27102,1,2,259,0,0,0,0,0,0,153,153,26477,0,0,0,0,0,0,0,0,0
200411,500,42660,C,Seattle-Tacoma-Bellevue  WA ,1093,1093,201138,34,68,7322,7,23,2572,25,574,53179,989,989,187162,32,64,7139,5,17,2037,19,539,50815
200411,508,43340, ,Shreveport-Bossier City  LA ,85,85,15328,27,54,1775,1,4,172,6,36,1183,85,85,15328,27,54,1775,1,4,172,6,36,1183
200411,512,43580, ,Sioux City  IA-NE-SD ,22,22,4501,0,0,0,0,0,0,0,0,0,15,15,3300,0,0,0,0,0,0,0,0,0
200411,532,45060, ,Syracuse  NY ,67,67,9861,1,2,170,0,0,0,0,0,0,62,62,9367,1,2,170,0,0,0,0,0,0
200411,534,45780, ,Toledo  OH ,199,199,24634,11,22,2009,20,80,1794,25,191,18174,181,181,23135,11,22,2009,20,80,1794,25,191,18174
200411,538,46140, ,Tulsa  OK ,298,298,44135,8,16,922,0,0,0,0,0,0,293,293,43731,8,16,922,0,0,0,0,0,0
200411,540,46340, ,Tyler  TX ,29,29,5117,0,0,0,0,0,0,1,8,370,0,0,0,0,0,0,0,0,0,0,0,0
200411,548,12580,C,Baltimore-Towson  MD ,698,698,98191,0,0,0,0,0,0,8,423,27914,686,686,96536,0,0,0,0,0,0,8,423,27914
200411,548,47900,C,Washington-Arlington-Alexandria  DC-VA-MD-WV ,1652,1652,246233,1,2,309,0,0,0,30,182,11096,1452,1452,210180,0,0,0,0,0,0,28,155,10274
200411,548,49020, ,Winchester  VA-WV ,124,124,19982,0,0,0,0,0,0,0,0,0,111,111,18716,0,0,0,0,0,0,0,0,0
200411,554,48140, ,Wausau  WI ,52,52,7955,1,2,72,0,0,0,0,0,0,25,25,4395,0,0,0,0,0,0,0,0,0
200411,556,48620, ,Wichita  KS ,171,171,21986,3,6,459,0,0,0,0,0,0,163,163,21052,2,4,289,0,0,0,0,0,0
200411,558,48700, ,Williamsport  PA ,3,3,379,0,0,0,0,0,0,0,0,0,1,1,130,0,0,0,0,0,0,0,0,0
200411,564,49620, ,York-Hanover  PA ,195,195,21910,0,0,0,0,0,0,2,43,1811,141,141,15498,0,0,0,0,0,0,1,30,1159
200411,566,49660, ,Youngstown-Warren-Boardman  OH-PA ,79,79,10356,3,6,480,0,0,0,2,12,882,74,74,9545,3,6,480,0,0,0,2,12,882
200411,999,10180, ,Abilene  TX ,13,13,1934,0,0,0,0,0,0,0,0,0,13,13,1934,0,0,0,0,0,0,0,0,0
200411,999,10500, ,Albany  GA ,48,48,5330,4,8,611,4,16,948,0,0,0,14,14,1299,4,8,611,4,16,948,0,0,0
200411,999,10740,C,Albuquerque  NM ,540,540,61087,12,24,1504,2,6,338,3,64,2233,0,0,0,0,0,0,0,0,0,0,0,0
200411,999,10780, ,Alexandria  LA ,25,25,3716,0,0,0,0,0,0,0,0,0,22,22,3456,0,0,0,0,0,0,0,0,0
200411,999,10900,C,Allentown-Bethlehem-Easton  PA-NJ ,285,285,42906,0,0,0,3,11,768,1,5,183,230,230,35009,0,0,0,2,8,536,0,0,0
200411,999,11020, ,Altoona  PA ,2,2,278,0,0,0,0,0,0,0,0,0,1,1,201,0,0,0,0,0,0,0,0,0
200411,999,11100, ,Amarillo  TX ,38,38,5858,0,0,0,0,0,0,0,0,0,37,37,5700,0,0,0,0,0,0,0,0,0
200411,999,11260,C,Anchorage  AK ,46,46,9300,8,16,2465,0,0,0,2,36,4662,38,38,8420,8,16,2465,0,0,0,2,36,4662
200411,999,11500, ,Anniston-Oxford  AL ,12,12,1331,0,0,0,0,0,0,0,0,0,10,10,1059,0,0,0,0,0,0,0,0,0
200411,999,12020, ,Athens-Clarke County  GA ,109,109,14180,0,0,0,0,0,0,1,36,1096,98,98,12605,0,0,0,0,0,0,1,36,1096
200411,999,12100,C,Atlantic City  NJ ,107,107,12922,3,6,491,0,0,0,1,6,1391,95,95,11534,3,6,491,0,0,0,1,6,1391
200411,999,12260, ,Augusta-Richmond County  GA-SC ,200,200,24761,0,0,0,0,0,0,0,0,0,179,179,22413,0,0,0,0,0,0,0,0,0
200411,999,12420,C,Austin-Round Rock  TX ,884,884,123413,7,14,1069,4,14,736,14,269,10433,841,841,118793,6,12,998,1,3,159,13,250,8901
200411,999,12540, ,Bakersfield  CA ,467,467,67012,0,0,0,5,15,4378,2,16,926,171,171,22108,0,0,0,4,12,4116,1,5,332
200411,999,12620, ,Bangor  ME ,41,41,4675,1,2,140,0,0,0,0,0,0,32,32,3636,1,2,140,0,0,0,0,0,0
200411,999,12700, ,Barnstable Town  MA ,79,79,20155,1,2,243,3,10,780,0,0,0,38,38,10495,0,0,0,0,0,0,0,0,0
200411,999,12980, ,Battle Creek  MI ,15,15,2005,0,0,0,0,0,0,0,0,0,1,1,168,0,0,0,0,0,0,0,0,0
200411,999,13140, ,Beaumont-Port Arthur  TX ,39,39,5448,0,0,0,0,0,0,0,0,0,39,39,5448,0,0,0,0,0,0,0,0,0
200411,999,13380, ,Bellingham  WA ,103,103,18030,2,4,579,2,7,603,3,72,4859,1,1,119,0,0,0,0,0,0,1,12,661
200411,999,13740, ,Billings  MT ,59,59,8494,0,0,0,2,7,205,1,6,180,59,59,8494,0,0,0,1,4,205,1,6,180
200411,999,13780, ,Binghamton  NY ,12,12,2074,0,0,0,0,0,0,0,0,0,10,10,1768,0,0,0,0,0,0,0,0,0
200411,999,13900, ,Bismarck  ND ,40,40,7376,1,2,305,1,4,566,0,0,0,40,40,7376,1,2,305,1,4,566,0,0,0
200411,999,13980, ,Blacksburg-Christiansburg-Radford  VA ,56,56,7936,1,2,120,0,0,0,1,5,175,28,28,3821,1,2,120,0,0,0,0,0,0
200411,999,14020, ,Bloomington  IN ,49,49,7038,9,18,1664,1,3,237,2,19,1088,0,0,0,0,0,0,0,0,0,0,0,0
200411,999,14060, ,Bloomington-Normal  IL ,49,49,6398,0,0,0,0,0,0,1,8,554,44,44,5302,0,0,0,0,0,0,1,8,554
200411,999,14260,C,Boise City-Nampa  ID ,637,637,104672,23,46,6675,8,30,1408,0,0,0,512,512,78793,22,44,6588,7,27,1294,0,0,0
200411,999,14540, ,Bowling Green  KY ,58,58,7897,0,0,0,0,0,0,0,0,0,58,58,7897,0,0,0,0,0,0,0,0,0
200411,999,15260, ,Brunswick  GA ,56,56,8231,2,4,300,1,3,181,0,0,0,0,0,0,0,0,0,0,0,0,0,0,0
200411,999,15540, ,Burlington-South Burlington  VT ,44,44,7817,3,6,349,1,3,364,1,5,353,18,18,3066,0,0,0,0,0,0,0,0,0
200411,999,15940, ,Canton-Massillon  OH ,85,85,16733,0,0,0,0,0,0,1,5,237,72,72,15309,0,0,0,0,0,0,0,0,0
200411,999,15980,C,Cape Coral-Fort Myers  FL ,1491,1491,232422,0,0,0,0,0,0,30,293,35837,1491,1491,232422,0,0,0,0,0,0,30,293,35837
200411,999,16180,C,Carson City  NV ,20,20,4922,0,0,0,0,0,0,5,60,3418,20,20,4922,0,0,0,0,0,0,5,60,3418
200411,999,16220,C,Casper  WY ,12,12,2534,0,0,0,0,0,0,0,0,0,9,9,1969,0,0,0,0,0,0,0,0,0
200411,999,16300, ,Cedar Rapids  IA ,97,97,11351,5,10,1062,6,23,1428,4,30,1326,93,93,10622,5,10,1062,6,23,1428,4,30,1326
200411,999,16580, ,Champaign-Urbana  IL ,32,32,6366,0,0,0,0,0,0,1,16,1100,32,32,6366,0,0,0,0,0,0,1,16,1100
200411,999,16620, ,Charleston  WV ,23,23,2993,0,0,0,0,0,0,0,0,0,14,14,1698,0,0,0,0,0,0,0,0,0
200411,999,16700,C,Charleston-North Charleston  SC ,583,583,89113,0,0,0,1,3,265,6,85,4436,437,437,70126,0,0,0,0,0,0,0,0,0
200411,999,16820,C,Charlottesville  VA ,111,111,20542,1,2,266,1,3,236,1,33,1832,66,66,11395,0,0,0,0,0,0,0,0,0
200411,999,16940, ,Cheyenne  WY ,34,34,4158,1,2,175,3,10,519,1,5,272,0,0,0,0,0,0,0,0,0,0,0,0
200411,999,17020, ,Chico  CA ,104,104,12096,13,26,1775,3,12,571,1,107,8707,104,104,12096,13,26,1775,3,12,571,1,107,8707
200411,999,17300, ,Clarksville  TN-KY ,131,131,13196,0,0,0,8,32,880,0,0,0,128,128,12552,0,0,0,8,32,880,0,0,0
200411,999,17660, ,Coeur dAlene  ID ,198,198,33589,1,2,140,0,0,0,0,0,0,198,198,33589,1,2,140,0,0,0,0,0,0
200411,999,17780, ,College Station-Bryan  TX ,44,44,6209,11,22,1853,0,0,0,4,20,1490,43,43,6087,11,22,1853,0,0,0,4,20,1490
200411,999,17820,C,Colorado Springs  CO ,433,433,63722,0,0,0,0,0,0,0,0,0,416,416,60470,0,0,0,0,0,0,0,0,0
200411,999,17860, ,Columbia  MO ,102,102,16868,5,10,575,0,0,0,2,40,2293,102,102,16868,5,10,575,0,0,0,2,40,2293
200411,999,19060, ,Cumberland  MD-WV ,16,16,2185,0,0,0,0,0,0,0,0,0,16,16,2185,0,0,0,0,0,0,0,0,0
200411,999,19140,C,Dalton  GA ,35,35,4175,0,0,0,1,4,219,2,17,840,5,5,655,0,0,0,0,0,0,0,0,0
200411,999,19180, ,Danville  IL ,0,0,0,0,0,0,0,0,0,0,0,0,0,0,0,0,0,0,0,0,0,0,0,0
200411,999,19260,C,Danville  VA ,21,21,2460,0,0,0,1,3,105,0,0,0,5,5,480,0,0,0,0,0,0,0,0,0
200411,999,19340, ,Davenport-Moline-Rock Island  IA-IL ,56,56,8987,0,0,0,0,0,0,8,90,6459,47,47,7546,0,0,0,0,0,0,8,90,6459
200411,999,19500, ,Decatur  IL ,5,5,1147,0,0,0,0,0,0,0,0,0,5,5,1147,0,0,0,0,0,0,0,0,0
200411,999,20100,C,Dover  DE ,150,150,18185,0,0,0,0,0,0,0,0,0,148,148,17968,0,0,0,0,0,0,0,0,0
200411,999,20220, ,Dubuque  IA ,30,30,4686,2,4,405,1,3,273,0,0,0,30,30,4686,2,4,405,1,3,273,0,0,0
200411,999,20260, ,Duluth  MN-WI ,66,66,9949,0,0,0,1,3,288,2,10,497,45,45,7094,0,0,0,0,0,0,0,0,0
200411,999,20940,C,El Centro  CA ,162,162,24531,0,0,0,1,4,414,1,10,288,111,111,18312,0,0,0,0,0,0,0,0,0
200411,999,21140, ,Elkhart-Goshen  IN ,79,79,11034,0,0,0,0,0,0,1,5,125,76,76,10638,0,0,0,0,0,0,0,0,0
200411,999,21300, ,Elmira  NY ,2,2,259,0,0,0,0,0,0,0,0,0,0,0,0,0,0,0,0,0,0,0,0,0
200411,999,21340, ,El Paso  TX ,296,296,30599,1,2,333,0,0,0,0,0,0,296,296,30599,1,2,333,0,0,0,0,0,0
200411,999,21500, ,Erie  PA ,13,13,1727,0,0,0,0,0,0,0,0,0,13,13,1727,0,0,0,0,0,0,0,0,0
200411,999,21660,C,Eugene-Springfield  OR ,86,86,15005,3,6,622,2,7,616,1,5,429,82,82,14344,3,6,622,1,4,327,0,0,0
200411,999,21780, ,Evansville  IN-KY ,97,97,15067,0,0,0,0,0,0,0,0,0,97,97,15067,0,0,0,0,0,0,0,0,0
200411,999,21820,C,Fairbanks  AK ,2,2,242,0,0,0,0,0,0,0,0,0,1,1,150,0,0,0,0,0,0,0,0,0
200411,999,22140,C,Farmington  NM ,25,25,4142,0,0,0,1,3,260,0,0,0,25,25,4142,0,0,0,1,3,260,0,0,0
200411,999,22180, ,Fayetteville  NC ,171,171,22043,3,6,434,0,0,0,6,124,3644,171,171,22043,3,6,434,0,0,0,6,124,3644
200411,999,22220, ,Fayetteville-Springdale-Rogers  AR-MO ,259,259,39423,2,4,249,4,16,1021,8,111,4441,178,178,30122,0,0,0,2,8,649,0,0,0
200411,999,22380, ,Flagstaff  AZ ,52,52,10310,1,2,139,0,0,0,0,0,0,21,21,5359,1,2,139,0,0,0,0,0,0
200411,999,22500, ,Florence  SC ,17,17,1618,0,0,0,0,0,0,0,0,0,0,0,0,0,0,0,0,0,0,0,0,0
200411,999,22520, ,Florence-Muscle Shoals  AL ,12,12,907,0,0,0,0,0,0,1,5,224,5,5,392,0,0,0,0,0,0,0,0,0
200411,999,22660,C,Fort Collins-Loveland  CO ,166,166,27142,0,0,0,1,3,276,4,44,3361,164,164,26802,0,0,0,1,3,276,4,44,3361
200411,999,22900, ,Fort Smith  AR-OK ,34,34,3574,3,6,324,0,0,0,0,0,0,28,28,3060,2,4,197,0,0,0,0,0,0
200411,999,23020,C,Fort Walton Beach-Crestview-Destin  FL ,182,182,24543,1,2,100,0,0,0,2,85,22289,89,89,8585,0,0,0,0,0,0,1,77,22000
200411,999,23460, ,Gadsden  AL ,11,11,1239,0,0,0,0,0,0,0,0,0,11,11,1239,0,0,0,0,0,0,0,0,0
200411,999,23540, ,Gainesville  FL ,95,95,13428,0,0,0,0,0,0,3,43,2285,86,86,12532,0,0,0,0,0,0,0,0,0
200411,999,24140,C,Goldsboro  NC ,32,32,4287,0,0,0,0,0,0,0,0,0,32,32,4287,0,0,0,0,0,0,0,0,0
200411,999,24220, ,Grand Forks  ND-MN ,15,15,1786,0,0,0,0,0,0,0,0,0,15,15,1786,0,0,0,0,0,0,0,0,0
200411,999,24300,C,Grand Junction  CO ,102,102,17272,0,0,0,0,0,0,0,0,0,102,102,17272,0,0,0,0,0,0,0,0,0
200411,999,24500, ,Great Falls  MT ,11,11,1927,0,0,0,0,0,0,0,0,0,11,11,1927,0,0,0,0,0,0,0,0,0
200411,999,24540,C,Greeley  CO ,235,235,36109,0,0,0,3,11,833,1,5,439,211,211,30757,0,0,0,2,8,353,0,0,0
200411,999,24580, ,Green Bay  WI ,127,127,16498,0,0,0,1,3,325,2,29,1287,108,108,13771,0,0,0,1,3,325,1,14,672
200411,999,24780, ,Greenville  NC ,73,73,8891,3,6,413,0,0,0,5,68,2986,1,1,175,0,0,0,0,0,0,0,0,0
200411,999,25180, ,Hagerstown-Martinsburg  MD-WV ,212,212,30197,38,76,4127,0,0,0,3,15,950,103,103,16144,37,74,4068,0,0,0,2,10,800
200411,999,25260, ,Hanford-Corcoran  CA ,45,45,5845,0,0,0,0,0,0,0,0,0,45,45,5845,0,0,0,0,0,0,0,0,0
200411,999,25500,C,Harrisonburg  VA ,84,84,10851,1,2,220,0,0,0,0,0,0,84,84,10851,1,2,220,0,0,0,0,0,0
200411,999,25620, ,Hattiesburg  MS ,13,13,2402,0,0,0,5,20,1196,9,136,5895,13,13,2402,0,0,0,5,20,1196,9,136,5895
200411,999,25860, ,Hickory-Lenoir-Morganton  NC ,115,115,20127,0,0,0,0,0,0,0,0,0,115,115,20127,0,0,0,0,0,0,0,0,0
200411,999,26180,C,Honolulu  HI ,52,52,8942,0,0,0,0,0,0,21,371,28772,52,52,8942,0,0,0,0,0,0,21,371,28772
200411,999,26300, ,Hot Springs  AR ,10,10,1093,0,0,0,0,0,0,0,0,0,0,0,0,0,0,0,0,0,0,0,0,0
200411,999,26380, ,Houma-Bayou Cane-Thibodaux  LA ,49,49,6313,0,0,0,0,0,0,0,0,0,47,47,5993,0,0,0,0,0,0,0,0,0
200411,999,26580, ,Huntington-Ashland  WV-KY-OH ,4,4,373,0,0,0,0,0,0,0,0,0,1,1,85,0,0,0,0,0,0,0,0,0
200411,999,26980, ,Iowa City  IA ,50,50,9350,2,4,480,0,0,0,2,42,5651,50,50,9350,2,4,480,0,0,0,2,42,5651
200411,999,27100, ,Jackson  MI ,17,17,1815,0,0,0,0,0,0,0,0,0,12,12,1264,0,0,0,0,0,0,0,0,0
200411,999,27260,C,Jacksonville  FL ,1107,1107,190060,6,12,1112,5,20,1163,24,443,26929,1103,1103,189594,6,12,1112,5,20,1163,24,443,26929
200411,999,27340, ,Jacksonville  NC ,85,85,8975,0,0,0,0,0,0,0,0,0,35,35,4284,0,0,0,0,0,0,0,0,0
200411,999,27500, ,Janesville  WI ,40,40,5379,3,6,555,0,0,0,3,20,1215,31,31,4383,3,6,555,0,0,0,2,15,1000
200411,999,27620, ,Jefferson City  MO ,28,28,3746,0,0,0,1,4,245,0,0,0,13,13,1902,0,0,0,0,0,0,0,0,0
200411,999,27780, ,Johnstown  PA ,2,2,385,0,0,0,0,0,0,0,0,0,1,1,260,0,0,0,0,0,0,0,0,0
200411,999,27860, ,Jonesboro  AR ,18,18,2337,0,0,0,0,0,0,0,0,0,18,18,2337,0,0,0,0,0,0,0,0,0
200411,999,27900, ,Joplin  MO ,12,12,1009,0,0,0,0,0,0,0,0,0,11,11,909,0,0,0,0,0,0,0,0,0
200411,999,28020, ,Kalamazoo-Portage  MI ,85,85,17017,0,0,0,2,7,665,2,32,1834,48,48,10593,0,0,0,2,7,665,2,32,1834
200411,999,28420, ,Kennewick-Richland-Pasco  WA ,160,160,26445,1,2,177,0,0,0,2,24,1523,33,33,6098,0,0,0,0,0,0,0,0,0
200411,999,28660, ,Killeen-Temple-Fort Hood  TX ,184,184,23567,12,24,1601,3,12,596,0,0,0,184,184,23567,12,24,1601,3,12,596,0,0,0
200411,999,29100, ,La Crosse  WI-MN ,31,31,5642,3,6,920,0,0,0,0,0,0,25,25,4812,3,6,920,0,0,0,0,0,0
200411,999,29460,C,Lakeland  FL ,395,395,52821,2,4,290,0,0,0,0,0,0,375,375,50836,2,4,290,0,0,0,0,0,0
200411,999,29540, ,Lancaster  PA ,121,121,16751,0,0,0,1,4,287,2,19,1114,99,99,14679,0,0,0,1,4,287,1,12,811
200411,999,29700,C,Laredo  TX ,121,121,10186,0,0,0,0,0,0,1,6,225,0,0,0,0,0,0,0,0,0,0,0,0
200411,999,29740,C,Las Cruces  NM ,113,113,22875,0,0,0,0,0,0,0,0,0,108,108,22366,0,0,0,0,0,0,0,0,0
200411,999,29940, ,Lawrence  KS ,49,49,6485,13,26,2220,0,0,0,1,12,415,20,20,1669,0,0,0,0,0,0,0,0,0
200411,999,30020, ,Lawton  OK ,10,10,1206,0,0,0,0,0,0,0,0,0,0,0,0,0,0,0,0,0,0,0,0,0
200411,999,30300, ,Lewiston  ID-WA ,2,2,285,0,0,0,1,4,385,0,0,0,2,2,285,0,0,0,1,4,385,0,0,0
200411,999,30700, ,Lincoln  NE ,131,131,22777,3,6,315,0,0,0,2,66,3600,130,130,22694,3,6,315,0,0,0,2,66,3600
200411,999,30860, ,Logan  UT-ID ,112,112,14078,0,0,0,0,0,0,1,5,417,107,107,13332,0,0,0,0,0,0,0,0,0
200411,999,31020, ,Longview  WA ,13,13,2222,1,2,88,0,0,0,0,0,0,9,9,1614,0,0,0,0,0,0,0,0,0
200411,999,31340, ,Lynchburg  VA ,89,89,15937,0,0,0,0,0,0,0,0,0,74,74,13694,0,0,0,0,0,0,0,0,0
200411,999,32580,C,McAllen-Edinburg-Pharr  TX ,429,429,45870,4,8,509,29,114,6787,1,26,1722,416,416,45148,4,8,509,29,114,6787,1,26,1722
200411,999,32780,C,Medford  OR ,138,138,22147,6,12,1143,4,16,1089,1,8,506,72,72,14018,4,8,664,1,4,195,0,0,0
200411,999,32820, ,Memphis  TN-MS-AR ,535,535,91457,0,0,0,21,84,4720,3,18,1647,488,488,86569,0,0,0,21,84,4720,2,12,1522
200411,999,32900, ,Merced  CA ,216,216,38472,0,0,0,0,0,0,0,0,0,165,165,29441,0,0,0,0,0,0,0,0,0
200411,999,33100, ,Miami-Fort Lauderdale-Miami Beach  FL ,1463,1463,292100,28,56,4124,26,94,10126,63,1651,146968,1336,1336,270119,28,56,4124,26,94,10126,55,1489,132944
200411,999,33540,C,Missoula  MT ,51,51,4077,0,0,0,2,8,348,3,30,1460,51,51,4077,0,0,0,2,8,348,3,30,1460
200411,999,33700, ,Modesto  CA ,264,264,48275,3,6,422,6,24,1048,2,20,1418,248,248,45852,3,6,422,6,24,1048,2,20,1418
200411,999,34060, ,Morgantown  WV ,3,3,155,0,0,0,0,0,0,0,0,0,3,3,155,0,0,0,0,0,0,0,0,0
200411,999,34580, ,Mount Vernon-Anacortes  WA ,58,58,10330,0,0,0,0,0,0,0,0,0,51,51,9630,0,0,0,0,0,0,0,0,0
200411,999,34620, ,Muncie  IN ,16,16,2974,1,2,250,0,0,0,0,0,0,1,1,60,1,2,250,0,0,0,0,0,0
200411,999,34940,C,Naples-Marco Island  FL ,289,289,74979,8,16,2095,1,4,619,4,134,46884,280,280,67600,8,16,2095,1,4,619,4,134,46884
200411,999,35660, ,Niles-Benton Harbor  MI ,22,22,4018,0,0,0,1,4,322,0,0,0,20,20,3636,0,0,0,1,4,322,0,0,0
200411,999,35980,C,Norwich-New London  CT ,57,57,9734,5,10,596,0,0,0,4,22,3123,29,29,5089,4,8,468,0,0,0,2,12,655
200411,999,36100,C,Ocala  FL ,364,364,42544,4,8,433,1,3,136,1,5,227,360,360,42017,4,8,433,0,0,0,0,0,0
200411,999,36140,C,Ocean City  NJ ,125,125,21149,28,56,6235,3,10,693,4,34,2191,118,118,20471,26,52,5872,1,3,237,2,22,1459
200411,999,36980, ,Owensboro  KY ,24,24,1919,0,0,0,0,0,0,0,0,0,24,24,1919,0,0,0,0,0,0,0,0,0
200411,999,37340,C,Palm Bay-Melbourne-Titusville  FL ,474,474,83525,0,0,0,0,0,0,1,7,756,243,243,45335,0,0,0,0,0,0,0,0,0
200411,999,37460,C,Panama City-Lynn Haven  FL ,117,117,16517,0,0,0,3,12,1110,4,109,53279,117,117,16517,0,0,0,3,12,1110,4,109,53279
200411,999,37620, ,Parkersburg-Marietta  WV-OH ,11,11,1074,2,4,75,0,0,0,0,0,0,8,8,761,2,4,75,0,0,0,0,0,0
200411,999,37860, ,Pensacola-Ferry Pass-Brent  FL ,191,191,25615,2,4,244,0,0,0,1,5,331,191,191,25615,2,4,244,0,0,0,1,5,331
200411,999,38060, ,Phoenix-Mesa-Scottsdale  AZ ,3779,3779,685039,9,18,1734,14,50,3687,10,191,11314,3251,3251,624213,7,14,1441,12,44,3479,8,168,9770
200411,999,38340, ,Pittsfield  MA ,9,9,1332,0,0,0,0,0,0,0,0,0,2,2,493,0,0,0,0,0,0,0,0,0
200411,999,38540, ,Pocatello  ID ,46,46,4491,0,0,0,0,0,0,4,48,2800,46,46,4491,0,0,0,0,0,0,4,48,2800
200411,999,38900,C,Portland-Vancouver-Beaverton  OR-WA ,851,851,145053,10,20,1920,4,13,1136,29,252,23634,745,745,123798,9,18,1752,3,10,919,27,242,23333
200411,999,38940,C,Port St. Lucie-Fort Pierce  FL ,697,697,95310,0,0,0,3,10,2238,1,25,1323,695,695,95022,0,0,0,1,4,1500,0,0,0
200411,999,39140, ,Prescott  AZ ,257,257,44919,4,8,523,0,0,0,0,0,0,257,257,44919,4,8,523,0,0,0,0,0,0
200411,999,39300, ,Providence-New Bedford-Fall River  RI-MA ,259,259,47417,12,24,1927,0,0,0,6,87,6658,143,143,28948,8,16,1521,0,0,0,2,36,3641
200411,999,39340, ,Provo-Orem  UT ,267,267,51542,1,2,215,3,10,1037,6,66,5656,267,267,51542,1,2,215,3,10,1037,6,66,5656
200411,999,39380,C,Pueblo  CO ,81,81,9400,0,0,0,0,0,0,0,0,0,81,81,9400,0,0,0,0,0,0,0,0,0
200411,999,39460,C,Punta Gorda  FL ,179,179,30517,0,0,0,10,30,1873,3,23,2925,167,167,28599,0,0,0,8,24,1241,2,13,1200
200411,999,39660, ,Rapid City  SD ,91,91,11923,0,0,0,2,8,677,0,0,0,91,91,11923,0,0,0,2,8,677,0,0,0
200411,999,39740, ,Reading  PA ,81,81,12048,0,0,0,1,3,253,2,17,1309,49,49,6612,0,0,0,0,0,0,1,12,828
200411,999,39820,C,Redding  CA ,63,63,10718,0,0,0,0,0,0,0,0,0,63,63,10718,0,0,0,0,0,0,0,0,0
200411,999,39900,C,Reno-Sparks  NV ,503,503,82692,0,0,0,5,17,1124,2,15,650,503,503,82692,0,0,0,5,17,1124,2,15,650
200411,999,40060,C,Richmond  VA ,547,547,84058,0,0,0,24,78,5835,4,62,4107,493,493,77336,0,0,0,24,78,5835,4,62,4107
200411,999,40220, ,Roanoke  VA ,115,115,17400,0,0,0,0,0,0,0,0,0,115,115,17400,0,0,0,0,0,0,0,0,0
200411,999,40340, ,Rochester  MN ,85,85,14294,2,4,378,0,0,0,1,16,1353,4,4,888,2,4,378,0,0,0,0,0,0
200411,999,40580, ,Rocky Mount  NC ,64,64,5433,2,4,242,0,0,0,0,0,0,44,44,4122,1,2,80,0,0,0,0,0,0
200411,999,40660,C,Rome  GA ,33,33,4403,3,6,369,0,0,0,0,0,0,0,0,0,0,0,0,0,0,0,0,0,0
200411,999,41100, ,St. George  UT ,224,224,27508,1,2,169,10,40,2854,10,174,11568,215,215,25888,1,2,169,10,40,2854,10,174,11568
200411,999,41140, ,St. Joseph  MO-KS ,13,13,1814,0,0,0,0,0,0,0,0,0,1,1,160,0,0,0,0,0,0,0,0,0
200411,999,41420,C,Salem  OR ,130,130,25529,3,6,728,0,0,0,1,5,357,61,61,15775,1,2,271,0,0,0,0,0,0
200411,999,41500, ,Salinas  CA ,52,52,20638,0,0,0,0,0,0,1,25,3459,49,49,20144,0,0,0,0,0,0,1,25,3459
200411,999,41660, ,San Angelo  TX ,11,11,1143,0,0,0,0,0,0,0,0,0,11,11,1143,0,0,0,0,0,0,0,0,0
200411,999,41700, ,San Antonio  TX ,833,833,122150,13,26,1808,2,7,363,12,347,22637,776,776,113747,13,26,1808,1,4,299,11,335,22191
200411,999,41740,C,San Diego-Carlsbad-San Marcos  CA ,494,494,126973,23,46,5243,54,184,17569,63,692,60824,482,482,124277,23,46,5243,54,184,17569,60,649,57301
200411,999,41780, ,Sandusky  OH ,7,7,1492,1,2,260,0,0,0,0,0,0,2,2,610,1,2,260,0,0,0,0,0,0
200411,999,42020,C,San Luis Obispo-Paso Robles  CA ,121,121,19838,1,2,216,0,0,0,7,138,7382,101,101,16217,0,0,0,0,0,0,7,138,7382
200411,999,42060, ,Santa Barbara-Santa Maria-Goleta  CA ,52,52,9366,2,4,255,0,0,0,4,34,1131,52,52,9366,2,4,255,0,0,0,4,34,1131
200411,999,42260,C,Sarasota-Bradenton-Venice  FL ,997,997,165123,7,14,2554,24,86,7572,41,267,37031,994,994,164385,6,12,2197,24,86,7572,41,267,37031
200411,999,42540, ,Scranton--Wilkes-Barre  PA ,46,46,6308,0,0,0,0,0,0,0,0,0,38,38,5283,0,0,0,0,0,0,0,0,0
200411,999,43100, ,Sheboygan  WI ,17,17,3136,1,2,189,0,0,0,1,16,848,10,10,1871,0,0,0,0,0,0,1,16,848
200411,999,43300, ,Sherman-Denison  TX ,9,9,1024,0,0,0,0,0,0,0,0,0,9,9,1024,0,0,0,0,0,0,0,0,0
200411,999,43620, ,Sioux Falls  SD ,113,113,13961,0,0,0,0,0,0,1,27,2354,106,106,12719,0,0,0,0,0,0,1,27,2354
200411,999,43780, ,South Bend-Mishawaka  IN-MI ,61,61,10632,0,0,0,0,0,0,0,0,0,60,60,10538,0,0,0,0,0,0,0,0,0
200411,999,44060, ,Spokane  WA ,191,191,30354,8,16,1631,0,0,0,0,0,0,191,191,30354,8,16,1631,0,0,0,0,0,0
200411,999,44100, ,Springfield  IL ,46,46,6505,6,12,1044,0,0,0,1,10,569,10,10,1320,0,0,0,0,0,0,0,0,0
200411,999,44140, ,Springfield  MA ,58,58,10838,5,10,1266,1,4,350,1,7,626,41,41,8771,5,10,1266,1,4,350,0,0,0
200411,999,44180, ,Springfield  MO ,189,189,29045,4,8,678,0,0,0,2,18,1278,189,189,29045,4,8,678,0,0,0,2,18,1278
200411,999,44300, ,State College  PA ,12,12,2817,3,6,475,0,0,0,0,0,0,12,12,2817,3,6,475,0,0,0,0,0,0
200411,999,44700,C,Stockton  CA ,464,464,96672,0,0,0,0,0,0,8,80,3174,464,464,96672,0,0,0,0,0,0,8,80,3174
200411,999,44940,C,Sumter  SC ,37,37,3476,1,2,118,0,0,0,1,11,594,0,0,0,0,0,0,0,0,0,0,0,0
200411,999,45220, ,Tallahassee  FL ,152,152,23903,1,2,153,0,0,0,2,16,1060,152,152,23903,1,2,153,0,0,0,2,16,1060
200411,999,45300,C,Tampa-St. Petersburg-Clearwater  FL ,1777,1777,267100,30,60,7248,25,86,4559,34,739,49408,1773,1773,266541,29,58,7083,25,86,4559,34,739,49408
200411,999,45460, ,Terre Haute  IN ,20,20,2461,1,2,70,0,0,0,0,0,0,20,20,2461,1,2,70,0,0,0,0,0,0
200411,999,45500, ,Texarkana  TX-Texarkana  AR ,14,14,1122,1,2,98,0,0,0,1,15,450,4,4,281,0,0,0,0,0,0,0,0,0
200411,999,45820, ,Topeka  KS ,77,77,11791,0,0,0,1,4,300,0,0,0,77,77,11791,0,0,0,1,4,300,0,0,0
200411,999,46060, ,Tucson  AZ ,784,784,138017,7,14,1419,2,8,735,0,0,0,687,687,123919,7,14,1419,2,8,735,0,0,0
200411,999,46220, ,Tuscaloosa  AL ,44,44,6207,0,0,0,0,0,0,0,0,0,44,44,6207,0,0,0,0,0,0,0,0,0
200411,999,46540, ,Utica-Rome  NY ,5,5,664,0,0,0,0,0,0,0,0,0,1,1,200,0,0,0,0,0,0,0,0,0
200411,999,46660, ,Valdosta  GA ,67,67,7485,0,0,0,0,0,0,2,28,987,13,13,1066,0,0,0,0,0,0,0,0,0
200411,999,46940,C,Vero Beach  FL ,188,188,33426,1,2,120,0,0,0,1,15,1193,186,186,33180,1,2,120,0,0,0,0,0,0
200411,999,47020, ,Victoria  TX ,11,11,1503,0,0,0,1,4,299,8,144,9539,11,11,1503,0,0,0,1,4,299,8,144,9539
200411,999,47260, ,Virginia Beach-Norfolk-Newport News  VA-NC ,484,484,78593,16,32,2203,0,0,0,24,379,26251,453,453,74665,16,32,2203,0,0,0,24,379,26251
200411,999,47300, ,Visalia-Porterville  CA ,173,173,25781,2,4,269,9,36,2739,0,0,0,173,173,25781,2,4,269,9,36,2739,0,0,0
200411,999,47380, ,Waco  TX ,35,35,5140,0,0,0,0,0,0,0,0,0,35,35,5140,0,0,0,0,0,0,0,0,0
200411,999,47940, ,Waterloo-Cedar Falls  IA ,26,26,3867,0,0,0,0,0,0,0,0,0,26,26,3867,0,0,0,0,0,0,0,0,0
200411,999,48260, ,Weirton-Steubenville  WV-OH ,4,4,536,0,0,0,0,0,0,0,0,0,1,1,80,0,0,0,0,0,0,0,0,0
200411,999,48300, ,Wenatchee  WA ,53,53,8071,1,2,203,0,0,0,1,5,381,29,29,4298,1,2,203,0,0,0,0,0,0
200411,999,48540, ,Wheeling  WV-OH ,4,4,419,0,0,0,0,0,0,0,0,0,2,2,223,0,0,0,0,0,0,0,0,0
200411,999,48660, ,Wichita Falls  TX ,16,16,2235,0,0,0,0,0,0,0,0,0,14,14,2063,0,0,0,0,0,0,0,0,0
200411,999,48900,C,Wilmington  NC ,478,478,76979,15,30,4257,0,0,0,17,243,24122,287,287,53179,15,30,4257,0,0,0,17,243,24122
200411,999,49420, ,Yakima  WA ,32,32,4959,3,6,422,0,0,0,0,0,0,7,7,788,2,4,246,0,0,0,0,0,0
200411,999,49700, ,Yuba City  CA ,232,232,38457,0,0,0,0,0,0,0,0,0,219,219,36751,0,0,0,0,0,0,0,0,0
200411,999,49740, ,Yuma  AZ ,171,171,22114,0,0,0,0,0,0,0,0,0,171,171,22114,0,0,0,0,0,0,0,0,0
