Survey,CSA,CBSA,MONCOV,CBSA,,1-unit,,,2-units,,,3-4 units,,,5+ units,,,1-unit rep,,,2-units rep,,,3-4 units rep,,,5+ units rep
Date,Code,Code,,Name,Bldgs,Units,Value,Bldgs,Units,Value,Bldgs,Units,Value,Bldgs,Units,Value,Bldgs,Units,Value,Bldgs,Units,Value,      Bldgs,Units,Value,Bldgs,Units,Value
 
200503,102,18700, ,Corvallis  OR ,26,26,5458,0,0,0,0,0,0,0,0,0,26,26,5458,0,0,0,0,0,0,0,0,0
200503,104,10580, ,Albany-Schenectady-Troy  NY ,93,93,22299,0,0,0,0,0,0,1,12,695,48,48,11246,0,0,0,0,0,0,0,0,0
200503,104,24020, ,Glens Falls  NY ,28,28,4329,1,2,75,0,0,0,1,5,313,18,18,3737,0,0,0,0,0,0,0,0,0
200503,112,11180, ,Ames  IA ,31,31,5907,0,0,0,0,0,0,10,120,3688,25,25,4599,0,0,0,0,0,0,10,120,3688
200503,118,11540, ,Appleton  WI ,73,73,13649,3,6,609,0,0,0,0,0,0,70,70,13123,3,6,609,0,0,0,0,0,0
200503,118,36780, ,Oshkosh-Neenah  WI ,32,32,5001,4,8,920,0,0,0,0,0,0,32,32,5001,4,8,920,0,0,0,0,0,0
200503,120,11700, ,Asheville  NC ,218,218,41798,2,4,334,1,4,247,2,10,803,218,218,41798,2,4,334,1,4,247,2,10,803
200503,122,12060,C,Atlanta-Sandy Springs-Marietta  GA ,5812,5812,764003,7,14,1014,3,11,1100,16,440,24926,5674,5674,746680,7,14,1014,3,11,1100,14,418,23977
200503,122,23580, ,Gainesville  GA ,141,141,21099,0,0,0,0,0,0,0,0,0,141,141,21099,0,0,0,0,0,0,0,0,0
200503,132,12940, ,Baton Rouge  LA ,431,431,44230,0,0,0,0,0,0,24,186,13824,423,423,43342,0,0,0,0,0,0,24,186,13824
200503,140,13460,C,Bend  OR ,344,344,72533,3,6,1003,4,13,1297,0,0,0,293,293,65069,3,6,1003,1,4,505,0,0,0
200503,142,13820,C,Birmingham-Hoover  AL ,550,550,85036,0,0,0,2,7,1000,0,0,0,370,370,60816,0,0,0,2,7,1000,0,0,0
200503,148,14460,C,Boston-Cambridge-Quincy  MA-NH ,675,675,130727,32,64,6538,10,34,3243,34,706,58989,463,463,93374,12,24,2766,2,7,610,14,387,32698
200503,148,31700, ,Manchester-Nashua  NH ,92,92,17280,6,12,873,0,0,0,1,22,2842,63,63,10918,6,12,873,0,0,0,0,0,0
200503,148,49340, ,Worcester  MA ,160,160,25999,6,12,1252,1,4,426,2,19,1838,108,108,18165,5,10,891,1,4,426,1,12,1200
200503,154,15180, ,Brownsville-Harlingen  TX ,234,234,19403,1,2,58,10,40,1631,4,26,2239,118,118,11686,0,0,0,9,36,1435,4,26,2239
200503,160,15380, ,Buffalo-Niagara Falls  NY ,111,111,23856,1,2,194,0,0,0,1,77,5500,106,106,23190,0,0,0,0,0,0,1,77,5500
200503,172,16740,C,Charlotte-Gastonia-Concord  NC-SC ,1697,1697,253076,3,6,404,9,33,2788,7,131,9085,1523,1523,224083,3,6,404,7,26,1945,3,110,7287
200503,174,16860, ,Chattanooga  TN-GA ,268,268,35874,3,6,268,0,0,0,1,7,301,160,160,22544,0,0,0,0,0,0,0,0,0
200503,174,17420, ,Cleveland  TN ,51,51,7089,3,6,280,0,0,0,0,0,0,51,51,7089,3,6,280,0,0,0,0,0,0
200503,176,16980,C,Chicago-Naperville-Joliet  IL-IN-WI ,3239,3239,685493,32,64,7156,91,309,27804,73,1017,89242,2835,2835,599372,26,52,5831,85,288,26174,62,916,80695
200503,176,28100, ,Kankakee-Bradley  IL ,16,16,3258,0,0,0,0,0,0,0,0,0,16,16,3258,0,0,0,0,0,0,0,0,0
200503,176,33140, ,Michigan City-La Porte  IN ,23,23,3031,0,0,0,0,0,0,0,0,0,0,0,0,0,0,0,0,0,0,0,0,0
200503,178,17140,C,Cincinnati-Middletown  OH-KY-IN ,1053,1053,170256,8,16,1269,7,23,1496,12,111,6817,802,802,132905,7,14,1080,0,0,0,6,63,4290
200503,184,10420, ,Akron  OH ,128,128,23131,1,2,260,3,11,805,1,13,455,103,103,20630,1,2,260,2,8,736,0,0,0
200503,184,17460,C,Cleveland-Elyria-Mentor  OH ,483,483,96957,2,4,388,3,10,795,2,10,734,367,367,80811,0,0,0,1,3,600,0,0,0
200503,192,17900,C,Columbia  SC ,583,583,72679,2,4,239,0,0,0,5,72,4077,304,304,40231,2,4,239,0,0,0,0,0,0
200503,194,12220,C,Auburn-Opelika  AL ,132,132,17001,3,6,397,1,4,263,3,36,1920,69,69,8757,0,0,0,0,0,0,0,0,0
200503,194,17980, ,Columbus  GA-AL ,185,185,26794,0,0,0,1,4,194,0,0,0,185,185,26794,0,0,0,1,4,194,0,0,0
200503,198,18140,C,Columbus  OH ,866,866,156281,12,24,2483,27,94,9382,16,108,7479,816,816,148805,12,24,2483,26,90,9124,16,108,7479
200503,204,18580, ,Corpus Christi  TX ,118,118,14514,6,12,720,0,0,0,12,274,9159,113,113,14249,6,12,720,0,0,0,12,274,9159
200503,206,19100,C,Dallas-Fort Worth-Arlington  TX ,3840,3840,606444,17,34,2195,3,11,673,12,396,35026,3449,3449,548265,16,32,2016,3,11,673,11,370,33786
200503,212,19380, ,Dayton  OH ,225,225,36163,0,0,0,0,0,0,0,0,0,212,212,34373,0,0,0,0,0,0,0,0,0
200503,212,44220, ,Springfield  OH ,27,27,4280,0,0,0,0,0,0,1,5,442,27,27,4280,0,0,0,0,0,0,1,5,442
200503,214,19660,C,Deltona-Daytona Beach-Ormond Beach  FL ,531,531,89621,1,2,224,0,0,0,7,112,15128,180,180,30206,1,2,224,0,0,0,1,34,9268
200503,216,14500, ,Boulder  CO ,77,77,16937,0,0,0,0,0,0,1,5,328,68,68,15068,0,0,0,0,0,0,0,0,0
200503,216,19740,C,Denver-Aurora  CO ,1695,1695,361299,11,22,2960,3,11,1009,13,107,7630,1634,1634,350630,10,20,2755,3,11,1009,12,99,7182
200503,218,19780,C,Des Moines  IA ,463,463,78950,2,4,397,4,16,1354,1,36,3661,442,442,75278,2,4,397,4,16,1354,1,36,3661
200503,220,11460, ,Ann Arbor  MI ,85,85,16491,0,0,0,0,0,0,1,5,302,62,62,13674,0,0,0,0,0,0,0,0,0
200503,220,19820,C,Detroit-Warren-Livonia  MI ,1171,1171,207097,5,10,845,4,15,1517,12,203,12511,1005,1005,178402,4,8,699,4,15,1517,10,187,11344
200503,220,22420, ,Flint  MI ,91,91,17826,0,0,0,0,0,0,0,0,0,83,83,16806,0,0,0,0,0,0,0,0,0
200503,220,33780, ,Monroe  MI ,41,41,7130,0,0,0,0,0,0,0,0,0,41,41,7130,0,0,0,0,0,0,0,0,0
200503,222,20020, ,Dothan  AL ,52,52,3809,0,0,0,0,0,0,13,104,5317,52,52,3809,0,0,0,0,0,0,13,104,5317
200503,232,20740, ,Eau Claire  WI ,21,21,3228,1,2,225,0,0,0,1,5,230,19,19,2928,1,2,225,0,0,0,0,0,0
200503,244,22020, ,Fargo  ND-MN ,77,77,8030,1,2,260,0,0,0,3,98,3971,77,77,8030,1,2,260,0,0,0,3,98,3971
200503,252,22540, ,Fond du Lac  WI ,10,10,1616,2,4,573,1,4,309,0,0,0,5,5,747,1,2,299,1,4,309,0,0,0
200503,258,23060, ,Fort Wayne  IN ,179,179,34383,0,0,0,0,0,0,0,0,0,179,179,34383,0,0,0,0,0,0,0,0,0
200503,260,23420, ,Fresno  CA ,321,321,60164,2,4,371,6,19,1544,5,42,2860,105,105,25724,0,0,0,0,0,0,0,0,0
200503,260,31460, ,Madera  CA ,94,94,12077,2,4,325,0,0,0,0,0,0,94,94,12077,2,4,325,0,0,0,0,0,0
200503,266,24340,C,Grand Rapids-Wyoming  MI ,319,319,47919,2,4,233,1,3,255,1,5,255,240,240,38312,0,0,0,0,0,0,0,0,0
200503,266,26100, ,Holland-Grand Haven  MI ,90,90,15359,3,6,404,5,17,2014,1,7,275,36,36,6385,0,0,0,0,0,0,0,0,0
200503,266,34740, ,Muskegon-Norton Shores  MI ,22,22,4046,1,2,160,0,0,0,0,0,0,18,18,3564,1,2,160,0,0,0,0,0,0
200503,268,15500, ,Burlington  NC ,84,84,11720,0,0,0,0,0,0,0,0,0,84,84,11720,0,0,0,0,0,0,0,0,0
200503,268,24660,C,Greensboro-High Point  NC ,451,451,70009,0,0,0,0,0,0,6,46,3068,258,258,36733,0,0,0,0,0,0,3,26,1855
200503,268,49180, ,Winston-Salem  NC ,274,274,42449,0,0,0,0,0,0,0,0,0,274,274,42449,0,0,0,0,0,0,0,0,0
200503,273,11340, ,Anderson  SC ,107,107,13733,0,0,0,0,0,0,0,0,0,107,107,13733,0,0,0,0,0,0,0,0,0
200503,273,24860,C,Greenville  SC ,455,455,48628,2,4,219,0,0,0,5,53,2903,366,366,39277,0,0,0,0,0,0,4,48,2746
200503,273,43900, ,Spartanburg  SC ,192,192,18073,2,4,204,0,0,0,1,24,701,0,0,0,0,0,0,0,0,0,0,0,0
200503,274,25060, ,Gulfport-Biloxi  MS ,167,167,20230,1,2,90,0,0,0,22,240,12500,97,97,12765,0,0,0,0,0,0,22,240,12500
200503,274,37700, ,Pascagoula  MS ,99,99,8775,2,4,160,0,0,0,0,0,0,82,82,6506,2,4,160,0,0,0,0,0,0
200503,276,25420, ,Harrisburg-Carlisle  PA ,80,80,12591,0,0,0,0,0,0,1,16,1100,72,72,11473,0,0,0,0,0,0,1,16,1100
200503,276,30140, ,Lebanon  PA ,50,50,7624,0,0,0,0,0,0,0,0,0,41,41,6282,0,0,0,0,0,0,0,0,0
200503,278,25540, ,Hartford-West Hartford-East Hartford  CT ,214,214,33566,4,8,482,0,0,0,4,43,2028,187,187,30112,0,0,0,0,0,0,0,0,0
200503,288,26420,C,Houston-Baytown-Sugar Land  TX ,4814,4814,614271,4,8,440,1,4,299,29,733,47788,4766,4766,606465,4,8,440,1,4,299,26,708,46899
200503,290,19460, ,Decatur  AL ,22,22,2991,0,0,0,0,0,0,0,0,0,22,22,2991,0,0,0,0,0,0,0,0,0
200503,290,26620, ,Huntsville  AL ,256,256,33965,0,0,0,0,0,0,0,0,0,256,256,33965,0,0,0,0,0,0,0,0,0
200503,292,26820, ,Idaho Falls  ID ,154,154,18168,6,12,1216,1,4,367,0,0,0,154,154,18168,6,12,1216,1,4,367,0,0,0
200503,294,11300, ,Anderson  IN ,32,32,5091,0,0,0,0,0,0,1,6,382,23,23,4025,0,0,0,0,0,0,0,0,0
200503,294,18020, ,Columbus  IN ,26,26,4467,0,0,0,0,0,0,0,0,0,26,26,4467,0,0,0,0,0,0,0,0,0
200503,294,26900,C,Indianapolis  IN ,1211,1211,217648,14,28,2749,16,52,4294,2,13,1131,1197,1197,215871,13,26,2651,16,52,4294,2,13,1131
200503,296,27060, ,Ithaca  NY ,11,11,2444,0,0,0,0,0,0,9,78,5331,9,9,2018,0,0,0,0,0,0,8,72,4951
200503,297,27180, ,Jackson  TN ,63,63,7875,0,0,0,0,0,0,0,0,0,63,63,7875,0,0,0,0,0,0,0,0,0
200503,298,27140, ,Jackson  MS ,295,295,48732,0,0,0,0,0,0,0,0,0,288,288,48099,0,0,0,0,0,0,0,0,0
200503,304,27740, ,Johnson City  TN ,86,86,11924,1,2,100,2,8,360,1,5,298,48,48,7124,1,2,100,2,8,360,0,0,0
200503,304,28700, ,Kingsport-Bristol-Bristol  TN-VA ,89,89,8152,0,0,0,0,0,0,0,0,0,4,4,612,0,0,0,0,0,0,0,0,0
200503,312,28140,C,Kansas City  MO-KS ,1404,1404,230551,5,10,933,42,158,12400,2,149,10260,1329,1329,219696,4,8,793,40,152,11965,1,144,10117
200503,314,28940, ,Knoxville  TN ,380,380,51548,0,0,0,1,4,200,0,0,0,311,311,45149,0,0,0,1,4,200,0,0,0
200503,316,29020, ,Kokomo  IN ,20,20,3317,2,4,590,0,0,0,0,0,0,7,7,925,2,4,590,0,0,0,0,0,0
200503,318,29180, ,Lafayette  LA ,121,121,16116,0,0,0,0,0,0,0,0,0,103,103,14049,0,0,0,0,0,0,0,0,0
200503,320,29140, ,Lafayette  IN ,74,74,10856,6,12,1194,1,3,280,0,0,0,20,20,2563,1,2,250,1,3,280,0,0,0
200503,324,29340, ,Lake Charles  LA ,67,67,9061,2,4,210,0,0,0,2,23,1680,63,63,8424,2,4,210,0,0,0,2,23,1680
200503,330,29620, ,Lansing-East Lansing  MI ,102,102,16754,2,4,415,0,0,0,4,35,3578,55,55,8815,1,2,223,0,0,0,3,19,2558
200503,332,29820,C,Las Vegas-Paradise  NV ,2651,2651,352686,2,4,405,41,143,10857,4,32,2482,2651,2651,352686,2,4,405,41,143,10857,4,32,2482
200503,336,30460, ,Lexington-Fayette  KY ,420,420,58171,5,10,549,0,0,0,5,31,1419,129,129,21520,2,4,120,0,0,0,3,18,810
200503,338,30620, ,Lima  OH ,13,13,1396,0,0,0,0,0,0,0,0,0,11,11,1050,0,0,0,0,0,0,0,0,0
200503,340,30780, ,Little Rock-North Little Rock  AR ,379,379,71070,2,4,300,5,16,1050,0,0,0,372,372,70254,2,4,300,5,16,1050,0,0,0
200503,340,38220, ,Pine Bluff  AR ,10,10,660,0,0,0,0,0,0,1,6,85,4,4,466,0,0,0,0,0,0,0,0,0
200503,346,30980, ,Longview  TX ,16,16,2372,0,0,0,0,0,0,0,0,0,16,16,2372,0,0,0,0,0,0,0,0,0
200503,348,31100,C,Los Angeles-Long Beach-Santa Ana  CA ,1620,1620,350596,25,50,5656,59,188,21716,43,1068,90429,1429,1429,297036,20,40,4561,53,167,20055,27,899,77130
200503,348,37100, ,Oxnard-Thousand Oaks-Ventura  CA ,246,246,67735,0,0,0,1,3,448,9,104,11203,109,109,33657,0,0,0,1,3,448,6,36,5607
200503,348,40140,C,Riverside-San Bernardino-Ontario  CA ,4287,4287,777389,4,8,569,26,95,9163,22,300,20409,3757,3757,692704,3,6,424,24,88,8384,21,289,19755
200503,350,21060, ,Elizabethtown  KY ,75,75,10039,0,0,0,0,0,0,0,0,0,15,15,2482,0,0,0,0,0,0,0,0,0
200503,350,31140,C,Louisville  KY-IN ,774,774,117742,0,0,0,3,12,558,8,85,4138,336,336,53908,0,0,0,2,8,400,0,0,0
200503,352,31180, ,Lubbock  TX ,137,137,20427,26,52,3714,0,0,0,0,0,0,137,137,20427,26,52,3714,0,0,0,0,0,0
200503,356,31420, ,Macon  GA ,15,15,2618,0,0,0,0,0,0,0,0,0,15,15,2618,0,0,0,0,0,0,0,0,0
200503,356,47580, ,Warner Robins  GA ,138,138,19761,0,0,0,0,0,0,0,0,0,138,138,19761,0,0,0,0,0,0,0,0,0
200503,358,31540,C,Madison  WI ,266,266,53596,18,36,3939,6,23,2124,8,73,8033,207,207,43881,11,22,2397,1,4,475,5,58,6977
200503,360,31900, ,Mansfield  OH ,14,14,2364,0,0,0,0,0,0,0,0,0,14,14,2364,0,0,0,0,0,0,0,0,0
200503,372,33260,C,Midland  TX ,31,31,3600,0,0,0,0,0,0,0,0,0,31,31,3600,0,0,0,0,0,0,0,0,0
200503,372,36220,C,Odessa  TX ,15,15,2950,0,0,0,0,0,0,0,0,0,15,15,2950,0,0,0,0,0,0,0,0,0
200503,376,33340,C,Milwaukee-Waukesha-West Allis  WI ,302,302,74550,4,8,940,8,31,2679,13,150,11985,259,259,62237,2,4,423,8,31,2679,11,140,10449
200503,376,39540, ,Racine  WI ,63,63,13681,0,0,0,0,0,0,0,0,0,63,63,13681,0,0,0,0,0,0,0,0,0
200503,378,33460,C,Minneapolis-St. Paul-Bloomington  MN-WI ,1384,1384,264811,14,28,2993,11,36,4672,17,179,18353,1183,1183,231920,12,24,2397,7,23,3361,13,153,15953
200503,378,41060, ,St. Cloud  MN ,73,73,11314,0,0,0,1,3,203,2,16,943,34,34,5668,0,0,0,0,0,0,0,0,0
200503,380,33660, ,Mobile  AL ,172,172,31119,0,0,0,0,0,0,0,0,0,172,172,31119,0,0,0,0,0,0,0,0,0
200503,384,33740, ,Monroe  LA ,41,41,5868,0,0,0,0,0,0,0,0,0,3,3,408,0,0,0,0,0,0,0,0,0
200503,388,33860, ,Montgomery  AL ,154,154,22275,0,0,0,0,0,0,0,0,0,154,154,22275,0,0,0,0,0,0,0,0,0
200503,392,34100, ,Morristown  TN ,60,60,9072,0,0,0,0,0,0,0,0,0,60,60,9072,0,0,0,0,0,0,0,0,0
200503,396,34820, ,Myrtle Beach-Conway-North Myrtle Beach  SC ,534,534,72731,2,4,652,1,3,109,11,248,25583,470,470,62379,1,2,135,0,0,0,7,126,12074
200503,400,34980,C,Nashville-Davidson--Murfreesboro  TN ,1329,1329,197421,18,36,2041,4,16,1275,2,30,1935,1270,1270,192586,17,34,1943,4,16,1275,1,25,1656
200503,406,35380,C,New Orleans-Metairie-Kenner  LA ,416,416,63964,12,24,17358,3,12,835,1,5,700,318,318,50935,1,2,150,0,0,0,1,5,700
200503,408,14860, ,Bridgeport-Stamford-Norwalk  CT ,79,79,27953,0,0,0,0,0,0,1,42,2785,61,61,18031,0,0,0,0,0,0,1,42,2785
200503,408,28740, ,Kingston  NY ,35,35,5847,4,8,494,0,0,0,0,0,0,35,35,5847,4,8,494,0,0,0,0,0,0
200503,408,35300, ,New Haven-Milford  CT ,103,103,15121,0,0,0,0,0,0,3,131,6179,86,86,12606,0,0,0,0,0,0,1,103,4418
200503,408,35620,C,New York-Northern New Jersey-Long Island  NY-NJ-PA ,1495,1495,284916,248,496,41116,203,627,47622,85,2081,140271,978,978,194650,212,424,36078,197,608,46288,68,1821,118676
200503,408,39100, ,Poughkeepsie-Newburgh-Middletown  NY ,111,111,23950,0,0,0,1,3,297,3,35,2766,78,78,18421,0,0,0,0,0,0,0,0,0
200503,408,45940,C,Trenton-Ewing  NJ ,94,94,9233,0,0,0,0,0,0,2,25,956,68,68,7933,0,0,0,0,0,0,0,0,0
200503,416,36420,C,Oklahoma City  OK ,803,803,115095,7,14,1085,0,0,0,4,28,1603,416,416,65205,2,4,303,0,0,0,1,5,200
200503,420,36540,C,Omaha-Council Bluffs  NE-IA ,610,610,81573,8,16,1606,4,16,1335,12,146,6909,553,553,75263,7,14,1491,4,16,1335,12,146,6909
200503,422,36740,C,Orlando  FL ,2464,2464,387181,1,2,106,3,10,579,47,472,41518,2027,2027,331847,0,0,0,3,10,579,45,437,39833
200503,426,37900, ,Peoria  IL ,72,72,14175,2,4,575,0,0,0,1,5,359,60,60,11695,1,2,400,0,0,0,0,0,0
200503,428,37980,C,Philadelphia-Camden-Wilmington  PA-NJ-DE-MD ,1237,1237,171210,3,6,413,2,8,605,31,638,36718,897,897,126142,2,4,270,1,4,316,19,529,31889
200503,428,47220,C,Vineland-Millville-Bridgeton  NJ ,26,26,2696,1,2,112,0,0,0,0,0,0,3,3,247,0,0,0,0,0,0,0,0,0
200503,430,38300,C,Pittsburgh  PA ,386,386,67012,1,2,394,6,20,1350,4,24,1762,271,271,51144,1,2,394,2,7,715,0,0,0
200503,438,30340, ,Lewiston-Auburn  ME ,28,28,4051,1,2,300,1,3,360,0,0,0,20,20,3040,1,2,300,0,0,0,0,0,0
200503,438,38860, ,Portland-South Portland-Biddeford  ME ,203,203,35892,10,20,2739,1,3,261,4,29,2402,116,116,20906,6,12,1938,0,0,0,4,29,2402
200503,450,20500,C,Durham  NC ,343,343,62715,5,10,889,0,0,0,8,57,4577,214,214,38368,5,10,889,0,0,0,8,57,4577
200503,450,39580,C,Raleigh-Cary  NC ,1046,1046,178766,6,12,869,5,20,1358,23,134,8876,1046,1046,178766,6,12,869,5,20,1358,23,134,8876
200503,464,40380, ,Rochester  NY ,110,110,20720,3,6,234,0,0,0,2,10,588,78,78,16074,0,0,0,0,0,0,0,0,0
200503,466,40420, ,Rockford  IL ,87,87,10820,3,6,430,49,196,9983,0,0,0,73,73,8902,3,6,430,49,196,9983,0,0,0
200503,472,40900,C,Sacramento--Arden-Arcade--Roseville  CA ,1468,1468,304920,12,24,2327,3,9,1240,28,401,36216,1447,1447,300789,12,24,2327,3,9,1240,28,401,36216
200503,474,13020, ,Bay City  MI ,3,3,305,0,0,0,0,0,0,0,0,0,3,3,305,0,0,0,0,0,0,0,0,0
200503,474,40980, ,Saginaw-Saginaw Township North  MI ,19,19,3236,0,0,0,0,0,0,0,0,0,19,19,3236,0,0,0,0,0,0,0,0,0
200503,476,41180,C,St. Louis  MO-IL ,1260,1260,207485,28,56,5148,11,40,3470,12,115,8658,972,972,160594,20,40,3904,7,27,2510,1,39,2200
200503,480,41540, ,Salisbury  MD ,70,70,8639,0,0,0,0,0,0,3,18,768,20,20,2770,0,0,0,0,0,0,3,18,768
200503,482,36260, ,Ogden-Clearfield  UT ,373,373,60349,0,0,0,3,12,1320,1,5,425,283,283,47414,0,0,0,3,12,1320,0,0,0
200503,482,41620,C,Salt Lake City  UT ,585,585,98709,6,12,1690,9,31,2921,5,37,4354,514,514,88069,4,8,1195,8,28,2797,4,26,3779
200503,488,34900, ,Napa  CA ,22,22,6109,0,0,0,0,0,0,0,0,0,22,22,6109,0,0,0,0,0,0,0,0,0
200503,488,41860,C,San Francisco-Oakland-Fremont  CA ,772,772,211500,3,6,778,8,26,3329,19,397,43279,655,655,178861,2,4,405,5,17,2074,14,341,36516
200503,488,41940,C,San Jose-Sunnyvale-Santa Clara  CA ,224,224,62532,6,12,2492,0,0,0,9,275,29519,208,208,59155,6,12,2492,0,0,0,9,275,29519
200503,488,42100, ,Santa Cruz-Watsonville  CA ,30,30,6622,0,0,0,0,0,0,1,13,1094,9,9,848,0,0,0,0,0,0,1,13,1094
200503,488,42220, ,Santa Rosa-Petaluma  CA ,83,83,23904,2,4,701,0,0,0,0,0,0,83,83,23904,2,4,701,0,0,0,0,0,0
200503,488,46700, ,Vallejo-Fairfield  CA ,237,237,39704,1,2,189,0,0,0,0,0,0,207,207,34887,1,2,189,0,0,0,0,0,0
200503,492,42140,C,Santa Fe  NM ,59,59,7437,0,0,0,0,0,0,0,0,0,0,0,0,0,0,0,0,0,0,0,0,0
200503,496,25980, ,Hinesville-Fort Stewart  GA ,4,4,828,0,0,0,0,0,0,0,0,0,4,4,828,0,0,0,0,0,0,0,0,0
200503,496,42340, ,Savannah  GA ,229,229,34588,1,2,325,0,0,0,1,7,200,108,108,15467,0,0,0,0,0,0,0,0,0
200503,500,14740, ,Bremerton-Silverdale  WA ,117,117,18917,0,0,0,0,0,0,0,0,0,11,11,2321,0,0,0,0,0,0,0,0,0
200503,500,36500, ,Olympia  WA ,211,211,60103,0,0,0,0,0,0,0,0,0,211,211,60103,0,0,0,0,0,0,0,0,0
200503,500,42660,C,Seattle-Tacoma-Bellevue  WA ,1552,1552,295850,17,34,3140,28,102,10012,25,511,40879,1366,1366,265568,10,20,2110,24,87,8403,18,468,37731
200503,508,43340, ,Shreveport-Bossier City  LA ,183,183,25609,2,4,174,1,3,87,0,0,0,183,183,25609,2,4,174,1,3,87,0,0,0
200503,512,43580, ,Sioux City  IA-NE-SD ,25,25,4773,0,0,0,0,0,0,0,0,0,17,17,3316,0,0,0,0,0,0,0,0,0
200503,532,45060, ,Syracuse  NY ,48,48,6090,0,0,0,0,0,0,1,8,180,48,48,6090,0,0,0,0,0,0,1,8,180
200503,534,45780, ,Toledo  OH ,230,230,36481,1,2,228,1,4,347,1,10,417,182,182,32541,1,2,228,1,4,347,0,0,0
200503,538,46140,C,Tulsa  OK ,503,503,74031,0,0,0,0,0,0,0,0,0,478,478,71156,0,0,0,0,0,0,0,0,0
200503,540,46340, ,Tyler  TX ,43,43,7495,0,0,0,0,0,0,1,8,370,0,0,0,0,0,0,0,0,0,0,0,0
200503,548,12580,C,Baltimore-Towson  MD ,618,618,89294,1,2,130,3,12,898,6,114,7938,572,572,83442,0,0,0,3,12,898,5,67,4443
200503,548,47900,C,Washington-Arlington-Alexandria  DC-VA-MD-WV ,2593,2593,408100,1,2,145,7,26,1953,17,1038,79042,2263,2263,348352,1,2,145,6,23,1721,14,976,76242
200503,548,49020, ,Winchester  VA-WV ,140,140,22779,0,0,0,0,0,0,0,0,0,122,122,21026,0,0,0,0,0,0,0,0,0
200503,554,48140, ,Wausau  WI ,48,48,7149,1,2,72,0,0,0,6,48,2672,17,17,3062,0,0,0,0,0,0,6,48,2672
200503,556,48620, ,Wichita  KS ,232,232,28351,4,8,621,0,0,0,2,19,396,187,187,22537,3,6,456,0,0,0,0,0,0
200503,558,48700, ,Williamsport  PA ,2,2,248,0,0,0,0,0,0,0,0,0,1,1,180,0,0,0,0,0,0,0,0,0
200503,564,49620, ,York-Hanover  PA ,176,176,25165,0,0,0,0,0,0,2,13,421,164,164,23690,0,0,0,0,0,0,0,0,0
200503,566,49660, ,Youngstown-Warren-Boardman  OH-PA ,82,82,13449,1,2,100,0,0,0,0,0,0,78,78,12655,0,0,0,0,0,0,0,0,0
200503,999,10180, ,Abilene  TX ,28,28,5378,0,0,0,0,0,0,0,0,0,28,28,5378,0,0,0,0,0,0,0,0,0
200503,999,10500, ,Albany  GA ,61,61,7149,1,2,138,0,0,0,3,25,1297,9,9,1278,0,0,0,0,0,0,0,0,0
200503,999,10740,C,Albuquerque  NM ,504,504,69293,0,0,0,0,0,0,0,0,0,377,377,57317,0,0,0,0,0,0,0,0,0
200503,999,10780, ,Alexandria  LA ,49,49,5865,0,0,0,0,0,0,0,0,0,8,8,1255,0,0,0,0,0,0,0,0,0
200503,999,10900,C,Allentown-Bethlehem-Easton  PA-NJ ,347,347,55353,1,2,120,2,7,521,2,17,1521,254,254,42120,1,2,120,0,0,0,0,0,0
200503,999,11020, ,Altoona  PA ,1,1,139,0,0,0,0,0,0,0,0,0,1,1,139,0,0,0,0,0,0,0,0,0
200503,999,11100, ,Amarillo  TX ,74,74,11611,0,0,0,0,0,0,0,0,0,74,74,11611,0,0,0,0,0,0,0,0,0
200503,999,11260,C,Anchorage  AK ,114,114,23605,38,76,10462,5,17,2439,5,47,5146,11,11,1790,0,0,0,0,0,0,1,5,521
200503,999,11500, ,Anniston-Oxford  AL ,31,31,2231,0,0,0,0,0,0,0,0,0,31,31,2231,0,0,0,0,0,0,0,0,0
200503,999,12020, ,Athens-Clarke County  GA ,109,109,16247,1,2,155,0,0,0,1,8,201,69,69,7242,0,0,0,0,0,0,1,8,201
200503,999,12100,C,Atlantic City  NJ ,160,160,20566,1,2,382,1,3,425,0,0,0,142,142,18567,1,2,382,1,3,425,0,0,0
200503,999,12260, ,Augusta-Richmond County  GA-SC ,297,297,37943,0,0,0,0,0,0,0,0,0,70,70,8902,0,0,0,0,0,0,0,0,0
200503,999,12420,C,Austin-Round Rock  TX ,1499,1499,198721,23,46,3422,1,4,139,28,412,23843,1311,1311,177861,21,42,3228,0,0,0,27,380,21859
200503,999,12540, ,Bakersfield  CA ,550,550,82279,3,6,360,4,12,734,1,8,432,162,162,23397,3,6,360,3,9,472,0,0,0
200503,999,12620, ,Bangor  ME ,28,28,5121,0,0,0,4,16,710,0,0,0,26,26,4795,0,0,0,4,16,710,0,0,0
200503,999,12700, ,Barnstable Town  MA ,97,97,22621,0,0,0,4,12,994,0,0,0,60,60,13769,0,0,0,0,0,0,0,0,0
200503,999,12980, ,Battle Creek  MI ,15,15,1986,0,0,0,0,0,0,0,0,0,0,0,0,0,0,0,0,0,0,0,0,0
200503,999,13140, ,Beaumont-Port Arthur  TX ,35,35,4553,0,0,0,0,0,0,0,0,0,35,35,4553,0,0,0,0,0,0,0,0,0
200503,999,13380, ,Bellingham  WA ,126,126,24049,1,2,240,1,4,385,2,54,3778,98,98,19156,0,0,0,0,0,0,0,0,0
200503,999,13740, ,Billings  MT ,52,52,9596,0,0,0,0,0,0,0,0,0,52,52,9596,0,0,0,0,0,0,0,0,0
200503,999,13780, ,Binghamton  NY ,1,1,164,0,0,0,0,0,0,0,0,0,1,1,164,0,0,0,0,0,0,0,0,0
200503,999,13900, ,Bismarck  ND ,28,28,5298,0,0,0,2,8,1263,0,0,0,28,28,5298,0,0,0,2,8,1263,0,0,0
200503,999,14020, ,Bloomington  IN ,50,50,7537,9,18,1619,1,3,237,2,18,1031,0,0,0,0,0,0,0,0,0,0,0,0
200503,999,14060, ,Bloomington-Normal  IL ,77,77,8715,0,0,0,3,10,828,3,32,1898,39,39,3725,0,0,0,2,7,638,1,6,600
200503,999,14260,C,Boise City-Nampa  ID ,958,958,156428,8,16,1978,5,18,1104,1,9,607,667,667,108376,7,14,1821,0,0,0,0,0,0
200503,999,14540, ,Bowling Green  KY ,124,124,16948,0,0,0,0,0,0,0,0,0,124,124,16948,0,0,0,0,0,0,0,0,0
200503,999,15260, ,Brunswick  GA ,110,110,24150,0,0,0,0,0,0,0,0,0,110,110,24150,0,0,0,0,0,0,0,0,0
200503,999,15540, ,Burlington-South Burlington  VT ,35,35,7155,4,8,611,1,3,180,1,5,353,23,23,4563,2,4,342,0,0,0,0,0,0
200503,999,15940, ,Canton-Massillon  OH ,109,109,19110,0,0,0,0,0,0,1,5,237,94,94,17466,0,0,0,0,0,0,0,0,0
200503,999,15980,C,Cape Coral-Fort Myers  FL ,2264,2264,351127,7,14,870,5,19,1876,44,664,88125,2264,2264,351127,7,14,870,5,19,1876,44,664,88125
200503,999,16180,C,Carson City  NV ,12,12,2874,0,0,0,0,0,0,0,0,0,12,12,2874,0,0,0,0,0,0,0,0,0
200503,999,16220,C,Casper  WY ,24,24,5890,0,0,0,0,0,0,0,0,0,20,20,5136,0,0,0,0,0,0,0,0,0
200503,999,16300, ,Cedar Rapids  IA ,112,112,12911,3,6,479,11,43,2559,2,33,1342,105,105,11744,3,6,479,11,43,2559,2,33,1342
200503,999,16580, ,Champaign-Urbana  IL ,68,68,11658,0,0,0,1,4,110,4,32,1200,68,68,11658,0,0,0,1,4,110,4,32,1200
200503,999,16620, ,Charleston  WV ,28,28,3798,0,0,0,0,0,0,0,0,0,17,17,2145,0,0,0,0,0,0,0,0,0
200503,999,16700,C,Charleston-North Charleston  SC ,684,684,113930,31,62,8372,2,8,1502,19,392,22104,531,531,89185,31,62,8372,2,8,1502,14,318,18749
200503,999,16820,C,Charlottesville  VA ,110,110,25838,0,0,0,0,0,0,0,0,0,110,110,25838,0,0,0,0,0,0,0,0,0
200503,999,16940, ,Cheyenne  WY ,45,45,5503,1,2,175,3,12,622,0,0,0,0,0,0,0,0,0,0,0,0,0,0,0
200503,999,17020, ,Chico  CA ,127,127,14171,0,0,0,2,6,548,2,21,1658,62,62,5407,0,0,0,0,0,0,0,0,0
200503,999,17300, ,Clarksville  TN-KY ,195,195,21349,0,0,0,1,4,135,0,0,0,192,192,20292,0,0,0,1,4,135,0,0,0
200503,999,17660, ,Coeur dAlene  ID ,185,185,31615,0,0,0,0,0,0,1,5,171,144,144,26477,0,0,0,0,0,0,0,0,0
200503,999,17780, ,College Station-Bryan  TX ,76,76,11835,11,22,2251,0,0,0,7,70,3982,76,76,11835,11,22,2251,0,0,0,7,70,3982
200503,999,17820,C,Colorado Springs  CO ,628,628,85455,2,4,220,0,0,0,2,17,1519,628,628,85455,2,4,220,0,0,0,2,17,1519
200503,999,17860, ,Columbia  MO ,182,182,26152,14,28,1958,1,4,410,14,84,4200,182,182,26152,14,28,1958,1,4,410,14,84,4200
200503,999,19060, ,Cumberland  MD-WV ,12,12,1485,0,0,0,0,0,0,0,0,0,12,12,1485,0,0,0,0,0,0,0,0,0
200503,999,19140,C,Dalton  GA ,61,61,7460,1,2,199,1,4,219,2,18,889,0,0,0,0,0,0,0,0,0,0,0,0
200503,999,19180, ,Danville  IL ,0,0,0,0,0,0,0,0,0,0,0,0,0,0,0,0,0,0,0,0,0,0,0,0
200503,999,19260,C,Danville  VA ,23,23,2846,0,0,0,0,0,0,0,0,0,0,0,0,0,0,0,0,0,0,0,0,0
200503,999,19340, ,Davenport-Moline-Rock Island  IA-IL ,68,68,9641,0,0,0,0,0,0,4,53,2171,68,68,9641,0,0,0,0,0,0,4,53,2171
200503,999,19500, ,Decatur  IL ,5,5,430,0,0,0,0,0,0,0,0,0,5,5,430,0,0,0,0,0,0,0,0,0
200503,999,20100,C,Dover  DE ,191,191,22673,1,2,64,2,8,409,1,38,2111,39,39,3720,0,0,0,2,8,409,0,0,0
200503,999,20220, ,Dubuque  IA ,57,57,11181,3,6,758,0,0,0,0,0,0,57,57,11181,3,6,758,0,0,0,0,0,0
200503,999,20260, ,Duluth  MN-WI ,62,62,7529,0,0,0,0,0,0,0,0,0,11,11,1594,0,0,0,0,0,0,0,0,0
200503,999,20940,C,El Centro  CA ,125,125,15206,0,0,0,0,0,0,1,8,231,82,82,9904,0,0,0,0,0,0,0,0,0
200503,999,21140, ,Elkhart-Goshen  IN ,109,109,15656,0,0,0,0,0,0,0,0,0,109,109,15656,0,0,0,0,0,0,0,0,0
200503,999,21300, ,Elmira  NY ,1,1,194,0,0,0,0,0,0,0,0,0,0,0,0,0,0,0,0,0,0,0,0,0
200503,999,21340, ,El Paso  TX ,361,361,41118,0,0,0,0,0,0,0,0,0,361,361,41118,0,0,0,0,0,0,0,0,0
200503,999,21500, ,Erie  PA ,21,21,3245,0,0,0,0,0,0,0,0,0,21,21,3245,0,0,0,0,0,0,0,0,0
200503,999,21660,C,Eugene-Springfield  OR ,131,131,24686,10,20,1658,1,3,385,6,240,22487,125,125,23695,10,20,1658,1,3,385,6,240,22487
200503,999,21780, ,Evansville  IN-KY ,122,122,17121,0,0,0,1,4,450,18,134,2399,122,122,17121,0,0,0,1,4,450,18,134,2399
200503,999,21820,C,Fairbanks  AK ,8,8,1521,2,4,264,0,0,0,0,0,0,7,7,1429,2,4,264,0,0,0,0,0,0
200503,999,22140,C,Farmington  NM ,36,36,6546,0,0,0,0,0,0,0,0,0,36,36,6546,0,0,0,0,0,0,0,0,0
200503,999,22180, ,Fayetteville  NC ,310,310,42005,0,0,0,0,0,0,0,0,0,310,310,42005,0,0,0,0,0,0,0,0,0
200503,999,22220, ,Fayetteville-Springdale-Rogers  AR-MO ,379,379,59931,7,14,1722,10,39,3126,24,308,16492,352,352,57624,6,12,1616,9,35,2935,24,308,16492
200503,999,22380, ,Flagstaff  AZ ,54,54,10566,0,0,0,0,0,0,0,0,0,54,54,10566,0,0,0,0,0,0,0,0,0
200503,999,22500, ,Florence  SC ,25,25,2410,0,0,0,0,0,0,0,0,0,0,0,0,0,0,0,0,0,0,0,0,0
200503,999,22520, ,Florence-Muscle Shoals  AL ,19,19,2011,0,0,0,0,0,0,1,5,224,17,17,1807,0,0,0,0,0,0,0,0,0
200503,999,22660,C,Fort Collins-Loveland  CO ,215,215,38168,1,2,202,2,6,774,6,60,4536,213,213,37829,1,2,202,2,6,774,6,60,4536
200503,999,22900, ,Fort Smith  AR-OK ,64,64,6676,14,28,1906,2,8,700,0,0,0,62,62,6528,14,28,1906,2,8,700,0,0,0
200503,999,23020,C,Fort Walton Beach-Crestview-Destin  FL ,104,104,22148,0,0,0,1,3,314,5,25,9201,11,11,2783,0,0,0,0,0,0,5,25,9201
200503,999,23460, ,Gadsden  AL ,14,14,1599,0,0,0,0,0,0,0,0,0,14,14,1599,0,0,0,0,0,0,0,0,0
200503,999,23540, ,Gainesville  FL ,215,215,25717,0,0,0,0,0,0,6,70,4954,202,202,24423,0,0,0,0,0,0,2,26,2616
200503,999,24140,C,Goldsboro  NC ,45,45,5560,0,0,0,0,0,0,0,0,0,45,45,5560,0,0,0,0,0,0,0,0,0
200503,999,24220, ,Grand Forks  ND-MN ,5,5,775,0,0,0,0,0,0,0,0,0,5,5,775,0,0,0,0,0,0,0,0,0
200503,999,24300,C,Grand Junction  CO ,88,88,15133,0,0,0,0,0,0,0,0,0,88,88,15133,0,0,0,0,0,0,0,0,0
200503,999,24500, ,Great Falls  MT ,12,12,1826,0,0,0,1,4,223,0,0,0,12,12,1826,0,0,0,1,4,223,0,0,0
200503,999,24540,C,Greeley  CO ,403,403,73202,0,0,0,1,3,480,2,10,744,341,341,61505,0,0,0,0,0,0,1,5,305
200503,999,24580, ,Green Bay  WI ,128,128,20711,0,0,0,0,0,0,2,32,1322,42,42,8713,0,0,0,0,0,0,0,0,0
200503,999,24780, ,Greenville  NC ,110,110,15918,7,14,744,0,0,0,10,98,4008,110,110,15918,7,14,744,0,0,0,10,98,4008
200503,999,25180, ,Hagerstown-Martinsburg  MD-WV ,371,371,48349,5,10,937,1,4,180,3,36,1980,222,222,29145,4,8,878,0,0,0,3,36,1980
200503,999,25260, ,Hanford-Corcoran  CA ,71,71,7215,0,0,0,1,4,164,0,0,0,0,0,0,0,0,0,0,0,0,0,0,0
200503,999,25500,C,Harrisonburg  VA ,52,52,7736,2,4,398,0,0,0,0,0,0,6,6,1188,2,4,398,0,0,0,0,0,0
200503,999,25620, ,Hattiesburg  MS ,3,3,485,0,0,0,0,0,0,2,16,758,3,3,485,0,0,0,0,0,0,2,16,758
200503,999,25860, ,Hickory-Lenoir-Morganton  NC ,136,136,24616,2,4,376,0,0,0,0,0,0,136,136,24616,2,4,376,0,0,0,0,0,0
200503,999,26180,C,Honolulu  HI ,303,303,50943,4,8,1166,0,0,0,2,36,6612,0,0,0,0,0,0,0,0,0,0,0,0
200503,999,26300, ,Hot Springs  AR ,14,14,1530,0,0,0,0,0,0,0,0,0,0,0,0,0,0,0,0,0,0,0,0,0
200503,999,26380, ,Houma-Bayou Cane-Thibodaux  LA ,84,84,8717,0,0,0,0,0,0,0,0,0,84,84,8717,0,0,0,0,0,0,0,0,0
200503,999,26580, ,Huntington-Ashland  WV-KY-OH ,9,9,528,0,0,0,0,0,0,0,0,0,2,2,172,0,0,0,0,0,0,0,0,0
200503,999,26980, ,Iowa City  IA ,101,101,18563,0,0,0,0,0,0,0,0,0,97,97,18023,0,0,0,0,0,0,0,0,0
200503,999,27100, ,Jackson  MI ,18,18,2687,0,0,0,0,0,0,1,5,276,6,6,1041,0,0,0,0,0,0,0,0,0
200503,999,27260,C,Jacksonville  FL ,1543,1543,265272,22,44,2036,3,12,3336,79,1171,316008,1532,1532,263368,22,44,2036,3,12,3336,79,1171,316008
200503,999,27340, ,Jacksonville  NC ,90,90,8998,0,0,0,0,0,0,0,0,0,18,18,2244,0,0,0,0,0,0,0,0,0
200503,999,27500, ,Janesville  WI ,66,66,7522,1,2,253,0,0,0,1,10,300,64,64,7258,0,0,0,0,0,0,1,10,300
200503,999,27620, ,Jefferson City  MO ,36,36,4627,1,2,155,0,0,0,0,0,0,19,19,2538,0,0,0,0,0,0,0,0,0
200503,999,27780, ,Johnstown  PA ,2,2,255,0,0,0,0,0,0,0,0,0,1,1,209,0,0,0,0,0,0,0,0,0
200503,999,27860, ,Jonesboro  AR ,48,48,5884,0,0,0,0,0,0,0,0,0,45,45,5618,0,0,0,0,0,0,0,0,0
200503,999,27900, ,Joplin  MO ,34,34,4207,0,0,0,0,0,0,0,0,0,34,34,4207,0,0,0,0,0,0,0,0,0
200503,999,28020, ,Kalamazoo-Portage  MI ,82,82,14394,0,0,0,0,0,0,0,0,0,44,44,7409,0,0,0,0,0,0,0,0,0
200503,999,28420, ,Kennewick-Richland-Pasco  WA ,185,185,29374,0,0,0,0,0,0,2,24,1509,19,19,2848,0,0,0,0,0,0,0,0,0
200503,999,28660, ,Killeen-Temple-Fort Hood  TX ,197,197,27494,17,34,2204,9,32,1660,0,0,0,164,164,23053,16,32,2150,9,32,1660,0,0,0
200503,999,29100, ,La Crosse  WI-MN ,42,42,6184,0,0,0,1,3,205,1,5,350,38,38,5643,0,0,0,0,0,0,0,0,0
200503,999,29460,C,Lakeland  FL ,769,769,99962,0,0,0,0,0,0,7,159,6092,744,744,96956,0,0,0,0,0,0,6,136,5305
200503,999,29540, ,Lancaster  PA ,97,97,14022,1,2,327,0,0,0,3,20,1018,71,71,11194,1,2,327,0,0,0,0,0,0
200503,999,29700,C,Laredo  TX ,170,170,14310,0,0,0,1,3,122,1,7,262,0,0,0,0,0,0,0,0,0,0,0,0
200503,999,29740,C,Las Cruces  NM ,193,193,33413,0,0,0,0,0,0,0,0,0,187,187,32803,0,0,0,0,0,0,0,0,0
200503,999,29940, ,Lawrence  KS ,41,41,6093,15,30,2562,1,3,186,1,9,311,8,8,612,0,0,0,0,0,0,0,0,0
200503,999,30020, ,Lawton  OK ,13,13,1631,0,0,0,0,0,0,0,0,0,0,0,0,0,0,0,0,0,0,0,0,0
200503,999,30300, ,Lewiston  ID-WA ,7,7,906,0,0,0,0,0,0,0,0,0,7,7,906,0,0,0,0,0,0,0,0,0
200503,999,30700, ,Lincoln  NE ,37,37,7107,0,0,0,0,0,0,0,0,0,36,36,7023,0,0,0,0,0,0,0,0,0
200503,999,30860, ,Logan  UT-ID ,54,54,7359,0,0,0,1,4,334,0,0,0,48,48,6463,0,0,0,0,0,0,0,0,0
200503,999,31020, ,Longview  WA ,35,35,6063,1,2,88,0,0,0,0,0,0,29,29,5151,0,0,0,0,0,0,0,0,0
200503,999,31340, ,Lynchburg  VA ,106,106,18028,0,0,0,0,0,0,0,0,0,39,39,6892,0,0,0,0,0,0,0,0,0
200503,999,32580,C,McAllen-Edinburg-Pharr  TX ,632,632,71547,5,10,514,22,87,5393,12,86,5795,618,618,70734,5,10,514,22,87,5393,12,86,5795
200503,999,32780,C,Medford  OR ,175,175,30990,3,6,317,1,3,288,1,5,405,160,160,28867,3,6,317,0,0,0,0,0,0
200503,999,32820, ,Memphis  TN-MS-AR ,857,857,149469,0,0,0,1,3,150,5,30,5120,789,789,143239,0,0,0,0,0,0,5,30,5120
200503,999,32900, ,Merced  CA ,206,206,36198,1,2,140,0,0,0,0,0,0,203,203,35765,1,2,140,0,0,0,0,0,0
200503,999,33100, ,Miami-Fort Lauderdale-Miami Beach  FL ,2210,2210,442177,34,68,4636,10,36,4645,97,1864,196218,1835,1835,373253,32,64,4376,6,22,3568,76,1544,166331
200503,999,33540,C,Missoula  MT ,57,57,5334,8,16,718,0,0,0,2,14,811,57,57,5334,8,16,718,0,0,0,2,14,811
200503,999,33700, ,Modesto  CA ,319,319,56920,1,2,198,1,3,160,2,32,2177,208,208,38999,0,0,0,1,3,160,2,32,2177
200503,999,34060, ,Morgantown  WV ,0,0,0,0,0,0,0,0,0,1,9,550,0,0,0,0,0,0,0,0,0,1,9,550
200503,999,34580, ,Mount Vernon-Anacortes  WA ,71,71,14306,0,0,0,0,0,0,0,0,0,71,71,14306,0,0,0,0,0,0,0,0,0
200503,999,34620, ,Muncie  IN ,22,22,3533,0,0,0,0,0,0,0,0,0,5,5,230,0,0,0,0,0,0,0,0,0
200503,999,34940,C,Naples-Marco Island  FL ,339,339,102459,8,16,2389,15,60,10758,10,110,15475,339,339,102459,8,16,2389,15,60,10758,10,110,15475
200503,999,35660, ,Niles-Benton Harbor  MI ,7,7,1444,0,0,0,0,0,0,1,7,777,6,6,1338,0,0,0,0,0,0,1,7,777
200503,999,35980,C,Norwich-New London  CT ,64,64,11066,0,0,0,0,0,0,0,0,0,50,50,9126,0,0,0,0,0,0,0,0,0
200503,999,36100,C,Ocala  FL ,548,548,67898,1,2,80,2,6,366,1,6,420,548,548,67898,1,2,80,2,6,366,1,6,420
200503,999,36140,C,Ocean City  NJ ,102,102,16858,27,54,7829,4,14,1506,7,85,5558,99,99,16584,27,54,7829,4,14,1506,7,85,5558
200503,999,36980, ,Owensboro  KY ,26,26,1714,0,0,0,0,0,0,0,0,0,26,26,1714,0,0,0,0,0,0,0,0,0
200503,999,37340,C,Palm Bay-Melbourne-Titusville  FL ,619,619,107538,1,2,200,2,6,967,4,30,5559,179,179,40291,0,0,0,2,6,967,2,11,2157
200503,999,37460,C,Panama City-Lynn Haven  FL ,119,119,18772,0,0,0,2,6,395,3,577,69656,25,25,4567,0,0,0,2,6,395,2,566,69000
200503,999,37620, ,Parkersburg-Marietta  WV-OH ,12,12,2180,0,0,0,0,0,0,0,0,0,12,12,2180,0,0,0,0,0,0,0,0,0
200503,999,37860, ,Pensacola-Ferry Pass-Brent  FL ,364,364,50624,7,14,959,4,12,898,1,53,3511,364,364,50624,7,14,959,4,12,898,1,53,3511
200503,999,38060, ,Phoenix-Mesa-Scottsdale  AZ ,4474,4474,734772,16,32,3178,34,126,10767,23,385,36645,3806,3806,657577,14,28,2885,33,122,10628,21,365,35302
200503,999,38340, ,Pittsfield  MA ,3,3,552,0,0,0,0,0,0,0,0,0,0,0,0,0,0,0,0,0,0,0,0,0
200503,999,38540, ,Pocatello  ID ,46,46,5299,0,0,0,0,0,0,0,0,0,46,46,5299,0,0,0,0,0,0,0,0,0
200503,999,38900,C,Portland-Vancouver-Beaverton  OR-WA ,1025,1025,201478,10,20,1876,11,38,3480,18,360,32077,919,919,178539,10,20,1876,11,38,3480,18,360,32077
200503,999,38940,C,Port St. Lucie-Fort Pierce  FL ,829,829,114867,0,0,0,3,11,1448,6,67,6134,825,825,114292,0,0,0,1,4,588,5,40,4705
200503,999,39140, ,Prescott  AZ ,297,297,49164,2,4,433,2,7,512,0,0,0,297,297,49164,2,4,433,2,7,512,0,0,0
200503,999,39300, ,Providence-New Bedford-Fall River  RI-MA ,244,244,44176,9,18,1304,1,4,233,3,43,4390,145,145,28783,5,10,988,1,4,233,2,38,4123
200503,999,39340, ,Provo-Orem  UT ,393,393,73528,2,4,624,4,13,1362,4,69,5351,370,370,68065,2,4,624,4,13,1362,4,69,5351
200503,999,39380,C,Pueblo  CO ,123,123,20174,4,8,536,0,0,0,0,0,0,123,123,20174,4,8,536,0,0,0,0,0,0
200503,999,39460,C,Punta Gorda  FL ,237,237,41169,1,2,168,13,51,5954,4,48,9947,220,220,38451,0,0,0,11,43,5111,3,38,8222
200503,999,39660, ,Rapid City  SD ,103,103,13695,2,4,148,1,4,388,0,0,0,103,103,13695,2,4,148,1,4,388,0,0,0
200503,999,39740, ,Reading  PA ,72,72,11937,0,0,0,1,3,394,0,0,0,55,55,8578,0,0,0,1,3,394,0,0,0
200503,999,39820,C,Redding  CA ,109,109,19623,0,0,0,0,0,0,0,0,0,109,109,19623,0,0,0,0,0,0,0,0,0
200503,999,39900,C,Reno-Sparks  NV ,471,471,76358,1,2,157,0,0,0,35,245,27311,471,471,76358,1,2,157,0,0,0,35,245,27311
200503,999,40060,C,Richmond  VA ,886,886,135915,1,2,145,4,16,1197,7,95,5377,721,721,112790,1,2,145,4,16,1197,6,84,5003
200503,999,40220, ,Roanoke  VA ,125,125,19769,1,2,86,0,0,0,0,0,0,125,125,19769,1,2,86,0,0,0,0,0,0
200503,999,40340, ,Rochester  MN ,101,101,17110,0,0,0,0,0,0,1,13,1099,16,16,2975,0,0,0,0,0,0,0,0,0
200503,999,40580, ,Rocky Mount  NC ,56,56,7126,2,4,324,0,0,0,0,0,0,27,27,5224,0,0,0,0,0,0,0,0,0
200503,999,40660,C,Rome  GA ,45,45,6047,3,6,369,0,0,0,0,0,0,0,0,0,0,0,0,0,0,0,0,0,0
200503,999,41100, ,St. George  UT ,366,366,58807,0,0,0,1,4,350,3,24,1828,354,354,56647,0,0,0,1,4,350,3,24,1828
200503,999,41140, ,St. Joseph  MO-KS ,17,17,2856,2,4,388,0,0,0,0,0,0,17,17,2856,2,4,388,0,0,0,0,0,0
200503,999,41420,C,Salem  OR ,111,111,21121,0,0,0,0,0,0,5,69,6512,110,110,20999,0,0,0,0,0,0,5,69,6512
200503,999,41500, ,Salinas  CA ,56,56,10466,0,0,0,0,0,0,0,0,0,25,25,4522,0,0,0,0,0,0,0,0,0
200503,999,41660, ,San Angelo  TX ,28,28,3745,0,0,0,0,0,0,0,0,0,28,28,3745,0,0,0,0,0,0,0,0,0
200503,999,41700, ,San Antonio  TX ,1158,1158,172736,6,12,740,4,15,636,68,1017,74237,893,893,134465,3,6,366,3,12,636,66,1006,73710
200503,999,41740,C,San Diego-Carlsbad-San Marcos  CA ,760,760,188920,31,62,6284,20,63,5971,14,764,59626,754,754,187523,31,62,6284,20,63,5971,13,753,59140
200503,999,41780, ,Sandusky  OH ,0,0,0,0,0,0,0,0,0,0,0,0,0,0,0,0,0,0,0,0,0,0,0,0
200503,999,42020,C,San Luis Obispo-Paso Robles  CA ,133,133,21788,0,0,0,0,0,0,9,45,1947,133,133,21788,0,0,0,0,0,0,9,45,1947
200503,999,42060, ,Santa Barbara-Santa Maria-Goleta  CA ,45,45,12470,1,2,261,0,0,0,0,0,0,40,40,11692,1,2,261,0,0,0,0,0,0
200503,999,42260,C,Sarasota-Bradenton-Venice  FL ,998,998,191826,0,0,0,0,0,0,8,223,25872,995,995,191088,0,0,0,0,0,0,8,223,25872
200503,999,42540, ,Scranton--Wilkes-Barre  PA ,24,24,3107,0,0,0,1,3,300,1,5,577,13,13,1754,0,0,0,0,0,0,0,0,0
200503,999,43100, ,Sheboygan  WI ,19,19,3998,0,0,0,0,0,0,0,0,0,12,12,2812,0,0,0,0,0,0,0,0,0
200503,999,43300, ,Sherman-Denison  TX ,5,5,891,0,0,0,0,0,0,0,0,0,5,5,891,0,0,0,0,0,0,0,0,0
200503,999,43620, ,Sioux Falls  SD ,208,208,24111,2,4,408,1,4,207,2,55,2628,205,205,23795,2,4,408,1,4,207,2,55,2628
200503,999,43780, ,South Bend-Mishawaka  IN-MI ,75,75,13864,0,0,0,0,0,0,1,42,2638,74,74,13771,0,0,0,0,0,0,1,42,2638
200503,999,44060, ,Spokane  WA ,269,269,38882,2,4,433,3,12,1001,0,0,0,269,269,38882,2,4,433,3,12,1001,0,0,0
200503,999,44100, ,Springfield  IL ,32,32,4653,6,12,920,0,0,0,1,11,626,0,0,0,0,0,0,0,0,0,0,0,0
200503,999,44140, ,Springfield  MA ,52,52,9453,5,10,1515,3,9,550,2,12,726,43,43,7603,5,10,1515,3,9,550,2,12,726
200503,999,44180, ,Springfield  MO ,240,240,40410,0,0,0,0,0,0,1,5,190,240,240,40410,0,0,0,0,0,0,1,5,190
200503,999,44300, ,State College  PA ,47,47,8861,2,4,352,1,4,352,0,0,0,47,47,8861,2,4,352,1,4,352,0,0,0
200503,999,44700,C,Stockton  CA ,552,552,105767,2,4,625,0,0,0,1,6,325,99,99,22978,1,2,269,0,0,0,0,0,0
200503,999,44940,C,Sumter  SC ,53,53,4979,1,2,118,0,0,0,1,12,648,0,0,0,0,0,0,0,0,0,0,0,0
200503,999,45220, ,Tallahassee  FL ,246,246,33611,4,8,427,0,0,0,7,96,5087,97,97,15312,0,0,0,0,0,0,0,0,0
200503,999,45300,C,Tampa-St. Petersburg-Clearwater  FL ,2349,2349,399395,25,50,7187,7,24,2005,20,178,14411,2344,2344,398625,25,50,7187,7,24,2005,20,178,14411
200503,999,45460, ,Terre Haute  IN ,33,33,4019,0,0,0,0,0,0,1,5,175,25,25,3239,0,0,0,0,0,0,0,0,0
200503,999,45500, ,Texarkana  TX-Texarkana  AR ,22,22,2213,0,0,0,0,0,0,0,0,0,22,22,2213,0,0,0,0,0,0,0,0,0
200503,999,45820, ,Topeka  KS ,109,109,20252,0,0,0,0,0,0,0,0,0,104,104,19311,0,0,0,0,0,0,0,0,0
200503,999,46060, ,Tucson  AZ ,1090,1090,183462,8,16,1327,1,4,251,11,64,13466,835,835,153576,0,0,0,0,0,0,10,54,12799
200503,999,46220, ,Tuscaloosa  AL ,114,114,18740,0,0,0,0,0,0,10,240,11956,114,114,18740,0,0,0,0,0,0,10,240,11956
200503,999,46540, ,Utica-Rome  NY ,2,2,241,0,0,0,0,0,0,0,0,0,0,0,0,0,0,0,0,0,0,0,0,0
200503,999,46660, ,Valdosta  GA ,53,53,6884,0,0,0,0,0,0,2,23,786,14,14,1645,0,0,0,0,0,0,0,0,0
200503,999,46940,C,Vero Beach  FL ,174,174,37457,1,2,150,2,8,794,2,41,4021,44,44,10352,1,2,150,1,4,250,0,0,0
200503,999,47020, ,Victoria  TX ,13,13,1425,0,0,0,0,0,0,0,0,0,0,0,0,0,0,0,0,0,0,0,0,0
200503,999,47260, ,Virginia Beach-Norfolk-Newport News  VA-NC ,678,678,103846,24,48,3293,3,9,477,17,393,24232,519,519,78979,24,48,3293,3,9,477,13,331,21926
200503,999,47300, ,Visalia-Porterville  CA ,210,210,34557,0,0,0,2,8,534,1,60,5000,210,210,34557,0,0,0,2,8,534,1,60,5000
200503,999,47380, ,Waco  TX ,59,59,10665,2,4,240,0,0,0,0,0,0,58,58,10524,2,4,240,0,0,0,0,0,0
200503,999,47940, ,Waterloo-Cedar Falls  IA ,46,46,8721,1,2,150,0,0,0,0,0,0,44,44,8441,1,2,150,0,0,0,0,0,0
200503,999,48260, ,Weirton-Steubenville  WV-OH ,3,3,528,0,0,0,0,0,0,0,0,0,3,3,528,0,0,0,0,0,0,0,0,0
200503,999,48300, ,Wenatchee  WA ,71,71,10330,0,0,0,0,0,0,0,0,0,49,49,6918,0,0,0,0,0,0,0,0,0
200503,999,48540, ,Wheeling  WV-OH ,0,0,0,0,0,0,0,0,0,0,0,0,0,0,0,0,0,0,0,0,0,0,0,0
200503,999,48660, ,Wichita Falls  TX ,19,19,3852,0,0,0,25,100,7698,9,70,3476,19,19,3852,0,0,0,25,100,7698,9,70,3476
200503,999,48900,C,Wilmington  NC ,611,611,100452,16,32,4852,2,7,440,14,167,15733,349,349,66403,16,32,4852,1,4,200,13,162,15474
200503,999,49420, ,Yakima  WA ,39,39,8032,0,0,0,0,0,0,0,0,0,39,39,8032,0,0,0,0,0,0,0,0,0
200503,999,49700, ,Yuba City  CA ,197,197,31644,0,0,0,0,0,0,2,14,744,179,179,29282,0,0,0,0,0,0,2,14,744
200503,999,49740, ,Yuma  AZ ,159,159,19453,0,0,0,0,0,0,0,0,0,88,88,9300,0,0,0,0,0,0,0,0,0
