Survey,CSA,CBSA,MONCOV,CBSA,,1-unit,,,2-units,,,3-4 units,,,5+ units,,,1-unit rep,,,2-units rep,,,3-4 units rep,,,5+ units rep
Date,Code,Code,,Name,Bldgs,Units,Value,Bldgs,Units,Value,Bldgs,Units,Value,Bldgs,Units,Value,Bldgs,Units,Value,Bldgs,Units,Value,      Bldgs,Units,Value,Bldgs,Units,Value
 
200709,102,18700, ,Corvallis  OR ,5,5,1255,0,0,0,0,0,0,0,0,0,5,5,1255,0,0,0,0,0,0,0,0,0
200709,104,10580, ,Albany-Schenectady-Troy  NY ,81,81,19446,0,0,0,1,4,400,3,214,11770,64,64,15244,0,0,0,1,4,400,3,214,11770
200709,104,24020, ,Glens Falls  NY ,29,29,5973,0,0,0,0,0,0,1,5,313,15,15,3057,0,0,0,0,0,0,0,0,0
200709,112,11180, ,Ames  IA ,10,10,2571,0,0,0,0,0,0,0,0,0,10,10,2571,0,0,0,0,0,0,0,0,0
200709,118,11540, ,Appleton  WI ,51,51,9605,0,0,0,0,0,0,0,0,0,49,49,9229,0,0,0,0,0,0,0,0,0
200709,118,36780, ,Oshkosh-Neenah  WI ,37,37,6665,0,0,0,0,0,0,0,0,0,37,37,6665,0,0,0,0,0,0,0,0,0
200709,120,11700, ,Asheville  NC ,205,205,45674,1,2,186,1,3,291,1,7,702,97,97,21455,0,0,0,0,0,0,0,0,0
200709,122,12060,C,Atlanta-Sandy Springs-Marietta  GA ,1936,1936,332808,2,4,362,7,26,3450,16,881,89673,1719,1719,295301,2,4,362,7,26,3450,11,778,79883
200709,122,23580, ,Gainesville  GA ,42,42,7990,0,0,0,0,0,0,0,0,0,42,42,7990,0,0,0,0,0,0,0,0,0
200709,132,12940, ,Baton Rouge  LA ,329,329,50620,2,4,270,0,0,0,22,557,38557,309,309,47740,2,4,270,0,0,0,22,557,38557
200709,140,13460,C,Bend  OR ,110,110,29215,1,2,208,4,13,747,0,0,0,89,89,25815,1,2,208,3,9,411,0,0,0
200709,142,13820,C,Birmingham-Hoover  AL ,268,268,50652,0,0,0,1,4,663,1,8,640,176,176,33468,0,0,0,1,4,663,0,0,0
200709,148,14460,C,Boston-Cambridge-Quincy  MA-NH ,388,388,96893,14,28,3224,3,10,892,21,252,24939,220,220,61919,11,22,2493,1,4,357,6,96,9304
200709,148,31700, ,Manchester-Nashua  NH ,37,37,8149,0,0,0,0,0,0,1,38,3900,26,26,5878,0,0,0,0,0,0,1,38,3900
200709,148,49340, ,Worcester  MA ,86,86,16085,1,2,500,0,0,0,0,0,0,49,49,10216,1,2,500,0,0,0,0,0,0
200709,154,15180, ,Brownsville-Harlingen  TX ,116,116,13081,5,10,911,0,0,0,1,8,389,105,105,11726,5,10,911,0,0,0,1,8,389
200709,160,15380, ,Buffalo-Niagara Falls  NY ,59,59,13075,0,0,0,0,0,0,1,10,650,50,50,10026,0,0,0,0,0,0,1,10,650
200709,172,16740,C,Charlotte-Gastonia-Concord  NC-SC ,992,992,178102,5,10,911,2,7,721,12,543,53941,918,918,165208,4,8,711,2,7,721,11,535,53081
200709,174,16860, ,Chattanooga  TN-GA ,133,133,21182,0,0,0,0,0,0,1,15,1465,104,104,17074,0,0,0,0,0,0,0,0,0
200709,174,17420, ,Cleveland  TN ,24,24,3418,0,0,0,0,0,0,0,0,0,24,24,3418,0,0,0,0,0,0,0,0,0
200709,176,16980,C,Chicago-Naperville-Joliet  IL-IN-WI ,1247,1247,283667,33,66,6762,28,90,8258,51,1338,122247,1048,1048,237343,32,64,6544,28,90,8258,44,1256,114806
200709,176,28100, ,Kankakee-Bradley  IL ,9,9,2230,0,0,0,0,0,0,0,0,0,9,9,2230,0,0,0,0,0,0,0,0,0
200709,176,33140, ,Michigan City-La Porte  IN ,15,15,2591,0,0,0,0,0,0,0,0,0,0,0,0,0,0,0,0,0,0,0,0,0
200709,178,17140,C,Cincinnati-Middletown  OH-KY-IN ,337,337,70130,17,34,2503,19,57,5866,6,46,3143,288,288,58556,17,34,2503,19,57,5866,3,27,2200
200709,184,10420, ,Akron  OH ,76,76,14001,0,0,0,1,3,69,1,11,389,65,65,12904,0,0,0,0,0,0,0,0,0
200709,184,17460,C,Cleveland-Elyria-Mentor  OH ,271,271,53112,1,2,300,0,0,0,10,92,7466,203,203,41758,1,2,300,0,0,0,6,72,6029
200709,192,17900,C,Columbia  SC ,339,339,46035,5,10,799,0,0,0,3,41,2314,223,223,32769,5,10,799,0,0,0,0,0,0
200709,194,12220,C,Auburn-Opelika  AL ,77,77,15225,1,2,186,0,0,0,0,0,0,77,77,15225,1,2,186,0,0,0,0,0,0
200709,194,17980, ,Columbus  GA-AL ,69,69,9944,0,0,0,1,4,181,7,93,8741,37,37,6561,0,0,0,0,0,0,5,71,7043
200709,198,18140,C,Columbus  OH ,270,270,54232,0,0,0,16,63,5766,1,8,588,234,234,47643,0,0,0,15,60,5766,1,8,588
200709,204,18580, ,Corpus Christi  TX ,89,89,12443,1,2,112,3,12,384,2,57,2657,25,25,4449,0,0,0,0,0,0,0,0,0
200709,206,19100,C,Dallas-Fort Worth-Arlington  TX ,1932,1932,439390,10,20,2292,1,3,222,32,884,47883,1767,1767,406442,9,18,2182,0,0,0,31,873,47442
200709,212,19380, ,Dayton  OH ,88,88,24848,1,2,230,0,0,0,0,0,0,83,83,23759,0,0,0,0,0,0,0,0,0
200709,212,44220, ,Springfield  OH ,8,8,1291,0,0,0,0,0,0,0,0,0,8,8,1291,0,0,0,0,0,0,0,0,0
200709,216,14500, ,Boulder  CO ,16,16,5602,0,0,0,1,3,413,2,15,1207,6,6,3171,0,0,0,0,0,0,0,0,0
200709,216,19740,C,Denver-Aurora  CO ,508,508,114035,6,12,1480,7,24,3241,5,129,15224,495,495,109327,6,12,1480,7,24,3241,5,129,15224
200709,218,19780,C,Des Moines-West Des Moines  IA ,275,275,51744,1,2,100,0,0,0,0,0,0,267,267,50262,1,2,100,0,0,0,0,0,0
200709,220,11460, ,Ann Arbor  MI ,20,20,4410,0,0,0,0,0,0,1,5,362,10,10,3188,0,0,0,0,0,0,0,0,60
200709,220,19820,C,Detroit-Warren-Livonia  MI ,350,350,65808,1,2,259,1,3,239,6,59,5395,307,307,58199,1,2,259,0,0,0,5,54,5205
200709,220,22420, ,Flint  MI ,12,12,2054,0,0,0,0,0,0,0,0,0,8,8,1371,0,0,0,0,0,0,0,0,0
200709,220,33780, ,Monroe  MI ,13,13,2111,0,0,0,0,0,0,1,32,1350,9,9,1447,0,0,0,0,0,0,1,32,1350
200709,222,20020, ,Dothan  AL ,21,21,3002,0,0,0,0,0,0,0,0,0,21,21,3002,0,0,0,0,0,0,0,0,0
200709,232,20740, ,Eau Claire  WI ,40,40,7539,0,0,0,0,0,0,8,68,2890,40,40,7539,0,0,0,0,0,0,8,68,2890
200709,244,22020, ,Fargo  ND-MN ,118,118,19765,0,0,0,0,0,0,0,0,0,118,118,19765,0,0,0,0,0,0,0,0,0
200709,252,22540, ,Fond du Lac  WI ,6,6,1218,0,0,0,0,0,0,0,0,0,5,5,1055,0,0,0,0,0,0,0,0,0
200709,258,23060,C,Fort Wayne  IN ,81,81,16972,0,0,0,0,0,0,0,0,0,81,81,16972,0,0,0,0,0,0,0,0,0
200709,260,23420, ,Fresno  CA ,108,108,19773,1,2,169,1,3,163,1,8,492,21,21,4724,0,0,0,0,0,0,0,0,0
200709,260,31460, ,Madera  CA ,21,21,4814,0,0,0,1,3,311,0,0,0,21,21,4814,0,0,0,1,3,311,0,0,0
200709,266,24340,C,Grand Rapids-Wyoming  MI ,115,115,19660,1,2,126,2,7,440,2,12,1192,74,74,14373,0,0,0,1,4,214,0,0,0
200709,266,26100, ,Holland-Grand Haven  MI ,74,74,10523,0,0,0,0,0,0,1,12,1500,61,61,8200,0,0,0,0,0,0,1,12,1500
200709,266,34740, ,Muskegon-Norton Shores  MI ,14,14,2955,0,0,0,0,0,0,1,6,581,14,14,2955,0,0,0,0,0,0,1,6,581
200709,268,15500, ,Burlington  NC ,92,92,11547,0,0,0,0,0,0,0,0,0,92,92,11547,0,0,0,0,0,0,0,0,0
200709,268,24660,C,Greensboro-High Point  NC ,262,262,49620,0,0,0,0,0,0,6,120,12568,209,209,37329,0,0,0,0,0,0,6,120,12568
200709,268,49180, ,Winston-Salem  NC ,274,274,22890,0,0,0,0,0,0,0,0,0,258,258,20098,0,0,0,0,0,0,0,0,0
200709,273,11340, ,Anderson  SC ,83,83,15119,0,0,0,0,0,0,0,0,0,83,83,15119,0,0,0,0,0,0,0,0,0
200709,273,24860,C,Greenville  SC ,269,269,33490,0,0,0,0,0,0,2,19,2273,239,239,26824,0,0,0,0,0,0,0,0,0
200709,273,43900, ,Spartanburg  SC ,95,95,12152,0,0,0,0,0,0,0,0,0,95,95,12152,0,0,0,0,0,0,0,0,0
200709,274,25060, ,Gulfport-Biloxi  MS ,155,155,18564,0,0,0,0,0,0,20,220,22160,155,155,18564,0,0,0,0,0,0,20,220,22160
200709,274,37700, ,Pascagoula  MS ,59,59,8056,0,0,0,0,0,0,0,0,0,22,22,3257,0,0,0,0,0,0,0,0,0
200709,276,25420, ,Harrisburg-Carlisle  PA ,112,112,17584,0,0,0,0,0,0,1,10,683,105,105,16246,0,0,0,0,0,0,1,10,683
200709,276,30140, ,Lebanon  PA ,38,38,5897,0,0,0,0,0,0,0,0,0,33,33,5023,0,0,0,0,0,0,0,0,0
200709,278,25540, ,Hartford-West Hartford-East Hartford  CT ,158,158,34425,1,2,138,1,3,150,3,33,1792,122,122,27920,0,0,0,1,3,150,0,0,0
200709,288,26420,C,Houston-Sugar Land-Baytown  TX ,2916,2916,517486,8,16,1602,4,15,1575,57,1376,114394,2703,2703,480244,6,12,1154,3,12,1200,53,1334,112557
200709,290,19460, ,Decatur  AL ,10,10,1816,0,0,0,0,0,0,0,0,0,10,10,1816,0,0,0,0,0,0,0,0,0
200709,290,26620, ,Huntsville  AL ,265,265,26438,0,0,0,0,0,0,3,36,1470,183,183,14831,0,0,0,0,0,0,3,36,1470
200709,292,26820, ,Idaho Falls  ID ,59,59,8595,0,0,0,0,0,0,0,0,0,59,59,8595,0,0,0,0,0,0,0,0,0
200709,294,11300, ,Anderson  IN ,10,10,2435,0,0,0,0,0,0,0,0,0,10,10,2435,0,0,0,0,0,0,0,0,0
200709,294,18020, ,Columbus  IN ,18,18,3808,0,0,0,0,0,0,0,0,0,18,18,3808,0,0,0,0,0,0,0,0,0
200709,294,26900,C,Indianapolis-Carmel  IN ,482,482,89627,5,10,861,1,3,0,5,102,6642,457,457,85562,4,8,763,0,0,0,5,102,6642
200709,296,27060, ,Ithaca  NY ,4,4,1490,0,0,0,0,0,0,1,5,317,2,2,1050,0,0,0,0,0,0,0,0,0
200709,297,27180, ,Jackson  TN ,26,26,3398,0,0,0,0,0,0,0,0,0,26,26,3398,0,0,0,0,0,0,0,0,0
200709,298,27140, ,Jackson  MS ,168,168,27126,0,0,0,0,0,0,1,12,469,158,158,25206,0,0,0,0,0,0,0,0,0
200709,304,27740, ,Johnson City  TN ,69,69,9397,0,0,0,0,0,0,0,0,0,38,38,6159,0,0,0,0,0,0,0,0,0
200709,304,28700, ,Kingsport-Bristol-Bristol  TN-VA ,42,42,4391,1,2,49,0,0,0,2,12,706,17,17,1093,1,2,49,0,0,0,0,0,0
200709,308,27860, ,Jonesboro  AR ,36,36,4935,0,0,0,7,28,1765,0,0,0,34,34,4698,0,0,0,7,28,1765,0,0,0
200709,312,28140,C,Kansas City  MO-KS ,343,343,73772,4,8,822,16,60,4762,2,47,5887,305,305,67536,2,4,492,15,57,4422,2,47,5887
200709,314,28940, ,Knoxville  TN ,177,177,25528,1,2,151,0,0,0,2,31,1572,74,74,12995,0,0,0,0,0,0,0,0,0
200709,316,29020, ,Kokomo  IN ,6,6,990,0,0,0,0,0,0,0,0,0,3,3,584,0,0,0,0,0,0,0,0,0
200709,318,29180, ,Lafayette  LA ,78,78,10797,0,0,0,0,0,0,1,23,1124,16,16,2426,0,0,0,0,0,0,0,0,0
200709,320,29140, ,Lafayette  IN ,40,40,6160,0,0,0,0,0,0,0,0,0,40,40,6160,0,0,0,0,0,0,0,0,0
200709,324,29340, ,Lake Charles  LA ,39,39,6187,1,2,151,0,0,0,1,5,266,24,24,3808,0,0,0,0,0,0,0,0,0
200709,330,29620, ,Lansing-East Lansing  MI ,40,40,7018,0,0,0,0,0,0,1,5,198,30,30,5068,0,0,0,0,0,0,0,0,0
200709,332,29820,C,Las Vegas-Paradise  NV ,658,658,107049,3,6,603,0,0,0,10,2233,700634,658,658,107049,3,6,603,0,0,0,10,2233,700634
200709,336,30460, ,Lexington-Fayette  KY ,148,148,24353,0,0,0,0,0,0,0,0,0,111,111,18915,0,0,0,0,0,0,0,0,0
200709,338,30620, ,Lima  OH ,0,0,0,0,0,0,0,0,0,0,0,0,0,0,0,0,0,0,0,0,0,0,0,0
200709,340,30780, ,Little Rock-North Little Rock  AR ,158,158,30326,0,0,0,0,0,0,0,0,0,155,155,29976,0,0,0,0,0,0,0,0,0
200709,340,38220, ,Pine Bluff  AR ,6,6,1145,0,0,0,0,0,0,0,0,0,5,5,1101,0,0,0,0,0,0,0,0,0
200709,346,30980, ,Longview  TX ,17,17,3011,0,0,0,0,0,0,1,14,644,4,4,500,0,0,0,0,0,0,0,0,0
200709,348,31100,C,Los Angeles-Long Beach-Santa Ana  CA ,513,513,122016,25,50,6974,6,22,3637,34,1335,175077,439,439,99747,22,44,5776,2,8,1241,23,1237,163943
200709,348,37100, ,Oxnard-Thousand Oaks-Ventura  CA ,39,39,12790,5,10,1350,2,6,760,3,37,4256,13,13,5502,3,6,820,1,3,395,0,0,0
200709,348,40140,C,Riverside-San Bernardino-Ontario  CA ,1009,1009,212418,6,12,1011,2,8,638,2,11,1165,861,861,183280,5,10,838,1,4,336,0,0,0
200709,350,21060, ,Elizabethtown  KY ,34,34,3444,1,2,130,0,0,0,1,8,400,34,34,3444,1,2,130,0,0,0,1,8,400
200709,350,31140,C,Louisville-Jefferson County  KY-IN ,239,239,43949,2,4,419,1,4,211,2,35,2088,152,152,27647,2,4,419,0,0,0,0,0,0
200709,352,31180, ,Lubbock  TX ,56,56,11941,0,0,0,0,0,0,0,0,0,56,56,11941,0,0,0,0,0,0,0,0,0
200709,356,31420, ,Macon  GA ,30,30,5685,0,0,0,0,0,0,0,0,0,30,30,5685,0,0,0,0,0,0,0,0,0
200709,356,47580, ,Warner Robins  GA ,50,50,6997,0,0,0,0,0,0,0,0,0,28,28,3270,0,0,0,0,0,0,0,0,0
200709,358,31540,C,Madison  WI ,89,89,22572,1,2,190,4,15,1477,9,181,17673,83,83,21442,1,2,190,2,8,820,7,168,16729
200709,360,31900, ,Mansfield  OH ,9,9,1452,0,0,0,1,3,189,0,0,0,0,0,0,0,0,0,0,0,0,0,0,0
200709,372,33260,C,Midland  TX ,44,44,5632,0,0,0,0,0,0,0,0,0,44,44,5632,0,0,0,0,0,0,0,0,0
200709,372,36220,C,Odessa  TX ,16,16,3100,0,0,0,0,0,0,10,224,13945,16,16,3100,0,0,0,0,0,0,10,224,13945
200709,376,33340,C,Milwaukee-Waukesha-West Allis  WI ,164,164,43594,2,4,810,4,16,1154,9,105,8687,137,137,35581,2,4,810,4,16,1154,7,90,7479
200709,376,39540, ,Racine  WI ,36,36,8422,1,2,254,0,0,0,0,0,0,35,35,8210,1,2,254,0,0,0,0,0,0
200709,378,33460,C,Minneapolis-St. Paul-Bloomington  MN-WI ,586,586,138587,3,6,784,2,7,1206,11,148,21388,499,499,118106,2,4,542,1,4,636,6,102,15107
200709,378,41060, ,St. Cloud  MN ,46,46,8132,0,0,0,0,0,0,1,5,315,37,37,6975,0,0,0,0,0,0,0,0,0
200709,380,33660, ,Mobile  AL ,95,95,15815,0,0,0,0,0,0,1,5,156,92,92,15229,0,0,0,0,0,0,0,0,0
200709,384,33740, ,Monroe  LA ,20,20,3172,0,0,0,0,0,0,1,5,341,0,0,0,0,0,0,0,0,0,0,0,0
200709,388,33860, ,Montgomery  AL ,46,46,7368,0,0,0,0,0,0,15,332,19988,46,46,7368,0,0,0,0,0,0,15,332,19988
200709,392,34100, ,Morristown  TN ,22,22,5457,0,0,0,0,0,0,0,0,0,22,22,5457,0,0,0,0,0,0,0,0,0
200709,396,34820, ,Myrtle Beach-Conway-North Myrtle Beach  SC ,235,235,36261,0,0,0,0,0,0,1,60,13373,218,218,32242,0,0,0,0,0,0,0,0,0
200709,400,34980,C,Nashville-Davidson--Murfreesboro  TN ,610,610,120854,1,2,254,5,19,950,25,512,51269,544,544,112834,1,2,254,5,19,950,25,512,51269
200709,406,35380,C,New Orleans-Metairie-Kenner  LA ,292,292,46372,12,24,1748,1,4,100,5,413,75438,287,287,45428,12,24,1748,1,4,100,5,413,75438
200709,408,14860, ,Bridgeport-Stamford-Norwalk  CT ,51,51,23967,1,2,300,0,0,0,2,35,3031,33,33,9731,1,2,300,0,0,0,2,35,3031
200709,408,28740, ,Kingston  NY ,23,23,3915,0,0,0,0,0,0,0,0,0,23,23,3915,0,0,0,0,0,0,0,0,0
200709,408,35300, ,New Haven-Milford  CT ,45,45,15025,0,0,0,0,0,0,1,17,1045,35,35,13546,0,0,0,0,0,0,0,0,0
200709,408,35620,C,New York-Northern New Jersey-Long Island  NY-NJ-PA ,908,908,243908,138,276,28325,92,288,23212,105,2606,277316,655,655,186093,130,260,26548,90,282,22318,79,2379,254747
200709,408,39100, ,Poughkeepsie-Newburgh-Middletown  NY ,47,47,9046,1,2,344,0,0,0,8,113,9044,25,25,4560,0,0,0,0,0,0,5,96,7300
200709,408,45940,C,Trenton-Ewing  NJ ,29,29,3991,1,2,105,0,0,0,1,12,497,9,9,2345,0,0,0,0,0,0,0,0,0
200709,416,36420,C,Oklahoma City  OK ,546,546,98172,11,22,1776,0,0,0,9,160,7782,536,536,96685,11,22,1776,0,0,0,9,160,7782
200709,420,36540,C,Omaha-Council Bluffs  NE-IA ,322,322,42665,2,4,244,0,0,0,1,24,1080,320,320,42420,2,4,244,0,0,0,1,24,1080
200709,422,19660,C,Deltona-Daytona Beach-Ormond Beach  FL ,103,103,22560,1,2,160,0,0,0,2,23,2274,62,62,14694,1,2,160,0,0,0,0,0,0
200709,422,36740,C,Orlando-Kissimmee  FL ,655,655,125378,1,2,206,10,40,4235,26,437,45022,465,465,99482,1,2,206,10,40,4235,25,427,44471
200709,422,37380, ,Palm Coast  FL ,34,34,10213,0,0,0,0,0,0,0,0,0,34,34,10213,0,0,0,0,0,0,0,0,0
200709,426,37900, ,Peoria  IL ,40,40,7956,0,0,0,0,0,0,0,0,0,36,36,7255,0,0,0,0,0,0,0,0,0
200709,428,37980,C,Philadelphia-Camden-Wilmington  PA-NJ-DE-MD ,669,669,105084,6,12,1072,1,3,360,14,226,21263,385,385,64339,6,12,1072,0,0,0,5,157,14585
200709,428,47220,C,Vineland-Millville-Bridgeton  NJ ,46,46,5672,0,0,0,1,3,202,0,0,0,30,30,3840,0,0,0,1,3,202,0,0,0
200709,430,38300,C,Pittsburgh  PA ,341,341,69276,3,6,506,6,23,2108,2,40,3425,273,273,57664,3,6,506,5,20,1977,1,35,3300
200709,438,30340, ,Lewiston-Auburn  ME ,13,13,2753,0,0,0,0,0,0,0,0,0,5,5,1277,0,0,0,0,0,0,0,0,0
200709,438,38860, ,Portland-South Portland-Biddeford  ME ,138,138,26938,2,4,194,1,3,261,3,25,2920,68,68,16616,1,2,155,0,0,0,1,15,1924
200709,442,38940,C,Port St. Lucie  FL ,109,109,27529,0,0,0,0,0,0,0,0,0,108,108,26009,0,0,0,0,0,0,0,0,0
200709,442,42680,C,Sebastian-Vero Beach  FL ,101,101,31484,0,0,0,0,0,0,0,0,0,101,101,31484,0,0,0,0,0,0,0,0,0
200709,450,20500,C,Durham  NC ,200,200,45075,0,0,0,0,0,0,0,0,0,200,200,45075,0,0,0,0,0,0,0,0,0
200709,450,39580,C,Raleigh-Cary  NC ,1088,1088,185484,1,2,263,0,0,0,23,552,54363,1049,1049,177494,0,0,0,0,0,0,22,542,53775
200709,456,39900,C,Reno-Sparks  NV ,160,160,34092,0,0,0,1,3,249,0,0,0,160,160,34092,0,0,0,1,3,249,0,0,0
200709,464,40380, ,Rochester  NY ,74,74,16597,0,0,0,2,7,442,0,0,0,51,51,13184,0,0,0,1,4,205,0,0,0
200709,466,40420, ,Rockford  IL ,50,50,6996,3,6,691,1,4,280,2,39,13222,41,41,5119,3,6,691,1,4,280,2,39,13222
200709,472,40900,C,Sacramento--Arden-Arcade--Roseville  CA ,417,417,103411,1,2,350,0,0,0,0,0,0,415,415,102950,1,2,350,0,0,0,0,0,0
200709,472,49700, ,Yuba City  CA ,19,19,3220,0,0,0,0,0,0,0,0,0,18,18,3090,0,0,0,0,0,0,0,0,0
200709,474,13020, ,Bay City  MI ,2,2,335,0,0,0,0,0,0,0,0,0,2,2,335,0,0,0,0,0,0,0,0,0
200709,474,40980, ,Saginaw-Saginaw Township North  MI ,5,5,758,0,0,0,0,0,0,0,0,0,1,1,151,0,0,0,0,0,0,0,0,0
200709,476,41180,C,St. Louis  MO-IL ,596,596,116607,7,14,1586,3,9,507,8,59,4105,469,469,91026,4,8,1004,2,6,324,4,36,2225
200709,480,41540, ,Salisbury  MD ,20,20,2809,0,0,0,0,0,0,1,12,1645,10,10,1838,0,0,0,0,0,0,0,0,0
200709,482,36260, ,Ogden-Clearfield  UT ,142,142,28760,1,2,322,1,4,348,0,0,0,129,129,27386,1,2,322,1,4,348,0,0,0
200709,482,41620,C,Salt Lake City  UT ,280,280,58234,2,4,419,2,7,845,4,48,6086,224,224,47225,0,0,0,0,0,0,1,12,1227
200709,488,34900, ,Napa  CA ,20,20,7602,0,0,0,0,0,0,0,0,0,20,20,7602,0,0,0,0,0,0,0,0,0
200709,488,41860,C,San Francisco-Oakland-Fremont  CA ,263,263,100784,7,14,2000,3,11,2171,13,511,61392,217,217,82481,7,14,2000,3,11,2171,6,441,53938
200709,488,41940,C,San Jose-Sunnyvale-Santa Clara  CA ,93,93,39326,0,0,0,1,4,900,13,181,36687,74,74,33593,0,0,0,1,4,900,10,116,25021
200709,488,42100, ,Santa Cruz-Watsonville  CA ,17,17,6206,0,0,0,0,0,0,2,100,23280,17,17,6206,0,0,0,0,0,0,2,100,23280
200709,488,42220, ,Santa Rosa-Petaluma  CA ,82,82,23548,0,0,0,0,0,0,0,0,0,82,82,23548,0,0,0,0,0,0,0,0,0
200709,488,46700, ,Vallejo-Fairfield  CA ,4,4,1305,0,0,0,0,0,0,0,0,0,3,3,974,0,0,0,0,0,0,0,0,0
200709,492,42140,C,Santa Fe  NM ,16,16,2136,0,0,0,0,0,0,0,0,0,0,0,0,0,0,0,0,0,0,0,0,0
200709,494,39460,C,Punta Gorda  FL ,50,50,10878,5,10,1475,1,4,1021,1,16,677,50,50,10878,5,10,1475,1,4,1021,1,16,677
200709,494,42260,C,Sarasota-Bradenton-Venice  FL ,133,133,34907,0,0,0,0,0,0,1,8,344,133,133,34907,0,0,0,0,0,0,1,8,344
200709,496,25980, ,Hinesville-Fort Stewart  GA ,7,7,2177,0,0,0,0,0,0,0,0,0,7,7,2177,0,0,0,0,0,0,0,0,0
200709,496,42340, ,Savannah  GA ,163,163,25531,20,40,1593,15,60,1126,0,0,0,115,115,16399,20,40,1593,15,60,1126,0,0,0
200709,500,14740, ,Bremerton-Silverdale  WA ,58,58,12643,0,0,0,0,0,0,0,0,0,58,58,12643,0,0,0,0,0,0,0,0,0
200709,500,34580, ,Mount Vernon-Anacortes  WA ,41,41,8443,0,0,0,0,0,0,0,0,0,37,37,7350,0,0,0,0,0,0,0,0,0
200709,500,36500, ,Olympia  WA ,114,114,21917,1,2,218,0,0,0,1,8,327,114,114,21917,1,2,218,0,0,0,1,8,327
200709,500,42660,C,Seattle-Tacoma-Bellevue  WA ,776,776,203116,28,56,6431,18,59,6456,28,814,101049,718,718,191767,26,52,6033,17,56,6072,22,759,96547
200709,508,43340, ,Shreveport-Bossier City  LA ,82,82,15432,0,0,0,0,0,0,1,12,984,82,82,15432,0,0,0,0,0,0,1,12,984
200709,512,43580, ,Sioux City  IA-NE-SD ,10,10,2413,2,4,679,0,0,0,0,0,0,7,7,1874,1,2,400,0,0,0,0,0,0
200709,515,21140, ,Elkhart-Goshen  IN ,35,35,6153,0,0,0,0,0,0,1,26,4300,31,31,5422,0,0,0,0,0,0,1,26,4300
200709,515,43780, ,South Bend-Mishawaka  IN-MI ,40,40,7555,0,0,0,0,0,0,1,13,1079,40,40,7555,0,0,0,0,0,0,1,13,1079
200709,532,45060, ,Syracuse  NY ,54,54,10366,0,0,0,0,0,0,0,0,0,54,54,10366,0,0,0,0,0,0,0,0,0
200709,534,45780, ,Toledo  OH ,159,159,20049,5,10,1423,1,4,310,10,72,5168,143,143,16593,5,10,1423,1,4,310,10,72,5168
200709,538,46140,C,Tulsa  OK ,321,321,55797,10,20,1149,0,0,0,10,240,11334,320,320,55591,10,20,1149,0,0,0,10,240,11334
200709,540,46340, ,Tyler  TX ,17,17,3000,0,0,0,1,3,150,1,5,231,0,0,0,0,0,0,0,0,0,0,0,0
200709,548,12580,C,Baltimore-Towson  MD ,350,350,62357,0,0,0,0,0,0,1,5,900,347,347,61610,0,0,0,0,0,0,0,0,0
200709,548,47900,C,Washington-Arlington-Alexandria  DC-VA-MD-WV ,862,862,169337,3,6,524,1,3,338,5,147,19323,771,771,151860,2,4,335,0,0,0,1,6,595
200709,548,49020, ,Winchester  VA-WV ,46,46,9322,0,0,0,0,0,0,0,0,0,46,46,9322,0,0,0,0,0,0,0,0,0
200709,554,48140, ,Wausau  WI ,16,16,2870,2,4,340,0,0,0,0,0,0,13,13,2310,2,4,340,0,0,0,0,0,0
200709,556,48620, ,Wichita  KS ,213,213,27316,2,4,349,0,0,0,17,110,5542,205,205,26494,2,4,349,0,0,0,17,110,5542
200709,558,48700, ,Williamsport  PA ,4,4,546,0,0,0,0,0,0,0,0,0,3,3,428,0,0,0,0,0,0,0,0,0
200709,564,49620, ,York-Hanover  PA ,128,128,23006,0,0,0,0,0,0,1,5,574,103,103,19061,0,0,0,0,0,0,0,0,0
200709,566,49660, ,Youngstown-Warren-Boardman  OH-PA ,30,30,5897,1,2,100,4,16,1600,5,30,2500,28,28,5547,0,0,0,4,16,1600,5,30,2500
200709,999,10180, ,Abilene  TX ,20,20,2858,0,0,0,0,0,0,0,0,0,20,20,2858,0,0,0,0,0,0,0,0,0
200709,999,10500, ,Albany  GA ,24,24,2789,1,2,150,0,0,0,1,30,2750,0,0,0,0,0,0,0,0,0,1,30,2750
200709,999,10740,C,Albuquerque  NM ,164,164,35831,0,0,0,0,0,0,0,0,0,153,153,34449,0,0,0,0,0,0,0,0,0
200709,999,10780, ,Alexandria  LA ,29,29,3609,0,0,0,0,0,0,0,0,0,8,8,845,0,0,0,0,0,0,0,0,0
200709,999,10900,C,Allentown-Bethlehem-Easton  PA-NJ ,197,197,29599,1,2,127,1,3,840,3,15,704,107,107,15637,0,0,0,0,0,0,0,0,0
200709,999,11020, ,Altoona  PA ,2,2,244,0,0,0,0,0,0,0,0,0,2,2,244,0,0,0,0,0,0,0,0,0
200709,999,11100, ,Amarillo  TX ,30,30,7944,0,0,0,0,0,0,0,0,0,30,30,7944,0,0,0,0,0,0,0,0,0
200709,999,11260,C,Anchorage  AK ,42,42,12390,0,0,0,0,0,0,3,43,5101,40,40,12170,0,0,0,0,0,0,3,43,5101
200709,999,11500, ,Anniston-Oxford  AL ,8,8,1409,0,0,0,0,0,0,0,0,0,8,8,1409,0,0,0,0,0,0,0,0,0
200709,999,12020, ,Athens-Clarke County  GA ,32,32,5625,0,0,0,1,4,530,0,0,0,32,32,5625,0,0,0,1,4,530,0,0,0
200709,999,12100,C,Atlantic City  NJ ,42,42,6883,0,0,0,0,0,0,0,0,0,27,27,4327,0,0,0,0,0,0,0,0,0
200709,999,12260, ,Augusta-Richmond County  GA-SC ,187,187,27685,0,0,0,0,0,0,0,0,0,175,175,26340,0,0,0,0,0,0,0,0,0
200709,999,12420,C,Austin-Round Rock  TX ,803,803,137142,15,30,2639,2,8,120,3,106,9221,704,704,124750,14,28,2537,2,8,120,2,73,7243
200709,999,12540, ,Bakersfield  CA ,183,183,26946,1,2,155,11,38,2378,1,5,247,51,51,6474,0,0,0,4,12,594,0,0,0
200709,999,12620, ,Bangor  ME ,19,19,3509,2,4,754,0,0,0,0,0,0,18,18,3309,1,2,354,0,0,0,0,0,0
200709,999,12700, ,Barnstable Town  MA ,64,64,19350,0,0,0,1,3,164,1,5,683,49,49,15632,0,0,0,0,0,0,0,0,0
200709,999,12980, ,Battle Creek  MI ,3,3,747,0,0,0,0,0,0,0,0,0,1,1,420,0,0,0,0,0,0,0,0,0
200709,999,13140, ,Beaumont-Port Arthur  TX ,27,27,4846,0,0,0,0,0,0,0,0,0,27,27,4846,0,0,0,0,0,0,0,0,0
200709,999,13380, ,Bellingham  WA ,23,23,4395,0,0,0,0,0,0,0,0,0,23,23,4395,0,0,0,0,0,0,0,0,0
200709,999,13740, ,Billings  MT ,43,43,6771,0,0,0,0,0,0,0,0,0,43,43,6771,0,0,0,0,0,0,0,0,0
200709,999,13780, ,Binghamton  NY ,6,6,1123,0,0,0,0,0,0,0,0,0,6,6,1123,0,0,0,0,0,0,0,0,0
200709,999,13900, ,Bismarck  ND ,44,44,7988,0,0,0,1,4,551,4,116,6562,44,44,7988,0,0,0,1,4,551,4,116,6562
200709,999,14020, ,Bloomington  IN ,28,28,4279,2,4,408,1,4,259,0,0,0,28,28,4279,2,4,408,1,4,259,0,0,0
200709,999,14060, ,Bloomington-Normal  IL ,30,30,3993,0,0,0,0,0,0,1,9,311,15,15,1717,0,0,0,0,0,0,0,0,0
200709,999,14260,C,Boise City-Nampa  ID ,233,233,47319,3,6,587,9,36,2581,0,0,0,168,168,37453,3,6,587,9,36,2581,0,0,0
200709,999,14540, ,Bowling Green  KY ,37,37,6200,2,4,362,0,0,0,2,18,1786,37,37,6200,2,4,362,0,0,0,2,18,1786
200709,999,15260, ,Brunswick  GA ,44,44,14459,0,0,0,0,0,0,0,0,0,44,44,14459,0,0,0,0,0,0,0,0,0
200709,999,15540, ,Burlington-South Burlington  VT ,23,23,4456,1,2,190,1,4,566,2,61,5641,7,7,1328,1,2,190,1,4,566,2,61,5641
200709,999,15940, ,Canton-Massillon  OH ,32,32,6380,0,0,0,0,0,0,0,0,0,25,25,5617,0,0,0,0,0,0,0,0,0
200709,999,15980,C,Cape Coral-Fort Myers  FL ,147,147,41892,1,2,181,0,0,0,0,0,0,147,147,41892,1,2,181,0,0,0,0,0,0
200709,999,16180,C,Carson City  NV ,3,3,930,0,0,0,0,0,0,0,0,0,3,3,930,0,0,0,0,0,0,0,0,0
200709,999,16220, ,Casper  WY ,15,15,3108,0,0,0,0,0,0,0,0,0,0,0,0,0,0,0,0,0,0,0,0,0
200709,999,16300, ,Cedar Rapids  IA ,62,62,7531,0,0,0,5,19,1379,0,0,0,60,60,7255,0,0,0,5,19,1379,0,0,0
200709,999,16580, ,Champaign-Urbana  IL ,23,23,4819,0,0,0,0,0,0,3,24,2541,23,23,4819,0,0,0,0,0,0,3,24,2541
200709,999,16620, ,Charleston  WV ,17,17,2349,0,0,0,0,0,0,0,0,0,5,5,328,0,0,0,0,0,0,0,0,0
200709,999,16700,C,Charleston-North Charleston  SC ,379,379,72959,0,0,0,1,3,375,8,217,13943,270,270,50332,0,0,0,0,0,0,5,200,12135
200709,999,16820, ,Charlottesville  VA ,49,49,22669,0,0,0,0,0,0,0,0,0,49,49,22669,0,0,0,0,0,0,0,0,0
200709,999,16940, ,Cheyenne  WY ,19,19,3348,0,0,0,0,0,0,0,0,0,0,0,0,0,0,0,0,0,0,0,0,0
200709,999,17020, ,Chico  CA ,53,53,7507,0,0,0,0,0,0,0,0,0,53,53,7507,0,0,0,0,0,0,0,0,0
200709,999,17300, ,Clarksville  TN-KY ,54,54,6766,2,4,140,7,28,970,0,0,0,50,50,6485,2,4,140,7,28,970,0,0,0
200709,999,17660, ,Coeur dAlene  ID ,59,59,16551,1,2,250,0,0,0,5,72,17334,59,59,16551,1,2,250,0,0,0,5,72,17334
200709,999,17780, ,College Station-Bryan  TX ,50,50,7119,0,0,0,0,0,0,8,81,5218,50,50,7119,0,0,0,0,0,0,8,81,5218
200709,999,17820,C,Colorado Springs  CO ,173,173,33472,0,0,0,0,0,0,1,10,1134,173,173,33472,0,0,0,0,0,0,1,10,1134
200709,999,17860, ,Columbia  MO ,115,115,13387,0,0,0,0,0,0,1,42,2198,115,115,13387,0,0,0,0,0,0,1,42,2198
200709,999,19060, ,Cumberland  MD-WV ,8,8,1588,0,0,0,0,0,0,0,0,0,8,8,1588,0,0,0,0,0,0,0,0,0
200709,999,19140, ,Dalton  GA ,27,27,3563,0,0,0,0,0,0,1,5,100,13,13,1778,0,0,0,0,0,0,1,5,100
200709,999,19180, ,Danville  IL ,0,0,0,0,0,0,0,0,0,0,0,0,0,0,0,0,0,0,0,0,0,0,0,0
200709,999,19260, ,Danville  VA ,9,9,1118,0,0,0,0,0,0,0,0,0,0,0,0,0,0,0,0,0,0,0,0,0
200709,999,19340, ,Davenport-Moline-Rock Island  IA-IL ,43,43,8104,1,2,268,0,0,0,12,192,8749,42,42,7945,1,2,268,0,0,0,12,192,8749
200709,999,19500, ,Decatur  IL ,4,4,862,0,0,0,0,0,0,0,0,0,4,4,862,0,0,0,0,0,0,0,0,0
200709,999,20100,C,Dover  DE ,87,87,12398,0,0,0,0,0,0,1,36,1300,41,41,4864,0,0,0,0,0,0,1,36,1300
200709,999,20220, ,Dubuque  IA ,25,25,3369,1,2,242,1,3,273,0,0,0,25,25,3369,1,2,242,1,3,273,0,0,0
200709,999,20260, ,Duluth  MN-WI ,55,55,7615,1,2,210,0,0,0,2,10,837,30,30,4548,1,2,210,0,0,0,0,0,0
200709,999,20940, ,El Centro  CA ,58,58,9607,0,0,0,0,0,0,1,6,530,25,25,3864,0,0,0,0,0,0,0,0,0
200709,999,21300, ,Elmira  NY ,1,1,208,0,0,0,0,0,0,0,0,0,0,0,0,0,0,0,0,0,0,0,0,0
200709,999,21340, ,El Paso  TX ,143,143,18502,0,0,0,1,4,303,1,5,148,13,13,507,0,0,0,0,0,0,0,0,0
200709,999,21500, ,Erie  PA ,17,17,2327,0,0,0,1,4,105,6,72,4000,17,17,2327,0,0,0,1,4,105,6,72,4000
200709,999,21660, ,Eugene-Springfield  OR ,84,84,15872,4,8,991,1,4,220,2,20,1200,84,84,15872,4,8,991,1,4,220,2,20,1200
200709,999,21780, ,Evansville  IN-KY ,39,39,5696,0,0,0,0,0,0,1,5,243,14,14,2586,0,0,0,0,0,0,0,0,0
200709,999,21820,C,Fairbanks  AK ,2,2,319,0,0,0,0,0,0,0,0,0,0,0,0,0,0,0,0,0,0,0,0,0
200709,999,22140,C,Farmington  NM ,29,29,5261,0,0,0,0,0,0,0,0,0,29,29,5261,0,0,0,0,0,0,0,0,0
200709,999,22180, ,Fayetteville  NC ,116,116,18847,0,0,0,0,0,0,0,0,0,116,116,18847,0,0,0,0,0,0,0,0,0
200709,999,22220, ,Fayetteville-Springdale-Rogers  AR-MO ,103,103,16665,3,6,687,2,8,1167,19,222,14836,75,75,11853,0,0,0,2,8,1167,17,198,13537
200709,999,22380, ,Flagstaff  AZ ,25,25,6311,0,0,0,0,0,0,0,0,0,13,13,3639,0,0,0,0,0,0,0,0,0
200709,999,22500, ,Florence  SC ,39,39,5190,0,0,0,0,0,0,0,0,0,0,0,0,0,0,0,0,0,0,0,0,0
200709,999,22520, ,Florence-Muscle Shoals  AL ,21,21,2147,0,0,0,0,0,0,0,0,0,21,21,2147,0,0,0,0,0,0,0,0,0
200709,999,22660,C,Fort Collins-Loveland  CO ,74,74,18915,0,0,0,0,0,0,0,0,0,74,74,18915,0,0,0,0,0,0,0,0,0
200709,999,22900, ,Fort Smith  AR-OK ,33,33,4671,0,0,0,0,0,0,0,0,0,29,29,4167,0,0,0,0,0,0,0,0,0
200709,999,23020, ,Fort Walton Beach-Crestview-Destin  FL ,32,32,5930,0,0,0,0,0,0,0,0,0,0,0,0,0,0,0,0,0,0,0,0,0
200709,999,23460, ,Gadsden  AL ,9,9,1225,0,0,0,0,0,0,0,0,0,9,9,1225,0,0,0,0,0,0,0,0,0
200709,999,23540, ,Gainesville  FL ,55,55,8214,0,0,0,0,0,0,2,36,2252,44,44,6911,0,0,0,0,0,0,0,0,0
200709,999,24140, ,Goldsboro  NC ,28,28,3699,0,0,0,0,0,0,0,0,0,28,28,3699,0,0,0,0,0,0,0,0,0
200709,999,24220, ,Grand Forks  ND-MN ,6,6,1443,0,0,0,0,0,0,0,0,0,6,6,1443,0,0,0,0,0,0,0,0,0
200709,999,24300,C,Grand Junction  CO ,95,95,20671,1,2,208,0,0,0,0,0,0,95,95,20671,1,2,208,0,0,0,0,0,0
200709,999,24500, ,Great Falls  MT ,16,16,2695,0,0,0,0,0,0,0,0,0,16,16,2695,0,0,0,0,0,0,0,0,0
200709,999,24540,C,Greeley  CO ,85,85,17689,0,0,0,0,0,0,1,71,5140,81,81,17235,0,0,0,0,0,0,1,71,5140
200709,999,24580, ,Green Bay  WI ,99,99,11977,3,6,705,2,8,750,3,30,1621,89,89,10444,3,6,705,2,8,750,2,18,1135
200709,999,24780, ,Greenville  NC ,139,139,16572,0,0,0,0,0,0,0,0,0,139,139,16572,0,0,0,0,0,0,0,0,0
200709,999,25180, ,Hagerstown-Martinsburg  MD-WV ,105,105,19546,0,0,0,0,0,0,1,12,850,105,105,19546,0,0,0,0,0,0,1,12,850
200709,999,25260, ,Hanford-Corcoran  CA ,19,19,3311,0,0,0,0,0,0,0,0,0,19,19,3311,0,0,0,0,0,0,0,0,0
200709,999,25500,C,Harrisonburg  VA ,42,42,8231,0,0,0,0,0,0,0,0,0,42,42,8231,0,0,0,0,0,0,0,0,0
200709,999,25620, ,Hattiesburg  MS ,0,0,0,0,0,0,0,0,0,0,0,0,0,0,0,0,0,0,0,0,0,0,0,0
200709,999,25860, ,Hickory-Lenoir-Morganton  NC ,106,106,24636,0,0,0,0,0,0,0,0,0,106,106,24636,0,0,0,0,0,0,0,0,0
200709,999,26180,C,Honolulu  HI ,67,67,18547,0,0,0,0,0,0,1,76,9589,0,0,0,0,0,0,0,0,0,0,0,0
200709,999,26300, ,Hot Springs  AR ,6,6,656,0,0,0,0,0,0,0,0,0,0,0,0,0,0,0,0,0,0,0,0,0
200709,999,26380, ,Houma-Bayou Cane-Thibodaux  LA ,97,97,12501,0,0,0,0,0,0,0,0,0,97,97,12501,0,0,0,0,0,0,0,0,0
200709,999,26580, ,Huntington-Ashland  WV-KY-OH ,7,7,727,0,0,0,0,0,0,0,0,0,1,1,195,0,0,0,0,0,0,0,0,0
200709,999,26980, ,Iowa City  IA ,71,71,15929,1,2,200,0,0,0,1,6,723,70,70,15771,1,2,200,0,0,0,1,6,723
200709,999,27100, ,Jackson  MI ,5,5,737,0,0,0,0,0,0,0,0,0,0,0,0,0,0,0,0,0,0,0,0,0
200709,999,27260,C,Jacksonville  FL ,498,498,89405,4,8,605,3,11,2785,26,507,30532,490,490,88027,4,8,605,3,11,2785,26,507,30532
200709,999,27340, ,Jacksonville  NC ,66,66,8503,0,0,0,0,0,0,0,0,0,66,66,8503,0,0,0,0,0,0,0,0,0
200709,999,27500, ,Janesville  WI ,26,26,4505,3,6,629,0,0,0,1,9,323,21,21,4021,3,6,629,0,0,0,0,0,0
200709,999,27620, ,Jefferson City  MO ,13,13,2096,0,0,0,1,3,197,1,5,261,0,0,0,0,0,0,0,0,0,0,0,0
200709,999,27780, ,Johnstown  PA ,0,0,0,0,0,0,0,0,0,0,0,0,0,0,0,0,0,0,0,0,0,0,0,0
200709,999,27900, ,Joplin  MO ,5,5,675,1,2,131,0,0,0,0,0,0,4,4,536,1,2,131,0,0,0,0,0,0
200709,999,28020, ,Kalamazoo-Portage  MI ,30,30,6054,0,0,0,0,0,0,0,0,0,13,13,2865,0,0,0,0,0,0,0,0,0
200709,999,28420, ,Kennewick-Richland-Pasco  WA ,80,80,16424,0,0,0,0,0,0,0,0,0,27,27,5424,0,0,0,0,0,0,0,0,0
200709,999,28660, ,Killeen-Temple-Fort Hood  TX ,123,123,16550,4,8,560,3,12,549,0,0,0,123,123,16550,4,8,560,3,12,549,0,0,0
200709,999,29100, ,La Crosse  WI-MN ,32,32,4871,0,0,0,0,0,0,0,0,0,32,32,4871,0,0,0,0,0,0,0,0,0
200709,999,29420, ,Lake Havasu City-Kingman  AZ ,123,123,23153,0,0,0,3,9,944,0,0,0,123,123,23153,0,0,0,3,9,944,0,0,0
200709,999,29460,C,Lakeland  FL ,242,242,42191,0,0,0,0,0,0,0,0,0,237,237,41283,0,0,0,0,0,0,0,0,0
200709,999,29540, ,Lancaster  PA ,79,79,13491,0,0,0,0,0,0,2,17,1235,74,74,12550,0,0,0,0,0,0,1,12,740
200709,999,29700,C,Laredo  TX ,90,90,9455,0,0,0,1,3,149,1,15,721,0,0,0,0,0,0,0,0,0,0,0,0
200709,999,29740,C,Las Cruces  NM ,63,63,11948,0,0,0,0,0,0,0,0,0,62,62,11814,0,0,0,0,0,0,0,0,0
200709,999,29940, ,Lawrence  KS ,22,22,3793,0,0,0,1,3,392,1,5,200,0,0,0,0,0,0,0,0,0,0,0,0
200709,999,30020, ,Lawton  OK ,12,12,2140,0,0,0,0,0,0,0,0,0,12,12,2140,0,0,0,0,0,0,0,0,0
200709,999,30300, ,Lewiston  ID-WA ,4,4,945,0,0,0,0,0,0,0,0,0,4,4,945,0,0,0,0,0,0,0,0,0
200709,999,30700, ,Lincoln  NE ,52,52,12136,0,0,0,0,0,0,0,0,0,52,52,12136,0,0,0,0,0,0,0,0,0
200709,999,30860, ,Logan  UT-ID ,57,57,10291,0,0,0,1,3,209,1,5,417,55,55,9992,0,0,0,1,3,209,0,0,0
200709,999,31020, ,Longview  WA ,32,32,8254,1,2,241,0,0,0,1,5,769,29,29,7794,1,2,241,0,0,0,0,0,0
200709,999,31340, ,Lynchburg  VA ,60,60,13354,0,0,0,0,0,0,0,0,0,27,27,9109,0,0,0,0,0,0,0,0,0
200709,999,32580,C,McAllen-Edinburg-Mission  TX ,296,296,39691,0,0,0,4,15,1236,9,149,14428,254,254,36911,0,0,0,3,12,1236,8,144,14287
200709,999,32780, ,Medford  OR ,51,51,10817,2,4,327,0,0,0,1,9,640,29,29,6475,0,0,0,0,0,0,0,0,0
200709,999,32820,C,Memphis  TN-MS-AR ,353,353,63100,0,0,0,0,0,0,2,56,5556,289,289,55537,0,0,0,0,0,0,2,56,5556
200709,999,32900, ,Merced  CA ,56,56,9118,0,0,0,0,0,0,0,0,0,42,42,6706,0,0,0,0,0,0,0,0,0
200709,999,33100,C,Miami-Fort Lauderdale-Miami Beach  FL ,416,416,84496,18,36,3978,1,4,842,20,202,25338,349,349,69709,17,34,3751,1,4,842,14,139,16276
200709,999,33540,C,Missoula  MT ,35,35,5194,0,0,0,1,3,157,1,44,3145,35,35,5194,0,0,0,1,3,157,1,44,3145
200709,999,33700, ,Modesto  CA ,39,39,8044,0,0,0,0,0,0,1,23,1787,28,28,6197,0,0,0,0,0,0,0,0,0
200709,999,34060, ,Morgantown  WV ,3,3,570,0,0,0,0,0,0,2,14,1614,3,3,570,0,0,0,0,0,0,2,14,1614
200709,999,34620, ,Muncie  IN ,3,3,1027,0,0,0,0,0,0,0,0,0,3,3,1027,0,0,0,0,0,0,0,0,0
200709,999,34940,C,Naples-Marco Island  FL ,57,57,24787,0,0,0,1,4,444,1,9,5600,57,57,24787,0,0,0,1,4,444,1,9,5600
200709,999,35660, ,Niles-Benton Harbor  MI ,3,3,1041,0,0,0,0,0,0,0,0,0,3,3,1041,0,0,0,0,0,0,0,0,0
200709,999,35980, ,Norwich-New London  CT ,56,56,9255,0,0,0,1,4,401,0,0,0,43,43,6754,0,0,0,1,4,401,0,0,0
200709,999,36100,C,Ocala  FL ,132,132,21844,1,2,130,0,0,0,0,0,0,132,132,21844,1,2,130,0,0,0,0,0,0
200709,999,36140,C,Ocean City  NJ ,59,59,28468,5,10,1501,1,3,214,0,0,0,59,59,28468,5,10,1501,1,3,214,0,0,0
200709,999,36980, ,Owensboro  KY ,32,32,2845,9,18,832,0,0,0,0,0,0,32,32,2845,9,18,832,0,0,0,0,0,0
200709,999,37340,C,Palm Bay-Melbourne-Titusville  FL ,148,148,33759,0,0,0,0,0,0,1,33,4931,94,94,19603,0,0,0,0,0,0,0,0,0
200709,999,37460, ,Panama City-Lynn Haven  FL ,70,70,7813,0,0,0,0,0,0,0,0,0,70,70,7813,0,0,0,0,0,0,0,0,0
200709,999,37620, ,Parkersburg-Marietta-Vienna  WV-OH ,10,10,1019,0,0,10,0,0,15,0,0,0,3,3,284,0,0,10,0,0,15,0,0,0
200709,999,37860,C,Pensacola-Ferry Pass-Brent  FL ,144,144,24236,1,2,227,0,0,0,1,38,4024,94,94,15925,0,0,0,0,0,0,0,0,0
200709,999,38060,C,Phoenix-Mesa-Scottsdale  AZ ,1165,1165,197893,2,4,507,17,51,5349,71,1302,146453,1108,1108,187133,2,4,507,17,51,5349,68,1264,142442
200709,999,38340, ,Pittsfield  MA ,2,2,417,0,0,0,0,0,0,0,0,0,1,1,227,0,0,0,0,0,0,0,0,0
200709,999,38540, ,Pocatello  ID ,16,16,1904,0,0,0,0,0,0,0,0,0,16,16,1904,0,0,0,0,0,0,0,0,0
200709,999,38900,C,Portland-Vancouver-Beaverton  OR-WA ,497,497,108345,33,66,8336,8,24,2485,13,221,24176,410,410,90900,33,66,8336,8,24,2485,11,205,22616
200709,999,39140, ,Prescott  AZ ,93,93,20551,1,2,231,0,0,0,0,0,0,43,43,10353,0,0,0,0,0,0,0,0,0
200709,999,39300, ,Providence-New Bedford-Fall River  RI-MA ,165,165,41250,4,8,528,1,3,370,1,5,305,116,116,34278,3,6,300,1,3,370,0,0,0
200709,999,39340, ,Provo-Orem  UT ,162,162,39818,2,4,491,2,8,1009,5,65,8169,162,162,39818,2,4,491,2,8,1009,5,65,8169
200709,999,39380,C,Pueblo  CO ,41,41,7067,0,0,0,0,0,0,0,0,0,41,41,7067,0,0,0,0,0,0,0,0,0
200709,999,39660, ,Rapid City  SD ,48,48,7906,1,2,562,0,0,0,0,0,0,43,43,7371,1,2,562,0,0,0,0,0,0
200709,999,39740, ,Reading  PA ,39,39,8348,1,2,246,0,0,0,0,0,0,29,29,6612,0,0,0,0,0,0,0,0,0
200709,999,39820, ,Redding  CA ,23,23,3997,0,0,0,0,0,0,2,140,9208,23,23,3997,0,0,0,0,0,0,2,140,9208
200709,999,40060,C,Richmond  VA ,370,370,69533,4,8,725,2,8,824,0,0,0,340,340,64305,4,8,725,2,8,824,0,0,0
200709,999,40220, ,Roanoke  VA ,54,54,10770,0,0,0,0,0,0,0,0,0,54,54,10770,0,0,0,0,0,0,0,0,0
200709,999,40340, ,Rochester  MN ,40,40,7868,0,0,0,0,0,0,0,0,0,38,38,7589,0,0,0,0,0,0,0,0,0
200709,999,40580, ,Rocky Mount  NC ,35,35,4157,3,6,363,0,0,0,0,0,0,24,24,3276,3,6,363,0,0,0,0,0,0
200709,999,40660, ,Rome  GA ,18,18,3133,0,0,0,0,0,0,0,0,0,18,18,3133,0,0,0,0,0,0,0,0,0
200709,999,41100, ,St. George  UT ,84,84,17793,1,2,166,0,0,0,0,0,0,78,78,16393,1,2,166,0,0,0,0,0,0
200709,999,41140, ,St. Joseph  MO-KS ,9,9,1556,0,0,0,0,0,0,0,0,0,9,9,1556,0,0,0,0,0,0,0,0,0
200709,999,41420, ,Salem  OR ,73,73,15259,0,0,0,0,0,0,22,230,17217,65,65,13776,0,0,0,0,0,0,21,212,15691
200709,999,41500, ,Salinas  CA ,27,27,13506,0,0,0,0,0,0,0,0,0,23,23,12522,0,0,0,0,0,0,0,0,0
200709,999,41660,C,San Angelo  TX ,27,27,4524,0,0,0,0,0,0,0,0,0,27,27,4524,0,0,0,0,0,0,0,0,0
200709,999,41700,C,San Antonio  TX ,574,574,103619,0,0,0,5,20,2060,23,490,48417,518,518,95124,0,0,0,5,20,2060,20,473,46929
200709,999,41740,C,San Diego-Carlsbad-San Marcos  CA ,179,179,46386,2,4,465,3,10,1035,2,41,4892,161,161,42359,2,4,465,3,10,1035,1,36,4285
200709,999,41780, ,Sandusky  OH ,0,0,0,0,0,0,0,0,0,0,0,0,0,0,0,0,0,0,0,0,0,0,0,0
200709,999,42020, ,San Luis Obispo-Paso Robles  CA ,48,48,9514,2,4,540,0,0,0,0,0,0,48,48,9514,2,4,540,0,0,0,0,0,0
200709,999,42060, ,Santa Barbara-Santa Maria  CA ,18,18,8113,0,0,0,0,0,0,0,0,0,18,18,8113,0,0,0,0,0,0,0,0,0
200709,999,42540, ,Scranton--Wilkes-Barre  PA ,24,24,4589,0,0,0,0,0,0,0,0,0,12,12,2701,0,0,0,0,0,0,0,0,0
200709,999,43100, ,Sheboygan  WI ,4,4,897,1,2,32,0,0,0,0,0,0,1,1,145,0,0,0,0,0,0,0,0,0
200709,999,43300, ,Sherman-Denison  TX ,0,0,0,0,0,0,0,0,0,0,0,0,0,0,0,0,0,0,0,0,0,0,0,0
200709,999,43620, ,Sioux Falls  SD ,89,89,14594,7,14,2062,1,4,487,5,37,2691,86,86,14322,7,14,2062,1,4,487,4,32,2476
200709,999,44060, ,Spokane  WA ,111,111,15330,0,0,0,0,0,0,0,0,0,111,111,15330,0,0,0,0,0,0,0,0,0
200709,999,44100, ,Springfield  IL ,18,18,4105,7,14,1637,2,8,638,0,0,0,18,18,4105,7,14,1637,2,8,638,0,0,0
200709,999,44140, ,Springfield  MA ,60,60,10578,3,6,980,0,0,0,1,10,717,47,47,8180,3,6,980,0,0,0,0,0,0
200709,999,44180, ,Springfield  MO ,96,96,17943,0,0,0,1,3,378,5,108,5429,60,60,12409,0,0,0,0,0,0,2,32,2300
200709,999,44300, ,State College  PA ,16,16,4753,1,2,271,0,0,0,0,0,0,13,13,4282,0,0,0,0,0,0,0,0,0
200709,999,44700,C,Stockton  CA ,127,127,27410,0,0,0,0,0,0,0,0,0,86,86,17260,0,0,0,0,0,0,0,0,0
200709,999,44940,C,Sumter  SC ,35,35,4184,0,0,0,0,0,0,0,0,0,35,35,4184,0,0,0,0,0,0,0,0,0
200709,999,45220, ,Tallahassee  FL ,110,110,17850,1,2,174,1,3,306,3,34,2271,39,39,5948,0,0,0,0,0,0,0,0,0
200709,999,45300,C,Tampa-St. Petersburg-Clearwater  FL ,666,666,119120,3,6,831,6,22,2511,14,209,42273,666,666,119120,3,6,831,6,22,2511,14,209,42273
200709,999,45460, ,Terre Haute  IN ,19,19,2750,0,0,0,0,0,0,1,116,6625,19,19,2750,0,0,0,0,0,0,1,116,6625
200709,999,45500, ,Texarkana  TX-Texarkana  AR ,15,15,1624,0,0,0,1,3,138,0,0,0,15,15,1624,0,0,0,1,3,138,0,0,0
200709,999,45820, ,Topeka  KS ,45,45,7021,0,0,0,0,0,0,0,0,0,42,42,6984,0,0,0,0,0,0,0,0,0
200709,999,46060,C,Tucson  AZ ,304,304,55422,2,4,347,1,4,226,1,11,776,166,166,34485,0,0,0,0,0,0,0,0,0
200709,999,46220, ,Tuscaloosa  AL ,50,50,8929,0,0,0,0,0,0,5,88,4865,23,23,4151,0,0,0,0,0,0,0,0,0
200709,999,46540, ,Utica-Rome  NY ,2,2,326,0,0,0,0,0,0,0,0,0,0,0,0,0,0,0,0,0,0,0,0,0
200709,999,46660, ,Valdosta  GA ,51,51,5974,1,2,172,0,0,0,1,10,649,0,0,0,0,0,0,0,0,0,0,0,0
200709,999,47020, ,Victoria  TX ,6,6,850,0,0,0,0,0,0,0,0,0,0,0,0,0,0,0,0,0,0,0,0,0
200709,999,47260,C,Virginia Beach-Norfolk-Newport News  VA-NC ,323,323,64272,0,0,0,3,12,1024,2,16,3982,298,298,58393,0,0,0,3,12,1024,1,7,3149
200709,999,47300, ,Visalia-Porterville  CA ,159,159,29869,1,2,233,0,0,0,21,184,19462,159,159,29869,1,2,233,0,0,0,21,184,19462
200709,999,47380, ,Waco  TX ,38,38,7716,0,0,0,0,0,0,0,0,0,38,38,7716,0,0,0,0,0,0,0,0,0
200709,999,47940, ,Waterloo-Cedar Falls  IA ,22,22,4251,2,4,510,0,0,0,0,0,0,22,22,4251,2,4,510,0,0,0,0,0,0
200709,999,48260, ,Weirton-Steubenville  WV-OH ,0,0,0,0,0,0,0,0,0,0,0,0,0,0,0,0,0,0,0,0,0,0,0,0
200709,999,48300, ,Wenatchee  WA ,46,46,8308,0,0,0,0,0,0,0,0,0,46,46,8308,0,0,0,0,0,0,0,0,0
200709,999,48540, ,Wheeling  WV-OH ,0,0,0,0,0,0,0,0,0,0,0,0,0,0,0,0,0,0,0,0,0,0,0,0
200709,999,48660, ,Wichita Falls  TX ,9,9,1333,0,0,0,0,0,0,0,0,0,9,9,1333,0,0,0,0,0,0,0,0,0
200709,999,48900,C,Wilmington  NC ,260,260,46667,2,4,890,0,0,0,4,117,8323,108,108,22836,2,4,890,0,0,0,4,117,8323
200709,999,49420, ,Yakima  WA ,13,13,2787,0,0,0,2,8,960,0,0,0,2,2,343,0,0,0,2,8,960,0,0,0
200709,999,49740, ,Yuma  AZ ,49,49,7592,0,0,0,0,0,0,0,0,0,49,49,7592,0,0,0,0,0,0,0,0,0
