Survey,CSA,CBSA,MONCOV,CBSA,,1-unit,,,2-units,,,3-4 units,,,5+ units,,,1-unit rep,,,2-units rep,,,3-4 units rep,,,5+ units rep
Date,Code,Code,,Name,Bldgs,Units,Value,Bldgs,Units,Value,Bldgs,Units,Value,Bldgs,Units,Value,Bldgs,Units,Value,Bldgs,Units,Value,      Bldgs,Units,Value,Bldgs,Units,Value
 
200706,102,18700, ,Corvallis  OR ,13,13,2850,1,2,369,0,0,0,0,0,0,13,13,2850,1,2,369,0,0,0,0,0,0
200706,104,10580, ,Albany-Schenectady-Troy  NY ,82,82,19875,1,2,150,3,11,1115,3,26,3411,61,61,15144,1,2,150,3,11,1115,2,18,2700
200706,104,24020, ,Glens Falls  NY ,37,37,7477,0,0,0,1,4,102,1,5,313,0,0,0,0,0,0,0,0,0,0,0,0
200706,112,11180, ,Ames  IA ,23,23,5396,0,0,0,0,0,0,1,21,1461,23,23,5396,0,0,0,0,0,0,1,21,1461
200706,118,11540, ,Appleton  WI ,51,51,9832,2,4,420,0,0,0,6,54,2580,50,50,9645,2,4,420,0,0,0,6,54,2580
200706,118,36780, ,Oshkosh-Neenah  WI ,29,29,5067,2,4,419,0,0,0,0,0,0,29,29,5067,2,4,419,0,0,0,0,0,0
200706,120,11700, ,Asheville  NC ,245,245,54630,0,0,0,3,11,1420,2,80,5500,153,153,36608,0,0,0,2,8,920,2,80,5500
200706,122,12060,C,Atlanta-Sandy Springs-Marietta  GA ,3021,3021,483764,4,8,865,10,35,4141,20,929,94208,2784,2784,453222,4,8,865,9,32,3991,19,920,93683
200706,122,23580, ,Gainesville  GA ,98,98,16616,0,0,0,0,0,0,0,0,0,98,98,16616,0,0,0,0,0,0,0,0,0
200706,132,12940, ,Baton Rouge  LA ,287,287,37496,5,10,553,0,0,0,14,197,17946,184,184,19366,4,8,324,0,0,0,0,0,0
200706,140,13460,C,Bend  OR ,144,144,34691,1,2,209,0,0,0,0,0,0,144,144,34691,1,2,209,0,0,0,0,0,0
200706,142,13820,C,Birmingham-Hoover  AL ,434,434,82918,0,0,0,0,0,0,0,0,0,358,358,70503,0,0,0,0,0,0,0,0,0
200706,148,14460,C,Boston-Cambridge-Quincy  MA-NH ,467,467,115519,25,50,5736,8,25,2234,17,234,24043,278,278,74155,19,38,4361,6,19,1873,4,34,2929
200706,148,31700, ,Manchester-Nashua  NH ,61,61,13614,0,0,0,1,4,736,0,0,208,53,53,12023,0,0,0,1,4,736,0,0,208
200706,148,49340, ,Worcester  MA ,132,132,24819,1,2,210,0,0,0,0,0,0,104,104,20060,0,0,0,0,0,0,0,0,0
200706,154,15180, ,Brownsville-Harlingen  TX ,145,145,14589,1,2,136,6,24,1824,1,18,822,97,97,9930,1,2,136,6,24,1824,1,18,822
200706,160,15380, ,Buffalo-Niagara Falls  NY ,102,102,20160,1,2,240,0,0,0,0,0,0,100,100,19786,0,0,0,0,0,0,0,0,0
200706,172,16740,C,Charlotte-Gastonia-Concord  NC-SC ,1389,1389,255033,1,2,200,1,3,306,11,986,97887,1283,1283,236481,0,0,0,0,0,0,10,976,96812
200706,174,16860, ,Chattanooga  TN-GA ,156,156,22606,1,2,93,0,0,0,2,18,1758,107,107,15580,0,0,0,0,0,0,0,0,0
200706,174,17420, ,Cleveland  TN ,36,36,4937,3,6,300,2,7,695,0,0,0,36,36,4937,3,6,300,2,7,695,0,0,0
200706,176,16980,C,Chicago-Naperville-Joliet  IL-IN-WI ,1951,1951,447092,27,54,6412,42,131,12455,32,1191,101167,1474,1474,341911,18,36,4515,39,122,11690,22,1102,93466
200706,176,28100, ,Kankakee-Bradley  IL ,10,10,2396,0,0,0,0,0,0,0,0,0,10,10,2396,0,0,0,0,0,0,0,0,0
200706,176,33140, ,Michigan City-La Porte  IN ,30,30,5726,0,0,0,0,0,0,0,0,0,30,30,5726,0,0,0,0,0,0,0,0,0
200706,178,17140,C,Cincinnati-Middletown  OH-KY-IN ,465,465,97195,2,4,710,4,14,944,7,55,4251,321,321,69894,2,4,710,1,4,332,4,32,3146
200706,184,10420, ,Akron  OH ,97,97,18434,0,0,0,1,3,69,1,11,389,83,83,17039,0,0,0,0,0,0,0,0,0
200706,184,17460,C,Cleveland-Elyria-Mentor  OH ,337,337,70212,2,4,492,3,10,986,2,10,838,218,218,49701,1,2,192,0,0,0,0,0,0
200706,192,17900,C,Columbia  SC ,448,448,55371,1,2,119,2,7,613,4,80,5069,97,97,12494,0,0,0,0,0,0,0,0,0
200706,194,12220,C,Auburn-Opelika  AL ,103,103,19221,0,0,0,0,0,0,1,17,2929,103,103,19221,0,0,0,0,0,0,1,17,2929
200706,194,17980, ,Columbus  GA-AL ,84,84,11697,2,4,331,1,3,136,2,27,2083,38,38,6834,2,4,331,0,0,0,0,0,0
200706,198,18140,C,Columbus  OH ,420,420,78172,9,18,2404,11,43,3769,27,186,14997,365,365,68506,9,18,2404,10,40,3688,26,174,14570
200706,204,18580, ,Corpus Christi  TX ,145,145,17836,0,0,0,0,0,0,0,0,0,142,142,17499,0,0,0,0,0,0,0,0,0
200706,206,19100,C,Dallas-Fort Worth-Arlington  TX ,2668,2668,561322,15,30,2728,0,0,0,64,2096,169126,2430,2430,507728,14,28,2536,0,0,0,63,2082,168565
200706,212,19380, ,Dayton  OH ,179,179,30243,1,2,207,0,0,0,0,0,0,173,173,28887,0,0,0,0,0,0,0,0,0
200706,212,44220, ,Springfield  OH ,9,9,1867,0,0,0,0,0,0,0,0,0,9,9,1867,0,0,0,0,0,0,0,0,0
200706,216,14500, ,Boulder  CO ,25,25,8894,1,2,194,0,0,0,2,10,824,6,6,4292,0,0,0,0,0,0,0,0,0
200706,216,19740,C,Denver-Aurora  CO ,918,918,192965,0,0,0,0,0,0,34,1220,122607,883,883,186774,0,0,0,0,0,0,34,1220,122607
200706,218,19780,C,Des Moines-West Des Moines  IA ,405,405,72534,0,0,0,2,7,1164,2,15,4031,394,394,70504,0,0,0,2,7,1164,2,15,4031
200706,220,11460, ,Ann Arbor  MI ,35,35,6046,0,0,0,0,0,0,1,5,302,13,13,2018,0,0,0,0,0,0,0,0,0
200706,220,19820,C,Detroit-Warren-Livonia  MI ,376,376,80355,0,0,0,1,3,239,4,36,2691,266,266,56468,0,0,0,0,0,0,4,36,2691
200706,220,22420, ,Flint  MI ,24,24,4618,0,0,0,0,0,0,0,0,0,20,20,3883,0,0,0,0,0,0,0,0,0
200706,220,33780, ,Monroe  MI ,16,16,2831,0,0,0,0,0,0,0,0,0,10,10,1836,0,0,0,0,0,0,0,0,0
200706,222,20020, ,Dothan  AL ,23,23,1862,0,0,0,0,0,0,0,0,0,23,23,1862,0,0,0,0,0,0,0,0,0
200706,232,20740, ,Eau Claire  WI ,45,45,6942,0,0,0,0,0,0,0,0,0,45,45,6942,0,0,0,0,0,0,0,0,0
200706,244,22020, ,Fargo  ND-MN ,130,130,19607,0,0,0,4,12,1600,0,0,0,130,130,19607,0,0,0,4,12,1600,0,0,0
200706,252,22540, ,Fond du Lac  WI ,14,14,1802,1,2,210,0,0,0,0,0,0,13,13,1639,1,2,210,0,0,0,0,0,0
200706,258,23060,C,Fort Wayne  IN ,115,115,21273,0,0,0,0,0,0,2,17,895,115,115,21273,0,0,0,0,0,0,2,17,895
200706,260,23420, ,Fresno  CA ,222,222,37113,0,0,0,3,9,770,1,35,3143,192,192,32013,0,0,0,2,6,495,1,35,3143
200706,260,31460, ,Madera  CA ,43,43,11424,0,0,0,0,0,0,0,0,0,43,43,11424,0,0,0,0,0,0,0,0,0
200706,266,24340,C,Grand Rapids-Wyoming  MI ,162,162,29861,1,2,205,1,3,226,2,14,1439,104,104,22380,0,0,0,0,0,0,0,0,0
200706,266,26100, ,Holland-Grand Haven  MI ,64,64,9676,0,0,0,0,0,0,1,5,187,13,13,2985,0,0,0,0,0,0,0,0,0
200706,266,34740, ,Muskegon-Norton Shores  MI ,10,10,1352,0,0,0,0,0,0,0,0,0,9,9,1261,0,0,0,0,0,0,0,0,0
200706,268,15500, ,Burlington  NC ,118,118,17684,0,0,0,0,0,0,0,0,0,118,118,17684,0,0,0,0,0,0,0,0,0
200706,268,24660,C,Greensboro-High Point  NC ,341,341,59423,3,6,1159,0,0,0,4,134,6560,206,206,32107,3,6,1159,0,0,0,4,134,6560
200706,268,49180, ,Winston-Salem  NC ,165,165,26911,0,0,0,0,0,0,1,5,229,74,74,11114,0,0,0,0,0,0,0,0,0
200706,273,11340, ,Anderson  SC ,84,84,14661,0,0,0,0,0,0,0,0,0,84,84,14661,0,0,0,0,0,0,0,0,0
200706,273,24860,C,Greenville  SC ,385,385,48807,0,0,0,0,0,0,2,24,2876,342,342,39051,0,0,0,0,0,0,0,0,0
200706,273,43900, ,Spartanburg  SC ,170,170,17463,0,0,0,0,0,0,0,0,0,170,170,17463,0,0,0,0,0,0,0,0,0
200706,274,25060, ,Gulfport-Biloxi  MS ,188,188,22640,4,8,400,0,0,0,45,804,43211,188,188,22640,4,8,400,0,0,0,45,804,43211
200706,274,37700, ,Pascagoula  MS ,65,65,8839,0,0,0,0,0,0,1,5,154,12,12,1964,0,0,0,0,0,0,0,0,0
200706,276,25420, ,Harrisburg-Carlisle  PA ,117,117,24483,0,0,0,0,0,0,0,0,0,102,102,22095,0,0,0,0,0,0,0,0,0
200706,276,30140, ,Lebanon  PA ,55,55,8347,0,0,0,0,0,0,0,0,0,49,49,7298,0,0,0,0,0,0,0,0,0
200706,278,25540, ,Hartford-West Hartford-East Hartford  CT ,173,173,32346,3,6,331,1,3,352,8,165,11349,124,124,23790,1,2,121,0,0,0,4,98,7290
200706,288,26420,C,Houston-Sugar Land-Baytown  TX ,3778,3778,666430,14,28,2573,2,7,787,141,2708,225764,3600,3600,637889,11,22,1954,1,4,412,138,2657,223232
200706,290,19460, ,Decatur  AL ,35,35,4756,0,0,0,0,0,0,0,0,0,35,35,4756,0,0,0,0,0,0,0,0,0
200706,290,26620, ,Huntsville  AL ,294,294,31918,0,0,0,0,0,0,4,48,1980,177,177,15356,0,0,0,0,0,0,4,48,1980
200706,292,26820, ,Idaho Falls  ID ,114,114,12135,4,8,219,0,0,0,0,0,0,114,114,12135,4,8,219,0,0,0,0,0,0
200706,294,11300, ,Anderson  IN ,17,17,3147,0,0,0,0,0,0,0,0,0,0,0,0,0,0,0,0,0,0,0,0,0
200706,294,18020, ,Columbus  IN ,21,21,4502,0,0,0,0,0,0,0,0,0,0,0,0,0,0,0,0,0,0,0,0,0
200706,294,26900,C,Indianapolis-Carmel  IN ,711,711,141496,12,24,2641,2,8,757,7,63,5275,648,648,130219,11,22,2267,2,8,757,7,63,5275
200706,296,27060, ,Ithaca  NY ,5,5,1043,0,0,0,0,0,0,1,5,317,3,3,529,0,0,0,0,0,0,0,0,0
200706,297,27180, ,Jackson  TN ,44,44,7809,0,0,0,0,0,0,0,0,0,44,44,7809,0,0,0,0,0,0,0,0,0
200706,298,27140, ,Jackson  MS ,234,234,35300,0,0,0,0,0,0,1,15,586,169,169,24965,0,0,0,0,0,0,0,0,0
200706,304,27740, ,Johnson City  TN ,69,69,9246,1,2,186,0,0,0,4,28,1630,33,33,5646,1,2,186,0,0,0,4,28,1630
200706,304,28700, ,Kingsport-Bristol-Bristol  TN-VA ,56,56,6600,0,0,0,0,0,0,2,14,843,8,8,1106,0,0,0,0,0,0,0,0,0
200706,308,27860, ,Jonesboro  AR ,36,36,2891,0,0,0,0,0,0,0,0,0,34,34,2654,0,0,0,0,0,0,0,0,0
200706,312,28140,C,Kansas City  MO-KS ,604,604,119758,14,28,1967,6,22,1356,10,251,20721,553,553,110401,12,24,1657,4,16,858,10,251,20721
200706,314,28940, ,Knoxville  TN ,269,269,40122,2,4,286,0,0,0,0,0,0,269,269,40122,2,4,286,0,0,0,0,0,0
200706,316,29020, ,Kokomo  IN ,8,8,1466,0,0,0,0,0,0,0,0,0,4,4,925,0,0,0,0,0,0,0,0,0
200706,318,29180, ,Lafayette  LA ,141,141,16784,0,0,0,0,0,0,1,26,1270,67,67,6798,0,0,0,0,0,0,0,0,0
200706,320,29140, ,Lafayette  IN ,59,59,9993,0,0,0,0,0,0,0,0,0,59,59,9993,0,0,0,0,0,0,0,0,0
200706,324,29340, ,Lake Charles  LA ,51,51,6966,1,2,151,0,0,0,1,5,266,30,30,3636,0,0,0,0,0,0,0,0,0
200706,330,29620, ,Lansing-East Lansing  MI ,50,50,8821,0,0,0,0,0,0,2,10,578,40,40,7085,0,0,0,0,0,0,0,0,0
200706,332,29820,C,Las Vegas-Paradise  NV ,1265,1265,170315,0,0,0,5,15,1718,13,426,48488,1265,1265,170315,0,0,0,5,15,1718,13,426,48488
200706,336,30460, ,Lexington-Fayette  KY ,226,226,40981,1,2,185,0,0,0,1,12,933,171,171,32896,1,2,185,0,0,0,1,12,933
200706,338,30620, ,Lima  OH ,3,3,603,0,0,0,0,0,0,0,0,0,1,1,255,0,0,0,0,0,0,0,0,0
200706,340,30780, ,Little Rock-North Little Rock  AR ,234,234,42715,1,2,120,0,0,0,0,0,0,216,216,39927,0,0,0,0,0,0,0,0,0
200706,340,38220, ,Pine Bluff  AR ,7,7,843,0,0,0,0,0,0,0,0,0,5,5,754,0,0,0,0,0,0,0,0,0
200706,346,30980, ,Longview  TX ,21,21,3818,0,0,0,0,0,0,1,17,781,3,3,342,0,0,0,0,0,0,0,0,0
200706,348,31100,C,Los Angeles-Long Beach-Santa Ana  CA ,859,859,220282,27,54,6321,13,42,7993,60,574,94208,717,717,175900,24,48,5176,7,21,3650,49,499,87240
200706,348,37100, ,Oxnard-Thousand Oaks-Ventura  CA ,60,60,16674,1,2,280,1,4,487,1,22,2059,27,27,7342,1,2,280,0,0,0,0,0,0
200706,348,40140,C,Riverside-San Bernardino-Ontario  CA ,1650,1650,358669,9,18,1551,9,30,3253,6,48,4703,1471,1471,320750,7,14,1185,8,27,3027,4,38,4100
200706,350,21060, ,Elizabethtown  KY ,36,36,4380,0,0,0,0,0,0,0,0,0,36,36,4380,0,0,0,0,0,0,0,0,0
200706,350,31140,C,Louisville-Jefferson County  KY-IN ,484,484,73638,2,4,419,0,0,0,4,72,2845,443,443,64333,2,4,419,0,0,0,4,72,2845
200706,352,31180, ,Lubbock  TX ,68,68,11209,0,0,0,0,0,0,3,20,2300,68,68,11209,0,0,0,0,0,0,3,20,2300
200706,356,31420, ,Macon  GA ,59,59,8894,0,0,0,0,0,0,0,0,0,59,59,8894,0,0,0,0,0,0,0,0,0
200706,356,47580, ,Warner Robins  GA ,111,111,14159,0,0,0,0,0,0,0,0,0,111,111,14159,0,0,0,0,0,0,0,0,0
200706,358,31540,C,Madison  WI ,139,139,30741,5,10,1434,0,0,0,6,107,10667,127,127,28668,4,8,1245,0,0,0,4,95,9800
200706,360,31900, ,Mansfield  OH ,13,13,2097,0,0,0,0,0,0,0,0,0,0,0,0,0,0,0,0,0,0,0,0,0
200706,372,33260,C,Midland  TX ,48,48,5403,0,0,0,0,0,0,0,0,0,48,48,5403,0,0,0,0,0,0,0,0,0
200706,372,36220,C,Odessa  TX ,17,17,8063,0,0,0,0,0,0,0,0,0,17,17,8063,0,0,0,0,0,0,0,0,0
200706,376,33340,C,Milwaukee-Waukesha-West Allis  WI ,185,185,53448,6,12,1304,1,4,359,4,25,2341,155,155,43383,6,12,1304,0,0,0,1,6,1000
200706,376,39540, ,Racine  WI ,62,62,12638,0,0,0,0,0,0,0,0,0,62,62,12638,0,0,0,0,0,0,0,0,0
200706,378,33460,C,Minneapolis-St. Paul-Bloomington  MN-WI ,831,831,197127,4,8,1282,5,18,2171,8,135,33068,729,729,173061,3,6,1040,4,15,1814,6,106,28796
200706,378,41060, ,St. Cloud  MN ,50,50,9160,0,0,0,0,0,0,2,10,605,14,14,3294,0,0,0,0,0,0,0,0,0
200706,380,33660, ,Mobile  AL ,205,205,35893,0,0,0,0,0,0,1,5,156,199,199,34858,0,0,0,0,0,0,0,0,0
200706,384,33740, ,Monroe  LA ,27,27,4320,0,0,0,0,0,0,1,7,536,2,2,565,0,0,0,0,0,0,0,0,0
200706,388,33860, ,Montgomery  AL ,106,106,15144,0,0,0,0,0,0,0,0,0,43,43,7173,0,0,0,0,0,0,0,0,0
200706,392,34100, ,Morristown  TN ,40,40,7141,0,0,0,0,0,0,0,0,0,34,34,6407,0,0,0,0,0,0,0,0,0
200706,396,34820, ,Myrtle Beach-Conway-North Myrtle Beach  SC ,305,305,48658,1,2,138,0,0,0,9,157,25202,279,279,42663,1,2,138,0,0,0,7,84,8932
200706,400,34980,C,Nashville-Davidson--Murfreesboro  TN ,999,999,178676,8,16,1654,0,0,0,0,0,0,885,885,154720,8,16,1654,0,0,0,0,0,0
200706,406,35380,C,New Orleans-Metairie-Kenner  LA ,325,325,54033,49,98,8638,1,3,45,10,682,70543,317,317,53160,49,98,8638,1,3,45,10,682,70543
200706,408,14860, ,Bridgeport-Stamford-Norwalk  CT ,119,119,44680,1,2,173,1,3,268,1,5,408,95,95,25732,1,2,173,1,3,268,0,0,0
200706,408,28740, ,Kingston  NY ,21,21,4526,1,2,190,0,0,0,0,0,0,19,19,4132,1,2,190,0,0,0,0,0,0
200706,408,35300, ,New Haven-Milford  CT ,56,56,8383,0,0,0,0,0,0,1,26,1598,36,36,4968,0,0,0,0,0,0,0,0,0
200706,408,35620,C,New York-Northern New Jersey-Long Island  NY-NJ-PA ,1201,1201,277300,201,402,39651,153,471,37778,119,4596,449115,861,861,204623,180,360,36310,149,458,36428,85,4192,408482
200706,408,39100, ,Poughkeepsie-Newburgh-Middletown  NY ,76,76,17528,1,2,344,0,0,0,2,24,2613,48,48,11751,0,0,0,0,0,0,0,0,0
200706,408,45940,C,Trenton-Ewing  NJ ,36,36,5700,3,6,522,0,0,0,1,20,828,22,22,4027,0,0,0,0,0,0,0,0,0
200706,416,36420,C,Oklahoma City  OK ,432,432,67348,5,10,730,11,44,3330,1,15,985,186,186,34020,4,8,585,11,44,3330,0,0,0
200706,420,36540,C,Omaha-Council Bluffs  NE-IA ,330,330,44946,4,8,576,0,0,0,3,26,1860,269,269,37905,2,4,286,0,0,0,1,16,1220
200706,422,19660,C,Deltona-Daytona Beach-Ormond Beach  FL ,207,207,48515,0,0,0,0,0,0,2,23,2255,163,163,41265,0,0,0,0,0,0,0,0,0
200706,422,36740,C,Orlando-Kissimmee  FL ,1227,1227,239549,7,14,1269,2,8,889,35,471,43888,937,937,197624,7,14,1269,2,8,889,33,452,42821
200706,422,37380, ,Palm Coast  FL ,71,71,18397,1,2,341,0,0,0,0,0,0,71,71,18397,1,2,341,0,0,0,0,0,0
200706,426,37900, ,Peoria  IL ,86,86,13766,5,10,1654,0,0,0,11,88,4628,77,77,12019,4,8,1378,0,0,0,11,88,4628
200706,428,37980,C,Philadelphia-Camden-Wilmington  PA-NJ-DE-MD ,945,945,153393,7,14,1492,0,0,0,15,325,27404,581,581,98955,7,14,1492,0,0,0,2,207,17805
200706,428,47220,C,Vineland-Millville-Bridgeton  NJ ,53,53,5356,0,0,0,1,3,402,0,0,0,45,45,4100,0,0,0,0,0,0,0,0,0
200706,430,38300,C,Pittsburgh  PA ,354,354,71210,1,2,320,7,25,2152,3,19,1358,260,260,55013,1,2,320,4,16,1480,1,6,880
200706,438,30340, ,Lewiston-Auburn  ME ,21,21,4286,1,2,194,0,0,0,0,0,0,12,12,2767,1,2,194,0,0,0,0,0,0
200706,438,38860, ,Portland-South Portland-Biddeford  ME ,185,185,33587,5,10,1007,2,7,511,9,85,6764,76,76,15781,2,4,405,1,4,250,6,67,4876
200706,442,38940,C,Port St. Lucie  FL ,227,227,45701,0,0,0,0,0,0,1,6,1621,226,226,44182,0,0,0,0,0,0,1,6,1621
200706,442,42680,C,Sebastian-Vero Beach  FL ,110,110,32371,0,0,0,7,25,1446,0,0,0,108,108,31903,0,0,0,7,25,1446,0,0,0
200706,450,20500,C,Durham  NC ,337,337,79452,3,6,556,0,0,0,2,48,1372,337,337,79452,3,6,556,0,0,0,2,48,1372
200706,450,39580,C,Raleigh-Cary  NC ,1213,1213,230877,1,2,181,1,4,412,0,0,0,1212,1212,230752,1,2,181,1,4,412,0,0,0
200706,456,39900,C,Reno-Sparks  NV ,177,177,33202,0,0,0,0,0,0,0,0,0,177,177,33202,0,0,0,0,0,0,0,0,0
200706,464,40380, ,Rochester  NY ,105,105,20604,0,0,0,1,4,205,0,0,0,62,62,13710,0,0,0,1,4,205,0,0,0
200706,466,40420, ,Rockford  IL ,144,144,17551,5,10,1364,2,8,876,0,0,0,121,121,13579,4,8,1159,2,8,876,0,0,0
200706,472,40900,C,Sacramento--Arden-Arcade--Roseville  CA ,669,669,155405,1,2,166,4,12,1588,16,172,18112,662,662,153552,1,2,166,4,12,1588,15,167,17754
200706,472,49700, ,Yuba City  CA ,60,60,11434,0,0,0,0,0,0,0,0,0,60,60,11434,0,0,0,0,0,0,0,0,0
200706,474,13020, ,Bay City  MI ,4,4,1101,0,0,0,0,0,0,0,0,0,4,4,1101,0,0,0,0,0,0,0,0,0
200706,474,40980, ,Saginaw-Saginaw Township North  MI ,10,10,1673,0,0,0,0,0,0,0,0,0,8,8,1214,0,0,0,0,0,0,0,0,0
200706,476,41180,C,St. Louis  MO-IL ,866,866,167312,9,18,1849,6,22,2144,6,80,6617,713,713,133521,5,10,1110,6,22,2144,5,73,6191
200706,480,41540, ,Salisbury  MD ,34,34,4938,0,0,0,0,0,0,1,18,2467,20,20,3578,0,0,0,0,0,0,0,0,0
200706,482,36260, ,Ogden-Clearfield  UT ,296,296,56640,1,2,160,2,8,525,1,5,485,274,274,53009,1,2,160,2,8,525,1,5,485
200706,482,41620,C,Salt Lake City  UT ,414,414,91289,5,10,1178,3,11,1194,6,59,6949,333,333,76518,3,6,760,2,8,1070,3,30,3113
200706,488,34900, ,Napa  CA ,28,28,7451,0,0,0,0,0,0,0,0,0,28,28,7451,0,0,0,0,0,0,0,0,0
200706,488,41860,C,San Francisco-Oakland-Fremont  CA ,438,438,147531,3,6,937,1,4,600,12,223,27210,368,368,124157,2,4,650,1,4,600,4,154,18928
200706,488,41940,C,San Jose-Sunnyvale-Santa Clara  CA ,190,190,61932,6,12,1578,0,0,0,23,319,58156,183,183,59684,6,12,1578,0,0,0,22,276,50423
200706,488,42100, ,Santa Cruz-Watsonville  CA ,14,14,3440,0,0,0,0,0,0,1,70,19970,14,14,3440,0,0,0,0,0,0,1,70,19970
200706,488,42220, ,Santa Rosa-Petaluma  CA ,85,85,21690,1,2,252,0,0,0,0,0,0,49,49,10642,0,0,0,0,0,0,0,0,0
200706,488,46700, ,Vallejo-Fairfield  CA ,109,109,27680,0,0,0,0,0,0,0,0,0,107,107,27017,0,0,0,0,0,0,0,0,0
200706,492,42140,C,Santa Fe  NM ,29,29,3872,0,0,0,0,0,0,0,0,0,0,0,0,0,0,0,0,0,0,0,0,0
200706,494,39460,C,Punta Gorda  FL ,81,81,17650,0,0,0,1,4,650,1,6,991,81,81,17650,0,0,0,1,4,650,1,6,991
200706,494,42260,C,Sarasota-Bradenton-Venice  FL ,211,211,44484,2,4,400,0,0,0,0,0,0,211,211,44484,2,4,400,0,0,0,0,0,0
200706,496,25980, ,Hinesville-Fort Stewart  GA ,7,7,1339,0,0,0,0,0,0,0,0,0,7,7,1339,0,0,0,0,0,0,0,0,0
200706,496,42340, ,Savannah  GA ,233,233,34847,0,0,0,0,0,0,2,17,973,165,165,21911,0,0,0,0,0,0,1,12,630
200706,500,14740, ,Bremerton-Silverdale  WA ,81,81,17801,0,0,0,0,0,0,0,0,0,81,81,17801,0,0,0,0,0,0,0,0,0
200706,500,34580, ,Mount Vernon-Anacortes  WA ,64,64,14265,0,0,0,0,0,0,0,0,0,36,36,9002,0,0,0,0,0,0,0,0,0
200706,500,36500, ,Olympia  WA ,149,149,28522,1,2,167,5,15,1220,3,27,1902,6,6,1535,0,0,0,0,0,0,0,0,0
200706,500,42660,C,Seattle-Tacoma-Bellevue  WA ,1255,1255,289235,49,98,11313,26,90,10295,25,535,92497,1136,1136,265276,44,88,10364,25,87,10037,17,472,86584
200706,508,43340, ,Shreveport-Bossier City  LA ,98,98,17768,0,0,0,0,0,0,0,0,0,73,73,12985,0,0,0,0,0,0,0,0,0
200706,512,43580, ,Sioux City  IA-NE-SD ,13,13,2423,0,0,0,0,0,0,0,0,0,8,8,1525,0,0,0,0,0,0,0,0,0
200706,515,21140, ,Elkhart-Goshen  IN ,55,55,9246,0,0,0,0,0,0,0,0,0,50,50,8333,0,0,0,0,0,0,0,0,0
200706,515,43780, ,South Bend-Mishawaka  IN-MI ,60,60,13191,0,0,0,0,0,0,0,0,0,60,60,13191,0,0,0,0,0,0,0,0,0
200706,532,45060, ,Syracuse  NY ,80,80,12687,0,0,0,1,4,362,0,0,0,75,75,11563,0,0,0,1,4,362,0,0,0
200706,534,45780, ,Toledo  OH ,96,96,13415,4,8,682,0,0,0,7,185,7450,75,75,8879,4,8,682,0,0,0,6,180,7200
200706,538,46140,C,Tulsa  OK ,396,396,64993,0,0,0,0,0,0,0,0,0,391,391,64599,0,0,0,0,0,0,0,0,0
200706,540,46340, ,Tyler  TX ,25,25,4466,0,0,0,0,0,0,1,7,323,0,0,0,0,0,0,0,0,0,0,0,0
200706,548,12580,C,Baltimore-Towson  MD ,553,553,96459,0,0,0,3,10,1030,6,75,7207,526,526,91671,0,0,0,3,10,1030,4,46,4564
200706,548,47900,C,Washington-Arlington-Alexandria  DC-VA-MD-WV ,1562,1562,295264,1,2,304,0,0,0,8,375,32699,1427,1427,266729,0,0,0,0,0,0,6,363,32034
200706,548,49020, ,Winchester  VA-WV ,67,67,11501,0,0,0,0,0,0,2,24,1150,67,67,11501,0,0,0,0,0,0,2,24,1150
200706,554,48140, ,Wausau  WI ,27,27,4328,1,2,240,0,0,0,5,50,2487,22,22,3395,1,2,240,0,0,0,5,50,2487
200706,556,48620, ,Wichita  KS ,138,138,28217,1,2,145,0,0,0,0,0,0,127,127,27074,1,2,145,0,0,0,0,0,0
200706,558,48700, ,Williamsport  PA ,5,5,811,0,0,0,0,0,0,0,0,0,5,5,811,0,0,0,0,0,0,0,0,0
200706,564,49620, ,York-Hanover  PA ,151,151,26220,0,0,0,0,0,0,1,5,574,118,118,20935,0,0,0,0,0,0,0,0,0
200706,566,49660, ,Youngstown-Warren-Boardman  OH-PA ,51,51,9882,4,8,800,2,6,310,0,0,0,46,46,9086,3,6,700,1,3,250,0,0,0
200706,999,10180, ,Abilene  TX ,21,21,3359,1,2,160,0,0,0,0,0,0,21,21,3359,1,2,160,0,0,0,0,0,0
200706,999,10500, ,Albany  GA ,32,32,3731,1,2,150,1,4,217,0,0,0,3,3,422,0,0,0,0,0,0,0,0,0
200706,999,10740,C,Albuquerque  NM ,546,546,99641,2,4,500,0,0,0,0,0,0,392,392,69374,2,4,500,0,0,0,0,0,0
200706,999,10780, ,Alexandria  LA ,45,45,5652,0,0,0,0,0,0,0,0,0,15,15,1733,0,0,0,0,0,0,0,0,0
200706,999,10900,C,Allentown-Bethlehem-Easton  PA-NJ ,310,310,49689,2,4,342,1,4,469,3,55,5956,194,194,32132,0,0,0,1,4,469,2,50,5600
200706,999,11020, ,Altoona  PA ,4,4,545,0,0,0,0,0,0,0,0,0,3,3,484,0,0,0,0,0,0,0,0,0
200706,999,11100, ,Amarillo  TX ,50,50,11409,0,0,0,0,0,0,0,0,0,50,50,11409,0,0,0,0,0,0,0,0,0
200706,999,11260,C,Anchorage  AK ,43,43,14756,2,4,614,0,0,0,4,27,3301,40,40,14426,2,4,614,0,0,0,4,27,3301
200706,999,11500, ,Anniston-Oxford  AL ,14,14,2093,0,0,0,0,0,0,2,14,300,14,14,2093,0,0,0,0,0,0,2,14,300
200706,999,12020, ,Athens-Clarke County  GA ,64,64,14094,0,0,0,0,0,0,0,0,0,64,64,14094,0,0,0,0,0,0,0,0,0
200706,999,12100,C,Atlantic City  NJ ,101,101,14577,0,0,0,0,0,0,1,21,532,80,80,8844,0,0,0,0,0,0,0,0,0
200706,999,12260, ,Augusta-Richmond County  GA-SC ,177,177,30262,0,0,0,0,0,0,0,0,0,113,113,20614,0,0,0,0,0,0,0,0,0
200706,999,12420,C,Austin-Round Rock  TX ,1145,1145,192456,3,6,544,1,3,309,3,46,3164,1020,1020,176145,3,6,544,1,3,309,0,0,0
200706,999,12540, ,Bakersfield  CA ,340,340,51080,11,22,1501,13,51,3402,0,0,0,105,105,14665,9,18,1191,3,11,658,0,0,0
200706,999,12620, ,Bangor  ME ,29,29,6124,0,0,0,0,0,0,3,19,480,24,24,5237,0,0,0,0,0,0,3,19,480
200706,999,12700, ,Barnstable Town  MA ,48,48,13433,0,0,0,0,0,0,1,5,683,23,23,7333,0,0,0,0,0,0,0,0,0
200706,999,12980, ,Battle Creek  MI ,8,8,1359,0,0,0,0,0,0,1,45,1427,5,5,911,0,0,0,0,0,0,1,45,1427
200706,999,13140, ,Beaumont-Port Arthur  TX ,75,75,11215,0,0,0,0,0,0,0,0,0,75,75,11215,0,0,0,0,0,0,0,0,0
200706,999,13380, ,Bellingham  WA ,79,79,13771,0,0,0,2,7,1042,2,12,1519,79,79,13771,0,0,0,2,7,1042,2,12,1519
200706,999,13740, ,Billings  MT ,61,61,7915,0,0,0,0,0,0,0,0,0,61,61,7915,0,0,0,0,0,0,0,0,0
200706,999,13780, ,Binghamton  NY ,4,4,594,0,0,0,0,0,0,0,0,0,4,4,594,0,0,0,0,0,0,0,0,0
200706,999,13900, ,Bismarck  ND ,65,65,12677,0,0,0,2,8,1057,0,0,0,65,65,12677,0,0,0,2,8,1057,0,0,0
200706,999,14020, ,Bloomington  IN ,53,53,8100,0,0,0,1,4,259,0,0,0,53,53,8100,0,0,0,1,4,259,0,0,0
200706,999,14060, ,Bloomington-Normal  IL ,38,38,4653,0,0,0,0,0,0,1,8,277,18,18,1619,0,0,0,0,0,0,0,0,0
200706,999,14260,C,Boise City-Nampa  ID ,372,372,80642,5,10,860,17,68,4715,0,0,0,232,232,50153,5,10,860,16,64,4250,0,0,0
200706,999,14540, ,Bowling Green  KY ,77,77,11362,2,4,362,0,0,0,0,0,0,77,77,11362,2,4,362,0,0,0,0,0,0
200706,999,15260, ,Brunswick  GA ,97,97,30859,0,0,0,0,0,0,0,0,0,97,97,30859,0,0,0,0,0,0,0,0,0
200706,999,15540, ,Burlington-South Burlington  VT ,42,42,8590,1,2,94,0,0,0,1,11,957,19,19,3780,0,0,0,0,0,0,0,0,0
200706,999,15940, ,Canton-Massillon  OH ,57,57,9980,0,0,0,0,0,0,1,5,238,0,0,0,0,0,0,0,0,0,0,0,0
200706,999,15980,C,Cape Coral-Fort Myers  FL ,734,734,161764,4,8,1329,1,4,283,25,340,97199,734,734,161764,4,8,1329,1,4,283,25,340,97199
200706,999,16180,C,Carson City  NV ,2,2,622,0,0,0,1,4,300,0,0,0,2,2,622,0,0,0,1,4,300,0,0,0
200706,999,16220, ,Casper  WY ,26,26,5393,0,0,0,0,0,0,0,0,0,0,0,0,0,0,0,0,0,0,0,0,0
200706,999,16300, ,Cedar Rapids  IA ,90,90,9408,1,2,305,2,7,500,0,0,0,86,86,8704,1,2,305,2,7,500,0,0,0
200706,999,16580, ,Champaign-Urbana  IL ,47,47,6484,0,0,0,2,7,844,0,0,0,47,47,6484,0,0,0,2,7,844,0,0,0
200706,999,16620, ,Charleston  WV ,28,28,4575,0,0,0,0,0,0,0,0,0,22,22,3532,0,0,0,0,0,0,0,0,0
200706,999,16700,C,Charleston-North Charleston  SC ,473,473,84489,0,0,0,0,0,0,5,29,19955,371,371,65150,0,0,0,0,0,0,4,24,19647
200706,999,16820, ,Charlottesville  VA ,46,46,14562,0,0,0,0,0,0,0,0,0,46,46,14562,0,0,0,0,0,0,0,0,0
200706,999,16940, ,Cheyenne  WY ,33,33,5815,0,0,0,0,0,0,0,0,0,0,0,0,0,0,0,0,0,0,0,0,0
200706,999,17020, ,Chico  CA ,87,87,12208,0,0,0,0,0,0,0,0,0,87,87,12208,0,0,0,0,0,0,0,0,0
200706,999,17300, ,Clarksville  TN-KY ,159,159,17895,0,0,0,13,50,2449,5,40,1656,154,154,17544,0,0,0,13,50,2449,5,40,1656
200706,999,17660, ,Coeur dAlene  ID ,88,88,20258,1,2,289,1,3,267,3,25,6815,67,67,16255,1,2,289,0,0,0,1,8,977
200706,999,17780, ,College Station-Bryan  TX ,57,57,9106,0,0,0,0,0,0,1,8,400,57,57,9106,0,0,0,0,0,0,1,8,400
200706,999,17820,C,Colorado Springs  CO ,301,301,57104,1,2,200,7,25,3100,3,109,12184,289,289,53946,1,2,200,7,25,3100,3,109,12184
200706,999,17860, ,Columbia  MO ,65,65,9435,16,32,2795,0,0,0,0,0,0,65,65,9435,16,32,2795,0,0,0,0,0,0
200706,999,19060, ,Cumberland  MD-WV ,13,13,1920,0,0,0,0,0,0,0,0,0,12,12,1783,0,0,0,0,0,0,0,0,0
200706,999,19140, ,Dalton  GA ,53,53,7699,1,2,96,0,0,0,2,12,527,25,25,4264,0,0,0,0,0,0,0,0,0
200706,999,19180, ,Danville  IL ,1,1,75,0,0,0,0,0,0,0,0,0,1,1,75,0,0,0,0,0,0,0,0,0
200706,999,19260, ,Danville  VA ,14,14,1739,0,0,0,0,0,0,1,5,295,0,0,0,0,0,0,0,0,0,0,0,0
200706,999,19340, ,Davenport-Moline-Rock Island  IA-IL ,50,50,8091,0,0,0,0,0,0,0,0,0,50,50,8091,0,0,0,0,0,0,0,0,0
200706,999,19500, ,Decatur  IL ,2,2,390,0,0,0,0,0,0,0,0,0,2,2,390,0,0,0,0,0,0,0,0,0
200706,999,20100,C,Dover  DE ,100,100,14821,0,0,0,0,0,0,2,22,1507,27,27,3034,0,0,0,0,0,0,2,22,1507
200706,999,20220, ,Dubuque  IA ,24,24,4746,0,0,0,1,3,374,0,0,0,13,13,2368,0,0,0,1,3,374,0,0,0
200706,999,20260, ,Duluth  MN-WI ,62,62,8681,0,0,0,0,0,0,1,5,568,26,26,4258,0,0,0,0,0,0,0,0,0
200706,999,20940, ,El Centro  CA ,19,19,2403,0,0,0,0,0,0,0,0,0,19,19,2403,0,0,0,0,0,0,0,0,0
200706,999,21300, ,Elmira  NY ,1,1,208,0,0,0,0,0,0,0,0,0,0,0,0,0,0,0,0,0,0,0,0,0
200706,999,21340, ,El Paso  TX ,255,255,39786,0,0,0,0,0,0,5,101,256,255,255,39786,0,0,0,0,0,0,5,101,256
200706,999,21500, ,Erie  PA ,43,43,7945,1,2,100,3,11,582,1,9,300,43,43,7945,1,2,100,3,11,582,1,9,300
200706,999,21660, ,Eugene-Springfield  OR ,101,101,19493,4,8,956,1,4,400,1,5,500,101,101,19493,4,8,956,1,4,400,1,5,500
200706,999,21780, ,Evansville  IN-KY ,66,66,9893,0,0,0,2,6,156,2,10,417,32,32,5639,0,0,0,0,0,0,0,0,0
200706,999,21820,C,Fairbanks  AK ,4,4,571,0,0,0,0,0,0,0,0,0,0,0,0,0,0,0,0,0,0,0,0,0
200706,999,22140,C,Farmington  NM ,34,34,6686,0,0,0,0,0,0,0,0,0,34,34,6686,0,0,0,0,0,0,0,0,0
200706,999,22180, ,Fayetteville  NC ,147,147,23065,0,0,0,0,0,0,2,36,1726,147,147,23065,0,0,0,0,0,0,2,36,1726
200706,999,22220, ,Fayetteville-Springdale-Rogers  AR-MO ,222,222,34798,1,2,109,4,15,1189,5,77,7762,205,205,33049,0,0,0,3,12,1039,5,77,7762
200706,999,22380, ,Flagstaff  AZ ,40,40,8963,0,0,0,0,0,0,0,0,0,17,17,3840,0,0,0,0,0,0,0,0,0
200706,999,22500, ,Florence  SC ,55,55,7320,0,0,0,0,0,0,0,0,0,0,0,0,0,0,0,0,0,0,0,0,0
200706,999,22520, ,Florence-Muscle Shoals  AL ,15,15,1757,0,0,0,0,0,0,0,0,0,8,8,935,0,0,0,0,0,0,0,0,0
200706,999,22660,C,Fort Collins-Loveland  CO ,108,108,27419,2,4,933,1,3,700,0,0,0,108,108,27419,2,4,933,1,3,700,0,0,0
200706,999,22900, ,Fort Smith  AR-OK ,51,51,6293,12,24,1871,3,12,1236,3,15,1488,46,46,5664,12,24,1871,3,12,1236,3,15,1488
200706,999,23020, ,Fort Walton Beach-Crestview-Destin  FL ,55,55,11780,0,0,0,0,0,0,1,5,286,10,10,3441,0,0,0,0,0,0,0,0,0
200706,999,23460, ,Gadsden  AL ,13,13,1831,0,0,0,0,0,0,0,0,0,6,6,936,0,0,0,0,0,0,0,0,0
200706,999,23540, ,Gainesville  FL ,71,71,9845,0,0,0,0,0,0,2,45,2815,56,56,8082,0,0,0,0,0,0,0,0,0
200706,999,24140, ,Goldsboro  NC ,31,31,4711,0,0,0,0,0,0,0,0,0,31,31,4711,0,0,0,0,0,0,0,0,0
200706,999,24220, ,Grand Forks  ND-MN ,10,10,2405,0,0,0,0,0,0,0,0,0,10,10,2405,0,0,0,0,0,0,0,0,0
200706,999,24300,C,Grand Junction  CO ,118,118,22725,1,2,219,0,0,0,0,0,0,118,118,22725,1,2,219,0,0,0,0,0,0
200706,999,24500, ,Great Falls  MT ,22,22,4084,0,0,0,0,0,0,2,24,900,22,22,4084,0,0,0,0,0,0,2,24,900
200706,999,24540,C,Greeley  CO ,149,149,36400,0,0,0,0,0,0,0,0,0,123,123,32703,0,0,0,0,0,0,0,0,0
200706,999,24580, ,Green Bay  WI ,118,118,9619,3,6,720,0,0,0,2,15,724,102,102,7080,2,4,400,0,0,0,0,0,0
200706,999,24780, ,Greenville  NC ,101,101,16064,7,14,1208,0,0,0,25,332,15602,101,101,16064,7,14,1208,0,0,0,25,332,15602
200706,999,25180, ,Hagerstown-Martinsburg  MD-WV ,141,141,30705,1,2,250,0,0,0,0,0,0,141,141,30705,1,2,250,0,0,0,0,0,0
200706,999,25260, ,Hanford-Corcoran  CA ,28,28,4534,1,2,153,1,4,285,0,0,0,1,1,76,1,2,153,0,0,0,0,0,0
200706,999,25500,C,Harrisonburg  VA ,67,67,12115,0,0,0,0,0,0,4,40,1752,67,67,12115,0,0,0,0,0,0,4,40,1752
200706,999,25620, ,Hattiesburg  MS ,28,28,2005,0,0,0,0,0,0,0,0,0,28,28,2005,0,0,0,0,0,0,0,0,0
200706,999,25860, ,Hickory-Lenoir-Morganton  NC ,143,143,26636,3,6,630,0,0,0,0,0,0,143,143,26636,3,6,630,0,0,0,0,0,0
200706,999,26180,C,Honolulu  HI ,41,41,15893,0,0,0,10,40,5250,12,420,103823,41,41,15893,0,0,0,10,40,5250,12,420,103823
200706,999,26300, ,Hot Springs  AR ,9,9,984,0,0,0,0,0,0,0,0,0,0,0,0,0,0,0,0,0,0,0,0,0
200706,999,26380, ,Houma-Bayou Cane-Thibodaux  LA ,24,24,4971,0,0,0,0,0,0,0,0,0,24,24,4971,0,0,0,0,0,0,0,0,0
200706,999,26580, ,Huntington-Ashland  WV-KY-OH ,8,8,709,0,0,0,0,0,0,1,5,275,0,0,0,0,0,0,0,0,0,0,0,0
200706,999,26980, ,Iowa City  IA ,55,55,10495,0,0,0,0,0,0,0,0,0,53,53,10178,0,0,0,0,0,0,0,0,0
200706,999,27100, ,Jackson  MI ,8,8,1311,0,0,0,0,0,0,0,0,0,5,5,983,0,0,0,0,0,0,0,0,0
200706,999,27260,C,Jacksonville  FL ,648,648,107833,2,4,400,0,0,0,1,12,1191,642,642,106324,2,4,400,0,0,0,1,12,1191
200706,999,27340, ,Jacksonville  NC ,101,101,13349,0,0,0,0,0,0,0,0,0,101,101,13349,0,0,0,0,0,0,0,0,0
200706,999,27500, ,Janesville  WI ,35,35,5623,1,2,240,0,0,0,1,5,179,28,28,4923,1,2,240,0,0,0,0,0,0
200706,999,27620, ,Jefferson City  MO ,21,21,2424,0,0,0,0,0,0,0,0,0,11,11,1011,0,0,0,0,0,0,0,0,0
200706,999,27780, ,Johnstown  PA ,1,1,108,0,0,0,0,0,0,0,0,0,0,0,0,0,0,0,0,0,0,0,0,0
200706,999,27900, ,Joplin  MO ,15,15,1953,1,2,158,0,0,0,1,5,486,0,0,0,0,0,0,0,0,0,0,0,0
200706,999,28020, ,Kalamazoo-Portage  MI ,60,60,40003,0,0,0,0,0,0,1,30,2494,48,48,38476,0,0,0,0,0,0,1,30,2494
200706,999,28420, ,Kennewick-Richland-Pasco  WA ,123,123,26461,0,0,0,0,0,0,0,0,0,29,29,6934,0,0,0,0,0,0,0,0,0
200706,999,28660, ,Killeen-Temple-Fort Hood  TX ,223,223,29625,16,32,1996,4,16,709,0,0,0,223,223,29625,16,32,1996,4,16,709,0,0,0
200706,999,29100, ,La Crosse  WI-MN ,25,25,5691,0,0,0,0,0,0,0,0,0,25,25,5691,0,0,0,0,0,0,0,0,0
200706,999,29420, ,Lake Havasu City-Kingman  AZ ,73,73,12712,1,2,230,0,0,0,0,0,0,73,73,12712,1,2,230,0,0,0,0,0,0
200706,999,29460,C,Lakeland  FL ,359,359,59259,0,0,0,0,0,0,5,29,1917,269,269,44693,0,0,0,0,0,0,0,0,0
200706,999,29540, ,Lancaster  PA ,65,65,11011,0,0,0,0,0,0,3,42,2700,54,54,9754,0,0,0,0,0,0,3,42,2700
200706,999,29700,C,Laredo  TX ,128,128,13447,0,0,0,2,6,298,2,18,866,0,0,0,0,0,0,0,0,0,0,0,0
200706,999,29740,C,Las Cruces  NM ,140,140,24896,4,8,600,0,0,0,0,0,0,140,140,24896,4,8,600,0,0,0,0,0,0
200706,999,29940, ,Lawrence  KS ,22,22,4945,0,0,0,0,0,0,0,0,0,16,16,3658,0,0,0,0,0,0,0,0,0
200706,999,30020, ,Lawton  OK ,7,7,1250,0,0,0,0,0,0,7,216,5350,7,7,1250,0,0,0,0,0,0,7,216,5350
200706,999,30300, ,Lewiston  ID-WA ,5,5,1344,3,6,955,0,0,0,0,0,0,5,5,1344,3,6,955,0,0,0,0,0,0
200706,999,30700, ,Lincoln  NE ,96,96,17334,0,0,0,5,20,925,4,44,2763,96,96,17334,0,0,0,5,20,925,4,44,2763
200706,999,30860, ,Logan  UT-ID ,64,64,9107,0,0,0,4,15,1541,1,5,417,54,54,7311,0,0,0,3,12,1291,0,0,0
200706,999,31020, ,Longview  WA ,33,33,7180,0,0,0,0,0,0,1,5,769,0,0,0,0,0,0,0,0,0,0,0,0
200706,999,31340, ,Lynchburg  VA ,79,79,18518,0,0,0,0,0,0,0,0,0,79,79,18518,0,0,0,0,0,0,0,0,0
200706,999,32580,C,McAllen-Edinburg-Mission  TX ,412,412,59251,7,14,1269,14,54,5563,3,96,9169,382,382,57533,7,14,1269,14,54,5563,2,91,9029
200706,999,32780, ,Medford  OR ,100,100,21014,3,6,612,1,3,350,1,8,569,58,58,12892,0,0,0,0,0,0,0,0,0
200706,999,32820,C,Memphis  TN-MS-AR ,549,549,93514,0,0,0,0,0,0,0,0,0,515,515,88761,0,0,0,0,0,0,0,0,0
200706,999,32900, ,Merced  CA ,75,75,13394,0,0,0,0,0,0,0,0,0,74,74,13218,0,0,0,0,0,0,0,0,0
200706,999,33100,C,Miami-Fort Lauderdale-Miami Beach  FL ,720,720,148507,33,66,7552,11,41,4329,37,784,109803,604,604,122530,31,62,6374,10,38,4021,24,558,49485
200706,999,33540,C,Missoula  MT ,66,66,9704,0,0,0,2,8,234,0,0,0,66,66,9704,0,0,0,2,8,234,0,0,0
200706,999,33700, ,Modesto  CA ,138,138,29141,5,10,974,0,0,0,11,240,23291,138,138,29141,5,10,974,0,0,0,11,240,23291
200706,999,34060, ,Morgantown  WV ,1,1,60,0,0,0,0,0,0,0,0,0,1,1,60,0,0,0,0,0,0,0,0,0
200706,999,34620, ,Muncie  IN ,12,12,1700,0,0,0,0,0,0,0,0,0,12,12,1700,0,0,0,0,0,0,0,0,0
200706,999,34940,C,Naples-Marco Island  FL ,127,127,38067,0,0,0,3,11,1968,8,58,10493,127,127,38067,0,0,0,3,11,1968,8,58,10493
200706,999,35660, ,Niles-Benton Harbor  MI ,7,7,1844,0,0,0,0,0,0,1,5,288,5,5,1364,0,0,0,0,0,0,0,0,0
200706,999,35980, ,Norwich-New London  CT ,47,47,9993,0,0,0,0,0,0,1,6,516,39,39,8378,0,0,0,0,0,0,1,6,516
200706,999,36100,C,Ocala  FL ,250,250,39121,1,2,85,0,0,0,0,0,0,245,245,38212,0,0,0,0,0,0,0,0,0
200706,999,36140,C,Ocean City  NJ ,75,75,12930,8,16,3070,3,10,1717,2,26,3397,61,61,10550,7,14,2654,1,3,668,0,0,0
200706,999,36980, ,Owensboro  KY ,27,27,2521,0,0,0,1,4,207,0,0,0,27,27,2521,0,0,0,1,4,207,0,0,0
200706,999,37340,C,Palm Bay-Melbourne-Titusville  FL ,258,258,51135,0,0,0,0,0,0,0,0,0,256,256,50549,0,0,0,0,0,0,0,0,0
200706,999,37460, ,Panama City-Lynn Haven  FL ,50,50,5849,0,0,0,3,10,1949,2,105,12661,47,47,5128,0,0,0,2,6,320,0,0,0
200706,999,37620, ,Parkersburg-Marietta-Vienna  WV-OH ,18,18,1658,2,4,85,0,0,0,0,0,0,18,18,1658,2,4,85,0,0,0,0,0,0
200706,999,37860,C,Pensacola-Ferry Pass-Brent  FL ,160,160,26536,3,6,544,0,0,0,1,9,893,160,160,26536,3,6,544,0,0,0,1,9,893
200706,999,38060,C,Phoenix-Mesa-Scottsdale  AZ ,2772,2772,518898,30,60,7562,29,99,11030,104,1164,129877,2619,2619,486245,30,60,7562,29,99,11030,102,1154,128896
200706,999,38340, ,Pittsfield  MA ,2,2,427,0,0,0,0,0,0,0,0,0,1,1,237,0,0,0,0,0,0,0,0,0
200706,999,38540, ,Pocatello  ID ,20,20,3778,0,0,0,0,0,0,0,0,0,20,20,3778,0,0,0,0,0,0,0,0,0
200706,999,38900,C,Portland-Vancouver-Beaverton  OR-WA ,782,782,165594,2,4,449,3,10,1049,6,63,7373,613,613,130614,1,2,233,1,4,442,4,48,5921
200706,999,39140, ,Prescott  AZ ,138,138,28060,1,2,231,0,0,0,0,0,0,84,84,17919,0,0,0,0,0,0,0,0,0
200706,999,39300, ,Providence-New Bedford-Fall River  RI-MA ,197,197,33306,5,10,648,5,17,1089,0,0,0,133,133,23945,5,10,648,3,10,516,0,0,0
200706,999,39340, ,Provo-Orem  UT ,454,454,101757,2,4,609,2,6,683,4,33,3394,425,425,93567,2,4,609,0,0,0,1,12,1428
200706,999,39380,C,Pueblo  CO ,73,73,12795,0,0,0,0,0,0,0,0,0,73,73,12795,0,0,0,0,0,0,0,0,0
200706,999,39660, ,Rapid City  SD ,52,52,9252,0,0,0,0,0,0,0,0,0,52,52,9252,0,0,0,0,0,0,0,0,0
200706,999,39740, ,Reading  PA ,52,52,11989,1,2,246,0,0,0,0,0,0,39,39,9729,0,0,0,0,0,0,0,0,0
200706,999,39820, ,Redding  CA ,50,50,8365,1,2,196,5,18,1617,0,0,0,27,27,4081,0,0,0,3,11,966,0,0,0
200706,999,40060,C,Richmond  VA ,552,552,97645,0,0,0,5,19,1957,3,16,1587,536,536,95570,0,0,0,5,19,1957,3,16,1587
200706,999,40220, ,Roanoke  VA ,84,84,17257,0,0,0,1,4,100,0,0,0,84,84,17257,0,0,0,1,4,100,0,0,0
200706,999,40340, ,Rochester  MN ,67,67,13511,0,0,0,0,0,0,1,32,5343,62,62,12774,0,0,0,0,0,0,1,32,5343
200706,999,40580, ,Rocky Mount  NC ,54,54,6583,10,20,1172,0,0,0,0,0,0,38,38,5301,10,20,1172,0,0,0,0,0,0
200706,999,40660, ,Rome  GA ,20,20,3287,1,2,200,0,0,0,0,0,0,20,20,3287,1,2,200,0,0,0,0,0,0
200706,999,41100, ,St. George  UT ,175,175,31955,0,0,0,0,0,0,1,5,429,161,161,28785,0,0,0,0,0,0,1,5,429
200706,999,41140, ,St. Joseph  MO-KS ,8,8,1288,1,2,234,0,0,0,0,0,0,0,0,0,0,0,0,0,0,0,0,0,0
200706,999,41420, ,Salem  OR ,117,117,25560,1,2,140,0,0,0,17,151,10557,97,97,21973,1,2,140,0,0,0,15,137,9370
200706,999,41500, ,Salinas  CA ,56,56,24652,0,0,0,0,0,0,1,81,8743,51,51,23537,0,0,0,0,0,0,1,81,8743
200706,999,41660,C,San Angelo  TX ,23,23,3854,0,0,0,0,0,0,0,0,0,23,23,3854,0,0,0,0,0,0,0,0,0
200706,999,41700,C,San Antonio  TX ,757,757,139286,0,0,0,0,0,0,6,95,9223,676,676,127161,0,0,0,0,0,0,4,79,8656
200706,999,41740,C,San Diego-Carlsbad-San Marcos  CA ,432,432,118856,10,20,2327,2,6,621,7,208,25465,426,426,117928,10,20,2327,2,6,621,7,208,25465
200706,999,41780, ,Sandusky  OH ,0,0,0,0,0,0,0,0,0,0,0,0,0,0,0,0,0,0,0,0,0,0,0,0
200706,999,42020, ,San Luis Obispo-Paso Robles  CA ,85,85,18186,1,2,133,0,0,0,6,30,2524,85,85,18186,1,2,133,0,0,0,6,30,2524
200706,999,42060, ,Santa Barbara-Santa Maria  CA ,34,34,12293,0,0,0,0,0,0,1,5,488,34,34,12293,0,0,0,0,0,0,0,0,0
200706,999,42540, ,Scranton--Wilkes-Barre  PA ,20,20,3199,0,0,0,1,3,359,0,0,0,5,5,847,0,0,0,0,0,0,0,0,0
200706,999,43100, ,Sheboygan  WI ,9,9,2007,2,4,299,0,0,0,0,0,0,6,6,1299,1,2,268,0,0,0,0,0,0
200706,999,43300, ,Sherman-Denison  TX ,1,1,209,0,0,0,0,0,0,0,0,0,0,0,0,0,0,0,0,0,0,0,0,0
200706,999,43620, ,Sioux Falls  SD ,103,103,14858,7,14,1554,3,12,927,0,0,0,101,101,14324,7,14,1554,3,12,927,0,0,0
200706,999,44060, ,Spokane  WA ,139,139,22832,0,0,0,0,0,0,2,18,1169,47,47,9573,0,0,0,0,0,0,0,0,0
200706,999,44100, ,Springfield  IL ,18,18,3445,2,4,388,0,0,0,1,5,270,2,2,360,0,0,0,0,0,0,0,0,0
200706,999,44140, ,Springfield  MA ,44,44,8509,1,2,130,0,0,0,0,0,0,34,34,6558,1,2,130,0,0,0,0,0,0
200706,999,44180, ,Springfield  MO ,149,149,28435,11,22,2146,1,4,504,5,78,3185,80,80,17884,10,20,1960,0,0,0,0,0,0
200706,999,44300, ,State College  PA ,30,30,5929,0,0,0,0,0,0,0,0,0,1,1,160,0,0,0,0,0,0,0,0,0
200706,999,44700,C,Stockton  CA ,208,208,49919,0,0,0,0,0,0,0,0,0,136,136,32096,0,0,0,0,0,0,0,0,0
200706,999,44940,C,Sumter  SC ,56,56,6733,0,0,0,0,0,0,0,0,0,56,56,6733,0,0,0,0,0,0,0,0,0
200706,999,45220, ,Tallahassee  FL ,142,142,24348,1,2,174,0,0,0,4,41,2739,49,49,7955,0,0,0,0,0,0,0,0,0
200706,999,45300,C,Tampa-St. Petersburg-Clearwater  FL ,762,762,149448,6,12,1708,7,23,2409,17,274,27752,756,756,147766,6,12,1708,7,23,2409,13,243,23987
200706,999,45460, ,Terre Haute  IN ,16,16,2169,1,2,121,0,0,0,1,7,276,11,11,1681,0,0,0,0,0,0,0,0,0
200706,999,45500, ,Texarkana  TX-Texarkana  AR ,27,27,1582,0,0,0,0,0,0,4,129,6808,27,27,1582,0,0,0,0,0,0,4,129,6808
200706,999,45820, ,Topeka  KS ,49,49,8946,0,0,0,6,24,1800,3,20,1200,44,44,8884,0,0,0,6,24,1800,3,20,1200
200706,999,46060,C,Tucson  AZ ,592,592,107365,4,8,694,3,10,719,1,9,635,198,198,35191,0,0,0,0,0,0,0,0,0
200706,999,46220, ,Tuscaloosa  AL ,73,73,12587,0,0,0,0,0,0,6,110,6082,35,35,5862,0,0,0,0,0,0,0,0,0
200706,999,46540, ,Utica-Rome  NY ,3,3,416,0,0,0,0,0,0,0,0,0,0,0,0,0,0,0,0,0,0,0,0,0
200706,999,46660, ,Valdosta  GA ,74,74,8714,1,2,172,0,0,0,1,13,844,2,2,260,0,0,0,0,0,0,0,0,0
200706,999,47020, ,Victoria  TX ,9,9,1275,0,0,0,0,0,0,0,0,0,0,0,0,0,0,0,0,0,0,0,0,0
200706,999,47260,C,Virginia Beach-Norfolk-Newport News  VA-NC ,405,405,72861,11,22,1993,6,19,1957,2,24,2302,389,389,70175,11,22,1993,6,19,1957,1,12,1191
200706,999,47300, ,Visalia-Porterville  CA ,160,160,32281,0,0,0,0,0,0,0,0,0,160,160,32281,0,0,0,0,0,0,0,0,0
200706,999,47380, ,Waco  TX ,48,48,7099,1,2,180,2,8,820,0,0,0,48,48,7099,1,2,180,2,8,820,0,0,0
200706,999,47940, ,Waterloo-Cedar Falls  IA ,27,27,6374,0,0,0,0,0,0,0,0,0,27,27,6374,0,0,0,0,0,0,0,0,0
200706,999,48260, ,Weirton-Steubenville  WV-OH ,1,1,149,0,0,0,0,0,0,0,0,0,1,1,149,0,0,0,0,0,0,0,0,0
200706,999,48300, ,Wenatchee  WA ,59,59,10695,0,0,0,0,0,0,0,0,0,32,32,6419,0,0,0,0,0,0,0,0,0
200706,999,48540, ,Wheeling  WV-OH ,0,0,0,0,0,0,0,0,0,0,0,0,0,0,0,0,0,0,0,0,0,0,0,0
200706,999,48660, ,Wichita Falls  TX ,9,9,2008,0,0,0,0,0,0,0,0,0,9,9,2008,0,0,0,0,0,0,0,0,0
200706,999,48900,C,Wilmington  NC ,494,494,101476,15,30,2801,0,0,0,1,14,2250,278,278,67603,15,30,2801,0,0,0,1,14,2250
200706,999,49420, ,Yakima  WA ,47,47,10985,0,0,0,0,0,0,0,0,0,47,47,10985,0,0,0,0,0,0,0,0,0
200706,999,49740, ,Yuma  AZ ,74,74,11773,0,0,0,0,0,0,0,0,0,74,74,11773,0,0,0,0,0,0,0,0,0
