Survey,CSA,CBSA,MONCOV,CBSA,,1-unit,,,2-units,,,3-4 units,,,5+ units,,,1-unit rep,,,2-units rep,,,3-4 units rep,,,5+ units rep
Date,Code,Code,,Name,Bldgs,Units,Value,Bldgs,Units,Value,Bldgs,Units,Value,Bldgs,Units,Value,Bldgs,Units,Value,Bldgs,Units,Value,      Bldgs,Units,Value,Bldgs,Units,Value
 
200702,102,18700, ,Corvallis  OR ,9,9,1839,0,0,0,0,0,0,0,0,0,9,9,1839,0,0,0,0,0,0,0,0,0
200702,104,10580, ,Albany-Schenectady-Troy  NY ,43,43,10689,0,0,0,0,0,0,0,0,0,27,27,8139,0,0,0,0,0,0,0,0,0
200702,104,24020, ,Glens Falls  NY ,9,9,1281,0,0,0,0,0,0,0,0,0,3,3,585,0,0,0,0,0,0,0,0,0
200702,112,11180, ,Ames  IA ,4,4,956,0,0,0,0,0,0,0,0,0,4,4,956,0,0,0,0,0,0,0,0,0
200702,118,11540, ,Appleton  WI ,38,38,7556,0,0,0,0,0,0,0,0,0,37,37,7359,0,0,0,0,0,0,0,0,0
200702,118,36780, ,Oshkosh-Neenah  WI ,20,20,3361,1,2,205,0,0,0,0,0,0,20,20,3361,1,2,205,0,0,0,0,0,0
200702,120,11700, ,Asheville  NC ,257,257,54574,1,2,152,8,24,2028,1,17,711,216,216,47335,0,0,0,8,24,2028,0,0,0
200702,122,12060,C,Atlanta-Sandy Springs-Marietta  GA ,3108,3108,496693,7,14,1257,14,51,5580,21,791,83104,2934,2934,476066,7,14,1257,13,48,5460,20,786,82885
200702,122,23580, ,Gainesville  GA ,168,168,30368,0,0,0,0,0,0,0,0,0,168,168,30368,0,0,0,0,0,0,0,0,0
200702,132,12940, ,Baton Rouge  LA ,284,284,27634,0,0,0,0,0,0,3,45,3827,186,186,18122,0,0,0,0,0,0,0,0,0
200702,140,13460,C,Bend  OR ,172,172,34636,0,0,0,1,3,239,0,0,0,135,135,29124,0,0,0,0,0,0,0,0,0
200702,142,13820,C,Birmingham-Hoover  AL ,439,439,76670,0,0,0,0,0,0,0,0,0,376,376,66170,0,0,0,0,0,0,0,0,0
200702,148,14460,C,Boston-Cambridge-Quincy  MA-NH ,236,236,55651,13,26,2837,1,3,295,18,234,20248,122,122,33764,8,16,1859,0,0,0,6,122,10247
200702,148,31700, ,Manchester-Nashua  NH ,26,26,4878,1,2,192,0,0,0,1,7,631,17,17,3430,0,0,0,0,0,0,0,0,0
200702,148,49340, ,Worcester  MA ,50,50,9054,0,0,0,0,0,0,0,0,0,31,31,5860,0,0,0,0,0,0,0,0,0
200702,154,15180, ,Brownsville-Harlingen  TX ,143,143,13451,1,2,70,4,15,1054,0,0,0,140,140,13077,1,2,70,3,12,852,0,0,0
200702,160,15380, ,Buffalo-Niagara Falls  NY ,62,62,14721,0,0,0,0,0,0,0,0,0,62,62,14721,0,0,0,0,0,0,0,0,0
200702,172,16740,C,Charlotte-Gastonia-Concord  NC-SC ,1337,1337,233805,0,0,0,1,4,408,12,264,26167,1232,1232,215697,0,0,0,0,0,0,11,257,25415
200702,174,16860, ,Chattanooga  TN-GA ,151,151,21271,2,4,179,0,0,0,1,6,262,114,114,16139,0,0,0,0,0,0,0,0,0
200702,174,17420, ,Cleveland  TN ,32,32,4916,2,4,218,1,3,250,1,5,444,32,32,4916,2,4,218,1,3,250,1,5,444
200702,176,16980,C,Chicago-Naperville-Joliet  IL-IN-WI ,1100,1100,243393,12,24,2960,23,72,6328,30,1638,145601,974,974,216684,11,22,2767,22,69,6091,20,1554,137076
200702,176,28100, ,Kankakee-Bradley  IL ,0,0,0,0,0,0,0,0,0,0,0,0,0,0,0,0,0,0,0,0,0,0,0,0
200702,176,33140, ,Michigan City-La Porte  IN ,18,18,3212,0,0,0,0,0,0,0,0,0,18,18,3212,0,0,0,0,0,0,0,0,0
200702,178,17140,C,Cincinnati-Middletown  OH-KY-IN ,364,364,67040,1,2,230,2,7,1359,5,38,3353,311,311,57320,1,2,230,1,4,800,2,10,1989
200702,184,10420, ,Akron  OH ,50,50,9650,0,0,0,0,0,0,1,11,388,41,41,8753,0,0,0,0,0,0,0,0,0
200702,184,17460,C,Cleveland-Elyria-Mentor  OH ,206,206,49311,1,2,275,2,6,530,1,5,395,162,162,41729,1,2,275,0,0,0,0,0,0
200702,192,17900,C,Columbia  SC ,473,473,61829,1,2,108,0,0,0,2,44,2484,313,313,43368,0,0,0,0,0,0,0,0,0
200702,194,12220,C,Auburn-Opelika  AL ,119,119,19863,6,12,1213,0,0,0,1,10,1209,119,119,19863,6,12,1213,0,0,0,1,10,1209
200702,194,17980, ,Columbus  GA-AL ,97,97,13691,1,2,128,1,3,137,2,25,1761,53,53,9013,1,2,128,0,0,0,0,0,0
200702,198,18140,C,Columbus  OH ,345,345,73936,0,0,0,8,32,2809,18,136,12115,314,314,68893,0,0,0,8,32,2809,18,136,12115
200702,204,18580, ,Corpus Christi  TX ,101,101,12821,4,8,580,1,3,70,1,22,875,22,22,2992,2,4,340,0,0,0,0,0,0
200702,206,19100,C,Dallas-Fort Worth-Arlington  TX ,2204,2204,424178,17,34,2775,2,8,727,30,746,74457,2066,2066,393092,17,34,2775,2,8,727,29,720,72314
200702,212,19380, ,Dayton  OH ,64,64,14080,1,2,125,0,0,0,2,24,1794,61,61,13683,0,0,0,0,0,0,2,24,1794
200702,212,44220, ,Springfield  OH ,6,6,1160,0,0,0,0,0,0,0,0,0,6,6,1160,0,0,0,0,0,0,0,0,0
200702,216,14500, ,Boulder  CO ,31,31,7228,0,0,0,0,0,0,1,6,435,5,5,1791,0,0,0,0,0,0,0,0,0
200702,216,19740,C,Denver-Aurora  CO ,633,633,139406,2,4,572,7,21,2798,14,672,61862,599,599,132671,2,4,572,7,21,2798,13,667,61342
200702,218,19780,C,Des Moines-West Des Moines  IA ,112,112,19804,0,0,0,0,0,0,1,8,842,107,107,18940,0,0,0,0,0,0,1,8,842
200702,220,11460, ,Ann Arbor  MI ,20,20,3514,0,0,0,0,0,0,1,5,302,11,11,2413,0,0,0,0,0,0,0,0,0
200702,220,19820,C,Detroit-Warren-Livonia  MI ,316,316,60734,2,4,363,1,3,233,4,37,3830,280,280,54007,1,2,218,0,0,0,3,30,3337
200702,220,22420, ,Flint  MI ,28,28,6524,0,0,0,0,0,0,0,0,0,26,26,6159,0,0,0,0,0,0,0,0,0
200702,220,33780, ,Monroe  MI ,10,10,1784,0,0,0,0,0,0,0,0,0,8,8,1423,0,0,0,0,0,0,0,0,0
200702,222,20020, ,Dothan  AL ,30,30,2299,0,0,0,0,0,0,0,0,0,30,30,2299,0,0,0,0,0,0,0,0,0
200702,232,20740, ,Eau Claire  WI ,12,12,1746,2,4,287,0,0,0,0,0,0,12,12,1746,1,2,150,0,0,0,0,0,0
200702,244,22020, ,Fargo  ND-MN ,8,8,1405,0,0,0,0,0,0,0,0,0,8,8,1405,0,0,0,0,0,0,0,0,0
200702,252,22540, ,Fond du Lac  WI ,4,4,835,0,0,0,0,0,0,0,0,0,4,4,835,0,0,0,0,0,0,0,0,0
200702,258,23060,C,Fort Wayne  IN ,56,56,11023,0,0,0,0,0,0,0,0,0,56,56,11023,0,0,0,0,0,0,0,0,0
200702,260,23420, ,Fresno  CA ,217,217,43160,3,6,568,2,6,531,8,100,7043,91,91,22170,0,0,0,0,0,0,0,0,0
200702,260,31460, ,Madera  CA ,42,42,7760,1,2,125,0,0,0,0,0,0,42,42,7760,1,2,125,0,0,0,0,0,0
200702,266,24340,C,Grand Rapids-Wyoming  MI ,98,98,15678,0,0,0,1,3,255,1,10,1086,75,75,13957,0,0,0,0,0,0,0,0,0
200702,266,26100, ,Holland-Grand Haven  MI ,40,40,6991,0,0,0,0,0,0,0,0,0,20,20,4387,0,0,0,0,0,0,0,0,0
200702,266,34740, ,Muskegon-Norton Shores  MI ,5,5,871,1,2,200,0,0,0,0,0,0,5,5,871,1,2,200,0,0,0,0,0,0
200702,268,15500, ,Burlington  NC ,103,103,11611,0,0,0,0,0,0,0,0,0,103,103,11611,0,0,0,0,0,0,0,0,0
200702,268,24660,C,Greensboro-High Point  NC ,263,263,44649,3,6,926,0,0,0,9,124,6769,141,141,21243,3,6,926,0,0,0,8,96,4892
200702,268,49180, ,Winston-Salem  NC ,213,213,28097,1,2,107,0,0,0,0,0,0,190,190,24365,0,0,0,0,0,0,0,0,0
200702,273,11340, ,Anderson  SC ,73,73,11084,0,0,0,0,0,0,0,0,0,73,73,11084,0,0,0,0,0,0,0,0,0
200702,273,24860,C,Greenville-Mauldin-Easley  SC ,416,416,55804,0,0,0,0,0,0,0,0,0,395,395,52965,0,0,0,0,0,0,0,0,0
200702,273,43900, ,Spartanburg  SC ,163,163,15474,0,0,0,0,0,0,0,0,0,163,163,15474,0,0,0,0,0,0,0,0,0
200702,274,25060, ,Gulfport-Biloxi  MS ,267,267,34198,0,0,0,0,0,0,0,0,0,267,267,34198,0,0,0,0,0,0,0,0,0
200702,274,37700, ,Pascagoula  MS ,70,70,10834,0,0,0,0,0,0,0,0,0,70,70,10834,0,0,0,0,0,0,0,0,0
200702,276,25420, ,Harrisburg-Carlisle  PA ,37,37,7214,0,0,0,0,0,0,1,12,820,27,27,4999,0,0,0,0,0,0,1,12,820
200702,276,30140, ,Lebanon  PA ,41,41,6393,0,0,0,0,0,0,0,0,0,39,39,6041,0,0,0,0,0,0,0,0,0
200702,278,25540, ,Hartford-West Hartford-East Hartford  CT ,91,91,15437,4,8,530,0,0,0,5,75,5397,76,76,13329,3,6,356,0,0,0,3,58,4912
200702,288,26420,C,Houston-Sugar Land-Baytown  TX ,3990,3990,657470,14,28,2129,12,47,4034,57,1492,142108,3908,3908,645544,13,26,2073,12,47,4034,53,1442,139898
200702,290,19460, ,Decatur  AL ,26,26,3700,0,0,0,0,0,0,0,0,0,26,26,3700,0,0,0,0,0,0,0,0,0
200702,290,26620, ,Huntsville  AL ,290,290,30798,0,0,0,0,0,0,10,87,5143,206,206,18422,0,0,0,0,0,0,10,87,5143
200702,292,26820, ,Idaho Falls  ID ,92,92,9092,0,0,0,0,0,0,0,0,0,92,92,9092,0,0,0,0,0,0,0,0,0
200702,294,11300, ,Anderson  IN ,7,7,1106,0,0,0,0,0,0,0,0,0,7,7,1106,0,0,0,0,0,0,0,0,0
200702,294,18020, ,Columbus  IN ,7,7,1626,0,0,0,0,0,0,0,0,0,7,7,1626,0,0,0,0,0,0,0,0,0
200702,294,26900,C,Indianapolis-Carmel  IN ,426,426,81924,1,2,205,2,7,627,6,96,5707,393,393,76498,1,2,205,2,7,627,6,96,5707
200702,296,27060, ,Ithaca  NY ,2,2,454,0,0,0,0,0,0,0,0,0,1,1,240,0,0,0,0,0,0,0,0,0
200702,297,27180, ,Jackson  TN ,23,23,4430,0,0,0,0,0,0,0,0,0,23,23,4430,0,0,0,0,0,0,0,0,0
200702,298,27140, ,Jackson  MS ,198,198,30420,0,0,0,24,96,5280,0,0,0,159,159,24670,0,0,0,24,96,5280,0,0,0
200702,304,27740, ,Johnson City  TN ,47,47,6590,0,0,0,0,0,0,0,0,0,34,34,4947,0,0,0,0,0,0,0,0,0
200702,304,28700, ,Kingsport-Bristol-Bristol  TN-VA ,40,40,4410,0,0,0,0,0,0,0,0,0,11,11,829,0,0,0,0,0,0,0,0,0
200702,308,27860, ,Jonesboro  AR ,28,28,2575,0,0,0,0,0,0,0,0,0,26,26,2346,0,0,0,0,0,0,0,0,0
200702,312,28140,C,Kansas City  MO-KS ,408,408,85038,17,34,1943,4,14,1003,0,0,0,376,376,79656,16,32,1723,3,11,858,0,0,0
200702,314,28940, ,Knoxville  TN ,290,290,36699,0,0,0,0,0,0,1,17,787,247,247,32907,0,0,0,0,0,0,0,0,0
200702,316,29020, ,Kokomo  IN ,5,5,790,0,0,0,0,0,0,0,0,0,5,5,790,0,0,0,0,0,0,0,0,0
200702,318,29180, ,Lafayette  LA ,98,98,13314,0,0,0,0,0,0,0,0,0,42,42,6636,0,0,0,0,0,0,0,0,0
200702,320,29140, ,Lafayette  IN ,45,45,7862,0,0,0,0,0,0,0,0,0,45,45,7862,0,0,0,0,0,0,0,0,0
200702,324,29340, ,Lake Charles  LA ,27,27,3828,1,2,137,0,0,0,1,5,254,12,12,1511,0,0,0,0,0,0,0,0,0
200702,330,29620, ,Lansing-East Lansing  MI ,36,36,5827,0,0,0,0,0,0,2,12,805,30,30,4883,0,0,0,0,0,0,0,0,0
200702,332,29820,C,Las Vegas-Paradise  NV ,1182,1182,168857,1,2,352,16,60,4578,10,337,45245,1182,1182,168857,1,2,352,16,60,4578,10,337,45245
200702,336,30460, ,Lexington-Fayette  KY ,214,214,32568,0,0,0,0,0,0,1,17,864,73,73,14422,0,0,0,0,0,0,0,0,0
200702,338,30620, ,Lima  OH ,1,1,175,0,0,0,0,0,0,0,0,0,0,0,0,0,0,0,0,0,0,0,0,0
200702,340,30780, ,Little Rock-North Little Rock-Conway  AR ,269,269,47062,1,2,95,1,4,150,0,0,0,251,251,44403,1,2,95,1,4,150,0,0,0
200702,340,38220, ,Pine Bluff  AR ,5,5,351,1,2,92,0,0,0,0,0,0,3,3,285,0,0,0,0,0,0,0,0,0
200702,346,30980, ,Longview  TX ,14,14,1959,1,2,50,0,0,0,0,0,0,1,1,130,0,0,0,0,0,0,0,0,0
200702,348,31100,C,Los Angeles-Long Beach-Santa Ana  CA ,758,758,188694,39,78,9680,23,83,6732,44,857,103626,708,708,174279,35,70,8269,19,70,5313,35,784,97375
200702,348,37100, ,Oxnard-Thousand Oaks-Ventura  CA ,57,57,16440,1,2,330,1,3,511,4,58,6299,35,35,11525,1,2,330,1,3,511,3,23,2999
200702,348,40140,C,Riverside-San Bernardino-Ontario  CA ,1538,1538,333331,11,22,2117,4,12,1098,27,299,23547,1319,1319,291091,6,12,1217,2,6,604,24,266,20226
200702,350,21060, ,Elizabethtown  KY ,28,28,4047,0,0,0,3,12,444,1,6,214,28,28,4047,0,0,0,3,12,444,1,6,214
200702,350,31140,C,Louisville-Jefferson County  KY-IN ,333,333,61537,1,2,63,8,31,1608,2,21,2120,299,299,53305,0,0,0,8,31,1608,2,21,2120
200702,352,31180, ,Lubbock  TX ,76,76,11629,1,2,233,0,0,0,0,0,0,76,76,11629,1,2,233,0,0,0,0,0,0
200702,356,31420, ,Macon  GA ,60,60,8061,0,0,0,0,0,0,9,286,20359,60,60,8061,0,0,0,0,0,0,9,286,20359
200702,356,47580, ,Warner Robins  GA ,103,103,14013,0,0,0,0,0,0,0,0,0,103,103,14013,0,0,0,0,0,0,0,0,0
200702,358,31540,C,Madison  WI ,79,79,17262,5,10,1092,0,0,0,6,89,8424,71,71,15798,5,10,1092,0,0,0,4,79,7875
200702,360,31900, ,Mansfield  OH ,2,2,535,0,0,0,0,0,0,0,0,0,2,2,535,0,0,0,0,0,0,0,0,0
200702,372,33260,C,Midland  TX ,49,49,6404,0,0,0,0,0,0,0,0,0,49,49,6404,0,0,0,0,0,0,0,0,0
200702,372,36220,C,Odessa  TX ,19,19,3438,0,0,0,0,0,0,0,0,0,19,19,3438,0,0,0,0,0,0,0,0,0
200702,376,33340,C,Milwaukee-Waukesha-West Allis  WI ,118,118,30213,0,0,0,5,20,3077,2,58,8768,110,110,27442,0,0,0,5,20,3077,2,58,8768
200702,376,39540, ,Racine  WI ,21,21,4203,0,0,0,0,0,0,0,0,0,20,20,3980,0,0,0,0,0,0,0,0,0
200702,378,33460,C,Minneapolis-St. Paul-Bloomington  MN-WI ,435,435,118884,0,0,0,0,0,0,3,16,2240,406,406,113784,0,0,0,0,0,0,1,6,945
200702,378,41060, ,St. Cloud  MN ,18,18,2752,0,0,0,0,0,0,2,10,671,4,4,671,0,0,0,0,0,0,0,0,0
200702,380,33660, ,Mobile  AL ,117,117,19487,1,2,171,0,0,0,12,94,7626,109,109,18163,1,2,171,0,0,0,10,80,5707
200702,384,33740, ,Monroe  LA ,56,56,7503,0,0,0,0,0,0,1,9,689,28,28,3328,0,0,0,0,0,0,0,0,0
200702,388,33860, ,Montgomery  AL ,89,89,12732,0,0,0,0,0,0,2,35,1387,39,39,6030,0,0,0,0,0,0,0,0,0
200702,392,34100, ,Morristown  TN ,51,51,5767,0,0,0,0,0,0,0,0,0,51,51,5767,0,0,0,0,0,0,0,0,0
200702,396,34820, ,Myrtle Beach-Conway-North Myrtle Beach  SC ,377,377,62537,0,0,0,0,0,0,17,238,33642,347,347,56750,0,0,0,0,0,0,14,157,23010
200702,400,34980,C,Nashville-Davidson--Murfreesboro-Franklin  TN ,966,966,166904,13,26,2168,2,6,210,1,64,6329,886,886,148260,12,24,2051,0,0,0,1,64,6329
200702,406,35380,C,New Orleans-Metairie-Kenner  LA ,264,264,49170,11,22,1867,1,4,500,0,0,0,264,264,49170,11,22,1867,1,4,500,0,0,0
200702,408,14860, ,Bridgeport-Stamford-Norwalk  CT ,37,37,15079,1,2,208,0,0,0,2,12,799,21,21,5595,1,2,208,0,0,0,1,6,469
200702,408,28740, ,Kingston  NY ,9,9,1465,2,4,315,0,0,0,0,0,0,9,9,1465,2,4,315,0,0,0,0,0,0
200702,408,35300, ,New Haven-Milford  CT ,36,36,4725,3,6,201,1,3,120,1,13,804,29,29,3590,3,6,201,1,3,120,0,0,0
200702,408,35620,C,New York-Northern New Jersey-Long Island  NY-NJ-PA ,682,682,157238,155,310,31049,127,385,35938,65,1778,141193,493,493,118657,126,252,26223,124,375,35376,45,1507,116280
200702,408,39100, ,Poughkeepsie-Newburgh-Middletown  NY ,41,41,8271,1,2,200,0,0,0,5,34,3502,30,30,6494,1,2,200,0,0,0,2,12,1404
200702,408,45940,C,Trenton-Ewing  NJ ,38,38,5128,0,0,0,0,0,0,0,0,0,19,19,3685,0,0,0,0,0,0,0,0,0
200702,416,36420,C,Oklahoma City  OK ,454,454,78721,1,2,145,0,0,0,1,12,783,215,215,46692,0,0,0,0,0,0,0,0,0
200702,420,36540,C,Omaha-Council Bluffs  NE-IA ,215,215,30544,0,0,0,0,0,0,1,8,543,213,213,30298,0,0,0,0,0,0,1,8,543
200702,422,19660,C,Deltona-Daytona Beach-Ormond Beach  FL ,223,223,50919,1,2,232,0,0,0,6,49,11009,109,109,32218,1,2,232,0,0,0,4,20,8487
200702,422,36740,C,Orlando-Kissimmee  FL ,984,984,185847,8,16,1845,1,3,273,29,393,42717,728,728,149363,8,16,1845,1,3,273,25,363,39852
200702,422,37380, ,Palm Coast  FL ,37,37,11936,0,0,0,3,12,1173,0,0,0,37,37,11936,0,0,0,3,12,1173,0,0,0
200702,426,37900, ,Peoria  IL ,22,22,5896,4,8,881,0,0,0,0,0,0,19,19,5204,2,4,633,0,0,0,0,0,0
200702,428,37980,C,Philadelphia-Camden-Wilmington  PA-NJ-DE-MD ,648,648,94284,2,4,513,5,16,2001,17,244,15768,532,532,77208,1,2,208,1,4,820,9,202,12921
200702,428,47220,C,Vineland-Millville-Bridgeton  NJ ,35,35,4893,1,2,261,0,0,0,0,0,0,16,16,3145,0,0,0,0,0,0,0,0,0
200702,430,38300,C,Pittsburgh  PA ,248,248,49691,2,4,510,3,10,1257,4,58,6459,207,207,42975,1,2,320,2,7,1125,1,40,4900
200702,438,30340, ,Lewiston-Auburn  ME ,14,14,2104,0,0,0,0,0,0,0,0,0,4,4,614,0,0,0,0,0,0,0,0,0
200702,438,38860, ,Portland-South Portland-Biddeford  ME ,102,102,20467,2,4,268,1,3,261,1,5,925,73,73,15018,2,4,268,0,0,0,0,0,0
200702,442,38940,C,Port St. Lucie  FL ,138,138,28939,0,0,0,0,0,0,4,64,4581,137,137,25920,0,0,0,0,0,0,4,64,4581
200702,442,42680,C,Sebastian-Vero Beach  FL ,166,166,36428,0,0,0,1,4,502,1,5,1487,12,12,5052,0,0,0,0,0,0,0,0,0
200702,450,20500,C,Durham  NC ,245,245,57039,4,8,620,0,0,0,0,0,0,245,245,57039,4,8,620,0,0,0,0,0,0
200702,450,39580,C,Raleigh-Cary  NC ,1025,1025,230119,0,0,0,3,9,725,2,84,5730,1025,1025,230119,0,0,0,2,6,660,2,84,5730
200702,456,39900,C,Reno-Sparks  NV ,181,181,34071,1,2,115,0,0,0,1,39,4379,181,181,34071,1,2,115,0,0,0,1,39,4379
200702,464,40380, ,Rochester  NY ,52,52,11403,1,2,198,0,0,0,0,0,0,41,41,9764,0,0,0,0,0,0,0,0,0
200702,466,40420, ,Rockford  IL ,69,69,9211,3,6,729,0,0,0,2,10,1575,65,65,8644,3,6,729,0,0,0,2,10,1575
200702,472,40900,C,Sacramento--Arden-Arcade--Roseville  CA ,727,727,141751,2,4,575,6,24,2860,14,103,10335,727,727,141751,2,4,575,6,24,2860,14,103,10335
200702,472,49700, ,Yuba City  CA ,66,66,10784,0,0,0,0,0,0,0,0,0,66,66,10784,0,0,0,0,0,0,0,0,0
200702,474,13020, ,Bay City  MI ,1,1,110,0,0,0,0,0,0,0,0,0,1,1,110,0,0,0,0,0,0,0,0,0
200702,474,40980, ,Saginaw-Saginaw Township North  MI ,9,9,1499,0,0,0,0,0,0,0,0,0,4,4,849,0,0,0,0,0,0,0,0,0
200702,476,41180,C,St. Louis  MO-IL ,620,620,120673,15,30,3003,23,78,7698,12,80,5624,553,553,109247,14,28,2869,22,75,7421,10,66,4931
200702,480,41540, ,Salisbury  MD ,14,14,2398,0,0,0,0,0,0,1,24,1328,14,14,2398,0,0,0,0,0,0,1,24,1328
200702,482,36260, ,Ogden-Clearfield  UT ,212,212,40651,1,2,218,0,0,0,0,0,0,167,167,33673,0,0,0,0,0,0,0,0,0
200702,482,41620,C,Salt Lake City  UT ,283,283,58453,3,6,712,3,11,968,15,337,45914,214,214,46546,0,0,0,0,0,0,11,231,37235
200702,488,34900, ,Napa  CA ,25,25,6164,0,0,0,0,0,0,0,0,0,25,25,6164,0,0,0,0,0,0,0,0,0
200702,488,41860,C,San Francisco-Oakland-Fremont  CA ,422,422,131898,2,4,470,6,19,5079,11,152,19216,386,386,121328,2,4,470,6,19,5079,7,113,15092
200702,488,41940,C,San Jose-Sunnyvale-Santa Clara  CA ,229,229,63537,5,10,1495,0,0,0,11,81,9567,217,217,60767,5,10,1495,0,0,0,9,70,8444
200702,488,42100, ,Santa Cruz-Watsonville  CA ,15,15,4580,0,0,0,0,0,0,0,0,0,15,15,4580,0,0,0,0,0,0,0,0,0
200702,488,42220, ,Santa Rosa-Petaluma  CA ,70,70,16065,11,22,2398,1,3,251,2,33,1958,45,45,8904,10,20,2177,0,0,0,0,0,0
200702,488,46700, ,Vallejo-Fairfield  CA ,48,48,11693,0,0,0,0,0,0,0,0,0,46,46,11101,0,0,0,0,0,0,0,0,0
200702,492,42140,C,Santa Fe  NM ,25,25,3321,0,0,0,0,0,0,0,0,0,0,0,0,0,0,0,0,0,0,0,0,0
200702,494,39460,C,Punta Gorda  FL ,107,107,21547,4,8,1370,0,0,0,0,0,0,107,107,21547,4,8,1370,0,0,0,0,0,0
200702,494,42260,C,Sarasota-Bradenton-Venice  FL ,181,181,47635,2,4,1550,2,8,652,1,6,437,176,176,46511,1,2,1190,2,8,652,0,0,0
200702,496,25980, ,Hinesville-Fort Stewart  GA ,8,8,1442,0,0,0,0,0,0,0,0,0,8,8,1442,0,0,0,0,0,0,0,0,0
200702,496,42340, ,Savannah  GA ,225,225,39725,0,0,0,1,3,445,7,118,6115,143,143,26618,0,0,0,0,0,0,7,118,6115
200702,500,14740, ,Bremerton-Silverdale  WA ,55,55,10831,0,0,0,0,0,0,1,24,1830,11,11,2927,0,0,0,0,0,0,0,0,0
200702,500,34580, ,Mount Vernon-Anacortes  WA ,54,54,10308,0,0,0,0,0,0,0,0,0,54,54,10308,0,0,0,0,0,0,0,0,0
200702,500,36500, ,Olympia  WA ,93,93,19884,0,0,0,0,0,0,0,0,0,56,56,13664,0,0,0,0,0,0,0,0,0
200702,500,42660,C,Seattle-Tacoma-Bellevue  WA ,1108,1108,226560,51,102,11407,26,83,8450,25,1509,181249,1028,1028,213894,48,96,10917,24,76,7654,18,1451,176325
200702,508,43340, ,Shreveport-Bossier City  LA ,126,126,21469,0,0,0,0,0,0,0,0,0,126,126,21469,0,0,0,0,0,0,0,0,0
200702,512,43580, ,Sioux City  IA-NE-SD ,10,10,1400,0,0,0,0,0,0,0,0,0,8,8,1040,0,0,0,0,0,0,0,0,0
200702,515,21140, ,Elkhart-Goshen  IN ,35,35,5582,0,0,0,0,0,0,0,0,0,33,33,5273,0,0,0,0,0,0,0,0,0
200702,515,43780, ,South Bend-Mishawaka  IN-MI ,38,38,5605,0,0,0,0,0,0,0,0,0,37,37,5482,0,0,0,0,0,0,0,0,0
200702,532,45060, ,Syracuse  NY ,28,28,4680,0,0,0,0,0,0,0,0,0,28,28,4680,0,0,0,0,0,0,0,0,0
200702,534,45780, ,Toledo  OH ,46,46,8321,0,0,0,0,0,0,0,0,0,36,36,6355,0,0,0,0,0,0,0,0,0
200702,538,46140,C,Tulsa  OK ,297,297,52463,3,6,562,3,9,818,5,388,6467,296,296,52433,3,6,562,3,9,818,5,388,6467
200702,540,46340, ,Tyler  TX ,25,25,4371,0,0,0,1,3,150,1,6,277,0,0,0,0,0,0,0,0,0,0,0,0
200702,548,12580,C,Baltimore-Towson  MD ,408,408,65782,4,8,684,3,12,1091,8,113,19000,361,361,59880,4,8,684,3,12,1091,5,60,11414
200702,548,47900,C,Washington-Arlington-Alexandria  DC-VA-MD-WV ,1616,1616,271232,0,0,0,3,11,1285,10,573,55868,1497,1497,249190,0,0,0,2,8,360,6,478,48602
200702,548,49020, ,Winchester  VA-WV ,40,40,7343,0,0,0,0,0,0,0,0,0,40,40,7343,0,0,0,0,0,0,0,0,0
200702,554,48140, ,Wausau  WI ,16,16,3101,0,0,0,0,0,0,0,0,0,6,6,1058,0,0,0,0,0,0,0,0,0
200702,556,48620, ,Wichita  KS ,135,135,15925,3,6,448,0,0,0,0,0,0,130,130,15310,3,6,448,0,0,0,0,0,0
200702,558,48700, ,Williamsport  PA ,2,2,208,0,0,0,0,0,0,0,0,0,1,1,140,0,0,0,0,0,0,0,0,0
200702,564,49620, ,York-Hanover  PA ,67,67,12280,2,4,352,0,0,0,0,0,0,51,51,9948,2,4,352,0,0,0,0,0,0
200702,566,49660, ,Youngstown-Warren-Boardman  OH-PA ,16,16,2723,1,2,100,3,11,660,4,32,1860,13,13,2284,0,0,0,2,8,600,4,32,1860
200702,999,10180, ,Abilene  TX ,34,34,6086,0,0,0,0,0,0,0,0,0,34,34,6086,0,0,0,0,0,0,0,0,0
200702,999,10500, ,Albany  GA ,33,33,3760,1,2,147,1,3,110,0,0,0,6,6,741,0,0,0,0,0,0,0,0,0
200702,999,10740,C,Albuquerque  NM ,359,359,57445,0,0,0,1,3,153,1,27,1370,129,129,25896,0,0,0,0,0,0,0,0,0
200702,999,10780, ,Alexandria  LA ,22,22,2922,0,0,0,0,0,0,0,0,0,3,3,525,0,0,0,0,0,0,0,0,0
200702,999,10900,C,Allentown-Bethlehem-Easton  PA-NJ ,136,136,27373,0,0,0,1,3,200,1,5,389,75,75,17150,0,0,0,1,3,200,0,0,0
200702,999,11020, ,Altoona  PA ,1,1,652,0,0,0,0,0,0,0,0,0,1,1,652,0,0,0,0,0,0,0,0,0
200702,999,11100, ,Amarillo  TX ,70,70,13860,0,0,0,0,0,0,0,0,0,70,70,13860,0,0,0,0,0,0,0,0,0
200702,999,11260,C,Anchorage  AK ,19,19,6418,13,26,3817,0,0,0,2,65,3475,16,16,6088,13,26,3817,0,0,0,2,65,3475
200702,999,11500, ,Anniston-Oxford  AL ,12,12,1545,0,0,0,0,0,0,0,0,0,12,12,1545,0,0,0,0,0,0,0,0,0
200702,999,12020, ,Athens-Clarke County  GA ,110,110,20914,0,0,0,0,0,0,8,120,6182,110,110,20914,0,0,0,0,0,0,8,120,6182
200702,999,12100,C,Atlantic City  NJ ,131,131,16968,1,2,536,0,0,0,0,0,0,126,126,16288,1,2,536,0,0,0,0,0,0
200702,999,12260, ,Augusta-Richmond County  GA-SC ,175,175,29531,0,0,0,0,0,0,0,0,0,155,155,27155,0,0,0,0,0,0,0,0,0
200702,999,12420,C,Austin-Round Rock  TX ,1322,1322,206632,19,38,2980,8,32,2432,26,529,43188,1254,1254,196070,19,38,2980,8,32,2432,23,491,40501
200702,999,12540, ,Bakersfield  CA ,302,302,44134,14,28,1741,4,15,949,3,104,6623,81,81,10209,12,24,1437,1,4,201,1,81,5287
200702,999,12620, ,Bangor  ME ,5,5,1055,0,0,0,0,0,0,0,0,0,3,3,737,0,0,0,0,0,0,0,0,0
200702,999,12700, ,Barnstable Town  MA ,63,63,19133,0,0,0,0,0,0,2,11,1254,42,42,13624,0,0,0,0,0,0,0,0,0
200702,999,12980, ,Battle Creek  MI ,4,4,565,0,0,0,0,0,0,1,5,228,0,0,0,0,0,0,0,0,0,0,0,0
200702,999,13140, ,Beaumont-Port Arthur  TX ,48,48,6659,0,0,0,0,0,0,5,25,2472,48,48,6659,0,0,0,0,0,0,5,25,2472
200702,999,13380, ,Bellingham  WA ,36,36,6445,2,4,478,1,4,386,0,0,0,36,36,6445,2,4,478,1,4,386,0,0,0
200702,999,13740, ,Billings  MT ,32,32,5017,0,0,0,0,0,0,0,0,0,32,32,5017,0,0,0,0,0,0,0,0,0
200702,999,13780, ,Binghamton  NY ,0,0,0,0,0,0,0,0,0,0,0,0,0,0,0,0,0,0,0,0,0,0,0,0
200702,999,13900, ,Bismarck  ND ,15,15,1729,0,0,0,0,0,0,0,0,0,15,15,1729,0,0,0,0,0,0,0,0,0
200702,999,14020, ,Bloomington  IN ,24,24,3575,0,0,0,2,8,651,0,0,0,24,24,3575,0,0,0,2,8,651,0,0,0
200702,999,14060, ,Bloomington-Normal  IL ,18,18,2449,0,0,0,1,3,207,7,55,2632,6,6,624,0,0,0,0,0,0,6,48,2377
200702,999,14260,C,Boise City-Nampa  ID ,371,371,77976,15,30,2877,9,36,1696,0,0,0,363,363,76898,15,30,2877,9,36,1696,0,0,0
200702,999,14540, ,Bowling Green  KY ,75,75,11172,1,2,108,0,0,0,8,64,6329,75,75,11172,1,2,108,0,0,0,8,64,6329
200702,999,15260, ,Brunswick  GA ,52,52,11881,0,0,0,0,0,0,1,5,87,0,0,0,0,0,0,0,0,0,0,0,0
200702,999,15540, ,Burlington-South Burlington  VT ,24,24,4725,1,2,400,1,3,180,1,5,353,14,14,3235,0,0,0,0,0,0,0,0,0
200702,999,15940, ,Canton-Massillon  OH ,31,31,5636,0,0,0,0,0,0,0,0,0,0,0,0,0,0,0,0,0,0,0,0,0
200702,999,15980,C,Cape Coral-Fort Myers  FL ,524,524,105527,3,6,365,1,4,465,15,150,28985,524,524,105527,3,6,365,1,4,465,15,150,28985
200702,999,16180,C,Carson City  NV ,0,0,0,0,0,0,0,0,0,0,0,0,0,0,0,0,0,0,0,0,0,0,0,0
200702,999,16220, ,Casper  WY ,16,16,3258,0,0,0,0,0,0,0,0,0,0,0,0,0,0,0,0,0,0,0,0,0
200702,999,16300, ,Cedar Rapids  IA ,40,40,5050,0,0,0,2,8,552,0,0,0,36,36,4424,0,0,0,2,8,552,0,0,0
200702,999,16580, ,Champaign-Urbana  IL ,12,12,2095,0,0,0,0,0,0,2,54,1822,12,12,2095,0,0,0,0,0,0,2,54,1822
200702,999,16620, ,Charleston  WV ,23,23,3419,0,0,0,0,0,0,0,0,0,13,13,1965,0,0,0,0,0,0,0,0,0
200702,999,16700,C,Charleston-North Charleston  SC ,489,489,87296,0,0,0,0,0,0,2,10,804,393,393,71153,0,0,0,0,0,0,0,0,0
200702,999,16820, ,Charlottesville  VA ,74,74,20186,0,0,0,0,0,0,0,0,0,74,74,20186,0,0,0,0,0,0,0,0,0
200702,999,16940, ,Cheyenne  WY ,18,18,2099,0,0,0,0,0,0,0,0,0,18,18,2099,0,0,0,0,0,0,0,0,0
200702,999,17020, ,Chico  CA ,33,33,4386,0,0,0,0,0,0,5,76,7101,33,33,4386,0,0,0,0,0,0,5,76,7101
200702,999,17300, ,Clarksville  TN-KY ,99,99,12030,1,2,100,1,4,364,7,73,5043,97,97,11678,1,2,100,1,4,364,7,73,5043
200702,999,17660, ,Coeur dAlene  ID ,74,74,16090,0,0,0,0,0,0,1,19,1681,44,44,11367,0,0,0,0,0,0,0,0,0
200702,999,17780, ,College Station-Bryan  TX ,61,61,9497,5,10,774,0,0,0,0,0,0,61,61,9497,5,10,774,0,0,0,0,0,0
200702,999,17820,C,Colorado Springs  CO ,219,219,41579,3,6,383,1,4,293,0,0,0,210,210,39358,3,6,383,1,4,293,0,0,0
200702,999,17860, ,Columbia  MO ,38,38,6839,1,2,360,1,4,350,0,0,0,38,38,6839,1,2,360,1,4,350,0,0,0
200702,999,19060, ,Cumberland  MD-WV ,7,7,1637,0,0,0,0,0,0,0,0,0,7,7,1637,0,0,0,0,0,0,0,0,0
200702,999,19140, ,Dalton  GA ,44,44,5306,1,2,99,1,3,171,1,7,358,15,15,2385,0,0,0,0,0,0,0,0,0
200702,999,19180, ,Danville  IL ,0,0,0,0,0,0,0,0,0,0,0,0,0,0,0,0,0,0,0,0,0,0,0,0
200702,999,19260, ,Danville  VA ,14,14,1738,0,0,0,0,0,0,0,0,0,0,0,0,0,0,0,0,0,0,0,0,0
200702,999,19340, ,Davenport-Moline-Rock Island  IA-IL ,25,25,4668,0,0,0,0,0,0,0,0,0,23,23,4333,0,0,0,0,0,0,0,0,0
200702,999,19500, ,Decatur  IL ,0,0,0,0,0,0,0,0,0,0,0,0,0,0,0,0,0,0,0,0,0,0,0,0
200702,999,20100,C,Dover  DE ,122,122,16840,0,0,0,0,0,0,0,0,0,120,120,16623,0,0,0,0,0,0,0,0,0
200702,999,20220, ,Dubuque  IA ,14,14,2567,1,2,182,0,0,0,0,0,0,13,13,2321,1,2,182,0,0,0,0,0,0
200702,999,20260, ,Duluth  MN-WI ,16,16,1985,0,0,0,0,0,0,1,5,601,3,3,356,0,0,0,0,0,0,0,0,0
200702,999,20940, ,El Centro  CA ,75,75,11573,0,0,0,0,0,0,1,7,231,14,14,2045,0,0,0,0,0,0,0,0,0
200702,999,21300, ,Elmira  NY ,2,2,675,0,0,0,0,0,0,0,0,0,1,1,500,0,0,0,0,0,0,0,0,0
200702,999,21340, ,El Paso  TX ,263,263,38070,0,0,0,0,0,0,1,12,990,263,263,38070,0,0,0,0,0,0,1,12,990
200702,999,21500, ,Erie  PA ,12,12,2449,0,0,0,0,0,0,0,0,0,12,12,2449,0,0,0,0,0,0,0,0,0
200702,999,21660, ,Eugene-Springfield  OR ,82,82,16483,4,8,904,0,0,0,1,18,1918,82,82,16483,4,8,904,0,0,0,1,18,1918
200702,999,21780, ,Evansville  IN-KY ,39,39,5939,3,6,1107,1,4,350,2,16,471,21,21,3711,2,4,1012,1,4,350,0,0,0
200702,999,21820,C,Fairbanks  AK ,11,11,2377,0,0,0,0,0,0,0,0,0,10,10,2285,0,0,0,0,0,0,0,0,0
200702,999,22140,C,Farmington  NM ,30,30,4998,0,0,0,0,0,0,0,0,0,30,30,4998,0,0,0,0,0,0,0,0,0
200702,999,22180, ,Fayetteville  NC ,208,208,31513,0,0,0,0,0,0,1,24,1151,208,208,31513,0,0,0,0,0,0,1,24,1151
200702,999,22220, ,Fayetteville-Springdale-Rogers  AR-MO ,195,195,29668,14,28,2740,13,52,5587,2,33,1848,162,162,23568,8,16,1310,13,52,5587,0,0,0
200702,999,22380, ,Flagstaff  AZ ,28,28,6412,0,0,0,0,0,0,0,0,0,28,28,6412,0,0,0,0,0,0,0,0,0
200702,999,22500, ,Florence  SC ,46,46,6285,0,0,0,0,0,0,0,0,0,0,0,0,0,0,0,0,0,0,0,0,0
200702,999,22520, ,Florence-Muscle Shoals  AL ,22,22,3080,0,0,0,0,0,0,0,0,0,22,22,3080,0,0,0,0,0,0,0,0,0
200702,999,22660,C,Fort Collins-Loveland  CO ,88,88,20704,0,0,0,0,0,0,2,29,3116,85,85,19913,0,0,0,0,0,0,1,24,2594
200702,999,22900, ,Fort Smith  AR-OK ,43,43,6521,7,14,790,0,0,0,1,10,400,43,43,6521,7,14,790,0,0,0,1,10,400
200702,999,23020, ,Fort Walton Beach-Crestview-Destin  FL ,60,60,12694,0,0,0,1,3,694,2,52,11909,7,7,1908,0,0,0,0,0,0,0,0,0
200702,999,23460, ,Gadsden  AL ,13,13,1884,0,0,0,0,0,0,0,0,0,6,6,1049,0,0,0,0,0,0,0,0,0
200702,999,23540, ,Gainesville  FL ,60,60,7978,0,0,0,0,0,0,1,28,1502,47,47,6548,0,0,0,0,0,0,0,0,0
200702,999,24140, ,Goldsboro  NC ,44,44,5760,0,0,0,0,0,0,0,0,0,44,44,5760,0,0,0,0,0,0,0,0,0
200702,999,24220, ,Grand Forks  ND-MN ,0,0,0,0,0,0,0,0,0,0,0,0,0,0,0,0,0,0,0,0,0,0,0,0
200702,999,24300,C,Grand Junction  CO ,99,99,19111,0,0,0,0,0,0,0,0,0,99,99,19111,0,0,0,0,0,0,0,0,0
200702,999,24500, ,Great Falls  MT ,16,16,2619,0,0,0,0,0,0,0,0,0,16,16,2619,0,0,0,0,0,0,0,0,0
200702,999,24540,C,Greeley  CO ,167,167,35609,0,0,0,0,0,0,0,0,0,161,161,34972,0,0,0,0,0,0,0,0,0
200702,999,24580, ,Green Bay  WI ,48,48,5738,2,4,450,0,0,0,1,10,405,41,41,4639,2,4,450,0,0,0,0,0,0
200702,999,24780, ,Greenville  NC ,114,114,14809,11,22,1690,0,0,0,3,72,3900,114,114,14809,11,22,1690,0,0,0,3,72,3900
200702,999,25180, ,Hagerstown-Martinsburg  MD-WV ,125,125,27300,1,2,180,0,0,0,0,0,0,125,125,27300,1,2,180,0,0,0,0,0,0
200702,999,25260, ,Hanford-Corcoran  CA ,36,36,4352,1,2,141,0,0,0,0,0,0,0,0,0,0,0,0,0,0,0,0,0,0
200702,999,25500,C,Harrisonburg  VA ,49,49,9637,0,0,0,0,0,0,0,0,0,49,49,9637,0,0,0,0,0,0,0,0,0
200702,999,25620, ,Hattiesburg  MS ,77,77,5416,0,0,0,0,0,0,1,16,425,77,77,5416,0,0,0,0,0,0,1,16,425
200702,999,25860, ,Hickory-Lenoir-Morganton  NC ,125,125,25521,0,0,0,0,0,0,0,0,0,125,125,25521,0,0,0,0,0,0,0,0,0
200702,999,26180,C,Honolulu  HI ,92,92,18881,0,0,0,3,12,1210,8,175,32290,0,0,0,0,0,0,0,0,0,0,0,0
200702,999,26300, ,Hot Springs  AR ,8,8,875,0,0,0,0,0,0,0,0,0,0,0,0,0,0,0,0,0,0,0,0,0
200702,999,26380, ,Houma-Bayou Cane-Thibodaux  LA ,39,39,10708,0,0,0,0,0,0,0,0,0,39,39,10708,0,0,0,0,0,0,0,0,0
200702,999,26580, ,Huntington-Ashland  WV-KY-OH ,4,4,191,0,0,0,0,0,0,0,0,0,0,0,0,0,0,0,0,0,0,0,0,0
200702,999,26980, ,Iowa City  IA ,25,25,4875,1,2,193,0,0,0,0,0,0,25,25,4875,1,2,193,0,0,0,0,0,0
200702,999,27100, ,Jackson  MI ,3,3,434,0,0,0,0,0,0,0,0,0,0,0,0,0,0,0,0,0,0,0,0,0
200702,999,27260,C,Jacksonville  FL ,624,624,119993,22,44,3107,1,3,978,25,591,63444,618,618,119194,22,44,3107,1,3,978,25,591,63444
200702,999,27340, ,Jacksonville  NC ,117,117,13464,0,0,0,0,0,0,0,0,0,117,117,13464,0,0,0,0,0,0,0,0,0
200702,999,27500, ,Janesville  WI ,17,17,2931,1,2,205,0,0,0,1,14,680,15,15,2706,1,2,205,0,0,0,0,0,0
200702,999,27620, ,Jefferson City  MO ,12,12,1674,0,0,0,0,0,0,0,0,0,0,0,0,0,0,0,0,0,0,0,0,0
200702,999,27780, ,Johnstown  PA ,1,1,104,0,0,0,0,0,0,0,0,0,0,0,0,0,0,0,0,0,0,0,0,0
200702,999,27900, ,Joplin  MO ,10,10,1387,0,0,0,0,0,0,0,0,0,8,8,1139,0,0,0,0,0,0,0,0,0
200702,999,28020, ,Kalamazoo-Portage  MI ,29,29,5331,0,0,0,0,0,0,0,0,0,22,22,4441,0,0,0,0,0,0,0,0,0
200702,999,28420, ,Kennewick-Richland-Pasco  WA ,89,89,17315,1,2,247,3,12,956,1,10,394,12,12,3136,0,0,0,0,0,0,0,0,0
200702,999,28660, ,Killeen-Temple-Fort Hood  TX ,143,143,21373,8,16,867,0,0,0,0,0,0,143,143,21373,8,16,867,0,0,0,0,0,0
200702,999,29100, ,La Crosse  WI-MN ,9,9,1201,1,2,92,1,4,200,2,30,700,9,9,1201,1,2,92,1,4,200,2,30,700
200702,999,29420, ,Lake Havasu City-Kingman  AZ ,118,118,19593,1,2,275,0,0,0,0,0,0,118,118,19593,1,2,275,0,0,0,0,0,0
200702,999,29460,C,Lakeland  FL ,342,342,58689,2,4,342,0,0,0,0,0,0,328,328,56837,2,4,342,0,0,0,0,0,0
200702,999,29540, ,Lancaster  PA ,90,90,12757,1,2,210,0,0,0,0,0,0,79,79,11092,1,2,210,0,0,0,0,0,0
200702,999,29700,C,Laredo  TX ,140,140,15645,0,0,0,1,4,173,1,48,3271,140,140,15645,0,0,0,1,4,173,1,48,3271
200702,999,29740,C,Las Cruces  NM ,98,98,14059,0,0,0,0,0,0,0,0,0,98,98,14059,0,0,0,0,0,0,0,0,0
200702,999,29940, ,Lawrence  KS ,18,18,3085,0,0,0,0,0,0,0,0,0,13,13,2314,0,0,0,0,0,0,0,0,0
200702,999,30020, ,Lawton  OK ,15,15,2279,1,2,125,0,0,0,11,64,5100,15,15,2279,1,2,125,0,0,0,11,64,5100
200702,999,30300, ,Lewiston  ID-WA ,0,0,0,0,0,0,0,0,0,0,0,0,0,0,0,0,0,0,0,0,0,0,0,0
200702,999,30700, ,Lincoln  NE ,43,43,7270,1,2,191,0,0,0,1,12,471,0,0,0,0,0,0,0,0,0,0,0,0
200702,999,30860, ,Logan  UT-ID ,51,51,6877,0,0,0,0,0,0,0,0,0,48,48,6429,0,0,0,0,0,0,0,0,0
200702,999,31020, ,Longview  WA ,26,26,5260,0,0,0,0,0,0,0,0,0,23,23,4741,0,0,0,0,0,0,0,0,0
200702,999,31340, ,Lynchburg  VA ,82,82,19505,0,0,0,0,0,0,0,0,0,64,64,16934,0,0,0,0,0,0,0,0,0
200702,999,32580,C,McAllen-Edinburg-Mission  TX ,497,497,62090,2,4,255,9,35,3182,3,30,2967,452,452,58804,1,2,171,9,35,3182,3,30,2967
200702,999,32780, ,Medford  OR ,74,74,12612,1,2,135,0,0,0,2,23,2140,42,42,7916,0,0,0,0,0,0,0,0,0
200702,999,32820,C,Memphis  TN-MS-AR ,487,487,92415,0,0,0,0,0,0,8,96,3844,452,452,86268,0,0,0,0,0,0,8,96,3844
200702,999,32900, ,Merced  CA ,95,95,13954,2,4,533,0,0,0,0,0,0,65,65,9196,2,4,533,0,0,0,0,0,0
200702,999,33100,C,Miami-Fort Lauderdale-Pompano Beach  FL ,681,681,125980,23,46,5105,3,11,1553,25,1059,54558,428,428,82164,14,28,2757,2,8,1334,9,161,20891
200702,999,33540,C,Missoula  MT ,34,34,5242,1,2,108,0,0,0,3,48,2655,34,34,5242,1,2,108,0,0,0,3,48,2655
200702,999,33700, ,Modesto  CA ,94,94,17903,0,0,0,0,0,0,0,0,0,94,94,17903,0,0,0,0,0,0,0,0,0
200702,999,34060, ,Morgantown  WV ,1,1,175,0,0,0,0,0,0,0,0,0,1,1,175,0,0,0,0,0,0,0,0,0
200702,999,34620, ,Muncie  IN ,3,3,484,0,0,0,0,0,0,0,0,0,3,3,484,0,0,0,0,0,0,0,0,0
200702,999,34940,C,Naples-Marco Island  FL ,159,159,40101,0,0,0,5,20,6105,2,16,2076,159,159,40101,0,0,0,5,20,6105,2,16,2076
200702,999,35660, ,Niles-Benton Harbor  MI ,14,14,2857,0,0,0,0,0,0,0,0,0,14,14,2857,0,0,0,0,0,0,0,0,0
200702,999,35980, ,Norwich-New London  CT ,20,20,3551,0,0,0,0,0,0,0,0,0,17,17,3091,0,0,0,0,0,0,0,0,0
200702,999,36100,C,Ocala  FL ,266,266,41947,0,0,0,10,38,1831,0,0,0,266,266,41947,0,0,0,10,38,1831,0,0,0
200702,999,36140,C,Ocean City  NJ ,39,39,12402,7,14,1918,1,3,510,1,5,575,35,35,11856,7,14,1918,1,3,510,1,5,575
200702,999,36980, ,Owensboro  KY ,18,18,1648,0,0,0,0,0,0,0,0,0,18,18,1648,0,0,0,0,0,0,0,0,0
200702,999,37340,C,Palm Bay-Melbourne-Titusville  FL ,162,162,34830,2,4,200,1,4,400,0,0,0,162,162,34830,2,4,200,1,4,400,0,0,0
200702,999,37460, ,Panama City-Lynn Haven  FL ,63,63,6304,3,6,578,1,4,300,0,0,0,63,63,6304,3,6,578,1,4,300,0,0,0
200702,999,37620, ,Parkersburg-Marietta-Vienna  WV-OH ,2,2,309,0,0,0,0,0,0,0,0,0,1,1,77,0,0,0,0,0,0,0,0,0
200702,999,37860,C,Pensacola-Ferry Pass-Brent  FL ,170,170,26034,1,2,171,0,0,0,10,131,12955,170,170,26034,1,2,171,0,0,0,10,131,12955
200702,999,38060,C,Phoenix-Mesa-Scottsdale  AZ ,2736,2736,485825,13,26,2756,65,201,20454,127,1955,195236,2635,2635,469265,12,24,2624,64,197,20213,125,1941,193396
200702,999,38340, ,Pittsfield  MA ,1,1,210,0,0,0,0,0,0,0,0,0,1,1,210,0,0,0,0,0,0,0,0,0
200702,999,38540, ,Pocatello  ID ,11,11,1195,0,0,0,0,0,0,0,0,0,11,11,1195,0,0,0,0,0,0,0,0,0
200702,999,38900,C,Portland-Vancouver-Beaverton  OR-WA ,728,728,151616,19,38,3941,4,13,1217,14,876,94308,573,573,123380,19,38,3941,4,13,1217,12,865,92776
200702,999,39140, ,Prescott  AZ ,118,118,25309,4,8,598,0,0,0,0,0,0,67,67,16853,2,4,237,0,0,0,0,0,0
200702,999,39300, ,Providence-New Bedford-Fall River  RI-MA ,108,108,20916,9,18,1060,6,19,2045,11,295,21599,88,88,17470,9,18,1060,6,19,2045,11,295,21599
200702,999,39340, ,Provo-Orem  UT ,365,365,82478,1,2,264,5,16,1807,1,12,1291,343,343,76097,0,0,0,4,13,1420,1,12,1291
200702,999,39380,C,Pueblo  CO ,75,75,12879,1,2,218,0,0,0,0,0,0,75,75,12879,1,2,218,0,0,0,0,0,0
200702,999,39660, ,Rapid City  SD ,27,27,4336,0,0,0,2,8,550,0,0,0,27,27,4336,0,0,0,2,8,550,0,0,0
200702,999,39740, ,Reading  PA ,36,36,8230,0,0,0,0,0,0,1,5,479,31,31,7375,0,0,0,0,0,0,1,5,479
200702,999,39820, ,Redding  CA ,32,32,5562,1,2,153,0,0,0,0,0,0,32,32,5562,1,2,153,0,0,0,0,0,0
200702,999,40060,C,Richmond  VA ,516,516,88331,0,0,0,1,4,364,2,11,1088,505,505,86961,0,0,0,1,4,364,2,11,1088
200702,999,40220, ,Roanoke  VA ,67,67,15833,0,0,0,0,0,0,0,0,0,47,47,13862,0,0,0,0,0,0,0,0,0
200702,999,40340, ,Rochester  MN ,24,24,6080,0,0,0,0,0,0,1,66,6816,22,22,5685,0,0,0,0,0,0,1,66,6816
200702,999,40580, ,Rocky Mount  NC ,53,53,5999,1,2,103,1,4,173,0,0,0,39,39,5106,0,0,0,0,0,0,0,0,0
200702,999,40660, ,Rome  GA ,26,26,4799,2,4,360,1,4,250,0,0,0,26,26,4799,2,4,360,1,4,250,0,0,0
200702,999,41100, ,St. George  UT ,163,163,28466,1,2,193,0,0,0,0,0,0,154,154,26710,1,2,193,0,0,0,0,0,0
200702,999,41140, ,St. Joseph  MO-KS ,9,9,1320,0,0,0,0,0,0,0,0,0,9,9,1320,0,0,0,0,0,0,0,0,0
200702,999,41420, ,Salem  OR ,76,76,14865,2,4,451,1,3,218,2,16,870,34,34,7836,0,0,0,0,0,0,0,0,0
200702,999,41500, ,Salinas  CA ,16,16,5686,0,0,0,0,0,0,0,0,0,9,9,4359,0,0,0,0,0,0,0,0,0
200702,999,41660,C,San Angelo  TX ,22,22,3691,0,0,0,0,0,0,0,0,0,22,22,3691,0,0,0,0,0,0,0,0,0
200702,999,41700,C,San Antonio  TX ,896,896,151916,15,30,2300,9,36,3072,26,799,55869,829,829,141704,15,30,2300,9,36,3072,24,776,55083
200702,999,41740,C,San Diego-Carlsbad-San Marcos  CA ,314,314,76672,8,16,2006,4,13,1309,11,211,28389,303,303,75218,6,12,1411,4,13,1309,11,211,28389
200702,999,41780, ,Sandusky  OH ,0,0,0,0,0,0,0,0,0,0,0,0,0,0,0,0,0,0,0,0,0,0,0,0
200702,999,42020, ,San Luis Obispo-Paso Robles  CA ,57,57,10390,0,0,0,0,0,0,0,0,0,57,57,10390,0,0,0,0,0,0,0,0,0
200702,999,42060, ,Santa Barbara-Santa Maria-Goleta  CA ,25,25,9217,1,2,400,1,3,317,4,32,3169,25,25,9217,1,2,400,1,3,317,4,32,3169
200702,999,42540, ,Scranton--Wilkes-Barre  PA ,18,18,2541,0,0,0,0,0,0,0,0,0,11,11,1640,0,0,0,0,0,0,0,0,0
200702,999,43100, ,Sheboygan  WI ,4,4,867,1,2,260,0,0,0,0,0,0,1,1,169,1,2,260,0,0,0,0,0,0
200702,999,43300, ,Sherman-Denison  TX ,1,1,166,0,0,0,0,0,0,0,0,0,0,0,0,0,0,0,0,0,0,0,0,0
200702,999,43620, ,Sioux Falls  SD ,59,59,7549,2,4,618,1,4,313,0,0,0,57,57,7378,2,4,618,1,4,313,0,0,0
200702,999,44060, ,Spokane  WA ,114,114,17566,0,0,0,1,4,318,0,0,0,114,114,17566,0,0,0,1,4,318,0,0,0
200702,999,44100, ,Springfield  IL ,11,11,2092,2,4,420,0,0,0,1,5,156,2,2,310,0,0,0,0,0,0,0,0,0
200702,999,44140, ,Springfield  MA ,35,35,4624,2,4,260,0,0,0,0,0,0,25,25,3076,0,0,0,0,0,0,0,0,0
200702,999,44180, ,Springfield  MO ,118,118,22066,3,6,390,0,0,0,2,41,1635,104,104,19731,3,6,390,0,0,0,0,0,0
200702,999,44300, ,State College  PA ,16,16,3154,0,0,0,0,0,0,0,0,0,4,4,621,0,0,0,0,0,0,0,0,0
200702,999,44700,C,Stockton  CA ,249,249,60648,0,0,0,0,0,0,2,21,2675,249,249,60648,0,0,0,0,0,0,2,21,2675
200702,999,44940,C,Sumter  SC ,30,30,3038,2,4,195,0,0,0,0,0,0,0,0,0,0,0,0,0,0,0,0,0,0
200702,999,45220, ,Tallahassee  FL ,161,161,23857,2,4,298,4,16,1183,3,70,4685,86,86,13260,0,0,0,0,0,0,0,0,0
200702,999,45300,C,Tampa-St. Petersburg-Clearwater  FL ,672,672,134360,8,16,1622,15,46,4761,3,22,2007,670,670,133902,8,16,1622,15,46,4761,3,22,2007
200702,999,45460, ,Terre Haute  IN ,11,11,1513,2,4,397,0,0,0,1,8,315,8,8,1192,2,4,397,0,0,0,0,0,0
200702,999,45500, ,Texarkana  TX-Texarkana  AR ,27,27,1986,5,10,959,0,0,0,0,0,0,27,27,1986,5,10,959,0,0,0,0,0,0
200702,999,45820, ,Topeka  KS ,32,32,6812,0,0,0,0,0,0,0,0,0,30,30,6535,0,0,0,0,0,0,0,0,0
200702,999,46060,C,Tucson  AZ ,507,507,89294,6,12,1159,3,11,718,1,10,575,108,108,20327,0,0,0,0,0,0,0,0,0
200702,999,46220, ,Tuscaloosa  AL ,95,95,15040,0,0,0,1,4,636,0,0,0,95,95,15040,0,0,0,1,4,636,0,0,0
200702,999,46540, ,Utica-Rome  NY ,1,1,60,0,0,0,0,0,0,0,0,0,0,0,0,0,0,0,0,0,0,0,0,0
200702,999,46660, ,Valdosta  GA ,48,48,6143,1,2,164,0,0,0,0,0,0,0,0,0,0,0,0,0,0,0,0,0,0
200702,999,47020, ,Victoria  TX ,6,6,728,0,0,0,0,0,0,0,0,0,0,0,0,0,0,0,0,0,0,0,0,0
200702,999,47260,C,Virginia Beach-Norfolk-Newport News  VA-NC ,391,391,75814,6,12,1025,7,21,2433,23,270,22456,363,363,71301,6,12,1025,7,21,2433,19,201,19877
200702,999,47300, ,Visalia-Porterville  CA ,187,187,30783,2,4,386,2,8,994,3,24,2086,187,187,30783,2,4,386,2,8,994,3,24,2086
200702,999,47380, ,Waco  TX ,53,53,9580,3,6,496,2,8,313,0,0,0,53,53,9580,3,6,496,2,8,313,0,0,0
200702,999,47940, ,Waterloo-Cedar Falls  IA ,5,5,1639,1,2,242,0,0,0,0,0,0,5,5,1639,1,2,242,0,0,0,0,0,0
200702,999,48260, ,Weirton-Steubenville  WV-OH ,4,4,746,0,0,0,0,0,0,0,0,0,4,4,746,0,0,0,0,0,0,0,0,0
200702,999,48300, ,Wenatchee  WA ,32,32,5422,0,0,0,0,0,0,0,0,0,32,32,5422,0,0,0,0,0,0,0,0,0
200702,999,48540, ,Wheeling  WV-OH ,0,0,0,0,0,0,0,0,0,0,0,0,0,0,0,0,0,0,0,0,0,0,0,0
200702,999,48660, ,Wichita Falls  TX ,14,14,2547,2,4,392,0,0,0,5,76,3693,14,14,2547,2,4,392,0,0,0,5,76,3693
200702,999,48900,C,Wilmington  NC ,363,363,66484,0,0,0,0,0,0,18,378,29555,161,161,37431,0,0,0,0,0,0,17,372,28939
200702,999,49420, ,Yakima  WA ,18,18,3725,0,0,0,0,0,0,0,0,0,0,0,0,0,0,0,0,0,0,0,0,0
200702,999,49740, ,Yuma  AZ ,71,71,10135,0,0,0,0,0,0,0,0,0,71,71,10135,0,0,0,0,0,0,0,0,0
