Survey,CSA,CBSA,MONCOV,CBSA,,1-unit,,,2-units,,,3-4 units,,,5+ units,,,1-unit rep,,,2-units rep,,,3-4 units rep,,,5+ units rep
Date,Code,Code,,Name,Bldgs,Units,Value,Bldgs,Units,Value,Bldgs,Units,Value,Bldgs,Units,Value,Bldgs,Units,Value,Bldgs,Units,Value,      Bldgs,Units,Value,Bldgs,Units,Value
 
200803,102,18700, ,Corvallis  OR ,5,5,1744,0,0,0,0,0,0,0,0,0,5,5,1744,0,0,0,0,0,0,0,0,0
200803,104,10580, ,Albany-Schenectady-Troy  NY ,43,43,13453,2,4,600,0,0,0,0,0,0,30,30,10188,2,4,600,0,0,0,0,0,0
200803,104,24020, ,Glens Falls  NY ,14,14,2914,0,0,0,1,3,77,1,5,313,4,4,815,0,0,0,0,0,0,0,0,0
200803,112,11180, ,Ames  IA ,9,9,3007,0,0,0,0,0,0,0,0,0,9,9,3007,0,0,0,0,0,0,0,0,0
200803,118,11540, ,Appleton  WI ,22,22,5485,0,0,0,0,0,0,1,16,640,22,22,5485,0,0,0,0,0,0,1,16,640
200803,118,36780, ,Oshkosh-Neenah  WI ,21,21,5315,1,2,210,0,0,0,0,0,0,21,21,5315,1,2,210,0,0,0,0,0,0
200803,120,11700, ,Asheville  NC ,132,132,30452,0,0,0,1,3,500,2,12,1618,35,35,8638,0,0,0,0,0,0,0,0,0
200803,122,12060,C,Atlanta-Sandy Springs-Marietta  GA ,1555,1555,248263,3,6,678,4,13,1368,13,250,26487,1307,1307,207787,3,6,678,4,13,1368,7,136,15463
200803,122,23580, ,Gainesville  GA ,35,35,4955,0,0,0,0,0,0,0,0,0,35,35,4955,0,0,0,0,0,0,0,0,0
200803,132,12940, ,Baton Rouge  LA ,217,217,28262,0,0,0,0,0,0,12,170,15296,78,78,10271,0,0,0,0,0,0,0,0,0
200803,140,13460,C,Bend  OR ,62,62,15829,0,0,0,3,10,1513,0,0,0,62,62,15829,0,0,0,3,10,1513,0,0,0
200803,142,13820,C,Birmingham-Hoover  AL ,251,251,42651,0,0,0,0,0,0,7,104,5820,186,186,31589,0,0,0,0,0,0,4,40,1200
200803,148,14460,C,Boston-Cambridge-Quincy  MA-NH ,255,255,57319,11,22,2609,8,26,3297,26,540,41480,147,147,36456,6,12,1672,7,23,3068,13,433,30362
200803,148,31700, ,Manchester-Nashua  NH ,36,36,6275,1,2,177,0,0,0,1,5,493,19,19,3329,0,0,0,0,0,0,0,0,0
200803,148,49340, ,Worcester  MA ,37,37,7681,1,2,235,1,3,207,0,0,0,17,17,3913,1,2,235,0,0,0,0,0,0
200803,154,15180, ,Brownsville-Harlingen  TX ,106,106,12346,4,8,545,0,0,0,0,0,0,106,106,12346,4,8,545,0,0,0,0,0,0
200803,160,15380, ,Buffalo-Niagara Falls  NY ,48,48,10795,0,0,0,0,0,0,0,0,0,45,45,10188,0,0,0,0,0,0,0,0,0
200803,172,16740,C,Charlotte-Gastonia-Concord  NC-SC ,662,662,131588,2,4,369,0,0,0,16,168,16668,662,662,131588,2,4,369,0,0,0,16,168,16668
200803,174,16860, ,Chattanooga  TN-GA ,121,121,18106,1,2,93,0,0,0,1,15,1465,94,94,14282,0,0,0,0,0,0,0,0,0
200803,174,17420, ,Cleveland  TN ,26,26,3713,1,2,70,2,8,460,0,0,0,26,26,3713,1,2,70,2,8,460,0,0,0
200803,176,16980,C,Chicago-Naperville-Joliet  IL-IN-WI ,718,718,174326,8,16,1716,13,40,4460,24,650,49295,531,531,131150,5,10,930,12,37,4014,16,597,44284
200803,176,28100, ,Kankakee-Bradley  IL ,3,3,458,0,0,0,0,0,0,0,0,0,3,3,458,0,0,0,0,0,0,0,0,0
200803,176,33140, ,Michigan City-La Porte  IN ,9,9,1554,0,0,0,0,0,0,0,0,0,0,0,0,0,0,0,0,0,0,0,0,0
200803,178,17140,C,Cincinnati-Middletown  OH-KY-IN ,339,339,64560,5,10,2057,2,7,830,9,56,4578,268,268,51001,4,8,1949,1,4,609,4,29,3059
200803,184,10420, ,Akron  OH ,59,59,11800,0,0,0,1,3,69,0,0,0,52,52,11103,0,0,0,0,0,0,0,0,0
200803,184,17460,C,Cleveland-Elyria-Mentor  OH ,198,198,36051,0,0,0,0,0,0,1,5,219,137,137,24359,0,0,0,0,0,0,0,0,0
200803,192,17900,C,Columbia  SC ,299,299,37119,0,0,0,2,6,525,3,55,3001,102,102,13481,0,0,0,0,0,0,0,0,0
200803,194,12220,C,Auburn-Opelika  AL ,77,77,14009,0,0,0,0,0,0,1,15,1266,43,43,8043,0,0,0,0,0,0,0,0,0
200803,194,17980, ,Columbus  GA-AL ,53,53,8074,0,0,0,0,0,0,2,20,1543,25,25,5113,0,0,0,0,0,0,0,0,0
200803,198,18140,C,Columbus  OH ,170,170,35870,1,2,490,1,3,81,2,151,4559,133,133,27832,1,2,490,0,0,0,1,144,4310
200803,204,18580, ,Corpus Christi  TX ,95,95,10993,0,0,0,0,0,0,9,216,6276,93,93,10768,0,0,0,0,0,0,9,216,6276
200803,206,19100,C,Dallas-Fort Worth-Arlington  TX ,1612,1612,343830,22,44,3926,2,8,4012,33,1640,155467,1461,1461,311045,20,40,3624,2,8,4012,30,1585,152110
200803,212,19380, ,Dayton  OH ,70,70,13435,0,0,0,0,0,0,1,5,745,64,64,12427,0,0,0,0,0,0,0,0,0
200803,212,44220, ,Springfield  OH ,7,7,1247,0,0,0,0,0,0,0,0,0,7,7,1247,0,0,0,0,0,0,0,0,0
200803,216,14500, ,Boulder  CO ,15,15,5544,0,0,0,0,0,0,2,10,824,6,6,3372,0,0,0,0,0,0,0,0,0
200803,216,19740,C,Denver-Aurora  CO ,394,394,92638,0,0,0,0,0,0,4,337,36139,346,346,83094,0,0,0,0,0,0,3,331,35617
200803,218,19780,C,Des Moines-West Des Moines  IA ,182,182,32933,0,0,0,0,0,0,1,24,1615,175,175,31841,0,0,0,0,0,0,1,24,1615
200803,220,11460, ,Ann Arbor  MI ,12,12,2369,0,0,0,0,0,0,0,0,0,3,3,1116,0,0,0,0,0,0,0,0,0
200803,220,19820,C,Detroit-Warren-Livonia  MI ,131,131,27566,4,8,657,9,29,2126,2,12,1021,90,90,21629,4,8,657,7,23,1637,1,7,831
200803,220,22420, ,Flint  MI ,4,4,654,0,0,0,0,0,0,0,0,0,3,3,470,0,0,0,0,0,0,0,0,0
200803,220,33780, ,Monroe  MI ,8,8,1296,0,0,0,0,0,0,0,0,0,8,8,1296,0,0,0,0,0,0,0,0,0
200803,222,20020, ,Dothan  AL ,24,24,2079,0,0,0,0,0,0,0,0,0,0,0,0,0,0,0,0,0,0,0,0,0
200803,232,20740, ,Eau Claire  WI ,10,10,1489,0,0,0,1,4,250,0,0,0,10,10,1489,0,0,0,1,4,250,0,0,0
200803,244,22020, ,Fargo  ND-MN ,11,11,1863,0,0,0,0,0,0,2,84,4650,11,11,1863,0,0,0,0,0,0,2,84,4650
200803,252,22540, ,Fond du Lac  WI ,2,2,428,0,0,0,0,0,0,1,5,241,1,1,230,0,0,0,0,0,0,0,0,0
200803,258,23060,C,Fort Wayne  IN ,56,56,9545,0,0,0,0,0,0,0,0,0,56,56,9545,0,0,0,0,0,0,0,0,0
200803,260,23420, ,Fresno  CA ,141,141,27687,0,0,0,2,6,438,1,5,307,70,70,15406,0,0,0,0,0,0,0,0,0
200803,260,31460, ,Madera  CA ,19,19,3504,0,0,0,0,0,0,0,0,0,19,19,3504,0,0,0,0,0,0,0,0,0
200803,266,24340,C,Grand Rapids-Wyoming  MI ,81,81,14163,0,0,0,0,0,0,0,0,0,57,57,10898,0,0,0,0,0,0,0,0,0
200803,266,26100, ,Holland-Grand Haven  MI ,26,26,5339,0,0,0,0,0,0,0,0,0,17,17,3698,0,0,0,0,0,0,0,0,0
200803,266,34740, ,Muskegon-Norton Shores  MI ,5,5,1220,0,0,0,0,0,0,0,0,0,5,5,1220,0,0,0,0,0,0,0,0,0
200803,268,15500, ,Burlington  NC ,68,68,10690,0,0,0,0,0,0,2,48,1360,68,68,10690,0,0,0,0,0,0,2,48,1360
200803,268,24660,C,Greensboro-High Point  NC ,236,236,36797,0,0,0,1,3,67,11,192,7807,180,180,24278,0,0,0,0,0,0,11,192,7807
200803,268,49180, ,Winston-Salem  NC ,120,120,21457,0,0,0,0,0,0,7,168,3430,105,105,18840,0,0,0,0,0,0,7,168,3430
200803,273,11340, ,Anderson  SC ,74,74,12495,0,0,0,0,0,0,0,0,0,74,74,12495,0,0,0,0,0,0,0,0,0
200803,273,24860,C,Greenville  SC ,197,197,28145,8,16,1531,0,0,0,3,56,5728,42,42,9715,8,16,1531,0,0,0,2,47,4876
200803,273,43900, ,Spartanburg  SC ,100,100,11148,0,0,0,0,0,0,0,0,0,100,100,11148,0,0,0,0,0,0,0,0,0
200803,274,25060, ,Gulfport-Biloxi  MS ,194,194,22208,9,18,20433,3,12,948,8,300,12167,145,145,15690,9,18,20433,3,12,948,8,300,12167
200803,274,37700, ,Pascagoula  MS ,60,60,8582,0,0,0,1,3,75,2,22,1606,26,26,4172,0,0,0,0,0,0,2,22,1606
200803,276,25420, ,Harrisburg-Carlisle  PA ,87,87,14050,0,0,0,0,0,0,0,0,0,76,76,12121,0,0,0,0,0,0,0,0,0
200803,276,30140, ,Lebanon  PA ,30,30,5156,0,0,0,0,0,0,0,0,0,27,27,4632,0,0,0,0,0,0,0,0,0
200803,278,25540, ,Hartford-West Hartford-East Hartford  CT ,99,99,21504,2,4,272,0,0,0,6,52,3938,69,69,16354,0,0,0,0,0,0,2,18,1896
200803,288,26420,C,Houston-Sugar Land-Baytown  TX ,2950,2950,529989,4,8,715,24,95,9477,95,2057,197833,2813,2813,505700,3,6,544,23,92,9477,93,2031,196884
200803,290,19460, ,Decatur  AL ,15,15,2549,0,0,0,0,0,0,0,0,0,15,15,2549,0,0,0,0,0,0,0,0,0
200803,290,26620, ,Huntsville  AL ,255,255,22259,0,0,0,0,0,0,0,0,0,155,155,8172,0,0,0,0,0,0,0,0,0
200803,292,26820, ,Idaho Falls  ID ,45,45,5169,0,0,0,0,0,0,0,0,0,45,45,5169,0,0,0,0,0,0,0,0,0
200803,294,11300, ,Anderson  IN ,9,9,1656,0,0,0,0,0,0,0,0,0,2,2,356,0,0,0,0,0,0,0,0,0
200803,294,18020, ,Columbus  IN ,20,20,4862,0,0,0,0,0,0,0,0,0,20,20,4862,0,0,0,0,0,0,0,0,0
200803,294,26900,C,Indianapolis-Carmel  IN ,410,410,81312,2,4,449,5,18,2251,2,11,791,384,384,76159,2,4,449,5,18,2251,1,6,502
200803,296,27060, ,Ithaca  NY ,2,2,324,1,2,100,0,0,0,3,79,17597,2,2,324,1,2,100,0,0,0,2,74,17280
200803,297,27180, ,Jackson  TN ,46,46,4023,0,0,0,1,4,225,0,0,0,46,46,4023,0,0,0,1,4,225,0,0,0
200803,298,27140, ,Jackson  MS ,155,155,26059,1,2,250,0,0,0,1,12,469,145,145,23873,0,0,0,0,0,0,0,0,0
200803,304,27740, ,Johnson City  TN ,50,50,6988,0,0,0,1,4,140,14,372,20518,23,23,4173,0,0,0,1,4,140,14,372,20518
200803,304,28700, ,Kingsport-Bristol-Bristol  TN-VA ,38,38,4399,0,0,0,0,0,0,2,13,774,16,16,1497,0,0,0,0,0,0,0,0,0
200803,308,27860, ,Jonesboro  AR ,39,39,4346,0,0,0,0,0,0,0,0,0,37,37,4109,0,0,0,0,0,0,0,0,0
200803,312,28140,C,Kansas City  MO-KS ,337,337,71156,5,10,1102,3,11,1382,7,120,8588,287,287,62472,5,10,1102,3,11,1382,6,115,7986
200803,314,28940, ,Knoxville  TN ,158,158,25010,0,0,0,0,0,0,1,23,1485,130,130,22020,0,0,0,0,0,0,0,0,0
200803,316,29020, ,Kokomo  IN ,5,5,778,0,0,0,0,0,0,0,0,0,5,5,778,0,0,0,0,0,0,0,0,0
200803,318,29180, ,Lafayette  LA ,71,71,9741,1,2,171,0,0,0,1,22,1075,18,18,2521,0,0,0,0,0,0,0,0,0
200803,320,29140, ,Lafayette  IN ,47,47,7849,0,0,0,0,0,0,0,0,0,47,47,7849,0,0,0,0,0,0,0,0,0
200803,324,29340, ,Lake Charles  LA ,23,23,3048,0,0,0,0,0,0,1,6,270,21,21,2836,0,0,0,0,0,0,1,6,270
200803,330,29620, ,Lansing-East Lansing  MI ,19,19,4087,0,0,0,0,0,0,1,5,198,11,11,2625,0,0,0,0,0,0,0,0,0
200803,332,29820,C,Las Vegas-Paradise  NV ,414,414,75222,0,0,0,0,0,0,2,113,13449,413,413,74780,0,0,0,0,0,0,2,113,13449
200803,336,30460, ,Lexington-Fayette  KY ,118,118,18865,0,0,0,0,0,0,0,0,0,100,100,15751,0,0,0,0,0,0,0,0,0
200803,338,30620, ,Lima  OH ,1,1,162,0,0,0,0,0,0,0,0,0,0,0,0,0,0,0,0,0,0,0,0,0
200803,340,30780, ,Little Rock-North Little Rock  AR ,139,139,25719,1,2,116,0,0,0,1,11,556,117,117,22257,0,0,0,0,0,0,0,0,0
200803,340,38220, ,Pine Bluff  AR ,10,10,166,0,0,0,0,0,0,0,0,0,10,10,166,0,0,0,0,0,0,0,0,0
200803,346,30980, ,Longview  TX ,12,12,2317,0,0,0,0,0,0,1,14,644,0,0,0,0,0,0,0,0,0,0,0,0
200803,348,31100,C,Los Angeles-Long Beach-Santa Ana  CA ,347,347,112871,22,44,5055,3,9,1300,29,281,35204,301,301,97407,19,38,3702,1,3,1048,22,243,30914
200803,348,37100, ,Oxnard-Thousand Oaks-Ventura  CA ,42,42,11659,2,4,549,1,4,457,3,32,4146,23,23,6384,2,4,549,1,4,457,2,19,2930
200803,348,40140,C,Riverside-San Bernardino-Ontario  CA ,639,639,125704,4,8,971,1,3,350,9,64,6815,485,485,96999,2,4,511,0,0,0,7,54,5763
200803,350,21060, ,Elizabethtown  KY ,19,19,3472,0,0,0,0,0,0,0,0,0,19,19,3472,0,0,0,0,0,0,0,0,0
200803,350,31140,C,Louisville-Jefferson County  KY-IN ,258,258,50970,0,0,0,0,0,0,1,8,510,233,233,45222,0,0,0,0,0,0,1,8,510
200803,352,31180, ,Lubbock  TX ,77,77,12323,0,0,0,0,0,0,0,0,0,77,77,12323,0,0,0,0,0,0,0,0,0
200803,356,31420, ,Macon  GA ,18,18,2969,0,0,0,0,0,0,0,0,0,18,18,2969,0,0,0,0,0,0,0,0,0
200803,356,47580, ,Warner Robins  GA ,41,41,5535,0,0,0,0,0,0,0,0,0,36,36,4651,0,0,0,0,0,0,0,0,0
200803,358,31540,C,Madison  WI ,53,53,12008,5,10,1364,0,0,0,4,125,11414,42,42,10584,4,8,1095,0,0,0,3,116,10428
200803,360,31900, ,Mansfield  OH ,4,4,669,0,0,0,0,0,0,0,0,0,4,4,669,0,0,0,0,0,0,0,0,0
200803,372,33260,C,Midland  TX ,64,64,7064,0,0,0,0,0,0,0,0,0,64,64,7064,0,0,0,0,0,0,0,0,0
200803,372,36220,C,Odessa  TX ,21,21,5044,0,0,0,0,0,0,0,0,0,21,21,5044,0,0,0,0,0,0,0,0,0
200803,376,33340,C,Milwaukee-Waukesha-West Allis  WI ,111,111,28480,2,4,700,3,11,1189,3,26,1801,95,95,24315,2,4,700,2,8,900,1,16,1299
200803,376,39540, ,Racine  WI ,17,17,3655,0,0,0,0,0,0,0,0,0,17,17,3655,0,0,0,0,0,0,0,0,0
200803,378,33460,C,Minneapolis-St. Paul-Bloomington  MN-WI ,271,271,74646,2,4,555,2,6,1000,4,220,21669,233,233,64695,2,4,555,2,6,1000,3,215,20977
200803,378,41060, ,St. Cloud  MN ,12,12,1928,0,0,0,0,0,0,0,0,0,7,7,1351,0,0,0,0,0,0,0,0,0
200803,380,33660, ,Mobile  AL ,154,154,25721,0,0,0,0,0,0,0,0,0,154,154,25721,0,0,0,0,0,0,0,0,0
200803,384,33740, ,Monroe  LA ,20,20,3055,0,0,0,0,0,0,1,7,536,4,4,652,0,0,0,0,0,0,0,0,0
200803,388,33860, ,Montgomery  AL ,56,56,9399,0,0,0,0,0,0,1,8,762,42,42,6936,0,0,0,0,0,0,1,8,762
200803,392,34100, ,Morristown  TN ,10,10,1386,0,0,0,0,0,0,0,0,0,6,6,896,0,0,0,0,0,0,0,0,0
200803,396,34820, ,Myrtle Beach-North Myrtle Beach-Conway  SC ,215,215,32186,0,0,0,0,0,0,4,80,15204,186,186,26895,0,0,0,0,0,0,1,8,477
200803,400,34980,C,Nashville-Davidson--Murfreesboro  TN ,536,536,95304,8,16,1369,0,0,0,4,122,12104,432,432,76183,7,14,1269,0,0,0,4,122,12104
200803,406,35380,C,New Orleans-Metairie-Kenner  LA ,308,308,48377,20,40,2615,0,0,0,12,86,5921,302,302,47354,20,40,2615,0,0,0,12,86,5921
200803,408,14860, ,Bridgeport-Stamford-Norwalk  CT ,58,58,26432,1,2,105,0,0,0,3,45,3255,50,50,23231,0,0,0,0,0,0,3,45,3255
200803,408,28740, ,Kingston  NY ,7,7,1200,0,0,0,0,0,0,0,0,0,6,6,1020,0,0,0,0,0,0,0,0,0
200803,408,35300, ,New Haven-Milford  CT ,43,43,10466,0,0,0,0,0,0,1,13,799,26,26,7658,0,0,0,0,0,0,0,0,0
200803,408,35620,C,New York-Northern New Jersey-Long Island  NY-NJ-PA ,763,763,181690,131,262,26268,62,194,16414,88,1569,165689,526,526,126057,117,234,24177,60,188,16104,66,1420,153850
200803,408,39100, ,Poughkeepsie-Newburgh-Middletown  NY ,47,47,8729,0,0,0,0,0,0,1,7,869,30,30,5045,0,0,0,0,0,0,0,0,0
200803,408,45940,C,Trenton-Ewing  NJ ,41,41,6599,0,0,0,0,0,0,1,60,2320,34,34,6078,0,0,0,0,0,0,1,60,2320
200803,416,36420,C,Oklahoma City  OK ,322,322,59754,0,0,0,1,4,240,5,42,2537,146,146,35185,0,0,0,1,4,240,3,24,1380
200803,420,36540,C,Omaha-Council Bluffs  NE-IA ,210,210,29424,0,0,0,0,0,0,1,5,487,185,185,25514,0,0,0,0,0,0,0,0,0
200803,422,19660,C,Deltona-Daytona Beach-Ormond Beach  FL ,134,134,32690,0,0,0,0,0,0,2,29,5508,106,106,27930,0,0,0,0,0,0,0,0,0
200803,422,36740,C,Orlando-Kissimmee  FL ,621,621,126499,0,0,0,1,4,94,8,111,20971,459,459,104004,0,0,0,1,4,94,6,96,20129
200803,422,37380, ,Palm Coast  FL ,18,18,4145,0,0,0,0,0,0,0,0,0,18,18,4145,0,0,0,0,0,0,0,0,0
200803,426,37900, ,Peoria  IL ,43,43,11234,0,0,0,0,0,0,0,0,0,39,39,10628,0,0,0,0,0,0,0,0,0
200803,428,37980,C,Philadelphia-Camden-Wilmington  PA-NJ-DE-MD ,551,551,93059,3,6,571,3,10,1001,30,456,37751,359,359,66961,3,6,571,2,7,626,21,398,32586
200803,428,47220,C,Vineland-Millville-Bridgeton  NJ ,33,33,4101,0,0,0,0,0,0,0,0,0,21,21,2773,0,0,0,0,0,0,0,0,0
200803,430,38300,C,Pittsburgh  PA ,260,260,50263,1,2,208,0,0,0,7,81,7910,198,198,40193,0,0,0,0,0,0,4,42,6664
200803,438,30340, ,Lewiston-Auburn  ME ,7,7,1195,0,0,0,0,0,0,1,6,324,3,3,597,0,0,0,0,0,0,1,6,324
200803,438,38860, ,Portland-South Portland-Biddeford  ME ,73,73,14721,2,4,500,1,3,261,1,5,925,49,49,9621,2,4,500,0,0,0,0,0,0
200803,442,38940,C,Port St. Lucie  FL ,98,98,23009,0,0,0,0,0,0,2,23,2731,89,89,21083,0,0,0,0,0,0,1,6,1186
200803,442,42680,C,Sebastian-Vero Beach  FL ,63,63,23083,0,0,0,0,0,0,0,0,0,61,61,20843,0,0,0,0,0,0,0,0,0
200803,450,20500,C,Durham  NC ,199,199,43465,2,4,370,0,0,0,2,54,4600,172,172,34826,2,4,370,0,0,0,2,54,4600
200803,450,39580,C,Raleigh-Cary  NC ,614,614,125436,0,0,0,0,0,0,20,480,47624,549,549,115226,0,0,0,0,0,0,20,480,47624
200803,456,39900,C,Reno-Sparks  NV ,84,84,16422,0,0,0,1,4,409,1,10,2040,36,36,7033,0,0,0,0,0,0,0,0,0
200803,464,40380, ,Rochester  NY ,67,67,13843,0,0,0,1,4,250,0,0,0,50,50,11268,0,0,0,1,4,250,0,0,0
200803,466,40420, ,Rockford  IL ,19,19,2648,0,0,0,0,0,0,0,0,0,13,13,1496,0,0,0,0,0,0,0,0,0
200803,472,40900,C,Sacramento--Arden-Arcade--Roseville  CA ,271,271,58000,0,0,0,0,0,0,6,36,4233,269,269,57539,0,0,0,0,0,0,6,36,4233
200803,472,49700, ,Yuba City  CA ,17,17,2290,0,0,0,0,0,0,0,0,0,9,9,865,0,0,0,0,0,0,0,0,0
200803,474,13020, ,Bay City  MI ,1,1,132,0,0,0,0,0,0,0,0,0,1,1,132,0,0,0,0,0,0,0,0,0
200803,474,40980, ,Saginaw-Saginaw Township North  MI ,2,2,251,0,0,0,0,0,0,0,0,0,0,0,0,0,0,0,0,0,0,0,0,0
200803,476,41180,C,St. Louis  MO-IL ,445,445,97566,3,6,485,6,22,1545,2,13,1504,366,366,82160,2,4,305,6,22,1545,1,8,1200
200803,480,41540, ,Salisbury  MD ,18,18,2377,0,0,0,0,0,0,1,15,2056,9,9,1503,0,0,0,0,0,0,0,0,0
200803,482,36260, ,Ogden-Clearfield  UT ,89,89,19535,0,0,0,3,10,1154,3,18,2069,67,67,15238,0,0,0,2,7,687,2,13,1561
200803,482,41620,C,Salt Lake City  UT ,172,172,34598,1,2,198,0,0,0,6,99,14216,120,120,25887,0,0,0,0,0,0,3,76,11447
200803,488,34900, ,Napa  CA ,11,11,3325,0,0,0,0,0,0,0,0,0,11,11,3325,0,0,0,0,0,0,0,0,0
200803,488,41860,C,San Francisco-Oakland-Fremont  CA ,221,221,72443,9,18,2663,5,15,2971,18,336,42137,190,190,61697,8,16,2017,5,15,2971,13,306,38908
200803,488,41940,C,San Jose-Sunnyvale-Santa Clara  CA ,58,58,22821,0,0,0,0,0,0,5,135,16840,49,49,20711,0,0,0,0,0,0,4,117,13925
200803,488,42100, ,Santa Cruz-Watsonville  CA ,13,13,3927,0,0,0,0,0,0,0,0,0,13,13,3927,0,0,0,0,0,0,0,0,0
200803,488,42220, ,Santa Rosa-Petaluma  CA ,47,47,14034,0,0,0,2,6,714,0,0,0,47,47,14034,0,0,0,2,6,714,0,0,0
200803,488,46700, ,Vallejo-Fairfield  CA ,5,5,1208,0,0,0,0,0,0,0,0,0,5,5,1208,0,0,0,0,0,0,0,0,0
200803,492,42140,C,Santa Fe  NM ,13,13,1736,0,0,0,0,0,0,0,0,0,0,0,0,0,0,0,0,0,0,0,0,0
200803,494,14600,C,Bradenton-Sarasota-Venice  FL ,210,210,50662,0,0,0,4,15,1295,7,71,6454,30,30,13838,0,0,0,3,12,934,1,13,1215
200803,494,39460,C,Punta Gorda  FL ,27,27,5968,1,2,342,0,0,0,1,7,1455,25,25,5342,0,0,0,0,0,0,0,0,0
200803,496,25980, ,Hinesville-Fort Stewart  GA ,3,3,678,0,0,0,0,0,0,0,0,0,3,3,678,0,0,0,0,0,0,0,0,0
200803,496,42340, ,Savannah  GA ,131,131,21333,0,0,0,9,36,1875,0,0,0,131,131,21333,0,0,0,9,36,1875,0,0,0
200803,500,14740, ,Bremerton-Silverdale  WA ,43,43,9478,0,0,0,0,0,0,0,0,0,43,43,9478,0,0,0,0,0,0,0,0,0
200803,500,34580, ,Mount Vernon-Anacortes  WA ,35,35,7251,0,0,0,1,3,602,0,0,0,32,32,6431,0,0,0,0,0,0,0,0,0
200803,500,36500, ,Olympia  WA ,113,113,22028,4,8,1143,0,0,0,0,0,0,113,113,22028,4,8,1143,0,0,0,0,0,0
200803,500,42660,C,Seattle-Tacoma-Bellevue  WA ,703,703,164134,29,58,6545,24,85,9329,12,656,137608,635,635,147747,27,54,6328,24,85,9329,7,623,134622
200803,508,43340, ,Shreveport-Bossier City  LA ,75,75,11432,0,0,0,0,0,0,0,0,0,75,75,11432,0,0,0,0,0,0,0,0,0
200803,512,43580, ,Sioux City  IA-NE-SD ,15,15,3213,0,0,0,0,0,0,0,0,0,13,13,2854,0,0,0,0,0,0,0,0,0
200803,515,21140, ,Elkhart-Goshen  IN ,29,29,6778,0,0,0,0,0,0,0,0,0,29,29,6778,0,0,0,0,0,0,0,0,0
200803,515,43780, ,South Bend-Mishawaka  IN-MI ,28,28,5866,0,0,0,2,8,550,0,0,0,28,28,5866,0,0,0,2,8,550,0,0,0
200803,532,45060, ,Syracuse  NY ,42,42,8504,0,0,0,0,0,0,0,0,0,38,38,7569,0,0,0,0,0,0,0,0,0
200803,534,45780, ,Toledo  OH ,53,53,8254,2,4,230,0,0,0,0,0,0,43,43,6094,2,4,230,0,0,0,0,0,0
200803,538,46140,C,Tulsa  OK ,293,293,48067,0,0,0,0,0,0,13,336,34124,284,284,46883,0,0,0,0,0,0,13,336,34124
200803,540,46340, ,Tyler  TX ,16,16,2823,0,0,0,0,0,0,1,6,277,0,0,0,0,0,0,0,0,0,0,0,0
200803,548,12580,C,Baltimore-Towson  MD ,272,272,46423,0,0,0,0,0,0,3,44,4232,256,256,43537,0,0,0,0,0,0,2,22,2149
200803,548,47900,C,Washington-Arlington-Alexandria  DC-VA-MD-WV ,837,837,153006,6,12,1087,0,0,0,10,487,44665,713,713,125920,6,12,1087,0,0,0,7,292,28288
200803,548,49020, ,Winchester  VA-WV ,55,55,9557,0,0,0,0,0,0,0,0,0,55,55,9557,0,0,0,0,0,0,0,0,0
200803,554,48140, ,Wausau  WI ,10,10,1718,1,2,220,0,0,0,1,12,550,8,8,1345,1,2,220,0,0,0,1,12,550
200803,556,48620, ,Wichita  KS ,102,102,14308,2,4,251,0,0,0,2,25,1011,34,34,6311,0,0,0,0,0,0,0,0,0
200803,558,48700, ,Williamsport  PA ,0,0,0,0,0,0,0,0,0,0,0,0,0,0,0,0,0,0,0,0,0,0,0,0
200803,564,49620, ,York-Hanover  PA ,98,98,16540,1,2,160,1,4,400,0,0,0,91,91,15361,1,2,160,1,4,400,0,0,0
200803,566,49660, ,Youngstown-Warren-Boardman  OH-PA ,24,24,4872,0,0,0,0,0,0,2,12,700,8,8,1560,0,0,0,0,0,0,2,12,700
200803,999,10180, ,Abilene  TX ,29,29,5520,0,0,0,0,0,0,0,0,0,29,29,5520,0,0,0,0,0,0,0,0,0
200803,999,10500, ,Albany  GA ,23,23,2758,1,2,150,0,0,0,1,5,188,5,5,704,0,0,0,0,0,0,0,0,0
200803,999,10740,C,Albuquerque  NM ,244,244,45957,0,0,0,1,4,343,2,30,2480,127,127,28817,0,0,0,1,4,343,0,0,0
200803,999,10780, ,Alexandria  LA ,36,36,4755,0,0,0,0,0,0,0,0,0,0,0,0,0,0,0,0,0,0,0,0,0
200803,999,10900,C,Allentown-Bethlehem-Easton  PA-NJ ,154,154,22545,0,0,0,1,3,840,3,16,1145,66,66,10487,0,0,0,0,0,0,1,6,250
200803,999,11020, ,Altoona  PA ,0,0,0,0,0,0,0,0,0,0,0,0,0,0,0,0,0,0,0,0,0,0,0,0
200803,999,11100, ,Amarillo  TX ,27,27,5230,0,0,0,0,0,0,2,17,1051,0,0,0,0,0,0,0,0,0,0,0,0
200803,999,11260,C,Anchorage  AK ,12,12,4355,1,2,897,1,4,609,1,8,864,11,11,4245,1,2,897,1,4,609,1,8,864
200803,999,11500, ,Anniston-Oxford  AL ,13,13,1235,0,0,0,0,0,0,0,0,0,10,10,800,0,0,0,0,0,0,0,0,0
200803,999,12020, ,Athens-Clarke County  GA ,67,67,11563,0,0,0,0,0,0,0,0,0,49,49,6322,0,0,0,0,0,0,0,0,0
200803,999,12100,C,Atlantic City-Hammonton  NJ ,52,52,6321,1,2,304,1,3,667,1,11,278,37,37,3811,0,0,0,0,0,0,0,0,0
200803,999,12260, ,Augusta-Richmond County  GA-SC ,105,105,17129,0,0,0,0,0,0,0,0,0,94,94,15897,0,0,0,0,0,0,0,0,0
200803,999,12420,C,Austin-Round Rock  TX ,864,864,140566,10,20,1539,3,11,1147,20,607,60977,781,781,128956,9,18,1403,3,11,1147,19,574,58999
200803,999,12540, ,Bakersfield  CA ,145,145,21092,1,2,158,8,29,1982,0,0,0,37,37,4368,1,2,158,2,8,541,0,0,0
200803,999,12620, ,Bangor  ME ,13,13,3129,0,0,0,0,0,0,0,0,0,12,12,2929,0,0,0,0,0,0,0,0,0
200803,999,12700, ,Barnstable Town  MA ,22,22,10390,0,0,0,0,0,0,0,0,0,16,16,9041,0,0,0,0,0,0,0,0,0
200803,999,12980, ,Battle Creek  MI ,3,3,727,0,0,0,0,0,0,0,0,0,1,1,400,0,0,0,0,0,0,0,0,0
200803,999,13140, ,Beaumont-Port Arthur  TX ,34,34,5234,2,4,362,0,0,0,1,160,15875,34,34,5234,2,4,362,0,0,0,1,160,15875
200803,999,13380, ,Bellingham  WA ,29,29,7225,0,0,0,0,0,0,1,15,1535,29,29,7225,0,0,0,0,0,0,1,15,1535
200803,999,13740, ,Billings  MT ,30,30,5327,0,0,0,0,0,0,0,0,0,30,30,5327,0,0,0,0,0,0,0,0,0
200803,999,13780, ,Binghamton  NY ,5,5,917,0,0,0,0,0,0,0,0,0,4,4,715,0,0,0,0,0,0,0,0,0
200803,999,13900, ,Bismarck  ND ,57,57,10166,0,0,0,1,4,520,2,35,1791,57,57,10166,0,0,0,1,4,520,2,35,1791
200803,999,14020, ,Bloomington  IN ,30,30,4585,5,10,1020,0,0,0,0,0,0,30,30,4585,5,10,1020,0,0,0,0,0,0
200803,999,14060, ,Bloomington-Normal  IL ,19,19,2444,0,0,0,0,0,0,1,5,173,9,9,927,0,0,0,0,0,0,0,0,0
200803,999,14260,C,Boise City-Nampa  ID ,327,327,64038,1,2,209,13,52,3530,0,0,0,295,295,57451,1,2,209,13,52,3530,0,0,0
200803,999,14540, ,Bowling Green  KY ,43,43,6130,0,0,0,1,4,412,0,0,0,43,43,6130,0,0,0,1,4,412,0,0,0
200803,999,15260, ,Brunswick  GA ,39,39,9088,0,0,0,0,0,0,0,0,0,0,0,0,0,0,0,0,0,0,0,0,0
200803,999,15540, ,Burlington-South Burlington  VT ,24,24,6153,1,2,94,0,0,0,1,5,435,10,10,3289,0,0,0,0,0,0,0,0,0
200803,999,15940, ,Canton-Massillon  OH ,20,20,3142,1,2,214,0,0,0,1,5,238,16,16,2707,1,2,214,0,0,0,0,0,0
200803,999,15980,C,Cape Coral-Fort Myers  FL ,90,90,28440,1,2,181,0,0,0,1,8,1591,90,90,28440,1,2,181,0,0,0,1,8,1591
200803,999,16180,C,Carson City  NV ,5,5,1921,0,0,0,0,0,0,0,0,0,5,5,1921,0,0,0,0,0,0,0,0,0
200803,999,16220, ,Casper  WY ,6,6,4705,0,0,0,0,0,0,0,0,0,6,6,4705,0,0,0,0,0,0,0,0,0
200803,999,16300, ,Cedar Rapids  IA ,75,75,9091,3,6,621,8,30,2001,0,0,0,74,74,8952,3,6,621,8,30,2001,0,0,0
200803,999,16580, ,Champaign-Urbana  IL ,27,27,5300,0,0,0,0,0,0,1,8,2500,27,27,5300,0,0,0,0,0,0,1,8,2500
200803,999,16620, ,Charleston  WV ,13,13,1592,0,0,0,0,0,0,0,0,0,5,5,400,0,0,0,0,0,0,0,0,0
200803,999,16700,C,Charleston-North Charleston-Summerville  SC ,357,357,66092,3,6,455,0,0,0,14,304,14498,228,228,34952,3,6,455,0,0,0,12,288,12816
200803,999,16820, ,Charlottesville  VA ,58,58,17757,0,0,0,0,0,0,0,0,0,58,58,17757,0,0,0,0,0,0,0,0,0
200803,999,16940, ,Cheyenne  WY ,15,15,2643,1,2,320,0,0,0,0,0,0,0,0,0,0,0,0,0,0,0,0,0,0
200803,999,17020, ,Chico  CA ,42,42,4928,0,0,0,0,0,0,0,0,0,42,42,4928,0,0,0,0,0,0,0,0,0
200803,999,17300, ,Clarksville  TN-KY ,79,79,7957,1,2,94,0,0,0,14,192,25473,75,75,7676,1,2,94,0,0,0,14,192,25473
200803,999,17660, ,Coeur dAlene  ID ,62,62,13914,0,0,0,0,0,0,0,0,0,62,62,13914,0,0,0,0,0,0,0,0,0
200803,999,17780, ,College Station-Bryan  TX ,52,52,7518,0,0,0,0,0,0,6,43,2833,52,52,7518,0,0,0,0,0,0,6,43,2833
200803,999,17820,C,Colorado Springs  CO ,170,170,16925,0,0,0,0,0,0,1,10,1313,170,170,16925,0,0,0,0,0,0,1,10,1313
200803,999,17860, ,Columbia  MO ,40,40,6704,4,8,652,1,3,350,1,29,931,17,17,2691,2,4,300,0,0,0,0,0,0
200803,999,19060, ,Cumberland  MD-WV ,7,7,1263,0,0,0,0,0,0,0,0,0,7,7,1263,0,0,0,0,0,0,0,0,0
200803,999,19140, ,Dalton  GA ,26,26,3563,1,2,96,1,3,172,1,6,309,8,8,1364,0,0,0,0,0,0,0,0,0
200803,999,19180, ,Danville  IL ,0,0,0,0,0,0,0,0,0,0,0,0,0,0,0,0,0,0,0,0,0,0,0,0
200803,999,19260, ,Danville  VA ,8,8,994,0,0,0,0,0,0,1,5,295,0,0,0,0,0,0,0,0,0,0,0,0
200803,999,19340, ,Davenport-Moline-Rock Island  IA-IL ,27,27,5109,0,0,0,4,16,800,0,0,0,27,27,5109,0,0,0,4,16,800,0,0,0
200803,999,19500, ,Decatur  IL ,8,8,1561,0,0,0,0,0,0,0,0,0,8,8,1561,0,0,0,0,0,0,0,0,0
200803,999,20100,C,Dover  DE ,56,56,8826,0,0,0,0,0,0,3,128,8062,15,15,2057,0,0,0,0,0,0,3,128,8062
200803,999,20220, ,Dubuque  IA ,13,13,2401,0,0,0,0,0,0,0,0,0,6,6,1003,0,0,0,0,0,0,0,0,0
200803,999,20260, ,Duluth  MN-WI ,31,31,4282,1,2,219,0,0,0,1,5,568,25,25,3512,0,0,0,0,0,0,0,0,0
200803,999,20940, ,El Centro  CA ,18,18,2883,0,0,0,0,0,0,1,8,514,8,8,1607,0,0,0,0,0,0,1,8,514
200803,999,21300, ,Elmira  NY ,0,0,0,0,0,0,0,0,0,0,0,0,0,0,0,0,0,0,0,0,0,0,0,0
200803,999,21340, ,El Paso  TX ,272,272,41050,0,0,0,0,0,0,0,0,0,272,272,41050,0,0,0,0,0,0,0,0,0
200803,999,21500, ,Erie  PA ,15,15,3238,0,0,0,1,4,600,0,0,0,13,13,3001,0,0,0,1,4,600,0,0,0
200803,999,21660, ,Eugene-Springfield  OR ,59,59,11018,1,2,210,0,0,0,0,0,0,58,58,10859,1,2,210,0,0,0,0,0,0
200803,999,21780, ,Evansville  IN-KY ,38,38,5208,0,0,0,0,0,0,0,0,0,22,22,3212,0,0,0,0,0,0,0,0,0
200803,999,21820,C,Fairbanks  AK ,8,8,1679,1,2,242,0,0,0,0,0,0,0,0,0,0,0,0,0,0,0,0,0,0
200803,999,22140,C,Farmington  NM ,31,31,5401,0,0,0,0,0,0,0,0,0,31,31,5401,0,0,0,0,0,0,0,0,0
200803,999,22180, ,Fayetteville  NC ,164,164,25269,0,0,0,0,0,0,3,72,5430,164,164,25269,0,0,0,0,0,0,3,72,5430
200803,999,22220, ,Fayetteville-Springdale-Rogers  AR-MO ,122,122,20244,9,18,2145,1,3,367,5,47,4399,70,70,11328,0,0,0,0,0,0,2,14,2339
200803,999,22380, ,Flagstaff  AZ ,24,24,5395,0,0,0,0,0,0,1,10,656,11,11,2873,0,0,0,0,0,0,0,0,0
200803,999,22500, ,Florence  SC ,35,35,4658,0,0,0,0,0,0,0,0,0,0,0,0,0,0,0,0,0,0,0,0,0
200803,999,22520, ,Florence-Muscle Shoals  AL ,23,23,2398,0,0,0,0,0,0,1,6,240,20,20,2171,0,0,0,0,0,0,1,6,240
200803,999,22660,C,Fort Collins-Loveland  CO ,67,67,17362,2,4,465,3,11,1139,2,89,9696,67,67,17362,2,4,465,3,11,1139,2,89,9696
200803,999,22900, ,Fort Smith  AR-OK ,31,31,3513,9,18,1103,0,0,0,0,0,0,26,26,2893,8,16,993,0,0,0,0,0,0
200803,999,23020, ,Fort Walton Beach-Crestview-Destin  FL ,25,25,4483,0,0,0,0,0,0,0,0,0,19,19,3203,0,0,0,0,0,0,0,0,0
200803,999,23460, ,Gadsden  AL ,8,8,1394,0,0,0,0,0,0,0,0,0,4,4,882,0,0,0,0,0,0,0,0,0
200803,999,23540, ,Gainesville  FL ,56,56,8822,0,0,0,0,0,0,2,38,2378,46,46,7647,0,0,0,0,0,0,0,0,0
200803,999,24140, ,Goldsboro  NC ,25,25,4078,0,0,0,0,0,0,0,0,0,25,25,4078,0,0,0,0,0,0,0,0,0
200803,999,24220, ,Grand Forks  ND-MN ,1,1,594,0,0,0,0,0,0,0,0,0,1,1,594,0,0,0,0,0,0,0,0,0
200803,999,24300,C,Grand Junction  CO ,70,70,14522,1,2,321,0,0,0,0,0,0,70,70,14522,1,2,321,0,0,0,0,0,0
200803,999,24500, ,Great Falls  MT ,14,14,2016,1,2,133,0,0,0,0,0,0,14,14,2016,1,2,133,0,0,0,0,0,0
200803,999,24540,C,Greeley  CO ,84,84,18593,0,0,0,0,0,0,0,0,0,78,78,17555,0,0,0,0,0,0,0,0,0
200803,999,24580, ,Green Bay  WI ,46,46,6192,0,0,0,0,0,0,1,5,202,14,14,3495,0,0,0,0,0,0,0,0,0
200803,999,24780, ,Greenville  NC ,68,68,10683,13,26,1766,0,0,0,1,8,678,67,67,10523,13,26,1766,0,0,0,1,8,678
200803,999,25180, ,Hagerstown-Martinsburg  MD-WV ,109,109,24153,2,4,455,0,0,0,1,12,660,109,109,24153,2,4,455,0,0,0,1,12,660
200803,999,25260, ,Hanford-Corcoran  CA ,18,18,2914,0,0,0,0,0,0,1,5,266,0,0,0,0,0,0,0,0,0,0,0,0
200803,999,25500,C,Harrisonburg  VA ,37,37,6652,1,2,210,0,0,0,0,0,0,9,9,1061,1,2,210,0,0,0,0,0,0
200803,999,25620, ,Hattiesburg  MS ,4,4,869,0,0,0,0,0,0,1,25,900,4,4,869,0,0,0,0,0,0,1,25,900
200803,999,25860, ,Hickory-Lenoir-Morganton  NC ,68,68,13787,1,2,165,0,0,0,0,0,0,33,33,6076,0,0,0,0,0,0,0,0,0
200803,999,26180,C,Honolulu  HI ,55,55,15225,0,0,0,0,0,0,1,34,4290,0,0,0,0,0,0,0,0,0,0,0,0
200803,999,26300, ,Hot Springs  AR ,6,6,690,0,0,0,0,0,0,0,0,0,6,6,690,0,0,0,0,0,0,0,0,0
200803,999,26380, ,Houma-Bayou Cane-Thibodaux  LA ,53,53,11400,0,0,0,0,0,0,0,0,0,53,53,11400,0,0,0,0,0,0,0,0,0
200803,999,26580, ,Huntington-Ashland  WV-KY-OH ,5,5,443,0,0,0,0,0,0,0,0,0,0,0,0,0,0,0,0,0,0,0,0,0
200803,999,26980, ,Iowa City  IA ,41,41,7374,0,0,0,0,0,0,0,0,0,41,41,7374,0,0,0,0,0,0,0,0,0
200803,999,27100, ,Jackson  MI ,4,4,497,0,0,0,0,0,0,0,0,0,2,2,278,0,0,0,0,0,0,0,0,0
200803,999,27260,C,Jacksonville  FL ,464,464,89491,2,4,362,0,0,0,14,319,32844,424,424,80014,2,4,362,0,0,0,11,292,28584
200803,999,27340, ,Jacksonville  NC ,146,146,15467,0,0,0,0,0,0,0,0,0,146,146,15467,0,0,0,0,0,0,0,0,0
200803,999,27500, ,Janesville  WI ,24,24,4083,3,6,638,0,0,0,1,5,179,21,21,3777,2,4,385,0,0,0,0,0,0
200803,999,27620, ,Jefferson City  MO ,9,9,1444,0,0,0,0,0,0,1,5,261,0,0,0,0,0,0,0,0,0,0,0,0
200803,999,27780, ,Johnstown  PA ,0,0,0,0,0,0,0,0,0,0,0,0,0,0,0,0,0,0,0,0,0,0,0,0
200803,999,27900, ,Joplin  MO ,5,5,693,0,0,0,0,0,0,1,5,486,0,0,0,0,0,0,0,0,0,0,0,0
200803,999,28020, ,Kalamazoo-Portage  MI ,32,32,5968,0,0,0,0,0,0,0,0,0,19,19,3625,0,0,0,0,0,0,0,0,0
200803,999,28420, ,Kennewick-Pasco-Richland  WA ,60,60,12328,0,0,0,0,0,0,0,0,0,17,17,3403,0,0,0,0,0,0,0,0,0
200803,999,28660, ,Killeen-Temple-Fort Hood  TX ,169,169,24522,15,30,1799,0,0,0,0,0,0,169,169,24522,15,30,1799,0,0,0,0,0,0
200803,999,29100, ,La Crosse  WI-MN ,20,20,2850,1,2,233,1,3,122,0,0,0,18,18,2493,0,0,0,0,0,0,0,0,0
200803,999,29420, ,Lake Havasu City-Kingman  AZ ,40,40,6119,1,2,233,2,7,600,1,5,369,21,21,3922,1,2,233,1,3,311,0,0,0
200803,999,29460,C,Lakeland-Winter Haven  FL ,167,167,27674,0,0,0,0,0,0,0,0,0,151,151,25207,0,0,0,0,0,0,0,0,0
200803,999,29540, ,Lancaster  PA ,75,75,13920,0,0,0,6,22,2731,0,0,0,67,67,12685,0,0,0,6,22,2731,0,0,0
200803,999,29700,C,Laredo  TX ,80,80,8404,0,0,0,2,6,298,1,16,769,0,0,0,0,0,0,0,0,0,0,0,0
200803,999,29740,C,Las Cruces  NM ,69,69,12329,1,2,156,1,4,291,1,9,695,5,5,1104,0,0,0,0,0,0,0,0,0
200803,999,29940, ,Lawrence  KS ,15,15,2584,1,2,87,1,3,392,1,5,200,0,0,0,0,0,0,0,0,0,0,0,0
200803,999,30020, ,Lawton  OK ,19,19,3683,0,0,0,0,0,0,0,0,0,19,19,3683,0,0,0,0,0,0,0,0,0
200803,999,30300, ,Lewiston  ID-WA ,6,6,1015,0,0,0,0,0,0,0,0,0,6,6,1015,0,0,0,0,0,0,0,0,0
200803,999,30700, ,Lincoln  NE ,75,75,12311,1,2,182,0,0,0,0,0,0,75,75,12311,1,2,182,0,0,0,0,0,0
200803,999,30860, ,Logan  UT-ID ,18,18,2880,0,0,0,0,0,0,0,0,0,17,17,2731,0,0,0,0,0,0,0,0,0
200803,999,31020, ,Longview  WA ,14,14,2986,0,0,0,0,0,0,0,0,0,12,12,2679,0,0,0,0,0,0,0,0,0
200803,999,31340, ,Lynchburg  VA ,54,54,12321,0,0,0,0,0,0,0,0,0,41,41,10346,0,0,0,0,0,0,0,0,0
200803,999,32580,C,McAllen-Edinburg-Mission  TX ,294,294,43342,11,22,1892,8,28,2642,0,0,0,273,273,42111,11,22,1892,8,28,2642,0,0,0
200803,999,32780, ,Medford  OR ,33,33,6839,0,0,0,0,0,0,0,0,0,29,29,6278,0,0,0,0,0,0,0,0,0
200803,999,32820,C,Memphis  TN-MS-AR ,313,313,51385,0,0,0,2,6,618,2,33,2066,234,234,40846,0,0,0,2,6,618,0,0,0
200803,999,32900, ,Merced  CA ,16,16,3922,0,0,0,0,0,0,0,0,0,16,16,3922,0,0,0,0,0,0,0,0,0
200803,999,33100,C,Miami-Fort Lauderdale-Miami Beach  FL ,354,354,69287,8,16,1364,3,10,1104,23,600,79040,253,253,50058,4,8,658,1,4,297,13,451,61229
200803,999,33540,C,Missoula  MT ,55,55,5657,1,2,118,0,0,0,0,0,0,55,55,5657,1,2,118,0,0,0,0,0,0
200803,999,33700, ,Modesto  CA ,29,29,4809,0,0,0,0,0,0,0,0,0,29,29,4809,0,0,0,0,0,0,0,0,0
200803,999,34060, ,Morgantown  WV ,2,2,260,0,0,0,0,0,0,0,0,0,2,2,260,0,0,0,0,0,0,0,0,0
200803,999,34620, ,Muncie  IN ,3,3,483,0,0,0,0,0,0,0,0,0,3,3,483,0,0,0,0,0,0,0,0,0
200803,999,34940,C,Naples-Marco Island  FL ,35,35,18213,0,0,0,1,4,727,0,0,0,29,29,12945,0,0,0,1,4,727,0,0,0
200803,999,35660, ,Niles-Benton Harbor  MI ,2,2,600,0,0,0,0,0,0,0,0,0,2,2,600,0,0,0,0,0,0,0,0,0
200803,999,35980, ,Norwich-New London  CT ,33,33,5884,1,2,190,0,0,0,0,0,0,24,24,4077,1,2,190,0,0,0,0,0,0
200803,999,36100,C,Ocala  FL ,123,123,18278,2,4,188,0,0,0,0,0,0,122,122,18098,2,4,188,0,0,0,0,0,0
200803,999,36140,C,Ocean City  NJ ,44,44,8837,1,2,472,0,0,0,0,0,0,43,43,8653,1,2,472,0,0,0,0,0,0
200803,999,36980, ,Owensboro  KY ,15,15,1566,1,2,227,0,0,0,4,24,1542,15,15,1566,1,2,227,0,0,0,4,24,1542
200803,999,37340,C,Palm Bay-Melbourne-Titusville  FL ,84,84,19848,0,0,0,1,3,817,1,12,1482,70,70,17358,0,0,0,0,0,0,0,0,0
200803,999,37460, ,Panama City-Lynn Haven  FL ,43,43,4255,0,0,0,0,0,0,0,0,0,43,43,4255,0,0,0,0,0,0,0,0,0
200803,999,37620, ,Parkersburg-Marietta-Vienna  WV-OH ,8,8,924,0,0,0,0,0,0,0,0,0,7,7,825,0,0,0,0,0,0,0,0,0
200803,999,37860,C,Pensacola-Ferry Pass-Brent  FL ,115,115,18782,8,16,1450,0,0,0,0,0,0,115,115,18782,8,16,1450,0,0,0,0,0,0
200803,999,38060,C,Phoenix-Mesa-Scottsdale  AZ ,1180,1180,217893,0,0,0,7,23,2206,20,348,23620,1159,1159,210231,0,0,0,7,23,2206,19,343,23000
200803,999,38340, ,Pittsfield  MA ,1,1,52,0,0,0,0,0,0,0,0,0,0,0,0,0,0,0,0,0,0,0,0,0
200803,999,38540, ,Pocatello  ID ,21,21,2911,0,0,0,0,0,0,0,0,0,21,21,2911,0,0,0,0,0,0,0,0,0
200803,999,38900,C,Portland-Vancouver-Beaverton  OR-WA ,368,368,81593,7,14,1612,0,0,0,10,396,47124,287,287,64881,6,12,1396,0,0,0,9,391,46589
200803,999,39140, ,Prescott  AZ ,47,47,9216,0,0,0,0,0,0,1,46,4178,13,13,2901,0,0,0,0,0,0,1,46,4178
200803,999,39300, ,Providence-New Bedford-Fall River  RI-MA ,90,90,19734,11,22,2800,8,24,2345,0,0,0,59,59,14781,11,22,2800,8,24,2345,0,0,0
200803,999,39340, ,Provo-Orem  UT ,112,112,28647,0,0,0,2,8,828,3,38,4304,112,112,28647,0,0,0,2,8,828,3,38,4304
200803,999,39380,C,Pueblo  CO ,34,34,5157,1,2,243,0,0,0,0,0,0,34,34,5157,1,2,243,0,0,0,0,0,0
200803,999,39660, ,Rapid City  SD ,34,34,5407,0,0,0,0,0,0,0,0,0,34,34,5407,0,0,0,0,0,0,0,0,0
200803,999,39740, ,Reading  PA ,33,33,7801,1,2,246,0,0,0,0,0,0,26,26,6590,0,0,0,0,0,0,0,0,0
200803,999,39820, ,Redding  CA ,17,17,3374,0,0,0,0,0,0,0,0,0,17,17,3374,0,0,0,0,0,0,0,0,0
200803,999,40060,C,Richmond  VA ,450,450,75037,1,2,181,0,0,0,18,262,25995,424,424,69634,1,2,181,0,0,0,18,262,25995
200803,999,40220, ,Roanoke  VA ,58,58,11061,0,0,0,0,0,0,0,0,0,58,58,11061,0,0,0,0,0,0,0,0,0
200803,999,40340, ,Rochester  MN ,24,24,5209,0,0,0,0,0,0,1,10,981,4,4,1080,0,0,0,0,0,0,0,0,0
200803,999,40580, ,Rocky Mount  NC ,36,36,4236,1,2,100,0,0,0,0,0,0,25,25,3354,0,0,0,0,0,0,0,0,0
200803,999,40660, ,Rome  GA ,8,8,1614,0,0,0,0,0,0,0,0,0,8,8,1614,0,0,0,0,0,0,0,0,0
200803,999,41100, ,St. George  UT ,44,44,9131,0,0,0,0,0,0,0,0,0,39,39,7911,0,0,0,0,0,0,0,0,0
200803,999,41140, ,St. Joseph  MO-KS ,4,4,644,1,2,234,0,0,0,0,0,0,0,0,0,0,0,0,0,0,0,0,0,0
200803,999,41420, ,Salem  OR ,69,69,14517,3,6,716,0,0,0,0,0,0,62,62,13190,3,6,716,0,0,0,0,0,0
200803,999,41500, ,Salinas  CA ,32,32,6493,0,0,0,11,44,5722,0,0,0,26,26,5352,0,0,0,11,44,5722,0,0,0
200803,999,41660,C,San Angelo  TX ,38,38,6367,0,0,0,0,0,0,0,0,0,38,38,6367,0,0,0,0,0,0,0,0,0
200803,999,41700,C,San Antonio  TX ,496,496,93178,0,0,0,0,0,0,11,150,14617,396,396,79634,0,0,0,0,0,0,8,132,13097
200803,999,41740,C,San Diego-Carlsbad-San Marcos  CA ,164,164,40074,4,8,1242,0,0,0,2,419,49768,157,157,38587,4,8,1242,0,0,0,2,419,49768
200803,999,41780, ,Sandusky  OH ,0,0,0,0,0,0,0,0,0,0,0,0,0,0,0,0,0,0,0,0,0,0,0,0
200803,999,42020, ,San Luis Obispo-Paso Robles  CA ,32,32,7693,0,0,0,0,0,0,1,12,1698,32,32,7693,0,0,0,0,0,0,1,12,1698
200803,999,42060, ,Santa Barbara-Santa Maria  CA ,9,9,3057,0,0,0,0,0,0,1,5,488,0,0,0,0,0,0,0,0,0,0,0,0
200803,999,42540, ,Scranton--Wilkes-Barre  PA ,16,16,1846,0,0,0,0,0,0,0,0,0,6,6,347,0,0,0,0,0,0,0,0,0
200803,999,43100, ,Sheboygan  WI ,3,3,672,0,0,0,0,0,0,0,0,0,0,0,0,0,0,0,0,0,0,0,0,0
200803,999,43300, ,Sherman-Denison  TX ,1,1,209,0,0,0,0,0,0,0,0,0,0,0,0,0,0,0,0,0,0,0,0,0
200803,999,43620, ,Sioux Falls  SD ,61,61,9868,1,2,385,4,15,1300,2,28,2236,58,58,9445,1,2,385,3,12,1124,2,28,2236
200803,999,44060, ,Spokane  WA ,73,73,12567,0,0,0,1,3,246,2,17,1228,73,73,12567,0,0,0,1,3,246,2,17,1228
200803,999,44100, ,Springfield  IL ,15,15,4073,1,2,200,5,16,1278,0,0,0,15,15,4073,1,2,200,5,16,1278,0,0,0
200803,999,44140, ,Springfield  MA ,27,27,5025,4,8,461,1,4,320,0,0,0,22,22,3995,4,8,461,1,4,320,0,0,0
200803,999,44180, ,Springfield  MO ,68,68,11972,31,62,6566,0,0,0,2,33,1370,10,10,1323,31,62,6566,0,0,0,0,0,0
200803,999,44300, ,State College  PA ,28,28,4410,0,0,0,0,0,0,0,0,0,28,28,4410,0,0,0,0,0,0,0,0,0
200803,999,44700,C,Stockton  CA ,81,81,20692,0,0,0,1,4,468,0,0,0,81,81,20692,0,0,0,1,4,468,0,0,0
200803,999,44940,C,Sumter  SC ,35,35,3870,0,0,0,0,0,0,0,0,0,35,35,3870,0,0,0,0,0,0,0,0,0
200803,999,45220, ,Tallahassee  FL ,98,98,19427,0,0,0,1,3,306,2,35,2338,66,66,14118,0,0,0,0,0,0,0,0,0
200803,999,45300,C,Tampa-St. Petersburg-Clearwater  FL ,337,337,59207,6,12,1805,6,21,2435,9,58,9099,331,331,57840,6,12,1805,6,21,2435,8,51,8637
200803,999,45460, ,Terre Haute  IN ,7,7,959,0,0,0,0,0,0,1,5,197,5,5,764,0,0,0,0,0,0,0,0,0
200803,999,45500, ,Texarkana  TX-Texarkana  AR ,8,8,1164,0,0,0,0,0,0,0,0,0,8,8,1164,0,0,0,0,0,0,0,0,0
200803,999,45820, ,Topeka  KS ,37,37,7359,0,0,0,0,0,0,0,0,0,35,35,7334,0,0,0,0,0,0,0,0,0
200803,999,46060,C,Tucson  AZ ,317,317,64622,2,4,347,1,4,226,2,126,9878,244,244,53201,0,0,0,0,0,0,1,121,9526
200803,999,46220, ,Tuscaloosa  AL ,52,52,8592,0,0,0,0,0,0,5,93,5142,28,28,4344,0,0,0,0,0,0,0,0,0
200803,999,46540, ,Utica-Rome  NY ,0,0,0,0,0,0,0,0,0,0,0,0,0,0,0,0,0,0,0,0,0,0,0,0
200803,999,46660, ,Valdosta  GA ,46,46,5368,1,2,172,0,0,0,1,9,584,1,1,82,0,0,0,0,0,0,0,0,0
200803,999,47020, ,Victoria  TX ,6,6,850,0,0,0,0,0,0,0,0,0,0,0,0,0,0,0,0,0,0,0,0,0
200803,999,47260,C,Virginia Beach-Norfolk-Newport News  VA-NC ,293,293,54897,6,12,1391,1,4,412,4,96,8776,280,280,52723,6,12,1391,1,4,412,3,87,7943
200803,999,47300, ,Visalia-Porterville  CA ,100,100,21282,0,0,0,0,0,0,0,0,0,100,100,21282,0,0,0,0,0,0,0,0,0
200803,999,47380, ,Waco  TX ,27,27,5611,1,2,158,0,0,0,0,0,0,2,2,2000,0,0,0,0,0,0,0,0,0
200803,999,47940, ,Waterloo-Cedar Falls  IA ,18,18,2787,0,0,0,0,0,0,1,5,694,10,10,1208,0,0,0,0,0,0,0,0,0
200803,999,48260, ,Weirton-Steubenville  WV-OH ,3,3,448,0,0,0,0,0,0,0,0,0,3,3,448,0,0,0,0,0,0,0,0,0
200803,999,48300, ,Wenatchee  WA ,23,23,3578,0,0,0,0,0,0,0,0,0,10,10,1519,0,0,0,0,0,0,0,0,0
200803,999,48540, ,Wheeling  WV-OH ,0,0,0,0,0,0,0,0,0,0,0,0,0,0,0,0,0,0,0,0,0,0,0,0
200803,999,48660, ,Wichita Falls  TX ,9,9,1583,0,0,0,1,3,162,0,0,0,0,0,0,0,0,0,0,0,0,0,0,0
200803,999,48900,C,Wilmington  NC ,369,369,68183,3,6,1226,0,0,0,5,128,9937,226,226,46178,3,6,1226,0,0,0,5,128,9937
200803,999,49420, ,Yakima  WA ,23,23,5153,0,0,0,0,0,0,0,0,0,23,23,5153,0,0,0,0,0,0,0,0,0
200803,999,49740, ,Yuma  AZ ,55,55,7316,0,0,0,0,0,0,0,0,0,55,55,7316,0,0,0,0,0,0,0,0,0
