Survey,CSA,CBSA,MONCOV,CBSA,,1-unit,,,2-units,,,3-4 units,,,5+ units,,,1-unit rep,,,2-units rep,,,3-4 units rep,,,5+ units rep
Date,Code,Code,,Name,Bldgs,Units,Value,Bldgs,Units,Value,Bldgs,Units,Value,Bldgs,Units,Value,Bldgs,Units,Value,Bldgs,Units,Value,      Bldgs,Units,Value,Bldgs,Units,Value
 
200805,102,18700, ,Corvallis  OR ,0,0,0,0,0,0,0,0,0,0,0,0,0,0,0,0,0,0,0,0,0,0,0,0
200805,104,10580, ,Albany-Schenectady-Troy  NY ,56,56,15792,1,2,352,2,7,699,7,68,3215,38,38,11252,1,2,352,1,4,320,5,46,1808
200805,104,24020, ,Glens Falls  NY ,28,28,5014,0,0,0,0,0,0,0,0,0,16,16,3524,0,0,0,0,0,0,0,0,0
200805,112,11180, ,Ames  IA ,13,13,3166,0,0,0,0,0,0,1,5,381,4,4,1038,0,0,0,0,0,0,0,0,0
200805,118,11540, ,Appleton  WI ,42,42,7846,0,0,0,0,0,0,0,0,0,40,40,7557,0,0,0,0,0,0,0,0,0
200805,118,36780, ,Oshkosh-Neenah  WI ,40,40,7134,1,2,290,1,4,412,0,0,0,40,40,7134,1,2,290,1,4,412,0,0,0
200805,120,11700, ,Asheville  NC ,160,160,38516,1,2,186,3,10,1078,1,13,1208,53,53,13572,0,0,0,0,0,0,0,0,0
200805,122,12060,C,Atlanta-Sandy Springs-Marietta  GA ,1466,1466,252300,0,0,0,3,12,1898,9,279,31428,1339,1339,231268,0,0,0,3,12,1898,6,262,29762
200805,122,23580, ,Gainesville  GA ,44,44,10975,0,0,0,0,0,0,0,0,0,29,29,8907,0,0,0,0,0,0,0,0,0
200805,132,12940, ,Baton Rouge  LA ,249,249,33637,1,2,182,0,0,0,4,103,7968,162,162,16237,0,0,0,0,0,0,0,0,0
200805,140,13460,C,Bend  OR ,68,68,16784,0,0,0,0,0,0,1,53,6938,65,65,16124,0,0,0,0,0,0,1,53,6938
200805,142,13820,C,Birmingham-Hoover  AL ,258,258,45909,2,4,110,1,4,604,3,23,2042,142,142,23245,2,4,110,1,4,604,0,0,0
200805,148,14460,C,Boston-Cambridge-Quincy  MA-NH ,350,350,86785,10,20,2916,4,15,4350,41,483,83412,210,210,54829,8,16,2551,4,15,4350,21,240,49551
200805,148,31700, ,Manchester-Nashua  NH ,29,29,5949,0,0,0,0,0,0,2,11,1057,18,18,3701,0,0,0,0,0,0,0,0,0
200805,148,49340, ,Worcester  MA ,58,58,12188,1,2,280,0,0,0,0,0,0,38,38,8652,0,0,0,0,0,0,0,0,0
200805,154,15180, ,Brownsville-Harlingen  TX ,87,87,8483,2,4,234,2,7,443,0,0,0,22,22,1702,0,0,0,0,0,0,0,0,0
200805,160,15380, ,Buffalo-Niagara Falls  NY ,74,74,17905,0,0,0,1,4,430,4,31,2813,62,62,14572,0,0,0,1,4,430,3,24,480
200805,172,16740,C,Charlotte-Gastonia-Concord  NC-SC ,987,987,211643,1,2,220,11,35,3335,13,506,46705,973,973,208273,1,2,220,11,35,3335,13,506,46705
200805,174,16860, ,Chattanooga  TN-GA ,116,116,18065,1,2,91,0,0,0,1,9,824,89,89,14271,0,0,0,0,0,0,0,0,0
200805,174,17420, ,Cleveland  TN ,30,30,4698,1,2,123,1,4,245,1,5,357,20,20,3391,0,0,0,0,0,0,0,0,0
200805,176,16980,C,Chicago-Naperville-Joliet  IL-IN-WI ,911,911,227602,8,16,1572,23,76,8144,22,680,142595,552,552,146799,7,14,1306,22,73,7888,14,620,135849
200805,176,28100, ,Kankakee-Bradley  IL ,11,11,2812,0,0,0,0,0,0,0,0,0,11,11,2812,0,0,0,0,0,0,0,0,0
200805,176,33140, ,Michigan City-La Porte  IN ,14,14,2694,0,0,0,0,0,0,0,0,0,0,0,0,0,0,0,0,0,0,0,0,0
200805,178,17140,C,Cincinnati-Middletown  OH-KY-IN ,402,402,82594,2,4,379,5,16,1700,10,110,6436,281,281,57011,0,0,0,2,7,828,3,62,3700
200805,184,10420, ,Akron  OH ,66,66,14164,0,0,0,0,0,0,1,8,283,57,57,13267,0,0,0,0,0,0,0,0,0
200805,184,17460,C,Cleveland-Elyria-Mentor  OH ,245,245,52485,1,2,300,0,0,0,3,15,1219,179,179,39117,0,0,0,0,0,0,0,0,0
200805,192,17900,C,Columbia  SC ,379,379,56382,2,4,94,0,0,0,2,33,1863,264,264,42444,2,4,94,0,0,0,0,0,0
200805,194,12220,C,Auburn-Opelika  AL ,74,74,14647,1,2,165,0,0,0,0,0,0,74,74,14647,1,2,165,0,0,0,0,0,0
200805,194,17980, ,Columbus  GA-AL ,62,62,9657,0,0,0,1,3,136,1,17,1283,32,32,6480,0,0,0,0,0,0,0,0,0
200805,198,18140,C,Columbus  OH ,262,262,55811,3,6,1436,4,14,1155,9,79,4966,155,155,36193,3,6,1436,0,0,0,1,5,439
200805,204,18580, ,Corpus Christi  TX ,91,91,11814,0,0,0,0,0,0,0,0,0,15,15,2725,0,0,0,0,0,0,0,0,0
200805,206,19100,C,Dallas-Fort Worth-Arlington  TX ,1806,1806,384299,13,26,1580,1,4,299,68,1616,128224,1583,1583,339104,11,22,1255,0,0,0,65,1555,125106
200805,212,19380, ,Dayton  OH ,69,69,16429,0,0,0,0,0,0,0,0,0,64,64,15462,0,0,0,0,0,0,0,0,0
200805,212,44220, ,Springfield  OH ,9,9,1260,0,0,0,0,0,0,0,0,0,9,9,1260,0,0,0,0,0,0,0,0,0
200805,216,14500, ,Boulder  CO ,28,28,9717,0,0,0,1,3,584,2,15,1442,16,16,7176,0,0,0,0,0,0,0,0,0
200805,216,19740,C,Denver-Aurora  CO ,463,463,120498,2,4,720,0,0,0,8,782,61933,414,414,108674,2,4,720,0,0,0,7,743,59066
200805,218,19780,C,Des Moines-West Des Moines  IA ,228,228,47111,1,2,180,1,4,250,0,0,0,207,207,43762,0,0,0,1,4,250,0,0,0
200805,220,11460, ,Ann Arbor  MI ,22,22,3938,0,0,0,0,0,0,1,5,302,13,13,2838,0,0,0,0,0,0,0,0,0
200805,220,19820,C,Detroit-Warren-Livonia  MI ,219,219,46306,0,0,0,2,7,538,3,104,9978,173,173,37231,0,0,0,1,4,300,3,104,9978
200805,220,22420, ,Flint  MI ,17,17,3478,0,0,0,0,0,0,0,0,0,5,5,845,0,0,0,0,0,0,0,0,0
200805,220,33780, ,Monroe  MI ,8,8,1240,0,0,0,0,0,0,0,0,0,5,5,751,0,0,0,0,0,0,0,0,0
200805,222,20020, ,Dothan  AL ,26,26,3056,0,0,0,0,0,0,0,0,0,26,26,3056,0,0,0,0,0,0,0,0,0
200805,232,20740, ,Eau Claire  WI ,36,36,4792,0,0,0,0,0,0,0,0,0,36,36,4792,0,0,0,0,0,0,0,0,0
200805,244,22020, ,Fargo  ND-MN ,97,97,16245,1,2,219,0,0,0,3,46,2780,97,97,16245,1,2,219,0,0,0,3,46,2780
200805,252,22540, ,Fond du Lac  WI ,16,16,2491,0,0,0,0,0,0,0,0,0,15,15,2328,0,0,0,0,0,0,0,0,0
200805,258,23060,C,Fort Wayne  IN ,78,78,16385,0,0,0,0,0,0,0,0,0,78,78,16385,0,0,0,0,0,0,0,0,0
200805,260,23420, ,Fresno  CA ,201,201,33482,0,0,0,3,10,1058,10,78,6570,152,152,22983,0,0,0,1,3,239,9,72,6031
200805,260,31460, ,Madera  CA ,26,26,5447,0,0,0,0,0,0,0,0,0,26,26,5447,0,0,0,0,0,0,0,0,0
200805,266,24340,C,Grand Rapids-Wyoming  MI ,114,114,19479,1,2,126,1,3,226,3,35,3144,72,72,14260,0,0,0,0,0,0,1,24,2064
200805,266,26100, ,Holland-Grand Haven  MI ,24,24,4439,0,0,0,0,0,0,1,5,437,13,13,2570,0,0,0,0,0,0,0,0,0
200805,266,34740, ,Muskegon-Norton Shores  MI ,16,16,2679,1,2,200,0,0,0,0,0,0,16,16,2679,1,2,200,0,0,0,0,0,0
200805,268,15500, ,Burlington  NC ,46,46,7542,0,0,0,0,0,0,0,0,0,46,46,7542,0,0,0,0,0,0,0,0,0
200805,268,24660,C,Greensboro-High Point  NC ,166,166,31486,0,0,0,0,0,0,5,90,3775,93,93,16361,0,0,0,0,0,0,5,90,3775
200805,268,49180, ,Winston-Salem  NC ,157,157,20961,0,0,0,0,0,0,0,0,0,142,142,18398,0,0,0,0,0,0,0,0,0
200805,273,11340, ,Anderson  SC ,49,49,10909,0,0,0,0,0,0,0,0,0,49,49,10909,0,0,0,0,0,0,0,0,0
200805,273,24860,C,Greenville  SC ,229,229,35144,0,0,0,0,0,0,2,33,3057,185,185,24769,0,0,0,0,0,0,0,0,0
200805,273,43900, ,Spartanburg  SC ,114,114,14232,0,0,0,0,0,0,0,0,0,114,114,14232,0,0,0,0,0,0,0,0,0
200805,274,25060, ,Gulfport-Biloxi  MS ,139,139,19175,12,24,1262,5,15,1596,2,61,7643,91,91,13045,12,24,1262,5,15,1596,1,56,7000
200805,274,37700, ,Pascagoula  MS ,45,45,6911,0,0,0,0,0,0,1,11,1911,15,15,2923,0,0,0,0,0,0,0,0,0
200805,276,25420, ,Harrisburg-Carlisle  PA ,93,93,17113,0,0,0,3,10,1132,1,5,348,68,68,12703,0,0,0,3,10,1132,0,0,0
200805,276,30140, ,Lebanon  PA ,37,37,5407,0,0,0,0,0,0,0,0,0,34,34,4920,0,0,0,0,0,0,0,0,0
200805,278,25540, ,Hartford-West Hartford-East Hartford  CT ,87,87,17322,5,10,970,1,3,950,7,83,7057,57,57,11602,4,8,800,1,3,950,2,18,1896
200805,288,26420,C,Houston-Sugar Land-Baytown  TX ,2990,2990,556120,10,20,1750,8,31,3386,45,906,56704,2488,2488,473617,9,18,1595,8,31,3386,39,835,50010
200805,290,19460, ,Decatur  AL ,18,18,2701,0,0,0,0,0,0,0,0,0,18,18,2701,0,0,0,0,0,0,0,0,0
200805,290,26620, ,Huntsville  AL ,238,238,26557,0,0,0,0,0,0,0,0,0,169,169,16696,0,0,0,0,0,0,0,0,0
200805,292,26820, ,Idaho Falls  ID ,49,49,5065,0,0,0,0,0,0,0,0,0,49,49,5065,0,0,0,0,0,0,0,0,0
200805,294,11300, ,Anderson  IN ,6,6,1422,0,0,0,0,0,0,0,0,0,6,6,1422,0,0,0,0,0,0,0,0,0
200805,294,18020, ,Columbus  IN ,24,24,4811,0,0,0,0,0,0,0,0,0,24,24,4811,0,0,0,0,0,0,0,0,0
200805,294,26900,C,Indianapolis-Carmel  IN ,443,443,86767,1,2,250,3,12,1151,19,255,16758,387,387,76208,1,2,250,3,12,1151,19,255,16758
200805,296,27060, ,Ithaca  NY ,4,4,936,0,0,0,0,0,0,1,12,1057,2,2,435,0,0,0,0,0,0,0,0,0
200805,297,27180, ,Jackson  TN ,40,40,5228,0,0,0,0,0,0,0,0,0,40,40,5228,0,0,0,0,0,0,0,0,0
200805,298,27140, ,Jackson  MS ,207,207,32629,0,0,0,0,0,0,0,0,0,150,150,25184,0,0,0,0,0,0,0,0,0
200805,304,27740, ,Johnson City  TN ,85,85,9471,0,0,0,0,0,0,0,0,0,61,61,6879,0,0,0,0,0,0,0,0,0
200805,304,28700, ,Kingsport-Bristol-Bristol  TN-VA ,43,43,4922,0,0,0,3,12,317,1,5,258,17,17,1152,0,0,0,3,12,317,0,0,0
200805,308,27860, ,Jonesboro  AR ,122,122,6951,0,0,0,0,0,0,0,0,0,121,121,6801,0,0,0,0,0,0,0,0,0
200805,312,28140,C,Kansas City  MO-KS ,263,263,60648,2,4,290,3,12,841,14,159,10244,169,169,42782,2,4,290,3,12,841,12,139,8850
200805,314,28940, ,Knoxville  TN ,255,255,36525,0,0,0,0,0,0,2,29,1655,134,134,21699,0,0,0,0,0,0,0,0,0
200805,316,29020, ,Kokomo  IN ,8,8,1557,0,0,0,0,0,0,0,0,0,8,8,1557,0,0,0,0,0,0,0,0,0
200805,318,29180, ,Lafayette  LA ,79,79,11150,0,0,0,0,0,0,1,12,586,30,30,4572,0,0,0,0,0,0,0,0,0
200805,320,29140, ,Lafayette  IN ,60,60,10509,0,0,0,0,0,0,0,0,0,54,54,9837,0,0,0,0,0,0,0,0,0
200805,324,29340, ,Lake Charles  LA ,31,31,4680,2,4,251,0,0,0,1,24,1803,0,0,0,0,0,0,0,0,0,0,0,0
200805,330,29620, ,Lansing-East Lansing  MI ,21,21,4567,0,0,0,0,0,0,1,5,529,15,15,3473,0,0,0,0,0,0,0,0,0
200805,332,29820,C,Las Vegas-Paradise  NV ,766,766,112578,2,4,347,4,14,1777,31,360,33824,765,765,112345,2,4,347,4,14,1777,31,360,33824
200805,336,30460, ,Lexington-Fayette  KY ,144,144,24483,1,2,120,1,3,325,1,5,429,53,53,10590,0,0,0,0,0,0,0,0,0
200805,338,30620, ,Lima  OH ,4,4,599,0,0,0,0,0,0,0,0,0,2,2,250,0,0,0,0,0,0,0,0,0
200805,340,30780, ,Little Rock-North Little Rock  AR ,184,184,32469,14,28,2020,5,19,1453,8,160,8025,160,160,29327,14,28,2020,5,19,1453,8,160,8025
200805,340,38220, ,Pine Bluff  AR ,5,5,202,1,2,60,0,0,0,0,0,0,5,5,202,1,2,60,0,0,0,0,0,0
200805,346,30980, ,Longview  TX ,14,14,2533,0,0,0,0,0,0,0,0,0,0,0,0,0,0,0,0,0,0,0,0,0
200805,348,31100,C,Los Angeles-Long Beach-Santa Ana  CA ,525,525,148774,37,74,8776,13,44,6461,54,1874,250310,440,440,119874,35,70,8122,11,37,6168,42,1708,231888
200805,348,37100, ,Oxnard-Thousand Oaks-Ventura  CA ,46,46,13539,0,0,0,1,3,365,3,36,3645,22,22,7236,0,0,0,0,0,0,0,0,0
200805,348,40140,C,Riverside-San Bernardino-Ontario  CA ,684,684,200280,9,18,2189,9,30,3722,28,519,49115,518,518,167165,7,14,1901,5,16,2326,20,432,43139
200805,350,21060, ,Elizabethtown  KY ,24,24,3590,1,2,158,1,3,182,1,11,475,17,17,2611,0,0,0,0,0,0,0,0,0
200805,350,31140,C,Louisville-Jefferson County  KY-IN ,248,248,44125,0,0,0,1,3,269,2,10,481,171,171,30115,0,0,0,0,0,0,0,0,0
200805,352,31180, ,Lubbock  TX ,66,66,11219,0,0,0,0,0,0,0,0,0,66,66,11219,0,0,0,0,0,0,0,0,0
200805,356,31420, ,Macon  GA ,29,29,4032,0,0,0,0,0,0,1,17,1210,8,8,1065,0,0,0,0,0,0,0,0,0
200805,356,47580, ,Warner Robins  GA ,65,65,9866,0,0,0,0,0,0,7,154,6100,60,60,8984,0,0,0,0,0,0,7,154,6100
200805,358,31540,C,Madison  WI ,71,71,17892,8,16,1989,2,7,748,2,160,22183,62,62,16313,7,14,1800,1,4,500,1,155,21861
200805,360,31900, ,Mansfield  OH ,8,8,1618,0,0,0,0,0,0,0,0,0,0,0,0,0,0,0,0,0,0,0,0,0
200805,372,33260,C,Midland  TX ,64,64,7345,0,0,0,0,0,0,0,0,0,64,64,7345,0,0,0,0,0,0,0,0,0
200805,372,36220,C,Odessa  TX ,26,26,4543,0,0,0,0,0,0,0,0,0,26,26,4543,0,0,0,0,0,0,0,0,0
200805,376,33340,C,Milwaukee-Waukesha-West Allis  WI ,135,135,43785,2,4,638,0,0,0,6,199,20808,104,104,35032,2,4,638,0,0,0,5,194,20400
200805,376,39540, ,Racine  WI ,24,24,6528,0,0,0,0,0,0,0,0,0,15,15,4255,0,0,0,0,0,0,0,0,0
200805,378,33460,C,Minneapolis-St. Paul-Bloomington  MN-WI ,531,531,112912,1,2,275,4,16,2422,7,74,7802,425,425,84920,1,2,275,4,16,2422,3,50,5201
200805,378,41060, ,St. Cloud  MN ,39,39,7569,0,0,0,0,0,0,1,5,315,26,26,5615,0,0,0,0,0,0,0,0,0
200805,380,33660, ,Mobile  AL ,128,128,24342,0,0,0,0,0,0,0,0,0,122,122,23354,0,0,0,0,0,0,0,0,0
200805,384,33740, ,Monroe  LA ,24,24,3550,1,2,51,0,0,0,1,5,383,0,0,0,0,0,0,0,0,0,0,0,0
200805,388,33860, ,Montgomery  AL ,52,52,8689,0,0,0,0,0,0,0,0,0,31,31,5049,0,0,0,0,0,0,0,0,0
200805,392,34100, ,Morristown  TN ,18,18,4085,3,6,390,0,0,0,0,0,0,13,13,3425,3,6,390,0,0,0,0,0,0
200805,396,34820, ,Myrtle Beach-North Myrtle Beach-Conway  SC ,211,211,32556,0,0,0,0,0,0,4,50,7523,183,183,27112,0,0,0,0,0,0,2,16,1144
200805,400,34980,C,Nashville-Davidson--Murfreesboro  TN ,554,554,104899,2,4,297,1,3,297,1,5,1308,406,406,75221,1,2,247,1,3,297,0,0,0
200805,406,35380,C,New Orleans-Metairie-Kenner  LA ,229,229,39631,14,28,2089,1,3,160,8,276,16007,218,218,37236,14,28,2089,1,3,160,8,276,16007
200805,408,14860, ,Bridgeport-Stamford-Norwalk  CT ,56,56,30613,0,0,0,0,0,0,6,110,15940,39,39,16781,0,0,0,0,0,0,5,104,15520
200805,408,28740, ,Kingston  NY ,18,18,4635,0,0,0,0,0,0,0,0,0,13,13,3642,0,0,0,0,0,0,0,0,0
200805,408,35300, ,New Haven-Milford  CT ,42,42,7402,0,0,0,0,0,0,2,29,1785,27,27,4591,0,0,0,0,0,0,0,0,0
200805,408,35620,C,New York-Northern New Jersey-Long Island  NY-NJ-PA ,813,813,215609,64,128,13663,26,83,10572,200,4851,489932,542,542,147609,57,114,12231,24,76,9740,159,4209,397844
200805,408,39100, ,Poughkeepsie-Newburgh-Middletown  NY ,50,50,11054,0,0,0,0,0,0,6,38,3739,30,30,7298,0,0,0,0,0,0,2,12,1404
200805,408,45940,C,Trenton-Ewing  NJ ,28,28,4603,0,0,0,1,3,2,2,51,4953,10,10,2481,0,0,0,1,3,2,1,24,2330
200805,416,36420,C,Oklahoma City  OK ,349,349,64753,8,16,2117,0,0,0,1,18,1012,171,171,38633,6,12,1800,0,0,0,0,0,0
200805,420,36540,C,Omaha-Council Bluffs  NE-IA ,347,347,49030,4,8,568,0,0,0,1,40,6609,324,324,44783,4,8,568,0,0,0,1,40,6609
200805,422,19660,C,Deltona-Daytona Beach-Ormond Beach  FL ,97,97,21977,1,2,201,0,0,0,1,15,1469,36,36,8501,0,0,0,0,0,0,0,0,0
200805,422,36740,C,Orlando-Kissimmee  FL ,603,603,109952,1,2,318,1,4,348,12,427,20353,374,374,71873,0,0,0,1,4,348,11,419,19912
200805,422,37380, ,Palm Coast  FL ,17,17,3688,6,12,1566,0,0,0,0,0,0,17,17,3688,6,12,1566,0,0,0,0,0,0
200805,426,37900, ,Peoria  IL ,47,47,10973,0,0,0,0,0,0,0,0,0,47,47,10973,0,0,0,0,0,0,0,0,0
200805,428,37980,C,Philadelphia-Camden-Wilmington  PA-NJ-DE-MD ,730,730,123850,7,14,229,7,28,2607,18,213,15597,524,524,93640,7,14,229,7,28,2607,7,114,8559
200805,428,47220,C,Vineland-Millville-Bridgeton  NJ ,36,36,4485,0,0,0,0,0,0,1,5,454,20,20,2631,0,0,0,0,0,0,0,0,0
200805,430,38300,C,Pittsburgh  PA ,354,354,73379,1,2,123,2,7,573,3,18,1075,294,294,62223,0,0,0,1,4,336,1,6,660
200805,438,30340, ,Lewiston-Auburn  ME ,19,19,3583,0,0,0,0,0,0,0,0,0,14,14,2834,0,0,0,0,0,0,0,0,0
200805,438,38860, ,Portland-South Portland-Biddeford  ME ,115,115,21494,0,0,0,1,3,261,3,25,2903,84,84,14532,0,0,0,0,0,0,0,0,0
200805,442,38940,C,Port St. Lucie  FL ,106,106,23389,1,2,335,1,4,458,1,9,781,98,98,21730,1,2,335,0,0,0,0,0,0
200805,442,42680,C,Sebastian-Vero Beach  FL ,46,46,12781,0,0,0,0,0,0,0,0,0,45,45,11301,0,0,0,0,0,0,0,0,0
200805,450,20500,C,Durham  NC ,199,199,45243,0,0,0,0,0,0,0,0,0,199,199,45243,0,0,0,0,0,0,0,0,0
200805,450,39580,C,Raleigh-Cary  NC ,706,706,155610,1,2,219,0,0,0,0,0,0,566,566,132093,0,0,0,0,0,0,0,0,0
200805,456,39900,C,Reno-Sparks  NV ,71,71,16998,0,0,0,1,3,390,2,17,1654,15,15,5146,0,0,0,0,0,0,1,12,1117
200805,464,40380, ,Rochester  NY ,101,101,20313,2,4,700,3,12,925,2,10,677,87,87,17987,2,4,700,3,12,925,1,5,500
200805,466,40420, ,Rockford  IL ,51,51,7559,0,0,0,0,0,0,0,0,0,46,46,6848,0,0,0,0,0,0,0,0,0
200805,472,40900,C,Sacramento--Arden-Arcade--Roseville  CA ,504,504,113033,0,0,0,0,0,0,1,34,3700,496,496,111493,0,0,0,0,0,0,1,34,3700
200805,472,49700, ,Yuba City  CA ,21,21,2853,0,0,0,0,0,0,0,0,0,12,12,918,0,0,0,0,0,0,0,0,0
200805,474,13020, ,Bay City  MI ,3,3,520,0,0,0,0,0,0,0,0,0,3,3,520,0,0,0,0,0,0,0,0,0
200805,474,40980, ,Saginaw-Saginaw Township North  MI ,9,9,1416,0,0,0,0,0,0,0,0,0,8,8,1247,0,0,0,0,0,0,0,0,0
200805,476,41180,C,St. Louis  MO-IL ,503,503,108852,4,8,922,3,11,842,3,28,2681,374,374,83305,3,6,783,2,8,515,1,12,1138
200805,480,41540, ,Salisbury  MD ,17,17,2807,0,0,0,0,0,0,1,10,1364,13,13,2374,0,0,0,0,0,0,0,0,0
200805,482,36260, ,Ogden-Clearfield  UT ,165,165,31505,0,0,0,2,8,955,0,0,0,140,140,26370,0,0,0,1,4,367,0,0,0
200805,482,41620,C,Salt Lake City  UT ,229,229,45523,2,4,449,5,17,2092,5,86,13574,152,152,29281,1,2,212,4,13,1596,2,40,7125
200805,488,34900, ,Napa  CA ,21,21,7830,0,0,0,0,0,0,0,0,0,21,21,7830,0,0,0,0,0,0,0,0,0
200805,488,41860,C,San Francisco-Oakland-Fremont  CA ,177,177,60083,5,10,1250,3,10,2067,10,128,30092,142,142,48589,4,8,963,3,10,2067,8,101,27542
200805,488,41940,C,San Jose-Sunnyvale-Santa Clara  CA ,74,74,32346,0,0,0,1,3,629,5,448,49496,51,51,24502,0,0,0,1,3,629,4,440,47843
200805,488,42100, ,Santa Cruz-Watsonville  CA ,25,25,4481,0,0,0,0,0,0,0,0,0,25,25,4481,0,0,0,0,0,0,0,0,0
200805,488,42220, ,Santa Rosa-Petaluma  CA ,29,29,9602,0,0,0,0,0,0,0,0,0,29,29,9602,0,0,0,0,0,0,0,0,0
200805,488,46700, ,Vallejo-Fairfield  CA ,49,49,11512,0,0,0,0,0,0,1,5,1250,42,42,9473,0,0,0,0,0,0,0,0,0
200805,492,42140,C,Santa Fe  NM ,16,16,2133,0,0,0,0,0,0,0,0,0,0,0,0,0,0,0,0,0,0,0,0,0
200805,494,14600,C,Bradenton-Sarasota-Venice  FL ,199,199,46366,0,0,0,0,0,0,5,73,33560,161,161,38097,0,0,0,0,0,0,4,66,31844
200805,494,39460,C,Punta Gorda  FL ,28,28,7049,0,0,0,2,8,822,1,5,1345,26,26,6246,0,0,0,0,0,0,0,0,0
200805,496,25980, ,Hinesville-Fort Stewart  GA ,4,4,880,0,0,0,0,0,0,1,14,1437,0,0,0,0,0,0,0,0,0,0,0,0
200805,496,42340, ,Savannah  GA ,173,173,25470,0,0,0,0,0,0,9,256,22423,160,160,23081,0,0,0,0,0,0,9,256,22423
200805,500,14740, ,Bremerton-Silverdale  WA ,50,50,11627,0,0,0,0,0,0,1,24,2006,50,50,11627,0,0,0,0,0,0,1,24,2006
200805,500,34580, ,Mount Vernon-Anacortes  WA ,42,42,7676,0,0,0,0,0,0,0,0,0,38,38,6679,0,0,0,0,0,0,0,0,0
200805,500,36500, ,Olympia  WA ,127,127,21188,0,0,0,0,0,0,0,0,0,127,127,21188,0,0,0,0,0,0,0,0,0
200805,500,42660,C,Seattle-Tacoma-Bellevue  WA ,627,627,152130,23,46,9282,16,58,7044,21,754,174264,543,543,135179,21,42,8764,15,55,6642,11,620,159827
200805,508,43340, ,Shreveport-Bossier City  LA ,104,104,8431,0,0,0,0,0,0,0,0,0,104,104,8431,0,0,0,0,0,0,0,0,0
200805,512,43580, ,Sioux City  IA-NE-SD ,17,17,3760,0,0,0,0,0,0,0,0,0,14,14,3221,0,0,0,0,0,0,0,0,0
200805,515,21140, ,Elkhart-Goshen  IN ,36,36,6162,1,2,120,0,0,0,0,0,0,30,30,5304,1,2,120,0,0,0,0,0,0
200805,515,43780, ,South Bend-Mishawaka  IN-MI ,35,35,6730,0,0,0,1,3,550,0,0,0,34,34,6546,0,0,0,1,3,550,0,0,0
200805,532,45060, ,Syracuse  NY ,46,46,8287,0,0,0,0,0,0,2,29,2130,45,45,8089,0,0,0,0,0,0,1,24,1599
200805,534,45780, ,Toledo  OH ,52,52,8611,0,0,0,0,0,0,0,0,0,39,39,5872,0,0,0,0,0,0,0,0,0
200805,538,46140,C,Tulsa  OK ,258,258,43501,0,0,0,0,0,0,0,0,0,249,249,42599,0,0,0,0,0,0,0,0,0
200805,540,46340, ,Tyler  TX ,16,16,2927,0,0,0,0,0,0,1,5,231,0,0,0,0,0,0,0,0,0,0,0,0
200805,548,12580,C,Baltimore-Towson  MD ,306,306,53856,0,0,0,0,0,0,2,22,3555,286,286,50339,0,0,0,0,0,0,1,16,3000
200805,548,47900,C,Washington-Arlington-Alexandria  DC-VA-MD-WV ,697,697,137853,1,2,190,0,0,0,8,478,100785,612,612,117358,1,2,190,0,0,0,4,329,84096
200805,548,49020, ,Winchester  VA-WV ,53,53,9172,0,0,0,0,0,0,0,0,0,43,43,7811,0,0,0,0,0,0,0,0,0
200805,554,48140, ,Wausau  WI ,22,22,3462,1,2,148,0,0,0,0,0,0,18,18,2692,1,2,148,0,0,0,0,0,0
200805,556,48620, ,Wichita  KS ,139,139,20213,2,4,354,0,0,0,1,15,1124,42,42,7687,1,2,210,0,0,0,0,0,0
200805,558,48700, ,Williamsport  PA ,2,2,492,0,0,0,0,0,0,0,0,0,2,2,492,0,0,0,0,0,0,0,0,0
200805,564,49620, ,York-Hanover  PA ,99,99,18553,0,0,0,0,0,0,1,5,574,80,80,15221,0,0,0,0,0,0,0,0,0
200805,566,49660, ,Youngstown-Warren-Boardman  OH-PA ,37,37,6477,1,2,100,0,0,0,0,0,0,18,18,2735,0,0,0,0,0,0,0,0,0
200805,999,10180, ,Abilene  TX ,26,26,4148,0,0,0,0,0,0,0,0,0,26,26,4148,0,0,0,0,0,0,0,0,0
200805,999,10500, ,Albany  GA ,23,23,2974,1,2,150,1,3,153,0,0,0,4,4,815,0,0,0,0,0,0,0,0,0
200805,999,10740,C,Albuquerque  NM ,212,212,40061,0,0,0,3,9,933,1,48,3681,18,18,3105,0,0,0,0,0,0,0,0,0
200805,999,10780, ,Alexandria  LA ,34,34,3912,0,0,0,1,3,413,0,0,0,0,0,0,0,0,0,0,0,0,0,0,0
200805,999,10900,C,Allentown-Bethlehem-Easton  PA-NJ ,199,199,34408,0,0,0,0,0,0,2,10,582,117,117,21596,0,0,0,0,0,0,0,0,0
200805,999,11020, ,Altoona  PA ,1,1,250,0,0,0,0,0,0,0,0,0,1,1,250,0,0,0,0,0,0,0,0,0
200805,999,11100, ,Amarillo  TX ,48,48,11462,0,0,0,0,0,0,0,0,0,48,48,11462,0,0,0,0,0,0,0,0,0
200805,999,11260,C,Anchorage  AK ,23,23,7251,1,2,582,2,7,1237,0,0,0,20,20,6832,1,2,582,2,7,1237,0,0,0
200805,999,11500, ,Anniston-Oxford  AL ,6,6,798,0,0,0,1,4,100,1,6,150,6,6,798,0,0,0,1,4,100,1,6,150
200805,999,12020, ,Athens-Clarke County  GA ,46,46,8718,0,0,0,0,0,0,1,31,1673,18,18,5203,0,0,0,0,0,0,0,0,0
200805,999,12100,C,Atlantic City-Hammonton  NJ ,61,61,9142,0,0,0,0,0,0,3,40,4590,44,44,6756,0,0,0,0,0,0,1,30,4201
200805,999,12260, ,Augusta-Richmond County  GA-SC ,134,134,23489,0,0,0,0,0,0,1,17,1038,18,18,2547,0,0,0,0,0,0,0,0,0
200805,999,12420,C,Austin-Round Rock  TX ,827,827,142451,55,110,8525,5,18,1448,17,619,36548,755,755,133560,55,110,8525,4,15,1448,16,594,35049
200805,999,12540, ,Bakersfield  CA ,150,150,22178,5,10,756,2,7,595,1,5,305,47,47,6779,1,2,121,1,3,281,0,0,0
200805,999,12620, ,Bangor  ME ,9,9,1347,1,2,300,0,0,0,1,5,260,4,4,415,1,2,300,0,0,0,0,0,0
200805,999,12700, ,Barnstable Town  MA ,25,25,8718,0,0,0,0,0,0,1,9,1229,8,8,2622,0,0,0,0,0,0,0,0,0
200805,999,12980, ,Battle Creek  MI ,3,3,591,0,0,0,0,0,0,1,5,280,0,0,0,0,0,0,0,0,0,0,0,0
200805,999,13140, ,Beaumont-Port Arthur  TX ,38,38,5468,0,0,0,0,0,0,0,0,0,38,38,5468,0,0,0,0,0,0,0,0,0
200805,999,13380, ,Bellingham  WA ,58,58,13584,1,2,324,2,6,739,1,14,1454,47,47,11550,0,0,0,0,0,0,0,0,0
200805,999,13740, ,Billings  MT ,35,35,6457,0,0,0,0,0,0,0,0,0,35,35,6457,0,0,0,0,0,0,0,0,0
200805,999,13780, ,Binghamton  NY ,9,9,1467,0,0,0,0,0,0,0,0,0,7,7,1105,0,0,0,0,0,0,0,0,0
200805,999,13900, ,Bismarck  ND ,62,62,12952,0,0,0,0,0,0,1,12,500,62,62,12952,0,0,0,0,0,0,1,12,500
200805,999,14020, ,Bloomington  IN ,26,26,4190,4,8,786,0,0,0,0,0,0,26,26,4190,4,8,786,0,0,0,0,0,0
200805,999,14060, ,Bloomington-Normal  IL ,29,29,3550,0,0,0,0,0,0,1,5,176,16,16,1576,0,0,0,0,0,0,0,0,0
200805,999,14260,C,Boise City-Nampa  ID ,278,278,58090,2,4,232,5,19,912,0,0,0,216,216,48584,0,0,0,0,0,0,0,0,0
200805,999,14540, ,Bowling Green  KY ,24,24,3811,0,0,0,0,0,0,0,0,0,24,24,3811,0,0,0,0,0,0,0,0,0
200805,999,15260, ,Brunswick  GA ,41,41,10858,0,0,0,0,0,0,0,0,0,0,0,0,0,0,0,0,0,0,0,0,0
200805,999,15540, ,Burlington-South Burlington  VT ,26,26,5653,2,4,476,0,0,0,2,29,2119,15,15,3635,1,2,260,0,0,0,1,24,1752
200805,999,15940, ,Canton-Massillon  OH ,32,32,6469,0,0,0,0,0,0,1,5,238,0,0,0,0,0,0,0,0,0,0,0,0
200805,999,15980,C,Cape Coral-Fort Myers  FL ,168,168,47002,0,0,0,0,0,0,3,38,2302,167,167,46528,0,0,0,0,0,0,3,38,2302
200805,999,16180,C,Carson City  NV ,1,1,400,0,0,0,0,0,0,0,0,0,1,1,400,0,0,0,0,0,0,0,0,0
200805,999,16220, ,Casper  WY ,45,45,6801,0,0,0,0,0,0,0,0,0,45,45,6801,0,0,0,0,0,0,0,0,0
200805,999,16300, ,Cedar Rapids  IA ,89,89,9437,0,0,0,6,21,1349,0,0,0,85,85,8858,0,0,0,6,21,1349,0,0,0
200805,999,16580, ,Champaign-Urbana  IL ,30,30,5864,0,0,0,0,0,0,0,0,0,28,28,5420,0,0,0,0,0,0,0,0,0
200805,999,16620, ,Charleston  WV ,21,21,3415,0,0,0,0,0,0,1,5,657,7,7,605,0,0,0,0,0,0,0,0,0
200805,999,16700,C,Charleston-North Charleston-Summerville  SC ,318,318,62228,0,0,0,4,15,1689,2,19,2894,164,164,25952,0,0,0,3,12,447,0,0,0
200805,999,16820, ,Charlottesville  VA ,63,63,23691,0,0,0,0,0,0,0,0,0,63,63,23691,0,0,0,0,0,0,0,0,0
200805,999,16940, ,Cheyenne  WY ,40,40,3080,0,0,0,0,0,0,0,0,0,40,40,3080,0,0,0,0,0,0,0,0,0
200805,999,17020, ,Chico  CA ,26,26,3617,0,0,0,0,0,0,1,8,760,26,26,3617,0,0,0,0,0,0,1,8,760
200805,999,17300, ,Clarksville  TN-KY ,61,61,7864,2,4,376,0,0,0,0,0,0,58,58,7627,2,4,376,0,0,0,0,0,0
200805,999,17660, ,Coeur dAlene  ID ,74,74,15927,2,4,495,0,0,0,0,0,0,74,74,15927,2,4,495,0,0,0,0,0,0
200805,999,17780, ,College Station-Bryan  TX ,63,63,9446,4,8,690,2,8,782,1,6,592,63,63,9446,4,8,690,2,8,782,1,6,592
200805,999,17820,C,Colorado Springs  CO ,208,208,46120,0,0,0,0,0,0,0,0,0,208,208,46120,0,0,0,0,0,0,0,0,0
200805,999,17860, ,Columbia  MO ,74,74,11631,0,0,0,0,0,0,0,0,0,74,74,11631,0,0,0,0,0,0,0,0,0
200805,999,19060, ,Cumberland  MD-WV ,6,6,524,0,0,0,0,0,0,0,0,0,6,6,524,0,0,0,0,0,0,0,0,0
200805,999,19140, ,Dalton  GA ,24,24,3045,1,2,97,2,6,315,1,5,247,5,5,888,0,0,0,0,0,0,0,0,0
200805,999,19180, ,Danville  IL ,0,0,0,0,0,0,0,0,0,0,0,0,0,0,0,0,0,0,0,0,0,0,0,0
200805,999,19260, ,Danville  VA ,9,9,1118,0,0,0,0,0,0,0,0,0,0,0,0,0,0,0,0,0,0,0,0,0
200805,999,19340, ,Davenport-Moline-Rock Island  IA-IL ,34,34,6307,0,0,0,0,0,0,0,0,0,26,26,4250,0,0,0,0,0,0,0,0,0
200805,999,19500, ,Decatur  IL ,2,2,180,0,0,0,0,0,0,0,0,0,2,2,180,0,0,0,0,0,0,0,0,0
200805,999,20100,C,Dover  DE ,81,81,10191,0,0,0,0,0,0,0,0,0,27,27,2275,0,0,0,0,0,0,0,0,0
200805,999,20220, ,Dubuque  IA ,14,14,2588,1,2,232,0,0,0,0,0,0,7,7,1015,1,2,232,0,0,0,0,0,0
200805,999,20260, ,Duluth  MN-WI ,42,42,6412,0,0,0,0,0,0,0,0,0,14,14,2631,0,0,0,0,0,0,0,0,0
200805,999,20940, ,El Centro  CA ,23,23,3219,0,0,0,1,3,282,1,6,534,8,8,1039,0,0,0,0,0,0,0,0,0
200805,999,21300, ,Elmira  NY ,0,0,0,0,0,0,0,0,0,0,0,0,0,0,0,0,0,0,0,0,0,0,0,0
200805,999,21340, ,El Paso  TX ,236,236,39079,0,0,0,0,0,0,1,14,526,216,216,38086,0,0,0,0,0,0,1,14,526
200805,999,21500, ,Erie  PA ,21,21,3702,0,0,0,0,0,0,0,0,0,17,17,3148,0,0,0,0,0,0,0,0,0
200805,999,21660, ,Eugene-Springfield  OR ,61,61,10555,3,6,783,0,0,0,0,0,0,50,50,8626,2,4,538,0,0,0,0,0,0
200805,999,21780, ,Evansville  IN-KY ,43,43,6599,1,2,270,0,0,0,3,15,2203,3,3,483,0,0,0,0,0,0,0,0,0
200805,999,21820,C,Fairbanks  AK ,5,5,820,0,0,0,0,0,0,0,0,0,1,1,232,0,0,0,0,0,0,0,0,0
200805,999,22140,C,Farmington  NM ,24,24,5046,0,0,0,0,0,0,0,0,0,24,24,5046,0,0,0,0,0,0,0,0,0
200805,999,22180, ,Fayetteville  NC ,123,123,19874,1,2,85,0,0,0,0,0,0,123,123,19874,1,2,85,0,0,0,0,0,0
200805,999,22220, ,Fayetteville-Springdale-Rogers  AR-MO ,103,103,17653,4,8,931,1,3,165,1,18,985,54,54,9800,0,0,0,0,0,0,0,0,0
200805,999,22380, ,Flagstaff  AZ ,24,24,4965,0,0,0,0,0,0,0,0,0,24,24,4965,0,0,0,0,0,0,0,0,0
200805,999,22500, ,Florence  SC ,46,46,6255,0,0,0,0,0,0,1,16,960,0,0,0,0,0,0,0,0,0,0,0,0
200805,999,22520, ,Florence-Muscle Shoals  AL ,15,15,1611,4,8,360,0,0,0,1,5,383,5,5,433,4,8,360,0,0,0,0,0,0
200805,999,22660,C,Fort Collins-Loveland  CO ,83,83,18519,0,0,0,1,4,451,1,6,648,83,83,18519,0,0,0,1,4,451,1,6,648
200805,999,22900, ,Fort Smith  AR-OK ,51,51,8038,0,0,0,1,3,150,1,8,400,46,46,7314,0,0,0,1,3,150,1,8,400
200805,999,23020, ,Fort Walton Beach-Crestview-Destin  FL ,26,26,5326,0,0,0,0,0,0,1,8,659,1,1,289,0,0,0,0,0,0,0,0,0
200805,999,23460, ,Gadsden  AL ,11,11,1854,0,0,0,0,0,0,1,8,450,11,11,1854,0,0,0,0,0,0,1,8,450
200805,999,23540, ,Gainesville  FL ,21,21,2628,0,0,0,0,0,0,1,28,1704,11,11,1604,0,0,0,0,0,0,0,0,0
200805,999,24140, ,Goldsboro  NC ,25,25,4621,0,0,0,0,0,0,0,0,0,25,25,4621,0,0,0,0,0,0,0,0,0
200805,999,24220, ,Grand Forks  ND-MN ,14,14,3439,0,0,0,0,0,0,0,0,0,14,14,3439,0,0,0,0,0,0,0,0,0
200805,999,24300,C,Grand Junction  CO ,75,75,14743,0,0,0,0,0,0,0,0,0,75,75,14743,0,0,0,0,0,0,0,0,0
200805,999,24500, ,Great Falls  MT ,13,13,2470,0,0,0,0,0,0,0,0,0,13,13,2470,0,0,0,0,0,0,0,0,0
200805,999,24540,C,Greeley  CO ,96,96,22332,0,0,0,0,0,0,2,21,1357,63,63,13584,0,0,0,0,0,0,0,0,0
200805,999,24580, ,Green Bay  WI ,81,81,10345,1,2,207,0,0,0,1,8,324,22,22,5869,0,0,0,0,0,0,0,0,0
200805,999,24780, ,Greenville  NC ,75,75,11484,0,0,0,0,0,0,0,0,0,74,74,11344,0,0,0,0,0,0,0,0,0
200805,999,25180, ,Hagerstown-Martinsburg  MD-WV ,86,86,13960,0,0,0,0,0,0,0,0,0,86,86,13960,0,0,0,0,0,0,0,0,0
200805,999,25260, ,Hanford-Corcoran  CA ,22,22,3322,0,0,0,0,0,0,0,0,0,22,22,3322,0,0,0,0,0,0,0,0,0
200805,999,25500,C,Harrisonburg  VA ,66,66,9224,0,0,0,0,0,0,2,197,12670,33,33,3096,0,0,0,0,0,0,2,197,12670
200805,999,25620, ,Hattiesburg  MS ,11,11,2391,0,0,0,2,8,830,0,0,0,11,11,2391,0,0,0,2,8,830,0,0,0
200805,999,25860, ,Hickory-Lenoir-Morganton  NC ,86,86,19099,1,2,192,0,0,0,0,0,0,49,49,12892,1,2,192,0,0,0,0,0,0
200805,999,26180,C,Honolulu  HI ,65,65,18359,0,0,0,2,7,791,3,131,17536,0,0,0,0,0,0,0,0,0,0,0,0
200805,999,26300, ,Hot Springs  AR ,6,6,656,0,0,0,0,0,0,0,0,0,0,0,0,0,0,0,0,0,0,0,0,0
200805,999,26380, ,Houma-Bayou Cane-Thibodaux  LA ,61,61,13798,0,0,0,0,0,0,0,0,0,61,61,13798,0,0,0,0,0,0,0,0,0
200805,999,26580, ,Huntington-Ashland  WV-KY-OH ,3,3,331,0,0,0,0,0,0,0,0,0,0,0,0,0,0,0,0,0,0,0,0,0
200805,999,26980, ,Iowa City  IA ,70,70,12790,1,2,250,0,0,0,0,0,0,63,63,11091,1,2,250,0,0,0,0,0,0
200805,999,27100, ,Jackson  MI ,5,5,824,2,4,463,0,0,0,0,0,0,3,3,605,2,4,463,0,0,0,0,0,0
200805,999,27260,C,Jacksonville  FL ,518,518,105500,2,4,343,0,0,0,7,96,8892,502,502,102984,2,4,343,0,0,0,7,96,8892
200805,999,27340, ,Jacksonville  NC ,109,109,12988,0,0,0,0,0,0,0,0,0,109,109,12988,0,0,0,0,0,0,0,0,0
200805,999,27500, ,Janesville  WI ,16,16,2741,0,0,0,0,0,0,0,0,0,14,14,2451,0,0,0,0,0,0,0,0,0
200805,999,27620, ,Jefferson City  MO ,8,8,1184,0,0,0,0,0,0,0,0,0,2,2,326,0,0,0,0,0,0,0,0,0
200805,999,27780, ,Johnstown  PA ,1,1,142,0,0,0,0,0,0,0,0,0,1,1,142,0,0,0,0,0,0,0,0,0
200805,999,27900, ,Joplin  MO ,11,11,1465,1,2,140,1,3,163,1,5,219,2,2,253,0,0,0,0,0,0,0,0,0
200805,999,28020, ,Kalamazoo-Portage  MI ,37,37,7093,0,0,0,0,0,0,2,54,3894,22,22,3964,0,0,0,0,0,0,2,54,3894
200805,999,28420, ,Kennewick-Pasco-Richland  WA ,83,83,18227,0,0,0,0,0,0,1,14,1166,25,25,5367,0,0,0,0,0,0,0,0,0
200805,999,28660, ,Killeen-Temple-Fort Hood  TX ,137,137,18111,14,28,1993,0,0,0,0,0,0,60,60,8930,1,2,210,0,0,0,0,0,0
200805,999,29100, ,La Crosse  WI-MN ,27,27,5137,0,0,0,0,0,0,4,44,2142,27,27,5137,0,0,0,0,0,0,4,44,2142
200805,999,29420, ,Lake Havasu City-Kingman  AZ ,47,47,9393,0,0,0,0,0,0,0,0,0,47,47,9393,0,0,0,0,0,0,0,0,0
200805,999,29460,C,Lakeland-Winter Haven  FL ,227,227,43179,11,22,3063,0,0,0,0,0,0,222,222,42270,11,22,3063,0,0,0,0,0,0
200805,999,29540, ,Lancaster  PA ,41,41,7118,0,0,0,0,0,0,2,32,1875,36,36,6314,0,0,0,0,0,0,2,32,1875
200805,999,29700,C,Laredo  TX ,75,75,9227,0,0,0,2,6,302,1,15,890,0,0,0,0,0,0,0,0,0,0,0,0
200805,999,29740,C,Las Cruces  NM ,101,101,16769,0,0,0,0,0,0,0,0,0,101,101,16769,0,0,0,0,0,0,0,0,0
200805,999,29940, ,Lawrence  KS ,11,11,2272,1,2,316,0,0,0,0,0,0,11,11,2272,1,2,316,0,0,0,0,0,0
200805,999,30020, ,Lawton  OK ,10,10,1646,1,2,80,0,0,0,0,0,0,10,10,1646,1,2,80,0,0,0,0,0,0
200805,999,30300, ,Lewiston  ID-WA ,2,2,432,0,0,0,0,0,0,0,0,0,0,0,0,0,0,0,0,0,0,0,0,0
200805,999,30700, ,Lincoln  NE ,80,80,15178,2,4,248,0,0,0,0,0,0,80,80,15178,2,4,248,0,0,0,0,0,0
200805,999,30860, ,Logan  UT-ID ,59,59,8141,0,0,0,0,0,0,1,5,417,46,46,5798,0,0,0,0,0,0,0,0,0
200805,999,31020, ,Longview  WA ,27,27,6730,0,0,0,0,0,0,0,0,0,23,23,5927,0,0,0,0,0,0,0,0,0
200805,999,31340, ,Lynchburg  VA ,66,66,11348,0,0,0,0,0,0,1,10,630,49,49,8492,0,0,0,0,0,0,0,0,0
200805,999,32580,C,McAllen-Edinburg-Mission  TX ,180,180,24345,5,10,262,5,19,800,0,0,0,159,159,22753,5,10,262,3,11,535,0,0,0
200805,999,32780, ,Medford  OR ,41,41,8066,0,0,0,0,0,0,1,5,405,14,14,2537,0,0,0,0,0,0,0,0,0
200805,999,32820,C,Memphis  TN-MS-AR ,222,222,38162,11,22,1570,0,0,0,0,0,0,152,152,29053,11,22,1570,0,0,0,0,0,0
200805,999,32900, ,Merced  CA ,11,11,2519,0,0,0,0,0,0,0,0,0,4,4,896,0,0,0,0,0,0,0,0,0
200805,999,33100,C,Miami-Fort Lauderdale-Miami Beach  FL ,302,302,80976,6,12,2485,2,7,1850,10,122,14039,212,212,62159,6,12,2485,2,7,1850,3,78,7844
200805,999,33540,C,Missoula  MT ,37,37,6335,0,0,0,0,0,0,1,35,1678,37,37,6335,0,0,0,0,0,0,1,35,1678
200805,999,33700, ,Modesto  CA ,52,52,10394,0,0,0,0,0,0,1,21,2028,36,36,7299,0,0,0,0,0,0,0,0,0
200805,999,34060, ,Morgantown  WV ,1,1,100,0,0,0,0,0,0,1,6,280,1,1,100,0,0,0,0,0,0,1,6,280
200805,999,34620, ,Muncie  IN ,3,3,388,0,0,0,0,0,0,0,0,0,3,3,388,0,0,0,0,0,0,0,0,0
200805,999,34940,C,Naples-Marco Island  FL ,55,55,29400,0,0,0,0,0,0,1,10,1308,53,53,27873,0,0,0,0,0,0,1,10,1308
200805,999,35660, ,Niles-Benton Harbor  MI ,2,2,660,0,0,0,0,0,0,0,0,0,2,2,660,0,0,0,0,0,0,0,0,0
200805,999,35980, ,Norwich-New London  CT ,35,35,7878,0,0,0,0,0,0,1,5,1002,25,25,5540,0,0,0,0,0,0,0,0,0
200805,999,36100,C,Ocala  FL ,104,104,16941,0,0,0,0,0,0,0,0,0,104,104,16941,0,0,0,0,0,0,0,0,0
200805,999,36140,C,Ocean City  NJ ,22,22,5612,0,0,0,1,4,730,1,7,2394,21,21,5558,0,0,0,1,4,730,1,7,2394
200805,999,36980, ,Owensboro  KY ,19,19,1695,0,0,0,2,8,476,2,34,2800,19,19,1695,0,0,0,2,8,476,2,34,2800
200805,999,37340,C,Palm Bay-Melbourne-Titusville  FL ,109,109,28569,0,0,0,0,0,0,2,24,2400,107,107,28188,0,0,0,0,0,0,2,24,2400
200805,999,37460, ,Panama City-Lynn Haven  FL ,26,26,4057,0,0,0,0,0,0,0,0,0,26,26,4057,0,0,0,0,0,0,0,0,0
200805,999,37620, ,Parkersburg-Marietta-Vienna  WV-OH ,5,5,701,0,0,0,0,0,0,0,0,0,4,4,597,0,0,0,0,0,0,0,0,0
200805,999,37860,C,Pensacola-Ferry Pass-Brent  FL ,112,112,20078,0,0,0,0,0,0,0,0,0,112,112,20078,0,0,0,0,0,0,0,0,0
200805,999,38060,C,Phoenix-Mesa-Scottsdale  AZ ,1363,1363,273456,4,8,852,17,53,2461,35,526,24207,1339,1339,268087,3,6,721,17,53,2461,26,409,12633
200805,999,38340, ,Pittsfield  MA ,0,0,0,0,0,0,0,0,0,0,0,0,0,0,0,0,0,0,0,0,0,0,0,0
200805,999,38540, ,Pocatello  ID ,27,27,4153,0,0,0,0,0,0,0,0,0,27,27,4153,0,0,0,0,0,0,0,0,0
200805,999,38900,C,Portland-Vancouver-Beaverton  OR-WA ,473,473,101099,2,4,295,0,0,0,5,403,51016,373,373,84281,1,2,158,0,0,0,2,367,48201
200805,999,39140, ,Prescott  AZ ,72,72,15987,0,0,0,0,0,0,0,0,0,19,19,4693,0,0,0,0,0,0,0,0,0
200805,999,39300, ,Providence-New Bedford-Fall River  RI-MA ,120,120,25970,5,10,773,2,6,997,3,18,546,70,70,16303,3,6,565,0,0,0,0,0,0
200805,999,39340, ,Provo-Orem  UT ,86,86,21888,0,0,0,5,20,3556,1,16,1458,86,86,21888,0,0,0,5,20,3556,1,16,1458
200805,999,39380,C,Pueblo  CO ,44,44,7547,1,2,206,0,0,0,0,0,0,44,44,7547,1,2,206,0,0,0,0,0,0
200805,999,39660, ,Rapid City  SD ,48,48,8078,0,0,0,0,0,0,1,6,340,48,48,8078,0,0,0,0,0,0,1,6,340
200805,999,39740, ,Reading  PA ,39,39,7311,0,0,0,0,0,0,0,0,0,20,20,3947,0,0,0,0,0,0,0,0,0
200805,999,39820, ,Redding  CA ,44,44,8632,1,2,204,0,0,0,0,0,0,29,29,6158,0,0,0,0,0,0,0,0,0
200805,999,40060,C,Richmond  VA ,390,390,65924,0,0,0,2,6,372,1,6,556,361,361,60204,0,0,0,0,0,0,1,6,556
200805,999,40220, ,Roanoke  VA ,68,68,13385,0,0,0,0,0,0,0,0,0,68,68,13385,0,0,0,0,0,0,0,0,0
200805,999,40340, ,Rochester  MN ,48,48,9137,0,0,0,0,0,0,1,8,1176,44,44,8347,0,0,0,0,0,0,1,8,1176
200805,999,40580, ,Rocky Mount  NC ,51,51,5756,1,2,194,0,0,0,0,0,0,37,37,4693,0,0,0,0,0,0,0,0,0
200805,999,40660, ,Rome  GA ,25,25,4516,0,0,0,0,0,0,0,0,0,25,25,4516,0,0,0,0,0,0,0,0,0
200805,999,41100, ,St. George  UT ,80,80,14711,0,0,0,0,0,0,1,9,892,34,34,7129,0,0,0,0,0,0,0,0,0
200805,999,41140, ,St. Joseph  MO-KS ,7,7,1493,0,0,0,0,0,0,0,0,0,7,7,1493,0,0,0,0,0,0,0,0,0
200805,999,41420, ,Salem  OR ,58,58,13120,1,2,310,1,3,525,0,0,0,54,54,12358,1,2,310,1,3,525,0,0,0
200805,999,41500, ,Salinas  CA ,31,31,7404,0,0,0,0,0,0,3,21,2389,26,26,6574,0,0,0,0,0,0,0,0,0
200805,999,41660,C,San Angelo  TX ,21,21,3529,0,0,0,0,0,0,0,0,0,21,21,3529,0,0,0,0,0,0,0,0,0
200805,999,41700,C,San Antonio  TX ,592,592,105753,1,2,165,0,0,0,64,1213,61373,447,447,82989,1,2,165,0,0,0,61,1172,59428
200805,999,41740,C,San Diego-Carlsbad-San Marcos  CA ,271,271,73480,7,14,1890,3,11,2543,9,316,23369,239,239,65794,7,14,1890,3,11,2543,8,289,21015
200805,999,41780, ,Sandusky  OH ,0,0,0,0,0,0,0,0,0,0,0,0,0,0,0,0,0,0,0,0,0,0,0,0
200805,999,42020, ,San Luis Obispo-Paso Robles  CA ,50,50,10703,1,2,258,1,3,305,6,52,6050,50,50,10703,1,2,258,1,3,305,6,52,6050
200805,999,42060, ,Santa Barbara-Santa Maria  CA ,7,7,3270,2,4,569,0,0,0,0,0,0,7,7,3270,2,4,569,0,0,0,0,0,0
200805,999,42540, ,Scranton--Wilkes-Barre  PA ,20,20,3148,0,0,0,0,0,0,0,0,0,9,9,1366,0,0,0,0,0,0,0,0,0
200805,999,43100, ,Sheboygan  WI ,6,6,1325,0,0,0,0,0,0,0,0,0,3,3,600,0,0,0,0,0,0,0,0,0
200805,999,43300, ,Sherman-Denison  TX ,1,1,163,0,0,0,0,0,0,0,0,0,0,0,0,0,0,0,0,0,0,0,0,0
200805,999,43620, ,Sioux Falls  SD ,102,102,17707,7,14,1576,0,0,0,4,32,2881,99,99,16690,7,14,1576,0,0,0,4,32,2881
200805,999,44060, ,Spokane  WA ,77,77,15013,0,0,0,0,0,0,0,0,0,77,77,15013,0,0,0,0,0,0,0,0,0
200805,999,44100, ,Springfield  IL ,12,12,2408,2,4,392,0,0,0,0,0,0,0,0,0,0,0,0,0,0,0,0,0,0
200805,999,44140, ,Springfield  MA ,22,22,4537,0,0,0,0,0,0,0,0,0,15,15,3163,0,0,0,0,0,0,0,0,0
200805,999,44180, ,Springfield  MO ,78,78,12211,3,6,360,0,0,0,4,81,3247,65,65,9848,3,6,360,0,0,0,2,24,864
200805,999,44300, ,State College  PA ,17,17,3985,0,0,0,0,0,0,2,28,2700,17,17,3985,0,0,0,0,0,0,2,28,2700
200805,999,44700,C,Stockton  CA ,108,108,24719,0,0,0,2,7,655,1,5,749,67,67,14180,0,0,0,1,4,240,0,0,0
200805,999,44940,C,Sumter  SC ,34,34,4057,3,6,343,0,0,0,1,17,692,0,0,0,0,0,0,0,0,0,0,0,0
200805,999,45220, ,Tallahassee  FL ,81,81,14501,2,4,285,0,0,0,2,42,1780,43,43,8184,0,0,0,0,0,0,0,0,0
200805,999,45300,C,Tampa-St. Petersburg-Clearwater  FL ,353,353,67154,5,10,1381,2,6,828,13,587,33852,350,350,66601,5,10,1381,2,6,828,13,587,33852
200805,999,45460, ,Terre Haute  IN ,18,18,2897,0,0,0,2,6,200,0,0,0,18,18,2897,0,0,0,2,6,200,0,0,0
200805,999,45500, ,Texarkana  TX-Texarkana  AR ,8,8,953,0,0,0,0,0,0,0,0,0,8,8,953,0,0,0,0,0,0,0,0,0
200805,999,45820, ,Topeka  KS ,30,30,5237,0,0,0,2,6,450,0,0,0,26,26,4476,0,0,0,2,6,450,0,0,0
200805,999,46060,C,Tucson  AZ ,314,314,61073,2,4,398,2,7,543,2,32,1833,149,149,29737,0,0,0,0,0,0,0,0,0
200805,999,46220, ,Tuscaloosa  AL ,57,57,10007,0,0,0,0,0,0,3,57,3264,30,30,5273,0,0,0,0,0,0,0,0,0
200805,999,46540, ,Utica-Rome  NY ,2,2,261,0,0,0,0,0,0,0,0,0,0,0,0,0,0,0,0,0,0,0,0,0
200805,999,46660, ,Valdosta  GA ,54,54,10221,0,0,0,0,0,0,2,40,1950,54,54,10221,0,0,0,0,0,0,2,40,1950
200805,999,47020, ,Victoria  TX ,6,6,907,0,0,0,0,0,0,0,0,0,0,0,0,0,0,0,0,0,0,0,0,0
200805,999,47260,C,Virginia Beach-Norfolk-Newport News  VA-NC ,303,303,57305,1,2,250,0,0,0,4,72,4661,280,280,52801,1,2,250,0,0,0,2,36,2859
200805,999,47300, ,Visalia-Porterville  CA ,138,138,27187,0,0,0,0,0,0,0,0,0,138,138,27187,0,0,0,0,0,0,0,0,0
200805,999,47380, ,Waco  TX ,41,41,5443,0,0,0,0,0,0,0,0,0,41,41,5443,0,0,0,0,0,0,0,0,0
200805,999,47940, ,Waterloo-Cedar Falls  IA ,44,44,8083,0,0,0,0,0,0,0,0,0,43,43,7948,0,0,0,0,0,0,0,0,0
200805,999,48260, ,Weirton-Steubenville  WV-OH ,3,3,480,0,0,0,0,0,0,0,0,0,3,3,480,0,0,0,0,0,0,0,0,0
200805,999,48300, ,Wenatchee  WA ,50,50,8836,0,0,0,0,0,0,0,0,0,50,50,8836,0,0,0,0,0,0,0,0,0
200805,999,48540, ,Wheeling  WV-OH ,0,0,0,0,0,0,0,0,0,0,0,0,0,0,0,0,0,0,0,0,0,0,0,0
200805,999,48660, ,Wichita Falls  TX ,10,10,2328,1,2,130,0,0,0,0,0,0,10,10,2328,1,2,130,0,0,0,0,0,0
200805,999,48900,C,Wilmington  NC ,331,331,63061,1,2,239,1,4,524,5,71,6838,102,102,18600,0,0,0,1,4,524,1,6,763
200805,999,49420, ,Yakima  WA ,26,26,5980,0,0,0,0,0,0,0,0,0,0,0,0,0,0,0,0,0,0,0,0,0
200805,999,49740, ,Yuma  AZ ,64,64,7528,0,0,0,0,0,0,0,0,0,64,64,7528,0,0,0,0,0,0,0,0,0
