Survey,CSA,CBSA,MONCOV,CBSA,,1-unit,,,2-units,,,3-4 units,,,5+ units,,,1-unit rep,,,2-units rep,,,3-4 units rep,,,5+ units rep
Date,Code,Code,,Name,Bldgs,Units,Value,Bldgs,Units,Value,Bldgs,Units,Value,Bldgs,Units,Value,Bldgs,Units,Value,Bldgs,Units,Value,      Bldgs,Units,Value,Bldgs,Units,Value
 
200808,102,18700, ,Corvallis  OR ,3,3,984,0,0,0,0,0,0,0,0,0,3,3,984,0,0,0,0,0,0,0,0,0
200808,104,10580, ,Albany-Schenectady-Troy  NY ,66,66,15738,0,0,0,2,7,432,5,55,10640,47,47,11223,0,0,0,1,4,160,3,43,9900
200808,104,24020, ,Glens Falls  NY ,26,26,4703,0,0,0,0,0,0,0,0,0,15,15,3304,0,0,0,0,0,0,0,0,0
200808,112,11180, ,Ames  IA ,9,9,2501,0,0,0,0,0,0,1,9,686,1,1,300,0,0,0,0,0,0,0,0,0
200808,118,11540, ,Appleton  WI ,36,36,8065,3,6,470,0,0,0,0,0,0,34,34,7735,3,6,470,0,0,0,0,0,0
200808,118,36780, ,Oshkosh-Neenah  WI ,21,21,4516,0,0,0,1,4,450,0,0,0,21,21,4516,0,0,0,1,4,450,0,0,0
200808,120,11700, ,Asheville  NC ,155,155,32493,0,0,0,2,7,578,0,0,0,27,27,4476,0,0,0,0,0,0,0,0,0
200808,122,12060,C,Atlanta-Sandy Springs-Marietta  GA ,881,881,151774,3,6,397,7,23,2796,25,797,69217,787,787,137043,3,6,397,6,20,2507,23,778,67427
200808,122,23580, ,Gainesville  GA ,39,39,5756,0,0,0,0,0,0,0,0,0,39,39,5756,0,0,0,0,0,0,0,0,0
200808,132,12940, ,Baton Rouge  LA ,166,166,28346,4,8,697,0,0,0,6,142,11048,55,55,9993,3,6,515,0,0,0,0,0,0
200808,140,13460,C,Bend  OR ,59,59,18374,2,4,644,0,0,0,1,6,759,57,57,17934,2,4,644,0,0,0,1,6,759
200808,142,13820,C,Birmingham-Hoover  AL ,204,204,37222,0,0,0,0,0,0,4,36,2910,104,104,16304,0,0,0,0,0,0,0,0,0
200808,148,14460,C,Boston-Cambridge-Quincy  MA-NH ,312,312,79740,6,12,1292,4,15,2404,12,96,14929,183,183,52019,3,6,581,3,12,2099,4,56,10682
200808,148,31700, ,Manchester-Nashua  NH ,33,33,6629,2,4,460,0,0,0,1,5,681,21,21,4428,1,2,200,0,0,0,0,0,0
200808,148,49340, ,Worcester  MA ,58,58,10560,0,0,0,0,0,0,0,0,0,15,15,3092,0,0,0,0,0,0,0,0,0
200808,154,15180, ,Brownsville-Harlingen  TX ,65,65,6623,1,2,149,0,0,0,4,24,1058,60,60,5947,1,2,149,0,0,0,4,24,1058
200808,160,15380, ,Buffalo-Niagara Falls  NY ,76,76,16564,0,0,0,0,0,0,1,8,160,71,71,15653,0,0,0,0,0,0,1,8,160
200808,172,16740,C,Charlotte-Gastonia-Concord  NC-SC ,677,677,76091,2,4,443,2,6,611,16,402,40463,251,251,53177,2,4,443,0,0,0,4,40,4803
200808,174,16860, ,Chattanooga  TN-GA ,77,77,14112,1,2,91,0,0,0,1,14,1281,56,56,11154,0,0,0,0,0,0,0,0,0
200808,174,17420, ,Cleveland  TN ,18,18,1674,0,0,0,4,14,665,0,0,0,18,18,1674,0,0,0,4,14,665,0,0,0
200808,176,16980,C,Chicago-Naperville-Joliet  IL-IN-WI ,726,726,160686,5,10,1075,15,49,5981,30,868,23589,519,519,109585,5,10,1075,14,46,5725,19,766,13854
200808,176,28100, ,Kankakee-Bradley  IL ,1,1,268,2,4,240,0,0,0,0,0,0,1,1,268,2,4,240,0,0,0,0,0,0
200808,176,33140, ,Michigan City-La Porte  IN ,10,10,2925,0,0,0,0,0,0,0,0,0,10,10,2925,0,0,0,0,0,0,0,0,0
200808,178,17140,C,Cincinnati-Middletown  OH-KY-IN ,274,274,56129,3,6,654,4,12,1163,10,82,7267,213,213,41479,2,4,470,0,0,0,3,24,1791
200808,184,10420, ,Akron  OH ,62,62,17139,0,0,0,1,3,69,1,13,459,55,55,16441,0,0,0,0,0,0,0,0,0
200808,184,17460,C,Cleveland-Elyria-Mentor  OH ,228,228,42874,1,2,160,0,0,0,1,5,530,183,183,33175,1,2,160,0,0,0,0,0,0
200808,192,17900,C,Columbia  SC ,293,293,42745,5,10,623,0,0,0,4,210,15697,207,207,32519,5,10,623,0,0,0,2,166,13213
200808,194,12220,C,Auburn-Opelika  AL ,39,39,7796,0,0,0,0,0,0,1,6,556,39,39,7796,0,0,0,0,0,0,1,6,556
200808,194,17980, ,Columbus  GA-AL ,39,39,5338,0,0,0,1,3,136,4,42,3253,5,5,1562,0,0,0,0,0,0,0,0,0
200808,198,18140,C,Columbus  OH ,173,173,38968,1,2,226,1,3,180,13,161,5800,135,135,30942,0,0,0,0,0,0,13,161,5800
200808,204,18580, ,Corpus Christi  TX ,78,78,8803,0,0,0,0,0,0,0,0,0,18,18,1568,0,0,0,0,0,0,0,0,0
200808,206,19100,C,Dallas-Fort Worth-Arlington  TX ,1445,1445,294273,2,4,343,13,52,4723,70,2411,199278,1299,1299,263770,2,4,343,12,48,4573,66,2333,195354
200808,212,19380, ,Dayton  OH ,51,51,12720,0,0,0,0,0,0,1,67,3366,46,46,11739,0,0,0,0,0,0,1,67,3366
200808,212,44220, ,Springfield  OH ,7,7,1078,1,2,200,0,0,0,0,0,0,7,7,1078,1,2,200,0,0,0,0,0,0
200808,216,14500, ,Boulder  CO ,14,14,5580,0,0,0,0,0,0,2,13,1597,12,12,5168,0,0,0,0,0,0,1,8,1221
200808,216,19740,C,Denver-Aurora  CO ,384,384,90160,2,4,479,0,0,0,9,214,37329,353,353,82627,2,4,479,0,0,0,8,186,35272
200808,218,19780,C,Des Moines-West Des Moines  IA ,159,159,30540,1,2,180,0,0,0,0,0,0,119,119,22971,0,0,0,0,0,0,0,0,0
200808,220,11460, ,Ann Arbor  MI ,15,15,2581,0,0,0,0,0,0,1,5,302,4,4,957,0,0,0,0,0,0,0,0,0
200808,220,19820,C,Detroit-Warren-Livonia  MI ,152,152,36587,1,2,225,1,3,238,3,88,13202,120,120,29831,1,2,225,0,0,0,1,78,12000
200808,220,22420, ,Flint  MI ,8,8,3026,0,0,0,0,0,0,0,0,0,6,6,2660,0,0,0,0,0,0,0,0,0
200808,220,33780, ,Monroe  MI ,4,4,477,0,0,0,0,0,0,0,0,0,3,3,311,0,0,0,0,0,0,0,0,0
200808,222,20020, ,Dothan  AL ,28,28,4014,0,0,0,0,0,0,0,0,0,28,28,4014,0,0,0,0,0,0,0,0,0
200808,232,20740, ,Eau Claire  WI ,26,26,4883,4,8,755,1,4,250,0,0,0,26,26,4883,4,8,755,1,4,250,0,0,0
200808,244,22020, ,Fargo  ND-MN ,103,103,18642,0,0,0,0,0,0,1,16,2025,103,103,18642,0,0,0,0,0,0,1,16,2025
200808,252,22540, ,Fond du Lac  WI ,6,6,1463,2,4,540,0,0,0,0,0,0,4,4,1010,2,4,540,0,0,0,0,0,0
200808,258,23060,C,Fort Wayne  IN ,54,54,13639,0,0,0,1,4,90,3,37,1959,54,54,13639,0,0,0,1,4,90,3,37,1959
200808,260,23420, ,Fresno  CA ,124,124,20840,0,0,0,1,4,361,5,40,2756,30,30,5994,0,0,0,0,0,0,0,0,0
200808,260,31460, ,Madera  CA ,12,12,2038,0,0,0,0,0,0,0,0,0,12,12,2038,0,0,0,0,0,0,0,0,0
200808,266,24340,C,Grand Rapids-Wyoming  MI ,83,83,13166,0,0,0,0,0,0,1,5,450,58,58,9755,0,0,0,0,0,0,0,0,0
200808,266,26100, ,Holland-Grand Haven  MI ,31,31,5897,0,0,0,0,0,0,5,65,5537,21,21,4149,0,0,0,0,0,0,4,60,5100
200808,266,34740, ,Muskegon-Norton Shores  MI ,7,7,1428,0,0,0,0,0,0,0,0,0,6,6,1277,0,0,0,0,0,0,0,0,0
200808,268,15500, ,Burlington  NC ,44,44,8106,0,0,0,0,0,0,0,0,0,44,44,8106,0,0,0,0,0,0,0,0,0
200808,268,24660,C,Greensboro-High Point  NC ,159,159,29146,1,2,349,4,16,1186,1,24,586,121,121,20390,1,2,349,4,16,1186,1,24,586
200808,268,49180, ,Winston-Salem  NC ,91,91,12101,0,0,0,0,0,0,0,0,0,79,79,10050,0,0,0,0,0,0,0,0,0
200808,273,11340, ,Anderson  SC ,39,39,9380,0,0,0,0,0,0,0,0,0,39,39,9380,0,0,0,0,0,0,0,0,0
200808,273,24860,C,Greenville  SC ,177,177,23296,0,0,0,0,0,0,1,5,683,152,152,17043,0,0,0,0,0,0,0,0,0
200808,273,43900, ,Spartanburg  SC ,73,73,8883,0,0,0,0,0,0,0,0,0,0,0,0,0,0,0,0,0,0,0,0,0
200808,274,25060, ,Gulfport-Biloxi  MS ,97,97,13765,7,14,1037,1,4,289,1,6,771,59,59,8912,7,14,1037,1,4,289,0,0,0
200808,274,37700, ,Pascagoula  MS ,46,46,6704,0,0,0,0,0,0,2,23,1465,43,43,6256,0,0,0,0,0,0,0,0,0
200808,276,25420, ,Harrisburg-Carlisle  PA ,83,83,14046,0,0,0,0,0,0,0,0,0,59,59,10338,0,0,0,0,0,0,0,0,0
200808,276,30140, ,Lebanon  PA ,33,33,4644,0,0,0,0,0,0,0,0,0,31,31,4320,0,0,0,0,0,0,0,0,0
200808,278,25540, ,Hartford-West Hartford-East Hartford  CT ,84,84,17167,1,2,190,0,0,0,3,23,1916,55,55,11404,1,2,190,0,0,0,2,18,1324
200808,288,26420,C,Houston-Sugar Land-Baytown  TX ,2425,2425,447535,2,4,334,0,0,0,51,1239,72448,2276,2276,420243,1,2,180,0,0,0,46,1189,69978
200808,290,19460, ,Decatur  AL ,11,11,2141,0,0,0,0,0,0,0,0,0,11,11,2141,0,0,0,0,0,0,0,0,0
200808,290,26620, ,Huntsville  AL ,133,133,14390,0,0,0,0,0,0,0,0,0,79,79,6673,0,0,0,0,0,0,0,0,0
200808,292,26820, ,Idaho Falls  ID ,37,37,4494,1,2,94,0,0,0,0,0,0,37,37,4494,1,2,94,0,0,0,0,0,0
200808,294,11300, ,Anderson  IN ,4,4,829,0,0,0,0,0,0,0,0,0,1,1,240,0,0,0,0,0,0,0,0,0
200808,294,18020, ,Columbus  IN ,23,23,4005,0,0,0,0,0,0,0,0,0,23,23,4005,0,0,0,0,0,0,0,0,0
200808,294,26900,C,Indianapolis-Carmel  IN ,465,465,85304,4,8,772,2,7,800,4,277,12830,429,429,79346,3,6,398,1,4,800,4,277,12830
200808,296,27060, ,Ithaca  NY ,3,3,641,0,0,0,0,0,0,0,0,0,2,2,492,0,0,0,0,0,0,0,0,0
200808,297,27180, ,Jackson  TN ,15,15,2000,0,0,0,0,0,0,0,0,0,8,8,739,0,0,0,0,0,0,0,0,0
200808,298,27140, ,Jackson  MS ,98,98,19385,0,0,0,1,4,220,0,0,0,45,45,9697,0,0,0,0,0,0,0,0,0
200808,304,27740, ,Johnson City  TN ,34,34,4971,4,8,569,1,3,339,0,0,0,19,19,3438,4,8,569,1,3,339,0,0,0
200808,304,28700, ,Kingsport-Bristol-Bristol  TN-VA ,37,37,4187,1,2,54,0,0,0,1,5,258,17,17,1289,1,2,54,0,0,0,0,0,0
200808,308,27860, ,Jonesboro  AR ,22,22,2122,0,0,0,0,0,0,0,0,0,20,20,1855,0,0,0,0,0,0,0,0,0
200808,312,28140,C,Kansas City  MO-KS ,224,224,50811,8,16,1327,18,71,7570,15,456,45838,149,149,37166,6,12,1010,17,67,7113,11,419,43056
200808,314,28940, ,Knoxville  TN ,128,128,21934,6,12,1054,0,0,0,0,0,0,128,128,21934,6,12,1054,0,0,0,0,0,0
200808,316,29020, ,Kokomo  IN ,4,4,444,0,0,0,0,0,0,0,0,0,4,4,444,0,0,0,0,0,0,0,0,0
200808,318,29180, ,Lafayette  LA ,50,50,7206,0,0,0,0,0,0,1,17,831,11,11,1970,0,0,0,0,0,0,0,0,0
200808,320,29140, ,Lafayette  IN ,50,50,10045,0,0,0,0,0,0,0,0,0,45,45,9485,0,0,0,0,0,0,0,0,0
200808,324,29340, ,Lake Charles  LA ,34,34,4498,1,2,125,0,0,0,3,20,822,21,21,2669,1,2,125,0,0,0,3,20,822
200808,330,29620, ,Lansing-East Lansing  MI ,19,19,3952,0,0,0,0,0,0,1,5,202,8,8,1806,0,0,0,0,0,0,0,0,0
200808,332,29820,C,Las Vegas-Paradise  NV ,518,518,72369,6,12,876,1,4,259,43,1171,69774,517,517,72136,6,12,876,1,4,259,43,1171,69774
200808,336,30460, ,Lexington-Fayette  KY ,141,141,18135,0,0,0,1,4,405,0,0,0,135,135,17110,0,0,0,1,4,405,0,0,0
200808,338,30620, ,Lima  OH ,1,1,186,1,2,232,0,0,0,0,0,0,0,0,0,0,0,0,0,0,0,0,0,0
200808,340,30780, ,Little Rock-North Little Rock  AR ,116,116,22055,3,6,383,0,0,0,1,5,452,89,89,17469,0,0,0,0,0,0,0,0,0
200808,340,38220, ,Pine Bluff  AR ,3,3,249,0,0,0,0,0,0,1,5,80,1,1,200,0,0,0,0,0,0,0,0,0
200808,346,30980, ,Longview  TX ,11,11,1990,0,0,0,0,0,0,0,0,0,0,0,0,0,0,0,0,0,0,0,0,0
200808,348,31100,C,Los Angeles-Long Beach-Santa Ana  CA ,338,338,110339,24,48,6113,1,3,411,22,342,48650,266,266,90028,20,40,4912,0,0,0,9,214,32553
200808,348,37100, ,Oxnard-Thousand Oaks-Ventura  CA ,18,18,4833,0,0,0,1,3,365,2,21,1963,10,10,3004,0,0,0,0,0,0,0,0,0
200808,348,40140,C,Riverside-San Bernardino-Ontario  CA ,404,404,107394,7,14,2060,0,0,0,13,114,12338,358,358,98871,7,14,2060,0,0,0,12,108,12000
200808,350,21060, ,Elizabethtown  KY ,22,22,3376,0,0,0,0,0,0,0,0,0,22,22,3376,0,0,0,0,0,0,0,0,0
200808,350,31140,C,Louisville-Jefferson County  KY-IN ,212,212,35464,5,10,590,0,0,0,7,227,13830,183,183,29406,5,10,590,0,0,0,7,227,13830
200808,352,31180, ,Lubbock  TX ,142,142,24009,0,0,0,2,8,823,0,0,0,142,142,24009,0,0,0,2,8,823,0,0,0
200808,356,31420, ,Macon  GA ,22,22,3305,0,0,0,0,0,0,0,0,0,22,22,3305,0,0,0,0,0,0,0,0,0
200808,356,47580, ,Warner Robins  GA ,30,30,5197,0,0,0,0,0,0,0,0,0,30,30,5197,0,0,0,0,0,0,0,0,0
200808,358,31540,C,Madison  WI ,84,84,19563,3,6,549,5,19,3048,5,247,16687,68,68,15915,2,4,360,4,16,2800,4,241,16300
200808,360,31900, ,Mansfield  OH ,10,10,2570,0,0,0,0,0,0,0,0,0,10,10,2570,0,0,0,0,0,0,0,0,0
200808,372,33260,C,Midland  TX ,33,33,4129,0,0,0,0,0,0,0,0,0,33,33,4129,0,0,0,0,0,0,0,0,0
200808,372,36220,C,Odessa  TX ,24,24,4353,1,2,154,0,0,0,8,102,7000,24,24,4353,1,2,154,0,0,0,8,102,7000
200808,376,33340,C,Milwaukee-Waukesha-West Allis  WI ,103,103,29120,4,8,880,4,15,1688,4,26,2450,84,84,22912,4,8,880,3,12,1200,2,16,1260
200808,376,39540, ,Racine  WI ,18,18,5041,0,0,0,0,0,0,0,0,0,18,18,5041,0,0,0,0,0,0,0,0,0
200808,378,33460,C,Minneapolis-St. Paul-Bloomington  MN-WI ,429,429,97842,3,6,772,0,0,0,4,139,15378,340,340,79712,3,6,772,0,0,0,2,126,14500
200808,378,41060, ,St. Cloud  MN ,21,21,3833,0,0,0,0,0,0,1,5,315,4,4,961,0,0,0,0,0,0,0,0,0
200808,380,33660, ,Mobile  AL ,129,129,23808,0,0,0,0,0,0,2,48,4107,125,125,22928,0,0,0,0,0,0,1,43,3794
200808,384,33740, ,Monroe  LA ,18,18,2668,0,0,0,0,0,0,1,6,459,0,0,0,0,0,0,0,0,0,0,0,0
200808,388,33860, ,Montgomery  AL ,43,43,5481,0,0,0,0,0,0,0,0,0,39,39,4708,0,0,0,0,0,0,0,0,0
200808,392,34100, ,Morristown  TN ,22,22,4176,0,0,0,0,0,0,0,0,0,18,18,3649,0,0,0,0,0,0,0,0,0
200808,396,34820, ,Myrtle Beach-North Myrtle Beach-Conway  SC ,107,107,16205,0,0,0,0,0,0,1,36,8024,96,96,13333,0,0,0,0,0,0,0,0,0
200808,400,34980,C,Nashville-Davidson--Murfreesboro  TN ,461,461,88621,0,0,0,0,0,0,3,21,1708,356,356,66845,0,0,0,0,0,0,2,16,400
200808,406,35380,C,New Orleans-Metairie-Kenner  LA ,186,186,33720,8,16,892,0,0,0,4,56,5495,109,109,16314,7,14,862,0,0,0,1,6,381
200808,408,14860, ,Bridgeport-Stamford-Norwalk  CT ,52,52,27521,1,2,151,2,7,1400,2,10,1594,34,34,13072,0,0,0,2,7,1400,1,5,1000
200808,408,28740, ,Kingston  NY ,14,14,2065,0,0,0,0,0,0,0,0,0,14,14,2065,0,0,0,0,0,0,0,0,0
200808,408,35300, ,New Haven-Milford  CT ,34,34,6669,0,0,0,0,0,0,2,10,821,21,21,4619,0,0,0,0,0,0,0,0,0
200808,408,35620,C,New York-Northern New Jersey-Long Island  NY-NJ-PA ,701,701,191192,51,102,11550,39,122,12194,59,1032,102934,452,452,136672,44,88,9845,37,115,11545,40,871,83252
200808,408,39100, ,Poughkeepsie-Newburgh-Middletown  NY ,47,47,9556,0,0,0,0,0,0,1,5,570,31,31,6591,0,0,0,0,0,0,0,0,0
200808,408,45940,C,Trenton-Ewing  NJ ,39,39,9733,1,2,149,0,0,0,2,10,591,23,23,7789,0,0,0,0,0,0,1,5,105
200808,416,36420,C,Oklahoma City  OK ,252,252,45136,7,14,1358,0,0,0,2,26,1726,101,101,22674,6,12,1200,0,0,0,0,0,0
200808,420,36540,C,Omaha-Council Bluffs  NE-IA ,308,308,47264,3,6,579,0,0,0,1,15,1601,281,281,42801,3,6,579,0,0,0,0,0,0
200808,422,19660,C,Deltona-Daytona Beach-Ormond Beach  FL ,75,75,17963,1,2,339,0,0,0,2,25,4024,30,30,7938,1,2,339,0,0,0,0,0,0
200808,422,36740,C,Orlando-Kissimmee  FL ,469,469,100397,1,2,337,1,4,1046,17,151,12082,411,411,82868,1,2,337,1,4,1046,16,146,11794
200808,422,37380, ,Palm Coast  FL ,29,29,6866,0,0,0,0,0,0,2,64,6586,24,24,5005,0,0,0,0,0,0,2,64,6586
200808,426,37900, ,Peoria  IL ,44,44,10423,0,0,0,0,0,0,0,0,0,44,44,10423,0,0,0,0,0,0,0,0,0
200808,428,37980,C,Philadelphia-Camden-Wilmington  PA-NJ-DE-MD ,555,555,91615,8,16,1901,4,13,640,11,87,14319,368,368,64756,7,14,1710,4,13,640,2,39,10164
200808,428,47220,C,Vineland-Millville-Bridgeton  NJ ,24,24,2797,0,0,0,0,0,0,1,5,454,14,14,1816,0,0,0,0,0,0,0,0,0
200808,430,38300,C,Pittsburgh  PA ,294,294,54761,2,4,380,5,17,1794,0,0,0,239,239,44286,2,4,380,4,14,1479,0,0,0
200808,438,30340, ,Lewiston-Auburn  ME ,6,6,1048,0,0,0,0,0,0,0,0,0,1,1,100,0,0,0,0,0,0,0,0,0
200808,438,38860, ,Portland-South Portland-Biddeford  ME ,78,78,18208,5,10,993,1,3,261,1,5,925,50,50,11183,5,10,993,0,0,0,0,0,0
200808,442,38940,C,Port St. Lucie  FL ,76,76,14920,0,0,0,0,0,0,1,10,868,68,68,12057,0,0,0,0,0,0,0,0,0
200808,442,42680,C,Sebastian-Vero Beach  FL ,62,62,19881,0,0,0,0,0,0,0,0,0,62,62,19881,0,0,0,0,0,0,0,0,0
200808,450,20500,C,Durham  NC ,135,135,30792,2,4,343,1,3,257,2,20,1424,29,29,7487,0,0,0,0,0,0,0,0,0
200808,450,39580,C,Raleigh-Cary  NC ,530,530,95492,3,6,662,1,3,315,11,242,18290,425,425,77795,1,2,345,0,0,0,11,242,18290
200808,456,39900,C,Reno-Sparks  NV ,58,58,15890,0,0,0,0,0,0,13,208,17898,58,58,15890,0,0,0,0,0,0,13,208,17898
200808,464,40380, ,Rochester  NY ,89,89,17997,2,4,310,2,8,525,1,6,600,77,77,15919,2,4,310,2,8,525,1,6,600
200808,466,40420, ,Rockford  IL ,34,34,5381,2,4,328,7,28,2010,1,5,320,28,28,4249,2,4,328,7,28,2010,1,5,320
200808,472,40900,C,Sacramento--Arden-Arcade--Roseville  CA ,276,276,60111,1,2,236,1,3,322,2,46,5976,249,249,54451,0,0,0,1,3,322,2,46,5976
200808,472,49700, ,Yuba City  CA ,9,9,1730,0,0,0,0,0,0,0,0,0,8,8,1599,0,0,0,0,0,0,0,0,0
200808,474,13020, ,Bay City  MI ,2,2,245,0,0,0,0,0,0,0,0,0,2,2,245,0,0,0,0,0,0,0,0,0
200808,474,40980, ,Saginaw-Saginaw Township North  MI ,2,2,345,0,0,0,0,0,0,0,0,0,2,2,345,0,0,0,0,0,0,0,0,0
200808,476,41180,C,St. Louis  MO-IL ,366,366,76695,3,6,596,4,14,1219,7,67,6924,257,257,55078,2,4,373,3,10,784,5,46,3277
200808,480,41540, ,Salisbury  MD ,9,9,1402,0,0,0,0,0,0,1,13,1774,7,7,1186,0,0,0,0,0,0,0,0,0
200808,482,36260, ,Ogden-Clearfield  UT ,87,87,19805,0,0,0,0,0,0,0,0,0,87,87,19805,0,0,0,0,0,0,0,0,0
200808,482,41620,C,Salt Lake City  UT ,177,177,34152,2,4,567,2,7,922,9,168,19006,126,126,23727,1,2,297,2,7,922,6,111,11928
200808,488,34900, ,Napa  CA ,13,13,4572,0,0,0,0,0,0,0,0,0,13,13,4572,0,0,0,0,0,0,0,0,0
200808,488,41860,C,San Francisco-Oakland-Fremont  CA ,170,170,62291,3,6,1913,1,3,547,8,200,45591,127,127,48363,3,6,1913,0,0,0,3,157,39915
200808,488,41940,C,San Jose-Sunnyvale-Santa Clara  CA ,81,81,28648,0,0,0,2,8,1119,9,60,7912,55,55,21230,0,0,0,2,8,1119,7,46,5138
200808,488,42100, ,Santa Cruz-Watsonville  CA ,12,12,2755,0,0,0,0,0,0,0,0,0,7,7,1450,0,0,0,0,0,0,0,0,0
200808,488,42220, ,Santa Rosa-Petaluma  CA ,33,33,7398,0,0,0,1,3,319,1,22,3027,17,17,4209,0,0,0,0,0,0,0,0,0
200808,488,46700, ,Vallejo-Fairfield  CA ,29,29,6311,0,0,0,1,4,427,0,0,0,27,27,5678,0,0,0,1,4,427,0,0,0
200808,492,42140,C,Santa Fe  NM ,11,11,1466,0,0,0,0,0,0,0,0,0,0,0,0,0,0,0,0,0,0,0,0,0
200808,494,14600,C,Bradenton-Sarasota-Venice  FL ,116,116,24059,0,0,0,0,0,0,9,93,27169,115,115,23895,0,0,0,0,0,0,8,88,26130
200808,494,39460,C,Punta Gorda  FL ,23,23,4734,7,14,914,2,8,822,2,36,5445,22,22,4333,7,14,914,0,0,0,1,31,4100
200808,496,25980, ,Hinesville-Fort Stewart  GA ,11,11,2279,0,0,0,0,0,0,0,0,0,11,11,2279,0,0,0,0,0,0,0,0,0
200808,496,42340, ,Savannah  GA ,118,118,19171,0,0,0,0,0,0,0,0,0,118,118,19171,0,0,0,0,0,0,0,0,0
200808,500,14740, ,Bremerton-Silverdale  WA ,34,34,8274,0,0,0,0,0,0,0,0,0,34,34,8274,0,0,0,0,0,0,0,0,0
200808,500,34580, ,Mount Vernon-Anacortes  WA ,28,28,5299,1,2,197,0,0,0,0,0,0,12,12,2680,0,0,0,0,0,0,0,0,0
200808,500,36500, ,Olympia  WA ,72,72,14441,0,0,0,0,0,0,1,5,204,68,68,13452,0,0,0,0,0,0,0,0,0
200808,500,42660,C,Seattle-Tacoma-Bellevue  WA ,485,485,108863,36,72,9308,13,50,6547,21,957,64152,443,443,99347,35,70,8987,12,47,6285,15,913,60425
200808,508,43340, ,Shreveport-Bossier City  LA ,89,89,15668,0,0,0,0,0,0,0,0,0,89,89,15668,0,0,0,0,0,0,0,0,0
200808,512,43580, ,Sioux City  IA-NE-SD ,9,9,1644,0,0,0,0,0,0,0,0,0,6,6,1105,0,0,0,0,0,0,0,0,0
200808,515,21140, ,Elkhart-Goshen  IN ,34,34,6448,0,0,0,0,0,0,11,149,7289,31,31,6073,0,0,0,0,0,0,10,144,6601
200808,515,43780, ,South Bend-Mishawaka  IN-MI ,23,23,4398,0,0,0,1,3,446,1,14,1256,2,2,247,0,0,0,0,0,0,0,0,0
200808,532,45060, ,Syracuse  NY ,55,55,10939,0,0,0,0,0,0,0,0,0,55,55,10939,0,0,0,0,0,0,0,0,0
200808,534,45780, ,Toledo  OH ,54,54,8705,8,16,1214,8,24,1821,1,5,396,44,44,6598,8,16,1214,8,24,1821,0,0,0
200808,538,46140,C,Tulsa  OK ,250,250,45625,0,0,0,0,0,0,20,278,10983,227,227,42315,0,0,0,0,0,0,20,278,10983
200808,540,46340, ,Tyler  TX ,13,13,2397,0,0,0,0,0,0,1,6,277,0,0,0,0,0,0,0,0,0,0,0,0
200808,548,12580,C,Baltimore-Towson  MD ,268,268,47521,0,0,0,0,0,0,4,151,18410,253,253,44838,0,0,0,0,0,0,2,136,17000
200808,548,47900,C,Washington-Arlington-Alexandria  DC-VA-MD-WV ,818,818,151150,0,0,0,0,0,0,14,325,30809,692,692,123342,0,0,0,0,0,0,8,83,6916
200808,548,49020, ,Winchester  VA-WV ,43,43,7149,0,0,0,0,0,0,0,0,0,35,35,6060,0,0,0,0,0,0,0,0,0
200808,554,48140, ,Wausau  WI ,12,12,2373,0,0,0,0,0,0,2,28,1690,9,9,1795,0,0,0,0,0,0,2,28,1690
200808,556,48620, ,Wichita  KS ,124,124,16498,0,0,0,0,0,0,0,0,0,118,118,15708,0,0,0,0,0,0,0,0,0
200808,558,48700, ,Williamsport  PA ,2,2,340,0,0,0,0,0,0,0,0,0,2,2,340,0,0,0,0,0,0,0,0,0
200808,564,49620, ,York-Hanover  PA ,52,52,9759,0,0,0,0,0,0,1,11,593,39,39,7479,0,0,0,0,0,0,1,11,593
200808,566,49660, ,Youngstown-Warren-Boardman  OH-PA ,26,26,4986,0,0,0,0,0,0,0,0,0,24,24,4636,0,0,0,0,0,0,0,0,0
200808,999,10180, ,Abilene  TX ,17,17,3654,0,0,0,0,0,0,0,0,0,17,17,3654,0,0,0,0,0,0,0,0,0
200808,999,10500, ,Albany  GA ,15,15,1705,1,2,150,1,3,153,0,0,0,0,0,0,0,0,0,0,0,0,0,0,0
200808,999,10740,C,Albuquerque  NM ,141,141,27235,0,0,0,1,3,422,2,37,2837,38,38,8394,0,0,0,0,0,0,0,0,0
200808,999,10780, ,Alexandria  LA ,28,28,3472,0,0,0,0,0,0,0,0,0,10,10,1409,0,0,0,0,0,0,0,0,0
200808,999,10900,C,Allentown-Bethlehem-Easton  PA-NJ ,150,150,24208,1,2,127,0,0,0,0,0,0,90,90,14836,0,0,0,0,0,0,0,0,0
200808,999,11020, ,Altoona  PA ,3,3,669,0,0,0,0,0,0,0,0,0,2,2,608,0,0,0,0,0,0,0,0,0
200808,999,11100, ,Amarillo  TX ,0,0,0,0,0,0,0,0,0,0,0,0,0,0,0,0,0,0,0,0,0,0,0,0
200808,999,11260,C,Anchorage  AK ,16,16,4826,3,6,1077,1,4,591,1,16,1821,1,1,107,0,0,0,0,0,0,0,0,0
200808,999,11500, ,Anniston-Oxford  AL ,9,9,1023,0,0,0,0,0,0,0,0,0,2,2,190,0,0,0,0,0,0,0,0,0
200808,999,12020, ,Athens-Clarke County  GA ,30,30,4729,0,0,0,0,0,0,2,40,2158,8,8,1967,0,0,0,0,0,0,0,0,0
200808,999,12100,C,Atlantic City-Hammonton  NJ ,49,49,11641,0,0,0,0,0,0,1,5,262,38,38,7579,0,0,0,0,0,0,0,0,0
200808,999,12260, ,Augusta-Richmond County  GA-SC ,105,105,17977,0,0,0,0,0,0,0,0,0,97,97,17081,0,0,0,0,0,0,0,0,0
200808,999,12420,C,Austin-Round Rock  TX ,598,598,112415,7,14,2227,0,0,0,32,706,36521,550,550,104380,7,14,2227,0,0,0,31,672,34483
200808,999,12540, ,Bakersfield  CA ,125,125,18307,2,4,317,2,8,590,1,5,305,46,46,6540,0,0,0,1,4,276,0,0,0
200808,999,12620, ,Bangor  ME ,14,14,2324,0,0,0,0,0,0,0,0,0,7,7,1046,0,0,0,0,0,0,0,0,0
200808,999,12700, ,Barnstable Town  MA ,34,34,12677,0,0,0,0,0,0,0,0,0,23,23,9684,0,0,0,0,0,0,0,0,0
200808,999,12980, ,Battle Creek  MI ,1,1,213,0,0,0,0,0,0,0,0,0,0,0,0,0,0,0,0,0,0,0,0,0
200808,999,13140, ,Beaumont-Port Arthur  TX ,38,38,6620,0,0,0,0,0,0,12,246,12000,38,38,6620,0,0,0,0,0,0,12,246,12000
200808,999,13380, ,Bellingham  WA ,29,29,6400,0,0,0,1,4,493,1,10,1039,22,22,5105,0,0,0,0,0,0,0,0,0
200808,999,13740, ,Billings  MT ,92,92,9758,0,0,0,0,0,0,0,0,0,92,92,9758,0,0,0,0,0,0,0,0,0
200808,999,13780, ,Binghamton  NY ,4,4,402,0,0,0,0,0,0,0,0,0,4,4,402,0,0,0,0,0,0,0,0,0
200808,999,13900, ,Bismarck  ND ,35,35,5748,1,2,293,3,12,1816,0,0,0,35,35,5748,1,2,293,3,12,1816,0,0,0
200808,999,14020, ,Bloomington  IN ,7,7,1128,1,2,197,0,0,0,2,12,845,7,7,1128,1,2,197,0,0,0,2,12,845
200808,999,14060, ,Bloomington-Normal  IL ,14,14,1976,0,0,0,0,0,0,1,9,316,4,4,458,0,0,0,0,0,0,0,0,0
200808,999,14260,C,Boise City-Nampa  ID ,189,189,40820,1,2,150,0,0,0,0,0,0,175,175,38600,0,0,0,0,0,0,0,0,0
200808,999,14540, ,Bowling Green  KY ,23,23,3669,0,0,0,9,36,2866,0,0,0,23,23,3669,0,0,0,9,36,2866,0,0,0
200808,999,15260, ,Brunswick  GA ,32,32,8475,0,0,0,0,0,0,0,0,0,0,0,0,0,0,0,0,0,0,0,0,0
200808,999,15540, ,Burlington-South Burlington  VT ,17,17,3574,9,18,1725,0,0,0,1,5,505,5,5,1151,8,16,1545,0,0,0,0,0,0
200808,999,15940, ,Canton-Massillon  OH ,20,20,3982,1,2,202,0,0,0,1,5,238,16,16,3546,1,2,202,0,0,0,0,0,0
200808,999,15980,C,Cape Coral-Fort Myers  FL ,82,82,25090,0,0,0,1,4,965,3,30,3931,82,82,25090,0,0,0,1,4,965,3,30,3931
200808,999,16180,C,Carson City  NV ,1,1,496,0,0,0,0,0,0,0,0,0,1,1,496,0,0,0,0,0,0,0,0,0
200808,999,16220, ,Casper  WY ,14,14,2661,0,0,0,0,0,0,0,0,0,2,2,275,0,0,0,0,0,0,0,0,0
200808,999,16300, ,Cedar Rapids  IA ,61,61,6572,3,6,547,6,20,1431,0,0,0,50,50,5274,2,4,348,5,16,1135,0,0,0
200808,999,16580, ,Champaign-Urbana  IL ,13,13,2832,0,0,0,0,0,0,1,28,600,10,10,1896,0,0,0,0,0,0,1,28,600
200808,999,16620, ,Charleston  WV ,23,23,4922,0,0,0,0,0,0,3,84,6116,21,21,4662,0,0,0,0,0,0,3,84,6116
200808,999,16700,C,Charleston-North Charleston-Summerville  SC ,265,265,55376,1,2,132,1,3,1242,8,112,11273,145,145,32123,0,0,0,0,0,0,3,24,4312
200808,999,16820, ,Charlottesville  VA ,33,33,12581,0,0,0,0,0,0,0,0,0,25,25,10734,0,0,0,0,0,0,0,0,0
200808,999,16940, ,Cheyenne  WY ,8,8,1187,0,0,0,0,0,0,0,0,0,8,8,1187,0,0,0,0,0,0,0,0,0
200808,999,17020, ,Chico  CA ,41,41,5659,0,0,0,0,0,0,0,0,0,41,41,5659,0,0,0,0,0,0,0,0,0
200808,999,17300, ,Clarksville  TN-KY ,96,96,11354,0,0,0,3,12,535,3,22,920,93,93,11118,0,0,0,3,12,535,3,22,920
200808,999,17660, ,Coeur dAlene  ID ,61,61,14906,2,4,455,1,3,437,0,0,0,57,57,13958,2,4,455,0,0,0,0,0,0
200808,999,17780, ,College Station-Bryan  TX ,42,42,8405,0,0,0,0,0,0,9,264,21770,42,42,8405,0,0,0,0,0,0,9,264,21770
200808,999,17820,C,Colorado Springs  CO ,114,114,36443,0,0,0,0,0,0,0,0,0,114,114,36443,0,0,0,0,0,0,0,0,0
200808,999,17860, ,Columbia  MO ,43,43,6810,5,10,829,0,0,0,1,11,747,10,10,1424,1,2,120,0,0,0,0,0,0
200808,999,19060, ,Cumberland  MD-WV ,7,7,949,0,0,0,0,0,0,1,9,300,7,7,949,0,0,0,0,0,0,1,9,300
200808,999,19140, ,Dalton  GA ,16,16,1812,0,0,0,0,0,0,1,6,296,0,0,0,0,0,0,0,0,0,0,0,0
200808,999,19180, ,Danville  IL ,0,0,0,0,0,0,0,0,0,0,0,0,0,0,0,0,0,0,0,0,0,0,0,0
200808,999,19260, ,Danville  VA ,7,7,869,0,0,0,0,0,0,0,0,0,0,0,0,0,0,0,0,0,0,0,0,0
200808,999,19340, ,Davenport-Moline-Rock Island  IA-IL ,19,19,3952,1,2,200,0,0,0,3,26,1356,8,8,1648,1,2,200,0,0,0,0,0,0
200808,999,19500, ,Decatur  IL ,4,4,877,0,0,0,0,0,0,0,0,0,4,4,877,0,0,0,0,0,0,0,0,0
200808,999,20100,C,Dover  DE ,67,67,9019,0,0,0,0,0,0,1,5,275,16,16,1883,0,0,0,0,0,0,0,0,0
200808,999,20220, ,Dubuque  IA ,15,15,2538,0,0,0,0,0,0,0,0,0,15,15,2538,0,0,0,0,0,0,0,0,0
200808,999,20260, ,Duluth  MN-WI ,40,40,6645,0,0,0,0,0,0,1,5,576,20,20,3933,0,0,0,0,0,0,0,0,0
200808,999,20940, ,El Centro  CA ,5,5,799,0,0,0,0,0,0,0,0,0,0,0,0,0,0,0,0,0,0,0,0,0
200808,999,21300, ,Elmira  NY ,0,0,0,0,0,0,0,0,0,0,0,0,0,0,0,0,0,0,0,0,0,0,0,0
200808,999,21340, ,El Paso  TX ,236,236,30388,0,0,0,0,0,0,26,302,19447,236,236,30388,0,0,0,0,0,0,26,302,19447
200808,999,21500, ,Erie  PA ,19,19,3444,0,0,0,0,0,0,0,0,0,19,19,3444,0,0,0,0,0,0,0,0,0
200808,999,21660, ,Eugene-Springfield  OR ,56,56,12092,1,2,385,0,0,0,1,11,947,35,35,8233,1,2,385,0,0,0,0,0,0
200808,999,21780, ,Evansville  IN-KY ,35,35,5404,1,2,303,1,4,234,3,22,3461,4,4,645,0,0,0,0,0,0,0,0,0
200808,999,21820,C,Fairbanks  AK ,4,4,695,0,0,0,0,0,0,0,0,0,1,1,199,0,0,0,0,0,0,0,0,0
200808,999,22140,C,Farmington  NM ,23,23,4072,0,0,0,3,11,1290,0,0,0,23,23,4072,0,0,0,3,11,1290,0,0,0
200808,999,22180, ,Fayetteville  NC ,157,157,24402,0,0,0,0,0,0,2,48,18,157,157,24402,0,0,0,0,0,0,2,48,18
200808,999,22220, ,Fayetteville-Springdale-Rogers  AR-MO ,78,78,13226,5,10,1019,1,4,175,3,36,2116,33,33,5701,0,0,0,1,4,175,0,0,0
200808,999,22380, ,Flagstaff  AZ ,17,17,5154,0,0,0,0,0,0,0,0,0,17,17,5154,0,0,0,0,0,0,0,0,0
200808,999,22500, ,Florence  SC ,37,37,5031,0,0,0,0,0,0,1,20,1200,0,0,0,0,0,0,0,0,0,0,0,0
200808,999,22520, ,Florence-Muscle Shoals  AL ,13,13,1947,0,0,0,0,0,0,0,0,0,7,7,1248,0,0,0,0,0,0,0,0,0
200808,999,22660,C,Fort Collins-Loveland  CO ,75,75,16097,0,0,0,0,0,0,2,48,3852,74,74,15841,0,0,0,0,0,0,2,48,3852
200808,999,22900, ,Fort Smith  AR-OK ,25,25,2724,1,2,116,1,3,150,7,56,2800,21,21,2145,1,2,116,1,3,150,7,56,2800
200808,999,23020, ,Fort Walton Beach-Crestview-Destin  FL ,20,20,4301,0,0,0,0,0,0,1,10,823,0,0,0,0,0,0,0,0,0,0,0,0
200808,999,23460, ,Gadsden  AL ,5,5,887,0,0,0,0,0,0,0,0,0,2,2,534,0,0,0,0,0,0,0,0,0
200808,999,23540, ,Gainesville  FL ,29,29,3601,0,0,0,0,0,0,15,204,11827,21,21,2783,0,0,0,0,0,0,14,168,9636
200808,999,24140, ,Goldsboro  NC ,12,12,1674,0,0,0,0,0,0,0,0,0,12,12,1674,0,0,0,0,0,0,0,0,0
200808,999,24220, ,Grand Forks  ND-MN ,3,3,720,0,0,0,0,0,0,1,12,938,3,3,720,0,0,0,0,0,0,1,12,938
200808,999,24300,C,Grand Junction  CO ,59,59,11170,0,0,0,0,0,0,1,10,988,59,59,11170,0,0,0,0,0,0,1,10,988
200808,999,24500, ,Great Falls  MT ,8,8,1511,0,0,0,0,0,0,0,0,0,8,8,1511,0,0,0,0,0,0,0,0,0
200808,999,24540,C,Greeley  CO ,73,73,14909,0,0,0,0,0,0,2,17,1242,54,54,10089,0,0,0,0,0,0,0,0,0
200808,999,24580, ,Green Bay  WI ,61,61,8829,0,0,0,0,0,0,1,8,324,16,16,5533,0,0,0,0,0,0,0,0,0
200808,999,24780, ,Greenville  NC ,32,32,6105,2,4,382,0,0,0,0,0,0,31,31,5966,2,4,382,0,0,0,0,0,0
200808,999,25180, ,Hagerstown-Martinsburg  MD-WV ,99,99,21916,0,0,0,0,0,0,0,0,0,99,99,21916,0,0,0,0,0,0,0,0,0
200808,999,25260, ,Hanford-Corcoran  CA ,8,8,1127,0,0,0,0,0,0,0,0,0,5,5,642,0,0,0,0,0,0,0,0,0
200808,999,25500,C,Harrisonburg  VA ,41,41,6813,0,0,0,0,0,0,0,0,0,15,15,1985,0,0,0,0,0,0,0,0,0
200808,999,25620, ,Hattiesburg  MS ,9,9,901,0,0,0,1,4,924,2,61,3196,0,0,0,0,0,0,0,0,0,0,0,0
200808,999,25860, ,Hickory-Lenoir-Morganton  NC ,67,67,15295,0,0,0,0,0,0,0,0,0,53,53,13201,0,0,0,0,0,0,0,0,0
200808,999,26180,C,Honolulu  HI ,47,47,13275,0,0,0,1,4,452,2,93,12450,0,0,0,0,0,0,0,0,0,0,0,0
200808,999,26300, ,Hot Springs  AR ,4,4,437,0,0,0,0,0,0,0,0,0,0,0,0,0,0,0,0,0,0,0,0,0
200808,999,26380, ,Houma-Bayou Cane-Thibodaux  LA ,36,36,9346,0,0,0,0,0,0,11,240,12091,36,36,9346,0,0,0,0,0,0,11,240,12091
200808,999,26580, ,Huntington-Ashland  WV-KY-OH ,3,3,331,0,0,0,0,0,0,0,0,0,0,0,0,0,0,0,0,0,0,0,0,0
200808,999,26980, ,Iowa City  IA ,57,57,9782,1,2,208,0,0,0,3,36,3493,50,50,8210,0,0,0,0,0,0,3,36,3493
200808,999,27100, ,Jackson  MI ,4,4,521,1,2,388,0,0,0,0,0,0,3,3,412,1,2,388,0,0,0,0,0,0
200808,999,27260,C,Jacksonville  FL ,397,397,84374,3,6,528,0,0,0,18,432,40015,388,388,82465,3,6,528,0,0,0,18,432,40015
200808,999,27340, ,Jacksonville  NC ,78,78,8252,0,0,0,1,4,235,0,0,0,78,78,8252,0,0,0,1,4,235,0,0,0
200808,999,27500, ,Janesville  WI ,10,10,1825,1,2,239,0,0,0,0,0,0,9,9,1662,1,2,239,0,0,0,0,0,0
200808,999,27620, ,Jefferson City  MO ,8,8,1291,0,0,0,0,0,0,0,0,0,0,0,0,0,0,0,0,0,0,0,0,0
200808,999,27780, ,Johnstown  PA ,1,1,220,0,0,0,0,0,0,0,0,0,1,1,220,0,0,0,0,0,0,0,0,0
200808,999,27900, ,Joplin  MO ,5,5,1029,0,0,0,0,0,0,0,0,0,4,4,932,0,0,0,0,0,0,0,0,0
200808,999,28020, ,Kalamazoo-Portage  MI ,26,26,5454,0,0,0,0,0,0,0,0,0,20,20,4690,0,0,0,0,0,0,0,0,0
200808,999,28420, ,Kennewick-Pasco-Richland  WA ,52,52,11723,0,0,0,0,0,0,1,9,750,11,11,2641,0,0,0,0,0,0,0,0,0
200808,999,28660, ,Killeen-Temple-Fort Hood  TX ,113,113,15150,12,24,1564,0,0,0,0,0,0,38,38,5044,0,0,0,0,0,0,0,0,0
200808,999,29100, ,La Crosse  WI-MN ,17,17,3045,0,0,0,0,0,0,1,9,432,12,12,2445,0,0,0,0,0,0,0,0,0
200808,999,29420, ,Lake Havasu City-Kingman  AZ ,27,27,5341,0,0,0,0,0,0,4,39,2791,27,27,5341,0,0,0,0,0,0,4,39,2791
200808,999,29460,C,Lakeland-Winter Haven  FL ,188,188,35231,0,0,0,0,0,0,0,0,0,183,183,33993,0,0,0,0,0,0,0,0,0
200808,999,29540, ,Lancaster  PA ,75,75,10313,0,0,0,0,0,0,1,20,1200,63,63,8377,0,0,0,0,0,0,1,20,1200
200808,999,29700,C,Laredo  TX ,59,59,7258,0,0,0,1,4,201,1,20,1187,0,0,0,0,0,0,0,0,0,0,0,0
200808,999,29740,C,Las Cruces  NM ,73,73,10880,1,2,126,0,0,0,0,0,0,60,60,7331,1,2,126,0,0,0,0,0,0
200808,999,29940, ,Lawrence  KS ,26,26,4188,0,0,0,0,0,0,0,0,0,22,22,3375,0,0,0,0,0,0,0,0,0
200808,999,30020, ,Lawton  OK ,14,14,1996,0,0,0,0,0,0,1,16,480,14,14,1996,0,0,0,0,0,0,1,16,480
200808,999,30300, ,Lewiston  ID-WA ,2,2,432,0,0,0,0,0,0,0,0,0,0,0,0,0,0,0,0,0,0,0,0,0
200808,999,30700, ,Lincoln  NE ,43,43,7530,10,20,2463,0,0,0,0,0,0,43,43,7530,10,20,2463,0,0,0,0,0,0
200808,999,30860, ,Logan  UT-ID ,21,21,4130,0,0,0,0,0,0,1,5,417,20,20,3981,0,0,0,0,0,0,0,0,0
200808,999,31020, ,Longview  WA ,18,18,4898,1,2,243,0,0,0,0,0,0,18,18,4898,1,2,243,0,0,0,0,0,0
200808,999,31340, ,Lynchburg  VA ,40,40,8324,0,0,0,0,0,0,1,13,819,27,27,6140,0,0,0,0,0,0,0,0,0
200808,999,32580,C,McAllen-Edinburg-Mission  TX ,255,255,39670,1,2,97,5,17,588,0,0,0,234,234,38165,0,0,0,3,10,380,0,0,0
200808,999,32780, ,Medford  OR ,38,38,6628,0,0,0,0,0,0,8,48,5750,19,19,2744,0,0,0,0,0,0,8,48,5750
200808,999,32820,C,Memphis  TN-MS-AR ,198,198,32175,13,26,2157,1,4,324,2,140,15151,157,157,26416,13,26,2157,1,4,324,1,134,14551
200808,999,32900, ,Merced  CA ,2,2,978,0,0,0,0,0,0,0,0,0,2,2,978,0,0,0,0,0,0,0,0,0
200808,999,33100,C,Miami-Fort Lauderdale-Miami Beach  FL ,273,273,66096,3,6,509,20,75,4865,15,470,72321,211,211,50629,2,4,307,19,72,4640,7,384,52417
200808,999,33540,C,Missoula  MT ,25,25,4070,0,0,0,0,0,0,0,0,0,25,25,4070,0,0,0,0,0,0,0,0,0
200808,999,33700, ,Modesto  CA ,30,30,5313,0,0,0,0,0,0,2,28,2626,13,13,2244,0,0,0,0,0,0,0,0,0
200808,999,34060, ,Morgantown  WV ,5,5,1090,0,0,0,0,0,0,1,20,600,5,5,1090,0,0,0,0,0,0,1,20,600
200808,999,34620, ,Muncie  IN ,14,14,1498,0,0,0,0,0,0,0,0,0,14,14,1498,0,0,0,0,0,0,0,0,0
200808,999,34940,C,Naples-Marco Island  FL ,44,44,22176,1,2,3200,2,8,2072,3,17,2733,44,44,22176,1,2,3200,2,8,2072,3,17,2733
200808,999,35660, ,Niles-Benton Harbor  MI ,3,3,617,0,0,0,0,0,0,0,0,0,0,0,0,0,0,0,0,0,0,0,0,0
200808,999,35980, ,Norwich-New London  CT ,23,23,5576,0,0,0,0,0,0,0,0,0,19,19,4891,0,0,0,0,0,0,0,0,0
200808,999,36100,C,Ocala  FL ,95,95,13202,1,2,85,0,0,0,0,0,0,94,94,12989,0,0,0,0,0,0,0,0,0
200808,999,36140,C,Ocean City  NJ ,23,23,8456,0,0,0,0,0,0,1,8,1018,23,23,8456,0,0,0,0,0,0,1,8,1018
200808,999,36980, ,Owensboro  KY ,14,14,1349,1,2,91,1,4,134,1,5,324,0,0,0,0,0,0,0,0,0,0,0,0
200808,999,37340,C,Palm Bay-Melbourne-Titusville  FL ,76,76,18866,0,0,0,0,0,0,4,51,5480,63,63,16051,0,0,0,0,0,0,3,42,4458
200808,999,37460, ,Panama City-Lynn Haven  FL ,34,34,5389,1,2,121,0,0,0,1,28,1497,31,31,4789,1,2,121,0,0,0,0,0,0
200808,999,37620, ,Parkersburg-Marietta-Vienna  WV-OH ,11,11,1332,0,0,0,0,0,0,1,5,110,11,11,1332,0,0,0,0,0,0,1,5,110
200808,999,37860,C,Pensacola-Ferry Pass-Brent  FL ,84,84,15023,0,0,0,0,0,0,0,0,0,84,84,15023,0,0,0,0,0,0,0,0,0
200808,999,38060,C,Phoenix-Mesa-Scottsdale  AZ ,875,875,182224,5,10,136,15,49,1987,11,256,3312,852,852,176358,5,10,136,15,49,1987,10,251,2952
200808,999,38340, ,Pittsfield  MA ,4,4,918,0,0,0,0,0,0,0,0,0,2,2,481,0,0,0,0,0,0,0,0,0
200808,999,38540, ,Pocatello  ID ,19,19,2032,0,0,0,0,0,0,0,0,0,19,19,2032,0,0,0,0,0,0,0,0,0
200808,999,38900,C,Portland-Vancouver-Beaverton  OR-WA ,347,347,78768,3,6,687,3,11,1425,15,459,129035,254,254,60373,2,4,396,2,8,945,12,436,127236
200808,999,39140, ,Prescott  AZ ,35,35,7099,0,0,0,0,0,0,0,0,0,35,35,7099,0,0,0,0,0,0,0,0,0
200808,999,39300, ,Providence-New Bedford-Fall River  RI-MA ,93,93,17009,1,2,256,1,3,335,0,0,0,65,65,11811,0,0,0,0,0,0,0,0,0
200808,999,39340, ,Provo-Orem  UT ,66,66,14543,0,0,0,2,8,1317,1,6,492,66,66,14543,0,0,0,2,8,1317,1,6,492
200808,999,39380,C,Pueblo  CO ,31,31,4887,0,0,0,0,0,0,0,0,0,31,31,4887,0,0,0,0,0,0,0,0,0
200808,999,39660, ,Rapid City  SD ,33,33,4597,0,0,0,0,0,0,0,0,24,25,25,3369,0,0,0,0,0,0,0,0,24
200808,999,39740, ,Reading  PA ,30,30,8027,0,0,0,0,0,0,0,0,0,14,14,5206,0,0,0,0,0,0,0,0,0
200808,999,39820, ,Redding  CA ,19,19,4654,0,0,0,0,0,0,1,9,592,9,9,2613,0,0,0,0,0,0,0,0,0
200808,999,40060,C,Richmond  VA ,340,340,56872,0,0,0,2,7,490,2,11,1450,315,315,53445,0,0,0,2,7,490,2,11,1450
200808,999,40220, ,Roanoke  VA ,50,50,10069,0,0,0,0,0,0,0,0,0,50,50,10069,0,0,0,0,0,0,0,0,0
200808,999,40340, ,Rochester  MN ,31,31,6795,0,0,0,0,0,0,0,0,0,27,27,5715,0,0,0,0,0,0,0,0,0
200808,999,40580, ,Rocky Mount  NC ,26,26,3063,1,2,194,0,0,0,0,0,0,15,15,2228,0,0,0,0,0,0,0,0,0
200808,999,40660, ,Rome  GA ,13,13,2120,1,2,166,0,0,0,0,0,0,0,0,0,0,0,0,0,0,0,0,0,0
200808,999,41100, ,St. George  UT ,57,57,11672,0,0,0,0,0,0,0,0,0,29,29,5417,0,0,0,0,0,0,0,0,0
200808,999,41140, ,St. Joseph  MO-KS ,5,5,580,2,4,620,0,0,0,0,0,0,5,5,580,2,4,620,0,0,0,0,0,0
200808,999,41420, ,Salem  OR ,47,47,10608,0,0,0,0,0,0,0,0,0,43,43,9865,0,0,0,0,0,0,0,0,0
200808,999,41500, ,Salinas  CA ,6,6,1443,0,0,0,4,14,2309,5,74,9804,4,4,838,0,0,0,3,11,1851,2,58,7983
200808,999,41660,C,San Angelo  TX ,18,18,3176,0,0,0,0,0,0,0,0,0,18,18,3176,0,0,0,0,0,0,0,0,0
200808,999,41700,C,San Antonio  TX ,505,505,92617,2,4,540,4,16,1437,4,31,1918,426,426,78584,2,4,540,4,16,1437,1,10,295
200808,999,41740,C,San Diego-Carlsbad-San Marcos  CA ,190,190,45641,1,2,171,3,9,1702,7,223,33576,184,184,43555,1,2,171,3,9,1702,6,207,32181
200808,999,41780, ,Sandusky  OH ,0,0,0,0,0,0,0,0,0,0,0,0,0,0,0,0,0,0,0,0,0,0,0,0
200808,999,42020, ,San Luis Obispo-Paso Robles  CA ,34,34,5889,0,0,0,0,0,0,2,10,502,34,34,5889,0,0,0,0,0,0,2,10,502
200808,999,42060, ,Santa Barbara-Santa Maria  CA ,7,7,3099,0,0,0,0,0,0,0,0,0,0,0,0,0,0,0,0,0,0,0,0,0
200808,999,42540, ,Scranton--Wilkes-Barre  PA ,26,26,4413,0,0,0,1,3,255,0,0,0,18,18,3112,0,0,0,0,0,0,0,0,0
200808,999,43100, ,Sheboygan  WI ,4,4,776,1,2,259,0,0,0,1,5,231,3,3,564,0,0,0,0,0,0,0,0,0
200808,999,43300, ,Sherman-Denison  TX ,1,1,163,0,0,0,0,0,0,0,0,0,0,0,0,0,0,0,0,0,0,0,0,0
200808,999,43620, ,Sioux Falls  SD ,33,33,5602,4,8,781,2,8,778,4,60,3672,33,33,5602,4,8,781,2,8,778,4,60,3672
200808,999,44060, ,Spokane  WA ,55,55,9483,1,2,193,1,3,291,2,47,5500,55,55,9483,1,2,193,1,3,291,2,47,5500
200808,999,44100, ,Springfield  IL ,7,7,1870,0,0,0,0,0,0,0,0,0,7,7,1870,0,0,0,0,0,0,0,0,0
200808,999,44140, ,Springfield  MA ,34,34,8705,1,2,130,2,8,450,0,0,0,29,29,7638,1,2,130,2,8,450,0,0,0
200808,999,44180, ,Springfield  MO ,51,51,8430,3,6,655,1,3,378,3,99,4139,34,34,5460,3,6,655,0,0,0,0,0,0
200808,999,44300, ,State College  PA ,13,13,3107,0,0,0,0,0,0,0,0,0,1,1,180,0,0,0,0,0,0,0,0,0
200808,999,44700,C,Stockton  CA ,69,69,15801,0,0,0,0,0,0,0,0,0,18,18,4678,0,0,0,0,0,0,0,0,0
200808,999,44940,C,Sumter  SC ,31,31,4050,0,0,0,0,0,0,0,0,0,31,31,4050,0,0,0,0,0,0,0,0,0
200808,999,45220, ,Tallahassee  FL ,60,60,10041,2,4,285,0,0,0,2,58,2458,30,30,5054,0,0,0,0,0,0,0,0,0
200808,999,45300,C,Tampa-St. Petersburg-Clearwater  FL ,436,436,107070,4,8,1120,11,34,1150,14,711,65394,435,435,106979,4,8,1120,11,34,1150,14,711,65394
200808,999,45460, ,Terre Haute  IN ,14,14,2154,1,2,191,0,0,0,1,9,514,10,10,1611,0,0,0,0,0,0,0,0,0
200808,999,45500, ,Texarkana  TX-Texarkana  AR ,9,9,854,1,2,111,0,0,0,2,16,893,0,0,0,0,0,0,0,0,0,0,0,0
200808,999,45820, ,Topeka  KS ,38,38,6929,0,0,0,0,0,0,0,0,0,36,36,6545,0,0,0,0,0,0,0,0,0
200808,999,46060,C,Tucson  AZ ,249,249,45226,1,2,199,1,3,236,2,21,1201,130,130,22619,0,0,0,0,0,0,0,0,0
200808,999,46220, ,Tuscaloosa  AL ,39,39,6334,3,6,927,0,0,0,1,24,876,39,39,6334,3,6,927,0,0,0,1,24,876
200808,999,46540, ,Utica-Rome  NY ,3,3,416,0,0,0,0,0,0,0,0,0,0,0,0,0,0,0,0,0,0,0,0,0
200808,999,46660, ,Valdosta  GA ,42,42,4724,2,4,240,0,0,0,2,12,1054,0,0,0,0,0,0,0,0,0,0,0,0
200808,999,47020, ,Victoria  TX ,5,5,755,0,0,0,0,0,0,0,0,0,0,0,0,0,0,0,0,0,0,0,0,0
200808,999,47260,C,Virginia Beach-Norfolk-Newport News  VA-NC ,314,314,55171,5,10,996,0,0,0,10,259,12681,267,267,45714,5,10,996,0,0,0,7,210,10231
200808,999,47300, ,Visalia-Porterville  CA ,96,96,17307,0,0,0,0,0,0,0,0,0,96,96,17307,0,0,0,0,0,0,0,0,0
200808,999,47380, ,Waco  TX ,20,20,3371,0,0,0,0,0,0,0,0,0,20,20,3371,0,0,0,0,0,0,0,0,0
200808,999,47940, ,Waterloo-Cedar Falls  IA ,22,22,5074,0,0,0,0,0,0,0,0,0,8,8,2413,0,0,0,0,0,0,0,0,0
200808,999,48260, ,Weirton-Steubenville  WV-OH ,3,3,232,0,0,0,0,0,0,0,0,0,3,3,232,0,0,0,0,0,0,0,0,0
200808,999,48300, ,Wenatchee  WA ,41,41,7575,0,0,0,0,0,0,0,0,0,41,41,7575,0,0,0,0,0,0,0,0,0
200808,999,48540, ,Wheeling  WV-OH ,0,0,0,0,0,0,0,0,0,0,0,0,0,0,0,0,0,0,0,0,0,0,0,0
200808,999,48660, ,Wichita Falls  TX ,8,8,829,0,0,0,0,0,0,0,0,0,8,8,829,0,0,0,0,0,0,0,0,0
200808,999,48900,C,Wilmington  NC ,256,256,49239,0,0,0,0,0,0,6,108,5964,97,97,22628,0,0,0,0,0,0,5,102,5340
200808,999,49420, ,Yakima  WA ,39,39,8192,0,0,0,0,0,0,0,0,0,39,39,8192,0,0,0,0,0,0,0,0,0
200808,999,49740, ,Yuma  AZ ,83,83,11865,0,0,0,0,0,0,0,0,0,83,83,11865,0,0,0,0,0,0,0,0,0
