Survey,CSA,CBSA,MONCOV,CBSA,,1-unit,,,2-units,,,3-4 units,,,5+ units,,,1-unit rep,,,2-units rep,,,3-4 units rep,,,5+ units rep
Date,Code,Code,,Name,Bldgs,Units,Value,Bldgs,Units,Value,Bldgs,Units,Value,Bldgs,Units,Value,Bldgs,Units,Value,Bldgs,Units,Value,      Bldgs,Units,Value,Bldgs,Units,Value
 
201004,102,18700, ,Corvallis  OR ,4,4,834,0,0,0,0,0,0,0,0,0,0,0,0,0,0,0,0,0,0,0,0,0
201004,104,10580, ,Albany-Schenectady-Troy  NY ,60,60,13881,0,0,0,0,0,0,1,5,274,45,45,11247,0,0,0,0,0,0,0,0,0
201004,104,24020, ,Glens Falls  NY ,20,20,2708,0,0,0,0,0,0,0,0,0,6,6,1272,0,0,0,0,0,0,0,0,0
201004,112,11180, ,Ames  IA ,14,14,3782,0,0,0,0,0,0,0,0,0,12,12,3335,0,0,0,0,0,0,0,0,0
201004,118,11540, ,Appleton  WI ,58,58,10886,1,2,250,0,0,0,0,0,0,58,58,10886,1,2,250,0,0,0,0,0,0
201004,118,36780, ,Oshkosh-Neenah  WI ,28,28,5382,2,4,351,0,0,0,0,0,0,28,28,5382,2,4,351,0,0,0,0,0,0
201004,120,11700, ,Asheville  NC ,78,78,17461,0,0,0,0,0,0,0,0,0,63,63,13969,0,0,0,0,0,0,0,0,0
201004,122,12060,C,Atlanta-Sandy Springs-Marietta  GA ,698,698,123919,3,6,720,2,7,951,5,213,19095,645,645,114762,3,6,720,2,7,951,5,213,19095
201004,122,23580, ,Gainesville  GA ,25,25,3990,0,0,0,0,0,0,0,0,0,25,25,3990,0,0,0,0,0,0,0,0,0
201004,126,12420,C,Austin-Round Rock-San Marcos  TX ,654,654,113686,0,0,0,1,4,269,2,172,35832,546,546,95913,0,0,0,1,4,269,1,163,35292
201004,132,12940, ,Baton Rouge  LA ,258,258,43987,1,2,158,0,0,0,3,73,4896,161,161,28502,0,0,0,0,0,0,2,68,4489
201004,140,13460,C,Bend  OR ,35,35,7892,0,0,0,0,0,0,0,0,0,35,35,7892,0,0,0,0,0,0,0,0,0
201004,142,13820,C,Birmingham-Hoover  AL ,174,174,29394,3,6,240,1,3,315,0,0,0,137,137,22756,3,6,240,0,0,0,0,0,0
201004,148,14460,C,Boston-Cambridge-Quincy  MA-NH ,355,355,88278,9,18,2546,3,9,1521,13,214,23013,248,248,62822,7,14,2167,2,6,846,5,142,16209
201004,148,31700, ,Manchester-Nashua  NH ,30,30,4877,0,0,0,3,12,907,0,0,0,30,30,4877,0,0,0,3,12,907,0,0,0
201004,148,39300, ,Providence-New Bedford-Fall River  RI-MA ,100,100,18802,5,10,923,0,0,0,0,0,0,65,65,12869,3,6,593,0,0,0,0,0,0
201004,148,49340, ,Worcester  MA ,57,57,9258,0,0,0,1,3,265,0,0,0,44,44,6995,0,0,0,1,3,265,0,0,0
201004,154,15180, ,Brownsville-Harlingen  TX ,91,91,8696,0,0,0,1,4,194,0,0,0,65,65,6415,0,0,0,0,0,0,0,0,0
201004,160,15380, ,Buffalo-Niagara Falls  NY ,75,75,16947,0,0,0,1,3,220,2,58,1621,74,74,16811,0,0,0,1,3,220,1,50,750
201004,164,16020, ,Cape Girardeau-Jackson  MO-IL ,6,6,904,0,0,0,0,0,0,2,12,1051,0,0,0,0,0,0,0,0,0,0,0,0
201004,172,16740,C,Charlotte-Gastonia-Rock Hill  NC-SC ,482,482,92785,0,0,0,25,94,8455,8,53,4804,362,362,63295,0,0,0,25,94,8455,7,48,4415
201004,174,16860, ,Chattanooga  TN-GA ,95,95,14990,0,0,0,0,0,0,1,5,464,74,74,12028,0,0,0,0,0,0,0,0,0
201004,174,17420, ,Cleveland  TN ,15,15,2530,0,0,0,2,8,288,2,15,1140,15,15,2530,0,0,0,2,8,288,2,15,1140
201004,176,16980,C,Chicago-Joliet-Naperville  IL-IN-WI ,406,406,99477,2,4,353,3,9,1200,4,124,18135,298,298,73302,2,4,353,3,9,1200,3,109,17014
201004,176,28100, ,Kankakee-Bradley  IL ,4,4,485,0,0,0,0,0,0,0,0,0,2,2,260,0,0,0,0,0,0,0,0,0
201004,176,33140, ,Michigan City-La Porte  IN ,11,11,3031,0,0,0,0,0,0,0,0,0,11,11,3031,0,0,0,0,0,0,0,0,0
201004,178,17140,C,Cincinnati-Middletown  OH-KY-IN ,314,314,54769,0,0,0,2,7,822,2,11,1124,245,245,43055,0,0,0,2,7,822,1,6,761
201004,184,10420, ,Akron  OH ,42,42,7505,0,0,0,0,0,0,1,5,177,35,35,6808,0,0,0,0,0,0,0,0,0
201004,184,17460,C,Cleveland-Elyria-Mentor  OH ,206,206,41669,1,2,164,1,3,840,1,5,530,168,168,33872,1,2,164,0,0,0,0,0,0
201004,192,17900,C,Columbia  SC ,271,271,39205,0,0,0,0,0,0,2,32,2530,90,90,11255,0,0,0,0,0,0,0,0,0
201004,194,12220,C,Auburn-Opelika  AL ,145,145,24169,0,0,0,0,0,0,0,0,0,145,145,24169,0,0,0,0,0,0,0,0,0
201004,194,17980, ,Columbus  GA-AL ,32,32,4320,0,0,0,0,0,0,2,30,2075,9,9,1885,0,0,0,0,0,0,1,24,1620
201004,198,18140,C,Columbus  OH ,274,274,60579,3,6,1122,2,7,850,16,290,13981,261,261,57983,3,6,1122,2,7,850,16,290,13981
201004,204,18580, ,Corpus Christi  TX ,97,97,10403,1,2,73,0,0,0,1,5,541,16,16,1137,0,0,0,0,0,0,0,0,0
201004,206,19100,C,Dallas-Fort Worth-Arlington  TX ,1403,1403,333315,1,2,338,3,9,1229,4,67,3489,1267,1267,303595,1,2,338,3,9,1229,2,41,1710
201004,206,43300, ,Sherman-Denison  TX ,1,1,159,0,0,0,0,0,0,0,0,0,0,0,0,0,0,0,0,0,0,0,0,0
201004,212,19380, ,Dayton  OH ,70,70,17628,0,0,0,0,0,0,7,80,8283,65,65,16837,0,0,0,0,0,0,7,80,8283
201004,212,44220, ,Springfield  OH ,3,3,576,0,0,0,0,0,0,0,0,0,3,3,576,0,0,0,0,0,0,0,0,0
201004,216,14500, ,Boulder  CO ,13,13,4306,0,0,0,1,3,397,3,19,2161,10,10,3586,0,0,0,0,0,0,2,14,1570
201004,216,19740,C,Denver-Aurora-Broomfield  CO ,273,273,63343,4,8,1711,1,3,351,4,55,3607,262,262,58685,4,8,1711,1,3,351,3,41,2087
201004,216,24540,C,Greeley  CO ,96,96,18475,0,0,0,0,0,0,0,0,0,80,80,14628,0,0,0,0,0,0,0,0,0
201004,218,19780,C,Des Moines-West Des Moines  IA ,273,273,53289,3,6,930,0,0,0,3,135,15917,264,264,51485,3,6,930,0,0,0,3,135,15917
201004,220,11460, ,Ann Arbor  MI ,20,20,3162,0,0,0,0,0,0,1,5,302,13,13,2307,0,0,0,0,0,0,0,0,0
201004,220,19820,C,Detroit-Warren-Livonia  MI ,185,185,42176,0,0,0,0,0,0,0,0,0,160,160,35218,0,0,0,0,0,0,0,0,0
201004,220,22420, ,Flint  MI ,6,6,1325,0,0,0,0,0,0,0,0,0,3,3,700,0,0,0,0,0,0,0,0,0
201004,220,33780, ,Monroe  MI ,7,7,1130,0,0,0,0,0,0,0,0,0,3,3,431,0,0,0,0,0,0,0,0,0
201004,222,20020, ,Dothan  AL ,19,19,4324,0,0,0,0,0,0,0,0,0,19,19,4324,0,0,0,0,0,0,0,0,0
201004,232,20740, ,Eau Claire  WI ,36,36,7025,2,4,300,0,0,0,0,0,0,36,36,7025,2,4,300,0,0,0,0,0,0
201004,244,22020, ,Fargo  ND-MN ,120,120,17273,0,0,0,0,0,0,0,0,0,120,120,17273,0,0,0,0,0,0,0,0,0
201004,252,22540, ,Fond du Lac  WI ,11,11,1597,0,0,0,0,0,0,2,24,1020,10,10,1378,0,0,0,0,0,0,2,24,1020
201004,258,23060,C,Fort Wayne  IN ,66,66,13124,0,0,0,0,0,0,0,0,0,66,66,13124,0,0,0,0,0,0,0,0,0
201004,260,23420, ,Fresno  CA ,158,158,25722,0,0,0,1,3,215,0,0,0,31,31,7319,0,0,0,0,0,0,0,0,0
201004,260,31460, ,Madera-Chowchilla  CA ,9,9,2175,1,2,216,0,0,0,0,0,0,9,9,2175,1,2,216,0,0,0,0,0,0
201004,266,24340,C,Grand Rapids-Wyoming  MI ,90,90,14914,0,0,0,0,0,0,0,0,0,68,68,12380,0,0,0,0,0,0,0,0,0
201004,266,26100, ,Holland-Grand Haven  MI ,33,33,6486,2,4,370,0,0,0,0,0,0,24,24,4282,2,4,370,0,0,0,0,0,0
201004,266,34740, ,Muskegon-Norton Shores  MI ,2,2,546,1,2,170,0,0,0,0,0,0,2,2,546,1,2,170,0,0,0,0,0,0
201004,268,15500, ,Burlington  NC ,51,51,7552,0,0,0,0,0,0,3,123,7525,51,51,7552,0,0,0,0,0,0,3,123,7525
201004,268,24660,C,Greensboro-High Point  NC ,151,151,28160,0,0,0,0,0,0,12,126,4325,94,94,15840,0,0,0,0,0,0,11,121,3813
201004,268,49180, ,Winston-Salem  NC ,93,93,12499,0,0,0,0,0,0,0,0,0,93,93,12499,0,0,0,0,0,0,0,0,0
201004,273,11340, ,Anderson  SC ,39,39,8027,0,0,0,0,0,0,0,0,0,39,39,8027,0,0,0,0,0,0,0,0,0
201004,273,24860,C,Greenville-Maudlin-Easley  SC ,107,107,23130,1,2,90,0,0,0,1,5,300,104,104,22696,0,0,0,0,0,0,0,0,0
201004,273,43900, ,Spartanburg  SC ,57,57,6201,0,0,0,0,0,0,0,0,0,0,0,0,0,0,0,0,0,0,0,0,0
201004,274,25060, ,Gulfport-Biloxi  MS ,91,91,10775,1,2,164,0,0,0,0,0,0,84,84,9995,1,2,164,0,0,0,0,0,0
201004,274,37700, ,Pascagoula  MS ,58,58,8558,0,0,0,0,0,0,0,0,0,9,9,1848,0,0,0,0,0,0,0,0,0
201004,276,25420, ,Harrisburg-Carlisle  PA ,50,50,7493,0,0,0,0,0,0,1,16,900,46,46,6592,0,0,0,0,0,0,1,16,900
201004,276,30140, ,Lebanon  PA ,19,19,2874,0,0,0,0,0,0,0,0,0,12,12,1898,0,0,0,0,0,0,0,0,0
201004,278,25540, ,Hartford-West Hartford-East Hartford  CT ,78,78,14449,6,12,1211,0,0,0,4,35,2190,60,60,11103,6,12,1211,0,0,0,3,30,2125
201004,288,26420,C,Houston-Sugar Land-Baytown  TX ,2363,2363,422380,4,8,564,3,11,540,40,878,50272,2251,2251,402460,4,8,564,3,11,540,37,860,49408
201004,290,19460, ,Decatur  AL ,7,7,1181,0,0,0,0,0,0,0,0,0,2,2,343,0,0,0,0,0,0,0,0,0
201004,290,26620, ,Huntsville  AL ,197,197,22682,0,0,0,0,0,0,0,0,0,197,197,22682,0,0,0,0,0,0,0,0,0
201004,292,26820, ,Idaho Falls  ID ,46,46,7055,0,0,0,0,0,0,0,0,0,46,46,7055,0,0,0,0,0,0,0,0,0
201004,294,11300, ,Anderson  IN ,7,7,1858,0,0,0,0,0,0,0,0,0,4,4,1081,0,0,0,0,0,0,0,0,0
201004,294,18020, ,Columbus  IN ,30,30,5683,0,0,0,0,0,0,0,0,0,30,30,5683,0,0,0,0,0,0,0,0,0
201004,294,26900,C,Indianapolis-Carmel  IN ,344,344,57543,1,2,202,0,0,0,4,256,17787,252,252,44318,0,0,0,0,0,0,2,211,14743
201004,296,27060, ,Ithaca  NY ,1,1,233,0,0,0,0,0,0,1,5,557,0,0,0,0,0,0,0,0,0,0,0,0
201004,297,27180, ,Jackson  TN ,17,17,2185,0,0,0,0,0,0,0,0,0,17,17,2185,0,0,0,0,0,0,0,0,0
201004,298,27140, ,Jackson  MS ,151,151,27201,0,0,0,0,0,0,0,0,0,133,133,24638,0,0,0,0,0,0,0,0,0
201004,304,27740, ,Johnson City  TN ,50,50,6823,0,0,0,0,0,0,0,0,0,41,41,5700,0,0,0,0,0,0,0,0,0
201004,304,28700, ,Kingsport-Bristol-Bristol  TN-VA ,37,37,4329,1,2,102,0,0,0,0,0,0,18,18,1383,1,2,102,0,0,0,0,0,0
201004,308,27860, ,Jonesboro  AR ,43,43,5899,0,0,0,0,0,0,7,180,7624,41,41,5737,0,0,0,0,0,0,7,180,7624
201004,312,28140,C,Kansas City  MO-KS ,210,210,43447,1,2,325,0,0,0,0,0,0,147,147,30093,0,0,0,0,0,0,0,0,0
201004,314,28940, ,Knoxville  TN ,140,140,20622,2,4,170,0,0,0,0,0,0,135,135,19878,2,4,170,0,0,0,0,0,0
201004,314,34100, ,Morristown  TN ,11,11,1694,0,0,0,0,0,0,0,0,0,8,8,1389,0,0,0,0,0,0,0,0,0
201004,316,29020, ,Kokomo  IN ,0,0,0,0,0,0,0,0,0,0,0,0,0,0,0,0,0,0,0,0,0,0,0,0
201004,318,29180, ,Lafayette  LA ,67,67,9892,0,0,0,0,0,0,1,5,244,31,31,5139,0,0,0,0,0,0,0,0,0
201004,320,29140, ,Lafayette  IN ,42,42,8150,0,0,0,0,0,0,0,0,0,13,13,2177,0,0,0,0,0,0,0,0,0
201004,324,29340, ,Lake Charles  LA ,65,65,10762,3,6,495,0,0,0,0,0,0,65,65,10762,3,6,495,0,0,0,0,0,0
201004,330,29620, ,Lansing-East Lansing  MI ,35,35,6426,0,0,0,0,0,0,0,0,0,29,29,5286,0,0,0,0,0,0,0,0,0
201004,332,29820,C,Las Vegas-Paradise  NV ,484,484,58298,0,0,0,5,16,1159,6,36,1204,483,483,58005,0,0,0,5,16,1159,6,36,1204
201004,336,30460, ,Lexington-Fayette  KY ,224,224,30300,1,2,278,1,3,413,1,21,1174,112,112,16360,0,0,0,0,0,0,0,0,0
201004,338,30620, ,Lima  OH ,3,3,736,0,0,0,0,0,0,0,0,0,1,1,359,0,0,0,0,0,0,0,0,0
201004,340,30780, ,Little Rock-North Little Rock-Conway  AR ,192,192,30646,0,0,0,0,0,0,2,40,1925,184,184,29968,0,0,0,0,0,0,2,40,1925
201004,340,38220, ,Pine Bluff  AR ,4,4,295,0,0,0,0,0,0,0,0,0,2,2,87,0,0,0,0,0,0,0,0,0
201004,346,30980, ,Longview  TX ,11,11,2017,0,0,0,0,0,0,1,5,230,0,0,0,0,0,0,0,0,0,0,0,0
201004,348,31100,C,Los Angeles-Long Beach-Santa Ana  CA ,403,403,123391,17,34,7031,6,21,3297,28,435,63648,361,361,109375,16,32,6202,6,21,3297,26,425,62315
201004,348,37100, ,Oxnard-Thousand Oaks-Ventura  CA ,19,19,7654,0,0,0,1,3,539,1,5,537,6,6,3825,0,0,0,0,0,0,0,0,0
201004,348,40140,C,Riverside-San Bernardino-Ontario  CA ,495,495,99901,0,0,0,0,0,0,1,5,576,444,444,92024,0,0,0,0,0,0,0,0,0
201004,350,21060, ,Elizabethtown  KY ,31,31,3959,1,2,70,1,4,240,0,0,0,14,14,1432,1,2,70,1,4,240,0,0,0
201004,350,31140,C,Louisville-Jefferson County  KY-IN ,204,204,34430,0,0,0,0,0,0,1,10,900,185,185,30901,0,0,0,0,0,0,1,10,900
201004,352,31180, ,Lubbock  TX ,53,53,10076,0,0,0,0,0,0,1,24,1000,53,53,10076,0,0,0,0,0,0,1,24,1000
201004,356,31420, ,Macon  GA ,15,15,2763,0,0,0,0,0,0,0,0,0,15,15,2763,0,0,0,0,0,0,0,0,0
201004,356,47580, ,Warner Robins  GA ,56,56,8607,0,0,0,0,0,0,0,0,0,56,56,8607,0,0,0,0,0,0,0,0,0
201004,358,31540,C,Madison  WI ,69,69,16703,1,2,189,1,4,500,3,59,6077,36,36,10223,0,0,0,1,4,500,0,0,0
201004,360,31900, ,Mansfield  OH ,9,9,1269,0,0,0,0,0,0,0,0,0,9,9,1269,0,0,0,0,0,0,0,0,0
201004,372,33260,C,Midland  TX ,38,38,4343,0,0,0,0,0,0,0,0,0,38,38,4343,0,0,0,0,0,0,0,0,0
201004,372,36220,C,Odessa  TX ,23,23,3790,0,0,0,0,0,0,0,0,0,23,23,3790,0,0,0,0,0,0,0,0,0
201004,376,33340,C,Milwaukee-Waukesha-West Allis  WI ,77,77,22113,0,0,0,0,0,0,3,196,18832,67,67,17820,0,0,0,0,0,0,3,196,18832
201004,376,39540, ,Racine  WI ,16,16,3237,0,0,0,0,0,0,0,0,0,16,16,3237,0,0,0,0,0,0,0,0,0
201004,378,33460,C,Minneapolis-St. Paul-Bloomington  MN-WI ,462,462,105688,0,0,0,2,8,1267,2,82,10569,428,428,96942,0,0,0,2,8,1267,1,77,10083
201004,378,41060, ,St. Cloud  MN ,30,30,5292,0,0,0,0,0,0,2,17,1141,18,18,3341,0,0,0,0,0,0,0,0,0
201004,380,33660, ,Mobile  AL ,77,77,12991,0,0,0,0,0,0,0,0,0,75,75,12608,0,0,0,0,0,0,0,0,0
201004,384,33740, ,Monroe  LA ,16,16,2728,0,0,0,0,0,0,0,0,0,1,1,150,0,0,0,0,0,0,0,0,0
201004,388,33860, ,Montgomery  AL ,44,44,4974,0,0,0,0,0,0,1,5,122,40,40,4748,0,0,0,0,0,0,0,0,0
201004,396,34820, ,Myrtle Beach-North Myrtle Beach-Conway  SC ,192,192,25454,0,0,0,0,0,0,1,10,2229,181,181,22652,0,0,0,0,0,0,0,0,0
201004,400,34980,C,Nashville-Davidson--Murfreesboro-Franklin  TN ,361,361,67566,1,2,218,1,4,312,4,33,8802,289,289,51805,0,0,0,1,4,312,4,33,8802
201004,406,35380,C,New Orleans-Metairie-Kenner  LA ,211,211,36518,3,6,453,0,0,0,1,8,800,195,195,33804,3,6,453,0,0,0,1,8,800
201004,408,14860, ,Bridgeport-Stamford-Norwalk  CT ,42,42,20256,2,4,350,0,0,0,1,5,255,28,28,10740,2,4,350,0,0,0,0,0,0
201004,408,28740, ,Kingston  NY ,6,6,845,0,0,0,0,0,0,0,0,0,6,6,845,0,0,0,0,0,0,0,0,0
201004,408,35300, ,New Haven-Milford  CT ,28,28,4915,1,2,60,0,0,0,1,5,308,18,18,3778,0,0,0,0,0,0,0,0,0
201004,408,35620,C,New York-Northern New Jersey-Long Island  NY-NJ-PA ,622,622,158907,43,86,9573,17,54,4718,31,310,36626,423,423,113157,36,72,8405,16,51,4365,15,227,27247
201004,408,39100, ,Poughkeepsie-Newburgh-Middletown  NY ,30,30,4869,0,0,0,0,0,0,29,377,15616,24,24,3863,0,0,0,0,0,0,28,372,15063
201004,408,45940,C,Trenton-Ewing  NJ ,16,16,3466,0,0,0,0,0,0,2,22,2020,8,8,1355,0,0,0,0,0,0,1,17,2000
201004,416,36420,C,Oklahoma City  OK ,299,299,53133,3,6,682,0,0,0,7,77,2910,146,146,29994,1,2,165,0,0,0,6,72,2625
201004,420,36540,C,Omaha-Council Bluffs  NE-IA ,320,320,46344,1,2,159,0,0,0,1,31,2347,121,121,24683,0,0,0,0,0,0,0,0,0
201004,422,19660,C,Deltona-Daytona Beach-Ormond Beach  FL ,82,82,19384,0,0,0,0,0,0,1,5,490,58,58,13042,0,0,0,0,0,0,0,0,0
201004,422,36740,C,Orlando-Kissimmee-Sanford  FL ,356,356,77440,1,2,346,0,0,0,2,17,2430,308,308,64156,1,2,346,0,0,0,1,6,1001
201004,422,37380, ,Palm Coast  FL ,22,22,4857,0,0,0,0,0,0,2,72,5298,22,22,4857,0,0,0,0,0,0,2,72,5298
201004,426,37900, ,Peoria  IL ,47,47,10900,2,4,352,0,0,0,0,0,0,44,44,10353,2,4,352,0,0,0,0,0,0
201004,428,37980,C,Philadelphia-Camden-Wilmington  PA-NJ-DE-MD ,482,482,80416,16,32,2340,7,23,2035,9,61,7005,260,260,44741,15,30,2222,7,23,2035,3,25,3275
201004,428,39740, ,Reading  PA ,13,13,2064,0,0,0,0,0,0,1,5,240,8,8,1077,0,0,0,0,0,0,0,0,0
201004,428,47220,C,Vineland-Millville-Bridgeton  NJ ,26,26,3126,0,0,0,0,0,0,1,5,666,12,12,1462,0,0,0,0,0,0,0,0,0
201004,430,38300,C,Pittsburgh  PA ,266,266,57211,3,6,640,3,9,713,1,6,1296,169,169,36083,3,6,640,2,6,353,0,0,0
201004,438,30340, ,Lewiston-Auburn  ME ,13,13,2434,1,2,175,0,0,0,0,0,0,12,12,2379,1,2,175,0,0,0,0,0,0
201004,438,38860, ,Portland-South Portland-Biddeford  ME ,94,94,17145,0,0,0,0,0,0,0,0,0,52,52,8925,0,0,0,0,0,0,0,0,0
201004,442,38940,C,Port St. Lucie  FL ,55,55,10804,1,2,312,0,0,0,0,0,0,53,53,10496,0,0,0,0,0,0,0,0,0
201004,442,42680,C,Sebastian-Vero Beach  FL ,24,24,7812,0,0,0,0,0,0,0,0,0,24,24,7812,0,0,0,0,0,0,0,0,0
201004,450,20500,C,Durham-Chapel Hill  NC ,142,142,31703,1,2,225,1,4,146,1,51,2298,59,59,15522,1,2,225,0,0,0,0,0,0
201004,450,39580,C,Raleigh-Cary  NC ,399,399,77947,0,0,0,0,0,0,0,0,0,399,399,77947,0,0,0,0,0,0,0,0,0
201004,456,39900,C,Reno-Sparks  NV ,36,36,7558,0,0,0,0,0,0,2,79,8325,28,28,5009,0,0,0,0,0,0,2,79,8325
201004,464,40380, ,Rochester  NY ,76,76,15191,0,0,0,1,3,450,1,10,1390,60,60,11993,0,0,0,0,0,0,0,0,0
201004,466,40420, ,Rockford  IL ,47,47,6226,0,0,0,0,0,0,0,0,0,43,43,5657,0,0,0,0,0,0,0,0,0
201004,472,40900,C,Sacramento--Arden-Arcade--Roseville  CA ,186,186,43823,1,2,185,1,3,271,1,14,2013,184,184,42895,1,2,185,1,3,271,1,14,2013
201004,472,49700, ,Yuba City  CA ,11,11,2150,0,0,0,0,0,0,0,0,0,11,11,2150,0,0,0,0,0,0,0,0,0
201004,474,13020, ,Bay City  MI ,3,3,480,0,0,0,0,0,0,0,0,0,3,3,480,0,0,0,0,0,0,0,0,0
201004,474,40980, ,Saginaw-Saginaw Township North  MI ,5,5,1031,0,0,0,0,0,0,0,0,0,5,5,1031,0,0,0,0,0,0,0,0,0
201004,476,41180,C,St. Louis  MO-IL ,468,468,91866,6,12,1202,2,6,572,5,41,3495,316,316,52916,4,8,664,0,0,0,0,0,0
201004,480,41540, ,Salisbury  MD ,10,10,1441,0,0,0,0,0,0,1,5,683,7,7,1131,0,0,0,0,0,0,0,0,0
201004,482,36260, ,Ogden-Clearfield  UT ,135,135,27016,0,0,0,0,0,0,0,0,0,123,123,24657,0,0,0,0,0,0,0,0,0
201004,482,41620,C,Salt Lake City  UT ,230,230,48891,2,4,586,2,7,918,4,33,3234,190,190,41563,2,4,586,1,4,547,1,9,1369
201004,488,34900, ,Napa  CA ,11,11,3200,0,0,0,0,0,0,0,0,0,11,11,3200,0,0,0,0,0,0,0,0,0
201004,488,41860,C,San Francisco-Oakland-Fremont  CA ,261,261,90479,0,0,0,7,23,4838,1,100,16419,232,232,73821,0,0,0,7,23,4838,1,100,16419
201004,488,41940,C,San Jose-Sunnyvale-Santa Clara  CA ,91,91,39013,0,0,0,1,4,560,8,59,8895,67,67,30638,0,0,0,1,4,560,7,54,7866
201004,488,42100, ,Santa Cruz-Watsonville  CA ,5,5,1994,0,0,0,0,0,0,0,0,0,5,5,1994,0,0,0,0,0,0,0,0,0
201004,488,42220, ,Santa Rosa-Petaluma  CA ,23,23,6314,0,0,0,0,0,0,0,0,0,1,1,182,0,0,0,0,0,0,0,0,0
201004,488,46700, ,Vallejo-Fairfield  CA ,59,59,13553,0,0,0,0,0,0,0,0,0,59,59,13553,0,0,0,0,0,0,0,0,0
201004,492,42140,C,Santa Fe  NM ,10,10,1334,0,0,0,0,0,0,0,0,0,0,0,0,0,0,0,0,0,0,0,0,0
201004,494,35840,C,North Port-Bradenton-Sarasota  FL ,156,156,35341,3,6,1153,0,0,0,1,6,499,67,67,20776,3,6,1153,0,0,0,0,0,0
201004,494,39460,C,Punta Gorda  FL ,29,29,6389,0,0,0,0,0,0,0,0,0,0,0,0,0,0,0,0,0,0,0,0,0
201004,496,25980, ,Hinesville-Fort Stewart  GA ,0,0,0,0,0,0,0,0,0,0,0,0,0,0,0,0,0,0,0,0,0,0,0,0
201004,496,42340, ,Savannah  GA ,70,70,11031,1,2,140,0,0,0,1,27,1674,56,56,8495,1,2,140,0,0,0,1,27,1674
201004,500,14740, ,Bremerton-Silverdale  WA ,39,39,7397,0,0,0,0,0,0,0,0,0,2,2,602,0,0,0,0,0,0,0,0,0
201004,500,34580, ,Mount Vernon-Anacortes  WA ,15,15,3311,0,0,0,0,0,0,0,0,0,12,12,2711,0,0,0,0,0,0,0,0,0
201004,500,36500, ,Olympia  WA ,101,101,20138,0,0,0,0,0,0,0,0,0,101,101,20138,0,0,0,0,0,0,0,0,0
201004,500,42660,C,Seattle-Tacoma-Bellevue  WA ,597,597,139638,10,20,3006,6,21,3431,5,42,4412,541,541,125842,10,20,3006,5,18,2947,3,32,3486
201004,508,43340, ,Shreveport-Bossier City  LA ,132,132,23894,0,0,0,0,0,0,1,17,1035,92,92,19122,0,0,0,0,0,0,0,0,0
201004,512,43580, ,Sioux City  IA-NE-SD ,18,18,4426,2,4,598,0,0,0,0,0,0,9,9,1833,2,4,598,0,0,0,0,0,0
201004,515,21140, ,Elkhart-Goshen  IN ,19,19,3190,0,0,0,0,0,0,0,0,0,19,19,3190,0,0,0,0,0,0,0,0,0
201004,515,43780, ,South Bend-Mishawaka  IN-MI ,14,14,3297,0,0,0,0,0,0,2,12,4340,14,14,3297,0,0,0,0,0,0,2,12,4340
201004,532,45060, ,Syracuse  NY ,50,50,9619,0,0,0,0,0,0,0,0,0,49,49,9469,0,0,0,0,0,0,0,0,0
201004,534,45780, ,Toledo  OH ,37,37,6621,1,2,100,0,0,0,0,0,0,27,27,4372,1,2,100,0,0,0,0,0,0
201004,538,46140,C,Tulsa  OK ,246,246,41618,0,0,0,0,0,0,0,0,0,238,238,40329,0,0,0,0,0,0,0,0,0
201004,540,46340, ,Tyler  TX ,12,12,2117,0,0,0,1,3,150,1,5,231,0,0,0,0,0,0,0,0,0,0,0,0
201004,548,12580,C,Baltimore-Towson  MD ,370,370,68940,0,0,0,0,0,0,4,62,21525,260,260,46500,0,0,0,0,0,0,2,11,764
201004,548,47900,C,Washington-Arlington-Alexandria  DC-VA-MD-WV ,1140,1140,179936,0,0,0,1,4,360,2,13,1611,1017,1017,156046,0,0,0,1,4,360,0,0,0
201004,548,49020, ,Winchester  VA-WV ,32,32,5737,0,0,0,0,0,0,0,0,0,32,32,5737,0,0,0,0,0,0,0,0,0
201004,554,48140, ,Wausau  WI ,22,22,3412,0,0,0,0,0,0,0,0,0,17,17,2443,0,0,0,0,0,0,0,0,0
201004,556,48620, ,Wichita  KS ,107,107,13619,5,10,647,0,0,0,1,10,1601,102,102,12976,5,10,647,0,0,0,1,10,1601
201004,558,48700, ,Williamsport  PA ,1,1,250,0,0,0,0,0,0,0,0,0,1,1,250,0,0,0,0,0,0,0,0,0
201004,564,49620, ,York-Hanover  PA ,59,59,10217,0,0,0,0,0,0,0,0,0,48,48,7761,0,0,0,0,0,0,0,0,0
201004,566,49660, ,Youngstown-Warren-Boardman  OH-PA ,23,23,5374,0,0,0,0,0,0,0,0,0,6,6,1311,0,0,0,0,0,0,0,0,0
201004,999,10180, ,Abilene  TX ,11,11,1675,0,0,0,0,0,0,0,0,0,11,11,1675,0,0,0,0,0,0,0,0,0
201004,999,10500, ,Albany  GA ,14,14,1593,1,2,150,1,3,153,0,0,0,0,0,0,0,0,0,0,0,0,0,0,0
201004,999,10740,C,Albuquerque  NM ,158,158,28082,0,0,0,1,3,253,1,5,389,9,9,2317,0,0,0,0,0,0,0,0,0
201004,999,10780, ,Alexandria  LA ,37,37,6478,1,2,207,0,0,0,0,0,0,16,16,3063,0,0,0,0,0,0,0,0,0
201004,999,10900,C,Allentown-Bethlehem-Easton  PA-NJ ,93,93,16607,0,0,0,1,4,460,0,0,0,57,57,10313,0,0,0,1,4,460,0,0,0
201004,999,11020, ,Altoona  PA ,0,0,0,0,0,0,0,0,0,0,0,0,0,0,0,0,0,0,0,0,0,0,0,0
201004,999,11100, ,Amarillo  TX ,60,60,14474,0,0,0,0,0,0,0,0,0,0,0,0,0,0,0,0,0,0,0,0,0
201004,999,11260,C,Anchorage  AK ,54,54,14317,0,0,0,0,0,0,1,6,935,51,51,13866,0,0,0,0,0,0,1,6,935
201004,999,11500, ,Anniston-Oxford  AL ,4,4,1023,0,0,0,0,0,0,0,0,0,4,4,1023,0,0,0,0,0,0,0,0,0
201004,999,12020, ,Athens-Clarke County  GA ,14,14,2991,0,0,0,0,0,0,0,0,0,7,7,943,0,0,0,0,0,0,0,0,0
201004,999,12100,C,Atlantic City-Hammonton  NJ ,49,49,5553,1,2,503,0,0,0,1,74,16256,37,37,4197,1,2,503,0,0,0,1,74,16256
201004,999,12260, ,Augusta-Richmond County  GA-SC ,208,208,32398,0,0,0,0,0,0,1,5,302,58,58,12297,0,0,0,0,0,0,0,0,0
201004,999,12540, ,Bakersfield-Delano  CA ,115,115,21730,0,0,0,0,0,0,0,0,0,111,111,21238,0,0,0,0,0,0,0,0,0
201004,999,12620, ,Bangor  ME ,21,21,3776,0,0,0,1,3,366,1,5,426,17,17,2935,0,0,0,0,0,0,0,0,0
201004,999,12700, ,Barnstable Town  MA ,26,26,8075,0,0,0,0,0,0,1,5,683,14,14,5028,0,0,0,0,0,0,0,0,0
201004,999,12980, ,Battle Creek  MI ,2,2,57,0,0,0,0,0,0,0,0,0,2,2,57,0,0,0,0,0,0,0,0,0
201004,999,13140, ,Beaumont-Port Arthur  TX ,81,81,8760,0,0,0,0,0,0,0,0,0,81,81,8760,0,0,0,0,0,0,0,0,0
201004,999,13380, ,Bellingham  WA ,25,25,6488,0,0,0,0,0,0,0,0,0,25,25,6488,0,0,0,0,0,0,0,0,0
201004,999,13740, ,Billings  MT ,46,46,5575,0,0,0,0,0,0,1,5,395,0,0,0,0,0,0,0,0,0,0,0,0
201004,999,13780, ,Binghamton  NY ,2,2,352,0,0,0,0,0,0,0,0,0,1,1,212,0,0,0,0,0,0,0,0,0
201004,999,13900, ,Bismarck  ND ,109,109,18766,0,0,0,0,0,0,0,0,0,109,109,18766,0,0,0,0,0,0,0,0,0
201004,999,14020, ,Bloomington  IN ,25,25,4004,0,0,0,0,0,0,0,0,0,25,25,4004,0,0,0,0,0,0,0,0,0
201004,999,14060, ,Bloomington-Normal  IL ,38,38,5461,0,0,0,0,0,0,0,0,0,38,38,5461,0,0,0,0,0,0,0,0,0
201004,999,14260,C,Boise City-Nampa  ID ,217,217,42422,0,0,0,3,11,915,0,0,0,191,191,39251,0,0,0,3,11,915,0,0,0
201004,999,14540, ,Bowling Green  KY ,31,31,4584,6,12,1500,0,0,0,0,0,0,31,31,4584,6,12,1500,0,0,0,0,0,0
201004,999,15260, ,Brunswick  GA ,32,32,8243,0,0,0,0,0,0,0,0,0,0,0,0,0,0,0,0,0,0,0,0,0
201004,999,15540, ,Burlington-South Burlington  VT ,32,32,6595,1,2,340,0,0,0,0,0,0,28,28,5317,1,2,340,0,0,0,0,0,0
201004,999,15940, ,Canton-Massillon  OH ,31,31,5448,0,0,0,0,0,0,2,10,461,0,0,0,0,0,0,0,0,0,0,0,0
201004,999,15980,C,Cape Coral-Fort Myers  FL ,97,97,16893,0,0,0,3,12,2955,0,0,0,97,97,16893,0,0,0,3,12,2955,0,0,0
201004,999,16180,C,Carson City  NV ,2,2,854,0,0,0,0,0,0,0,0,0,2,2,854,0,0,0,0,0,0,0,0,0
201004,999,16220, ,Casper  WY ,19,19,3306,0,0,0,0,0,0,0,0,0,0,0,0,0,0,0,0,0,0,0,0,0
201004,999,16300, ,Cedar Rapids  IA ,53,53,6496,7,14,1078,1,4,284,0,0,0,51,51,6193,7,14,1078,1,4,284,0,0,0
201004,999,16580, ,Champaign-Urbana  IL ,27,27,4566,0,0,0,0,0,0,0,0,0,27,27,4566,0,0,0,0,0,0,0,0,0
201004,999,16620, ,Charleston  WV ,12,12,1933,0,0,0,0,0,0,0,0,0,3,3,405,0,0,0,0,0,0,0,0,0
201004,999,16700,C,Charleston-North Charleston-Summerville  SC ,245,245,46633,0,0,0,0,0,0,1,9,451,86,86,18868,0,0,0,0,0,0,0,0,0
201004,999,16820, ,Charlottesville  VA ,53,53,12145,0,0,0,0,0,0,0,0,0,23,23,4213,0,0,0,0,0,0,0,0,0
201004,999,16940, ,Cheyenne  WY ,32,32,4525,0,0,0,0,0,0,0,0,0,32,32,4525,0,0,0,0,0,0,0,0,0
201004,999,17020, ,Chico  CA ,27,27,4847,1,2,252,0,0,0,0,0,0,14,14,2133,0,0,0,0,0,0,0,0,0
201004,999,17300, ,Clarksville  TN-KY ,135,135,7625,0,0,0,2,8,511,0,0,0,135,135,7625,0,0,0,2,8,511,0,0,0
201004,999,17660, ,Coeur dAlene  ID ,66,66,11029,1,2,214,0,0,0,0,0,0,39,39,7077,0,0,0,0,0,0,0,0,0
201004,999,17780, ,College Station-Bryan  TX ,84,84,12294,0,0,0,0,0,0,0,0,0,28,28,4499,0,0,0,0,0,0,0,0,0
201004,999,17820,C,Colorado Springs  CO ,141,141,42644,0,0,0,1,3,313,0,0,0,141,141,42644,0,0,0,1,3,313,0,0,0
201004,999,17860, ,Columbia  MO ,72,72,11067,2,4,330,0,0,0,1,8,800,72,72,11067,2,4,330,0,0,0,1,8,800
201004,999,18880, ,Crestview-Fort Walton Beach-Destin  FL ,46,46,9579,0,0,0,0,0,0,0,0,0,44,44,9110,0,0,0,0,0,0,0,0,0
201004,999,19060, ,Cumberland  MD-WV ,4,4,796,0,0,0,0,0,0,0,0,0,4,4,796,0,0,0,0,0,0,0,0,0
201004,999,19140,C,Dalton  GA ,12,12,1185,0,0,0,0,0,0,0,0,0,4,4,300,0,0,0,0,0,0,0,0,0
201004,999,19180, ,Danville  IL ,0,0,0,0,0,0,0,0,0,0,0,0,0,0,0,0,0,0,0,0,0,0,0,0
201004,999,19260, ,Danville  VA ,7,7,869,0,0,0,0,0,0,1,5,295,0,0,0,0,0,0,0,0,0,0,0,0
201004,999,19340, ,Davenport-Moline-Rock Island  IA-IL ,39,39,6714,1,2,249,0,0,0,1,12,538,26,26,4734,0,0,0,0,0,0,0,0,0
201004,999,19500, ,Decatur  IL ,2,2,387,0,0,0,0,0,0,0,0,0,2,2,387,0,0,0,0,0,0,0,0,0
201004,999,20100,C,Dover  DE ,69,69,9370,0,0,0,0,0,0,2,22,1466,59,59,8242,0,0,0,0,0,0,2,22,1466
201004,999,20220, ,Dubuque  IA ,28,28,5339,2,4,391,0,0,0,0,0,0,25,25,4772,2,4,391,0,0,0,0,0,0
201004,999,20260, ,Duluth  MN-WI ,32,32,4615,0,0,0,0,0,0,1,5,574,22,22,3409,0,0,0,0,0,0,0,0,0
201004,999,20940, ,El Centro  CA ,15,15,3142,0,0,0,0,0,0,0,0,0,15,15,3142,0,0,0,0,0,0,0,0,0
201004,999,21300, ,Elmira  NY ,0,0,0,0,0,0,0,0,0,0,0,0,0,0,0,0,0,0,0,0,0,0,0,0
201004,999,21340, ,El Paso  TX ,384,384,58231,0,0,0,0,0,0,0,0,0,384,384,58231,0,0,0,0,0,0,0,0,0
201004,999,21500, ,Erie  PA ,14,14,2883,0,0,0,0,0,0,1,52,1700,14,14,2883,0,0,0,0,0,0,1,52,1700
201004,999,21660, ,Eugene-Springfield  OR ,49,49,9696,0,0,0,0,0,0,0,0,0,49,49,9696,0,0,0,0,0,0,0,0,0
201004,999,21780, ,Evansville  IN-KY ,45,45,6919,0,0,0,0,0,0,2,10,1785,22,22,4055,0,0,0,0,0,0,0,0,0
201004,999,21820,C,Fairbanks  AK ,4,4,1000,0,0,0,0,0,0,0,0,0,1,1,450,0,0,0,0,0,0,0,0,0
201004,999,22140,C,Farmington  NM ,29,29,5804,0,0,0,0,0,0,0,0,0,29,29,5804,0,0,0,0,0,0,0,0,0
201004,999,22180, ,Fayetteville  NC ,149,149,23223,0,0,0,0,0,0,8,160,12170,149,149,23223,0,0,0,0,0,0,8,160,12170
201004,999,22220, ,Fayetteville-Springdale-Rogers  AR-MO ,122,122,22414,2,4,380,0,0,0,4,36,3002,75,75,13060,0,0,0,0,0,0,0,0,0
201004,999,22380, ,Flagstaff  AZ ,21,21,4022,0,0,0,0,0,0,0,0,0,13,13,1945,0,0,0,0,0,0,0,0,0
201004,999,22500, ,Florence  SC ,31,31,3832,1,2,102,0,0,0,0,0,0,0,0,0,0,0,0,0,0,0,0,0,0
201004,999,22520, ,Florence-Muscle Shoals  AL ,18,18,1970,8,16,600,0,0,0,0,0,0,10,10,1002,8,16,600,0,0,0,0,0,0
201004,999,22660,C,Fort Collins-Loveland  CO ,43,43,10325,2,4,608,0,0,0,2,12,1357,43,43,10325,2,4,608,0,0,0,2,12,1357
201004,999,22900, ,Fort Smith  AR-OK ,46,46,8201,5,10,823,0,0,0,0,0,0,40,40,7729,5,10,823,0,0,0,0,0,0
201004,999,23460, ,Gadsden  AL ,7,7,1067,0,0,0,0,0,0,0,0,0,4,4,709,0,0,0,0,0,0,0,0,0
201004,999,23540, ,Gainesville  FL ,24,24,3980,0,0,0,0,0,0,1,10,612,17,17,3005,0,0,0,0,0,0,0,0,0
201004,999,24140, ,Goldsboro  NC ,20,20,2989,0,0,0,0,0,0,0,0,0,0,0,0,0,0,0,0,0,0,0,0,0
201004,999,24220, ,Grand Forks  ND-MN ,16,16,3363,0,0,0,0,0,0,0,0,0,16,16,3363,0,0,0,0,0,0,0,0,0
201004,999,24300,C,Grand Junction  CO ,40,40,7976,0,0,0,0,0,0,0,0,0,40,40,7976,0,0,0,0,0,0,0,0,0
201004,999,24500, ,Great Falls  MT ,6,6,1107,0,0,0,0,0,0,0,0,0,6,6,1107,0,0,0,0,0,0,0,0,0
201004,999,24580, ,Green Bay  WI ,68,68,9608,0,0,0,0,0,0,3,155,15188,57,57,8413,0,0,0,0,0,0,2,150,15000
201004,999,24780, ,Greenville  NC ,37,37,4997,6,12,878,0,0,0,0,0,0,37,37,4997,6,12,878,0,0,0,0,0,0
201004,999,25180, ,Hagerstown-Martinsburg  MD-WV ,84,84,15763,0,0,0,0,0,0,0,0,0,84,84,15763,0,0,0,0,0,0,0,0,0
201004,999,25260, ,Hanford-Corcoran  CA ,10,10,1428,0,0,0,0,0,0,0,0,0,1,1,118,0,0,0,0,0,0,0,0,0
201004,999,25500,C,Harrisonburg  VA ,32,32,5232,0,0,0,0,0,0,0,0,0,32,32,5232,0,0,0,0,0,0,0,0,0
201004,999,25620, ,Hattiesburg  MS ,6,6,758,0,0,0,0,0,0,0,0,0,6,6,758,0,0,0,0,0,0,0,0,0
201004,999,25860, ,Hickory-Lenoir-Morganton  NC ,48,48,9614,2,4,361,0,0,0,0,0,0,48,48,9614,2,4,361,0,0,0,0,0,0
201004,999,26180,C,Honolulu  HI ,91,91,28029,0,0,0,0,0,0,1,5,659,0,0,0,0,0,0,0,0,0,0,0,0
201004,999,26300, ,Hot Springs  AR ,4,4,439,0,0,0,0,0,0,0,0,0,0,0,0,0,0,0,0,0,0,0,0,0
201004,999,26380, ,Houma-Bayou Cane-Thibodaux  LA ,26,26,7025,0,0,0,0,0,0,0,0,0,26,26,7025,0,0,0,0,0,0,0,0,0
201004,999,26580, ,Huntington-Ashland  WV-KY-OH ,2,2,227,0,0,0,0,0,0,0,0,0,0,0,0,0,0,0,0,0,0,0,0,0
201004,999,26980, ,Iowa City  IA ,47,47,9445,0,0,0,0,0,0,0,0,0,44,44,8944,0,0,0,0,0,0,0,0,0
201004,999,27100, ,Jackson  MI ,3,3,337,0,0,0,0,0,0,0,0,0,1,1,118,0,0,0,0,0,0,0,0,0
201004,999,27260,C,Jacksonville  FL ,362,362,69394,0,0,0,3,12,2513,1,14,2800,357,357,68642,0,0,0,3,12,2513,1,14,2800
201004,999,27340, ,Jacksonville  NC ,160,160,18165,2,4,200,0,0,0,0,0,0,160,160,18165,2,4,200,0,0,0,0,0,0
201004,999,27500, ,Janesville  WI ,12,12,2182,1,2,170,0,0,0,0,0,0,12,12,2182,1,2,170,0,0,0,0,0,0
201004,999,27620, ,Jefferson City  MO ,12,12,2407,0,0,0,0,0,0,0,0,0,1,1,115,0,0,0,0,0,0,0,0,0
201004,999,27780, ,Johnstown  PA ,2,2,305,0,0,0,0,0,0,0,0,0,1,1,126,0,0,0,0,0,0,0,0,0
201004,999,27900, ,Joplin  MO ,4,4,625,3,6,480,0,0,0,0,0,0,4,4,625,3,6,480,0,0,0,0,0,0
201004,999,28020, ,Kalamazoo-Portage  MI ,29,29,5857,1,2,334,0,0,0,0,0,0,9,9,1708,1,2,334,0,0,0,0,0,0
201004,999,28420, ,Kennewick-Pasco-Richland  WA ,98,98,28803,0,0,0,0,0,0,0,0,0,18,18,4467,0,0,0,0,0,0,0,0,0
201004,999,28660, ,Killeen-Temple-Fort Hood  TX ,175,175,24811,2,4,229,0,0,0,0,0,0,155,155,21196,2,4,229,0,0,0,0,0,0
201004,999,29100, ,La Crosse  WI-MN ,23,23,3387,0,0,0,0,0,0,0,0,0,13,13,1630,0,0,0,0,0,0,0,0,0
201004,999,29420, ,Lake Havasu City-Kingman  AZ ,20,20,3587,1,2,120,0,0,0,0,0,0,20,20,3587,1,2,120,0,0,0,0,0,0
201004,999,29460,C,Lakeland-Winter Haven  FL ,138,138,23949,0,0,0,0,0,0,4,80,5471,131,131,22557,0,0,0,0,0,0,4,80,5471
201004,999,29540, ,Lancaster  PA ,78,78,9409,5,10,1252,0,0,0,0,0,0,75,75,8872,5,10,1252,0,0,0,0,0,0
201004,999,29700,C,Laredo  TX ,69,69,9758,0,0,0,0,0,0,0,0,0,69,69,9758,0,0,0,0,0,0,0,0,0
201004,999,29740,C,Las Cruces  NM ,87,87,15226,0,0,0,0,0,0,2,14,766,21,21,4145,0,0,0,0,0,0,0,0,0
201004,999,29940, ,Lawrence  KS ,11,11,2587,0,0,0,0,0,0,0,0,0,8,8,1724,0,0,0,0,0,0,0,0,0
201004,999,30020, ,Lawton  OK ,23,23,3597,0,0,0,0,0,0,2,19,1215,0,0,0,0,0,0,0,0,0,0,0,0
201004,999,30300, ,Lewiston  ID-WA ,2,2,408,0,0,0,0,0,0,0,0,0,0,0,0,0,0,0,0,0,0,0,0,0
201004,999,30700, ,Lincoln  NE ,73,73,11794,0,0,0,0,0,0,1,5,366,3,3,350,0,0,0,0,0,0,0,0,0
201004,999,30860, ,Logan  UT-ID ,37,37,5260,0,0,0,0,0,0,0,0,0,34,34,4578,0,0,0,0,0,0,0,0,0
201004,999,31020, ,Longview  WA ,2,2,388,0,0,0,0,0,0,0,0,0,1,1,180,0,0,0,0,0,0,0,0,0
201004,999,31340, ,Lynchburg  VA ,48,48,9592,0,0,0,0,0,0,1,24,1500,35,35,7470,0,0,0,0,0,0,1,24,1500
201004,999,31740, ,Manhattan  KS ,28,28,5868,0,0,0,1,3,171,1,21,1734,7,7,1684,0,0,0,0,0,0,0,0,0
201004,999,31860, ,Mankato-North Mankato  MN ,21,21,3447,0,0,0,0,0,0,0,0,0,4,4,1006,0,0,0,0,0,0,0,0,0
201004,999,32580,C,McAllen-Edinburg-Mission  TX ,272,272,38468,0,0,0,3,10,729,0,0,0,257,257,37108,0,0,0,2,7,630,0,0,0
201004,999,32780, ,Medford  OR ,25,25,5056,0,0,0,5,20,2361,5,40,4501,25,25,5056,0,0,0,5,20,2361,5,40,4501
201004,999,32820,C,Memphis  TN-MS-AR ,209,209,34445,5,10,2942,0,0,0,0,0,0,185,185,31070,5,10,2942,0,0,0,0,0,0
201004,999,32900, ,Merced  CA ,9,9,2105,0,0,0,0,0,0,0,0,0,1,1,209,0,0,0,0,0,0,0,0,0
201004,999,33100,C,Miami-Fort Lauderdale-Pompano Beach  FL ,346,346,68986,0,0,0,1,3,534,19,236,32203,316,316,60931,0,0,0,0,0,0,16,203,25703
201004,999,33540,C,Missoula  MT ,23,23,2276,0,0,0,1,4,153,0,0,0,23,23,2276,0,0,0,1,4,153,0,0,0
201004,999,33700, ,Modesto  CA ,25,25,4661,0,0,0,0,0,0,0,0,0,13,13,2772,0,0,0,0,0,0,0,0,0
201004,999,34060, ,Morgantown  WV ,1,1,650,0,0,0,0,0,0,0,0,0,1,1,650,0,0,0,0,0,0,0,0,0
201004,999,34620, ,Muncie  IN ,3,3,627,0,0,0,0,0,0,0,0,0,0,0,0,0,0,0,0,0,0,0,0,0
201004,999,34940,C,Naples-Marco Island  FL ,70,70,22436,0,0,0,2,7,1495,2,20,3705,70,70,22436,0,0,0,2,7,1495,2,20,3705
201004,999,35660, ,Niles-Benton Harbor  MI ,3,3,628,0,0,0,0,0,0,0,0,0,2,2,381,0,0,0,0,0,0,0,0,0
201004,999,35980, ,Norwich-New London  CT ,30,30,7054,0,0,0,0,0,0,3,45,5528,27,27,6585,0,0,0,0,0,0,3,45,5528
201004,999,36100,C,Ocala  FL ,78,78,11439,0,0,0,0,0,0,0,0,0,78,78,11439,0,0,0,0,0,0,0,0,0
201004,999,36140,C,Ocean City  NJ ,19,19,4682,3,6,973,0,0,0,0,0,0,16,16,4304,3,6,973,0,0,0,0,0,0
201004,999,36980, ,Owensboro  KY ,22,22,1605,0,0,0,0,0,0,0,0,0,22,22,1605,0,0,0,0,0,0,0,0,0
201004,999,37340,C,Palm Bay-Melbourne-Titusville  FL ,79,79,19591,0,0,0,0,0,0,0,0,0,75,75,18889,0,0,0,0,0,0,0,0,0
201004,999,37460, ,Panama City-Lynn Haven-Panama City Beach  FL ,26,26,2828,0,0,0,0,0,0,1,6,553,26,26,2828,0,0,0,0,0,0,1,6,553
201004,999,37620, ,Parkersburg-Marietta-Vienna  WV-OH ,10,10,1512,0,0,0,0,0,0,0,0,0,9,9,1316,0,0,0,0,0,0,0,0,0
201004,999,37860,C,Pensacola-Ferry Pass-Brent  FL ,122,122,21834,0,0,0,0,0,0,1,5,457,70,70,12507,0,0,0,0,0,0,0,0,0
201004,999,38060,C,Phoenix-Mesa-Glendale  AZ ,638,638,134732,0,0,0,2,6,933,2,29,5136,612,612,130934,0,0,0,2,6,933,1,17,2990
201004,999,38340, ,Pittsfield  MA ,0,0,0,0,0,0,0,0,0,0,0,0,0,0,0,0,0,0,0,0,0,0,0,0
201004,999,38540, ,Pocatello  ID ,14,14,1451,0,0,0,0,0,0,0,0,0,14,14,1451,0,0,0,0,0,0,0,0,0
201004,999,38900,C,Portland-Vancouver-Hillsboro  OR-WA ,353,353,82648,4,8,1151,0,0,0,3,59,5637,320,320,75818,4,8,1151,0,0,0,3,59,5637
201004,999,39140, ,Prescott  AZ ,23,23,5192,1,2,198,0,0,0,0,0,0,23,23,5192,1,2,198,0,0,0,0,0,0
201004,999,39340, ,Provo-Orem  UT ,181,181,36820,0,0,0,1,4,416,0,0,0,181,181,36820,0,0,0,1,4,416,0,0,0
201004,999,39380,C,Pueblo  CO ,11,11,2203,0,0,0,0,0,0,0,0,0,11,11,2203,0,0,0,0,0,0,0,0,0
201004,999,39660, ,Rapid City  SD ,51,51,7877,0,0,0,0,0,0,9,190,13100,51,51,7877,0,0,0,0,0,0,9,190,13100
201004,999,39820, ,Redding  CA ,12,12,2441,0,0,0,0,0,0,0,0,0,12,12,2441,0,0,0,0,0,0,0,0,0
201004,999,40060,C,Richmond  VA ,257,257,40787,0,0,0,1,4,301,3,59,5990,241,241,38795,0,0,0,1,4,301,3,59,5990
201004,999,40220, ,Roanoke  VA ,42,42,8939,0,0,0,4,16,609,0,0,0,42,42,8939,0,0,0,4,16,609,0,0,0
201004,999,40340, ,Rochester  MN ,37,37,7235,0,0,0,0,0,0,0,0,0,34,34,6621,0,0,0,0,0,0,0,0,0
201004,999,40580, ,Rocky Mount  NC ,24,24,3308,0,0,0,0,0,0,0,0,0,17,17,2876,0,0,0,0,0,0,0,0,0
201004,999,40660, ,Rome  GA ,8,8,1169,0,0,0,0,0,0,1,5,442,0,0,0,0,0,0,0,0,0,0,0,0
201004,999,41100, ,St. George  UT ,113,113,21927,0,0,0,0,0,0,1,10,1621,112,112,21700,0,0,0,0,0,0,1,10,1621
201004,999,41140, ,St. Joseph  MO-KS ,10,10,1792,1,2,244,0,0,0,0,0,0,1,1,175,0,0,0,0,0,0,0,0,0
201004,999,41420, ,Salem  OR ,45,45,9483,0,0,0,0,0,0,0,0,0,42,42,8907,0,0,0,0,0,0,0,0,0
201004,999,41500, ,Salinas  CA ,10,10,2486,0,0,0,1,4,397,0,0,0,8,8,1760,0,0,0,0,0,0,0,0,0
201004,999,41660,C,San Angelo  TX ,15,15,1900,0,0,0,0,0,0,0,0,0,15,15,1900,0,0,0,0,0,0,0,0,0
201004,999,41700,C,San Antonio-New Braunfels  TX ,475,475,87022,1,2,129,1,3,242,10,50,3805,397,397,74663,1,2,129,0,0,0,9,45,2739
201004,999,41740,C,San Diego-Carlsbad-San Marcos  CA ,253,253,74126,4,8,1708,2,8,1112,4,21,2884,237,237,70705,4,8,1708,2,8,1112,4,21,2884
201004,999,41780, ,Sandusky  OH ,0,0,0,0,0,0,0,0,0,0,0,0,0,0,0,0,0,0,0,0,0,0,0,0
201004,999,42020, ,San Luis Obispo-Paso Robles  CA ,23,23,7068,0,0,0,0,0,0,1,5,622,2,2,515,0,0,0,0,0,0,0,0,0
201004,999,42060, ,Santa Barbara-Santa Maria-Goleta  CA ,15,15,18873,0,0,0,0,0,0,0,0,0,15,15,18873,0,0,0,0,0,0,0,0,0
201004,999,42540, ,Scranton--Wilkes-Barre  PA ,15,15,2332,0,0,0,1,3,233,0,0,0,7,7,894,0,0,0,0,0,0,0,0,0
201004,999,43100, ,Sheboygan  WI ,4,4,1560,0,0,0,0,0,0,0,0,0,4,4,1560,0,0,0,0,0,0,0,0,0
201004,999,43620, ,Sioux Falls  SD ,90,90,13588,0,0,0,7,27,2252,1,8,227,87,87,13246,0,0,0,6,24,2063,1,8,227
201004,999,44060, ,Spokane  WA ,94,94,17826,3,6,822,0,0,0,0,0,0,94,94,17826,3,6,822,0,0,0,0,0,0
201004,999,44100, ,Springfield  IL ,20,20,4867,7,14,1443,0,0,0,0,0,0,20,20,4867,7,14,1443,0,0,0,0,0,0
201004,999,44140, ,Springfield  MA ,30,30,5354,0,0,0,0,0,0,0,0,0,21,21,4159,0,0,0,0,0,0,0,0,0
201004,999,44180, ,Springfield  MO ,61,61,8486,0,0,0,0,0,0,1,36,1497,44,44,5685,0,0,0,0,0,0,0,0,0
201004,999,44300, ,State College  PA ,12,12,2137,0,0,0,0,0,0,0,0,0,12,12,2137,0,0,0,0,0,0,0,0,0
201004,999,44600, ,Steubenville-Weirton  OH-WV ,4,4,517,0,0,0,0,0,0,0,0,0,3,3,389,0,0,0,0,0,0,0,0,0
201004,999,44700,C,Stockton  CA ,48,48,8987,0,0,0,0,0,0,0,0,0,48,48,8987,0,0,0,0,0,0,0,0,0
201004,999,44940,C,Sumter  SC ,41,41,4589,0,0,0,0,0,0,0,0,0,41,41,4589,0,0,0,0,0,0,0,0,0
201004,999,45220, ,Tallahassee  FL ,69,69,10865,1,2,200,0,0,0,1,19,1079,35,35,5439,1,2,200,0,0,0,0,0,0
201004,999,45300,C,Tampa-St. Petersburg-Clearwater  FL ,457,457,107530,2,4,269,13,45,44473,5,29,7812,452,452,105135,2,4,269,13,45,44473,5,29,7812
201004,999,45460, ,Terre Haute  IN ,20,20,3008,0,0,0,0,0,0,0,0,0,17,17,2723,0,0,0,0,0,0,0,0,0
201004,999,45500, ,Texarkana  TX-Texarkana  AR ,14,14,2588,1,2,128,0,0,0,0,0,0,14,14,2588,1,2,128,0,0,0,0,0,0
201004,999,45820, ,Topeka  KS ,35,35,5467,0,0,0,0,0,0,0,0,0,32,32,4929,0,0,0,0,0,0,0,0,0
201004,999,46060,C,Tucson  AZ ,233,233,50568,0,0,0,0,0,0,1,8,668,57,57,15398,0,0,0,0,0,0,0,0,0
201004,999,46220, ,Tuscaloosa  AL ,43,43,7126,0,0,0,0,0,0,5,107,7486,43,43,7126,0,0,0,0,0,0,5,107,7486
201004,999,46540, ,Utica-Rome  NY ,2,2,210,0,0,0,0,0,0,0,0,0,0,0,0,0,0,0,0,0,0,0,0,0
201004,999,46660, ,Valdosta  GA ,47,47,4605,0,0,0,0,0,0,1,19,1195,1,1,101,0,0,0,0,0,0,0,0,0
201004,999,47020, ,Victoria  TX ,5,5,776,0,0,0,0,0,0,0,0,0,0,0,0,0,0,0,0,0,0,0,0,0
201004,999,47260,C,Virginia Beach-Norfolk-Newport News  VA-NC ,319,319,64181,2,4,100,2,6,600,7,141,11923,295,295,59429,2,4,100,2,6,600,4,84,9683
201004,999,47300, ,Visalia-Porterville  CA ,60,60,10436,0,0,0,0,0,0,0,0,0,60,60,10436,0,0,0,0,0,0,0,0,0
201004,999,47380, ,Waco  TX ,36,36,6073,1,2,167,0,0,0,0,0,0,34,34,5347,1,2,167,0,0,0,0,0,0
201004,999,47940, ,Waterloo-Cedar Falls  IA ,48,48,9337,0,0,0,0,0,0,0,0,0,48,48,9337,0,0,0,0,0,0,0,0,0
201004,999,48300, ,Wenatchee-East Wenatchee  WA ,7,7,1371,0,0,0,0,0,0,0,0,0,7,7,1371,0,0,0,0,0,0,0,0,0
201004,999,48540, ,Wheeling  WV-OH ,0,0,0,0,0,0,0,0,0,0,0,0,0,0,0,0,0,0,0,0,0,0,0,0
201004,999,48660, ,Wichita Falls  TX ,15,15,2972,2,4,372,0,0,0,0,0,0,15,15,2972,2,4,372,0,0,0,0,0,0
201004,999,48900,C,Wilmington  NC ,146,146,28194,0,0,0,0,0,0,1,6,658,56,56,11330,0,0,0,0,0,0,0,0,0
201004,999,49420, ,Yakima  WA ,20,20,4855,0,0,0,0,0,0,0,0,0,20,20,4855,0,0,0,0,0,0,0,0,0
201004,999,49740, ,Yuma  AZ ,74,74,9440,0,0,0,0,0,0,0,0,0,74,74,9440,0,0,0,0,0,0,0,0,0
