Survey,CSA,CBSA,MONCOV,CBSA,,1-unit,,,2-units,,,3-4 units,,,5+ units,,,1-unit rep,,,2-units rep,,,3-4 units rep,,,5+ units rep
Date,Code,Code,,Name,Bldgs,Units,Value,Bldgs,Units,Value,Bldgs,Units,Value,Bldgs,Units,Value,Bldgs,Units,Value,Bldgs,Units,Value,      Bldgs,Units,Value,Bldgs,Units,Value
 
201010,102,18700, ,Corvallis  OR ,2,2,509,0,0,0,0,0,0,0,0,0,2,2,509,0,0,0,0,0,0,0,0,0
201010,104,10580, ,Albany-Schenectady-Troy  NY ,51,51,13714,1,2,200,0,0,0,0,0,0,44,44,12597,1,2,200,0,0,0,0,0,0
201010,104,24020, ,Glens Falls  NY ,20,20,2950,0,0,0,0,0,0,0,0,0,0,0,0,0,0,0,0,0,0,0,0,0
201010,112,11180, ,Ames  IA ,12,12,3405,0,0,0,0,0,0,0,0,0,10,10,2958,0,0,0,0,0,0,0,0,0
201010,118,11540, ,Appleton  WI ,31,31,6935,1,2,250,2,8,1029,0,0,0,31,31,6935,1,2,250,2,8,1029,0,0,0
201010,118,36780, ,Oshkosh-Neenah  WI ,17,17,3457,0,0,0,0,0,0,1,6,636,17,17,3457,0,0,0,0,0,0,1,6,636
201010,120,11700, ,Asheville  NC ,65,65,11958,0,0,0,0,0,0,1,17,811,29,29,4004,0,0,0,0,0,0,0,0,0
201010,122,12060,C,Atlanta-Sandy Springs-Marietta  GA ,405,405,76458,1,2,490,0,0,0,0,0,0,372,372,70075,1,2,490,0,0,0,0,0,0
201010,122,23580, ,Gainesville  GA ,8,8,1504,0,0,0,0,0,0,0,0,0,8,8,1504,0,0,0,0,0,0,0,0,0
201010,126,12420,C,Austin-Round Rock-San Marcos  TX ,375,375,67292,0,0,0,1,3,252,1,6,360,301,301,55720,0,0,0,1,3,252,0,0,0
201010,132,12940, ,Baton Rouge  LA ,164,164,30844,1,2,158,1,3,249,0,0,0,107,107,21756,0,0,0,0,0,0,0,0,0
201010,140,13460,C,Bend  OR ,28,28,7608,0,0,0,0,0,0,0,0,0,28,28,7608,0,0,0,0,0,0,0,0,0
201010,142,13820,C,Birmingham-Hoover  AL ,89,89,18438,0,0,0,1,3,315,0,0,0,51,51,10877,0,0,0,0,0,0,0,0,0
201010,148,14460,C,Boston-Cambridge-Quincy  MA-NH ,252,252,64064,5,10,1161,3,11,1646,17,196,20931,169,169,45054,3,6,748,2,8,1351,4,83,10273
201010,148,31700, ,Manchester-Nashua  NH ,33,33,6453,1,2,165,3,11,831,2,13,1061,28,28,5674,0,0,0,0,0,0,1,5,450
201010,148,39300, ,Providence-New Bedford-Fall River  RI-MA ,90,90,18885,1,2,247,0,0,0,2,34,2131,67,67,14847,1,2,247,0,0,0,2,34,2131
201010,148,49340, ,Worcester  MA ,35,35,6979,0,0,0,1,3,260,1,21,1268,24,24,5020,0,0,0,1,3,260,0,0,0
201010,154,15180, ,Brownsville-Harlingen  TX ,78,78,8542,2,4,148,0,0,0,0,0,0,77,77,8374,2,4,148,0,0,0,0,0,0
201010,160,15380, ,Buffalo-Niagara Falls  NY ,47,47,9579,0,0,0,1,4,400,1,12,1307,45,45,9251,0,0,0,1,4,400,0,0,0
201010,164,16020, ,Cape Girardeau-Jackson  MO-IL ,3,3,461,0,0,0,0,0,0,0,0,0,3,3,461,0,0,0,0,0,0,0,0,0
201010,172,16740,C,Charlotte-Gastonia-Rock Hill  NC-SC ,236,236,45344,1,2,176,2,7,630,4,84,6865,233,233,44636,1,2,176,2,7,630,4,84,6865
201010,174,16860, ,Chattanooga  TN-GA ,62,62,9511,1,2,92,0,0,0,0,0,0,44,44,6780,0,0,0,0,0,0,0,0,0
201010,174,17420, ,Cleveland  TN ,8,8,1074,0,0,0,0,0,0,0,0,0,8,8,1074,0,0,0,0,0,0,0,0,0
201010,176,16980,C,Chicago-Joliet-Naperville  IL-IN-WI ,389,389,102342,9,18,1802,5,17,2445,15,430,51506,304,304,85320,8,16,1565,5,17,2445,11,387,47614
201010,176,28100, ,Kankakee-Bradley  IL ,3,3,903,0,0,0,0,0,0,0,0,0,3,3,903,0,0,0,0,0,0,0,0,0
201010,176,33140, ,Michigan City-La Porte  IN ,7,7,1270,0,0,0,0,0,0,0,0,0,0,0,0,0,0,0,0,0,0,0,0,0
201010,178,17140,C,Cincinnati-Middletown  OH-KY-IN ,206,206,40151,1,2,277,3,10,1134,3,28,2241,158,158,31774,0,0,0,2,7,789,2,23,1794
201010,184,10420, ,Akron  OH ,48,48,8915,0,0,0,1,3,69,1,9,318,43,43,8417,0,0,0,0,0,0,0,0,0
201010,184,17460,C,Cleveland-Elyria-Mentor  OH ,154,154,33034,0,0,0,1,4,496,2,10,1130,116,116,26275,0,0,0,1,4,496,1,5,600
201010,192,17900,C,Columbia  SC ,165,165,24592,0,0,0,0,0,0,2,31,2473,55,55,7738,0,0,0,0,0,0,0,0,0
201010,194,12220,C,Auburn-Opelika  AL ,31,31,6665,0,0,0,0,0,0,0,0,0,31,31,6665,0,0,0,0,0,0,0,0,0
201010,194,17980, ,Columbus  GA-AL ,47,47,7929,0,0,0,0,0,0,2,19,1278,8,8,2089,0,0,0,0,0,0,0,0,0
201010,198,18140,C,Columbus  OH ,175,175,36092,0,0,0,4,16,1398,26,407,33365,157,157,32432,0,0,0,4,16,1398,26,407,33365
201010,204,18580, ,Corpus Christi  TX ,53,53,6453,0,0,0,0,0,0,0,0,0,53,53,6453,0,0,0,0,0,0,0,0,0
201010,206,19100,C,Dallas-Fort Worth-Arlington  TX ,927,927,211890,3,6,460,1,4,700,6,229,16123,869,869,196245,2,4,180,1,4,700,4,213,15329
201010,206,43300, ,Sherman-Denison  TX ,1,1,159,0,0,0,0,0,0,0,0,0,0,0,0,0,0,0,0,0,0,0,0,0
201010,212,19380, ,Dayton  OH ,59,59,15357,0,0,0,0,0,0,0,0,0,58,58,15171,0,0,0,0,0,0,0,0,0
201010,212,44220, ,Springfield  OH ,7,7,1027,0,0,0,0,0,0,0,0,0,7,7,1027,0,0,0,0,0,0,0,0,0
201010,216,14500, ,Boulder  CO ,7,7,3418,0,0,0,0,0,0,0,0,0,6,6,3178,0,0,0,0,0,0,0,0,0
201010,216,19740,C,Denver-Aurora-Broomfield  CO ,272,272,66229,1,2,494,0,0,0,2,93,6953,259,259,62938,1,2,494,0,0,0,2,93,6953
201010,216,24540,C,Greeley  CO ,32,32,7578,0,0,0,0,0,0,2,10,289,22,22,5315,0,0,0,0,0,0,0,0,0
201010,218,19780,C,Des Moines-West Des Moines  IA ,270,270,46544,1,2,306,0,0,0,2,36,4190,255,255,43888,1,2,306,0,0,0,2,36,4190
201010,220,11460, ,Ann Arbor  MI ,19,19,2991,0,0,0,1,3,448,1,5,302,14,14,2380,0,0,0,1,3,448,0,0,0
201010,220,19820,C,Detroit-Warren-Livonia  MI ,273,273,62798,0,0,0,4,15,1187,5,37,3759,259,259,59750,0,0,0,4,15,1187,5,37,3759
201010,220,22420, ,Flint  MI ,9,9,1626,0,0,0,0,0,0,0,0,0,9,9,1626,0,0,0,0,0,0,0,0,0
201010,220,33780, ,Monroe  MI ,6,6,1093,0,0,0,0,0,0,0,0,0,5,5,918,0,0,0,0,0,0,0,0,0
201010,222,20020, ,Dothan  AL ,13,13,2775,0,0,0,0,0,0,1,5,453,0,0,0,0,0,0,0,0,0,0,0,0
201010,232,20740, ,Eau Claire  WI ,27,27,5154,2,4,325,0,0,0,0,0,0,27,27,5154,2,4,325,0,0,0,0,0,0
201010,244,22020, ,Fargo  ND-MN ,76,76,12088,0,0,0,0,0,0,4,168,9975,76,76,12088,0,0,0,0,0,0,4,168,9975
201010,252,22540, ,Fond du Lac  WI ,5,5,1257,0,0,0,0,0,0,0,0,0,3,3,820,0,0,0,0,0,0,0,0,0
201010,258,23060,C,Fort Wayne  IN ,55,55,10959,0,0,0,0,0,0,0,0,0,55,55,10959,0,0,0,0,0,0,0,0,0
201010,260,23420, ,Fresno  CA ,124,124,21329,0,0,0,1,3,215,0,0,0,0,0,0,0,0,0,0,0,0,0,0,0
201010,260,31460, ,Madera-Chowchilla  CA ,10,10,1225,0,0,0,0,0,0,0,0,0,10,10,1225,0,0,0,0,0,0,0,0,0
201010,266,24340,C,Grand Rapids-Wyoming  MI ,81,81,15010,0,0,0,1,3,270,0,0,0,63,63,12818,0,0,0,0,0,0,0,0,0
201010,266,26100, ,Holland-Grand Haven  MI ,16,16,3161,1,2,185,0,0,0,1,6,524,8,8,1335,1,2,185,0,0,0,0,0,0
201010,266,34740, ,Muskegon-Norton Shores  MI ,3,3,490,0,0,0,0,0,0,0,0,0,2,2,240,0,0,0,0,0,0,0,0,0
201010,268,15500, ,Burlington  NC ,23,23,3584,0,0,0,0,0,0,0,0,0,23,23,3584,0,0,0,0,0,0,0,0,0
201010,268,24660,C,Greensboro-High Point  NC ,78,78,12918,6,12,725,4,12,833,2,17,1287,54,54,8445,6,12,725,4,12,833,1,12,775
201010,268,49180, ,Winston-Salem  NC ,48,48,7538,0,0,0,0,0,0,2,66,1659,48,48,7538,0,0,0,0,0,0,2,66,1659
201010,273,11340, ,Anderson  SC ,11,11,2340,0,0,0,0,0,0,3,72,4443,11,11,2340,0,0,0,0,0,0,3,72,4443
201010,273,24860,C,Greenville-Maudlin-Easley  SC ,139,139,31495,0,0,0,0,0,0,0,0,0,137,137,31151,0,0,0,0,0,0,0,0,0
201010,273,43900, ,Spartanburg  SC ,40,40,3904,0,0,0,0,0,0,0,0,0,40,40,3904,0,0,0,0,0,0,0,0,0
201010,274,25060, ,Gulfport-Biloxi  MS ,72,72,9040,2,4,263,1,4,255,1,11,694,32,32,3893,0,0,0,0,0,0,0,0,0
201010,274,37700, ,Pascagoula  MS ,35,35,5257,0,0,0,0,0,0,0,0,0,23,23,3686,0,0,0,0,0,0,0,0,0
201010,276,25420, ,Harrisburg-Carlisle  PA ,40,40,7365,0,0,0,0,0,0,0,0,0,38,38,6915,0,0,0,0,0,0,0,0,0
201010,276,30140, ,Lebanon  PA ,20,20,3516,0,0,0,0,0,0,0,0,0,17,17,2977,0,0,0,0,0,0,0,0,0
201010,278,25540, ,Hartford-West Hartford-East Hartford  CT ,56,56,10184,0,0,0,1,3,381,1,6,78,38,38,7084,0,0,0,0,0,0,0,0,0
201010,288,26420,C,Houston-Sugar Land-Baytown  TX ,1292,1292,241288,1,2,100,1,3,408,25,301,24899,952,952,181190,1,2,100,0,0,0,20,246,21167
201010,290,19460, ,Decatur  AL ,28,28,5506,10,20,2627,0,0,0,0,0,0,28,28,5506,10,20,2627,0,0,0,0,0,0
201010,290,26620, ,Huntsville  AL ,167,167,20355,0,0,0,0,0,0,0,0,0,167,167,20355,0,0,0,0,0,0,0,0,0
201010,292,26820, ,Idaho Falls  ID ,17,17,2092,0,0,0,0,0,0,0,0,0,17,17,2092,0,0,0,0,0,0,0,0,0
201010,294,11300, ,Anderson  IN ,7,7,1503,0,0,0,0,0,0,0,0,0,5,5,985,0,0,0,0,0,0,0,0,0
201010,294,18020, ,Columbus  IN ,12,12,2211,0,0,0,0,0,0,0,0,0,12,12,2211,0,0,0,0,0,0,0,0,0
201010,294,26900,C,Indianapolis-Carmel  IN ,240,240,47025,1,2,240,6,22,1610,5,102,9137,233,233,46082,1,2,240,5,19,1610,5,102,9137
201010,296,27060, ,Ithaca  NY ,1,1,168,0,0,0,0,0,0,0,0,0,0,0,0,0,0,0,0,0,0,0,0,0
201010,297,27180, ,Jackson  TN ,13,13,2027,0,0,0,0,0,0,0,0,0,13,13,2027,0,0,0,0,0,0,0,0,0
201010,298,27140, ,Jackson  MS ,123,123,20781,0,0,0,0,0,0,0,0,0,112,112,19213,0,0,0,0,0,0,0,0,0
201010,304,27740, ,Johnson City  TN ,17,17,3058,0,0,0,0,0,0,10,53,2217,17,17,3058,0,0,0,0,0,0,10,53,2217
201010,304,28700, ,Kingsport-Bristol-Bristol  TN-VA ,26,26,4348,0,0,0,0,0,0,0,0,0,15,15,2643,0,0,0,0,0,0,0,0,0
201010,308,27860, ,Jonesboro  AR ,26,26,3977,0,0,0,0,0,0,0,0,0,25,25,3896,0,0,0,0,0,0,0,0,0
201010,312,28140,C,Kansas City  MO-KS ,166,166,37689,0,0,0,5,19,1943,1,51,5000,115,115,26832,0,0,0,4,16,1455,1,51,5000
201010,314,28940, ,Knoxville  TN ,104,104,15593,0,0,0,0,0,0,1,14,566,89,89,14223,0,0,0,0,0,0,0,0,0
201010,314,34100, ,Morristown  TN ,13,13,2358,0,0,0,0,0,0,0,0,0,11,11,2154,0,0,0,0,0,0,0,0,0
201010,316,29020, ,Kokomo  IN ,2,2,175,0,0,0,0,0,0,0,0,0,2,2,175,0,0,0,0,0,0,0,0,0
201010,318,29180, ,Lafayette  LA ,50,50,8338,0,0,0,0,0,0,1,5,244,28,28,5433,0,0,0,0,0,0,0,0,0
201010,320,29140, ,Lafayette  IN ,61,61,11587,0,0,0,15,60,5151,0,0,0,39,39,7056,0,0,0,15,60,5151,0,0,0
201010,324,29340, ,Lake Charles  LA ,131,131,14352,2,4,270,0,0,0,0,0,0,131,131,14352,2,4,270,0,0,0,0,0,0
201010,330,29620, ,Lansing-East Lansing  MI ,20,20,4007,0,0,0,0,0,0,0,0,0,14,14,2871,0,0,0,0,0,0,0,0,0
201010,332,29820,C,Las Vegas-Paradise  NV ,283,283,36365,0,0,0,2,8,1088,9,107,9103,283,283,36365,0,0,0,2,8,1088,9,107,9103
201010,336,30460, ,Lexington-Fayette  KY ,61,61,13077,2,4,600,0,0,0,1,12,1105,54,54,11997,2,4,600,0,0,0,1,12,1105
201010,338,30620, ,Lima  OH ,1,1,188,0,0,0,0,0,0,0,0,0,0,0,0,0,0,0,0,0,0,0,0,0
201010,340,30780, ,Little Rock-North Little Rock-Conway  AR ,98,98,16794,13,26,3077,0,0,0,0,0,0,97,97,16677,13,26,3077,0,0,0,0,0,0
201010,340,38220, ,Pine Bluff  AR ,1,1,104,1,2,130,0,0,0,0,0,0,0,0,0,1,2,130,0,0,0,0,0,0
201010,346,30980, ,Longview  TX ,9,9,1695,0,0,0,0,0,0,0,0,0,9,9,1695,0,0,0,0,0,0,0,0,0
201010,348,31100,C,Los Angeles-Long Beach-Santa Ana  CA ,236,236,73602,10,20,4247,10,38,5492,16,121,22096,206,206,63442,9,18,3418,9,35,5197,13,106,18770
201010,348,37100, ,Oxnard-Thousand Oaks-Ventura  CA ,21,21,6290,0,0,0,1,4,823,10,79,7662,13,13,3612,0,0,0,0,0,0,9,74,7125
201010,348,40140,C,Riverside-San Bernardino-Ontario  CA ,246,246,58828,0,0,0,9,34,3540,6,30,2659,220,220,53732,0,0,0,9,34,3540,4,20,1765
201010,350,21060, ,Elizabethtown  KY ,16,16,2316,0,0,0,0,0,0,4,92,6041,5,5,681,0,0,0,0,0,0,4,92,6041
201010,350,31140,C,Louisville-Jefferson County  KY-IN ,136,136,28850,0,0,0,1,4,220,6,212,34170,123,123,26388,0,0,0,1,4,220,5,207,33723
201010,352,31180, ,Lubbock  TX ,36,36,8211,0,0,0,0,0,0,0,0,0,36,36,8211,0,0,0,0,0,0,0,0,0
201010,356,31420, ,Macon  GA ,9,9,1549,0,0,0,0,0,0,0,0,0,9,9,1549,0,0,0,0,0,0,0,0,0
201010,356,47580, ,Warner Robins  GA ,38,38,6323,0,0,0,0,0,0,0,0,0,38,38,6323,0,0,0,0,0,0,0,0,0
201010,358,31540,C,Madison  WI ,66,66,14246,1,2,383,1,4,430,1,73,7765,43,43,9321,1,2,383,1,4,430,0,0,0
201010,360,31900, ,Mansfield  OH ,3,3,486,0,0,0,0,0,0,0,0,0,0,0,0,0,0,0,0,0,0,0,0,0
201010,372,33260,C,Midland  TX ,17,17,3484,0,0,0,0,0,0,0,0,0,17,17,3484,0,0,0,0,0,0,0,0,0
201010,372,36220,C,Odessa  TX ,18,18,2768,0,0,0,0,0,0,0,0,0,18,18,2768,0,0,0,0,0,0,0,0,0
201010,376,33340,C,Milwaukee-Waukesha-West Allis  WI ,110,110,30327,1,2,325,0,0,0,2,122,9768,101,101,26593,0,0,0,0,0,0,2,122,9768
201010,376,39540, ,Racine  WI ,8,8,2064,0,0,0,0,0,0,0,0,0,8,8,2064,0,0,0,0,0,0,0,0,0
201010,378,33460,C,Minneapolis-St. Paul-Bloomington  MN-WI ,299,299,77503,1,2,171,8,32,4252,10,415,38369,271,271,71037,1,2,171,8,32,4252,10,415,38369
201010,378,41060, ,St. Cloud  MN ,14,14,2475,0,0,0,0,0,0,1,6,421,10,10,1905,0,0,0,0,0,0,0,0,0
201010,380,33660, ,Mobile  AL ,56,56,10694,0,0,0,0,0,0,8,182,8848,56,56,10694,0,0,0,0,0,0,8,182,8848
201010,384,33740, ,Monroe  LA ,49,49,5119,0,0,0,0,0,0,1,5,383,40,40,3573,0,0,0,0,0,0,0,0,0
201010,388,33860, ,Montgomery  AL ,17,17,2147,0,0,0,0,0,0,1,5,122,14,14,1864,0,0,0,0,0,0,0,0,0
201010,396,34820, ,Myrtle Beach-North Myrtle Beach-Conway  SC ,108,108,16681,0,0,0,0,0,0,0,0,0,108,108,16681,0,0,0,0,0,0,0,0,0
201010,400,34980,C,Nashville-Davidson--Murfreesboro-Franklin  TN ,262,262,48489,2,4,106,2,7,1095,1,8,600,198,198,36303,1,2,56,2,7,1095,1,8,600
201010,406,35380,C,New Orleans-Metairie-Kenner  LA ,164,164,27052,16,32,3273,0,0,0,0,0,0,150,150,24552,16,32,3273,0,0,0,0,0,0
201010,408,14860, ,Bridgeport-Stamford-Norwalk  CT ,56,56,23999,3,6,764,1,3,260,1,6,306,43,43,15419,2,4,593,1,3,260,0,0,0
201010,408,28740, ,Kingston  NY ,8,8,1988,1,2,352,0,0,0,0,0,0,6,6,1630,1,2,352,0,0,0,0,0,0
201010,408,35300, ,New Haven-Milford  CT ,40,40,5890,0,0,0,0,0,0,2,11,754,33,33,5079,0,0,0,0,0,0,0,0,0
201010,408,35620,C,New York-Northern New Jersey-Long Island  NY-NJ-PA ,531,531,157057,103,206,19963,40,124,8765,32,696,91955,378,378,121605,90,180,17604,37,115,6989,13,492,53782
201010,408,39100, ,Poughkeepsie-Newburgh-Middletown  NY ,30,30,5856,0,0,0,0,0,0,1,5,451,26,26,5258,0,0,0,0,0,0,0,0,0
201010,408,45940,C,Trenton-Ewing  NJ ,11,11,2834,0,0,0,0,0,0,2,85,11405,7,7,2338,0,0,0,0,0,0,2,85,11405
201010,416,36420,C,Oklahoma City  OK ,232,232,42552,1,2,167,0,0,0,2,20,1407,135,135,27491,0,0,0,0,0,0,1,15,1122
201010,420,36540,C,Omaha-Council Bluffs  NE-IA ,211,211,36199,0,0,0,0,0,0,7,192,13847,178,178,30713,0,0,0,0,0,0,7,192,13847
201010,422,19660,C,Deltona-Daytona Beach-Ormond Beach  FL ,33,33,8590,0,0,0,0,0,0,1,5,490,27,27,7106,0,0,0,0,0,0,0,0,0
201010,422,36740,C,Orlando-Kissimmee-Sanford  FL ,268,268,57526,1,2,152,2,8,1004,3,22,2187,235,235,49144,1,2,152,2,8,1004,2,13,1018
201010,422,37380, ,Palm Coast  FL ,11,11,3855,0,0,0,0,0,0,0,0,0,11,11,3855,0,0,0,0,0,0,0,0,0
201010,426,37900, ,Peoria  IL ,23,23,5519,0,0,0,0,0,0,0,0,0,21,21,5154,0,0,0,0,0,0,0,0,0
201010,428,37980,C,Philadelphia-Camden-Wilmington  PA-NJ-DE-MD ,422,422,73850,2,4,330,7,23,2326,9,62,4221,283,283,50738,2,4,330,7,23,2326,2,13,769
201010,428,39740, ,Reading  PA ,14,14,2065,0,0,0,0,0,0,0,0,0,10,10,1180,0,0,0,0,0,0,0,0,0
201010,428,47220,C,Vineland-Millville-Bridgeton  NJ ,14,14,1537,0,0,0,0,0,0,0,0,0,6,6,686,0,0,0,0,0,0,0,0,0
201010,430,38300,C,Pittsburgh  PA ,213,213,45074,2,4,392,2,6,753,1,15,3239,117,117,25994,1,2,250,1,3,516,0,0,0
201010,438,30340, ,Lewiston-Auburn  ME ,6,6,864,1,2,128,0,0,0,0,0,0,3,3,510,0,0,0,0,0,0,0,0,0
201010,438,38860, ,Portland-South Portland-Biddeford  ME ,92,92,19462,0,0,0,0,0,0,0,0,0,69,69,15071,0,0,0,0,0,0,0,0,0
201010,442,38940,C,Port St. Lucie  FL ,24,24,6377,0,0,0,0,0,0,1,5,595,23,23,6223,0,0,0,0,0,0,0,0,0
201010,442,42680,C,Sebastian-Vero Beach  FL ,27,27,11541,0,0,0,0,0,0,0,0,0,27,27,11541,0,0,0,0,0,0,0,0,0
201010,450,20500,C,Durham-Chapel Hill  NC ,68,68,15278,1,2,230,0,0,0,2,23,3018,53,53,11597,1,2,230,0,0,0,0,0,0
201010,450,39580,C,Raleigh-Cary  NC ,282,282,51805,0,0,0,0,0,0,1,12,935,262,262,48188,0,0,0,0,0,0,1,12,935
201010,456,39900,C,Reno-Sparks  NV ,27,27,5810,0,0,0,0,0,0,0,0,0,26,26,5651,0,0,0,0,0,0,0,0,0
201010,464,40380, ,Rochester  NY ,62,62,13896,1,2,145,2,6,938,2,16,2089,45,45,10502,0,0,0,0,0,0,0,0,600
201010,466,40420, ,Rockford  IL ,8,8,1215,0,0,0,0,0,0,0,0,0,8,8,1215,0,0,0,0,0,0,0,0,0
201010,472,40900,C,Sacramento--Arden-Arcade--Roseville  CA ,121,121,30236,0,0,0,0,0,0,0,0,0,119,119,29746,0,0,0,0,0,0,0,0,0
201010,472,49700, ,Yuba City  CA ,6,6,1008,0,0,0,0,0,0,0,0,0,3,3,425,0,0,0,0,0,0,0,0,0
201010,474,13020, ,Bay City  MI ,1,1,200,0,0,0,0,0,0,0,0,0,1,1,200,0,0,0,0,0,0,0,0,0
201010,474,40980, ,Saginaw-Saginaw Township North  MI ,4,4,741,2,4,458,0,0,0,0,0,0,4,4,741,2,4,458,0,0,0,0,0,0
201010,476,41180,C,St. Louis  MO-IL ,289,289,60282,2,4,395,4,15,1292,5,70,6743,194,194,36828,1,2,220,3,12,980,0,0,0
201010,480,41540, ,Salisbury  MD ,10,10,1561,1,2,509,0,0,0,0,0,0,10,10,1561,1,2,509,0,0,0,0,0,0
201010,482,36260, ,Ogden-Clearfield  UT ,85,85,18078,0,0,0,0,0,0,2,11,1103,72,72,15727,0,0,0,0,0,0,1,6,689
201010,482,41620,C,Salt Lake City  UT ,127,127,26096,0,0,0,0,0,0,4,23,1747,109,109,22783,0,0,0,0,0,0,0,0,0
201010,488,34900, ,Napa  CA ,3,3,1033,0,0,0,0,0,0,0,0,0,3,3,1033,0,0,0,0,0,0,0,0,0
201010,488,41860,C,San Francisco-Oakland-Fremont  CA ,172,172,65602,3,6,1832,2,7,2655,6,123,19042,156,156,52734,3,6,1832,2,7,2655,1,98,15710
201010,488,41940,C,San Jose-Sunnyvale-Santa Clara  CA ,48,48,20115,0,0,0,0,0,0,3,48,8117,35,35,16022,0,0,0,0,0,0,1,35,5000
201010,488,42100, ,Santa Cruz-Watsonville  CA ,5,5,1708,0,0,0,0,0,0,0,0,0,5,5,1708,0,0,0,0,0,0,0,0,0
201010,488,42220, ,Santa Rosa-Petaluma  CA ,41,41,9493,0,0,0,4,12,1419,5,36,2626,41,41,9493,0,0,0,4,12,1419,5,36,2626
201010,488,46700, ,Vallejo-Fairfield  CA ,55,55,12701,0,0,0,0,0,0,0,0,0,54,54,12332,0,0,0,0,0,0,0,0,0
201010,492,42140,C,Santa Fe  NM ,7,7,933,0,0,0,0,0,0,0,0,0,0,0,0,0,0,0,0,0,0,0,0,0
201010,494,35840,C,North Port-Bradenton-Sarasota  FL ,120,120,26374,0,0,0,0,0,0,0,0,0,115,115,25566,0,0,0,0,0,0,0,0,0
201010,494,39460,C,Punta Gorda  FL ,19,19,4222,0,0,0,0,0,0,0,0,0,0,0,0,0,0,0,0,0,0,0,0,0
201010,496,25980, ,Hinesville-Fort Stewart  GA ,7,7,1550,0,0,0,0,0,0,0,0,0,7,7,1550,0,0,0,0,0,0,0,0,0
201010,496,42340, ,Savannah  GA ,44,44,6662,0,0,0,0,0,0,0,0,0,44,44,6662,0,0,0,0,0,0,0,0,0
201010,500,14740, ,Bremerton-Silverdale  WA ,31,31,6350,0,0,0,0,0,0,0,0,0,31,31,6350,0,0,0,0,0,0,0,0,0
201010,500,34580, ,Mount Vernon-Anacortes  WA ,15,15,2997,0,0,0,0,0,0,0,0,0,8,8,1963,0,0,0,0,0,0,0,0,0
201010,500,36500, ,Olympia  WA ,84,84,16433,0,0,0,0,0,0,0,0,0,84,84,16433,0,0,0,0,0,0,0,0,0
201010,500,42660,C,Seattle-Tacoma-Bellevue  WA ,427,427,101294,3,6,702,7,24,3752,18,265,32681,398,398,92560,2,4,412,7,24,3752,13,237,30112
201010,508,43340, ,Shreveport-Bossier City  LA ,72,72,13047,0,0,0,0,0,0,1,14,852,48,48,10184,0,0,0,0,0,0,0,0,0
201010,512,43580, ,Sioux City  IA-NE-SD ,12,12,3032,0,0,0,0,0,0,0,0,0,5,5,1015,0,0,0,0,0,0,0,0,0
201010,515,21140, ,Elkhart-Goshen  IN ,15,15,2396,0,0,0,0,0,0,0,0,0,14,14,2277,0,0,0,0,0,0,0,0,0
201010,515,43780, ,South Bend-Mishawaka  IN-MI ,17,17,3350,0,0,0,0,0,0,0,0,0,17,17,3350,0,0,0,0,0,0,0,0,0
201010,532,45060, ,Syracuse  NY ,33,33,6222,0,0,0,0,0,0,0,0,0,32,32,6010,0,0,0,0,0,0,0,0,0
201010,534,45780, ,Toledo  OH ,26,26,5839,0,0,0,0,0,0,0,0,0,19,19,4265,0,0,0,0,0,0,0,0,0
201010,538,46140,C,Tulsa  OK ,125,125,21803,0,0,0,0,0,0,0,0,0,118,118,20641,0,0,0,0,0,0,0,0,0
201010,540,46340, ,Tyler  TX ,7,7,1235,0,0,0,0,0,0,0,0,0,0,0,0,0,0,0,0,0,0,0,0,0
201010,548,12580,C,Baltimore-Towson  MD ,252,252,44820,0,0,0,0,0,0,8,125,50700,185,185,31243,0,0,0,0,0,0,6,80,32160
201010,548,47900,C,Washington-Arlington-Alexandria  DC-VA-MD-WV ,528,528,93207,0,0,0,0,0,0,4,46,5295,447,447,77388,0,0,0,0,0,0,1,18,1471
201010,548,49020, ,Winchester  VA-WV ,7,7,1232,0,0,0,0,0,0,0,0,0,7,7,1232,0,0,0,0,0,0,0,0,0
201010,554,48140, ,Wausau  WI ,18,18,2898,2,4,470,0,0,0,0,0,0,8,8,973,2,4,470,0,0,0,0,0,0
201010,556,48620, ,Wichita  KS ,56,56,8508,8,16,1032,0,0,0,0,0,0,53,53,8108,7,14,872,0,0,0,0,0,0
201010,558,48700, ,Williamsport  PA ,1,1,174,0,0,0,0,0,0,0,0,0,0,0,0,0,0,0,0,0,0,0,0,0
201010,564,49620, ,York-Hanover  PA ,60,60,10275,0,0,0,0,0,0,6,82,5535,53,53,8698,0,0,0,0,0,0,6,82,5535
201010,566,49660, ,Youngstown-Warren-Boardman  OH-PA ,16,16,3589,0,0,0,0,0,0,0,0,0,3,3,498,0,0,0,0,0,0,0,0,0
201010,999,10180, ,Abilene  TX ,10,10,2695,1,2,147,0,0,0,0,0,0,10,10,2695,1,2,147,0,0,0,0,0,0
201010,999,10500, ,Albany  GA ,9,9,1024,0,0,0,0,0,0,0,0,0,0,0,0,0,0,0,0,0,0,0,0,0
201010,999,10740,C,Albuquerque  NM ,102,102,19994,0,0,0,1,3,422,2,12,933,41,41,9412,0,0,0,0,0,0,0,0,0
201010,999,10780, ,Alexandria  LA ,19,19,3168,1,2,207,0,0,0,0,0,0,8,8,1330,0,0,0,0,0,0,0,0,0
201010,999,10900,C,Allentown-Bethlehem-Easton  PA-NJ ,84,84,14771,0,0,0,1,3,525,2,19,1576,61,61,11166,0,0,0,0,0,0,1,14,1000
201010,999,11020, ,Altoona  PA ,1,1,61,0,0,0,0,0,0,0,0,0,0,0,0,0,0,0,0,0,0,0,0,0
201010,999,11100, ,Amarillo  TX ,37,37,8926,0,0,0,0,0,0,0,0,0,0,0,0,0,0,0,0,0,0,0,0,0
201010,999,11260,C,Anchorage  AK ,28,28,6197,2,4,538,0,0,0,0,0,0,27,27,6058,2,4,538,0,0,0,0,0,0
201010,999,11500, ,Anniston-Oxford  AL ,1,1,115,0,0,0,1,3,432,0,0,0,1,1,115,0,0,0,1,3,432,0,0,0
201010,999,12020, ,Athens-Clarke County  GA ,11,11,2506,1,2,257,0,0,0,0,0,0,5,5,1638,0,0,0,0,0,0,0,0,0
201010,999,12100,C,Atlantic City-Hammonton  NJ ,33,33,5035,0,0,0,0,0,0,0,0,0,28,28,4115,0,0,0,0,0,0,0,0,0
201010,999,12260, ,Augusta-Richmond County  GA-SC ,131,131,22575,0,0,0,0,0,0,0,0,0,125,125,21864,0,0,0,0,0,0,0,0,0
201010,999,12540, ,Bakersfield-Delano  CA ,93,93,17936,2,4,295,0,0,0,0,0,0,16,16,1952,1,2,148,0,0,0,0,0,0
201010,999,12620, ,Bangor  ME ,9,9,1642,0,0,0,2,7,490,1,5,426,4,4,640,0,0,0,2,7,490,0,0,0
201010,999,12700, ,Barnstable Town  MA ,29,29,9685,0,0,0,0,0,0,0,0,0,19,19,7040,0,0,0,0,0,0,0,0,0
201010,999,12980, ,Battle Creek  MI ,1,1,133,0,0,0,0,0,0,0,0,0,0,0,0,0,0,0,0,0,0,0,0,0
201010,999,13140, ,Beaumont-Port Arthur  TX ,23,23,3344,0,0,0,0,0,0,0,0,0,23,23,3344,0,0,0,0,0,0,0,0,0
201010,999,13380, ,Bellingham  WA ,14,14,3035,0,0,0,0,0,0,0,0,0,11,11,2268,0,0,0,0,0,0,0,0,0
201010,999,13740, ,Billings  MT ,30,30,3636,0,0,0,0,0,0,0,0,0,0,0,0,0,0,0,0,0,0,0,0,0
201010,999,13780, ,Binghamton  NY ,3,3,454,0,0,0,0,0,0,0,0,0,3,3,454,0,0,0,0,0,0,0,0,0
201010,999,13900, ,Bismarck  ND ,63,63,13801,0,0,0,0,0,0,0,0,0,57,57,13007,0,0,0,0,0,0,0,0,0
201010,999,14020, ,Bloomington  IN ,15,15,2403,1,2,194,0,0,0,1,33,2314,15,15,2403,1,2,194,0,0,0,1,33,2314
201010,999,14060, ,Bloomington-Normal  IL ,17,17,2005,0,0,0,1,3,350,3,21,2731,17,17,2005,0,0,0,1,3,350,3,21,2731
201010,999,14260,C,Boise City-Nampa  ID ,114,114,26479,0,0,0,0,0,0,0,0,0,112,112,26095,0,0,0,0,0,0,0,0,0
201010,999,14540, ,Bowling Green  KY ,25,25,4475,0,0,0,2,6,250,2,36,1130,25,25,4475,0,0,0,2,6,250,2,36,1130
201010,999,15260, ,Brunswick  GA ,20,20,5152,0,0,0,0,0,0,0,0,0,0,0,0,0,0,0,0,0,0,0,0,0
201010,999,15540, ,Burlington-South Burlington  VT ,23,23,4484,0,0,0,1,3,277,1,5,354,19,19,3799,0,0,0,0,0,0,0,0,0
201010,999,15940, ,Canton-Massillon  OH ,15,15,3740,1,2,180,3,12,1180,0,0,0,15,15,3740,1,2,180,3,12,1180,0,0,0
201010,999,15980,C,Cape Coral-Fort Myers  FL ,77,77,15427,0,0,0,0,0,0,0,0,0,77,77,15427,0,0,0,0,0,0,0,0,0
201010,999,16180,C,Carson City  NV ,0,0,0,0,0,0,0,0,0,0,0,0,0,0,0,0,0,0,0,0,0,0,0,0
201010,999,16220, ,Casper  WY ,13,13,4590,0,0,0,0,0,0,0,0,0,13,13,4590,0,0,0,0,0,0,0,0,0
201010,999,16300, ,Cedar Rapids  IA ,63,63,5803,2,4,356,1,4,225,0,0,0,63,63,5803,2,4,356,1,4,225,0,0,0
201010,999,16580, ,Champaign-Urbana  IL ,10,10,2225,0,0,0,0,0,0,2,72,3430,10,10,2225,0,0,0,0,0,0,2,72,3430
201010,999,16620, ,Charleston  WV ,10,10,1302,0,0,0,0,0,0,0,0,0,8,8,1095,0,0,0,0,0,0,0,0,0
201010,999,16700,C,Charleston-North Charleston-Summerville  SC ,187,187,30800,0,0,0,0,0,0,1,8,401,121,121,18064,0,0,0,0,0,0,0,0,0
201010,999,16820, ,Charlottesville  VA ,47,47,10578,0,0,0,0,0,0,0,0,0,47,47,10578,0,0,0,0,0,0,0,0,0
201010,999,16940, ,Cheyenne  WY ,11,11,1861,0,0,0,0,0,0,2,19,1574,0,0,0,0,0,0,0,0,0,0,0,0
201010,999,17020, ,Chico  CA ,12,12,2618,0,0,0,0,0,0,0,0,0,12,12,2618,0,0,0,0,0,0,0,0,0
201010,999,17300, ,Clarksville  TN-KY ,86,86,12673,0,0,0,1,3,195,0,0,0,86,86,12673,0,0,0,1,3,195,0,0,0
201010,999,17660, ,Coeur dAlene  ID ,47,47,9873,0,0,0,0,0,0,0,0,0,29,29,7239,0,0,0,0,0,0,0,0,0
201010,999,17780, ,College Station-Bryan  TX ,20,20,2606,0,0,0,0,0,0,1,12,1165,20,20,2606,0,0,0,0,0,0,1,12,1165
201010,999,17820,C,Colorado Springs  CO ,112,112,35792,0,0,0,0,0,0,1,7,561,109,109,34878,0,0,0,0,0,0,1,7,561
201010,999,17860, ,Columbia  MO ,38,38,7284,0,0,0,0,0,0,0,0,0,38,38,7284,0,0,0,0,0,0,0,0,0
201010,999,18880, ,Crestview-Fort Walton Beach-Destin  FL ,29,29,10248,0,0,0,0,0,0,0,0,0,29,29,10248,0,0,0,0,0,0,0,0,0
201010,999,19060, ,Cumberland  MD-WV ,3,3,338,1,2,175,0,0,0,0,0,0,3,3,338,1,2,175,0,0,0,0,0,0
201010,999,19140,C,Dalton  GA ,8,8,693,0,0,0,0,0,0,0,0,0,4,4,250,0,0,0,0,0,0,0,0,0
201010,999,19180, ,Danville  IL ,0,0,0,0,0,0,0,0,0,0,0,0,0,0,0,0,0,0,0,0,0,0,0,0
201010,999,19260, ,Danville  VA ,4,4,497,0,0,0,0,0,0,1,5,295,0,0,0,0,0,0,0,0,0,0,0,0
201010,999,19340, ,Davenport-Moline-Rock Island  IA-IL ,30,30,5838,1,2,249,0,0,0,1,19,852,21,21,4459,0,0,0,0,0,0,0,0,0
201010,999,19500, ,Decatur  IL ,0,0,0,0,0,0,0,0,0,0,0,0,0,0,0,0,0,0,0,0,0,0,0,0
201010,999,20100,C,Dover  DE ,48,48,6016,0,0,0,0,0,0,2,17,1017,11,11,1181,0,0,0,0,0,0,1,12,703
201010,999,20220, ,Dubuque  IA ,24,24,4298,2,4,127,0,0,0,0,0,0,16,16,2384,2,4,127,0,0,0,0,0,0
201010,999,20260, ,Duluth  MN-WI ,20,20,2743,1,2,219,0,0,0,2,10,843,13,13,1852,0,0,0,0,0,0,0,0,0
201010,999,20940, ,El Centro  CA ,8,8,1273,0,0,0,0,0,0,0,0,0,4,4,656,0,0,0,0,0,0,0,0,0
201010,999,21300, ,Elmira  NY ,0,0,0,0,0,0,0,0,0,0,0,0,0,0,0,0,0,0,0,0,0,0,0,0
201010,999,21340, ,El Paso  TX ,174,174,37406,0,0,0,0,0,0,33,251,14077,174,174,37406,0,0,0,0,0,0,33,251,14077
201010,999,21500, ,Erie  PA ,20,20,4682,1,2,203,1,4,275,1,11,550,20,20,4682,1,2,203,1,4,275,1,11,550
201010,999,21660, ,Eugene-Springfield  OR ,27,27,5840,2,4,518,0,0,0,0,0,0,13,13,2494,2,4,518,0,0,0,0,0,0
201010,999,21780, ,Evansville  IN-KY ,32,32,4731,1,2,500,0,0,0,0,0,0,18,18,2632,1,2,500,0,0,0,0,0,0
201010,999,21820,C,Fairbanks  AK ,2,2,366,0,0,0,0,0,0,0,0,0,0,0,0,0,0,0,0,0,0,0,0,0
201010,999,22140,C,Farmington  NM ,22,22,4607,0,0,0,0,0,0,0,0,0,22,22,4607,0,0,0,0,0,0,0,0,0
201010,999,22180, ,Fayetteville  NC ,88,88,14684,0,0,0,0,0,0,16,296,14896,88,88,14684,0,0,0,0,0,0,16,296,14896
201010,999,22220, ,Fayetteville-Springdale-Rogers  AR-MO ,70,70,13560,2,4,380,0,0,0,3,27,2043,40,40,7679,0,0,0,0,0,0,0,0,0
201010,999,22380, ,Flagstaff  AZ ,15,15,3009,0,0,0,0,0,0,0,0,0,15,15,3009,0,0,0,0,0,0,0,0,0
201010,999,22500, ,Florence  SC ,21,21,2884,1,2,102,0,0,0,0,0,0,5,5,942,0,0,0,0,0,0,0,0,0
201010,999,22520, ,Florence-Muscle Shoals  AL ,12,12,1553,0,0,0,0,0,0,0,0,0,6,6,823,0,0,0,0,0,0,0,0,0
201010,999,22660,C,Fort Collins-Loveland  CO ,39,39,9565,0,0,0,2,6,577,0,0,0,38,38,9226,0,0,0,2,6,577,0,0,0
201010,999,22900, ,Fort Smith  AR-OK ,23,23,5481,5,10,661,0,0,0,2,16,800,20,20,5245,5,10,661,0,0,0,2,16,800
201010,999,23460, ,Gadsden  AL ,3,3,396,0,0,0,0,0,0,0,0,0,3,3,396,0,0,0,0,0,0,0,0,0
201010,999,23540, ,Gainesville  FL ,25,25,3745,0,0,0,0,0,0,1,5,306,21,21,3118,0,0,0,0,0,0,0,0,0
201010,999,24140, ,Goldsboro  NC ,16,16,2595,0,0,0,0,0,0,0,0,0,16,16,2595,0,0,0,0,0,0,0,0,0
201010,999,24220, ,Grand Forks  ND-MN ,14,14,2983,0,0,0,0,0,0,0,0,0,14,14,2983,0,0,0,0,0,0,0,0,0
201010,999,24300,C,Grand Junction  CO ,24,24,5354,0,0,0,0,0,0,0,0,0,24,24,5354,0,0,0,0,0,0,0,0,0
201010,999,24500, ,Great Falls  MT ,9,9,1864,0,0,0,0,0,0,0,0,0,9,9,1864,0,0,0,0,0,0,0,0,0
201010,999,24580, ,Green Bay  WI ,49,49,8084,0,0,0,0,0,0,16,187,8500,33,33,6218,0,0,0,0,0,0,14,177,8125
201010,999,24780, ,Greenville  NC ,17,17,3386,2,4,228,0,0,0,0,0,0,17,17,3386,2,4,228,0,0,0,0,0,0
201010,999,25180, ,Hagerstown-Martinsburg  MD-WV ,24,24,4124,0,0,0,0,0,0,0,0,0,24,24,4124,0,0,0,0,0,0,0,0,0
201010,999,25260, ,Hanford-Corcoran  CA ,2,2,274,1,2,186,0,0,0,0,0,0,2,2,274,1,2,186,0,0,0,0,0,0
201010,999,25500,C,Harrisonburg  VA ,19,19,3072,0,0,0,0,0,0,1,12,384,0,0,0,0,0,0,0,0,0,1,12,384
201010,999,25620, ,Hattiesburg  MS ,5,5,670,0,0,0,0,0,0,0,0,0,5,5,670,0,0,0,0,0,0,0,0,0
201010,999,25860, ,Hickory-Lenoir-Morganton  NC ,31,31,8144,1,2,169,0,0,0,0,0,0,10,10,3402,0,0,0,0,0,0,0,0,0
201010,999,26180,C,Honolulu  HI ,101,101,25595,0,0,0,0,0,0,0,0,0,101,101,25595,0,0,0,0,0,0,0,0,0
201010,999,26300, ,Hot Springs  AR ,2,2,220,0,0,0,0,0,0,0,0,0,0,0,0,0,0,0,0,0,0,0,0,0
201010,999,26380, ,Houma-Bayou Cane-Thibodaux  LA ,27,27,7080,0,0,0,0,0,0,0,0,0,27,27,7080,0,0,0,0,0,0,0,0,0
201010,999,26580, ,Huntington-Ashland  WV-KY-OH ,2,2,191,0,0,0,0,0,0,0,0,0,0,0,0,0,0,0,0,0,0,0,0,0
201010,999,26980, ,Iowa City  IA ,43,43,9009,1,2,210,0,0,0,0,0,0,42,42,8831,1,2,210,0,0,0,0,0,0
201010,999,27100, ,Jackson  MI ,3,3,472,0,0,0,0,0,0,0,0,0,2,2,362,0,0,0,0,0,0,0,0,0
201010,999,27260,C,Jacksonville  FL ,204,204,42418,0,0,0,0,0,0,0,0,0,203,203,42327,0,0,0,0,0,0,0,0,0
201010,999,27340, ,Jacksonville  NC ,203,203,17401,0,0,0,0,0,0,0,0,0,203,203,17401,0,0,0,0,0,0,0,0,0
201010,999,27500, ,Janesville  WI ,8,8,1473,0,0,0,0,0,0,0,0,0,8,8,1473,0,0,0,0,0,0,0,0,0
201010,999,27620, ,Jefferson City  MO ,14,14,2551,0,0,0,1,3,300,1,5,595,0,0,0,0,0,0,0,0,0,0,0,0
201010,999,27780, ,Johnstown  PA ,2,2,404,0,0,0,0,0,0,0,0,0,1,1,297,0,0,0,0,0,0,0,0,0
201010,999,27900, ,Joplin  MO ,7,7,1239,0,0,0,0,0,0,0,0,0,7,7,1239,0,0,0,0,0,0,0,0,0
201010,999,28020, ,Kalamazoo-Portage  MI ,26,26,5405,1,2,430,0,0,0,0,0,0,9,9,1948,1,2,430,0,0,0,0,0,0
201010,999,28420, ,Kennewick-Pasco-Richland  WA ,80,80,22007,0,0,0,0,0,0,0,0,0,31,31,6634,0,0,0,0,0,0,0,0,0
201010,999,28660, ,Killeen-Temple-Fort Hood  TX ,95,95,15700,3,6,367,0,0,0,0,0,0,83,83,13556,3,6,367,0,0,0,0,0,0
201010,999,29100, ,La Crosse  WI-MN ,17,17,2966,5,10,425,0,0,0,0,0,0,10,10,1736,5,10,425,0,0,0,0,0,0
201010,999,29420, ,Lake Havasu City-Kingman  AZ ,12,12,2267,0,0,0,0,0,0,0,0,0,12,12,2267,0,0,0,0,0,0,0,0,0
201010,999,29460,C,Lakeland-Winter Haven  FL ,84,84,15381,1,2,133,5,20,1363,2,16,960,80,80,14651,1,2,133,5,20,1363,2,16,960
201010,999,29540, ,Lancaster  PA ,52,52,9023,0,0,0,0,0,0,1,15,800,47,47,8122,0,0,0,0,0,0,1,15,800
201010,999,29700,C,Laredo  TX ,43,43,5713,0,0,0,1,3,288,0,0,0,0,0,0,0,0,0,0,0,0,0,0,0
201010,999,29740,C,Las Cruces  NM ,47,47,8946,0,0,0,0,0,0,0,0,0,47,47,8946,0,0,0,0,0,0,0,0,0
201010,999,29940, ,Lawrence  KS ,15,15,3734,0,0,0,0,0,0,0,0,0,13,13,3158,0,0,0,0,0,0,0,0,0
201010,999,30020, ,Lawton  OK ,9,9,1745,0,0,0,0,0,0,0,0,0,9,9,1745,0,0,0,0,0,0,0,0,0
201010,999,30300, ,Lewiston  ID-WA ,1,1,204,1,2,328,0,0,0,0,0,0,0,0,0,0,0,0,0,0,0,0,0,0
201010,999,30700, ,Lincoln  NE ,52,52,8474,1,2,160,0,0,0,1,6,439,1,1,165,0,0,0,0,0,0,0,0,0
201010,999,30860, ,Logan  UT-ID ,15,15,2230,0,0,0,1,3,250,1,5,417,14,14,2072,0,0,0,0,0,0,0,0,0
201010,999,31020, ,Longview  WA ,13,13,2119,0,0,0,0,0,0,0,0,0,13,13,2119,0,0,0,0,0,0,0,0,0
201010,999,31340, ,Lynchburg  VA ,31,31,5217,0,0,0,0,0,0,0,0,0,17,17,2133,0,0,0,0,0,0,0,0,0
201010,999,31740, ,Manhattan  KS ,30,30,7305,0,0,0,0,0,0,0,0,0,30,30,7305,0,0,0,0,0,0,0,0,0
201010,999,31860, ,Mankato-North Mankato  MN ,18,18,2808,0,0,0,0,0,0,2,109,7117,5,5,941,0,0,0,0,0,0,2,109,7117
201010,999,32580,C,McAllen-Edinburg-Mission  TX ,182,182,24696,8,16,399,1,3,99,0,0,0,173,173,23863,8,16,399,0,0,0,0,0,0
201010,999,32780, ,Medford  OR ,28,28,4852,0,0,0,0,0,0,0,0,0,26,26,4555,0,0,0,0,0,0,0,0,0
201010,999,32820,C,Memphis  TN-MS-AR ,124,124,21035,1,2,175,0,0,0,1,30,1581,107,107,18637,1,2,175,0,0,0,1,30,1581
201010,999,32900, ,Merced  CA ,6,6,1441,0,0,0,0,0,0,0,0,0,0,0,0,0,0,0,0,0,0,0,0,0
201010,999,33100,C,Miami-Fort Lauderdale-Pompano Beach  FL ,201,201,44144,2,4,388,2,7,1027,13,315,24661,183,183,38721,1,2,180,1,4,554,11,302,20448
201010,999,33540,C,Missoula  MT ,24,24,2946,1,2,48,1,3,81,1,31,1886,24,24,2946,1,2,48,1,3,81,1,31,1886
201010,999,33700, ,Modesto  CA ,8,8,1412,0,0,0,0,0,0,0,0,0,7,7,1158,0,0,0,0,0,0,0,0,0
201010,999,34060, ,Morgantown  WV ,2,2,374,0,0,0,0,0,0,0,0,0,0,0,0,0,0,0,0,0,0,0,0,0
201010,999,34620, ,Muncie  IN ,5,5,1409,1,2,300,0,0,0,0,0,0,5,5,1409,1,2,300,0,0,0,0,0,0
201010,999,34940,C,Naples-Marco Island  FL ,20,20,8385,0,0,0,0,0,0,0,0,0,20,20,8385,0,0,0,0,0,0,0,0,0
201010,999,35660, ,Niles-Benton Harbor  MI ,1,1,180,0,0,0,0,0,0,0,0,0,1,1,180,0,0,0,0,0,0,0,0,0
201010,999,35980, ,Norwich-New London  CT ,14,14,2775,1,2,40,0,0,0,0,0,0,9,9,1765,1,2,40,0,0,0,0,0,0
201010,999,36100,C,Ocala  FL ,27,27,4247,0,0,0,0,0,0,0,0,0,27,27,4247,0,0,0,0,0,0,0,0,0
201010,999,36140,C,Ocean City  NJ ,31,31,11383,7,14,2113,1,3,880,0,0,0,29,29,11027,7,14,2113,1,3,880,0,0,0
201010,999,36980, ,Owensboro  KY ,22,22,1891,0,0,0,0,0,0,0,0,0,22,22,1891,0,0,0,0,0,0,0,0,0
201010,999,37340,C,Palm Bay-Melbourne-Titusville  FL ,52,52,12525,0,0,0,0,0,0,0,0,0,52,52,12525,0,0,0,0,0,0,0,0,0
201010,999,37460, ,Panama City-Lynn Haven-Panama City Beach  FL ,14,14,2310,0,0,0,0,0,0,0,0,0,14,14,2310,0,0,0,0,0,0,0,0,0
201010,999,37620, ,Parkersburg-Marietta-Vienna  WV-OH ,4,4,605,0,0,0,0,0,0,0,0,0,4,4,605,0,0,0,0,0,0,0,0,0
201010,999,37860,C,Pensacola-Ferry Pass-Brent  FL ,94,94,16058,0,0,0,0,0,0,0,0,0,94,94,16058,0,0,0,0,0,0,0,0,0
201010,999,38060,C,Phoenix-Mesa-Glendale  AZ ,503,503,96029,1,2,356,8,29,4075,10,70,9931,486,486,93498,1,2,356,8,29,4075,8,44,5810
201010,999,38340, ,Pittsfield  MA ,2,2,342,0,0,0,0,0,0,0,0,0,1,1,152,0,0,0,0,0,0,0,0,0
201010,999,38540, ,Pocatello  ID ,14,14,2492,0,0,0,0,0,0,0,0,0,14,14,2492,0,0,0,0,0,0,0,0,0
201010,999,38900,C,Portland-Vancouver-Hillsboro  OR-WA ,228,228,57208,3,6,810,2,7,889,3,17,2048,224,224,56100,3,6,810,2,7,889,3,17,2048
201010,999,39140, ,Prescott  AZ ,16,16,3185,0,0,0,0,0,0,0,0,0,16,16,3185,0,0,0,0,0,0,0,0,0
201010,999,39340, ,Provo-Orem  UT ,111,111,34099,3,6,937,1,4,386,0,0,0,111,111,34099,3,6,937,1,4,386,0,0,0
201010,999,39380,C,Pueblo  CO ,9,9,1430,0,0,0,0,0,0,0,0,0,9,9,1430,0,0,0,0,0,0,0,0,0
201010,999,39660, ,Rapid City  SD ,42,42,6436,7,14,1320,0,0,0,0,0,0,42,42,6436,7,14,1320,0,0,0,0,0,0
201010,999,39820, ,Redding  CA ,1,1,89,0,0,0,1,3,516,0,0,0,1,1,89,0,0,0,1,3,516,0,0,0
201010,999,40060,C,Richmond  VA ,188,188,33669,0,0,0,1,3,268,3,111,5754,174,174,32060,0,0,0,0,0,0,2,101,5452
201010,999,40220, ,Roanoke  VA ,19,19,3403,0,0,0,0,0,0,0,0,0,19,19,3403,0,0,0,0,0,0,0,0,0
201010,999,40340, ,Rochester  MN ,22,22,5184,0,0,0,0,0,0,1,40,5029,20,20,4774,0,0,0,0,0,0,1,40,5029
201010,999,40580, ,Rocky Mount  NC ,6,6,1162,0,0,0,0,0,0,0,0,0,6,6,1162,0,0,0,0,0,0,0,0,0
201010,999,40660, ,Rome  GA ,4,4,339,0,0,0,0,0,0,0,0,0,4,4,339,0,0,0,0,0,0,0,0,0
201010,999,41100, ,St. George  UT ,61,61,10598,0,0,0,0,0,0,0,0,0,60,60,10332,0,0,0,0,0,0,0,0,0
201010,999,41140, ,St. Joseph  MO-KS ,5,5,731,0,0,0,0,0,0,0,0,0,5,5,731,0,0,0,0,0,0,0,0,0
201010,999,41420, ,Salem  OR ,32,32,7443,0,0,0,0,0,0,1,5,406,26,26,6185,0,0,0,0,0,0,0,0,0
201010,999,41500, ,Salinas  CA ,4,4,1023,0,0,0,0,0,0,0,0,0,3,3,660,0,0,0,0,0,0,0,0,0
201010,999,41660,C,San Angelo  TX ,15,15,2454,0,0,0,0,0,0,0,0,0,15,15,2454,0,0,0,0,0,0,0,0,0
201010,999,41700,C,San Antonio-New Braunfels  TX ,290,290,55204,0,0,0,1,3,242,7,160,9739,236,236,45917,0,0,0,0,0,0,7,160,9739
201010,999,41740,C,San Diego-Carlsbad-San Marcos  CA ,120,120,35113,1,2,192,2,8,1112,2,15,2037,109,109,32761,1,2,192,2,8,1112,2,15,2037
201010,999,41780, ,Sandusky  OH ,0,0,0,0,0,0,0,0,0,0,0,0,0,0,0,0,0,0,0,0,0,0,0,0
201010,999,42020, ,San Luis Obispo-Paso Robles  CA ,11,11,3945,0,0,0,0,0,0,0,0,0,11,11,3945,0,0,0,0,0,0,0,0,0
201010,999,42060, ,Santa Barbara-Santa Maria-Goleta  CA ,8,8,4031,3,6,625,1,4,684,5,37,6897,8,8,4031,3,6,625,1,4,684,5,37,6897
201010,999,42540, ,Scranton--Wilkes-Barre  PA ,13,13,2917,0,0,0,0,0,0,0,0,0,6,6,1589,0,0,0,0,0,0,0,0,0
201010,999,43100, ,Sheboygan  WI ,3,3,809,0,0,0,0,0,0,0,0,0,1,1,150,0,0,0,0,0,0,0,0,0
201010,999,43620, ,Sioux Falls  SD ,69,69,11501,1,2,191,1,4,438,0,0,0,69,69,11501,1,2,191,1,4,438,0,0,0
201010,999,44060, ,Spokane  WA ,48,48,10023,0,0,0,0,0,0,0,0,0,48,48,10023,0,0,0,0,0,0,0,0,0
201010,999,44100, ,Springfield  IL ,9,9,1751,7,14,2063,0,0,0,0,0,0,9,9,1751,7,14,2063,0,0,0,0,0,0
201010,999,44140, ,Springfield  MA ,36,36,6597,1,2,122,0,0,0,0,0,0,28,28,5413,0,0,0,0,0,0,0,0,0
201010,999,44180, ,Springfield  MO ,39,39,6404,0,0,0,0,0,0,1,57,2370,30,30,4841,0,0,0,0,0,0,0,0,0
201010,999,44300, ,State College  PA ,16,16,3471,0,0,0,0,0,0,0,0,0,16,16,3471,0,0,0,0,0,0,0,0,0
201010,999,44600, ,Steubenville-Weirton  OH-WV ,2,2,309,0,0,0,0,0,0,0,0,0,2,2,309,0,0,0,0,0,0,0,0,0
201010,999,44700,C,Stockton  CA ,46,46,9545,2,4,365,0,0,0,0,0,0,21,21,5517,2,4,365,0,0,0,0,0,0
201010,999,44940,C,Sumter  SC ,17,17,1846,0,0,0,0,0,0,0,0,0,17,17,1846,0,0,0,0,0,0,0,0,0
201010,999,45220, ,Tallahassee  FL ,35,35,5706,0,0,0,0,0,0,1,16,909,18,18,3282,0,0,0,0,0,0,0,0,0
201010,999,45300,C,Tampa-St. Petersburg-Clearwater  FL ,278,278,70873,1,2,230,2,6,698,4,148,14252,277,277,70679,1,2,230,2,6,698,4,148,14252
201010,999,45460, ,Terre Haute  IN ,11,11,1632,1,2,167,0,0,0,0,0,0,9,9,1442,0,0,0,0,0,0,0,0,0
201010,999,45500, ,Texarkana  TX-Texarkana  AR ,6,6,2257,0,0,0,0,0,0,0,0,0,6,6,2257,0,0,0,0,0,0,0,0,0
201010,999,45820, ,Topeka  KS ,28,28,5544,0,0,0,0,0,0,0,0,0,26,26,5186,0,0,0,0,0,0,0,0,0
201010,999,46060,C,Tucson  AZ ,109,109,25484,0,0,0,0,0,0,3,15,1253,47,47,13154,0,0,0,0,0,0,0,0,0
201010,999,46220, ,Tuscaloosa  AL ,19,19,4421,1,2,387,0,0,0,1,12,500,17,17,4149,1,2,387,0,0,0,1,12,500
201010,999,46540, ,Utica-Rome  NY ,1,1,120,0,0,0,0,0,0,0,0,0,0,0,0,0,0,0,0,0,0,0,0,0
201010,999,46660, ,Valdosta  GA ,29,29,2836,0,0,0,0,0,0,1,18,1132,0,0,0,0,0,0,0,0,0,0,0,0
201010,999,47020, ,Victoria  TX ,3,3,465,0,0,0,0,0,0,0,0,0,0,0,0,0,0,0,0,0,0,0,0,0
201010,999,47260,C,Virginia Beach-Norfolk-Newport News  VA-NC ,272,272,51250,5,10,1665,2,6,600,3,51,2003,258,258,48460,5,10,1665,2,6,600,0,0,0
201010,999,47300, ,Visalia-Porterville  CA ,52,52,6934,2,4,301,0,0,0,0,0,0,52,52,6934,2,4,301,0,0,0,0,0,0
201010,999,47380, ,Waco  TX ,18,18,3176,0,0,0,0,0,0,0,0,0,18,18,3176,0,0,0,0,0,0,0,0,0
201010,999,47940, ,Waterloo-Cedar Falls  IA ,19,19,4823,1,2,221,0,0,0,0,0,0,15,15,4286,0,0,0,0,0,0,0,0,0
201010,999,48300, ,Wenatchee-East Wenatchee  WA ,31,31,6511,0,0,0,0,0,0,0,0,0,31,31,6511,0,0,0,0,0,0,0,0,0
201010,999,48540, ,Wheeling  WV-OH ,0,0,0,0,0,0,0,0,0,0,0,0,0,0,0,0,0,0,0,0,0,0,0,0
201010,999,48660, ,Wichita Falls  TX ,10,10,3339,0,0,0,0,0,0,0,0,0,10,10,3339,0,0,0,0,0,0,0,0,0
201010,999,48900,C,Wilmington  NC ,109,109,23492,1,2,390,0,0,0,0,0,0,80,80,18403,1,2,390,0,0,0,0,0,0
201010,999,49420, ,Yakima  WA ,10,10,2172,0,0,0,0,0,0,0,0,0,0,0,0,0,0,0,0,0,0,0,0,0
201010,999,49740, ,Yuma  AZ ,26,26,2701,0,0,0,0,0,0,0,0,0,11,11,1116,0,0,0,0,0,0,0,0,0
