Survey,CSA,CBSA,MONCOV,CBSA,,1-unit,,,2-units,,,3-4 units,,,5+ units,,,1-unit rep,,,2-units rep,,,3-4 units rep,,,5+ units rep
Date,Code,Code,,Name,Bldgs,Units,Value,Bldgs,Units,Value,Bldgs,Units,Value,Bldgs,Units,Value,Bldgs,Units,Value,Bldgs,Units,Value,      Bldgs,Units,Value,Bldgs,Units,Value
 
201012,102,18700, ,Corvallis  OR ,3,3,626,0,0,0,0,0,0,0,0,0,0,0,0,0,0,0,0,0,0,0,0,0
201012,104,10580, ,Albany-Schenectady-Troy  NY ,60,60,13719,1,2,110,0,0,0,3,46,1892,54,54,12386,1,2,110,0,0,0,3,46,1892
201012,104,24020, ,Glens Falls  NY ,23,23,4233,2,4,420,0,0,0,0,0,0,13,13,3643,2,4,420,0,0,0,0,0,0
201012,112,11180, ,Ames  IA ,2,2,413,0,0,0,0,0,0,0,0,0,1,1,190,0,0,0,0,0,0,0,0,0
201012,118,11540, ,Appleton  WI ,10,10,2043,0,0,0,0,0,0,0,0,0,10,10,2043,0,0,0,0,0,0,0,0,0
201012,118,36780, ,Oshkosh-Neenah  WI ,11,11,2678,0,0,0,0,0,0,0,0,0,11,11,2678,0,0,0,0,0,0,0,0,0
201012,120,11700, ,Asheville  NC ,51,51,12056,0,0,0,1,3,500,0,0,0,42,42,10170,0,0,0,0,0,0,0,0,0
201012,122,12060,C,Atlanta-Sandy Springs-Marietta  GA ,457,457,86126,0,0,0,1,4,759,5,128,14509,428,428,80981,0,0,0,1,4,759,5,128,14509
201012,122,23580, ,Gainesville  GA ,8,8,2194,0,0,0,0,0,0,0,0,0,8,8,2194,0,0,0,0,0,0,0,0,0
201012,126,12420,C,Austin-Round Rock-San Marcos  TX ,370,370,60640,0,0,0,32,124,18204,5,329,25711,319,319,51992,0,0,0,32,124,18204,3,313,24817
201012,132,12940, ,Baton Rouge  LA ,262,262,45160,1,2,158,0,0,0,1,5,407,205,205,36162,0,0,0,0,0,0,0,0,0
201012,140,13460,C,Bend  OR ,29,29,6894,0,0,0,0,0,0,0,0,0,29,29,6894,0,0,0,0,0,0,0,0,0
201012,142,13820,C,Birmingham-Hoover  AL ,119,119,20672,1,2,142,2,6,631,0,0,0,82,82,13338,0,0,0,0,0,0,0,0,0
201012,148,14460,C,Boston-Cambridge-Quincy  MA-NH ,320,320,94099,10,20,1496,4,12,1835,15,249,21920,225,225,71320,9,18,1394,3,9,1160,3,175,14098
201012,148,31700, ,Manchester-Nashua  NH ,31,31,5497,2,4,345,2,8,605,1,10,764,25,25,4562,1,2,180,0,0,0,0,0,0
201012,148,39300, ,Providence-New Bedford-Fall River  RI-MA ,92,92,17332,1,2,200,0,0,0,5,44,5135,62,62,12193,1,2,200,0,0,0,5,44,5135
201012,148,49340, ,Worcester  MA ,39,39,7770,1,2,350,1,4,400,1,31,1871,20,20,4139,0,0,0,1,4,400,0,0,0
201012,154,15180, ,Brownsville-Harlingen  TX ,69,69,7788,11,22,989,0,0,0,1,6,228,68,68,7711,11,22,989,0,0,0,1,6,228
201012,160,15380, ,Buffalo-Niagara Falls  NY ,54,54,11762,1,2,240,0,0,0,0,0,0,41,41,8038,1,2,240,0,0,0,0,0,0
201012,164,16020, ,Cape Girardeau-Jackson  MO-IL ,5,5,733,0,0,0,0,0,0,0,0,0,5,5,733,0,0,0,0,0,0,0,0,0
201012,172,16740,C,Charlotte-Gastonia-Rock Hill  NC-SC ,226,226,44646,1,2,184,1,4,233,4,116,9623,139,139,28837,0,0,0,1,4,233,0,0,0
201012,174,16860, ,Chattanooga  TN-GA ,39,39,5666,1,2,92,0,0,0,1,5,464,26,26,3832,0,0,0,0,0,0,0,0,0
201012,174,17420, ,Cleveland  TN ,7,7,1330,0,0,0,1,3,192,0,0,0,7,7,1330,0,0,0,1,3,192,0,0,0
201012,176,16980,C,Chicago-Joliet-Naperville  IL-IN-WI ,245,245,57836,3,6,779,1,3,623,7,501,57008,210,210,50218,2,4,542,1,3,623,4,476,55005
201012,176,28100, ,Kankakee-Bradley  IL ,1,1,400,0,0,0,0,0,0,0,0,0,1,1,400,0,0,0,0,0,0,0,0,0
201012,176,33140, ,Michigan City-La Porte  IN ,4,4,726,0,0,0,0,0,0,0,0,0,0,0,0,0,0,0,0,0,0,0,0,0
201012,178,17140,C,Cincinnati-Middletown  OH-KY-IN ,141,141,26393,1,2,186,1,3,279,0,0,0,111,111,21073,0,0,0,0,0,0,0,0,0
201012,184,10420, ,Akron  OH ,20,20,5108,0,0,0,0,0,0,1,6,212,17,17,4809,0,0,0,0,0,0,0,0,0
201012,184,17460,C,Cleveland-Elyria-Mentor  OH ,121,121,25729,0,0,0,0,0,0,6,35,1530,103,103,22388,0,0,0,0,0,0,5,30,1000
201012,192,17900,C,Columbia  SC ,155,155,24645,0,0,0,0,0,0,1,12,677,103,103,18698,0,0,0,0,0,0,0,0,0
201012,194,12220,C,Auburn-Opelika  AL ,34,34,7736,0,0,0,0,0,0,0,0,0,34,34,7736,0,0,0,0,0,0,0,0,0
201012,194,17980, ,Columbus  GA-AL ,43,43,6561,2,4,298,1,4,182,1,7,531,28,28,4973,1,2,132,0,0,0,0,0,0
201012,198,18140,C,Columbus  OH ,132,132,30846,1,2,390,0,0,0,1,5,600,120,120,28331,1,2,390,0,0,0,1,5,600
201012,204,18580, ,Corpus Christi  TX ,45,45,6733,0,0,0,0,0,0,1,6,409,43,43,6598,0,0,0,0,0,0,1,6,409
201012,206,19100,C,Dallas-Fort Worth-Arlington  TX ,915,915,228084,3,6,469,0,0,0,28,507,26969,847,847,210247,0,0,0,0,0,0,26,483,25006
201012,206,43300, ,Sherman-Denison  TX ,0,0,0,0,0,0,0,0,0,0,0,0,0,0,0,0,0,0,0,0,0,0,0,0
201012,212,19380, ,Dayton  OH ,37,37,10770,0,0,0,0,0,0,0,0,0,37,37,10770,0,0,0,0,0,0,0,0,0
201012,212,44220, ,Springfield  OH ,1,1,376,0,0,0,0,0,0,0,0,0,1,1,376,0,0,0,0,0,0,0,0,0
201012,216,14500, ,Boulder  CO ,21,21,9989,0,0,0,1,4,251,4,41,4411,21,21,9989,0,0,0,1,4,251,4,41,4411
201012,216,19740,C,Denver-Aurora-Broomfield  CO ,250,250,60215,9,18,3583,1,4,528,3,120,10251,236,236,56607,9,18,3583,1,4,528,3,120,10251
201012,216,24540,C,Greeley  CO ,38,38,8865,0,0,0,0,0,0,1,10,289,34,34,8226,0,0,0,0,0,0,0,0,0
201012,218,19780,C,Des Moines-West Des Moines  IA ,184,184,32343,2,4,940,0,0,0,2,60,6256,180,180,31490,2,4,940,0,0,0,2,60,6256
201012,220,11460, ,Ann Arbor  MI ,17,17,2907,0,0,0,0,0,0,1,5,302,13,13,2418,0,0,0,0,0,0,0,0,0
201012,220,19820,C,Detroit-Warren-Livonia  MI ,134,134,31682,0,0,0,1,3,238,4,138,10345,128,128,30244,0,0,0,0,0,0,4,138,10345
201012,220,22420, ,Flint  MI ,1,1,208,0,0,0,0,0,0,0,0,0,0,0,0,0,0,0,0,0,0,0,0,0
201012,220,33780, ,Monroe  MI ,4,4,927,0,0,0,0,0,0,0,0,0,3,3,752,0,0,0,0,0,0,0,0,0
201012,222,20020, ,Dothan  AL ,12,12,2781,0,0,0,0,0,0,0,0,0,12,12,2781,0,0,0,0,0,0,0,0,0
201012,232,20740, ,Eau Claire  WI ,5,5,775,1,2,130,4,14,1160,0,0,0,5,5,775,1,2,130,4,14,1160,0,0,0
201012,244,22020, ,Fargo  ND-MN ,14,14,2933,0,0,0,0,0,0,1,48,2500,14,14,2933,0,0,0,0,0,0,1,48,2500
201012,252,22540, ,Fond du Lac  WI ,0,0,0,0,0,0,0,0,0,0,0,0,0,0,0,0,0,0,0,0,0,0,0,0
201012,258,23060,C,Fort Wayne  IN ,30,30,6343,0,0,0,0,0,0,0,0,0,30,30,6343,0,0,0,0,0,0,0,0,0
201012,260,23420, ,Fresno  CA ,188,188,34125,0,0,0,1,3,215,0,0,0,93,93,20355,0,0,0,0,0,0,0,0,0
201012,260,31460, ,Madera-Chowchilla  CA ,5,5,838,0,0,0,0,0,0,0,0,0,5,5,838,0,0,0,0,0,0,0,0,0
201012,266,24340,C,Grand Rapids-Wyoming  MI ,47,47,8381,0,0,0,0,0,0,0,0,0,37,37,7231,0,0,0,0,0,0,0,0,0
201012,266,26100, ,Holland-Grand Haven  MI ,14,14,2734,0,0,0,0,0,0,1,5,437,7,7,1148,0,0,0,0,0,0,0,0,0
201012,266,34740, ,Muskegon-Norton Shores  MI ,3,3,372,0,0,0,0,0,0,0,0,0,3,3,372,0,0,0,0,0,0,0,0,0
201012,268,15500, ,Burlington  NC ,11,11,1476,0,0,0,0,0,0,0,0,0,11,11,1476,0,0,0,0,0,0,0,0,0
201012,268,24660,C,Greensboro-High Point  NC ,92,92,13657,9,18,1131,1,3,223,4,45,3651,68,68,9185,9,18,1131,1,3,223,3,39,3036
201012,268,49180, ,Winston-Salem  NC ,43,43,6535,0,0,0,0,0,0,2,12,401,20,20,3948,0,0,0,0,0,0,0,0,0
201012,273,11340, ,Anderson  SC ,10,10,2029,0,0,0,0,0,0,0,0,0,10,10,2029,0,0,0,0,0,0,0,0,0
201012,273,24860,C,Greenville-Maudlin-Easley  SC ,109,109,27195,0,0,0,0,0,0,0,0,0,106,106,26624,0,0,0,0,0,0,0,0,0
201012,273,43900, ,Spartanburg  SC ,25,25,2305,0,0,0,0,0,0,0,0,0,25,25,2305,0,0,0,0,0,0,0,0,0
201012,274,25060, ,Gulfport-Biloxi  MS ,68,68,7743,5,10,628,3,11,818,1,14,884,35,35,3485,0,0,0,0,0,0,0,0,0
201012,274,37700, ,Pascagoula  MS ,17,17,2629,0,0,0,0,0,0,0,0,0,17,17,2629,0,0,0,0,0,0,0,0,0
201012,276,25420, ,Harrisburg-Carlisle  PA ,68,68,12866,0,0,0,0,0,0,0,0,0,59,59,10947,0,0,0,0,0,0,0,0,0
201012,276,30140, ,Lebanon  PA ,25,25,4400,0,0,0,0,0,0,0,0,0,25,25,4400,0,0,0,0,0,0,0,0,0
201012,278,25540, ,Hartford-West Hartford-East Hartford  CT ,59,59,11352,3,6,375,1,3,381,1,9,117,37,37,7521,3,6,375,0,0,0,0,0,0
201012,288,26420,C,Houston-Sugar Land-Baytown  TX ,1519,1519,273678,5,10,1261,4,12,245,0,0,0,1479,1479,265402,5,10,1261,4,12,245,0,0,0
201012,290,19460, ,Decatur  AL ,3,3,425,0,0,0,0,0,0,0,0,0,3,3,425,0,0,0,0,0,0,0,0,0
201012,290,26620, ,Huntsville  AL ,180,180,28110,0,0,0,0,0,0,0,0,0,180,180,28110,0,0,0,0,0,0,0,0,0
201012,292,26820, ,Idaho Falls  ID ,16,16,2309,0,0,0,0,0,0,0,0,0,16,16,2309,0,0,0,0,0,0,0,0,0
201012,294,11300, ,Anderson  IN ,2,2,533,0,0,0,0,0,0,0,0,0,0,0,0,0,0,0,0,0,0,0,0,0
201012,294,18020, ,Columbus  IN ,7,7,1302,0,0,0,0,0,0,0,0,0,0,0,0,0,0,0,0,0,0,0,0,0
201012,294,26900,C,Indianapolis-Carmel  IN ,251,251,41941,0,0,0,18,71,4693,3,67,4058,245,245,40995,0,0,0,17,68,4693,3,67,4058
201012,296,27060, ,Ithaca  NY ,3,3,583,0,0,0,0,0,0,1,5,557,2,2,350,0,0,0,0,0,0,0,0,0
201012,297,27180, ,Jackson  TN ,9,9,1740,0,0,0,0,0,0,0,0,0,9,9,1740,0,0,0,0,0,0,0,0,0
201012,298,27140, ,Jackson  MS ,78,78,15887,0,0,0,0,0,0,0,0,0,75,75,15560,0,0,0,0,0,0,0,0,0
201012,304,27740, ,Johnson City  TN ,10,10,1385,1,2,100,0,0,0,0,0,0,4,4,636,0,0,0,0,0,0,0,0,0
201012,304,28700, ,Kingsport-Bristol-Bristol  TN-VA ,18,18,3095,0,0,0,0,0,0,0,0,0,6,6,1235,0,0,0,0,0,0,0,0,0
201012,308,27860, ,Jonesboro  AR ,19,19,2033,0,0,0,0,0,0,0,0,0,17,17,1871,0,0,0,0,0,0,0,0,0
201012,312,28140,C,Kansas City  MO-KS ,224,224,46446,2,4,630,4,16,2518,1,5,660,195,195,40259,2,4,630,4,16,2518,1,5,660
201012,314,28940, ,Knoxville  TN ,48,48,8600,0,0,0,0,0,0,0,0,0,42,42,7794,0,0,0,0,0,0,0,0,0
201012,314,34100, ,Morristown  TN ,6,6,1015,0,0,0,0,0,0,0,0,0,4,4,811,0,0,0,0,0,0,0,0,0
201012,316,29020, ,Kokomo  IN ,1,1,175,0,0,0,0,0,0,0,0,0,1,1,175,0,0,0,0,0,0,0,0,0
201012,318,29180, ,Lafayette  LA ,43,43,6705,0,0,0,0,0,0,1,5,244,21,21,3800,0,0,0,0,0,0,0,0,0
201012,320,29140, ,Lafayette  IN ,19,19,3498,0,0,0,0,0,0,0,0,0,19,19,3498,0,0,0,0,0,0,0,0,0
201012,324,29340, ,Lake Charles  LA ,42,42,6198,1,2,100,0,0,0,0,0,0,42,42,6198,1,2,100,0,0,0,0,0,0
201012,330,29620, ,Lansing-East Lansing  MI ,12,12,2883,0,0,0,0,0,0,0,0,0,8,8,2170,0,0,0,0,0,0,0,0,0
201012,332,29820,C,Las Vegas-Paradise  NV ,318,318,42745,0,0,0,0,0,0,16,178,10075,318,318,42745,0,0,0,0,0,0,16,178,10075
201012,336,30460, ,Lexington-Fayette  KY ,68,68,9306,0,0,0,0,0,0,1,21,1174,18,18,3219,0,0,0,0,0,0,0,0,0
201012,338,30620, ,Lima  OH ,2,2,238,0,0,0,0,0,0,0,0,0,1,1,50,0,0,0,0,0,0,0,0,0
201012,340,30780, ,Little Rock-North Little Rock-Conway  AR ,115,115,22745,2,4,228,0,0,0,5,184,9148,113,113,22512,2,4,228,0,0,0,5,184,9148
201012,340,38220, ,Pine Bluff  AR ,1,1,104,0,0,0,0,0,0,0,0,0,0,0,0,0,0,0,0,0,0,0,0,0
201012,346,30980, ,Longview  TX ,11,11,1555,0,0,0,0,0,0,0,0,0,11,11,1555,0,0,0,0,0,0,0,0,0
201012,348,31100,C,Los Angeles-Long Beach-Santa Ana  CA ,445,445,134215,9,18,3484,15,58,10065,23,589,93393,384,384,112275,9,18,3484,15,58,10065,17,483,75561
201012,348,37100, ,Oxnard-Thousand Oaks-Ventura  CA ,7,7,2046,0,0,0,0,0,0,3,34,3478,2,2,829,0,0,0,0,0,0,2,16,1545
201012,348,40140,C,Riverside-San Bernardino-Ontario  CA ,589,589,124764,0,0,0,0,0,0,6,86,15377,585,585,123750,0,0,0,0,0,0,6,86,15377
201012,350,21060, ,Elizabethtown  KY ,13,13,2001,0,0,0,0,0,0,6,120,6047,13,13,2001,0,0,0,0,0,0,6,120,6047
201012,350,31140,C,Louisville-Jefferson County  KY-IN ,94,94,17579,0,0,0,1,4,480,0,0,0,84,84,15598,0,0,0,1,4,480,0,0,0
201012,352,31180, ,Lubbock  TX ,43,43,8880,0,0,0,0,0,0,1,102,6000,43,43,8880,0,0,0,0,0,0,1,102,6000
201012,356,31420, ,Macon  GA ,8,8,1295,0,0,0,0,0,0,0,0,0,8,8,1295,0,0,0,0,0,0,0,0,0
201012,356,47580, ,Warner Robins  GA ,35,35,5849,0,0,0,0,0,0,0,0,0,35,35,5849,0,0,0,0,0,0,0,0,0
201012,358,31540,C,Madison  WI ,44,44,13250,0,0,0,0,0,0,1,50,5319,30,30,10498,0,0,0,0,0,0,0,0,0
201012,360,31900, ,Mansfield  OH ,1,1,160,0,0,0,0,0,0,0,0,0,1,1,160,0,0,0,0,0,0,0,0,0
201012,372,33260,C,Midland  TX ,16,16,3601,0,0,0,0,0,0,0,0,0,16,16,3601,0,0,0,0,0,0,0,0,0
201012,372,36220,C,Odessa  TX ,13,13,3103,0,0,0,0,0,0,0,0,0,13,13,3103,0,0,0,0,0,0,0,0,0
201012,376,33340,C,Milwaukee-Waukesha-West Allis  WI ,56,56,15844,0,0,0,0,0,0,0,0,0,46,46,13145,0,0,0,0,0,0,0,0,0
201012,376,39540, ,Racine  WI ,3,3,593,0,0,0,0,0,0,0,0,0,3,3,593,0,0,0,0,0,0,0,0,0
201012,378,33460,C,Minneapolis-St. Paul-Bloomington  MN-WI ,259,259,68388,0,0,0,0,0,0,6,256,26654,254,254,67431,0,0,0,0,0,0,6,256,26654
201012,378,41060, ,St. Cloud  MN ,9,9,1013,0,0,0,0,0,0,1,5,351,6,6,586,0,0,0,0,0,0,0,0,0
201012,380,33660, ,Mobile  AL ,53,53,9644,0,0,0,0,0,0,11,128,12242,52,52,9588,0,0,0,0,0,0,11,128,12242
201012,384,33740, ,Monroe  LA ,14,14,2307,0,0,0,4,14,1500,2,12,500,5,5,760,0,0,0,4,14,1500,2,12,500
201012,388,33860, ,Montgomery  AL ,26,26,4016,0,0,0,0,0,0,18,156,10166,21,21,3508,0,0,0,0,0,0,17,151,10044
201012,396,34820, ,Myrtle Beach-North Myrtle Beach-Conway  SC ,105,105,16326,1,2,175,0,0,0,0,0,0,105,105,16326,1,2,175,0,0,0,0,0,0
201012,400,34980,C,Nashville-Davidson--Murfreesboro-Franklin  TN ,269,269,56592,0,0,0,0,0,0,0,0,0,262,262,54653,0,0,0,0,0,0,0,0,0
201012,406,35380,C,New Orleans-Metairie-Kenner  LA ,168,168,30582,12,24,1826,3,11,759,1,51,6665,147,147,27124,12,24,1826,3,11,759,1,51,6665
201012,408,14860, ,Bridgeport-Stamford-Norwalk  CT ,55,55,25410,1,2,171,1,3,485,1,9,458,38,38,13787,0,0,0,1,3,485,0,0,0
201012,408,28740, ,Kingston  NY ,3,3,382,0,0,0,0,0,0,0,0,0,1,1,23,0,0,0,0,0,0,0,0,0
201012,408,35300, ,New Haven-Milford  CT ,21,21,4982,0,0,0,0,0,0,1,10,615,14,14,4046,0,0,0,0,0,0,0,0,0
201012,408,35620,C,New York-Northern New Jersey-Long Island  NY-NJ-PA ,606,606,167983,97,194,21207,15,50,5236,50,2134,233993,403,403,122011,88,176,19541,14,47,4883,32,2017,224511
201012,408,39100, ,Poughkeepsie-Newburgh-Middletown  NY ,44,44,7432,0,0,0,0,0,0,1,5,255,37,37,6490,0,0,0,0,0,0,0,0,0
201012,408,45940,C,Trenton-Ewing  NJ ,11,11,2185,0,0,0,0,0,0,5,25,92,5,5,1441,0,0,0,0,0,0,5,25,92
201012,416,36420,C,Oklahoma City  OK ,221,221,41515,2,4,333,6,23,1543,2,40,4085,125,125,26679,0,0,0,5,20,1272,1,35,3800
201012,420,36540,C,Omaha-Council Bluffs  NE-IA ,110,110,18453,0,0,0,0,0,0,2,112,4306,94,94,15551,0,0,0,0,0,0,2,112,4306
201012,422,19660,C,Deltona-Daytona Beach-Ormond Beach  FL ,37,37,8785,0,0,0,0,0,0,1,5,490,26,26,6293,0,0,0,0,0,0,0,0,0
201012,422,36740,C,Orlando-Kissimmee-Sanford  FL ,292,292,66767,1,2,331,0,0,0,2,16,1937,290,290,66254,1,2,331,0,0,0,2,16,1937
201012,422,37380, ,Palm Coast  FL ,10,10,2684,0,0,0,0,0,0,0,0,0,10,10,2684,0,0,0,0,0,0,0,0,0
201012,426,37900, ,Peoria  IL ,9,9,2090,0,0,0,0,0,0,0,0,0,9,9,2090,0,0,0,0,0,0,0,0,0
201012,428,37980,C,Philadelphia-Camden-Wilmington  PA-NJ-DE-MD ,498,498,93395,10,20,2206,4,14,1346,12,123,12697,326,326,64469,10,20,2206,4,14,1346,6,68,7201
201012,428,39740, ,Reading  PA ,14,14,3009,0,0,0,0,0,0,0,0,0,8,8,1856,0,0,0,0,0,0,0,0,0
201012,428,47220,C,Vineland-Millville-Bridgeton  NJ ,26,26,3179,0,0,0,0,0,0,1,7,306,10,10,1321,0,0,0,0,0,0,0,0,0
201012,430,38300,C,Pittsburgh  PA ,487,487,99882,2,4,521,1,4,465,0,0,0,385,385,79703,1,2,332,0,0,0,0,0,0
201012,438,30340, ,Lewiston-Auburn  ME ,6,6,878,0,0,0,0,0,0,0,0,0,0,0,0,0,0,0,0,0,0,0,0,0
201012,438,38860, ,Portland-South Portland-Biddeford  ME ,65,65,14363,3,6,712,0,0,0,0,0,0,36,36,8095,2,4,350,0,0,0,0,0,0
201012,442,38940,C,Port St. Lucie  FL ,25,25,7189,0,0,0,0,0,0,1,6,437,24,24,7035,0,0,0,0,0,0,1,6,437
201012,442,42680,C,Sebastian-Vero Beach  FL ,24,24,7288,0,0,0,0,0,0,0,0,0,24,24,7288,0,0,0,0,0,0,0,0,0
201012,450,20500,C,Durham-Chapel Hill  NC ,102,102,18791,0,0,0,0,0,0,0,0,0,88,88,15503,0,0,0,0,0,0,0,0,0
201012,450,39580,C,Raleigh-Cary  NC ,242,242,51979,1,2,290,1,4,414,0,0,0,236,236,51168,1,2,290,1,4,414,0,0,0
201012,456,39900,C,Reno-Sparks  NV ,29,29,6975,0,0,0,0,0,0,0,0,0,29,29,6975,0,0,0,0,0,0,0,0,0
201012,464,40380, ,Rochester  NY ,71,71,14461,5,10,760,0,0,0,3,34,3559,64,64,13363,5,10,760,0,0,0,2,12,500
201012,466,40420, ,Rockford  IL ,10,10,1670,0,0,0,0,0,0,0,0,0,8,8,1386,0,0,0,0,0,0,0,0,0
201012,472,40900,C,Sacramento--Arden-Arcade--Roseville  CA ,207,207,57283,0,0,0,0,0,0,4,99,13285,206,206,57052,0,0,0,0,0,0,4,99,13285
201012,472,49700, ,Yuba City  CA ,5,5,675,0,0,0,0,0,0,0,0,0,5,5,675,0,0,0,0,0,0,0,0,0
201012,474,13020, ,Bay City  MI ,0,0,0,0,0,0,0,0,0,0,0,0,0,0,0,0,0,0,0,0,0,0,0,0
201012,474,40980, ,Saginaw-Saginaw Township North  MI ,0,0,0,0,0,0,0,0,0,0,0,0,0,0,0,0,0,0,0,0,0,0,0,0
201012,476,41180,C,St. Louis  MO-IL ,196,196,40362,5,10,2873,5,17,2466,9,80,7169,135,135,24056,5,10,2873,5,17,2466,6,35,2712
201012,480,41540, ,Salisbury  MD ,4,4,726,0,0,0,0,0,0,0,0,0,4,4,726,0,0,0,0,0,0,0,0,0
201012,482,36260, ,Ogden-Clearfield  UT ,65,65,12668,0,0,0,0,0,0,0,0,0,60,60,11649,0,0,0,0,0,0,0,0,0
201012,482,41620,C,Salt Lake City  UT ,110,110,21807,0,0,0,1,4,474,5,246,21378,89,89,19319,0,0,0,1,4,474,2,204,18449
201012,488,34900, ,Napa  CA ,11,11,4804,0,0,0,0,0,0,0,0,0,11,11,4804,0,0,0,0,0,0,0,0,0
201012,488,41860,C,San Francisco-Oakland-Fremont  CA ,113,113,42090,2,4,1027,0,0,0,21,673,127186,100,100,38217,2,4,1027,0,0,0,17,634,122798
201012,488,41940,C,San Jose-Sunnyvale-Santa Clara  CA ,89,89,33725,0,0,0,2,8,629,15,1661,214985,74,74,28415,0,0,0,2,8,629,13,1628,207122
201012,488,42100, ,Santa Cruz-Watsonville  CA ,7,7,2221,1,2,362,1,4,723,0,0,0,1,1,680,1,2,362,1,4,723,0,0,0
201012,488,42220, ,Santa Rosa-Petaluma  CA ,28,28,5571,0,0,0,0,0,0,0,0,0,28,28,5571,0,0,0,0,0,0,0,0,0
201012,488,46700, ,Vallejo-Fairfield  CA ,25,25,5525,0,0,0,0,0,0,0,0,0,25,25,5525,0,0,0,0,0,0,0,0,0
201012,492,42140,C,Santa Fe  NM ,8,8,1067,0,0,0,0,0,0,0,0,0,0,0,0,0,0,0,0,0,0,0,0,0
201012,494,35840,C,North Port-Bradenton-Sarasota  FL ,93,93,23888,0,0,0,1,4,628,1,5,404,93,93,23888,0,0,0,1,4,628,0,0,0
201012,494,39460,C,Punta Gorda  FL ,21,21,4734,0,0,0,0,0,0,0,0,0,3,3,833,0,0,0,0,0,0,0,0,0
201012,496,25980, ,Hinesville-Fort Stewart  GA ,2,2,618,0,0,0,0,0,0,0,0,0,2,2,618,0,0,0,0,0,0,0,0,0
201012,496,42340, ,Savannah  GA ,71,71,10605,0,0,0,2,8,259,12,107,3944,63,63,9155,0,0,0,2,8,259,12,107,3944
201012,500,14740, ,Bremerton-Silverdale  WA ,5,5,930,0,0,0,0,0,0,0,0,0,5,5,930,0,0,0,0,0,0,0,0,0
201012,500,34580, ,Mount Vernon-Anacortes  WA ,16,16,3071,0,0,0,0,0,0,0,0,0,7,7,1697,0,0,0,0,0,0,0,0,0
201012,500,36500, ,Olympia  WA ,47,47,10646,0,0,0,0,0,0,0,0,0,47,47,10646,0,0,0,0,0,0,0,0,0
201012,500,42660,C,Seattle-Tacoma-Bellevue  WA ,427,427,105993,12,24,3416,1,4,509,18,545,71884,414,414,101620,12,24,3416,1,4,509,16,523,69207
201012,508,43340, ,Shreveport-Bossier City  LA ,73,73,13202,0,0,0,0,0,0,1,16,974,31,31,5816,0,0,0,0,0,0,0,0,0
201012,512,43580, ,Sioux City  IA-NE-SD ,6,6,1634,0,0,0,0,0,0,0,0,0,2,2,482,0,0,0,0,0,0,0,0,0
201012,515,21140, ,Elkhart-Goshen  IN ,7,7,1423,0,0,0,0,0,0,0,0,0,7,7,1423,0,0,0,0,0,0,0,0,0
201012,515,43780, ,South Bend-Mishawaka  IN-MI ,8,8,2120,0,0,0,0,0,0,0,0,0,8,8,2120,0,0,0,0,0,0,0,0,0
201012,532,45060, ,Syracuse  NY ,28,28,4899,0,0,0,0,0,0,0,0,0,26,26,4461,0,0,0,0,0,0,0,0,0
201012,534,45780, ,Toledo  OH ,16,16,3820,0,0,0,0,0,0,1,5,380,12,12,2921,0,0,0,0,0,0,0,0,0
201012,538,46140,C,Tulsa  OK ,108,108,18878,1,2,113,0,0,0,1,71,9064,105,105,18472,0,0,0,0,0,0,1,71,9064
201012,540,46340, ,Tyler  TX ,8,8,1785,0,0,0,1,3,150,1,5,231,0,0,0,0,0,0,0,0,0,0,0,0
201012,548,12580,C,Baltimore-Towson  MD ,233,233,39870,0,0,0,1,3,269,3,51,5462,223,223,38541,0,0,0,0,0,0,2,37,3800
201012,548,47900,C,Washington-Arlington-Alexandria  DC-VA-MD-WV ,534,534,97057,6,12,1128,0,0,0,5,97,9975,450,450,80198,1,2,210,0,0,0,2,18,950
201012,548,49020, ,Winchester  VA-WV ,19,19,3680,0,0,0,0,0,0,0,0,0,19,19,3680,0,0,0,0,0,0,0,0,0
201012,554,48140, ,Wausau  WI ,10,10,1737,1,2,214,0,0,0,1,5,286,3,3,430,0,0,0,0,0,0,0,0,0
201012,556,48620, ,Wichita  KS ,54,54,7523,4,8,616,0,0,0,0,0,0,48,48,6686,4,8,616,0,0,0,0,0,0
201012,558,48700, ,Williamsport  PA ,24,24,3241,0,0,0,0,0,0,0,0,0,24,24,3241,0,0,0,0,0,0,0,0,0
201012,564,49620, ,York-Hanover  PA ,75,75,13883,0,0,0,1,4,507,0,0,0,71,71,13026,0,0,0,1,4,507,0,0,0
201012,566,49660, ,Youngstown-Warren-Boardman  OH-PA ,14,14,3509,0,0,0,0,0,0,0,0,0,13,13,3289,0,0,0,0,0,0,0,0,0
201012,999,10180, ,Abilene  TX ,9,9,1798,0,0,0,0,0,0,0,0,0,9,9,1798,0,0,0,0,0,0,0,0,0
201012,999,10500, ,Albany  GA ,10,10,1159,1,2,150,0,0,0,0,0,0,1,1,136,0,0,0,0,0,0,0,0,0
201012,999,10740,C,Albuquerque  NM ,116,116,20699,0,0,0,1,3,422,2,34,2642,5,5,1507,0,0,0,0,0,0,0,0,0
201012,999,10780, ,Alexandria  LA ,57,57,6353,11,22,2044,0,0,0,0,0,0,46,46,4720,11,22,2044,0,0,0,0,0,0
201012,999,10900,C,Allentown-Bethlehem-Easton  PA-NJ ,126,126,20921,0,0,0,0,0,0,1,6,691,97,97,16063,0,0,0,0,0,0,0,0,0
201012,999,11020, ,Altoona  PA ,1,1,160,0,0,0,0,0,0,0,0,0,1,1,160,0,0,0,0,0,0,0,0,0
201012,999,11100, ,Amarillo  TX ,36,36,8685,0,0,0,0,0,0,0,0,0,0,0,0,0,0,0,0,0,0,0,0,0
201012,999,11260,C,Anchorage  AK ,10,10,3087,0,0,0,0,0,0,0,0,0,10,10,3087,0,0,0,0,0,0,0,0,0
201012,999,11500, ,Anniston-Oxford  AL ,6,6,1196,0,0,0,0,0,0,0,0,0,6,6,1196,0,0,0,0,0,0,0,0,0
201012,999,12020, ,Athens-Clarke County  GA ,18,18,3477,0,0,0,0,0,0,0,0,0,18,18,3477,0,0,0,0,0,0,0,0,0
201012,999,12100,C,Atlantic City-Hammonton  NJ ,35,35,5822,2,4,914,0,0,0,0,0,0,25,25,5134,2,4,914,0,0,0,0,0,0
201012,999,12260, ,Augusta-Richmond County  GA-SC ,130,130,20376,0,0,0,0,0,0,1,7,423,38,38,8055,0,0,0,0,0,0,0,0,0
201012,999,12540, ,Bakersfield-Delano  CA ,139,139,25534,3,6,443,0,0,0,1,20,1493,51,51,7373,2,4,296,0,0,0,0,0,0
201012,999,12620, ,Bangor  ME ,5,5,954,0,0,0,0,0,0,0,0,0,4,4,775,0,0,0,0,0,0,0,0,0
201012,999,12700, ,Barnstable Town  MA ,35,35,12841,0,0,0,1,3,350,1,5,683,24,24,9830,0,0,0,1,3,350,0,0,0
201012,999,12980, ,Battle Creek  MI ,1,1,75,0,0,0,0,0,0,0,0,0,1,1,75,0,0,0,0,0,0,0,0,0
201012,999,13140, ,Beaumont-Port Arthur  TX ,29,29,4664,0,0,0,0,0,0,0,0,0,29,29,4664,0,0,0,0,0,0,0,0,0
201012,999,13380, ,Bellingham  WA ,14,14,3496,1,2,373,1,3,300,1,5,866,10,10,2473,0,0,0,0,0,0,0,0,0
201012,999,13740, ,Billings  MT ,13,13,2409,0,0,0,0,0,0,0,0,0,13,13,2409,0,0,0,0,0,0,0,0,0
201012,999,13780, ,Binghamton  NY ,1,1,107,0,0,0,0,0,0,0,0,0,1,1,107,0,0,0,0,0,0,0,0,0
201012,999,13900, ,Bismarck  ND ,7,7,1201,0,0,0,0,0,0,1,42,2903,3,3,671,0,0,0,0,0,0,1,42,2903
201012,999,14020, ,Bloomington  IN ,5,5,801,3,6,582,0,0,0,0,0,0,5,5,801,3,6,582,0,0,0,0,0,0
201012,999,14060, ,Bloomington-Normal  IL ,10,10,1676,0,0,0,0,0,0,0,0,0,10,10,1676,0,0,0,0,0,0,0,0,0
201012,999,14260,C,Boise City-Nampa  ID ,78,78,19970,0,0,0,0,0,0,0,0,0,78,78,19970,0,0,0,0,0,0,0,0,0
201012,999,14540, ,Bowling Green  KY ,20,20,3216,0,0,0,0,0,0,0,0,0,20,20,3216,0,0,0,0,0,0,0,0,0
201012,999,15260, ,Brunswick  GA ,20,20,5152,0,0,0,0,0,0,0,0,0,0,0,0,0,0,0,0,0,0,0,0,0
201012,999,15540, ,Burlington-South Burlington  VT ,21,21,5220,1,2,330,2,7,987,1,6,425,14,14,3674,1,2,330,1,4,710,0,0,0
201012,999,15940, ,Canton-Massillon  OH ,15,15,2613,1,2,207,0,0,0,0,0,0,2,2,200,0,0,0,0,0,0,0,0,0
201012,999,15980,C,Cape Coral-Fort Myers  FL ,66,66,12797,0,0,0,0,0,0,1,12,1284,66,66,12797,0,0,0,0,0,0,1,12,1284
201012,999,16180,C,Carson City  NV ,1,1,389,0,0,0,0,0,0,0,0,0,1,1,389,0,0,0,0,0,0,0,0,0
201012,999,16220, ,Casper  WY ,17,17,3173,0,0,0,0,0,0,0,0,0,17,17,3173,0,0,0,0,0,0,0,0,0
201012,999,16300, ,Cedar Rapids  IA ,16,16,1490,1,2,131,1,4,199,0,0,0,16,16,1490,1,2,131,1,4,199,0,0,0
201012,999,16580, ,Champaign-Urbana  IL ,7,7,1694,0,0,0,0,0,0,1,12,503,7,7,1694,0,0,0,0,0,0,1,12,503
201012,999,16620, ,Charleston  WV ,8,8,1123,0,0,0,1,4,264,0,0,0,7,7,1012,0,0,0,1,4,264,0,0,0
201012,999,16700,C,Charleston-North Charleston-Summerville  SC ,183,183,39682,0,0,0,0,0,0,1,10,501,129,129,30738,0,0,0,0,0,0,0,0,0
201012,999,16820, ,Charlottesville  VA ,29,29,8489,5,10,1200,0,0,0,0,0,0,29,29,8489,5,10,1200,0,0,0,0,0,0
201012,999,16940, ,Cheyenne  WY ,9,9,1403,0,0,0,0,0,0,0,0,0,9,9,1403,0,0,0,0,0,0,0,0,0
201012,999,17020, ,Chico  CA ,11,11,2185,0,0,0,0,0,0,1,11,942,1,1,97,0,0,0,0,0,0,0,0,0
201012,999,17300, ,Clarksville  TN-KY ,66,66,8139,1,2,230,3,11,745,10,205,7009,66,66,8139,1,2,230,3,11,745,10,205,7009
201012,999,17660, ,Coeur dAlene  ID ,39,39,7253,0,0,0,0,0,0,1,7,805,19,19,4326,0,0,0,0,0,0,0,0,0
201012,999,17780, ,College Station-Bryan  TX ,27,27,4209,0,0,0,0,0,0,0,0,0,27,27,4209,0,0,0,0,0,0,0,0,0
201012,999,17820,C,Colorado Springs  CO ,105,105,34657,0,0,0,0,0,0,0,0,0,105,105,34657,0,0,0,0,0,0,0,0,0
201012,999,17860, ,Columbia  MO ,18,18,3455,2,4,270,1,4,300,1,36,3000,18,18,3455,2,4,270,1,4,300,1,36,3000
201012,999,18880, ,Crestview-Fort Walton Beach-Destin  FL ,33,33,10285,0,0,0,0,0,0,0,0,0,33,33,10285,0,0,0,0,0,0,0,0,0
201012,999,19060, ,Cumberland  MD-WV ,3,3,514,0,0,0,0,0,0,0,0,0,3,3,514,0,0,0,0,0,0,0,0,0
201012,999,19140,C,Dalton  GA ,6,6,693,0,0,0,0,0,0,0,0,0,2,2,250,0,0,0,0,0,0,0,0,0
201012,999,19180, ,Danville  IL ,0,0,0,0,0,0,0,0,0,0,0,0,0,0,0,0,0,0,0,0,0,0,0,0
201012,999,19260, ,Danville  VA ,4,4,497,0,0,0,0,0,0,0,0,0,0,0,0,0,0,0,0,0,0,0,0,0
201012,999,19340, ,Davenport-Moline-Rock Island  IA-IL ,16,16,3086,0,0,0,0,0,0,2,30,2771,5,5,800,0,0,0,0,0,0,0,0,0
201012,999,19500, ,Decatur  IL ,2,2,548,0,0,0,0,0,0,0,0,0,2,2,548,0,0,0,0,0,0,0,0,0
201012,999,20100,C,Dover  DE ,41,41,5385,0,0,0,0,0,0,1,5,315,35,35,4677,0,0,0,0,0,0,0,0,0
201012,999,20220, ,Dubuque  IA ,8,8,1340,0,0,0,0,0,0,3,86,5605,8,8,1340,0,0,0,0,0,0,3,86,5605
201012,999,20260, ,Duluth  MN-WI ,11,11,1661,0,0,0,0,0,0,1,5,574,9,9,1348,0,0,0,0,0,0,0,0,0
201012,999,20940, ,El Centro  CA ,2,2,304,0,0,0,0,0,0,0,0,0,1,1,106,0,0,0,0,0,0,0,0,0
201012,999,21300, ,Elmira  NY ,1,1,110,0,0,0,0,0,0,0,0,0,0,0,0,0,0,0,0,0,0,0,0,0
201012,999,21340, ,El Paso  TX ,210,210,43753,0,0,0,0,0,0,0,0,0,210,210,43753,0,0,0,0,0,0,0,0,0
201012,999,21500, ,Erie  PA ,51,51,10875,1,2,210,0,0,0,0,0,0,51,51,10875,1,2,210,0,0,0,0,0,0
201012,999,21660, ,Eugene-Springfield  OR ,32,32,6978,0,0,0,2,7,850,0,0,0,16,16,3250,0,0,0,2,7,850,0,0,0
201012,999,21780, ,Evansville  IN-KY ,21,21,3795,1,2,220,0,0,0,0,0,0,21,21,3795,1,2,220,0,0,0,0,0,0
201012,999,21820,C,Fairbanks  AK ,3,3,550,0,0,0,0,0,0,0,0,0,0,0,0,0,0,0,0,0,0,0,0,0
201012,999,22140,C,Farmington  NM ,8,8,1794,0,0,0,0,0,0,0,0,0,8,8,1794,0,0,0,0,0,0,0,0,0
201012,999,22180, ,Fayetteville  NC ,76,76,12062,0,0,0,0,0,0,2,48,2777,76,76,12062,0,0,0,0,0,0,2,48,2777
201012,999,22220, ,Fayetteville-Springdale-Rogers  AR-MO ,70,70,14379,3,6,488,8,28,2468,3,18,1529,68,68,14208,2,4,368,8,28,2468,3,18,1529
201012,999,22380, ,Flagstaff  AZ ,6,6,1499,0,0,0,0,0,0,2,73,4499,4,4,1046,0,0,0,0,0,0,0,0,0
201012,999,22500, ,Florence  SC ,21,21,2591,2,4,204,0,0,0,0,0,0,5,5,649,0,0,0,0,0,0,0,0,0
201012,999,22520, ,Florence-Muscle Shoals  AL ,8,8,852,0,0,0,0,0,0,0,0,0,3,3,240,0,0,0,0,0,0,0,0,0
201012,999,22660,C,Fort Collins-Loveland  CO ,35,35,10390,1,2,346,1,3,346,11,268,25161,34,34,10051,1,2,346,1,3,346,11,268,25161
201012,999,22900, ,Fort Smith  AR-OK ,32,32,4508,0,0,0,0,0,0,0,0,0,28,28,4194,0,0,0,0,0,0,0,0,0
201012,999,23460, ,Gadsden  AL ,1,1,150,0,0,0,0,0,0,0,0,0,1,1,150,0,0,0,0,0,0,0,0,0
201012,999,23540, ,Gainesville  FL ,25,25,4204,0,0,0,0,0,0,1,11,674,20,20,3445,0,0,0,0,0,0,0,0,0
201012,999,24140, ,Goldsboro  NC ,12,12,1793,0,0,0,0,0,0,0,0,0,0,0,0,0,0,0,0,0,0,0,0,0
201012,999,24220, ,Grand Forks  ND-MN ,0,0,0,0,0,0,0,0,0,0,0,0,0,0,0,0,0,0,0,0,0,0,0,0
201012,999,24300,C,Grand Junction  CO ,24,24,5118,0,0,0,0,0,0,0,0,0,24,24,5118,0,0,0,0,0,0,0,0,0
201012,999,24500, ,Great Falls  MT ,0,0,0,0,0,0,0,0,0,0,0,0,0,0,0,0,0,0,0,0,0,0,0,0
201012,999,24580, ,Green Bay  WI ,21,21,4877,0,0,0,0,0,0,2,10,375,11,11,3710,0,0,0,0,0,0,0,0,0
201012,999,24780, ,Greenville  NC ,31,31,3811,1,2,178,0,0,0,0,0,0,31,31,3811,1,2,178,0,0,0,0,0,0
201012,999,25180, ,Hagerstown-Martinsburg  MD-WV ,38,38,6904,0,0,0,0,0,0,0,0,0,38,38,6904,0,0,0,0,0,0,0,0,0
201012,999,25260, ,Hanford-Corcoran  CA ,7,7,1010,0,0,0,0,0,0,0,0,0,7,7,1010,0,0,0,0,0,0,0,0,0
201012,999,25500,C,Harrisonburg  VA ,60,60,8161,0,0,0,0,0,0,0,0,0,42,42,5251,0,0,0,0,0,0,0,0,0
201012,999,25620, ,Hattiesburg  MS ,0,0,0,0,0,0,0,0,0,0,0,0,0,0,0,0,0,0,0,0,0,0,0,0
201012,999,25860, ,Hickory-Lenoir-Morganton  NC ,25,25,5150,0,0,0,0,0,0,0,0,0,25,25,5150,0,0,0,0,0,0,0,0,0
201012,999,26180,C,Honolulu  HI ,66,66,22710,0,0,0,0,0,0,3,24,1505,66,66,22710,0,0,0,0,0,0,3,24,1505
201012,999,26300, ,Hot Springs  AR ,2,2,220,0,0,0,0,0,0,0,0,0,0,0,0,0,0,0,0,0,0,0,0,0
201012,999,26380, ,Houma-Bayou Cane-Thibodaux  LA ,29,29,6994,0,0,0,0,0,0,0,0,0,29,29,6994,0,0,0,0,0,0,0,0,0
201012,999,26580, ,Huntington-Ashland  WV-KY-OH ,2,2,227,0,0,0,0,0,0,0,0,0,0,0,0,0,0,0,0,0,0,0,0,0
201012,999,26980, ,Iowa City  IA ,16,16,4161,1,2,210,0,0,0,0,0,0,15,15,3982,0,0,0,0,0,0,0,0,0
201012,999,27100, ,Jackson  MI ,1,1,109,0,0,0,0,0,0,0,0,0,0,0,0,0,0,0,0,0,0,0,0,0
201012,999,27260,C,Jacksonville  FL ,165,165,33930,0,0,0,0,0,0,0,0,0,163,163,33610,0,0,0,0,0,0,0,0,0
201012,999,27340, ,Jacksonville  NC ,166,166,17715,2,4,416,0,0,0,5,120,3970,160,160,16807,2,4,416,0,0,0,5,120,3970
201012,999,27500, ,Janesville  WI ,2,2,230,0,0,0,0,0,0,0,0,0,2,2,230,0,0,0,0,0,0,0,0,0
201012,999,27620, ,Jefferson City  MO ,13,13,3316,0,0,0,0,0,0,1,9,625,8,8,2274,0,0,0,0,0,0,1,9,625
201012,999,27780, ,Johnstown  PA ,0,0,0,0,0,0,0,0,0,0,0,0,0,0,0,0,0,0,0,0,0,0,0,0
201012,999,27900, ,Joplin  MO ,2,2,144,0,0,0,0,0,0,1,18,375,2,2,144,0,0,0,0,0,0,1,18,375
201012,999,28020, ,Kalamazoo-Portage  MI ,15,15,3570,0,0,0,0,0,0,0,0,0,12,12,3188,0,0,0,0,0,0,0,0,0
201012,999,28420, ,Kennewick-Pasco-Richland  WA ,73,73,21920,0,0,0,0,0,0,0,0,0,13,13,3643,0,0,0,0,0,0,0,0,0
201012,999,28660, ,Killeen-Temple-Fort Hood  TX ,93,93,13587,3,6,380,0,0,0,0,0,0,81,81,11443,3,6,380,0,0,0,0,0,0
201012,999,29100, ,La Crosse  WI-MN ,7,7,1168,0,0,0,0,0,0,1,60,2400,3,3,465,0,0,0,0,0,0,1,60,2400
201012,999,29420, ,Lake Havasu City-Kingman  AZ ,15,15,3189,0,0,0,0,0,0,0,0,0,7,7,1426,0,0,0,0,0,0,0,0,0
201012,999,29460,C,Lakeland-Winter Haven  FL ,65,65,11272,0,0,0,0,0,0,0,0,0,60,60,10346,0,0,0,0,0,0,0,0,0
201012,999,29540, ,Lancaster  PA ,125,125,18562,0,0,0,0,0,0,1,5,250,110,110,16830,0,0,0,0,0,0,0,0,0
201012,999,29700,C,Laredo  TX ,42,42,5580,0,0,0,2,8,769,1,5,258,0,0,0,0,0,0,0,0,0,0,0,0
201012,999,29740,C,Las Cruces  NM ,53,53,10175,0,0,0,0,0,0,1,24,1300,53,53,10175,0,0,0,0,0,0,1,24,1300
201012,999,29940, ,Lawrence  KS ,12,12,2543,0,0,0,0,0,0,0,0,0,12,12,2543,0,0,0,0,0,0,0,0,0
201012,999,30020, ,Lawton  OK ,14,14,2559,0,0,0,1,4,225,0,0,0,14,14,2559,0,0,0,1,4,225,0,0,0
201012,999,30300, ,Lewiston  ID-WA ,2,2,408,0,0,0,0,0,0,0,0,0,0,0,0,0,0,0,0,0,0,0,0,0
201012,999,30700, ,Lincoln  NE ,39,39,8037,0,0,0,0,0,0,1,36,2425,39,39,8037,0,0,0,0,0,0,1,36,2425
201012,999,30860, ,Logan  UT-ID ,10,10,1617,0,0,0,0,0,0,1,5,417,9,9,1468,0,0,0,0,0,0,0,0,0
201012,999,31020, ,Longview  WA ,10,10,2187,0,0,0,0,0,0,0,0,0,0,0,0,0,0,0,0,0,0,0,0,0
201012,999,31340, ,Lynchburg  VA ,22,22,4099,0,0,0,0,0,0,0,0,0,22,22,4099,0,0,0,0,0,0,0,0,0
201012,999,31740, ,Manhattan  KS ,12,12,2351,1,2,197,0,0,0,1,22,1817,2,2,358,0,0,0,0,0,0,0,0,0
201012,999,31860, ,Mankato-North Mankato  MN ,1,1,166,0,0,0,0,0,0,0,0,0,1,1,166,0,0,0,0,0,0,0,0,0
201012,999,32580,C,McAllen-Edinburg-Mission  TX ,276,276,40542,2,4,301,6,24,1685,0,0,0,248,248,36159,2,4,301,5,20,1319,0,0,0
201012,999,32780, ,Medford  OR ,25,25,4930,0,0,0,0,0,0,0,0,0,25,25,4930,0,0,0,0,0,0,0,0,0
201012,999,32820,C,Memphis  TN-MS-AR ,77,77,16193,0,0,0,0,0,0,2,28,2273,63,63,14434,0,0,0,0,0,0,1,15,1154
201012,999,32900, ,Merced  CA ,6,6,1441,0,0,0,0,0,0,0,0,0,1,1,209,0,0,0,0,0,0,0,0,0
201012,999,33100,C,Miami-Fort Lauderdale-Pompano Beach  FL ,218,218,64928,3,6,727,1,3,534,3,97,25168,202,202,60868,2,4,518,0,0,0,1,87,22366
201012,999,33540,C,Missoula  MT ,11,11,1243,0,0,0,0,0,0,0,0,0,11,11,1243,0,0,0,0,0,0,0,0,0
201012,999,33700, ,Modesto  CA ,22,22,3233,0,0,0,0,0,0,0,0,0,21,21,2980,0,0,0,0,0,0,0,0,0
201012,999,34060, ,Morgantown  WV ,1,1,187,0,0,0,0,0,0,1,5,250,0,0,0,0,0,0,0,0,0,0,0,0
201012,999,34620, ,Muncie  IN ,1,1,60,0,0,0,0,0,0,0,0,0,1,1,60,0,0,0,0,0,0,0,0,0
201012,999,34940,C,Naples-Marco Island  FL ,71,71,21625,0,0,0,1,4,963,2,19,3181,71,71,21625,0,0,0,1,4,963,2,19,3181
201012,999,35660, ,Niles-Benton Harbor  MI ,2,2,639,0,0,0,0,0,0,0,0,0,1,1,392,0,0,0,0,0,0,0,0,0
201012,999,35980, ,Norwich-New London  CT ,18,18,2979,0,0,0,0,0,0,0,0,0,13,13,2028,0,0,0,0,0,0,0,0,0
201012,999,36100,C,Ocala  FL ,33,33,5809,0,0,0,0,0,0,0,0,0,33,33,5809,0,0,0,0,0,0,0,0,0
201012,999,36140,C,Ocean City  NJ ,39,39,12639,5,10,1431,0,0,0,0,0,0,36,36,12048,5,10,1431,0,0,0,0,0,0
201012,999,36980, ,Owensboro  KY ,13,13,1580,0,0,0,0,0,0,0,0,0,13,13,1580,0,0,0,0,0,0,0,0,0
201012,999,37340,C,Palm Bay-Melbourne-Titusville  FL ,54,54,13765,0,0,0,0,0,0,2,16,1350,54,54,13765,0,0,0,0,0,0,2,16,1350
201012,999,37460, ,Panama City-Lynn Haven-Panama City Beach  FL ,14,14,2143,0,0,0,0,0,0,0,0,0,14,14,2143,0,0,0,0,0,0,0,0,0
201012,999,37620, ,Parkersburg-Marietta-Vienna  WV-OH ,2,2,301,0,0,0,0,0,0,0,0,0,2,2,301,0,0,0,0,0,0,0,0,0
201012,999,37860,C,Pensacola-Ferry Pass-Brent  FL ,79,79,13755,0,0,0,0,0,0,0,0,0,79,79,13755,0,0,0,0,0,0,0,0,0
201012,999,38060,C,Phoenix-Mesa-Glendale  AZ ,394,394,90465,0,0,0,0,0,0,2,69,11018,338,338,79742,0,0,0,0,0,0,0,0,0
201012,999,38340, ,Pittsfield  MA ,1,1,52,0,0,0,0,0,0,0,0,0,0,0,0,0,0,0,0,0,0,0,0,0
201012,999,38540, ,Pocatello  ID ,4,4,550,0,0,0,0,0,0,0,0,0,4,4,550,0,0,0,0,0,0,0,0,0
201012,999,38900,C,Portland-Vancouver-Hillsboro  OR-WA ,214,214,51298,4,8,696,3,12,1544,3,346,57296,209,209,49711,4,8,696,3,12,1544,3,346,57296
201012,999,39140, ,Prescott  AZ ,20,20,4470,0,0,0,0,0,0,0,0,0,17,17,3846,0,0,0,0,0,0,0,0,0
201012,999,39340, ,Provo-Orem  UT ,88,88,21789,1,2,328,0,0,0,0,0,0,88,88,21789,1,2,328,0,0,0,0,0,0
201012,999,39380,C,Pueblo  CO ,18,18,3240,0,0,0,0,0,0,0,0,0,18,18,3240,0,0,0,0,0,0,0,0,0
201012,999,39660, ,Rapid City  SD ,19,19,2835,0,0,0,0,0,0,0,0,0,15,15,2246,0,0,0,0,0,0,0,0,0
201012,999,39820, ,Redding  CA ,19,19,3762,22,44,4930,1,3,516,0,0,0,11,11,2114,21,42,4638,1,3,516,0,0,0
201012,999,40060,C,Richmond  VA ,132,132,22884,0,0,0,1,3,363,0,0,0,120,120,21370,0,0,0,1,3,363,0,0,0
201012,999,40220, ,Roanoke  VA ,8,8,1288,0,0,0,0,0,0,0,0,0,8,8,1288,0,0,0,0,0,0,0,0,0
201012,999,40340, ,Rochester  MN ,18,18,3423,0,0,0,0,0,0,0,0,0,17,17,3219,0,0,0,0,0,0,0,0,0
201012,999,40580, ,Rocky Mount  NC ,8,8,1479,0,0,0,0,0,0,0,0,0,8,8,1479,0,0,0,0,0,0,0,0,0
201012,999,40660, ,Rome  GA ,2,2,81,0,0,0,0,0,0,0,0,0,2,2,81,0,0,0,0,0,0,0,0,0
201012,999,41100, ,St. George  UT ,52,52,10632,0,0,0,1,4,316,0,0,0,51,51,10367,0,0,0,1,4,316,0,0,0
201012,999,41140, ,St. Joseph  MO-KS ,5,5,842,0,0,0,0,0,0,0,0,0,5,5,842,0,0,0,0,0,0,0,0,0
201012,999,41420, ,Salem  OR ,15,15,3156,0,0,0,0,0,0,0,0,0,14,14,2991,0,0,0,0,0,0,0,0,0
201012,999,41500, ,Salinas  CA ,6,6,1403,0,0,0,1,3,894,0,0,0,5,5,1040,0,0,0,0,0,0,0,0,0
201012,999,41660,C,San Angelo  TX ,7,7,1215,0,0,0,0,0,0,0,0,0,7,7,1215,0,0,0,0,0,0,0,0,0
201012,999,41700,C,San Antonio-New Braunfels  TX ,294,294,57359,3,6,435,2,6,484,0,0,0,243,243,49656,3,6,435,0,0,0,0,0,0
201012,999,41740,C,San Diego-Carlsbad-San Marcos  CA ,277,277,80111,1,2,364,0,0,0,0,0,0,277,277,80111,1,2,364,0,0,0,0,0,0
201012,999,41780, ,Sandusky  OH ,0,0,0,0,0,0,0,0,0,0,0,0,0,0,0,0,0,0,0,0,0,0,0,0
201012,999,42020, ,San Luis Obispo-Paso Robles  CA ,22,22,6532,0,0,0,0,0,0,0,0,0,22,22,6532,0,0,0,0,0,0,0,0,0
201012,999,42060, ,Santa Barbara-Santa Maria-Goleta  CA ,22,22,6117,0,0,0,0,0,0,0,0,0,22,22,6117,0,0,0,0,0,0,0,0,0
201012,999,42540, ,Scranton--Wilkes-Barre  PA ,21,21,3828,0,0,0,1,3,233,0,0,0,12,12,2021,0,0,0,0,0,0,0,0,0
201012,999,43100, ,Sheboygan  WI ,3,3,1264,0,0,0,0,0,0,0,0,0,2,2,1030,0,0,0,0,0,0,0,0,0
201012,999,43620, ,Sioux Falls  SD ,21,21,3587,0,0,0,1,3,189,0,0,0,19,19,3358,0,0,0,0,0,0,0,0,0
201012,999,44060, ,Spokane  WA ,51,51,8946,0,0,0,0,0,0,1,43,2996,21,21,3555,0,0,0,0,0,0,0,0,0
201012,999,44100, ,Springfield  IL ,2,2,390,2,4,582,0,0,0,0,0,0,2,2,390,2,4,582,0,0,0,0,0,0
201012,999,44140, ,Springfield  MA ,22,22,5082,1,2,180,0,0,0,0,0,0,11,11,2551,1,2,180,0,0,0,0,0,0
201012,999,44180, ,Springfield  MO ,55,55,7575,0,0,0,0,0,0,1,39,1622,49,49,6533,0,0,0,0,0,0,0,0,0
201012,999,44300, ,State College  PA ,22,22,3432,0,0,0,0,0,0,0,0,0,22,22,3432,0,0,0,0,0,0,0,0,0
201012,999,44600, ,Steubenville-Weirton  OH-WV ,0,0,0,0,0,0,0,0,0,0,0,0,0,0,0,0,0,0,0,0,0,0,0,0
201012,999,44700,C,Stockton  CA ,54,54,12146,0,0,0,0,0,0,0,0,0,54,54,12146,0,0,0,0,0,0,0,0,0
201012,999,44940,C,Sumter  SC ,19,19,2562,2,4,278,0,0,0,0,0,0,19,19,2562,2,4,278,0,0,0,0,0,0
201012,999,45220, ,Tallahassee  FL ,28,28,4168,0,0,0,0,0,0,1,18,1022,9,9,1104,0,0,0,0,0,0,0,0,0
201012,999,45300,C,Tampa-St. Petersburg-Clearwater  FL ,346,346,98280,1,2,296,1,3,367,47,720,41960,345,345,98138,1,2,296,1,3,367,47,720,41960
201012,999,45460, ,Terre Haute  IN ,0,0,0,0,0,0,0,0,0,1,18,700,0,0,0,0,0,0,0,0,0,1,18,700
201012,999,45500, ,Texarkana  TX-Texarkana  AR ,8,8,1367,0,0,0,1,3,225,0,0,0,8,8,1367,0,0,0,1,3,225,0,0,0
201012,999,45820, ,Topeka  KS ,12,12,3038,2,4,574,0,0,0,0,0,0,9,9,2593,2,4,574,0,0,0,0,0,0
201012,999,46060,C,Tucson  AZ ,136,136,32785,0,0,0,0,0,0,3,36,3006,66,66,18987,0,0,0,0,0,0,0,0,0
201012,999,46220, ,Tuscaloosa  AL ,9,9,1529,1,2,144,0,0,0,1,12,500,9,9,1529,1,2,144,0,0,0,1,12,500
201012,999,46540, ,Utica-Rome  NY ,1,1,155,0,0,0,0,0,0,0,0,0,0,0,0,0,0,0,0,0,0,0,0,0
201012,999,46660, ,Valdosta  GA ,28,28,2741,0,0,0,0,0,0,1,21,1321,0,0,0,0,0,0,0,0,0,0,0,0
201012,999,47020, ,Victoria  TX ,3,3,465,0,0,0,0,0,0,0,0,0,0,0,0,0,0,0,0,0,0,0,0,0
201012,999,47260,C,Virginia Beach-Norfolk-Newport News  VA-NC ,179,179,37700,0,0,0,0,0,0,0,0,0,179,179,37700,0,0,0,0,0,0,0,0,0
201012,999,47300, ,Visalia-Porterville  CA ,54,54,10794,2,4,301,0,0,0,0,0,0,54,54,10794,2,4,301,0,0,0,0,0,0
201012,999,47380, ,Waco  TX ,17,17,4321,0,0,0,0,0,0,0,0,0,16,16,3958,0,0,0,0,0,0,0,0,0
201012,999,47940, ,Waterloo-Cedar Falls  IA ,12,12,2040,0,0,0,0,0,0,0,0,0,9,9,1637,0,0,0,0,0,0,0,0,0
201012,999,48300, ,Wenatchee-East Wenatchee  WA ,10,10,1758,0,0,0,0,0,0,0,0,0,10,10,1758,0,0,0,0,0,0,0,0,0
201012,999,48540, ,Wheeling  WV-OH ,0,0,0,0,0,0,0,0,0,0,0,0,0,0,0,0,0,0,0,0,0,0,0,0
201012,999,48660, ,Wichita Falls  TX ,9,9,1642,2,4,389,0,0,0,0,0,0,0,0,0,0,0,0,0,0,0,0,0,0
201012,999,48900,C,Wilmington  NC ,107,107,23805,0,0,0,0,0,0,1,48,2350,77,77,18361,0,0,0,0,0,0,1,48,2350
201012,999,49420, ,Yakima  WA ,6,6,1284,0,0,0,0,0,0,0,0,0,6,6,1284,0,0,0,0,0,0,0,0,0
201012,999,49740, ,Yuma  AZ ,11,11,1466,0,0,0,0,0,0,0,0,0,11,11,1466,0,0,0,0,0,0,0,0,0
