Survey,CSA,CBSA,MONCOV,CBSA,,1-unit,,,2-units,,,3-4 units,,,5+ units,,,1-unit rep,,,2-units rep,,,3-4 units rep,,,5+ units rep
Date,Code,Code,,Name,Bldgs,Units,Value,Bldgs,Units,Value,Bldgs,Units,Value,Bldgs,Units,Value,Bldgs,Units,Value,Bldgs,Units,Value,      Bldgs,Units,Value,Bldgs,Units,Value
 
201101,102,18700, ,Corvallis  OR ,4,4,1000,0,0,0,0,0,0,0,0,0,4,4,1000,0,0,0,0,0,0,0,0,0
201101,104,10580, ,Albany-Schenectady-Troy  NY ,33,33,8446,0,0,0,1,4,567,2,22,100,27,27,7161,0,0,0,1,4,567,2,22,100
201101,104,24020, ,Glens Falls  NY ,13,13,1714,1,2,269,0,0,0,0,0,0,3,3,636,0,0,0,0,0,0,0,0,0
201101,112,11180, ,Ames  IA ,5,5,895,0,0,0,0,0,0,0,0,0,4,4,672,0,0,0,0,0,0,0,0,0
201101,118,11540, ,Appleton  WI ,8,8,1402,0,0,0,0,0,0,0,0,0,8,8,1402,0,0,0,0,0,0,0,0,0
201101,118,36780, ,Oshkosh-Neenah  WI ,5,5,1239,0,0,0,0,0,0,0,0,0,5,5,1239,0,0,0,0,0,0,0,0,0
201101,120,11700, ,Asheville  NC ,65,65,12915,0,0,0,1,3,500,1,21,1002,28,28,4751,0,0,0,0,0,0,0,0,0
201101,122,12060,C,Atlanta-Sandy Springs-Marietta  GA ,452,452,77305,0,0,0,1,4,682,2,156,7761,423,423,72291,0,0,0,1,4,682,2,156,7761
201101,122,23580, ,Gainesville  GA ,7,7,1503,0,0,0,0,0,0,0,0,0,7,7,1503,0,0,0,0,0,0,0,0,0
201101,126,12420,C,Austin-Round Rock-San Marcos  TX ,408,408,76175,3,6,708,0,0,0,14,410,18647,362,362,69328,3,6,708,0,0,0,12,396,17863
201101,132,12940, ,Baton Rouge  LA ,173,173,31789,1,2,158,0,0,0,1,5,407,72,72,17703,0,0,0,0,0,0,0,0,0
201101,140,13460,C,Bend  OR ,36,36,7945,0,0,0,0,0,0,0,0,0,36,36,7945,0,0,0,0,0,0,0,0,0
201101,142,13820,C,Birmingham-Hoover  AL ,142,142,24470,0,0,0,0,0,0,0,0,0,106,106,17490,0,0,0,0,0,0,0,0,0
201101,148,14460,C,Boston-Cambridge-Quincy  MA-NH ,198,198,47720,1,2,241,7,23,3323,7,53,11245,146,146,35700,0,0,58,4,14,2072,2,27,8638
201101,148,31700, ,Manchester-Nashua  NH ,7,7,1161,1,2,130,2,8,605,1,6,458,4,4,694,1,2,130,0,0,0,0,0,0
201101,148,39300, ,Providence-New Bedford-Fall River  RI-MA ,49,49,8927,1,2,168,1,4,833,0,0,0,33,33,6401,0,0,0,0,0,0,0,0,0
201101,148,49340, ,Worcester  MA ,22,22,4339,0,0,0,0,0,0,1,13,785,16,16,3341,0,0,0,0,0,0,0,0,0
201101,154,15180, ,Brownsville-Harlingen  TX ,58,58,6029,0,0,0,0,0,0,2,10,390,57,57,5953,0,0,0,0,0,0,2,10,390
201101,160,15380, ,Buffalo-Niagara Falls  NY ,27,27,6304,0,0,0,0,0,0,0,0,0,24,24,5611,0,0,0,0,0,0,0,0,0
201101,164,16020, ,Cape Girardeau-Jackson  MO-IL ,4,4,365,0,0,0,1,4,375,0,0,0,4,4,365,0,0,0,1,4,375,0,0,0
201101,172,16740,C,Charlotte-Gastonia-Rock Hill  NC-SC ,229,229,43808,0,0,0,0,0,0,3,130,10784,143,143,28347,0,0,0,0,0,0,0,0,0
201101,174,16860, ,Chattanooga  TN-GA ,54,54,9914,0,0,0,0,0,0,1,5,464,35,35,7169,0,0,0,0,0,0,0,0,0
201101,174,17420, ,Cleveland  TN ,6,6,640,1,2,149,1,3,163,0,0,0,3,3,330,0,0,0,0,0,0,0,0,0
201101,176,16980,C,Chicago-Joliet-Naperville  IL-IN-WI ,123,123,30381,1,2,183,1,4,500,5,496,75741,92,92,23987,0,0,0,1,4,500,3,479,74588
201101,176,28100, ,Kankakee-Bradley  IL ,4,4,625,0,0,0,0,0,0,0,0,0,3,3,513,0,0,0,0,0,0,0,0,0
201101,176,33140, ,Michigan City-La Porte  IN ,3,3,516,0,0,0,0,0,0,0,0,0,3,3,516,0,0,0,0,0,0,0,0,0
201101,178,17140,C,Cincinnati-Middletown  OH-KY-IN ,146,146,27784,0,0,0,0,0,0,2,32,2000,141,141,26393,0,0,0,0,0,0,2,32,2000
201101,184,10420, ,Akron  OH ,11,11,1418,0,0,0,0,0,0,1,5,177,9,9,1218,0,0,0,0,0,0,0,0,0
201101,184,17460,C,Cleveland-Elyria-Mentor  OH ,89,89,21388,0,0,0,0,0,0,1,6,720,68,68,17392,0,0,0,0,0,0,1,6,720
201101,192,17900,C,Columbia  SC ,159,159,23071,0,0,0,0,0,0,2,39,3034,46,46,5806,0,0,0,0,0,0,0,0,0
201101,194,12220,C,Auburn-Opelika  AL ,40,40,8334,0,0,0,0,0,0,0,0,0,40,40,8334,0,0,0,0,0,0,0,0,0
201101,194,17980, ,Columbus  GA-AL ,45,45,7052,0,0,0,0,0,0,2,24,1619,4,4,933,0,0,0,0,0,0,0,0,0
201101,198,18140,C,Columbus  OH ,148,148,31072,0,0,0,4,16,800,12,72,2400,144,144,30236,0,0,0,4,16,800,12,72,2400
201101,204,18580, ,Corpus Christi  TX ,31,31,5786,0,0,0,0,0,0,0,0,0,29,29,5551,0,0,0,0,0,0,0,0,0
201101,206,19100,C,Dallas-Fort Worth-Arlington  TX ,1033,1033,252672,2,4,484,0,0,0,4,348,30978,928,928,230448,1,2,317,0,0,0,1,314,28333
201101,206,43300, ,Sherman-Denison  TX ,0,0,0,0,0,0,0,0,0,0,0,0,0,0,0,0,0,0,0,0,0,0,0,0
201101,212,19380, ,Dayton  OH ,34,34,9778,0,0,0,0,0,0,0,0,0,28,28,8542,0,0,0,0,0,0,0,0,0
201101,212,44220, ,Springfield  OH ,1,1,144,0,0,0,0,0,0,0,0,0,1,1,144,0,0,0,0,0,0,0,0,0
201101,216,14500, ,Boulder  CO ,11,11,4522,0,0,0,0,0,0,0,0,0,11,11,4522,0,0,0,0,0,0,0,0,0
201101,216,19740,C,Denver-Aurora-Broomfield  CO ,185,185,51087,3,6,981,0,0,0,2,131,8299,170,170,47186,3,6,981,0,0,0,2,131,8299
201101,216,24540,C,Greeley  CO ,58,58,12281,0,0,0,0,0,0,0,0,0,50,50,10674,0,0,0,0,0,0,0,0,0
201101,218,19780,C,Des Moines-West Des Moines  IA ,43,43,9161,0,0,0,0,0,0,0,0,0,38,38,8140,0,0,0,0,0,0,0,0,0
201101,220,11460, ,Ann Arbor  MI ,17,17,2639,0,0,0,0,0,0,1,5,302,15,15,2395,0,0,0,0,0,0,0,0,0
201101,220,19820,C,Detroit-Warren-Livonia  MI ,126,126,28805,0,0,0,0,0,0,0,0,0,118,118,27914,0,0,0,0,0,0,0,0,0
201101,220,22420, ,Flint  MI ,1,1,245,0,0,0,0,0,0,0,0,0,1,1,245,0,0,0,0,0,0,0,0,0
201101,220,33780, ,Monroe  MI ,3,3,562,0,0,0,0,0,0,0,0,0,2,2,387,0,0,0,0,0,0,0,0,0
201101,222,20020, ,Dothan  AL ,18,18,3926,0,0,0,0,0,0,0,0,0,18,18,3926,0,0,0,0,0,0,0,0,0
201101,232,20740, ,Eau Claire  WI ,2,2,1160,0,0,0,0,0,0,0,0,0,2,2,1160,0,0,0,0,0,0,0,0,0
201101,244,22020, ,Fargo  ND-MN ,7,7,1700,0,0,0,0,0,0,1,36,1800,7,7,1700,0,0,0,0,0,0,1,36,1800
201101,252,22540, ,Fond du Lac  WI ,4,4,1171,1,2,200,0,0,0,0,0,0,3,3,953,1,2,200,0,0,0,0,0,0
201101,258,23060,C,Fort Wayne  IN ,34,34,6761,0,0,0,0,0,0,0,0,0,34,34,6761,0,0,0,0,0,0,0,0,0
201101,260,23420, ,Fresno  CA ,79,79,11612,0,0,0,1,3,215,0,0,0,2,2,436,0,0,0,0,0,0,0,0,0
201101,260,31460, ,Madera-Chowchilla  CA ,4,4,1093,0,0,0,0,0,0,0,0,0,4,4,1093,0,0,0,0,0,0,0,0,0
201101,266,24340,C,Grand Rapids-Wyoming  MI ,37,37,6463,0,0,0,0,0,0,0,0,0,29,29,5546,0,0,0,0,0,0,0,0,0
201101,266,26100, ,Holland-Grand Haven  MI ,25,25,4381,0,0,0,0,0,0,1,5,437,22,22,3646,0,0,0,0,0,0,0,0,0
201101,266,34740, ,Muskegon-Norton Shores  MI ,2,2,259,0,0,0,0,0,0,0,0,0,2,2,259,0,0,0,0,0,0,0,0,0
201101,268,15500, ,Burlington  NC ,19,19,2352,0,0,0,0,0,0,0,0,0,19,19,2352,0,0,0,0,0,0,0,0,0
201101,268,24660,C,Greensboro-High Point  NC ,63,63,10178,2,4,296,0,0,0,2,30,1436,39,39,5706,2,4,296,0,0,0,1,24,822
201101,268,49180, ,Winston-Salem  NC ,66,66,9938,0,0,0,0,0,0,0,0,0,66,66,9938,0,0,0,0,0,0,0,0,0
201101,273,11340, ,Anderson  SC ,6,6,988,0,0,0,0,0,0,0,0,0,6,6,988,0,0,0,0,0,0,0,0,0
201101,273,24860,C,Greenville-Maudlin-Easley  SC ,94,94,23716,0,0,0,0,0,0,1,5,300,93,93,23626,0,0,0,0,0,0,0,0,0
201101,273,43900, ,Spartanburg  SC ,30,30,3160,0,0,0,0,0,0,0,0,0,30,30,3160,0,0,0,0,0,0,0,0,0
201101,274,25060, ,Gulfport-Biloxi  MS ,84,84,11793,1,2,122,1,3,191,1,16,1010,62,62,8874,0,0,0,0,0,0,0,0,0
201101,274,37700, ,Pascagoula  MS ,35,35,5170,0,0,0,0,0,0,0,0,0,20,20,2935,0,0,0,0,0,0,0,0,0
201101,276,25420, ,Harrisburg-Carlisle  PA ,51,51,8843,1,2,267,0,0,0,0,0,0,39,39,6134,1,2,267,0,0,0,0,0,0
201101,276,30140, ,Lebanon  PA ,28,28,4435,0,0,0,0,0,0,0,0,0,25,25,3895,0,0,0,0,0,0,0,0,0
201101,278,25540, ,Hartford-West Hartford-East Hartford  CT ,29,29,6067,0,0,0,0,0,0,1,5,65,17,17,3989,0,0,0,0,0,0,0,0,0
201101,288,26420,C,Houston-Sugar Land-Baytown  TX ,1458,1458,271857,2,4,800,0,0,0,2,42,3379,1156,1156,217518,2,4,800,0,0,0,0,0,0
201101,290,19460, ,Decatur  AL ,2,2,335,0,0,0,0,0,0,0,0,0,0,0,0,0,0,0,0,0,0,0,0,0
201101,290,26620, ,Huntsville  AL ,114,114,14272,0,0,0,0,0,0,1,28,1217,96,96,8047,0,0,0,0,0,0,0,0,0
201101,292,26820, ,Idaho Falls  ID ,13,13,1470,0,0,0,0,0,0,0,0,0,13,13,1470,0,0,0,0,0,0,0,0,0
201101,294,11300, ,Anderson  IN ,3,3,663,0,0,0,0,0,0,0,0,0,2,2,404,0,0,0,0,0,0,0,0,0
201101,294,18020, ,Columbus  IN ,5,5,1055,0,0,0,0,0,0,0,0,0,5,5,1055,0,0,0,0,0,0,0,0,0
201101,294,26900,C,Indianapolis-Carmel  IN ,178,178,34031,1,2,150,0,0,0,21,270,17637,174,174,33435,1,2,150,0,0,0,21,270,17637
201101,296,27060, ,Ithaca  NY ,1,1,168,0,0,0,0,0,0,0,0,0,0,0,0,0,0,0,0,0,0,0,0,0
201101,297,27180, ,Jackson  TN ,5,5,1135,0,0,0,0,0,0,0,0,0,5,5,1135,0,0,0,0,0,0,0,0,0
201101,298,27140, ,Jackson  MS ,48,48,10800,0,0,0,0,0,0,0,0,0,45,45,10473,0,0,0,0,0,0,0,0,0
201101,304,27740, ,Johnson City  TN ,20,20,3013,0,0,0,0,0,0,0,0,0,9,9,1357,0,0,0,0,0,0,0,0,0
201101,304,28700, ,Kingsport-Bristol-Bristol  TN-VA ,15,15,2265,2,4,416,0,0,0,0,0,0,4,4,560,2,4,416,0,0,0,0,0,0
201101,308,27860, ,Jonesboro  AR ,11,11,881,0,0,0,0,0,0,0,0,0,10,10,800,0,0,0,0,0,0,0,0,0
201101,312,28140,C,Kansas City  MO-KS ,77,77,18222,0,0,0,1,3,403,2,59,3372,47,47,11463,0,0,0,0,0,0,0,0,0
201101,314,28940, ,Knoxville  TN ,74,74,12857,0,0,0,1,4,699,0,0,0,71,71,12411,0,0,0,1,4,699,0,0,0
201101,314,34100, ,Morristown  TN ,8,8,1636,0,0,0,0,0,0,0,0,0,6,6,1432,0,0,0,0,0,0,0,0,0
201101,316,29020, ,Kokomo  IN ,2,2,270,0,0,0,0,0,0,0,0,0,2,2,270,0,0,0,0,0,0,0,0,0
201101,318,29180, ,Lafayette  LA ,43,43,7287,0,0,0,0,0,0,1,5,244,20,20,4251,0,0,0,0,0,0,0,0,0
201101,320,29140, ,Lafayette  IN ,8,8,1731,0,0,0,0,0,0,0,0,0,8,8,1731,0,0,0,0,0,0,0,0,0
201101,324,29340, ,Lake Charles  LA ,104,104,17711,0,0,0,0,0,0,0,0,0,104,104,17711,0,0,0,0,0,0,0,0,0
201101,330,29620, ,Lansing-East Lansing  MI ,17,17,3535,0,0,0,0,0,0,0,0,0,12,12,2378,0,0,0,0,0,0,0,0,0
201101,332,29820,C,Las Vegas-Paradise  NV ,228,228,33449,0,0,0,2,6,522,6,338,17302,228,228,33449,0,0,0,2,6,522,6,338,17302
201101,336,30460, ,Lexington-Fayette  KY ,76,76,10046,0,0,0,0,0,0,1,25,1398,3,3,270,0,0,0,0,0,0,0,0,0
201101,338,30620, ,Lima  OH ,0,0,0,0,0,0,0,0,0,0,0,0,0,0,0,0,0,0,0,0,0,0,0,0
201101,340,30780, ,Little Rock-North Little Rock-Conway  AR ,110,110,17991,0,0,0,0,0,0,8,168,9440,108,108,17758,0,0,0,0,0,0,8,168,9440
201101,340,38220, ,Pine Bluff  AR ,1,1,104,3,6,314,0,0,0,0,0,0,0,0,0,2,4,186,0,0,0,0,0,0
201101,346,30980, ,Longview  TX ,7,7,1283,0,0,0,0,0,0,0,0,0,0,0,0,0,0,0,0,0,0,0,0,0
201101,348,31100,C,Los Angeles-Long Beach-Santa Ana  CA ,384,384,131344,14,28,4831,12,39,7380,13,206,25491,358,358,121453,13,26,4600,12,39,7380,12,201,25052
201101,348,37100, ,Oxnard-Thousand Oaks-Ventura  CA ,7,7,2959,0,0,0,0,0,0,1,5,537,2,2,1404,0,0,0,0,0,0,0,0,0
201101,348,40140,C,Riverside-San Bernardino-Ontario  CA ,171,171,39263,1,2,83,0,0,0,8,55,4346,148,148,33415,1,2,83,0,0,0,5,40,3066
201101,350,21060, ,Elizabethtown  KY ,5,5,753,0,0,0,0,0,0,0,0,0,5,5,753,0,0,0,0,0,0,0,0,0
201101,350,31140,C,Louisville-Jefferson County  KY-IN ,75,75,14915,0,0,0,0,0,0,1,28,1290,63,63,12625,0,0,0,0,0,0,1,28,1290
201101,352,31180, ,Lubbock  TX ,41,41,8956,0,0,0,0,0,0,0,0,0,41,41,8956,0,0,0,0,0,0,0,0,0
201101,356,31420, ,Macon  GA ,7,7,1106,0,0,0,0,0,0,0,0,0,7,7,1106,0,0,0,0,0,0,0,0,0
201101,356,47580, ,Warner Robins  GA ,43,43,7489,0,0,0,0,0,0,0,0,0,43,43,7489,0,0,0,0,0,0,0,0,0
201101,358,31540,C,Madison  WI ,39,39,9817,1,2,480,0,0,0,1,38,4042,28,28,7816,0,0,0,0,0,0,0,0,0
201101,360,31900, ,Mansfield  OH ,0,0,0,0,0,0,0,0,0,0,0,0,0,0,0,0,0,0,0,0,0,0,0,0
201101,372,33260,C,Midland  TX ,16,16,3601,0,0,0,0,0,0,0,0,0,16,16,3601,0,0,0,0,0,0,0,0,0
201101,372,36220,C,Odessa  TX ,15,15,2928,0,0,0,0,0,0,0,0,0,15,15,2928,0,0,0,0,0,0,0,0,0
201101,376,33340,C,Milwaukee-Waukesha-West Allis  WI ,54,54,15997,1,2,290,0,0,0,1,80,7557,51,51,14435,1,2,290,0,0,0,1,80,7557
201101,376,39540, ,Racine  WI ,4,4,840,0,0,0,0,0,0,0,0,0,4,4,840,0,0,0,0,0,0,0,0,0
201101,378,33460,C,Minneapolis-St. Paul-Bloomington  MN-WI ,157,157,46750,0,0,0,0,0,0,1,8,1084,152,152,44178,0,0,0,0,0,0,1,8,1084
201101,378,41060, ,St. Cloud  MN ,6,6,1171,0,0,0,0,0,0,0,0,0,3,3,766,0,0,0,0,0,0,0,0,0
201101,380,33660, ,Mobile  AL ,44,44,8253,0,0,0,0,0,0,0,0,0,44,44,8253,0,0,0,0,0,0,0,0,0
201101,384,33740, ,Monroe  LA ,11,11,2019,0,0,0,0,0,0,0,0,0,1,1,300,0,0,0,0,0,0,0,0,0
201101,388,33860, ,Montgomery  AL ,30,30,4051,0,0,0,0,0,0,1,5,122,25,25,3543,0,0,0,0,0,0,0,0,0
201101,396,34820, ,Myrtle Beach-North Myrtle Beach-Conway  SC ,81,81,15671,0,0,0,0,0,0,0,0,0,81,81,15671,0,0,0,0,0,0,0,0,0
201101,400,34980,C,Nashville-Davidson--Murfreesboro-Franklin  TN ,227,227,41320,0,0,0,0,0,0,1,17,975,187,187,34521,0,0,0,0,0,0,0,0,0
201101,406,35380,C,New Orleans-Metairie-Kenner  LA ,131,131,30457,5,10,800,0,0,0,0,0,0,115,115,27875,5,10,800,0,0,0,0,0,0
201101,408,14860, ,Bridgeport-Stamford-Norwalk  CT ,37,37,16803,2,4,296,0,0,0,1,5,255,25,25,10108,1,2,125,0,0,0,0,0,0
201101,408,28740, ,Kingston  NY ,3,3,779,0,0,0,0,0,0,0,0,0,2,2,600,0,0,0,0,0,0,0,0,0
201101,408,35300, ,New Haven-Milford  CT ,12,12,2430,0,0,0,0,0,0,1,8,356,10,10,2138,0,0,0,0,0,0,1,8,356
201101,408,35620,C,New York-Northern New Jersey-Long Island  NY-NJ-PA ,414,414,113731,40,80,8399,14,47,22738,23,693,67648,267,267,80566,31,62,6627,12,41,22180,11,631,60478
201101,408,39100, ,Poughkeepsie-Newburgh-Middletown  NY ,21,21,3970,0,0,0,0,0,0,12,89,10059,16,16,3416,0,0,0,0,0,0,11,84,9804
201101,408,45940,C,Trenton-Ewing  NJ ,4,4,1119,0,0,0,0,0,0,11,55,44,3,3,548,0,0,0,0,0,0,11,55,44
201101,416,36420,C,Oklahoma City  OK ,212,212,38544,3,6,524,0,0,0,3,24,1229,85,85,18579,2,4,358,0,0,0,1,6,490
201101,420,36540,C,Omaha-Council Bluffs  NE-IA ,91,91,15578,0,0,0,0,0,0,0,0,0,85,85,14738,0,0,0,0,0,0,0,0,0
201101,422,19660,C,Deltona-Daytona Beach-Ormond Beach  FL ,30,30,7153,0,0,0,0,0,0,1,5,490,19,19,4439,0,0,0,0,0,0,0,0,0
201101,422,36740,C,Orlando-Kissimmee-Sanford  FL ,325,325,57031,0,0,0,2,8,593,13,505,48313,308,308,52588,0,0,0,2,8,593,13,505,48313
201101,422,37380, ,Palm Coast  FL ,17,17,5508,0,0,0,0,0,0,0,0,0,17,17,5508,0,0,0,0,0,0,0,0,0
201101,426,37900, ,Peoria  IL ,13,13,2915,0,0,0,0,0,0,0,0,0,10,10,2224,0,0,0,0,0,0,0,0,0
201101,428,37980,C,Philadelphia-Camden-Wilmington  PA-NJ-DE-MD ,340,340,56982,8,16,1350,7,21,1157,9,54,5221,255,255,41518,8,16,1350,5,15,475,2,16,1375
201101,428,39740, ,Reading  PA ,23,23,3912,0,0,0,0,0,0,0,0,0,21,21,3462,0,0,0,0,0,0,0,0,0
201101,428,47220,C,Vineland-Millville-Bridgeton  NJ ,17,17,1426,0,0,0,0,0,0,0,0,0,14,14,1051,0,0,0,0,0,0,0,0,0
201101,430,38300,C,Pittsburgh  PA ,306,306,79273,1,2,277,1,4,620,0,0,0,233,233,64649,1,2,277,1,4,620,0,0,0
201101,438,30340, ,Lewiston-Auburn  ME ,8,8,1381,0,0,0,0,0,0,0,0,0,4,4,888,0,0,0,0,0,0,0,0,0
201101,438,38860, ,Portland-South Portland-Biddeford  ME ,45,45,10362,1,2,362,0,0,0,0,0,0,27,27,6641,0,0,0,0,0,0,0,0,0
201101,442,38940,C,Port St. Lucie  FL ,32,32,8282,0,0,0,0,0,0,0,0,0,30,30,7974,0,0,0,0,0,0,0,0,0
201101,442,42680,C,Sebastian-Vero Beach  FL ,18,18,10044,0,0,0,0,0,0,0,0,0,18,18,10044,0,0,0,0,0,0,0,0,0
201101,450,20500,C,Durham-Chapel Hill  NC ,110,110,22080,0,0,0,0,0,0,2,31,4067,109,109,21687,0,0,0,0,0,0,0,0,0
201101,450,39580,C,Raleigh-Cary  NC ,271,271,60347,0,0,0,0,0,0,1,20,3166,265,265,59536,0,0,0,0,0,0,1,20,3166
201101,456,39900,C,Reno-Sparks  NV ,51,51,10359,0,0,0,0,0,0,0,0,0,50,50,10200,0,0,0,0,0,0,0,0,0
201101,464,40380, ,Rochester  NY ,43,43,9068,5,10,500,8,31,3495,3,17,917,32,32,6946,5,10,500,7,28,2949,2,12,500
201101,466,40420, ,Rockford  IL ,7,7,780,0,0,0,0,0,0,0,0,0,6,6,638,0,0,0,0,0,0,0,0,0
201101,472,40900,C,Sacramento--Arden-Arcade--Roseville  CA ,111,111,34514,0,0,0,0,0,0,0,0,0,110,110,34283,0,0,0,0,0,0,0,0,0
201101,472,49700, ,Yuba City  CA ,8,8,1277,0,0,0,0,0,0,0,0,0,6,6,824,0,0,0,0,0,0,0,0,0
201101,474,13020, ,Bay City  MI ,0,0,0,0,0,0,0,0,0,0,0,0,0,0,0,0,0,0,0,0,0,0,0,0
201101,474,40980, ,Saginaw-Saginaw Township North  MI ,1,1,192,0,0,0,0,0,0,0,0,0,1,1,192,0,0,0,0,0,0,0,0,0
201101,476,41180,C,St. Louis  MO-IL ,172,172,33008,0,0,0,14,42,8332,1,5,289,148,148,27972,0,0,0,14,42,8332,0,0,0
201101,480,41540, ,Salisbury  MD ,3,3,372,0,0,0,0,0,0,0,0,0,3,3,372,0,0,0,0,0,0,0,0,0
201101,482,36260, ,Ogden-Clearfield  UT ,55,55,12966,0,0,0,1,4,821,0,0,0,54,54,12757,0,0,0,1,4,821,0,0,0
201101,482,41620,C,Salt Lake City  UT ,129,129,28449,1,2,198,1,4,567,7,41,2891,121,121,27336,0,0,0,1,4,567,5,29,2163
201101,488,34900, ,Napa  CA ,0,0,0,0,0,0,0,0,0,0,0,0,0,0,0,0,0,0,0,0,0,0,0,0
201101,488,41860,C,San Francisco-Oakland-Fremont  CA ,172,172,58473,4,8,1709,1,3,1200,3,170,54111,163,163,55231,4,8,1709,1,3,1200,2,165,53658
201101,488,41940,C,San Jose-Sunnyvale-Santa Clara  CA ,99,99,22789,0,0,0,0,0,0,1,5,1029,92,92,19877,0,0,0,0,0,0,0,0,0
201101,488,42100, ,Santa Cruz-Watsonville  CA ,5,5,1284,0,0,0,0,0,0,0,0,0,0,0,0,0,0,0,0,0,0,0,0,0
201101,488,42220, ,Santa Rosa-Petaluma  CA ,40,40,10166,0,0,0,0,0,0,3,44,3601,40,40,10166,0,0,0,0,0,0,3,44,3601
201101,488,46700, ,Vallejo-Fairfield  CA ,38,38,8710,0,0,0,0,0,0,0,0,0,38,38,8710,0,0,0,0,0,0,0,0,0
201101,492,42140,C,Santa Fe  NM ,7,7,933,0,0,0,0,0,0,0,0,0,0,0,0,0,0,0,0,0,0,0,0,0
201101,494,35840,C,North Port-Bradenton-Sarasota  FL ,111,111,29356,0,0,0,1,4,628,3,46,5177,111,111,29356,0,0,0,1,4,628,3,46,5177
201101,494,39460,C,Punta Gorda  FL ,24,24,3947,2,4,300,0,0,0,0,0,0,24,24,3947,2,4,300,0,0,0,0,0,0
201101,496,25980, ,Hinesville-Fort Stewart  GA ,5,5,1146,0,0,0,0,0,0,0,0,0,5,5,1146,0,0,0,0,0,0,0,0,0
201101,496,42340, ,Savannah  GA ,83,83,9214,0,0,0,0,0,0,0,0,0,83,83,9214,0,0,0,0,0,0,0,0,0
201101,500,14740, ,Bremerton-Silverdale  WA ,13,13,2570,0,0,0,0,0,0,0,0,0,13,13,2570,0,0,0,0,0,0,0,0,0
201101,500,34580, ,Mount Vernon-Anacortes  WA ,9,9,1978,0,0,0,0,0,0,0,0,0,8,8,1778,0,0,0,0,0,0,0,0,0
201101,500,36500, ,Olympia  WA ,51,51,11988,0,0,0,0,0,0,0,0,0,51,51,11988,0,0,0,0,0,0,0,0,0
201101,500,42660,C,Seattle-Tacoma-Bellevue  WA ,564,564,132403,4,8,1320,1,4,477,2,29,3019,548,548,127186,4,8,1320,1,4,477,1,24,2515
201101,508,43340, ,Shreveport-Bossier City  LA ,86,86,18030,0,0,0,0,0,0,1,19,1157,61,61,15047,0,0,0,0,0,0,0,0,0
201101,512,43580, ,Sioux City  IA-NE-SD ,3,3,864,0,0,0,0,0,0,0,0,0,0,0,0,0,0,0,0,0,0,0,0,0
201101,515,21140, ,Elkhart-Goshen  IN ,8,8,1643,0,0,0,0,0,0,0,0,0,8,8,1643,0,0,0,0,0,0,0,0,0
201101,515,43780, ,South Bend-Mishawaka  IN-MI ,4,4,804,0,0,0,0,0,0,0,0,0,4,4,804,0,0,0,0,0,0,0,0,0
201101,532,45060, ,Syracuse  NY ,18,18,3870,0,0,0,0,0,0,0,0,0,18,18,3870,0,0,0,0,0,0,0,0,0
201101,534,45780, ,Toledo  OH ,25,25,4615,0,0,0,0,0,0,0,0,0,21,21,3716,0,0,0,0,0,0,0,0,0
201101,538,46140,C,Tulsa  OK ,128,128,23558,0,0,0,0,0,0,0,0,0,120,120,22363,0,0,0,0,0,0,0,0,0
201101,540,46340, ,Tyler  TX ,8,8,1412,0,0,0,0,0,0,1,5,231,0,0,0,0,0,0,0,0,0,0,0,0
201101,548,12580,C,Baltimore-Towson  MD ,306,306,55382,0,0,0,1,3,269,2,60,23715,238,238,41482,0,0,0,0,0,0,0,0,0
201101,548,47900,C,Washington-Arlington-Alexandria  DC-VA-MD-WV ,631,631,119381,3,6,527,0,0,0,7,809,47702,567,567,106299,3,6,527,0,0,0,5,789,44937
201101,548,49020, ,Winchester  VA-WV ,17,17,2651,0,0,0,0,0,0,0,0,0,17,17,2651,0,0,0,0,0,0,0,0,0
201101,554,48140, ,Wausau  WI ,6,6,1130,0,0,0,0,0,0,0,0,0,2,2,360,0,0,0,0,0,0,0,0,0
201101,556,48620, ,Wichita  KS ,43,43,4990,1,2,160,0,0,0,0,0,0,42,42,4835,0,0,0,0,0,0,0,0,0
201101,558,48700, ,Williamsport  PA ,0,0,0,0,0,0,0,0,0,0,0,0,0,0,0,0,0,0,0,0,0,0,0,0
201101,564,49620, ,York-Hanover  PA ,50,50,8681,0,0,0,0,0,0,0,0,0,45,45,7779,0,0,0,0,0,0,0,0,0
201101,566,49660, ,Youngstown-Warren-Boardman  OH-PA ,11,11,2339,0,0,0,0,0,0,0,0,0,3,3,470,0,0,0,0,0,0,0,0,0
201101,999,10180, ,Abilene  TX ,17,17,2940,0,0,0,0,0,0,0,0,0,17,17,2940,0,0,0,0,0,0,0,0,0
201101,999,10500, ,Albany  GA ,10,10,1073,0,0,0,0,0,0,0,0,0,1,1,49,0,0,0,0,0,0,0,0,0
201101,999,10740,C,Albuquerque  NM ,90,90,15643,0,0,0,1,3,253,1,9,699,1,1,234,0,0,0,0,0,0,0,0,0
201101,999,10780, ,Alexandria  LA ,19,19,2965,3,6,377,0,0,0,0,0,0,8,8,1127,2,4,170,0,0,0,0,0,0
201101,999,10900,C,Allentown-Bethlehem-Easton  PA-NJ ,142,142,24702,0,0,0,0,0,0,0,0,0,122,122,20781,0,0,0,0,0,0,0,0,0
201101,999,11020, ,Altoona  PA ,3,3,589,0,0,0,0,0,0,0,0,0,3,3,589,0,0,0,0,0,0,0,0,0
201101,999,11100, ,Amarillo  TX ,45,45,11699,0,0,0,0,0,0,0,0,0,45,45,11699,0,0,0,0,0,0,0,0,0
201101,999,11260,C,Anchorage  AK ,22,22,6792,0,0,0,0,0,0,0,0,0,21,21,6652,0,0,0,0,0,0,0,0,0
201101,999,11500, ,Anniston-Oxford  AL ,4,4,545,0,0,0,0,0,0,0,0,0,4,4,545,0,0,0,0,0,0,0,0,0
201101,999,12020, ,Athens-Clarke County  GA ,2,2,464,0,0,0,0,0,0,0,0,0,2,2,464,0,0,0,0,0,0,0,0,0
201101,999,12100,C,Atlantic City-Hammonton  NJ ,32,32,5623,0,0,0,1,3,18,0,0,0,20,20,4155,0,0,0,0,0,0,0,0,0
201101,999,12260, ,Augusta-Richmond County  GA-SC ,113,113,19046,0,0,0,0,0,0,0,0,0,45,45,8956,0,0,0,0,0,0,0,0,0
201101,999,12540, ,Bakersfield-Delano  CA ,84,84,16607,0,0,0,0,0,0,0,0,0,13,13,1989,0,0,0,0,0,0,0,0,0
201101,999,12620, ,Bangor  ME ,4,4,744,0,0,0,0,0,0,0,0,0,3,3,565,0,0,0,0,0,0,0,0,0
201101,999,12700, ,Barnstable Town  MA ,14,14,4156,0,0,0,1,3,350,0,0,0,8,8,2555,0,0,0,1,3,350,0,0,0
201101,999,12980, ,Battle Creek  MI ,0,0,0,0,0,0,0,0,0,0,0,0,0,0,0,0,0,0,0,0,0,0,0,0
201101,999,13140, ,Beaumont-Port Arthur  TX ,25,25,3990,0,0,0,0,0,0,0,0,0,25,25,3990,0,0,0,0,0,0,0,0,0
201101,999,13380, ,Bellingham  WA ,12,12,3059,0,0,0,0,0,0,1,5,866,8,8,2036,0,0,0,0,0,0,0,0,0
201101,999,13740, ,Billings  MT ,6,6,1310,0,0,0,0,0,0,0,0,0,6,6,1310,0,0,0,0,0,0,0,0,0
201101,999,13780, ,Binghamton  NY ,0,0,0,0,0,0,0,0,0,0,0,0,0,0,0,0,0,0,0,0,0,0,0,0
201101,999,13900, ,Bismarck  ND ,4,4,555,0,0,0,0,0,0,0,0,0,2,2,290,0,0,0,0,0,0,0,0,0
201101,999,14020, ,Bloomington  IN ,6,6,961,0,0,0,0,0,0,0,0,0,6,6,961,0,0,0,0,0,0,0,0,0
201101,999,14060, ,Bloomington-Normal  IL ,7,7,1317,0,0,0,0,0,0,6,89,8175,7,7,1317,0,0,0,0,0,0,6,89,8175
201101,999,14260,C,Boise City-Nampa  ID ,90,90,22554,0,0,0,0,0,0,0,0,0,90,90,22554,0,0,0,0,0,0,0,0,0
201101,999,14540, ,Bowling Green  KY ,21,21,3840,0,0,0,4,16,787,0,0,0,21,21,3840,0,0,0,4,16,787,0,0,0
201101,999,15260, ,Brunswick  GA ,23,23,5673,0,0,0,0,0,0,0,0,0,2,2,263,0,0,0,0,0,0,0,0,0
201101,999,15540, ,Burlington-South Burlington  VT ,11,11,2281,1,2,212,1,3,277,1,6,619,5,5,982,1,2,212,0,0,0,1,6,619
201101,999,15940, ,Canton-Massillon  OH ,10,10,1782,0,0,0,0,0,0,0,0,0,1,1,112,0,0,0,0,0,0,0,0,0
201101,999,15980,C,Cape Coral-Fort Myers  FL ,85,85,15225,0,0,0,0,0,0,0,0,0,85,85,15225,0,0,0,0,0,0,0,0,0
201101,999,16180,C,Carson City  NV ,0,0,0,0,0,0,0,0,0,0,0,0,0,0,0,0,0,0,0,0,0,0,0,0
201101,999,16220, ,Casper  WY ,9,9,1349,0,0,0,0,0,0,0,0,0,9,9,1349,0,0,0,0,0,0,0,0,0
201101,999,16300, ,Cedar Rapids  IA ,12,12,1159,0,0,0,0,0,0,0,0,0,12,12,1159,0,0,0,0,0,0,0,0,0
201101,999,16580, ,Champaign-Urbana  IL ,3,3,681,0,0,0,0,0,0,0,0,0,3,3,681,0,0,0,0,0,0,0,0,0
201101,999,16620, ,Charleston  WV ,6,6,1086,0,0,0,0,0,0,0,0,0,1,1,200,0,0,0,0,0,0,0,0,0
201101,999,16700,C,Charleston-North Charleston-Summerville  SC ,207,207,43903,0,0,0,0,0,0,1,12,601,130,130,33332,0,0,0,0,0,0,0,0,0
201101,999,16820, ,Charlottesville  VA ,40,40,8405,0,0,0,0,0,0,0,0,0,40,40,8405,0,0,0,0,0,0,0,0,0
201101,999,16940, ,Cheyenne  WY ,11,11,1861,0,0,0,0,0,0,1,13,1077,0,0,0,0,0,0,0,0,0,0,0,0
201101,999,17020, ,Chico  CA ,12,12,2608,0,0,0,0,0,0,1,5,428,4,4,937,0,0,0,0,0,0,0,0,0
201101,999,17300, ,Clarksville  TN-KY ,57,57,5918,0,0,0,1,3,125,0,0,0,57,57,5918,0,0,0,1,3,125,0,0,0
201101,999,17660, ,Coeur dAlene  ID ,25,25,4188,0,0,0,0,0,0,0,0,0,8,8,1700,0,0,0,0,0,0,0,0,0
201101,999,17780, ,College Station-Bryan  TX ,49,49,6608,0,0,0,0,0,0,0,0,0,14,14,1736,0,0,0,0,0,0,0,0,0
201101,999,17820,C,Colorado Springs  CO ,86,86,31165,0,0,0,0,0,0,0,0,0,86,86,31165,0,0,0,0,0,0,0,0,0
201101,999,17860, ,Columbia  MO ,12,12,3067,0,0,0,0,0,0,1,8,800,12,12,3067,0,0,0,0,0,0,1,8,800
201101,999,18880, ,Crestview-Fort Walton Beach-Destin  FL ,21,21,7623,0,0,0,0,0,0,0,0,0,21,21,7623,0,0,0,0,0,0,0,0,0
201101,999,19060, ,Cumberland  MD-WV ,3,3,334,0,0,0,0,0,0,0,0,0,3,3,334,0,0,0,0,0,0,0,0,0
201101,999,19140,C,Dalton  GA ,7,7,793,0,0,0,0,0,0,0,0,0,3,3,350,0,0,0,0,0,0,0,0,0
201101,999,19180, ,Danville  IL ,0,0,0,0,0,0,0,0,0,0,0,0,0,0,0,0,0,0,0,0,0,0,0,0
201101,999,19260, ,Danville  VA ,4,4,497,0,0,0,0,0,0,1,5,295,0,0,0,0,0,0,0,0,0,0,0,0
201101,999,19340, ,Davenport-Moline-Rock Island  IA-IL ,11,11,2229,0,0,0,0,0,0,1,9,403,7,7,1627,0,0,0,0,0,0,0,0,0
201101,999,19500, ,Decatur  IL ,0,0,0,0,0,0,0,0,0,0,0,0,0,0,0,0,0,0,0,0,0,0,0,0
201101,999,20100,C,Dover  DE ,39,39,5086,0,0,0,0,0,0,3,31,1841,2,2,251,0,0,0,0,0,0,2,26,1526
201101,999,20220, ,Dubuque  IA ,7,7,1352,0,0,0,0,0,0,0,0,0,7,7,1352,0,0,0,0,0,0,0,0,0
201101,999,20260, ,Duluth  MN-WI ,6,6,962,0,0,0,0,0,0,0,0,0,5,5,805,0,0,0,0,0,0,0,0,0
201101,999,20940, ,El Centro  CA ,9,9,1571,0,0,0,0,0,0,0,0,0,0,0,0,0,0,0,0,0,0,0,0,0
201101,999,21300, ,Elmira  NY ,1,1,118,0,0,0,0,0,0,0,0,0,0,0,0,0,0,0,0,0,0,0,0,0
201101,999,21340, ,El Paso  TX ,231,231,48418,0,0,0,5,20,3180,0,0,0,231,231,48418,0,0,0,5,20,3180,0,0,0
201101,999,21500, ,Erie  PA ,4,4,887,0,0,0,0,0,0,0,0,0,4,4,887,0,0,0,0,0,0,0,0,0
201101,999,21660, ,Eugene-Springfield  OR ,27,27,5762,0,0,0,0,0,0,2,15,1635,14,14,2691,0,0,0,0,0,0,2,15,1635
201101,999,21780, ,Evansville  IN-KY ,16,16,1978,1,2,35,0,0,0,0,0,0,10,10,1078,1,2,35,0,0,0,0,0,0
201101,999,21820,C,Fairbanks  AK ,2,2,366,0,0,0,0,0,0,0,0,0,0,0,0,0,0,0,0,0,0,0,0,0
201101,999,22140,C,Farmington  NM ,5,5,895,0,0,0,0,0,0,0,0,0,5,5,895,0,0,0,0,0,0,0,0,0
201101,999,22180, ,Fayetteville  NC ,118,118,19369,0,0,0,0,0,0,6,60,1946,118,118,19369,0,0,0,0,0,0,6,60,1946
201101,999,22220, ,Fayetteville-Springdale-Rogers  AR-MO ,55,55,12127,1,2,188,0,0,0,4,46,3275,31,31,6736,1,2,188,0,0,0,2,10,550
201101,999,22380, ,Flagstaff  AZ ,6,6,1122,0,0,0,0,0,0,0,0,0,6,6,1122,0,0,0,0,0,0,0,0,0
201101,999,22500, ,Florence  SC ,21,21,2684,1,2,102,0,0,0,0,0,0,5,5,741,0,0,0,0,0,0,0,0,0
201101,999,22520, ,Florence-Muscle Shoals  AL ,10,10,1113,0,0,0,0,0,0,0,0,0,6,6,638,0,0,0,0,0,0,0,0,0
201101,999,22660,C,Fort Collins-Loveland  CO ,47,47,10459,0,0,0,1,4,415,1,6,586,46,46,10121,0,0,0,1,4,415,1,6,586
201101,999,22900, ,Fort Smith  AR-OK ,29,29,4981,1,2,132,0,0,0,0,0,0,25,25,4568,1,2,132,0,0,0,0,0,0
201101,999,23460, ,Gadsden  AL ,2,2,239,0,0,0,0,0,0,1,8,503,0,0,0,0,0,0,0,0,0,1,8,503
201101,999,23540, ,Gainesville  FL ,22,22,4214,0,0,0,0,0,0,0,0,0,22,22,4214,0,0,0,0,0,0,0,0,0
201101,999,24140, ,Goldsboro  NC ,10,10,1468,0,0,0,0,0,0,0,0,0,10,10,1468,0,0,0,0,0,0,0,0,0
201101,999,24220, ,Grand Forks  ND-MN ,0,0,0,0,0,0,0,0,0,0,0,0,0,0,0,0,0,0,0,0,0,0,0,0
201101,999,24300,C,Grand Junction  CO ,21,21,4323,0,0,0,0,0,0,0,0,0,21,21,4323,0,0,0,0,0,0,0,0,0
201101,999,24500, ,Great Falls  MT ,2,2,390,0,0,0,0,0,0,0,0,0,2,2,390,0,0,0,0,0,0,0,0,0
201101,999,24580, ,Green Bay  WI ,12,12,1634,0,0,0,0,0,0,1,5,188,3,3,494,0,0,0,0,0,0,0,0,0
201101,999,24780, ,Greenville  NC ,21,21,3349,0,0,0,0,0,0,0,0,0,21,21,3349,0,0,0,0,0,0,0,0,0
201101,999,25180, ,Hagerstown-Martinsburg  MD-WV ,27,27,5581,0,0,0,0,0,0,0,0,0,27,27,5581,0,0,0,0,0,0,0,0,0
201101,999,25260, ,Hanford-Corcoran  CA ,6,6,873,0,0,0,0,0,0,0,0,0,0,0,0,0,0,0,0,0,0,0,0,0
201101,999,25500,C,Harrisonburg  VA ,19,19,3072,0,0,0,0,0,0,0,0,0,0,0,0,0,0,0,0,0,0,0,0,0
201101,999,25620, ,Hattiesburg  MS ,2,2,260,0,0,0,0,0,0,0,0,0,2,2,260,0,0,0,0,0,0,0,0,0
201101,999,25860, ,Hickory-Lenoir-Morganton  NC ,34,34,6587,1,2,169,0,0,0,0,0,0,13,13,2584,0,0,0,0,0,0,0,0,0
201101,999,26180,C,Honolulu  HI ,50,50,29081,0,0,0,0,0,0,0,0,0,50,50,29081,0,0,0,0,0,0,0,0,0
201101,999,26300, ,Hot Springs  AR ,4,4,953,0,0,0,0,0,0,0,0,0,4,4,953,0,0,0,0,0,0,0,0,0
201101,999,26380, ,Houma-Bayou Cane-Thibodaux  LA ,27,27,6366,0,0,0,0,0,0,0,0,0,27,27,6366,0,0,0,0,0,0,0,0,0
201101,999,26580, ,Huntington-Ashland  WV-KY-OH ,1,1,113,0,0,0,0,0,0,0,0,0,0,0,0,0,0,0,0,0,0,0,0,0
201101,999,26980, ,Iowa City  IA ,12,12,2388,0,0,0,0,0,0,2,48,1777,12,12,2388,0,0,0,0,0,0,2,48,1777
201101,999,27100, ,Jackson  MI ,1,1,109,0,0,0,0,0,0,0,0,0,0,0,0,0,0,0,0,0,0,0,0,0
201101,999,27260,C,Jacksonville  FL ,191,191,42871,1,2,150,0,0,0,1,120,9808,188,188,42348,1,2,150,0,0,0,1,120,9808
201101,999,27340, ,Jacksonville  NC ,131,131,15125,4,8,360,4,12,2809,0,0,0,125,125,14217,4,8,360,4,12,2809,0,0,0
201101,999,27500, ,Janesville  WI ,3,3,540,1,2,243,0,0,0,0,0,0,3,3,540,1,2,243,0,0,0,0,0,0
201101,999,27620, ,Jefferson City  MO ,7,7,1275,0,0,0,0,0,0,1,5,595,0,0,0,0,0,0,0,0,0,0,0,0
201101,999,27780, ,Johnstown  PA ,0,0,0,0,0,0,0,0,0,0,0,0,0,0,0,0,0,0,0,0,0,0,0,0
201101,999,27900, ,Joplin  MO ,2,2,275,0,0,0,0,0,0,0,0,0,2,2,275,0,0,0,0,0,0,0,0,0
201101,999,28020, ,Kalamazoo-Portage  MI ,12,12,2937,0,0,0,0,0,0,0,0,0,9,9,2481,0,0,0,0,0,0,0,0,0
201101,999,28420, ,Kennewick-Pasco-Richland  WA ,78,78,22503,0,0,0,0,0,0,0,0,0,30,30,7444,0,0,0,0,0,0,0,0,0
201101,999,28660, ,Killeen-Temple-Fort Hood  TX ,106,106,14733,7,14,591,0,0,0,0,0,0,94,94,12527,7,14,591,0,0,0,0,0,0
201101,999,29100, ,La Crosse  WI-MN ,16,16,1267,0,0,0,0,0,0,0,0,0,13,13,740,0,0,0,0,0,0,0,0,0
201101,999,29420, ,Lake Havasu City-Kingman  AZ ,16,16,3528,0,0,0,0,0,0,0,0,0,10,10,2206,0,0,0,0,0,0,0,0,0
201101,999,29460,C,Lakeland-Winter Haven  FL ,31,31,6356,0,0,0,0,0,0,0,0,0,28,28,5788,0,0,0,0,0,0,0,0,0
201101,999,29540, ,Lancaster  PA ,44,44,8600,0,0,0,0,0,0,0,0,0,41,41,8047,0,0,0,0,0,0,0,0,0
201101,999,29700,C,Laredo  TX ,50,50,6396,0,0,0,0,0,0,0,0,0,50,50,6396,0,0,0,0,0,0,0,0,0
201101,999,29740,C,Las Cruces  NM ,42,42,7961,0,0,0,0,0,0,0,0,0,28,28,5202,0,0,0,0,0,0,0,0,0
201101,999,29940, ,Lawrence  KS ,1,1,288,0,0,0,0,0,0,0,0,0,0,0,0,0,0,0,0,0,0,0,0,0
201101,999,30020, ,Lawton  OK ,9,9,1904,0,0,0,0,0,0,0,0,0,9,9,1904,0,0,0,0,0,0,0,0,0
201101,999,30300, ,Lewiston  ID-WA ,1,1,204,0,0,0,0,0,0,0,0,0,0,0,0,0,0,0,0,0,0,0,0,0
201101,999,30700, ,Lincoln  NE ,24,24,3919,0,0,0,0,0,0,1,5,366,0,0,0,0,0,0,0,0,0,0,0,0
201101,999,30860, ,Logan  UT-ID ,7,7,879,0,0,0,0,0,0,0,0,0,7,7,879,0,0,0,0,0,0,0,0,0
201101,999,31020, ,Longview  WA ,6,6,1253,0,0,0,0,0,0,0,0,0,5,5,1044,0,0,0,0,0,0,0,0,0
201101,999,31340, ,Lynchburg  VA ,25,25,4819,0,0,0,0,0,0,0,0,0,11,11,1735,0,0,0,0,0,0,0,0,0
201101,999,31740, ,Manhattan  KS ,17,17,3401,0,0,0,0,0,0,2,24,1652,17,17,3401,0,0,0,0,0,0,2,24,1652
201101,999,31860, ,Mankato-North Mankato  MN ,1,1,360,0,0,0,0,0,0,0,0,0,1,1,360,0,0,0,0,0,0,0,0,0
201101,999,32580,C,McAllen-Edinburg-Mission  TX ,219,219,32169,0,0,0,6,24,1678,0,0,0,214,214,31847,0,0,0,6,24,1678,0,0,0
201101,999,32780, ,Medford  OR ,23,23,4238,0,0,0,0,0,0,0,0,0,18,18,3487,0,0,0,0,0,0,0,0,0
201101,999,32820,C,Memphis  TN-MS-AR ,86,86,15256,0,0,0,0,0,0,0,0,0,69,69,12881,0,0,0,0,0,0,0,0,0
201101,999,32900, ,Merced  CA ,3,3,664,0,0,0,0,0,0,0,0,0,3,3,664,0,0,0,0,0,0,0,0,0
201101,999,33100,C,Miami-Fort Lauderdale-Pompano Beach  FL ,182,182,33639,1,2,148,1,3,534,6,81,6963,162,162,29864,1,2,148,0,0,0,3,57,5410
201101,999,33540,C,Missoula  MT ,5,5,670,0,0,0,1,3,68,0,0,0,5,5,670,0,0,0,1,3,68,0,0,0
201101,999,33700, ,Modesto  CA ,5,5,1215,0,0,0,0,0,0,0,0,0,4,4,962,0,0,0,0,0,0,0,0,0
201101,999,34060, ,Morgantown  WV ,2,2,374,0,0,0,0,0,0,1,5,250,0,0,0,0,0,0,0,0,0,0,0,0
201101,999,34620, ,Muncie  IN ,2,2,175,0,0,0,0,0,0,0,0,0,2,2,175,0,0,0,0,0,0,0,0,0
201101,999,34940,C,Naples-Marco Island  FL ,45,45,24029,0,0,0,1,4,929,1,12,1983,8,8,13645,0,0,0,0,0,0,0,0,0
201101,999,35660, ,Niles-Benton Harbor  MI ,1,1,172,0,0,0,0,0,0,0,0,0,1,1,172,0,0,0,0,0,0,0,0,0
201101,999,35980, ,Norwich-New London  CT ,7,7,1330,0,0,0,0,0,0,0,0,0,4,4,749,0,0,0,0,0,0,0,0,0
201101,999,36100,C,Ocala  FL ,18,18,2808,0,0,0,0,0,0,0,0,0,18,18,2808,0,0,0,0,0,0,0,0,0
201101,999,36140,C,Ocean City  NJ ,34,34,7934,7,14,2477,0,0,0,0,0,0,33,33,7731,7,14,2477,0,0,0,0,0,0
201101,999,36980, ,Owensboro  KY ,16,16,1083,0,0,0,0,0,0,0,0,0,16,16,1083,0,0,0,0,0,0,0,0,0
201101,999,37340,C,Palm Bay-Melbourne-Titusville  FL ,72,72,18154,0,0,0,0,0,0,3,15,438,72,72,18154,0,0,0,0,0,0,3,15,438
201101,999,37460, ,Panama City-Lynn Haven-Panama City Beach  FL ,16,16,2107,0,0,0,0,0,0,0,0,0,16,16,2107,0,0,0,0,0,0,0,0,0
201101,999,37620, ,Parkersburg-Marietta-Vienna  WV-OH ,3,3,486,0,0,0,0,0,0,0,0,0,2,2,290,0,0,0,0,0,0,0,0,0
201101,999,37860,C,Pensacola-Ferry Pass-Brent  FL ,104,104,18048,0,0,0,0,0,0,0,0,0,104,104,18048,0,0,0,0,0,0,0,0,0
201101,999,38060,C,Phoenix-Mesa-Glendale  AZ ,419,419,92535,0,0,0,0,0,0,1,15,2683,404,404,90381,0,0,0,0,0,0,0,0,0
201101,999,38340, ,Pittsfield  MA ,0,0,0,0,0,0,0,0,0,0,0,0,0,0,0,0,0,0,0,0,0,0,0,0
201101,999,38540, ,Pocatello  ID ,2,2,385,0,0,0,0,0,0,0,0,0,2,2,385,0,0,0,0,0,0,0,0,0
201101,999,38900,C,Portland-Vancouver-Hillsboro  OR-WA ,255,255,55122,1,2,344,0,0,0,1,7,843,239,239,51140,1,2,344,0,0,0,0,0,0
201101,999,39140, ,Prescott  AZ ,17,17,3984,0,0,0,0,0,0,0,0,0,17,17,3984,0,0,0,0,0,0,0,0,0
201101,999,39340, ,Provo-Orem  UT ,61,61,14617,1,2,206,0,0,0,1,6,378,60,60,14432,1,2,206,0,0,0,1,6,378
201101,999,39380,C,Pueblo  CO ,8,8,1127,0,0,0,1,4,227,0,0,0,8,8,1127,0,0,0,1,4,227,0,0,0
201101,999,39660, ,Rapid City  SD ,17,17,2384,0,0,0,0,0,0,0,0,0,15,15,2089,0,0,0,0,0,0,0,0,0
201101,999,39820, ,Redding  CA ,6,6,1242,0,0,0,0,0,0,0,0,0,6,6,1242,0,0,0,0,0,0,0,0,0
201101,999,40060,C,Richmond  VA ,178,178,29264,0,0,0,0,0,0,1,27,1643,159,159,26583,0,0,0,0,0,0,1,27,1643
201101,999,40220, ,Roanoke  VA ,19,19,3166,0,0,0,0,0,0,0,0,0,19,19,3166,0,0,0,0,0,0,0,0,0
201101,999,40340, ,Rochester  MN ,6,6,1263,0,0,0,0,0,0,0,0,0,5,5,1058,0,0,0,0,0,0,0,0,0
201101,999,40580, ,Rocky Mount  NC ,7,7,658,0,0,0,0,0,0,0,0,0,3,3,411,0,0,0,0,0,0,0,0,0
201101,999,40660, ,Rome  GA ,1,1,202,0,0,0,0,0,0,0,0,0,1,1,202,0,0,0,0,0,0,0,0,0
201101,999,41100, ,St. George  UT ,44,44,8831,0,0,0,0,0,0,0,0,0,43,43,8497,0,0,0,0,0,0,0,0,0
201101,999,41140, ,St. Joseph  MO-KS ,1,1,125,1,2,180,0,0,0,0,0,0,1,1,125,1,2,180,0,0,0,0,0,0
201101,999,41420, ,Salem  OR ,21,21,4187,0,0,0,0,0,0,0,0,0,20,20,4022,0,0,0,0,0,0,0,0,0
201101,999,41500, ,Salinas  CA ,3,3,803,0,0,0,0,0,0,0,0,0,2,2,440,0,0,0,0,0,0,0,0,0
201101,999,41660,C,San Angelo  TX ,12,12,1904,0,0,0,0,0,0,0,0,0,12,12,1904,0,0,0,0,0,0,0,0,0
201101,999,41700,C,San Antonio-New Braunfels  TX ,308,308,57098,2,4,434,0,0,0,2,48,6321,264,264,50391,2,4,434,0,0,0,2,48,6321
201101,999,41740,C,San Diego-Carlsbad-San Marcos  CA ,171,171,57577,3,6,2984,10,40,4772,17,255,27962,161,161,55438,3,6,2984,10,40,4772,17,255,27962
201101,999,41780, ,Sandusky  OH ,0,0,0,0,0,0,0,0,0,0,0,0,0,0,0,0,0,0,0,0,0,0,0,0
201101,999,42020, ,San Luis Obispo-Paso Robles  CA ,7,7,3589,0,0,0,0,0,0,0,0,0,7,7,3589,0,0,0,0,0,0,0,0,0
201101,999,42060, ,Santa Barbara-Santa Maria-Goleta  CA ,19,19,4880,0,0,0,0,0,0,0,0,0,19,19,4880,0,0,0,0,0,0,0,0,0
201101,999,42540, ,Scranton--Wilkes-Barre  PA ,10,10,2033,1,2,240,0,0,0,0,0,0,4,4,965,0,0,0,0,0,0,0,0,0
201101,999,43100, ,Sheboygan  WI ,1,1,234,0,0,0,0,0,0,0,0,0,0,0,0,0,0,0,0,0,0,0,0,0
201101,999,43620, ,Sioux Falls  SD ,17,17,2909,1,2,254,0,0,0,0,0,0,17,17,2909,1,2,254,0,0,0,0,0,0
201101,999,44060, ,Spokane  WA ,33,33,5457,1,2,195,0,0,0,0,0,0,32,32,5289,1,2,195,0,0,0,0,0,0
201101,999,44100, ,Springfield  IL ,29,29,3795,0,0,0,2,8,660,0,0,0,29,29,3795,0,0,0,2,8,660,0,0,0
201101,999,44140, ,Springfield  MA ,14,14,2509,1,2,185,0,0,0,0,0,0,8,8,1072,0,0,0,0,0,0,0,0,0
201101,999,44180, ,Springfield  MO ,23,23,3739,0,0,0,0,0,0,1,28,1164,19,19,3044,0,0,0,0,0,0,0,0,0
201101,999,44300, ,State College  PA ,15,15,3819,0,0,0,0,0,0,0,0,0,15,15,3819,0,0,0,0,0,0,0,0,0
201101,999,44600, ,Steubenville-Weirton  OH-WV ,0,0,0,0,0,0,0,0,0,0,0,0,0,0,0,0,0,0,0,0,0,0,0,0
201101,999,44700,C,Stockton  CA ,53,53,11668,0,0,0,0,0,0,0,0,0,53,53,11668,0,0,0,0,0,0,0,0,0
201101,999,44940,C,Sumter  SC ,40,40,4245,0,0,0,0,0,0,0,0,0,40,40,4245,0,0,0,0,0,0,0,0,0
201101,999,45220, ,Tallahassee  FL ,28,28,4103,1,2,209,0,0,0,1,21,1193,8,8,1017,0,0,0,0,0,0,0,0,0
201101,999,45300,C,Tampa-St. Petersburg-Clearwater  FL ,334,334,83002,5,10,1691,2,8,527,7,120,13608,334,334,83002,5,10,1691,2,8,527,7,120,13608
201101,999,45460, ,Terre Haute  IN ,3,3,415,0,0,0,0,0,0,0,0,0,2,2,320,0,0,0,0,0,0,0,0,0
201101,999,45500, ,Texarkana  TX-Texarkana  AR ,8,8,1332,0,0,0,0,0,0,0,0,0,8,8,1332,0,0,0,0,0,0,0,0,0
201101,999,45820, ,Topeka  KS ,13,13,1458,0,0,0,0,0,0,0,0,0,12,12,1279,0,0,0,0,0,0,0,0,0
201101,999,46060,C,Tucson  AZ ,104,104,22047,0,0,0,0,0,0,1,10,835,25,25,5851,0,0,0,0,0,0,0,0,0
201101,999,46220, ,Tuscaloosa  AL ,16,16,2902,0,0,0,0,0,0,1,18,1214,2,2,354,0,0,0,0,0,0,0,0,0
201101,999,46540, ,Utica-Rome  NY ,0,0,0,0,0,0,0,0,0,0,0,0,0,0,0,0,0,0,0,0,0,0,0,0
201101,999,46660, ,Valdosta  GA ,33,33,3281,0,0,0,0,0,0,0,0,0,33,33,3281,0,0,0,0,0,0,0,0,0
201101,999,47020, ,Victoria  TX ,3,3,465,0,0,0,0,0,0,0,0,0,0,0,0,0,0,0,0,0,0,0,0,0
201101,999,47260,C,Virginia Beach-Norfolk-Newport News  VA-NC ,199,199,35296,1,2,280,0,0,0,10,223,12347,181,181,31442,1,2,280,0,0,0,9,180,10494
201101,999,47300, ,Visalia-Porterville  CA ,29,29,5453,1,2,86,0,0,0,0,0,0,29,29,5453,1,2,86,0,0,0,0,0,0
201101,999,47380, ,Waco  TX ,24,24,4201,0,0,0,0,0,0,0,0,0,23,23,3838,0,0,0,0,0,0,0,0,0
201101,999,47940, ,Waterloo-Cedar Falls  IA ,6,6,955,0,0,0,0,0,0,0,0,0,4,4,687,0,0,0,0,0,0,0,0,0
201101,999,48300, ,Wenatchee-East Wenatchee  WA ,13,13,2091,0,0,0,0,0,0,0,0,0,13,13,2091,0,0,0,0,0,0,0,0,0
201101,999,48540, ,Wheeling  WV-OH ,0,0,0,0,0,0,0,0,0,0,0,0,0,0,0,0,0,0,0,0,0,0,0,0
201101,999,48660, ,Wichita Falls  TX ,6,6,1113,0,0,0,0,0,0,0,0,0,6,6,1113,0,0,0,0,0,0,0,0,0
201101,999,48900,C,Wilmington  NC ,107,107,22535,0,0,0,0,0,0,1,7,768,59,59,12800,0,0,0,0,0,0,0,0,0
201101,999,49420, ,Yakima  WA ,5,5,961,0,0,0,0,0,0,0,0,0,5,5,961,0,0,0,0,0,0,0,0,0
201101,999,49740, ,Yuma  AZ ,18,18,1922,0,0,0,0,0,0,0,0,0,18,18,1922,0,0,0,0,0,0,0,0,0
