Survey,CSA,CBSA,MONCOV,CBSA,,1-unit,,,2-units,,,3-4 units,,,5+ units,,,1-unit rep,,,2-units rep,,,3-4 units rep,,,5+ units rep
Date,Code,Code,,Name,Bldgs,Units,Value,Bldgs,Units,Value,Bldgs,Units,Value,Bldgs,Units,Value,Bldgs,Units,Value,Bldgs,Units,Value,      Bldgs,Units,Value,Bldgs,Units,Value
 
201111,102,18700, ,Corvallis  OR ,3,3,747,0,0,0,0,0,0,1,5,514,0,0,0,0,0,0,0,0,0,0,0,0
201111,104,10580, ,Albany-Schenectady-Troy  NY ,56,56,13836,1,2,273,2,7,585,7,62,7305,50,50,12522,1,2,273,1,4,375,7,62,7305
201111,104,24020, ,Glens Falls  NY ,18,18,3068,0,0,0,0,0,0,0,0,0,8,8,1763,0,0,0,0,0,0,0,0,0
201111,112,11180, ,Ames  IA ,12,12,2616,0,0,0,0,0,0,0,0,0,12,12,2616,0,0,0,0,0,0,0,0,0
201111,118,11540, ,Appleton  WI ,7,7,1570,0,0,0,1,4,535,0,0,0,7,7,1570,0,0,0,1,4,535,0,0,0
201111,118,36780, ,Oshkosh-Neenah  WI ,7,7,1232,0,0,0,0,0,0,0,0,0,7,7,1232,0,0,0,0,0,0,0,0,0
201111,120,11700, ,Asheville  NC ,82,82,25654,0,0,0,0,0,0,0,0,0,71,71,23422,0,0,0,0,0,0,0,0,0
201111,122,12060,C,Atlanta-Sandy Springs-Marietta  GA ,510,510,104699,0,0,0,1,4,500,7,311,30930,444,444,89971,0,0,0,1,4,500,5,295,29655
201111,122,23580, ,Gainesville  GA ,5,5,909,0,0,0,0,0,0,0,0,0,5,5,909,0,0,0,0,0,0,0,0,0
201111,126,12420,C,Austin-Round Rock-San Marcos  TX ,441,441,81741,0,0,0,0,0,0,35,760,39381,372,372,70794,0,0,0,0,0,0,20,617,29754
201111,132,12940, ,Baton Rouge  LA ,176,176,29620,0,0,0,1,3,249,1,6,489,69,69,14245,0,0,0,0,0,0,0,0,0
201111,140,13460,C,Bend  OR ,28,28,6850,0,0,0,0,0,0,0,0,0,28,28,6850,0,0,0,0,0,0,0,0,0
201111,142,13820,C,Birmingham-Hoover  AL ,129,129,27667,0,0,0,0,0,0,4,122,16094,100,100,21747,0,0,0,0,0,0,4,122,16094
201111,148,14460,C,Boston-Cambridge-Quincy  MA-NH ,269,269,82996,10,20,3038,3,11,1834,15,379,102341,201,201,64944,8,16,2631,2,8,1289,4,292,94787
201111,148,31700, ,Manchester-Nashua  NH ,20,20,3572,3,6,722,2,7,529,1,7,535,13,13,2539,3,6,722,0,0,0,0,0,0
201111,148,39300, ,Providence-New Bedford-Fall River  RI-MA ,86,86,18998,15,30,3309,3,9,941,0,0,0,66,66,15484,14,28,3124,3,9,941,0,0,0
201111,148,49340, ,Worcester  MA ,34,34,6498,1,2,315,0,0,0,1,8,320,23,23,4542,0,0,0,0,0,0,1,8,320
201111,154,15180, ,Brownsville-Harlingen  TX ,69,69,7154,1,2,81,0,0,0,1,6,304,0,0,0,0,0,0,0,0,0,0,0,0
201111,160,15380, ,Buffalo-Niagara Falls  NY ,32,32,7460,0,0,0,0,0,0,2,16,1520,28,28,6146,0,0,0,0,0,0,2,16,1520
201111,164,16020, ,Cape Girardeau-Jackson  MO-IL ,5,5,554,0,0,0,0,0,0,0,0,0,5,5,554,0,0,0,0,0,0,0,0,0
201111,172,16740,C,Charlotte-Gastonia-Rock Hill  NC-SC ,381,381,73286,0,0,0,4,16,1441,7,128,8957,247,247,49758,0,0,0,0,0,0,4,56,3080
201111,174,16860, ,Chattanooga  TN-GA ,61,61,9564,0,0,0,0,0,0,1,7,651,44,44,7059,0,0,0,0,0,0,0,0,0
201111,174,17420, ,Cleveland  TN ,13,13,1936,1,2,237,2,8,515,0,0,0,13,13,1936,1,2,237,2,8,515,0,0,0
201111,176,16980,C,Chicago-Joliet-Naperville  IL-IN-WI ,368,368,104324,8,16,2585,1,3,350,7,581,103435,292,292,84163,7,14,2294,1,3,350,2,547,100460
201111,176,28100, ,Kankakee-Bradley  IL ,2,2,456,0,0,0,0,0,0,0,0,0,2,2,456,0,0,0,0,0,0,0,0,0
201111,176,33140, ,Michigan City-La Porte  IN ,6,6,684,0,0,0,0,0,0,0,0,0,6,6,684,0,0,0,0,0,0,0,0,0
201111,178,17140,C,Cincinnati-Middletown  OH-KY-IN ,178,178,36329,0,0,0,1,3,386,3,18,3514,164,164,33602,0,0,0,0,0,0,2,13,3193
201111,184,10420, ,Akron  OH ,26,26,3995,0,0,0,0,0,0,0,0,0,26,26,3995,0,0,0,0,0,0,0,0,0
201111,184,17460,C,Cleveland-Elyria-Mentor  OH ,126,126,28210,0,0,0,0,0,0,2,10,1145,94,94,22678,0,0,0,0,0,0,1,5,615
201111,192,17900,C,Columbia  SC ,189,189,27812,0,0,0,0,0,0,2,35,2446,67,67,8310,0,0,0,0,0,0,0,0,0
201111,194,12220,C,Auburn-Opelika  AL ,37,37,8543,0,0,0,0,0,0,1,17,1414,16,16,3483,0,0,0,0,0,0,0,0,0
201111,194,17980, ,Columbus  GA-AL ,39,39,6279,1,2,166,1,3,136,1,11,834,23,23,4586,0,0,0,0,0,0,0,0,0
201111,198,18140,C,Columbus  OH ,208,208,44675,0,0,0,3,12,1290,22,239,19297,196,196,42026,0,0,0,3,12,1290,21,234,18930
201111,204,18580, ,Corpus Christi  TX ,83,83,11380,0,0,0,0,0,0,0,0,0,83,83,11380,0,0,0,0,0,0,0,0,0
201111,206,19100,C,Dallas-Fort Worth-Arlington  TX ,969,969,238784,3,6,1500,0,0,0,4,123,7125,690,690,187615,3,6,1500,0,0,0,0,0,0
201111,206,43300, ,Sherman-Denison  TX ,1,1,155,0,0,0,0,0,0,0,0,0,0,0,0,0,0,0,0,0,0,0,0,0
201111,212,19380, ,Dayton  OH ,65,65,14185,0,0,0,0,0,0,0,0,0,65,65,14185,0,0,0,0,0,0,0,0,0
201111,212,44220, ,Springfield  OH ,5,5,735,6,12,580,0,0,0,13,78,5215,5,5,735,6,12,580,0,0,0,13,78,5215
201111,216,14500, ,Boulder  CO ,12,12,4746,0,0,0,0,0,0,0,0,0,12,12,4746,0,0,0,0,0,0,0,0,0
201111,216,19740,C,Denver-Aurora-Broomfield  CO ,305,305,83852,9,18,3184,0,0,0,9,164,12517,286,286,79417,9,18,3184,0,0,0,9,164,12517
201111,216,24540,C,Greeley  CO ,64,64,14341,0,0,0,0,0,0,1,9,260,51,51,11181,0,0,0,0,0,0,0,0,0
201111,218,19780,C,Des Moines-West Des Moines  IA ,170,170,34855,0,0,0,1,4,520,5,125,8229,154,154,31596,0,0,0,1,4,520,4,120,7647
201111,220,11460, ,Ann Arbor  MI ,12,12,2115,0,0,0,0,0,0,0,0,0,8,8,1430,0,0,0,0,0,0,0,0,0
201111,220,19820,C,Detroit-Warren-Livonia  MI ,271,271,55366,0,0,0,0,0,0,2,24,3537,254,254,51255,0,0,0,0,0,0,2,24,3537
201111,220,22420, ,Flint  MI ,1,1,233,0,0,0,0,0,0,0,0,0,1,1,233,0,0,0,0,0,0,0,0,0
201111,220,33780, ,Monroe  MI ,4,4,785,0,0,0,0,0,0,0,0,0,1,1,250,0,0,0,0,0,0,0,0,0
201111,222,20020, ,Dothan  AL ,7,7,2586,0,0,0,0,0,0,0,0,0,7,7,2586,0,0,0,0,0,0,0,0,0
201111,232,20740, ,Eau Claire  WI ,15,15,2308,1,2,140,0,0,0,0,0,0,15,15,2308,1,2,140,0,0,0,0,0,0
201111,244,22020, ,Fargo  ND-MN ,49,49,9680,1,2,400,0,0,0,2,67,3702,49,49,9680,1,2,400,0,0,0,2,67,3702
201111,252,22540, ,Fond du Lac  WI ,4,4,948,1,2,111,0,0,0,4,35,3698,3,3,753,1,2,111,0,0,0,4,35,3698
201111,258,23060,C,Fort Wayne  IN ,36,36,7769,0,0,0,0,0,0,0,0,0,36,36,7769,0,0,0,0,0,0,0,0,0
201111,260,23420, ,Fresno  CA ,94,94,18966,0,0,0,1,3,969,1,28,3732,21,21,5389,0,0,0,0,0,0,0,0,0
201111,260,31460, ,Madera-Chowchilla  CA ,8,8,1151,0,0,0,12,48,5370,0,0,0,8,8,1151,0,0,0,12,48,5370,0,0,0
201111,266,24340,C,Grand Rapids-Wyoming  MI ,92,92,15526,0,0,0,0,0,0,1,36,2750,87,87,14683,0,0,0,0,0,0,1,36,2750
201111,266,26100, ,Holland-Grand Haven  MI ,21,21,4223,0,0,0,0,0,0,1,5,437,12,12,2429,0,0,0,0,0,0,0,0,0
201111,266,34740, ,Muskegon-Norton Shores  MI ,4,4,711,0,0,0,0,0,0,0,0,0,2,2,412,0,0,0,0,0,0,0,0,0
201111,268,15500, ,Burlington  NC ,26,26,3011,0,0,0,0,0,0,0,0,0,26,26,3011,0,0,0,0,0,0,0,0,0
201111,268,24660,C,Greensboro-High Point  NC ,79,79,13409,0,0,0,0,0,0,3,96,4122,68,68,11652,0,0,0,0,0,0,2,84,2911
201111,268,49180, ,Winston-Salem  NC ,46,46,5663,0,0,0,0,0,0,0,0,0,46,46,5663,0,0,0,0,0,0,0,0,0
201111,273,11340, ,Anderson  SC ,19,19,4420,0,0,0,0,0,0,0,0,0,19,19,4420,0,0,0,0,0,0,0,0,0
201111,273,24860,C,Greenville-Maudlin-Easley  SC ,130,130,30552,1,2,108,0,0,0,0,0,0,121,121,28768,0,0,0,0,0,0,0,0,0
201111,273,43900, ,Spartanburg  SC ,36,36,3552,0,0,0,0,0,0,0,0,0,36,36,3552,0,0,0,0,0,0,0,0,0
201111,274,25060, ,Gulfport-Biloxi  MS ,63,63,9629,1,2,136,0,0,0,1,15,1241,38,38,6123,0,0,0,0,0,0,0,0,0
201111,274,37700, ,Pascagoula  MS ,21,21,3407,0,0,0,0,0,0,0,0,0,18,18,2726,0,0,0,0,0,0,0,0,0
201111,276,25420, ,Harrisburg-Carlisle  PA ,62,62,13016,0,0,0,0,0,0,0,0,0,57,57,11905,0,0,0,0,0,0,0,0,0
201111,276,30140, ,Lebanon  PA ,16,16,2206,0,0,0,0,0,0,0,0,0,13,13,1667,0,0,0,0,0,0,0,0,0
201111,278,25540, ,Hartford-West Hartford-East Hartford  CT ,60,60,12300,1,2,167,0,0,0,2,10,1561,43,43,9564,0,0,0,0,0,0,0,0,0
201111,288,26420,C,Houston-Sugar Land-Baytown  TX ,1702,1702,320092,8,16,1278,1,3,191,4,76,5750,1266,1266,241083,8,16,1278,0,0,0,0,0,0
201111,290,19460, ,Decatur  AL ,4,4,318,0,0,0,0,0,0,0,0,0,4,4,318,0,0,0,0,0,0,0,0,0
201111,290,26620, ,Huntsville  AL ,151,151,22042,0,0,0,0,0,0,0,0,0,151,151,22042,0,0,0,0,0,0,0,0,0
201111,292,26820, ,Idaho Falls  ID ,20,20,2642,0,0,0,0,0,0,0,0,0,20,20,2642,0,0,0,0,0,0,0,0,0
201111,294,11300, ,Anderson  IN ,3,3,862,0,0,0,0,0,0,0,0,0,2,2,600,0,0,0,0,0,0,0,0,0
201111,294,18020, ,Columbus  IN ,24,24,4689,0,0,0,0,0,0,0,0,0,24,24,4689,0,0,0,0,0,0,0,0,0
201111,294,26900,C,Indianapolis-Carmel  IN ,235,235,49943,4,8,846,6,23,2450,9,144,11649,218,218,46934,4,8,846,5,20,1998,9,144,11649
201111,296,27060, ,Ithaca  NY ,2,2,506,0,0,0,0,0,0,1,5,557,0,0,0,0,0,0,0,0,0,0,0,0
201111,297,27180, ,Jackson  TN ,11,11,1550,0,0,0,0,0,0,0,0,0,11,11,1550,0,0,0,0,0,0,0,0,0
201111,298,27140, ,Jackson  MS ,82,82,18161,1,2,353,0,0,0,1,10,1172,68,68,15354,0,0,0,0,0,0,0,0,0
201111,304,27740, ,Johnson City  TN ,53,53,5243,0,0,0,0,0,0,0,0,0,53,53,5243,0,0,0,0,0,0,0,0,0
201111,304,28700, ,Kingsport-Bristol-Bristol  TN-VA ,19,19,5445,0,0,0,0,0,0,0,0,0,6,6,3684,0,0,0,0,0,0,0,0,0
201111,308,27860, ,Jonesboro  AR ,13,13,6728,0,0,0,1,4,400,8,64,800,13,13,6728,0,0,0,1,4,400,8,64,800
201111,312,28140,C,Kansas City  MO-KS ,192,192,47307,0,0,0,1,3,477,0,0,0,179,179,44840,0,0,0,1,3,477,0,0,0
201111,314,28940, ,Knoxville  TN ,73,73,11030,0,0,0,0,0,0,1,9,612,23,23,3509,0,0,0,0,0,0,0,0,0
201111,314,34100, ,Morristown  TN ,8,8,1179,0,0,0,0,0,0,0,0,0,5,5,891,0,0,0,0,0,0,0,0,0
201111,316,29020, ,Kokomo  IN ,2,2,340,0,0,0,0,0,0,0,0,0,2,2,340,0,0,0,0,0,0,0,0,0
201111,318,29180, ,Lafayette  LA ,48,48,7573,0,0,0,0,0,0,1,8,391,23,23,4271,0,0,0,0,0,0,0,0,0
201111,320,29140, ,Lafayette  IN ,101,101,19819,63,126,12960,0,0,0,1,28,1950,101,101,19819,63,126,12960,0,0,0,1,28,1950
201111,324,29340, ,Lake Charles  LA ,38,38,6494,1,2,140,0,0,0,0,0,0,10,10,2049,1,2,140,0,0,0,0,0,0
201111,330,29620, ,Lansing-East Lansing  MI ,7,7,1309,0,0,0,0,0,0,1,13,1107,3,3,488,0,0,0,0,0,0,1,13,1107
201111,332,29820,C,Las Vegas-Paradise  NV ,273,273,42051,0,0,0,0,0,0,0,0,0,273,273,42051,0,0,0,0,0,0,0,0,0
201111,336,30460, ,Lexington-Fayette  KY ,84,84,12097,0,0,0,0,0,0,1,20,1143,28,28,3840,0,0,0,0,0,0,0,0,0
201111,338,30620, ,Lima  OH ,0,0,0,0,0,0,0,0,0,0,0,0,0,0,0,0,0,0,0,0,0,0,0,0
201111,340,30780, ,Little Rock-North Little Rock-Conway  AR ,91,91,17119,1,2,203,0,0,0,8,180,9820,90,90,17003,1,2,203,0,0,0,8,180,9820
201111,340,38220, ,Pine Bluff  AR ,1,1,129,0,0,0,0,0,0,0,0,0,1,1,129,0,0,0,0,0,0,0,0,0
201111,346,30980, ,Longview  TX ,12,12,1817,1,2,97,0,0,0,1,14,858,0,0,0,0,0,0,0,0,0,0,0,0
201111,348,31100,C,Los Angeles-Long Beach-Santa Ana  CA ,253,253,85942,9,18,4976,5,17,4052,10,821,118700,201,201,68663,8,16,4270,3,11,1982,3,714,104367
201111,348,37100, ,Oxnard-Thousand Oaks-Ventura  CA ,20,20,12665,0,0,0,0,0,0,1,16,1742,16,16,11686,0,0,0,0,0,0,0,0,0
201111,348,40140,C,Riverside-San Bernardino-Ontario  CA ,234,234,51965,0,0,0,4,12,2493,1,10,1347,201,201,46777,0,0,0,4,12,2493,1,10,1347
201111,350,21060, ,Elizabethtown  KY ,7,7,1123,1,2,100,0,0,0,11,140,3915,7,7,1123,1,2,100,0,0,0,11,140,3915
201111,350,31140,C,Louisville-Jefferson County  KY-IN ,132,132,24774,0,0,0,0,0,0,4,32,820,119,119,22272,0,0,0,0,0,0,4,32,820
201111,352,31180, ,Lubbock  TX ,29,29,8309,1,2,275,0,0,0,0,0,0,29,29,8309,1,2,275,0,0,0,0,0,0
201111,356,31420, ,Macon  GA ,8,8,1450,0,0,0,0,0,0,0,0,0,8,8,1450,0,0,0,0,0,0,0,0,0
201111,356,47580, ,Warner Robins  GA ,34,34,5731,0,0,0,0,0,0,0,0,0,34,34,5731,0,0,0,0,0,0,0,0,0
201111,358,31540,C,Madison  WI ,46,46,10690,1,2,185,1,4,420,2,95,8230,31,31,7814,1,2,185,1,4,420,1,53,3900
201111,360,31900, ,Mansfield  OH ,1,1,175,0,0,0,0,0,0,0,0,0,1,1,175,0,0,0,0,0,0,0,0,0
201111,372,33260,C,Midland  TX ,45,45,8000,0,0,0,0,0,0,0,0,0,45,45,8000,0,0,0,0,0,0,0,0,0
201111,372,36220,C,Odessa  TX ,35,35,7425,0,0,0,0,0,0,0,0,0,35,35,7425,0,0,0,0,0,0,0,0,0
201111,376,33340,C,Milwaukee-Waukesha-West Allis  WI ,73,73,18157,1,2,285,0,0,0,0,0,0,64,64,14869,1,2,285,0,0,0,0,0,0
201111,376,39540, ,Racine  WI ,5,5,1145,0,0,0,0,0,0,0,0,0,1,1,200,0,0,0,0,0,0,0,0,0
201111,378,33460,C,Minneapolis-St. Paul-Bloomington  MN-WI ,311,311,87256,0,0,0,2,8,1446,5,143,14848,294,294,83684,0,0,0,2,8,1446,4,138,14391
201111,378,41060, ,St. Cloud  MN ,12,12,2075,0,0,0,0,0,0,0,0,0,9,9,1634,0,0,0,0,0,0,0,0,0
201111,380,33660, ,Mobile  AL ,64,64,11850,0,0,0,0,0,0,0,0,0,64,64,11850,0,0,0,0,0,0,0,0,0
201111,384,33740, ,Monroe  LA ,22,22,3877,0,0,0,0,0,0,1,6,490,6,6,1100,0,0,0,0,0,0,0,0,0
201111,388,33860, ,Montgomery  AL ,35,35,6172,0,0,0,0,0,0,6,46,3147,30,30,5274,0,0,0,0,0,0,5,40,3000
201111,396,34820, ,Myrtle Beach-North Myrtle Beach-Conway  SC ,128,128,20955,0,0,0,0,0,0,0,0,0,127,127,20788,0,0,0,0,0,0,0,0,0
201111,400,34980,C,Nashville-Davidson--Murfreesboro-Franklin  TN ,320,320,71252,3,6,755,0,0,0,1,331,36282,273,273,63812,2,4,705,0,0,0,1,331,36282
201111,406,35380,C,New Orleans-Metairie-Kenner  LA ,153,153,31694,10,20,1505,0,0,0,0,0,0,148,148,30603,10,20,1505,0,0,0,0,0,0
201111,408,14860, ,Bridgeport-Stamford-Norwalk  CT ,59,59,31485,1,2,272,1,4,289,3,23,686,52,52,23168,1,2,272,1,4,289,2,12,289
201111,408,28740, ,Kingston  NY ,6,6,1210,0,0,0,0,0,0,0,0,0,5,5,916,0,0,0,0,0,0,0,0,0
201111,408,35300, ,New Haven-Milford  CT ,27,27,5526,9,18,1397,0,0,0,1,8,492,24,24,5108,9,18,1397,0,0,0,0,0,0
201111,408,35620,C,New York-Northern New Jersey-Long Island  NY-NJ-PA ,590,590,167144,36,72,8414,20,74,7175,50,1103,89775,425,425,127648,31,62,7361,19,70,6300,21,839,66562
201111,408,39100, ,Poughkeepsie-Newburgh-Middletown  NY ,50,50,12021,0,0,0,0,0,0,2,12,1050,44,44,11089,0,0,0,0,0,0,0,0,0
201111,408,45940,C,Trenton-Ewing  NJ ,13,13,3047,0,0,0,0,0,0,2,12,2359,7,7,2072,0,0,0,0,0,0,0,0,0
201111,416,36420,C,Oklahoma City  OK ,272,272,50732,1,2,182,0,0,0,1,9,516,169,169,35213,1,2,182,0,0,0,0,0,0
201111,420,36540,C,Omaha-Council Bluffs  NE-IA ,169,169,26548,1,2,250,0,0,0,9,269,15269,134,134,19904,1,2,250,0,0,0,8,234,13197
201111,422,19660,C,Deltona-Daytona Beach-Ormond Beach  FL ,26,26,7440,0,0,0,0,0,0,1,5,490,11,11,3312,0,0,0,0,0,0,0,0,0
201111,422,36740,C,Orlando-Kissimmee-Sanford  FL ,375,375,79202,0,0,0,0,0,0,2,12,1546,341,341,70679,0,0,0,0,0,0,2,12,1546
201111,422,37380,C,Palm Coast  FL ,11,11,3134,0,0,0,0,0,0,0,0,0,11,11,3134,0,0,0,0,0,0,0,0,0
201111,426,37900, ,Peoria  IL ,18,18,3771,0,0,0,0,0,0,0,0,0,16,16,3400,0,0,0,0,0,0,0,0,0
201111,428,37980,C,Philadelphia-Camden-Wilmington  PA-NJ-DE-MD ,366,366,64591,8,16,1080,8,26,1625,20,559,45192,276,276,49091,8,16,1080,8,26,1625,13,510,42687
201111,428,39740, ,Reading  PA ,7,7,967,0,0,0,0,0,0,0,0,0,4,4,429,0,0,0,0,0,0,0,0,0
201111,428,47220,C,Vineland-Millville-Bridgeton  NJ ,17,17,1557,0,0,0,0,0,0,0,0,0,7,7,566,0,0,0,0,0,0,0,0,0
201111,430,38300,C,Pittsburgh  PA ,165,165,34191,5,10,1069,2,7,1268,0,0,0,61,61,17239,3,6,757,2,7,1268,0,0,0
201111,438,30340, ,Lewiston-Auburn  ME ,11,11,1911,1,2,139,0,0,0,0,0,0,9,9,1585,0,0,0,0,0,0,0,0,0
201111,438,38860, ,Portland-South Portland-Biddeford  ME ,70,70,13590,1,2,400,1,4,540,0,0,0,47,47,9058,1,2,400,1,4,540,0,0,0
201111,442,38940,C,Port St. Lucie  FL ,25,25,10602,1,2,165,0,0,0,1,5,695,24,24,8852,1,2,165,0,0,0,0,0,0
201111,442,42680,C,Sebastian-Vero Beach  FL ,35,35,14082,0,0,0,0,0,0,0,0,0,35,35,14082,0,0,0,0,0,0,0,0,0
201111,450,20500,C,Durham-Chapel Hill  NC ,107,107,21374,2,4,407,0,0,0,2,40,2181,36,36,8584,1,2,230,0,0,0,0,0,0
201111,450,39580,C,Raleigh-Cary  NC ,332,332,62135,0,0,0,0,0,0,10,621,45618,324,324,61116,0,0,0,0,0,0,10,621,45618
201111,456,39900,C,Reno-Sparks  NV ,54,54,13115,0,0,0,0,0,0,0,0,0,52,52,12349,0,0,0,0,0,0,0,0,0
201111,464,40380, ,Rochester  NY ,50,50,10084,2,4,333,0,0,0,0,0,0,46,46,9385,1,2,200,0,0,0,0,0,0
201111,466,40420, ,Rockford  IL ,3,3,937,1,2,350,0,0,0,0,0,0,2,2,797,1,2,350,0,0,0,0,0,0
201111,472,40900,C,Sacramento--Arden-Arcade--Roseville  CA ,138,138,40783,1,2,295,0,0,0,3,96,7821,136,136,40271,0,0,0,0,0,0,2,84,6329
201111,472,49700, ,Yuba City  CA ,2,2,398,0,0,0,0,0,0,0,0,0,2,2,398,0,0,0,0,0,0,0,0,0
201111,474,13020, ,Bay City  MI ,1,1,200,0,0,0,0,0,0,0,0,0,1,1,200,0,0,0,0,0,0,0,0,0
201111,474,40980, ,Saginaw-Saginaw Township North  MI ,2,2,289,0,0,0,0,0,0,0,0,0,2,2,289,0,0,0,0,0,0,0,0,0
201111,476,41180,C,St. Louis  MO-IL ,223,223,47130,3,6,604,1,3,263,8,92,9916,149,149,29288,2,4,433,0,0,0,2,49,6000
201111,480,41540, ,Salisbury  MD ,7,7,1048,0,0,0,0,0,0,0,0,0,6,6,917,0,0,0,0,0,0,0,0,0
201111,482,36260, ,Ogden-Clearfield  UT ,95,95,21537,0,0,0,0,0,0,1,32,1983,94,94,21140,0,0,0,0,0,0,1,32,1983
201111,482,41620,C,Salt Lake City  UT ,126,126,26633,1,2,198,2,7,944,15,346,9440,97,97,21505,0,0,0,1,4,591,10,268,2271
201111,488,34900, ,Napa  CA ,1,1,70,0,0,0,0,0,0,0,0,0,1,1,70,0,0,0,0,0,0,0,0,0
201111,488,41860,C,San Francisco-Oakland-Fremont  CA ,120,120,37155,0,0,0,2,7,1783,4,323,39290,109,109,33483,0,0,0,2,7,1783,3,314,38403
201111,488,41940,C,San Jose-Sunnyvale-Santa Clara  CA ,45,45,16886,0,0,0,0,0,0,12,749,111320,38,38,15101,0,0,0,0,0,0,11,739,109208
201111,488,42100, ,Santa Cruz-Watsonville  CA ,4,4,1554,0,0,0,0,0,0,1,5,338,3,3,959,0,0,0,0,0,0,0,0,0
201111,488,42220, ,Santa Rosa-Petaluma  CA ,25,25,7723,0,0,0,4,12,1550,0,0,0,25,25,7723,0,0,0,4,12,1550,0,0,0
201111,488,46700, ,Vallejo-Fairfield  CA ,33,33,5466,0,0,0,0,0,0,0,0,0,32,32,5247,0,0,0,0,0,0,0,0,0
201111,492,42140,C,Santa Fe  NM ,7,7,934,0,0,0,0,0,0,0,0,0,0,0,0,0,0,0,0,0,0,0,0,0
201111,494,35840,C,North Port-Bradenton-Sarasota  FL ,112,112,32731,1,2,478,0,0,0,2,18,2283,110,110,31977,1,2,478,0,0,0,2,18,2283
201111,494,39460,C,Punta Gorda  FL ,18,18,2925,4,8,348,0,0,0,0,0,0,0,0,0,0,0,0,0,0,0,0,0,0
201111,496,25980, ,Hinesville-Fort Stewart  GA ,15,15,3954,0,0,0,0,0,0,0,0,0,15,15,3954,0,0,0,0,0,0,0,0,0
201111,496,42340, ,Savannah  GA ,54,54,7921,0,0,0,0,0,0,1,5,650,36,36,5455,0,0,0,0,0,0,1,5,650
201111,500,14740, ,Bremerton-Silverdale  WA ,25,25,5223,0,0,0,0,0,0,0,0,0,7,7,1573,0,0,0,0,0,0,0,0,0
201111,500,34580, ,Mount Vernon-Anacortes  WA ,7,7,1044,0,0,0,0,0,0,0,0,0,1,1,90,0,0,0,0,0,0,0,0,0
201111,500,36500, ,Olympia  WA ,33,33,9398,0,0,0,0,0,0,1,7,1032,33,33,9398,0,0,0,0,0,0,1,7,1032
201111,500,42660,C,Seattle-Tacoma-Bellevue  WA ,427,427,108894,31,62,8882,3,12,1558,8,266,29030,405,405,101759,31,62,8882,3,12,1558,5,240,25899
201111,508,43340, ,Shreveport-Bossier City  LA ,86,86,15326,0,0,0,0,0,0,1,23,1400,32,32,5679,0,0,0,0,0,0,0,0,0
201111,512,43580, ,Sioux City  IA-NE-SD ,8,8,1984,2,4,400,0,0,0,0,0,0,3,3,565,2,4,400,0,0,0,0,0,0
201111,515,21140, ,Elkhart-Goshen  IN ,14,14,2318,0,0,0,0,0,0,0,0,0,13,13,2225,0,0,0,0,0,0,0,0,0
201111,515,43780, ,South Bend-Mishawaka  IN-MI ,9,9,1968,0,0,0,0,0,0,0,0,0,9,9,1968,0,0,0,0,0,0,0,0,0
201111,532,45060, ,Syracuse  NY ,32,32,6409,0,0,0,0,0,0,0,0,0,28,28,5696,0,0,0,0,0,0,0,0,0
201111,534,45780, ,Toledo  OH ,32,32,6106,1,2,179,2,6,568,0,0,0,20,20,3814,0,0,0,1,3,300,0,0,0
201111,538,46140,C,Tulsa  OK ,155,155,31168,0,0,0,0,0,0,21,378,13125,151,151,30586,0,0,0,0,0,0,21,378,13125
201111,540,46340, ,Tyler  TX ,8,8,1412,0,0,0,0,0,0,1,6,277,0,0,0,0,0,0,0,0,0,0,0,0
201111,548,12580,C,Baltimore-Towson  MD ,283,283,53919,0,0,0,0,0,0,2,62,6606,205,205,38308,0,0,0,0,0,0,0,0,0
201111,548,47900,C,Washington-Arlington-Alexandria  DC-VA-MD-WV ,578,578,113647,5,10,1346,1,4,400,8,987,183439,491,491,96003,3,6,750,1,4,400,6,924,177650
201111,548,49020, ,Winchester  VA-WV ,12,12,2265,0,0,0,0,0,0,0,0,0,12,12,2265,0,0,0,0,0,0,0,0,0
201111,554,48140, ,Wausau  WI ,8,8,1475,1,2,193,0,0,0,0,0,0,1,1,160,0,0,0,0,0,0,0,0,0
201111,556,48620, ,Wichita  KS ,38,38,6775,3,6,564,0,0,0,0,0,0,30,30,5376,3,6,564,0,0,0,0,0,0
201111,558,48700, ,Williamsport  PA ,1,1,110,0,0,0,0,0,0,0,0,0,0,0,0,0,0,0,0,0,0,0,0,0
201111,564,49620, ,York-Hanover  PA ,23,23,3392,0,0,0,1,4,360,1,7,455,23,23,3392,0,0,0,1,4,360,1,7,455
201111,566,49660, ,Youngstown-Warren-Boardman  OH-PA ,17,17,3423,0,0,0,0,0,0,0,0,0,16,16,3203,0,0,0,0,0,0,0,0,0
201111,999,10180, ,Abilene  TX ,10,10,2004,0,0,0,1,3,265,0,0,0,10,10,2004,0,0,0,1,3,265,0,0,0
201111,999,10500, ,Albany  GA ,12,12,1294,0,0,0,0,0,0,1,5,188,1,1,44,0,0,0,0,0,0,0,0,0
201111,999,10740,C,Albuquerque  NM ,103,103,18656,0,0,0,1,3,422,2,27,2103,6,6,1608,0,0,0,0,0,0,0,0,0
201111,999,10780, ,Alexandria  LA ,24,24,3898,1,2,208,0,0,0,1,10,656,1,1,135,0,0,0,0,0,0,0,0,0
201111,999,10900,C,Allentown-Bethlehem-Easton  PA-NJ ,76,76,10074,1,2,191,2,7,908,1,5,478,49,49,5544,0,0,0,0,0,0,0,0,0
201111,999,11020, ,Altoona  PA ,1,1,61,0,0,0,0,0,0,0,0,0,0,0,0,0,0,0,0,0,0,0,0,0
201111,999,11100, ,Amarillo  TX ,40,40,10000,0,0,0,0,0,0,0,0,0,40,40,10000,0,0,0,0,0,0,0,0,0
201111,999,11260,C,Anchorage  AK ,15,15,3808,0,0,0,1,4,400,0,0,0,15,15,3808,0,0,0,1,4,400,0,0,0
201111,999,11500, ,Anniston-Oxford  AL ,1,1,172,0,0,0,1,4,332,0,0,0,1,1,172,0,0,0,1,4,332,0,0,0
201111,999,12020, ,Athens-Clarke County  GA ,6,6,902,0,0,0,0,0,0,0,0,0,6,6,902,0,0,0,0,0,0,0,0,0
201111,999,12100,C,Atlantic City-Hammonton  NJ ,19,19,4305,1,2,83,0,0,0,1,9,1977,9,9,3141,0,0,0,0,0,0,0,0,0
201111,999,12260, ,Augusta-Richmond County  GA-SC ,142,142,24616,0,0,0,0,0,0,0,0,0,106,106,18874,0,0,0,0,0,0,0,0,0
201111,999,12540, ,Bakersfield-Delano  CA ,75,75,14260,0,0,0,0,0,0,3,85,6250,16,16,2484,0,0,0,0,0,0,1,49,2308
201111,999,12620, ,Bangor  ME ,8,8,1261,1,2,200,0,0,0,0,0,0,6,6,837,1,2,200,0,0,0,0,0,0
201111,999,12700, ,Barnstable Town  MA ,41,41,13858,2,4,625,1,4,750,0,0,0,34,34,12013,2,4,625,1,4,750,0,0,0
201111,999,12980, ,Battle Creek  MI ,0,0,0,0,0,0,0,0,0,0,0,0,0,0,0,0,0,0,0,0,0,0,0,0
201111,999,13140, ,Beaumont-Port Arthur  TX ,62,62,7155,0,0,0,0,0,0,0,0,0,62,62,7155,0,0,0,0,0,0,0,0,0
201111,999,13380, ,Bellingham  WA ,11,11,2272,0,0,0,0,0,0,0,0,0,6,6,1113,0,0,0,0,0,0,0,0,0
201111,999,13740, ,Billings  MT ,21,21,4501,0,0,0,0,0,0,0,0,0,21,21,4501,0,0,0,0,0,0,0,0,0
201111,999,13780, ,Binghamton  NY ,1,1,80,0,0,0,0,0,0,0,0,0,1,1,80,0,0,0,0,0,0,0,0,0
201111,999,13900, ,Bismarck  ND ,40,40,6963,0,0,0,1,3,390,1,7,501,9,9,1631,0,0,0,0,0,0,0,0,0
201111,999,14020, ,Bloomington  IN ,14,14,2342,0,0,0,0,0,0,0,0,0,14,14,2342,0,0,0,0,0,0,0,0,0
201111,999,14060, ,Bloomington-Normal  IL ,18,18,3694,0,0,0,1,3,240,2,20,1400,18,18,3694,0,0,0,1,3,240,2,20,1400
201111,999,14260,C,Boise City-Nampa  ID ,151,151,37365,0,0,0,7,28,1711,0,0,0,148,148,36705,0,0,0,7,28,1711,0,0,0
201111,999,14540, ,Bowling Green  KY ,19,19,3504,0,0,0,2,8,350,3,52,7060,19,19,3504,0,0,0,2,8,350,3,52,7060
201111,999,15260, ,Brunswick  GA ,24,24,5998,0,0,0,0,0,0,0,0,0,0,0,0,0,0,0,0,0,0,0,0,0
201111,999,15540, ,Burlington-South Burlington  VT ,14,14,3126,0,0,0,1,3,548,1,12,1382,10,10,2007,0,0,0,0,0,0,0,0,0
201111,999,15940, ,Canton-Massillon  OH ,11,11,2041,1,2,202,0,0,0,0,0,0,11,11,2041,1,2,202,0,0,0,0,0,0
201111,999,15980,C,Cape Coral-Fort Myers  FL ,97,97,19578,0,0,0,2,8,1244,1,250,53010,97,97,19578,0,0,0,2,8,1244,1,250,53010
201111,999,16180,C,Carson City  NV ,0,0,0,0,0,0,0,0,0,0,0,0,0,0,0,0,0,0,0,0,0,0,0,0
201111,999,16220, ,Casper  WY ,24,24,4143,0,0,0,0,0,0,0,0,0,24,24,4143,0,0,0,0,0,0,0,0,0
201111,999,16300, ,Cedar Rapids  IA ,43,43,4917,2,4,379,2,7,577,0,0,0,43,43,4917,2,4,379,2,7,577,0,0,0
201111,999,16580, ,Champaign-Urbana  IL ,12,12,2852,0,0,0,0,0,0,5,111,7716,12,12,2852,0,0,0,0,0,0,5,111,7716
201111,999,16620, ,Charleston  WV ,4,4,1538,0,0,0,0,0,0,0,0,0,4,4,1538,0,0,0,0,0,0,0,0,0
201111,999,16700,C,Charleston-North Charleston-Summerville  SC ,178,178,41473,0,0,0,0,0,0,3,101,3758,120,120,32975,0,0,0,0,0,0,2,80,2706
201111,999,16820, ,Charlottesville  VA ,35,35,6504,0,0,0,0,0,0,0,0,0,35,35,6504,0,0,0,0,0,0,0,0,0
201111,999,16940, ,Cheyenne  WY ,21,21,3030,0,0,0,0,0,0,0,0,0,21,21,3030,0,0,0,0,0,0,0,0,0
201111,999,17020, ,Chico  CA ,24,24,4235,0,0,0,0,0,0,0,0,0,24,24,4235,0,0,0,0,0,0,0,0,0
201111,999,17300, ,Clarksville  TN-KY ,95,95,12709,0,0,0,2,6,348,3,19,1200,95,95,12709,0,0,0,2,6,348,3,19,1200
201111,999,17660, ,Coeur dAlene  ID ,25,25,4155,0,0,0,0,0,0,1,13,1006,16,16,2856,0,0,0,0,0,0,0,0,0
201111,999,17780, ,College Station-Bryan  TX ,23,23,3555,0,0,0,0,0,0,3,26,1381,23,23,3555,0,0,0,0,0,0,3,26,1381
201111,999,17820,C,Colorado Springs  CO ,142,142,46988,0,0,0,0,0,0,0,0,0,142,142,46988,0,0,0,0,0,0,0,0,0
201111,999,17860, ,Columbia  MO ,41,41,6650,0,0,0,0,0,0,1,6,518,12,12,1683,0,0,0,0,0,0,0,0,0
201111,999,18880, ,Crestview-Fort Walton Beach-Destin  FL ,19,19,6186,0,0,0,0,0,0,0,0,0,19,19,6186,0,0,0,0,0,0,0,0,0
201111,999,19060, ,Cumberland  MD-WV ,5,5,561,0,0,0,0,0,0,0,0,0,5,5,561,0,0,0,0,0,0,0,0,0
201111,999,19140,C,Dalton  GA ,6,6,941,0,0,0,0,0,0,0,0,0,2,2,359,0,0,0,0,0,0,0,0,0
201111,999,19180, ,Danville  IL ,0,0,0,0,0,0,0,0,0,0,0,0,0,0,0,0,0,0,0,0,0,0,0,0
201111,999,19260, ,Danville  VA ,4,4,497,0,0,0,0,0,0,1,5,295,0,0,0,0,0,0,0,0,0,0,0,0
201111,999,19340, ,Davenport-Moline-Rock Island  IA-IL ,21,21,4454,1,2,249,0,0,0,1,11,493,13,13,3234,0,0,0,0,0,0,0,0,0
201111,999,19500, ,Decatur  IL ,1,1,202,0,0,0,0,0,0,0,0,0,1,1,202,0,0,0,0,0,0,0,0,0
201111,999,20100,C,Dover  DE ,46,46,6051,1,2,212,0,0,0,2,10,470,2,2,279,1,2,212,0,0,0,0,0,0
201111,999,20220, ,Dubuque  IA ,9,9,1674,0,0,0,0,0,0,0,0,0,9,9,1674,0,0,0,0,0,0,0,0,0
201111,999,20260, ,Duluth  MN-WI ,20,20,2789,1,2,206,0,0,0,1,5,574,5,5,652,1,2,206,0,0,0,0,0,0
201111,999,20940, ,El Centro  CA ,0,0,0,0,0,0,0,0,0,0,0,0,0,0,0,0,0,0,0,0,0,0,0,0
201111,999,21300, ,Elmira  NY ,0,0,0,0,0,0,0,0,0,0,0,0,0,0,0,0,0,0,0,0,0,0,0,0
201111,999,21340, ,El Paso  TX ,213,213,4767,6,12,1730,0,0,0,0,0,0,213,213,4767,6,12,1730,0,0,0,0,0,0
201111,999,21500, ,Erie  PA ,7,7,972,0,0,0,0,0,0,0,0,0,5,5,927,0,0,0,0,0,0,0,0,0
201111,999,21660, ,Eugene-Springfield  OR ,23,23,4067,0,0,0,0,0,0,1,5,407,13,13,2142,0,0,0,0,0,0,0,0,0
201111,999,21780, ,Evansville  IN-KY ,31,31,4934,1,2,240,0,0,0,1,6,300,16,16,3039,0,0,0,0,0,0,0,0,0
201111,999,21820,C,Fairbanks  AK ,2,2,368,0,0,0,0,0,0,0,0,0,0,0,0,0,0,0,0,0,0,0,0,0
201111,999,22140,C,Farmington  NM ,11,11,2187,0,0,0,0,0,0,1,10,604,3,3,603,0,0,0,0,0,0,0,0,0
201111,999,22180, ,Fayetteville  NC ,116,116,19699,0,0,0,0,0,0,16,326,30904,116,116,19699,0,0,0,0,0,0,16,326,30904
201111,999,22220, ,Fayetteville-Springdale-Rogers  AR-MO ,77,77,18778,0,0,0,0,0,0,0,0,0,58,58,13384,0,0,0,0,0,0,0,0,0
201111,999,22380, ,Flagstaff  AZ ,8,8,1706,0,0,0,0,0,0,0,0,0,2,2,322,0,0,0,0,0,0,0,0,0
201111,999,22500, ,Florence  SC ,24,24,3635,1,2,102,0,0,0,0,0,0,5,5,1246,0,0,0,0,0,0,0,0,0
201111,999,22520, ,Florence-Muscle Shoals  AL ,7,7,733,0,0,0,0,0,0,6,56,2977,2,2,143,0,0,0,0,0,0,6,56,2977
201111,999,22660,C,Fort Collins-Loveland  CO ,31,31,7130,0,0,0,1,3,392,1,8,876,31,31,7130,0,0,0,1,3,392,1,8,876
201111,999,22900, ,Fort Smith  AR-OK ,21,21,3692,3,6,735,0,0,0,0,0,0,18,18,3323,3,6,735,0,0,0,0,0,0
201111,999,23460, ,Gadsden  AL ,2,2,283,0,0,0,0,0,0,0,0,0,2,2,283,0,0,0,0,0,0,0,0,0
201111,999,23540, ,Gainesville  FL ,15,15,2012,0,0,0,0,0,0,1,14,858,9,9,1248,0,0,0,0,0,0,0,0,0
201111,999,24140, ,Goldsboro  NC ,10,10,1618,0,0,0,0,0,0,0,0,0,10,10,1618,0,0,0,0,0,0,0,0,0
201111,999,24220, ,Grand Forks  ND-MN ,7,7,1925,1,2,331,0,0,0,2,93,7800,7,7,1925,1,2,331,0,0,0,2,93,7800
201111,999,24300,C,Grand Junction  CO ,31,31,6968,1,2,484,0,0,0,0,0,0,31,31,6968,1,2,484,0,0,0,0,0,0
201111,999,24500, ,Great Falls  MT ,2,2,351,1,2,320,0,0,0,0,0,0,2,2,351,1,2,320,0,0,0,0,0,0
201111,999,24580, ,Green Bay  WI ,30,30,6046,1,2,215,0,0,0,2,10,338,21,21,4887,0,0,0,0,0,0,0,0,0
201111,999,24780, ,Greenville  NC ,17,17,1955,1,2,180,0,0,0,0,0,0,17,17,1955,1,2,180,0,0,0,0,0,0
201111,999,25180, ,Hagerstown-Martinsburg  MD-WV ,37,37,6520,0,0,0,0,0,0,0,0,0,37,37,6520,0,0,0,0,0,0,0,0,0
201111,999,25260, ,Hanford-Corcoran  CA ,4,4,577,0,0,0,0,0,0,0,0,0,3,3,440,0,0,0,0,0,0,0,0,0
201111,999,25500,C,Harrisonburg  VA ,28,28,4105,0,0,0,0,0,0,0,0,0,28,28,4105,0,0,0,0,0,0,0,0,0
201111,999,25620, ,Hattiesburg  MS ,2,2,539,0,0,0,0,0,0,0,0,0,2,2,539,0,0,0,0,0,0,0,0,0
201111,999,25860, ,Hickory-Lenoir-Morganton  NC ,24,24,5182,0,0,0,0,0,0,0,0,0,24,24,5182,0,0,0,0,0,0,0,0,0
201111,999,26180,C,Honolulu  HI ,56,56,16010,0,0,0,0,0,0,4,202,28985,56,56,16010,0,0,0,0,0,0,4,202,28985
201111,999,26300, ,Hot Springs  AR ,5,5,956,0,0,0,0,0,0,0,0,0,5,5,956,0,0,0,0,0,0,0,0,0
201111,999,26380, ,Houma-Bayou Cane-Thibodaux  LA ,32,32,8355,0,0,0,0,0,0,0,0,0,32,32,8355,0,0,0,0,0,0,0,0,0
201111,999,26580, ,Huntington-Ashland  WV-KY-OH ,3,3,256,0,0,0,0,0,0,1,5,250,0,0,0,0,0,0,0,0,0,0,0,0
201111,999,26980, ,Iowa City  IA ,26,26,6975,1,2,272,0,0,0,1,12,1886,16,16,5335,0,0,0,0,0,0,1,12,1886
201111,999,27100, ,Jackson  MI ,1,1,109,0,0,0,0,0,0,0,0,0,0,0,0,0,0,0,0,0,0,0,0,0
201111,999,27260,C,Jacksonville  FL ,223,223,48367,0,0,0,0,0,0,18,406,31773,222,222,48283,0,0,0,0,0,0,18,406,31773
201111,999,27340, ,Jacksonville  NC ,150,150,16193,1,2,100,1,4,240,0,0,0,150,150,16193,1,2,100,1,4,240,0,0,0
201111,999,27500, ,Janesville  WI ,4,4,645,0,0,0,0,0,0,0,0,0,4,4,645,0,0,0,0,0,0,0,0,0
201111,999,27620, ,Jefferson City  MO ,9,9,1641,1,2,209,0,0,0,0,0,0,3,3,395,0,0,0,0,0,0,0,0,0
201111,999,27780, ,Johnstown  PA ,0,0,0,0,0,0,0,0,0,0,0,0,0,0,0,0,0,0,0,0,0,0,0,0
201111,999,27900, ,Joplin  MO ,5,5,778,1,2,137,0,0,0,1,5,341,0,0,0,0,0,0,0,0,0,0,0,0
201111,999,28020, ,Kalamazoo-Portage  MI ,20,20,3869,1,2,434,0,0,0,0,0,0,10,10,2211,0,0,0,0,0,0,0,0,0
201111,999,28420, ,Kennewick-Pasco-Richland  WA ,95,95,22331,0,0,0,0,0,0,2,66,7048,10,10,2395,0,0,0,0,0,0,0,0,0
201111,999,28660, ,Killeen-Temple-Fort Hood  TX ,110,110,17949,3,6,567,0,0,0,0,0,0,109,109,17827,3,6,567,0,0,0,0,0,0
201111,999,29100, ,La Crosse  WI-MN ,10,10,1941,0,0,0,0,0,0,0,0,0,4,4,885,0,0,0,0,0,0,0,0,0
201111,999,29420, ,Lake Havasu City-Kingman  AZ ,20,20,4038,0,0,0,0,0,0,0,0,0,20,20,4038,0,0,0,0,0,0,0,0,0
201111,999,29460,C,Lakeland-Winter Haven  FL ,72,72,12298,0,0,0,0,0,0,0,0,0,68,68,11897,0,0,0,0,0,0,0,0,0
201111,999,29540, ,Lancaster  PA ,40,40,5907,0,0,0,0,0,0,2,28,2777,26,26,4170,0,0,0,0,0,0,2,28,2777
201111,999,29700,C,Laredo  TX ,66,66,9687,0,0,0,0,0,0,0,0,0,66,66,9687,0,0,0,0,0,0,0,0,0
201111,999,29740,C,Las Cruces  NM ,35,35,7530,0,0,0,0,0,0,0,0,0,30,30,6625,0,0,0,0,0,0,0,0,0
201111,999,29940, ,Lawrence  KS ,4,4,893,0,0,0,0,0,0,0,0,0,3,3,644,0,0,0,0,0,0,0,0,0
201111,999,30020, ,Lawton  OK ,12,12,2237,0,0,0,0,0,0,0,0,0,12,12,2237,0,0,0,0,0,0,0,0,0
201111,999,30300, ,Lewiston  ID-WA ,1,1,197,0,0,0,0,0,0,0,0,0,0,0,0,0,0,0,0,0,0,0,0,0
201111,999,30700, ,Lincoln  NE ,60,60,11579,0,0,0,0,0,0,0,0,0,59,59,11444,0,0,0,0,0,0,0,0,0
201111,999,30860, ,Logan  UT-ID ,14,14,2742,0,0,0,1,3,250,5,112,8948,13,13,2592,0,0,0,0,0,0,4,105,8364
201111,999,31020, ,Longview  WA ,6,6,1218,0,0,0,0,0,0,0,0,0,6,6,1218,0,0,0,0,0,0,0,0,0
201111,999,31340, ,Lynchburg  VA ,17,17,3352,0,0,0,0,0,0,0,0,0,17,17,3352,0,0,0,0,0,0,0,0,0
201111,999,31740, ,Manhattan  KS ,15,15,3430,0,0,0,0,0,0,0,0,0,15,15,3430,0,0,0,0,0,0,0,0,0
201111,999,31860, ,Mankato-North Mankato  MN ,4,4,1100,0,0,0,2,8,680,1,60,7638,4,4,1100,0,0,0,2,8,680,1,60,7638
201111,999,32580,C,McAllen-Edinburg-Mission  TX ,179,179,27628,3,6,220,1,4,100,0,0,0,157,157,25066,3,6,220,1,4,100,0,0,0
201111,999,32780, ,Medford  OR ,22,22,3843,0,0,0,0,0,0,0,0,0,19,19,3350,0,0,0,0,0,0,0,0,0
201111,999,32820,C,Memphis  TN-MS-AR ,164,164,30050,0,0,0,0,0,0,3,170,20236,136,136,25797,0,0,0,0,0,0,2,165,16764
201111,999,32900, ,Merced  CA ,3,3,717,0,0,0,0,0,0,10,70,6415,0,0,0,0,0,0,0,0,0,10,70,6415
201111,999,33100,C,Miami-Fort Lauderdale-Pompano Beach  FL ,308,308,91445,3,6,1134,0,0,0,17,414,36155,293,293,88111,3,6,1134,0,0,0,13,379,31710
201111,999,33540,C,Missoula  MT ,6,6,787,2,4,198,0,0,0,1,8,206,6,6,787,2,4,198,0,0,0,1,8,206
201111,999,33700, ,Modesto  CA ,4,4,658,0,0,0,0,0,0,0,0,0,0,0,0,0,0,0,0,0,0,0,0,0
201111,999,34060, ,Morgantown  WV ,0,0,0,0,0,0,0,0,0,0,0,0,0,0,0,0,0,0,0,0,0,0,0,0
201111,999,34620, ,Muncie  IN ,4,4,387,0,0,0,0,0,0,0,0,0,4,4,387,0,0,0,0,0,0,0,0,0
201111,999,34940,C,Naples-Marco Island  FL ,65,65,18884,0,0,0,0,0,0,2,16,850,65,65,18884,0,0,0,0,0,0,2,16,850
201111,999,35660, ,Niles-Benton Harbor  MI ,10,10,1555,0,0,0,0,0,0,0,0,0,10,10,1555,0,0,0,0,0,0,0,0,0
201111,999,35980, ,Norwich-New London  CT ,14,14,2115,0,0,0,0,0,0,0,0,0,9,9,1059,0,0,0,0,0,0,0,0,0
201111,999,36100,C,Ocala  FL ,33,33,10809,0,0,0,0,0,0,0,0,0,33,33,10809,0,0,0,0,0,0,0,0,0
201111,999,36140,C,Ocean City  NJ ,33,33,8645,8,16,3625,0,0,0,2,10,118,29,29,7955,7,14,2395,0,0,0,2,10,118
201111,999,36980, ,Owensboro  KY ,18,18,1606,0,0,0,0,0,0,0,0,0,18,18,1606,0,0,0,0,0,0,0,0,0
201111,999,37340,C,Palm Bay-Melbourne-Titusville  FL ,49,49,15157,0,0,0,0,0,0,0,0,0,49,49,15157,0,0,0,0,0,0,0,0,0
201111,999,37460, ,Panama City-Lynn Haven-Panama City Beach  FL ,22,22,3001,0,0,0,0,0,0,0,0,0,18,18,1865,0,0,0,0,0,0,0,0,0
201111,999,37620, ,Parkersburg-Marietta-Vienna  WV-OH ,3,3,319,0,0,0,0,0,0,0,0,0,3,3,319,0,0,0,0,0,0,0,0,0
201111,999,37860,C,Pensacola-Ferry Pass-Brent  FL ,91,91,16806,0,0,0,0,0,0,0,0,0,91,91,16806,0,0,0,0,0,0,0,0,0
201111,999,38060,C,Phoenix-Mesa-Glendale  AZ ,527,527,118159,7,14,1646,0,0,0,17,368,46363,522,522,117372,7,14,1646,0,0,0,17,368,46363
201111,999,38340, ,Pittsfield  MA ,0,0,0,0,0,0,0,0,0,0,0,0,0,0,0,0,0,0,0,0,0,0,0,0
201111,999,38540, ,Pocatello  ID ,2,2,213,0,0,0,0,0,0,0,0,0,2,2,213,0,0,0,0,0,0,0,0,0
201111,999,38900,C,Portland-Vancouver-Hillsboro  OR-WA ,219,219,55575,1,2,432,0,0,0,15,223,27449,201,201,52381,1,2,432,0,0,0,14,216,26946
201111,999,39140, ,Prescott  AZ ,21,21,4064,0,0,0,0,0,0,1,7,839,18,18,3579,0,0,0,0,0,0,0,0,0
201111,999,39340, ,Provo-Orem  UT ,100,100,22790,0,0,0,1,4,622,1,5,510,95,95,21918,0,0,0,1,4,622,1,5,510
201111,999,39380,C,Pueblo  CO ,6,6,1276,0,0,0,0,0,0,0,0,0,6,6,1276,0,0,0,0,0,0,0,0,0
201111,999,39660, ,Rapid City  SD ,13,13,2000,1,2,312,0,0,0,0,0,0,13,13,2000,1,2,312,0,0,0,0,0,0
201111,999,39820, ,Redding  CA ,9,9,1650,1,2,187,0,0,0,1,14,1115,9,9,1650,1,2,187,0,0,0,1,14,1115
201111,999,40060,C,Richmond  VA ,145,145,24870,2,4,367,1,4,800,1,44,2824,130,130,22662,2,4,367,1,4,800,1,44,2824
201111,999,40220, ,Roanoke  VA ,36,36,10180,0,0,0,0,0,0,0,0,0,36,36,10180,0,0,0,0,0,0,0,0,0
201111,999,40340, ,Rochester  MN ,19,19,3899,0,0,0,1,3,562,1,16,2426,2,2,353,0,0,0,0,0,0,0,0,0
201111,999,40580, ,Rocky Mount  NC ,11,11,2302,12,24,2640,0,0,0,0,0,0,8,8,2102,12,24,2640,0,0,0,0,0,0
201111,999,40660, ,Rome  GA ,4,4,475,0,0,0,0,0,0,0,0,0,0,0,0,0,0,0,0,0,0,0,0,0
201111,999,41100, ,St. George  UT ,81,81,14490,0,0,0,0,0,0,0,0,0,81,81,14490,0,0,0,0,0,0,0,0,0
201111,999,41140, ,St. Joseph  MO-KS ,6,6,807,1,2,200,1,4,230,0,0,0,6,6,807,1,2,200,1,4,230,0,0,0
201111,999,41420, ,Salem  OR ,20,20,4464,0,0,0,0,0,0,0,0,0,20,20,4464,0,0,0,0,0,0,0,0,0
201111,999,41500, ,Salinas  CA ,14,14,3535,0,0,0,0,0,0,1,10,912,13,13,3089,0,0,0,0,0,0,1,10,912
201111,999,41660,C,San Angelo  TX ,6,6,798,0,0,0,0,0,0,0,0,0,6,6,798,0,0,0,0,0,0,0,0,0
201111,999,41700,C,San Antonio-New Braunfels  TX ,358,358,67774,0,0,0,2,7,370,5,155,10044,121,121,27518,0,0,0,0,0,0,0,0,0
201111,999,41740,C,San Diego-Carlsbad-San Marcos  CA ,223,223,70152,7,14,1940,2,8,1342,5,344,40569,223,223,70152,7,14,1940,2,8,1342,5,344,40569
201111,999,41780, ,Sandusky  OH ,0,0,0,0,0,0,0,0,0,0,0,0,0,0,0,0,0,0,0,0,0,0,0,0
201111,999,42020, ,San Luis Obispo-Paso Robles  CA ,18,18,6709,0,0,0,1,4,615,0,0,0,18,18,6709,0,0,0,1,4,615,0,0,0
201111,999,42060, ,Santa Barbara-Santa Maria-Goleta  CA ,8,8,3435,0,0,0,0,0,0,0,0,0,8,8,3435,0,0,0,0,0,0,0,0,0
201111,999,42540, ,Scranton--Wilkes-Barre  PA ,9,9,1661,0,0,0,0,0,0,0,0,0,3,3,650,0,0,0,0,0,0,0,0,0
201111,999,43100, ,Sheboygan  WI ,3,3,655,0,0,0,0,0,0,0,0,0,0,0,0,0,0,0,0,0,0,0,0,0
201111,999,43620, ,Sioux Falls  SD ,20,20,3642,2,4,431,0,0,0,0,0,0,20,20,3642,2,4,431,0,0,0,0,0,0
201111,999,44060, ,Spokane  WA ,38,38,9384,1,2,248,0,0,0,1,51,6134,38,38,9384,1,2,248,0,0,0,1,51,6134
201111,999,44100, ,Springfield  IL ,3,3,668,3,6,844,0,0,0,0,0,0,2,2,490,3,6,844,0,0,0,0,0,0
201111,999,44140, ,Springfield  MA ,13,13,2581,0,0,0,0,0,0,1,5,359,10,10,1914,0,0,0,0,0,0,0,0,0
201111,999,44180, ,Springfield  MO ,29,29,5583,1,2,181,0,0,0,3,54,2259,12,12,3205,0,0,0,0,0,0,0,0,0
201111,999,44300, ,State College  PA ,8,8,1904,1,2,400,0,0,0,0,0,0,8,8,1904,1,2,400,0,0,0,0,0,0
201111,999,44600, ,Steubenville-Weirton  OH-WV ,0,0,0,0,0,0,0,0,0,0,0,0,0,0,0,0,0,0,0,0,0,0,0,0
201111,999,44700,C,Stockton  CA ,31,31,7726,0,0,0,0,0,0,0,0,0,31,31,7726,0,0,0,0,0,0,0,0,0
201111,999,44940,C,Sumter  SC ,30,30,2968,0,0,0,0,0,0,0,0,0,30,30,2968,0,0,0,0,0,0,0,0,0
201111,999,45220, ,Tallahassee  FL ,37,37,6419,0,0,0,0,0,0,0,0,0,12,12,2707,0,0,0,0,0,0,0,0,0
201111,999,45300,C,Tampa-St. Petersburg-Clearwater  FL ,283,283,74939,2,4,603,3,10,699,9,196,22876,280,280,74366,2,4,603,3,10,699,9,196,22876
201111,999,45460, ,Terre Haute  IN ,9,9,1514,0,0,0,0,0,0,1,5,194,6,6,1209,0,0,0,0,0,0,0,0,0
201111,999,45500, ,Texarkana  TX-Texarkana  AR ,7,7,1958,1,2,152,0,0,0,0,0,0,7,7,1958,1,2,152,0,0,0,0,0,0
201111,999,45820, ,Topeka  KS ,17,17,2957,0,0,0,0,0,0,0,0,0,16,16,2759,0,0,0,0,0,0,0,0,0
201111,999,46060,C,Tucson  AZ ,100,100,23979,0,0,0,0,0,0,2,30,2862,33,33,9326,0,0,0,0,0,0,0,0,0
201111,999,46220, ,Tuscaloosa  AL ,23,23,4729,1,2,266,0,0,0,1,32,2657,6,6,1468,0,0,0,0,0,0,0,0,0
201111,999,46540, ,Utica-Rome  NY ,2,2,276,0,0,0,0,0,0,0,0,0,0,0,0,0,0,0,0,0,0,0,0,0
201111,999,46660, ,Valdosta  GA ,28,28,2696,0,0,0,0,0,0,3,47,2829,0,0,0,0,0,0,0,0,0,0,0,0
201111,999,47020, ,Victoria  TX ,5,5,1019,0,0,0,0,0,0,0,0,0,5,5,1019,0,0,0,0,0,0,0,0,0
201111,999,47260,C,Virginia Beach-Norfolk-Newport News  VA-NC ,200,200,38999,0,0,0,1,4,390,6,200,10500,171,171,32612,0,0,0,1,4,390,5,181,9813
201111,999,47300, ,Visalia-Porterville  CA ,38,38,10501,1,2,30,0,0,0,0,0,0,38,38,10501,1,2,30,0,0,0,0,0,0
201111,999,47380, ,Waco  TX ,23,23,3252,0,0,0,0,0,0,0,0,0,22,22,2893,0,0,0,0,0,0,0,0,0
201111,999,47940, ,Waterloo-Cedar Falls  IA ,26,26,4943,0,0,0,0,0,0,0,0,0,26,26,4943,0,0,0,0,0,0,0,0,0
201111,999,48300, ,Wenatchee-East Wenatchee  WA ,18,18,3082,0,0,0,0,0,0,0,0,0,18,18,3082,0,0,0,0,0,0,0,0,0
201111,999,48540, ,Wheeling  WV-OH ,0,0,0,0,0,0,0,0,0,0,0,0,0,0,0,0,0,0,0,0,0,0,0,0
201111,999,48660, ,Wichita Falls  TX ,8,8,1593,1,2,193,0,0,0,0,0,0,0,0,0,0,0,0,0,0,0,0,0,0
201111,999,48900,C,Wilmington  NC ,128,128,28757,0,0,0,0,0,0,0,0,0,89,89,21789,0,0,0,0,0,0,0,0,0
201111,999,49420, ,Yakima  WA ,2,2,470,0,0,0,0,0,0,0,0,0,2,2,470,0,0,0,0,0,0,0,0,0
201111,999,49740, ,Yuma  AZ ,14,14,1581,0,0,0,0,0,0,0,0,0,14,14,1581,0,0,0,0,0,0,0,0,0
