Survey,CSA,CBSA,MONCOV,CBSA,,1-unit,,,2-units,,,3-4 units,,,5+ units,,,1-unit rep,,,2-units rep,,,3-4 units rep,,,5+ units rep
Date,Code,Code,,Name,Bldgs,Units,Value,Bldgs,Units,Value,Bldgs,Units,Value,Bldgs,Units,Value,Bldgs,Units,Value,Bldgs,Units,Value,      Bldgs,Units,Value,Bldgs,Units,Value
 
201207,102,18700, ,Corvallis  OR ,4,4,961,1,2,307,1,4,264,2,29,3209,0,0,0,0,0,0,0,0,0,0,0,0
201207,104,10580, ,Albany-Schenectady-Troy  NY ,61,61,15777,0,0,0,0,0,0,8,112,6929,57,57,14945,0,0,0,0,0,0,7,90,6310
201207,104,24020, ,Glens Falls  NY ,18,18,3851,0,0,0,0,0,0,0,0,0,10,10,2088,0,0,0,0,0,0,0,0,0
201207,112,11180, ,Ames  IA ,11,11,2744,0,0,0,0,0,0,0,0,0,11,11,2744,0,0,0,0,0,0,0,0,0
201207,118,11540, ,Appleton  WI ,29,29,5620,0,0,0,1,4,450,0,0,0,29,29,5620,0,0,0,1,4,450,0,0,0
201207,118,36780, ,Oshkosh-Neenah  WI ,17,17,1318,1,2,306,0,0,0,0,0,0,17,17,1318,1,2,306,0,0,0,0,0,0
201207,120,11700, ,Asheville  NC ,144,144,20324,0,0,0,0,0,0,0,0,0,104,104,11407,0,0,0,0,0,0,0,0,0
201207,122,12060,C,Atlanta-Sandy Springs-Marietta  GA ,710,710,142515,0,0,0,3,12,2453,19,525,43932,661,661,132908,0,0,0,3,12,2453,17,512,43100
201207,122,23580, ,Gainesville  GA ,27,27,3931,0,0,0,0,0,0,0,0,0,27,27,3931,0,0,0,0,0,0,0,0,0
201207,126,12420,C,Austin-Round Rock-San Marcos  TX ,712,712,133313,0,0,0,1,4,244,13,362,35639,615,615,118853,0,0,0,1,4,244,1,225,26453
201207,132,12940, ,Baton Rouge  LA ,271,271,47206,1,2,158,1,3,249,1,9,733,194,194,35740,0,0,0,0,0,0,0,0,0
201207,140,13460,C,Bend  OR ,90,90,24041,0,0,0,0,0,0,0,0,0,90,90,24041,0,0,0,0,0,0,0,0,0
201207,142,13820,C,Birmingham-Hoover  AL ,153,153,32354,0,0,0,0,0,0,2,30,2322,121,121,26311,0,0,0,0,0,0,1,24,2022
201207,148,14460,C,Boston-Cambridge-Quincy  MA-NH ,364,364,96406,17,34,2707,5,16,2245,14,128,13277,268,268,71637,6,12,1595,3,10,1270,3,23,4000
201207,148,31700, ,Manchester-Nashua  NH ,35,35,6524,4,8,926,0,0,0,0,0,0,31,31,5887,4,8,926,0,0,0,0,0,0
201207,148,39300, ,Providence-New Bedford-Fall River  RI-MA ,106,106,30265,3,6,528,1,3,130,0,0,0,71,71,23693,0,0,0,0,0,0,0,0,0
201207,148,49340, ,Worcester  MA ,56,56,11036,1,2,212,2,7,1020,1,33,3212,37,37,6979,1,2,212,2,7,1020,1,33,3212
201207,154,15180, ,Brownsville-Harlingen  TX ,90,90,8286,2,4,321,0,0,0,0,0,0,76,76,6335,2,4,321,0,0,0,0,0,0
201207,160,15380, ,Buffalo-Niagara Falls  NY ,69,69,15187,0,0,0,0,0,0,0,0,0,69,69,15187,0,0,0,0,0,0,0,0,0
201207,164,16020, ,Cape Girardeau-Jackson  MO-IL ,11,11,2101,1,2,285,0,0,0,0,0,0,10,10,2081,1,2,285,0,0,0,0,0,0
201207,172,16740,C,Charlotte-Gastonia-Rock Hill  NC-SC ,591,591,116913,1,2,412,3,12,1583,19,618,56901,585,585,115505,1,2,412,3,12,1583,19,618,56901
201207,174,16860, ,Chattanooga  TN-GA ,86,86,14146,1,2,92,0,0,0,1,9,837,60,60,10094,0,0,0,0,0,0,0,0,0
201207,174,17420, ,Cleveland  TN ,28,28,3204,0,0,0,0,0,0,0,0,0,28,28,3204,0,0,0,0,0,0,0,0,0
201207,176,16980,C,Chicago-Joliet-Naperville  IL-IN-WI ,533,533,127621,2,4,658,7,22,3573,5,137,21497,457,457,110392,2,4,658,7,22,3573,3,127,20616
201207,176,28100, ,Kankakee-Bradley  IL ,2,2,418,0,0,0,0,0,0,0,0,0,2,2,418,0,0,0,0,0,0,0,0,0
201207,176,33140, ,Michigan City-La Porte  IN ,12,12,2310,0,0,0,0,0,0,0,0,0,12,12,2310,0,0,0,0,0,0,0,0,0
201207,178,17140,C,Cincinnati-Middletown  OH-KY-IN ,274,274,58025,3,6,510,1,3,500,1,14,782,166,166,38235,0,0,0,1,3,500,0,0,0
201207,184,10420, ,Akron  OH ,37,37,10834,0,0,0,0,0,0,0,0,0,37,37,10834,0,0,0,0,0,0,0,0,0
201207,184,17460,C,Cleveland-Elyria-Mentor  OH ,185,185,39328,0,0,0,1,4,420,1,5,530,152,152,33489,0,0,0,1,4,420,0,0,0
201207,192,17900,C,Columbia  SC ,250,250,37867,0,0,0,0,0,0,3,54,3916,68,68,9215,0,0,0,0,0,0,0,0,0
201207,194,12220,C,Auburn-Opelika  AL ,75,75,20738,0,0,0,0,0,0,0,0,0,75,75,20738,0,0,0,0,0,0,0,0,0
201207,194,17980, ,Columbus  GA-AL ,43,43,6104,0,0,0,1,4,182,17,239,15199,20,20,3670,0,0,0,0,0,0,16,224,14061
201207,198,18140,C,Columbus  OH ,250,250,54575,2,4,168,3,10,624,29,464,36262,229,229,49982,2,4,168,2,7,294,28,446,35237
201207,204,18580, ,Corpus Christi  TX ,95,95,15084,0,0,0,0,0,0,0,0,0,92,92,14691,0,0,0,0,0,0,0,0,0
201207,206,19100,C,Dallas-Fort Worth-Arlington  TX ,1571,1571,396001,2,4,464,1,4,405,17,1623,128296,1448,1448,353056,2,4,464,1,4,405,13,1513,121736
201207,206,43300, ,Sherman-Denison  TX ,1,1,227,0,0,0,0,0,0,0,0,0,0,0,0,0,0,0,0,0,0,0,0,0
201207,212,19380, ,Dayton  OH ,65,65,16558,0,0,0,1,4,1051,0,0,0,65,65,16558,0,0,0,1,4,1051,0,0,0
201207,212,44220, ,Springfield  OH ,2,2,175,0,0,0,0,0,0,0,0,0,2,2,175,0,0,0,0,0,0,0,0,0
201207,216,14500, ,Boulder  CO ,18,18,4870,0,0,0,0,0,0,0,0,0,18,18,4870,0,0,0,0,0,0,0,0,0
201207,216,19740,C,Denver-Aurora-Broomfield  CO ,552,552,135117,14,28,4861,0,0,0,8,516,49251,545,545,132259,14,28,4861,0,0,0,8,516,49251
201207,216,24540,C,Greeley  CO ,123,123,26848,0,0,0,0,0,0,2,15,1184,92,92,20086,0,0,0,0,0,0,0,0,0
201207,218,19780,C,Des Moines-West Des Moines  IA ,301,301,64780,1,2,396,0,0,0,1,12,1710,294,294,63041,1,2,396,0,0,0,1,12,1710
201207,220,11460, ,Ann Arbor  MI ,23,23,6135,0,0,0,0,0,0,1,25,1557,14,14,3286,0,0,0,0,0,0,0,0,0
201207,220,19820,C,Detroit-Warren-Livonia  MI ,412,412,87143,0,0,0,2,7,1102,3,41,5028,383,383,80173,0,0,0,2,7,1102,3,41,5028
201207,220,22420, ,Flint  MI ,9,9,1456,0,0,0,0,0,0,0,0,0,8,8,1229,0,0,0,0,0,0,0,0,0
201207,220,33780, ,Monroe  MI ,10,10,1691,0,0,0,0,0,0,0,0,0,0,0,0,0,0,0,0,0,0,0,0,0
201207,222,20020, ,Dothan  AL ,14,14,3942,0,0,0,0,0,0,0,0,0,14,14,3942,0,0,0,0,0,0,0,0,0
201207,232,20740, ,Eau Claire  WI ,24,24,3486,5,10,1000,0,0,0,2,16,1000,23,23,3415,5,10,1000,0,0,0,2,16,1000
201207,244,22020, ,Fargo  ND-MN ,115,115,20758,0,0,0,0,0,0,4,79,5736,115,115,20758,0,0,0,0,0,0,4,79,5736
201207,252,22540, ,Fond du Lac  WI ,5,5,853,0,0,0,0,0,0,1,6,300,4,4,633,0,0,0,0,0,0,0,0,0
201207,258,23060,C,Fort Wayne  IN ,78,78,16693,0,0,0,0,0,0,3,35,1522,78,78,16693,0,0,0,0,0,0,3,35,1522
201207,260,23420, ,Fresno  CA ,134,134,26166,0,0,0,2,6,1104,1,21,2799,25,25,6030,0,0,0,0,0,0,0,0,0
201207,260,31460, ,Madera-Chowchilla  CA ,13,13,2080,0,0,0,0,0,0,0,0,0,13,13,2080,0,0,0,0,0,0,0,0,0
201207,266,24340,C,Grand Rapids-Wyoming  MI ,100,100,18486,0,0,0,4,16,487,1,6,804,70,70,13110,0,0,0,4,16,487,1,6,804
201207,266,26100, ,Holland-Grand Haven  MI ,39,39,7539,0,0,0,0,0,0,1,5,437,30,30,5725,0,0,0,0,0,0,0,0,0
201207,266,34740, ,Muskegon-Norton Shores  MI ,10,10,1892,0,0,0,0,0,0,0,0,0,8,8,1458,0,0,0,0,0,0,0,0,0
201207,268,15500, ,Burlington  NC ,30,30,4523,0,0,0,0,0,0,0,0,0,30,30,4523,0,0,0,0,0,0,0,0,0
201207,268,24660,C,Greensboro-High Point  NC ,98,98,23044,1,2,193,1,3,295,2,66,2261,98,98,23044,1,2,193,1,3,295,2,66,2261
201207,268,49180, ,Winston-Salem  NC ,43,43,6357,0,0,0,0,0,0,0,0,0,43,43,6357,0,0,0,0,0,0,0,0,0
201207,273,11340, ,Anderson  SC ,30,30,5934,0,0,0,0,0,0,0,0,0,30,30,5934,0,0,0,0,0,0,0,0,0
201207,273,24860,C,Greenville-Maudlin-Easley  SC ,184,184,43669,0,0,0,0,0,0,1,5,515,166,166,40001,0,0,0,0,0,0,0,0,0
201207,273,43900, ,Spartanburg  SC ,70,70,7299,0,0,0,0,0,0,0,0,0,70,70,7299,0,0,0,0,0,0,0,0,0
201207,274,25060, ,Gulfport-Biloxi  MS ,44,44,6173,1,2,150,0,0,0,0,0,0,30,30,4508,1,2,150,0,0,0,0,0,0
201207,274,37700, ,Pascagoula  MS ,21,21,3353,0,0,0,0,0,0,0,0,0,20,20,3158,0,0,0,0,0,0,0,0,0
201207,276,25420, ,Harrisburg-Carlisle  PA ,72,72,13967,0,0,0,4,14,1940,3,101,6596,59,59,11058,0,0,0,4,14,1940,2,96,6246
201207,276,30140, ,Lebanon  PA ,13,13,1665,0,0,0,0,0,0,0,0,0,13,13,1665,0,0,0,0,0,0,0,0,0
201207,278,25540, ,Hartford-West Hartford-East Hartford  CT ,69,69,14818,1,2,155,0,0,0,3,27,2504,58,58,13153,1,2,155,0,0,0,1,12,950
201207,288,26420,C,Houston-Sugar Land-Baytown  TX ,2454,2454,501653,0,0,0,2,8,983,56,1786,99045,1865,1865,386372,0,0,0,2,8,983,51,1716,93778
201207,290,19460, ,Decatur  AL ,14,14,2637,0,0,0,0,0,0,0,0,0,14,14,2637,0,0,0,0,0,0,0,0,0
201207,290,26620, ,Huntsville  AL ,156,156,19999,0,0,0,0,0,0,0,0,0,156,156,19999,0,0,0,0,0,0,0,0,0
201207,292,26820, ,Idaho Falls  ID ,35,35,3839,0,0,0,0,0,0,0,0,0,35,35,3839,0,0,0,0,0,0,0,0,0
201207,294,11300, ,Anderson  IN ,7,7,1273,0,0,0,0,0,0,0,0,0,5,5,751,0,0,0,0,0,0,0,0,0
201207,294,18020, ,Columbus  IN ,11,11,2717,0,0,0,0,0,0,0,0,0,11,11,2717,0,0,0,0,0,0,0,0,0
201207,294,26900,C,Indianapolis-Carmel  IN ,377,377,76839,1,2,120,0,0,0,1,5,226,364,364,75077,0,0,0,0,0,0,0,0,0
201207,296,27060, ,Ithaca  NY ,2,2,490,1,2,95,0,0,0,1,5,557,1,1,247,0,0,0,0,0,0,0,0,0
201207,297,27180, ,Jackson  TN ,24,24,3092,0,0,0,0,0,0,0,0,0,24,24,3092,0,0,0,0,0,0,0,0,0
201207,298,27140, ,Jackson  MS ,119,119,24565,0,0,0,0,0,0,0,0,0,119,119,24565,0,0,0,0,0,0,0,0,0
201207,304,27740, ,Johnson City  TN ,31,31,5930,0,0,0,0,0,0,0,0,0,31,31,5930,0,0,0,0,0,0,0,0,0
201207,304,28700, ,Kingsport-Bristol-Bristol  TN-VA ,24,24,3623,1,2,120,0,0,0,0,0,0,12,12,1735,1,2,120,0,0,0,0,0,0
201207,308,27860, ,Jonesboro  AR ,26,26,3210,0,0,0,0,0,0,8,64,800,26,26,3210,0,0,0,0,0,0,8,64,800
201207,312,28140,C,Kansas City  MO-KS ,285,285,74871,1,2,339,1,4,270,12,133,17255,225,225,59071,0,0,0,1,4,270,11,128,16727
201207,314,28940, ,Knoxville  TN ,88,88,16915,1,2,175,0,0,0,0,0,0,78,78,15706,1,2,175,0,0,0,0,0,0
201207,314,34100, ,Morristown  TN ,11,11,2358,0,0,0,5,15,700,0,0,0,11,11,2358,0,0,0,5,15,700,0,0,0
201207,316,29020, ,Kokomo  IN ,1,1,120,0,0,0,0,0,0,0,0,0,1,1,120,0,0,0,0,0,0,0,0,0
201207,318,29180, ,Lafayette  LA ,84,84,12243,1,2,171,0,0,0,2,12,586,48,48,7488,0,0,0,0,0,0,0,0,0
201207,320,29140, ,Lafayette  IN ,37,37,6171,0,0,0,0,0,0,0,0,0,37,37,6171,0,0,0,0,0,0,0,0,0
201207,324,29340, ,Lake Charles  LA ,55,55,8751,1,2,238,1,4,125,0,0,0,26,26,3461,1,2,238,1,4,125,0,0,0
201207,330,29620, ,Lansing-East Lansing  MI ,26,26,5858,0,0,0,0,0,0,0,0,0,17,17,4120,0,0,0,0,0,0,0,0,0
201207,332,29820,C,Las Vegas-Paradise  NV ,557,557,74672,0,0,0,0,0,0,0,0,0,557,557,74672,0,0,0,0,0,0,0,0,0
201207,336,30460, ,Lexington-Fayette  KY ,102,102,15153,2,4,442,0,0,0,3,56,2505,21,21,4309,0,0,0,0,0,0,0,0,0
201207,338,30620, ,Lima  OH ,2,2,638,0,0,0,0,0,0,0,0,0,1,1,451,0,0,0,0,0,0,0,0,0
201207,340,30780, ,Little Rock-North Little Rock-Conway  AR ,188,188,35025,0,0,0,0,0,0,0,0,0,186,186,34794,0,0,0,0,0,0,0,0,0
201207,340,38220, ,Pine Bluff  AR ,3,3,450,0,0,0,0,0,0,0,0,0,3,3,450,0,0,0,0,0,0,0,0,0
201207,346,30980, ,Longview  TX ,15,15,3122,2,4,100,0,0,0,0,0,0,15,15,3122,2,4,100,0,0,0,0,0,0
201207,348,31100,C,Los Angeles-Long Beach-Santa Ana  CA ,380,380,134254,15,30,6019,2,7,1416,13,1045,134107,325,325,109277,13,26,4900,0,0,0,9,1022,131316
201207,348,37100, ,Oxnard-Thousand Oaks-Ventura  CA ,32,32,9594,0,0,0,1,3,539,1,19,2064,16,16,3130,0,0,0,0,0,0,0,0,0
201207,348,40140,C,Riverside-San Bernardino-Ontario  CA ,343,343,80156,0,0,0,2,6,1240,1,15,1092,309,309,74425,0,0,0,2,6,1240,0,0,0
201207,350,21060, ,Elizabethtown  KY ,17,17,2916,0,0,0,9,36,1071,0,0,0,4,4,504,0,0,0,9,36,1071,0,0,0
201207,350,31140,C,Louisville-Jefferson County  KY-IN ,211,211,40917,0,0,0,2,7,502,2,22,301,188,188,36735,0,0,0,1,4,280,2,22,301
201207,352,31180, ,Lubbock  TX ,66,66,16077,4,8,800,0,0,0,0,0,0,66,66,16077,4,8,800,0,0,0,0,0,0
201207,356,31420, ,Macon  GA ,4,4,767,0,0,0,0,0,0,0,0,0,4,4,767,0,0,0,0,0,0,0,0,0
201207,356,47580, ,Warner Robins  GA ,43,43,9543,0,0,0,0,0,0,0,0,0,43,43,9543,0,0,0,0,0,0,0,0,0
201207,358,31540,C,Madison  WI ,88,88,21229,0,0,0,0,0,0,2,45,4522,58,58,14887,0,0,0,0,0,0,0,0,0
201207,360,31900, ,Mansfield  OH ,4,4,784,0,0,0,0,0,0,0,0,0,4,4,784,0,0,0,0,0,0,0,0,0
201207,372,33260,C,Midland  TX ,48,48,10120,0,0,0,0,0,0,0,0,0,48,48,10120,0,0,0,0,0,0,0,0,0
201207,372,36220,C,Odessa  TX ,35,35,6527,0,0,0,0,0,0,0,0,0,35,35,6527,0,0,0,0,0,0,0,0,0
201207,376,33340,C,Milwaukee-Waukesha-West Allis  WI ,100,100,29976,0,0,0,0,0,0,1,6,465,83,83,24260,0,0,0,0,0,0,1,6,465
201207,376,39540, ,Racine  WI ,14,14,3461,0,0,0,0,0,0,0,0,0,9,9,1888,0,0,0,0,0,0,0,0,0
201207,378,33460,C,Minneapolis-St. Paul-Bloomington  MN-WI ,511,511,141083,0,0,0,2,6,675,5,574,74113,471,471,132135,0,0,0,2,6,675,4,563,73050
201207,378,41060, ,St. Cloud  MN ,25,25,5243,0,0,0,0,0,0,1,10,850,22,22,4742,0,0,0,0,0,0,0,0,0
201207,380,33660, ,Mobile  AL ,70,70,13663,0,0,0,0,0,0,0,0,0,70,70,13663,0,0,0,0,0,0,0,0,0
201207,384,33740, ,Monroe  LA ,30,30,5180,0,0,0,1,3,496,1,8,650,0,0,0,0,0,0,0,0,0,0,0,0
201207,388,33860, ,Montgomery  AL ,40,40,6888,0,0,0,0,0,0,1,9,220,32,32,6041,0,0,0,0,0,0,0,0,0
201207,396,34820, ,Myrtle Beach-North Myrtle Beach-Conway  SC ,173,173,30729,0,0,0,0,0,0,1,5,866,173,173,30729,0,0,0,0,0,0,1,5,866
201207,400,34980,C,Nashville-Davidson--Murfreesboro-Franklin  TN ,512,512,105811,4,8,453,0,0,0,2,26,2221,421,421,86890,4,8,453,0,0,0,2,26,2221
201207,406,35380,C,New Orleans-Metairie-Kenner  LA ,177,177,29889,8,16,1220,0,0,0,0,0,0,147,147,23381,8,16,1220,0,0,0,0,0,0
201207,408,14860, ,Bridgeport-Stamford-Norwalk  CT ,62,62,27077,2,4,1208,1,3,1247,3,131,27241,53,53,18113,2,4,1208,1,3,1247,2,116,26668
201207,408,28740, ,Kingston  NY ,6,6,1190,0,0,0,0,0,0,0,0,0,5,5,972,0,0,0,0,0,0,0,0,0
201207,408,35300, ,New Haven-Milford  CT ,33,33,6321,0,0,0,1,3,454,1,12,738,30,30,5666,0,0,0,1,3,454,0,0,0
201207,408,35620,C,New York-Northern New Jersey-Long Island  NY-NJ-PA ,592,592,159966,69,138,12278,30,95,10365,65,1966,243367,406,406,116702,61,122,10418,27,85,8181,33,1575,200845
201207,408,39100, ,Poughkeepsie-Newburgh-Middletown  NY ,43,43,9263,0,0,0,0,0,0,4,67,6565,30,30,6876,0,0,0,0,0,0,0,0,0
201207,408,45940,C,Trenton-Ewing  NJ ,17,17,4285,0,0,0,0,0,0,2,20,1167,13,13,3812,0,0,0,0,0,0,1,15,1085
201207,416,36420,C,Oklahoma City  OK ,330,330,60642,2,4,330,0,0,0,2,12,687,181,181,37684,0,0,0,0,0,0,0,0,0
201207,420,36540,C,Omaha-Council Bluffs  NE-IA ,246,246,40585,0,0,0,0,0,0,4,41,3229,221,221,35433,0,0,0,0,0,0,3,18,1868
201207,422,19660,C,Deltona-Daytona Beach-Ormond Beach  FL ,71,71,18950,0,0,0,0,0,0,1,14,1372,58,58,15793,0,0,0,0,0,0,0,0,0
201207,422,36740,C,Orlando-Kissimmee-Sanford  FL ,685,685,159666,1,2,197,2,7,824,2,11,1655,637,637,149539,1,2,197,1,4,400,1,6,1118
201207,422,37380,C,Palm Coast  FL ,16,16,4707,0,0,0,0,0,0,0,0,0,16,16,4707,0,0,0,0,0,0,0,0,0
201207,426,37900, ,Peoria  IL ,37,37,8947,0,0,0,0,0,0,0,0,0,18,18,4380,0,0,0,0,0,0,0,0,0
201207,428,37980,C,Philadelphia-Camden-Wilmington  PA-NJ-DE-MD ,453,453,76571,4,8,623,25,78,3629,15,524,116585,271,271,48975,3,6,463,24,75,3277,5,427,109586
201207,428,39740, ,Reading  PA ,7,7,1036,0,0,0,0,0,0,0,0,0,5,5,711,0,0,0,0,0,0,0,0,0
201207,428,47220,C,Vineland-Millville-Bridgeton  NJ ,20,20,1992,0,0,0,0,0,0,0,0,0,4,4,373,0,0,0,0,0,0,0,0,0
201207,430,38300,C,Pittsburgh  PA ,327,327,73766,2,4,260,4,12,1342,1,10,1274,214,214,49480,2,4,260,2,6,700,1,10,1274
201207,438,30340, ,Lewiston-Auburn  ME ,10,10,940,0,0,0,0,0,0,0,0,0,9,9,805,0,0,0,0,0,0,0,0,0
201207,438,38860, ,Portland-South Portland-Biddeford  ME ,105,105,20250,1,2,94,0,0,0,1,5,541,69,69,12866,1,2,94,0,0,0,0,0,0
201207,442,38940,C,Port St. Lucie  FL ,73,73,23269,0,0,0,0,0,0,1,5,930,73,73,23269,0,0,0,0,0,0,1,5,930
201207,442,42680,C,Sebastian-Vero Beach  FL ,34,34,11319,0,0,0,0,0,0,0,0,0,27,27,9394,0,0,0,0,0,0,0,0,0
201207,450,20500,C,Durham-Chapel Hill  NC ,138,138,34085,0,0,0,0,0,0,10,631,52365,102,102,25333,0,0,0,0,0,0,10,631,52365
201207,450,39580,C,Raleigh-Cary  NC ,650,650,123519,0,0,0,0,0,0,0,0,0,650,650,123519,0,0,0,0,0,0,0,0,0
201207,456,39900,C,Reno-Sparks  NV ,103,103,24320,0,0,0,0,0,0,0,0,0,102,102,24155,0,0,0,0,0,0,0,0,0
201207,464,40380, ,Rochester  NY ,97,97,17606,2,4,493,0,0,0,4,119,9226,82,82,14695,1,2,379,0,0,0,3,114,9011
201207,466,40420, ,Rockford  IL ,8,8,969,0,0,0,0,0,0,0,0,0,6,6,688,0,0,0,0,0,0,0,0,0
201207,472,40900,C,Sacramento--Arden-Arcade--Roseville  CA ,338,338,83698,1,2,299,4,14,1517,1,6,893,335,335,82944,1,2,299,4,14,1517,1,6,893
201207,472,49700, ,Yuba City  CA ,15,15,2601,0,0,0,0,0,0,0,0,0,15,15,2601,0,0,0,0,0,0,0,0,0
201207,474,13020, ,Bay City  MI ,1,1,221,0,0,0,0,0,0,0,0,0,0,0,0,0,0,0,0,0,0,0,0,0
201207,474,40980, ,Saginaw-Saginaw Township North  MI ,3,3,606,0,0,0,0,0,0,1,5,255,3,3,606,0,0,0,0,0,0,1,5,255
201207,476,41180,C,St. Louis  MO-IL ,356,356,75818,6,12,1346,2,7,834,3,23,2216,244,244,44702,5,10,1060,0,0,0,0,0,0
201207,480,41540, ,Salisbury  MD ,2,2,245,0,0,0,0,0,0,0,0,0,1,1,109,0,0,0,0,0,0,0,0,0
201207,482,36260, ,Ogden-Clearfield  UT ,137,137,34329,0,0,0,1,4,354,7,170,9593,115,115,29375,0,0,0,1,4,354,6,128,6687
201207,482,41620,C,Salt Lake City  UT ,250,250,59137,1,2,198,1,3,434,7,72,6601,180,180,44864,0,0,0,0,0,0,2,18,2350
201207,488,34900, ,Napa  CA ,3,3,900,0,0,0,0,0,0,0,0,0,3,3,900,0,0,0,0,0,0,0,0,0
201207,488,41860,C,San Francisco-Oakland-Fremont  CA ,300,300,114929,1,2,800,2,6,2682,15,1020,161181,250,250,88316,1,2,800,2,6,2682,9,986,157854
201207,488,41940,C,San Jose-Sunnyvale-Santa Clara  CA ,170,170,56455,0,0,0,0,0,0,5,74,9596,163,163,52517,0,0,0,0,0,0,5,74,9596
201207,488,42100, ,Santa Cruz-Watsonville  CA ,12,12,2594,0,0,0,0,0,0,0,0,0,12,12,2594,0,0,0,0,0,0,0,0,0
201207,488,42220, ,Santa Rosa-Petaluma  CA ,17,17,5910,0,0,0,0,0,0,0,0,0,17,17,5910,0,0,0,0,0,0,0,0,0
201207,488,46700, ,Vallejo-Fairfield  CA ,50,50,8614,0,0,0,0,0,0,0,0,0,50,50,8614,0,0,0,0,0,0,0,0,0
201207,492,42140,C,Santa Fe  NM ,13,13,1734,0,0,0,0,0,0,0,0,0,0,0,0,0,0,0,0,0,0,0,0,0
201207,494,35840,C,North Port-Bradenton-Sarasota  FL ,241,241,63977,0,0,0,5,16,2379,0,0,0,238,238,63039,0,0,0,5,16,2379,0,0,0
201207,494,39460,C,Punta Gorda  FL ,26,26,5223,0,0,0,0,0,0,0,0,0,26,26,5223,0,0,0,0,0,0,0,0,0
201207,496,25980, ,Hinesville-Fort Stewart  GA ,10,10,2766,0,0,0,0,0,0,0,0,0,10,10,2766,0,0,0,0,0,0,0,0,0
201207,496,42340, ,Savannah  GA ,75,75,12600,0,0,0,0,0,0,7,46,2682,63,63,10388,0,0,0,0,0,0,3,24,960
201207,500,14740, ,Bremerton-Silverdale  WA ,42,42,8900,0,0,0,0,0,0,0,0,0,42,42,8900,0,0,0,0,0,0,0,0,0
201207,500,34580, ,Mount Vernon-Anacortes  WA ,24,24,5246,0,0,0,0,0,0,0,0,0,12,12,2985,0,0,0,0,0,0,0,0,0
201207,500,36500, ,Olympia  WA ,63,63,15413,0,0,0,0,0,0,0,0,0,63,63,15413,0,0,0,0,0,0,0,0,0
201207,500,42660,C,Seattle-Tacoma-Bellevue  WA ,721,721,197807,19,38,5200,6,23,1666,9,841,113351,672,672,181904,18,36,4815,6,23,1666,8,832,112475
201207,508,43340, ,Shreveport-Bossier City  LA ,96,96,17512,0,0,0,0,0,0,1,33,2009,55,55,12497,0,0,0,0,0,0,0,0,0
201207,512,43580, ,Sioux City  IA-NE-SD ,14,14,3562,0,0,0,0,0,0,0,0,0,7,7,1569,0,0,0,0,0,0,0,0,0
201207,515,21140, ,Elkhart-Goshen  IN ,10,10,1663,0,0,0,0,0,0,0,0,0,10,10,1663,0,0,0,0,0,0,0,0,0
201207,515,43780, ,South Bend-Mishawaka  IN-MI ,19,19,4400,0,0,0,0,0,0,2,24,1389,17,17,4055,0,0,0,0,0,0,2,24,1389
201207,532,45060, ,Syracuse  NY ,46,46,9415,0,0,0,0,0,0,0,0,0,43,43,8812,0,0,0,0,0,0,0,0,0
201207,534,45780, ,Toledo  OH ,37,37,6623,1,2,179,0,0,0,0,0,0,24,24,3891,0,0,0,0,0,0,0,0,0
201207,538,46140,C,Tulsa  OK ,233,233,43483,0,0,0,0,0,0,0,0,0,232,232,43420,0,0,0,0,0,0,0,0,0
201207,540,46340, ,Tyler  TX ,12,12,2117,0,0,0,0,0,0,1,9,416,0,0,0,0,0,0,0,0,0,0,0,0
201207,548,12580,C,Baltimore-Towson  MD ,384,384,79897,0,0,0,0,0,0,2,137,11685,265,265,52865,0,0,0,0,0,0,0,0,0
201207,548,47900,C,Washington-Arlington-Alexandria  DC-VA-MD-WV ,946,946,192591,7,14,2048,0,0,0,7,896,67974,870,870,174094,2,4,881,0,0,0,5,634,53933
201207,548,49020, ,Winchester  VA-WV ,32,32,5808,0,0,0,0,0,0,0,0,0,32,32,5808,0,0,0,0,0,0,0,0,0
201207,554,48140, ,Wausau  WI ,15,15,3181,0,0,0,0,0,0,0,0,0,4,4,891,0,0,0,0,0,0,0,0,0
201207,556,48620, ,Wichita  KS ,61,61,11246,14,28,3610,0,0,0,0,0,0,55,55,10177,14,28,3610,0,0,0,0,0,0
201207,558,48700, ,Williamsport  PA ,1,1,475,0,0,0,0,0,0,0,0,0,1,1,475,0,0,0,0,0,0,0,0,0
201207,564,49620, ,York-Hanover  PA ,42,42,7112,0,0,0,0,0,0,0,0,0,40,40,6624,0,0,0,0,0,0,0,0,0
201207,566,49660, ,Youngstown-Warren-Boardman  OH-PA ,27,27,6214,0,0,0,0,0,0,0,0,0,12,12,2570,0,0,0,0,0,0,0,0,0
201207,999,10180, ,Abilene  TX ,24,24,4537,0,0,0,0,0,0,0,0,0,24,24,4537,0,0,0,0,0,0,0,0,0
201207,999,10500, ,Albany  GA ,15,15,1707,2,4,300,0,0,0,0,0,0,0,0,0,0,0,0,0,0,0,0,0,0
201207,999,10740,C,Albuquerque  NM ,175,175,31601,1,2,283,1,3,422,2,33,2569,4,4,1502,0,0,0,0,0,0,0,0,0
201207,999,10780, ,Alexandria  LA ,27,27,4459,1,2,208,0,0,0,1,9,590,0,0,0,0,0,0,0,0,0,0,0,0
201207,999,10900,C,Allentown-Bethlehem-Easton  PA-NJ ,94,94,14266,1,2,250,0,0,0,1,5,576,55,55,8299,0,0,0,0,0,0,0,0,0
201207,999,11020, ,Altoona  PA ,2,2,630,0,0,0,0,0,0,0,0,0,2,2,630,0,0,0,0,0,0,0,0,0
201207,999,11100, ,Amarillo  TX ,59,59,16329,0,0,0,0,0,0,0,0,0,59,59,16329,0,0,0,0,0,0,0,0,0
201207,999,11260,C,Anchorage  AK ,33,33,11635,5,10,1925,2,7,1411,1,6,1258,30,30,11094,5,10,1925,2,7,1411,1,6,1258
201207,999,11500, ,Anniston-Oxford  AL ,5,5,773,0,0,0,0,0,0,0,0,0,5,5,773,0,0,0,0,0,0,0,0,0
201207,999,12020, ,Athens-Clarke County  GA ,29,29,5375,0,0,0,0,0,0,0,0,0,29,29,5375,0,0,0,0,0,0,0,0,0
201207,999,12100,C,Atlantic City-Hammonton  NJ ,29,29,3685,1,2,400,0,0,0,1,6,1318,16,16,2501,1,2,400,0,0,0,0,0,0
201207,999,12260, ,Augusta-Richmond County  GA-SC ,160,160,26433,1,2,180,0,0,0,0,0,0,151,151,25425,1,2,180,0,0,0,0,0,0
201207,999,12540, ,Bakersfield-Delano  CA ,83,83,16229,1,2,145,0,0,0,2,21,1419,5,5,606,0,0,0,0,0,0,0,0,0
201207,999,12620, ,Bangor  ME ,10,10,2081,1,2,109,0,0,0,0,0,0,7,7,1445,0,0,0,0,0,0,0,0,0
201207,999,12700, ,Barnstable Town  MA ,22,22,11244,0,0,0,0,0,0,1,5,683,14,14,8578,0,0,0,0,0,0,0,0,0
201207,999,12980, ,Battle Creek  MI ,2,2,231,0,0,0,0,0,0,0,0,0,1,1,65,0,0,0,0,0,0,0,0,0
201207,999,13140, ,Beaumont-Port Arthur  TX ,55,55,8350,0,0,0,0,0,0,1,112,6225,55,55,8350,0,0,0,0,0,0,1,112,6225
201207,999,13380, ,Bellingham  WA ,26,26,6285,0,0,0,0,0,0,0,0,0,26,26,6285,0,0,0,0,0,0,0,0,0
201207,999,13740, ,Billings  MT ,37,37,7683,0,0,0,0,0,0,0,0,0,37,37,7683,0,0,0,0,0,0,0,0,0
201207,999,13780, ,Binghamton  NY ,3,3,350,0,0,0,0,0,0,0,0,0,3,3,350,0,0,0,0,0,0,0,0,0
201207,999,13900, ,Bismarck  ND ,81,81,15044,0,0,0,1,4,484,1,5,387,19,19,4640,0,0,0,0,0,0,0,0,0
201207,999,14020, ,Bloomington  IN ,11,11,1899,0,0,0,0,0,0,0,0,0,11,11,1899,0,0,0,0,0,0,0,0,0
201207,999,14060, ,Bloomington-Normal  IL ,18,18,3357,0,0,0,0,0,0,0,0,0,18,18,3357,0,0,0,0,0,0,0,0,0
201207,999,14260,C,Boise City-Nampa  ID ,258,258,60691,0,0,0,6,24,1451,5,90,5351,245,245,58416,0,0,0,6,24,1451,5,90,5351
201207,999,14540, ,Bowling Green  KY ,47,47,9297,0,0,0,0,0,0,0,0,0,47,47,9297,0,0,0,0,0,0,0,0,0
201207,999,15260, ,Brunswick  GA ,32,32,8229,0,0,0,0,0,0,0,0,0,0,0,0,0,0,0,0,0,0,0,0,0
201207,999,15540, ,Burlington-South Burlington  VT ,35,35,6618,1,2,180,0,0,0,0,0,0,28,28,4910,1,2,180,0,0,0,0,0,0
201207,999,15940, ,Canton-Massillon  OH ,27,27,5983,2,4,410,0,0,0,2,20,1195,25,25,5770,2,4,410,0,0,0,1,15,826
201207,999,15980,C,Cape Coral-Fort Myers  FL ,167,167,35092,3,6,437,1,4,953,0,0,0,167,167,35092,3,6,437,1,4,953,0,0,0
201207,999,16180,C,Carson City  NV ,1,1,175,0,0,0,0,0,0,0,0,0,1,1,175,0,0,0,0,0,0,0,0,0
201207,999,16220, ,Casper  WY ,21,21,4516,0,0,0,0,0,0,0,0,0,21,21,4516,0,0,0,0,0,0,0,0,0
201207,999,16300, ,Cedar Rapids  IA ,51,51,5115,3,6,348,6,22,1829,0,0,0,51,51,5115,3,6,348,6,22,1829,0,0,0
201207,999,16580, ,Champaign-Urbana  IL ,17,17,3569,0,0,0,0,0,0,2,72,3621,17,17,3569,0,0,0,0,0,0,2,72,3621
201207,999,16620, ,Charleston  WV ,13,13,1989,0,0,0,0,0,0,0,0,0,2,2,55,0,0,0,0,0,0,0,0,0
201207,999,16700,C,Charleston-North Charleston-Summerville  SC ,286,286,70708,0,0,0,0,0,0,2,46,2316,181,181,49563,0,0,0,0,0,0,0,0,0
201207,999,16820, ,Charlottesville  VA ,51,51,8476,1,2,225,0,0,0,0,0,0,36,36,5787,0,0,0,0,0,0,0,0,0
201207,999,16940, ,Cheyenne  WY ,27,27,3242,0,0,0,0,0,0,0,0,0,27,27,3242,0,0,0,0,0,0,0,0,0
201207,999,17020, ,Chico  CA ,33,33,6979,0,0,0,1,4,498,4,20,2113,33,33,6979,0,0,0,1,4,498,4,20,2113
201207,999,17300, ,Clarksville  TN-KY ,82,82,9911,0,0,0,0,0,0,2,16,700,82,82,9911,0,0,0,0,0,0,2,16,700
201207,999,17660, ,Coeur dAlene  ID ,60,60,13070,0,0,0,0,0,0,1,16,1242,44,44,10510,0,0,0,0,0,0,0,0,0
201207,999,17780, ,College Station-Bryan  TX ,56,56,8744,0,0,0,1,4,350,2,241,26812,42,42,6122,0,0,0,0,0,0,1,209,25372
201207,999,17820,C,Colorado Springs  CO ,195,195,66359,0,0,0,0,0,0,0,0,0,195,195,66359,0,0,0,0,0,0,0,0,0
201207,999,17860, ,Columbia  MO ,54,54,10890,5,10,905,0,0,0,0,0,0,54,54,10890,5,10,905,0,0,0,0,0,0
201207,999,18880, ,Crestview-Fort Walton Beach-Destin  FL ,48,48,15457,0,0,0,0,0,0,0,0,0,48,48,15457,0,0,0,0,0,0,0,0,0
201207,999,19060, ,Cumberland  MD-WV ,12,12,1561,0,0,0,0,0,0,0,0,0,12,12,1561,0,0,0,0,0,0,0,0,0
201207,999,19140,C,Dalton  GA ,11,11,1667,0,0,0,0,0,0,0,0,0,6,6,1089,0,0,0,0,0,0,0,0,0
201207,999,19180, ,Danville  IL ,0,0,0,0,0,0,0,0,0,0,0,0,0,0,0,0,0,0,0,0,0,0,0,0
201207,999,19260, ,Danville  VA ,11,11,1759,1,2,60,3,9,180,0,0,0,11,11,1759,1,2,60,3,9,180,0,0,0
201207,999,19340, ,Davenport-Moline-Rock Island  IA-IL ,47,47,10082,1,2,200,0,0,0,1,5,361,16,16,2991,1,2,200,0,0,0,0,0,0
201207,999,19500, ,Decatur  IL ,3,3,630,0,0,0,0,0,0,0,0,0,3,3,630,0,0,0,0,0,0,0,0,0
201207,999,20100,C,Dover  DE ,54,54,7325,0,0,0,1,4,425,0,0,0,6,6,899,0,0,0,1,4,425,0,0,0
201207,999,20220, ,Dubuque  IA ,22,22,3412,1,2,332,0,0,0,2,36,2810,20,20,2925,1,2,332,0,0,0,2,36,2810
201207,999,20260, ,Duluth  MN-WI ,31,31,4673,1,2,219,0,0,0,1,6,688,23,23,3674,0,0,0,0,0,0,0,0,0
201207,999,20940, ,El Centro  CA ,11,11,2478,0,0,0,0,0,0,1,6,981,10,10,2259,0,0,0,0,0,0,0,0,0
201207,999,21300, ,Elmira  NY ,1,1,186,0,0,0,0,0,0,0,0,0,0,0,0,0,0,0,0,0,0,0,0,0
201207,999,21340, ,El Paso  TX ,337,337,33367,1,2,251,0,0,0,9,66,4901,337,337,33367,1,2,251,0,0,0,9,66,4901
201207,999,21500, ,Erie  PA ,9,9,1665,0,0,0,2,7,750,2,17,1400,9,9,1665,0,0,0,2,7,750,2,17,1400
201207,999,21660, ,Eugene-Springfield  OR ,36,36,8753,1,2,281,2,7,991,1,7,937,28,28,7296,1,2,281,2,7,991,1,7,937
201207,999,21780, ,Evansville  IN-KY ,44,44,5668,1,2,150,0,0,0,0,0,0,44,44,5668,1,2,150,0,0,0,0,0,0
201207,999,21820,C,Fairbanks  AK ,5,5,865,0,0,0,0,0,0,0,0,0,1,1,130,0,0,0,0,0,0,0,0,0
201207,999,22140,C,Farmington  NM ,17,17,3646,0,0,0,0,0,0,1,8,535,6,6,1495,0,0,0,0,0,0,0,0,0
201207,999,22180, ,Fayetteville  NC ,137,137,22733,0,0,0,0,0,0,14,336,13910,137,137,22733,0,0,0,0,0,0,14,336,13910
201207,999,22220, ,Fayetteville-Springdale-Rogers  AR-MO ,163,163,36338,1,2,108,0,0,0,0,0,0,159,159,35776,1,2,108,0,0,0,0,0,0
201207,999,22380, ,Flagstaff  AZ ,32,32,6454,1,2,141,0,0,0,0,0,0,26,26,5293,1,2,141,0,0,0,0,0,0
201207,999,22500, ,Florence  SC ,29,29,3634,3,6,306,0,0,0,0,0,0,1,1,166,0,0,0,0,0,0,0,0,0
201207,999,22520, ,Florence-Muscle Shoals  AL ,13,13,1644,0,0,0,0,0,0,4,64,2200,5,5,679,0,0,0,0,0,0,4,64,2200
201207,999,22660,C,Fort Collins-Loveland  CO ,95,95,19779,0,0,0,2,6,787,7,330,29909,95,95,19779,0,0,0,2,6,787,7,330,29909
201207,999,22900, ,Fort Smith  AR-OK ,37,37,5409,2,4,502,0,0,0,0,0,0,33,33,5048,2,4,502,0,0,0,0,0,0
201207,999,23460, ,Gadsden  AL ,7,7,1361,0,0,0,0,0,0,0,0,0,7,7,1361,0,0,0,0,0,0,0,0,0
201207,999,23540, ,Gainesville  FL ,41,41,6303,0,0,0,0,0,0,2,21,1287,34,34,5627,0,0,0,0,0,0,0,0,0
201207,999,24140, ,Goldsboro  NC ,7,7,991,0,0,0,0,0,0,0,0,0,7,7,991,0,0,0,0,0,0,0,0,0
201207,999,24220, ,Grand Forks  ND-MN ,16,16,4034,0,0,0,0,0,0,0,0,0,16,16,4034,0,0,0,0,0,0,0,0,0
201207,999,24300,C,Grand Junction  CO ,18,18,3642,0,0,0,1,4,497,0,0,0,18,18,3642,0,0,0,1,4,497,0,0,0
201207,999,24500, ,Great Falls  MT ,6,6,1553,0,0,0,0,0,0,0,0,0,6,6,1553,0,0,0,0,0,0,0,0,0
201207,999,24580, ,Green Bay  WI ,47,47,13221,0,0,0,0,0,0,0,0,0,29,29,10846,0,0,0,0,0,0,0,0,0
201207,999,24780, ,Greenville  NC ,30,30,4833,5,10,721,0,0,0,0,0,0,17,17,2338,5,10,721,0,0,0,0,0,0
201207,999,25180, ,Hagerstown-Martinsburg  MD-WV ,51,51,9321,0,0,0,2,7,622,3,18,1600,51,51,9321,0,0,0,2,7,622,3,18,1600
201207,999,25260, ,Hanford-Corcoran  CA ,19,19,2704,0,0,0,0,0,0,0,0,0,12,12,1722,0,0,0,0,0,0,0,0,0
201207,999,25500,C,Harrisonburg  VA ,23,23,3272,0,0,0,0,0,0,0,0,0,23,23,3272,0,0,0,0,0,0,0,0,0
201207,999,25620, ,Hattiesburg  MS ,0,0,0,0,0,0,40,160,4206,0,0,0,0,0,0,0,0,0,40,160,4206,0,0,0
201207,999,25860, ,Hickory-Lenoir-Morganton  NC ,26,26,6352,0,0,0,0,0,0,0,0,0,12,12,2375,0,0,0,0,0,0,0,0,0
201207,999,26180,C,Honolulu  HI ,104,104,27478,0,0,0,0,0,0,0,0,0,104,104,27478,0,0,0,0,0,0,0,0,0
201207,999,26300, ,Hot Springs  AR ,6,6,2070,0,0,0,0,0,0,0,0,0,6,6,2070,0,0,0,0,0,0,0,0,0
201207,999,26380, ,Houma-Bayou Cane-Thibodaux  LA ,35,35,7585,0,0,0,0,0,0,0,0,0,35,35,7585,0,0,0,0,0,0,0,0,0
201207,999,26580, ,Huntington-Ashland  WV-KY-OH ,4,4,723,0,0,0,0,0,0,0,0,0,0,0,0,0,0,0,0,0,0,0,0,0
201207,999,26980, ,Iowa City  IA ,50,50,9436,0,0,0,0,0,0,1,5,354,47,47,8800,0,0,0,0,0,0,0,0,0
201207,999,27100, ,Jackson  MI ,7,7,1199,0,0,0,0,0,0,0,0,0,5,5,981,0,0,0,0,0,0,0,0,0
201207,999,27260,C,Jacksonville  FL ,368,368,85365,0,0,0,0,0,0,8,192,13916,367,367,85227,0,0,0,0,0,0,8,192,13916
201207,999,27340, ,Jacksonville  NC ,144,144,16678,2,4,60,3,9,180,3,18,728,144,144,16678,2,4,60,3,9,180,3,18,728
201207,999,27500, ,Janesville  WI ,8,8,1564,0,0,0,0,0,0,0,0,0,7,7,1434,0,0,0,0,0,0,0,0,0
201207,999,27620, ,Jefferson City  MO ,14,14,2749,0,0,0,0,0,0,0,0,0,5,5,879,0,0,0,0,0,0,0,0,0
201207,999,27780, ,Johnstown  PA ,0,0,0,0,0,0,0,0,0,0,0,0,0,0,0,0,0,0,0,0,0,0,0,0
201207,999,27900, ,Joplin  MO ,6,6,911,1,2,137,0,0,0,1,5,341,0,0,0,0,0,0,0,0,0,0,0,0
201207,999,28020, ,Kalamazoo-Portage  MI ,36,36,8713,0,0,0,0,0,0,0,0,0,24,24,6567,0,0,0,0,0,0,0,0,0
201207,999,28420, ,Kennewick-Pasco-Richland  WA ,155,155,37842,0,0,0,0,0,0,2,49,4445,11,11,2738,0,0,0,0,0,0,0,0,0
201207,999,28660, ,Killeen-Temple-Fort Hood  TX ,140,140,21784,3,6,297,0,0,0,1,22,1161,86,86,12063,2,4,210,0,0,0,0,0,0
201207,999,29100, ,La Crosse  WI-MN ,15,15,2331,0,0,0,1,3,200,0,0,0,6,6,747,0,0,0,1,3,200,0,0,0
201207,999,29420, ,Lake Havasu City-Kingman  AZ ,19,19,3741,0,0,0,0,0,0,0,0,0,19,19,3741,0,0,0,0,0,0,0,0,0
201207,999,29460,C,Lakeland-Winter Haven  FL ,115,115,22378,0,0,0,0,0,0,0,0,0,112,112,22060,0,0,0,0,0,0,0,0,0
201207,999,29540, ,Lancaster  PA ,53,53,7504,0,0,0,1,3,195,3,47,3438,40,40,6092,0,0,0,0,0,0,2,40,3000
201207,999,29700,C,Laredo  TX ,70,70,10269,1,2,189,1,3,154,1,36,2531,0,0,0,0,0,0,0,0,0,0,0,0
201207,999,29740,C,Las Cruces  NM ,73,73,13938,0,0,0,0,0,0,0,0,0,73,73,13938,0,0,0,0,0,0,0,0,0
201207,999,29940, ,Lawrence  KS ,15,15,3497,0,0,0,0,0,0,1,31,2610,1,1,200,0,0,0,0,0,0,0,0,0
201207,999,30020, ,Lawton  OK ,11,11,1974,0,0,0,0,0,0,0,0,0,11,11,1974,0,0,0,0,0,0,0,0,0
201207,999,30300, ,Lewiston  ID-WA ,3,3,655,0,0,0,0,0,0,0,0,0,0,0,0,0,0,0,0,0,0,0,0,0
201207,999,30700, ,Lincoln  NE ,69,69,13261,0,0,0,0,0,0,1,34,836,0,0,0,0,0,0,0,0,0,0,0,0
201207,999,30860, ,Logan  UT-ID ,27,27,6436,0,0,0,2,8,971,1,7,634,24,24,5960,0,0,0,1,4,637,0,0,0
201207,999,31020, ,Longview  WA ,7,7,1448,0,0,0,0,0,0,0,0,0,7,7,1448,0,0,0,0,0,0,0,0,0
201207,999,31340, ,Lynchburg  VA ,34,34,7577,0,0,0,0,0,0,0,0,0,34,34,7577,0,0,0,0,0,0,0,0,0
201207,999,31740, ,Manhattan  KS ,23,23,4994,0,0,0,0,0,0,0,0,0,23,23,4994,0,0,0,0,0,0,0,0,0
201207,999,31860, ,Mankato-North Mankato  MN ,14,14,2195,0,0,0,0,0,0,1,5,637,1,1,150,0,0,0,0,0,0,0,0,0
201207,999,32580,C,McAllen-Edinburg-Mission  TX ,246,246,41084,5,10,340,5,20,719,3,36,1700,231,231,39727,5,10,340,5,20,719,3,36,1700
201207,999,32780, ,Medford  OR ,43,43,8771,0,0,0,0,0,0,2,36,4108,43,43,8771,0,0,0,0,0,0,2,36,4108
201207,999,32820,C,Memphis  TN-MS-AR ,178,178,33230,0,0,0,1,4,610,0,0,0,131,131,25677,0,0,0,1,4,610,0,0,0
201207,999,32900, ,Merced  CA ,10,10,2451,0,0,0,0,0,0,0,0,0,10,10,2451,0,0,0,0,0,0,0,0,0
201207,999,33100,C,Miami-Fort Lauderdale-Pompano Beach  FL ,475,475,123098,3,6,730,2,7,1454,17,289,24175,422,422,105136,0,0,0,1,4,1227,14,248,20246
201207,999,33540,C,Missoula  MT ,18,18,2694,0,0,0,1,4,169,1,6,204,18,18,2694,0,0,0,1,4,169,1,6,204
201207,999,33700, ,Modesto  CA ,13,13,2786,0,0,0,0,0,0,0,0,0,5,5,1014,0,0,0,0,0,0,0,0,0
201207,999,34060, ,Morgantown  WV ,1,1,280,0,0,0,0,0,0,0,0,0,1,1,280,0,0,0,0,0,0,0,0,0
201207,999,34620, ,Muncie  IN ,4,4,433,0,0,0,1,3,216,0,0,0,0,0,0,0,0,0,0,0,0,0,0,0
201207,999,34940,C,Naples-Marco Island  FL ,132,132,44537,0,0,0,2,8,1368,4,70,5708,132,132,44537,0,0,0,2,8,1368,4,70,5708
201207,999,35660, ,Niles-Benton Harbor  MI ,2,2,405,0,0,0,1,3,206,0,0,0,1,1,241,0,0,0,0,0,0,0,0,0
201207,999,35980, ,Norwich-New London  CT ,17,17,3270,0,0,0,0,0,0,0,0,0,13,13,2548,0,0,0,0,0,0,0,0,0
201207,999,36100,C,Ocala  FL ,41,41,6899,0,0,0,0,0,0,0,0,0,41,41,6899,0,0,0,0,0,0,0,0,0
201207,999,36140,C,Ocean City  NJ ,23,23,8690,6,12,2578,0,0,0,0,0,0,21,21,8361,6,12,2578,0,0,0,0,0,0
201207,999,36980, ,Owensboro  KY ,24,24,2391,0,0,0,0,0,0,0,0,0,24,24,2391,0,0,0,0,0,0,0,0,0
201207,999,37340,C,Palm Bay-Melbourne-Titusville  FL ,119,119,33420,0,0,0,0,0,0,0,0,0,118,118,33104,0,0,0,0,0,0,0,0,0
201207,999,37460, ,Panama City-Lynn Haven-Panama City Beach  FL ,34,34,6003,0,0,0,0,0,0,0,0,0,34,34,6003,0,0,0,0,0,0,0,0,0
201207,999,37620, ,Parkersburg-Marietta-Vienna  WV-OH ,7,7,1108,0,0,0,0,0,0,0,0,0,7,7,1108,0,0,0,0,0,0,0,0,0
201207,999,37860,C,Pensacola-Ferry Pass-Brent  FL ,134,134,26763,0,0,0,0,0,0,0,0,0,134,134,26763,0,0,0,0,0,0,0,0,0
201207,999,38060,C,Phoenix-Mesa-Glendale  AZ ,1228,1228,281860,3,6,777,5,15,2184,3,224,24626,1158,1158,272568,3,6,777,5,15,2184,1,166,22631
201207,999,38340, ,Pittsfield  MA ,2,2,350,0,0,0,0,0,0,0,0,0,1,1,160,0,0,0,0,0,0,0,0,0
201207,999,38540, ,Pocatello  ID ,14,14,1576,0,0,0,0,0,0,0,0,0,9,9,807,0,0,0,0,0,0,0,0,0
201207,999,38900,C,Portland-Vancouver-Hillsboro  OR-WA ,434,434,109981,3,6,769,0,0,0,16,350,34781,418,418,106502,3,6,769,0,0,0,14,308,30661
201207,999,39140, ,Prescott  AZ ,44,44,11090,0,0,0,0,0,0,0,0,0,32,32,7917,0,0,0,0,0,0,0,0,0
201207,999,39340, ,Provo-Orem  UT ,170,170,40902,2,4,567,2,8,1165,3,26,6948,170,170,40902,2,4,567,2,8,1165,3,26,6948
201207,999,39380,C,Pueblo  CO ,11,11,1766,0,0,0,0,0,0,0,0,0,11,11,1766,0,0,0,0,0,0,0,0,0
201207,999,39660, ,Rapid City  SD ,41,41,7286,0,0,0,0,0,0,0,0,0,34,34,6431,0,0,0,0,0,0,0,0,0
201207,999,39820, ,Redding  CA ,17,17,3262,0,0,0,0,0,0,0,0,0,17,17,3262,0,0,0,0,0,0,0,0,0
201207,999,40060,C,Richmond  VA ,249,249,44940,12,24,2008,1,4,348,7,382,21774,238,238,43190,12,24,2008,1,4,348,7,382,21774
201207,999,40220, ,Roanoke  VA ,33,33,7507,0,0,0,0,0,0,0,0,0,21,21,4328,0,0,0,0,0,0,0,0,0
201207,999,40340, ,Rochester  MN ,49,49,11287,0,0,0,0,0,0,0,0,0,46,46,10651,0,0,0,0,0,0,0,0,0
201207,999,40580, ,Rocky Mount  NC ,12,12,1962,0,0,0,0,0,0,0,0,0,12,12,1962,0,0,0,0,0,0,0,0,0
201207,999,40660, ,Rome  GA ,4,4,569,0,0,0,0,0,0,1,10,649,0,0,0,0,0,0,0,0,0,0,0,0
201207,999,41100, ,St. George  UT ,99,99,17731,0,0,0,0,0,0,0,0,0,99,99,17731,0,0,0,0,0,0,0,0,0
201207,999,41140, ,St. Joseph  MO-KS ,4,4,835,1,2,260,0,0,0,0,0,0,4,4,835,1,2,260,0,0,0,0,0,0
201207,999,41420, ,Salem  OR ,27,27,6039,0,0,0,0,0,0,3,28,2385,26,26,5845,0,0,0,0,0,0,3,28,2385
201207,999,41500, ,Salinas  CA ,9,9,2049,0,0,0,1,3,769,0,0,0,9,9,2049,0,0,0,1,3,769,0,0,0
201207,999,41660,C,San Angelo  TX ,12,12,1539,0,0,0,0,0,0,0,0,0,12,12,1539,0,0,0,0,0,0,0,0,0
201207,999,41700,C,San Antonio-New Braunfels  TX ,411,411,76606,0,0,0,3,9,250,23,402,29559,292,292,60915,0,0,0,2,6,250,21,390,27828
201207,999,41740,C,San Diego-Carlsbad-San Marcos  CA ,274,274,76536,4,8,2088,6,21,3268,4,204,29330,263,263,73292,4,8,2088,6,21,3268,3,193,28343
201207,999,41780, ,Sandusky  OH ,1,1,148,0,0,0,0,0,0,0,0,0,1,1,148,0,0,0,0,0,0,0,0,0
201207,999,42020, ,San Luis Obispo-Paso Robles  CA ,33,33,13837,0,0,0,0,0,0,3,39,3762,33,33,13837,0,0,0,0,0,0,3,39,3762
201207,999,42060, ,Santa Barbara-Santa Maria-Goleta  CA ,2,2,607,0,0,0,0,0,0,0,0,0,2,2,607,0,0,0,0,0,0,0,0,0
201207,999,42540, ,Scranton--Wilkes-Barre  PA ,13,13,2689,0,0,0,1,4,340,0,0,0,9,9,2001,0,0,0,1,4,340,0,0,0
201207,999,43100, ,Sheboygan  WI ,4,4,1017,0,0,0,0,0,0,0,0,0,3,3,870,0,0,0,0,0,0,0,0,0
201207,999,43620, ,Sioux Falls  SD ,91,91,15043,1,2,221,2,8,1006,3,26,2070,91,91,15043,1,2,221,2,8,1006,3,26,2070
201207,999,44060, ,Spokane  WA ,67,67,15140,1,2,319,0,0,0,2,50,4647,17,17,4267,1,2,319,0,0,0,0,0,0
201207,999,44100, ,Springfield  IL ,5,5,1363,1,2,200,0,0,0,0,0,0,5,5,1363,1,2,200,0,0,0,0,0,0
201207,999,44140, ,Springfield  MA ,22,22,4105,0,0,0,0,0,0,1,5,359,18,18,3160,0,0,0,0,0,0,0,0,0
201207,999,44180, ,Springfield  MO ,55,55,15424,1,2,115,0,0,0,1,40,1663,27,27,11490,0,0,0,0,0,0,0,0,0
201207,999,44300, ,State College  PA ,19,19,4289,0,0,0,0,0,0,0,0,0,19,19,4289,0,0,0,0,0,0,0,0,0
201207,999,44600, ,Steubenville-Weirton  OH-WV ,1,1,20,0,0,0,0,0,0,0,0,0,1,1,20,0,0,0,0,0,0,0,0,0
201207,999,44700,C,Stockton  CA ,80,80,18568,0,0,0,0,0,0,0,0,0,78,78,18126,0,0,0,0,0,0,0,0,0
201207,999,44940,C,Sumter  SC ,30,30,3676,0,0,0,0,0,0,0,0,0,30,30,3676,0,0,0,0,0,0,0,0,0
201207,999,45220, ,Tallahassee  FL ,51,51,8969,8,16,1146,1,3,398,1,29,2020,16,16,3942,0,0,0,0,0,0,0,0,0
201207,999,45300,C,Tampa-St. Petersburg-Clearwater  FL ,534,534,165821,1,2,283,0,0,0,24,514,34358,533,533,165598,1,2,283,0,0,0,24,514,34358
201207,999,45460, ,Terre Haute  IN ,9,9,1486,1,2,123,0,0,0,1,17,839,5,5,1066,0,0,0,0,0,0,0,0,0
201207,999,45500, ,Texarkana  TX-Texarkana  AR ,8,8,1360,1,2,105,11,33,2000,0,0,0,4,4,494,0,0,0,11,33,2000,0,0,0
201207,999,45820, ,Topeka  KS ,32,32,5012,2,4,448,0,0,0,0,0,0,29,29,4428,2,4,448,0,0,0,0,0,0
201207,999,46060,C,Tucson  AZ ,180,180,46012,2,4,178,0,0,0,3,107,12569,21,21,5219,0,0,0,0,0,0,0,0,0
201207,999,46220, ,Tuscaloosa  AL ,55,55,10052,0,0,0,0,0,0,1,56,7500,54,54,9920,0,0,0,0,0,0,1,56,7500
201207,999,46540, ,Utica-Rome  NY ,2,2,328,0,0,0,0,0,0,0,0,0,0,0,0,0,0,0,0,0,0,0,0,0
201207,999,46660, ,Valdosta  GA ,36,36,3673,1,2,136,0,0,0,1,34,1520,0,0,0,0,0,0,0,0,0,0,0,0
201207,999,47020, ,Victoria  TX ,14,14,2186,0,0,0,0,0,0,0,0,0,14,14,2186,0,0,0,0,0,0,0,0,0
201207,999,47260,C,Virginia Beach-Norfolk-Newport News  VA-NC ,334,334,71949,0,0,0,0,0,0,11,247,15943,291,291,62856,0,0,0,0,0,0,8,212,14731
201207,999,47300, ,Visalia-Porterville  CA ,44,44,7574,0,0,0,0,0,0,0,0,0,44,44,7574,0,0,0,0,0,0,0,0,0
201207,999,47380, ,Waco  TX ,39,39,9532,8,16,800,0,0,0,0,0,0,37,37,8863,8,16,800,0,0,0,0,0,0
201207,999,47940, ,Waterloo-Cedar Falls  IA ,37,37,6396,0,0,0,0,0,0,0,0,0,30,30,5587,0,0,0,0,0,0,0,0,0
201207,999,48300, ,Wenatchee-East Wenatchee  WA ,22,22,4593,0,0,0,0,0,0,0,0,0,9,9,2225,0,0,0,0,0,0,0,0,0
201207,999,48540, ,Wheeling  WV-OH ,0,0,0,0,0,0,0,0,0,0,0,0,0,0,0,0,0,0,0,0,0,0,0,0
201207,999,48660, ,Wichita Falls  TX ,9,9,1866,0,0,0,0,0,0,1,6,1411,0,0,0,0,0,0,0,0,0,0,0,0
201207,999,48900,C,Wilmington  NC ,206,206,46177,0,0,0,0,0,0,12,253,28198,155,155,37542,0,0,0,0,0,0,12,253,28198
201207,999,49420, ,Yakima  WA ,10,10,2231,0,0,0,0,0,0,0,0,0,8,8,1931,0,0,0,0,0,0,0,0,0
201207,999,49740, ,Yuma  AZ ,33,33,6430,1,2,215,0,0,0,0,0,0,33,33,6430,1,2,215,0,0,0,0,0,0
