Survey,CSA,CBSA,MONCOV,CBSA,,1-unit,,,2-units,,,3-4 units,,,5+ units,,,1-unit rep,,,2-units rep,,,3-4 units rep,,,5+ units rep
Date,Code,Code,,Name,Bldgs,Units,Value,Bldgs,Units,Value,Bldgs,Units,Value,Bldgs,Units,Value,Bldgs,Units,Value,Bldgs,Units,Value,      Bldgs,Units,Value,Bldgs,Units,Value
 
201208,102,18700, ,Corvallis  OR ,4,4,961,1,2,307,1,4,264,3,36,3984,0,0,0,0,0,0,0,0,0,0,0,0
201208,104,10580, ,Albany-Schenectady-Troy  NY ,75,75,17698,0,0,0,2,8,1433,8,86,2863,70,70,16609,0,0,0,2,8,1433,4,60,1945
201208,104,24020, ,Glens Falls  NY ,15,15,3333,0,0,0,0,0,0,0,0,0,7,7,1570,0,0,0,0,0,0,0,0,0
201208,112,11180, ,Ames  IA ,16,16,3634,0,0,0,0,0,0,0,0,0,16,16,3634,0,0,0,0,0,0,0,0,0
201208,118,11540, ,Appleton  WI ,29,29,5855,0,0,0,0,0,0,2,12,650,29,29,5855,0,0,0,0,0,0,2,12,650
201208,118,36780, ,Oshkosh-Neenah  WI ,25,25,4984,1,2,300,0,0,0,0,0,0,25,25,4984,1,2,300,0,0,0,0,0,0
201208,120,11700, ,Asheville  NC ,164,164,22726,0,0,0,0,0,0,0,0,0,164,164,22726,0,0,0,0,0,0,0,0,0
201208,122,12060,C,Atlanta-Sandy Springs-Marietta  GA ,958,958,191568,0,0,0,6,23,2613,16,139,13026,905,905,180544,0,0,0,6,23,2613,14,124,12048
201208,122,23580, ,Gainesville  GA ,38,38,7033,0,0,0,0,0,0,0,0,0,38,38,7033,0,0,0,0,0,0,0,0,0
201208,126,12420,C,Austin-Round Rock-San Marcos  TX ,789,789,149098,13,26,2331,3,9,1507,28,407,23795,686,686,133711,13,26,2331,3,9,1507,11,248,13134
201208,132,12940, ,Baton Rouge  LA ,246,246,42832,1,2,158,0,0,0,2,11,896,164,164,30621,0,0,0,0,0,0,0,0,0
201208,140,13460,C,Bend  OR ,76,76,21628,0,0,0,0,0,0,0,0,0,76,76,21628,0,0,0,0,0,0,0,0,0
201208,142,13820,C,Birmingham-Hoover  AL ,170,170,35950,0,0,0,0,0,0,13,349,25638,120,120,27443,0,0,0,0,0,0,12,342,25288
201208,148,14460,C,Boston-Cambridge-Quincy  MA-NH ,400,400,122706,20,40,3328,2,6,1100,23,524,107338,313,313,100901,9,18,2075,2,6,1100,9,423,98364
201208,148,31700, ,Manchester-Nashua  NH ,35,35,8218,1,2,130,0,0,0,5,180,12105,33,33,7912,1,2,130,0,0,0,5,180,12105
201208,148,39300, ,Providence-New Bedford-Fall River  RI-MA ,101,101,20722,11,22,2085,1,3,310,1,6,933,77,77,16357,8,16,1600,0,0,0,1,6,933
201208,148,49340, ,Worcester  MA ,45,45,10733,0,0,0,1,3,420,1,8,320,33,33,8273,0,0,0,1,3,420,1,8,320
201208,154,15180, ,Brownsville-Harlingen  TX ,83,83,8446,10,20,1161,0,0,0,0,0,0,83,83,8446,10,20,1161,0,0,0,0,0,0
201208,160,15380, ,Buffalo-Niagara Falls  NY ,68,68,17420,0,0,0,0,0,0,4,30,2109,67,67,17321,0,0,0,0,0,0,3,25,1500
201208,164,16020, ,Cape Girardeau-Jackson  MO-IL ,13,13,3392,4,8,1255,0,0,0,0,0,0,13,13,3392,4,8,1255,0,0,0,0,0,0
201208,172,16740,C,Charlotte-Gastonia-Rock Hill  NC-SC ,669,669,133589,0,0,0,1,3,500,14,442,14913,665,665,132879,0,0,0,1,3,500,14,442,14913
201208,174,16860, ,Chattanooga  TN-GA ,80,80,13373,1,2,92,0,0,0,2,11,1023,57,57,10129,0,0,0,0,0,0,0,0,0
201208,174,17420, ,Cleveland  TN ,24,24,3006,0,0,0,2,7,462,0,0,0,18,18,2180,0,0,0,0,0,0,0,0,0
201208,176,16980,C,Chicago-Joliet-Naperville  IL-IN-WI ,662,662,148432,6,12,1330,10,34,5325,8,363,65294,573,573,126431,5,10,1094,9,30,4838,6,352,64361
201208,176,28100, ,Kankakee-Bradley  IL ,3,3,745,0,0,0,0,0,0,0,0,0,3,3,745,0,0,0,0,0,0,0,0,0
201208,176,33140, ,Michigan City-La Porte  IN ,8,8,1659,0,0,0,0,0,0,0,0,0,0,0,0,0,0,0,0,0,0,0,0,0
201208,178,17140,C,Cincinnati-Middletown  OH-KY-IN ,289,289,58290,4,8,660,16,59,5210,3,39,2791,174,174,37330,1,2,150,16,59,5210,2,21,1785
201208,184,10420, ,Akron  OH ,72,72,12156,0,0,0,0,0,0,0,0,0,69,69,11398,0,0,0,0,0,0,0,0,0
201208,184,17460,C,Cleveland-Elyria-Mentor  OH ,189,189,42422,0,0,0,1,4,676,2,15,950,123,123,31697,0,0,0,1,4,676,0,0,0
201208,192,17900,C,Columbia  SC ,255,255,41059,0,0,0,0,0,0,3,62,4476,60,60,10317,0,0,0,0,0,0,0,0,0
201208,194,12220,C,Auburn-Opelika  AL ,66,66,18657,0,0,0,0,0,0,0,0,0,66,66,18657,0,0,0,0,0,0,0,0,0
201208,194,17980, ,Columbus  GA-AL ,48,48,6202,0,0,0,1,3,136,2,18,1365,23,23,3556,0,0,0,0,0,0,0,0,0
201208,198,18140,C,Columbus  OH ,267,267,59980,9,18,1778,10,36,9650,17,188,11898,224,224,53011,9,18,1778,9,33,9342,17,188,11898
201208,204,18580, ,Corpus Christi  TX ,83,83,13519,0,0,0,1,4,409,3,33,1954,9,9,1514,0,0,0,0,0,0,0,0,0
201208,206,19100,C,Dallas-Fort Worth-Arlington  TX ,1785,1785,466290,1,2,187,0,0,0,55,2589,169406,1689,1689,432072,1,2,187,0,0,0,55,2589,169406
201208,206,43300, ,Sherman-Denison  TX ,1,1,227,0,0,0,0,0,0,0,0,0,0,0,0,0,0,0,0,0,0,0,0,0
201208,212,19380, ,Dayton  OH ,52,52,14168,1,2,200,1,3,265,0,0,0,52,52,14168,0,0,0,1,3,265,0,0,0
201208,212,44220, ,Springfield  OH ,3,3,333,0,0,0,0,0,0,0,0,0,3,3,333,0,0,0,0,0,0,0,0,0
201208,216,14500, ,Boulder  CO ,20,20,10979,0,0,0,0,0,0,2,30,5721,13,13,9374,0,0,0,0,0,0,1,22,5000
201208,216,19740,C,Denver-Aurora-Broomfield  CO ,657,657,168605,1,2,320,0,0,0,24,1212,93637,649,649,167048,1,2,320,0,0,0,23,1199,92426
201208,216,24540,C,Greeley  CO ,129,129,29852,0,0,0,0,0,0,1,12,347,102,102,23678,0,0,0,0,0,0,0,0,0
201208,218,19780,C,Des Moines-West Des Moines  IA ,293,293,60848,0,0,0,1,3,142,16,197,30005,265,265,54140,0,0,0,0,0,0,15,192,29395
201208,220,11460, ,Ann Arbor  MI ,24,24,4332,1,2,200,0,0,0,2,42,2555,14,14,1164,0,0,0,0,0,0,1,12,687
201208,220,19820,C,Detroit-Warren-Livonia  MI ,462,462,106926,0,0,0,2,7,664,2,18,1434,394,394,94412,0,0,0,1,4,426,2,18,1434
201208,220,22420, ,Flint  MI ,13,13,2452,0,0,0,0,0,0,0,0,0,11,11,1997,0,0,0,0,0,0,0,0,0
201208,220,33780, ,Monroe  MI ,9,9,1572,0,0,0,0,0,0,0,0,0,6,6,1106,0,0,0,0,0,0,0,0,0
201208,222,20020, ,Dothan  AL ,17,17,4124,0,0,0,0,0,0,0,0,0,17,17,4124,0,0,0,0,0,0,0,0,0
201208,232,20740, ,Eau Claire  WI ,25,25,4956,9,18,1765,0,0,0,1,20,980,25,25,4956,9,18,1765,0,0,0,1,20,980
201208,244,22020, ,Fargo  ND-MN ,111,111,22476,0,0,0,0,0,0,3,132,7999,111,111,22476,0,0,0,0,0,0,3,132,7999
201208,252,22540, ,Fond du Lac  WI ,3,3,556,2,4,475,0,0,0,5,71,3298,2,2,325,2,4,475,0,0,0,4,64,2948
201208,258,23060,C,Fort Wayne  IN ,77,77,18174,0,0,0,0,0,0,0,0,0,77,77,18174,0,0,0,0,0,0,0,0,0
201208,260,23420, ,Fresno  CA ,145,145,29372,0,0,0,1,3,828,1,24,3199,32,32,8490,0,0,0,0,0,0,0,0,0
201208,260,31460, ,Madera-Chowchilla  CA ,11,11,3254,0,0,0,0,0,0,0,0,0,11,11,3254,0,0,0,0,0,0,0,0,0
201208,266,24340,C,Grand Rapids-Wyoming  MI ,108,108,20419,1,2,206,0,0,0,0,0,0,80,80,15626,1,2,206,0,0,0,0,0,0
201208,266,26100, ,Holland-Grand Haven  MI ,45,45,7228,2,4,300,0,0,0,1,6,524,35,35,5290,2,4,300,0,0,0,0,0,0
201208,266,34740, ,Muskegon-Norton Shores  MI ,7,7,2197,0,0,0,0,0,0,0,0,0,4,4,1545,0,0,0,0,0,0,0,0,0
201208,268,15500, ,Burlington  NC ,26,26,3028,0,0,0,0,0,0,0,0,0,26,26,3028,0,0,0,0,0,0,0,0,0
201208,268,24660,C,Greensboro-High Point  NC ,95,95,23319,0,0,0,0,0,0,0,0,0,75,75,19426,0,0,0,0,0,0,0,0,0
201208,268,49180, ,Winston-Salem  NC ,65,65,10526,0,0,0,0,0,0,0,0,0,65,65,10526,0,0,0,0,0,0,0,0,0
201208,273,11340, ,Anderson  SC ,30,30,6595,0,0,0,0,0,0,0,0,0,30,30,6595,0,0,0,0,0,0,0,0,0
201208,273,24860,C,Greenville-Maudlin-Easley  SC ,236,236,64606,0,0,0,0,0,0,1,5,515,221,221,61417,0,0,0,0,0,0,0,0,0
201208,273,43900, ,Spartanburg  SC ,59,59,7052,0,0,0,0,0,0,0,0,0,59,59,7052,0,0,0,0,0,0,0,0,0
201208,274,25060, ,Gulfport-Biloxi  MS ,66,66,9955,4,8,533,1,4,255,1,27,2059,22,22,3994,0,0,0,0,0,0,0,0,0
201208,274,37700, ,Pascagoula  MS ,32,32,4796,0,0,0,0,0,0,0,0,0,27,27,4037,0,0,0,0,0,0,0,0,0
201208,276,25420, ,Harrisburg-Carlisle  PA ,68,68,14196,0,0,0,1,4,704,4,24,1948,56,56,11489,0,0,0,1,4,704,4,24,1948
201208,276,30140, ,Lebanon  PA ,19,19,3173,0,0,0,0,0,0,0,0,0,19,19,3173,0,0,0,0,0,0,0,0,0
201208,278,25540, ,Hartford-West Hartford-East Hartford  CT ,75,75,14142,0,0,0,1,3,538,13,131,12413,57,57,10657,0,0,0,0,0,0,10,104,9906
201208,288,26420,C,Houston-Sugar Land-Baytown  TX ,2715,2715,561337,4,8,1249,0,0,0,50,2360,161548,2605,2605,539370,4,8,1249,0,0,0,49,2355,161437
201208,290,19460, ,Decatur  AL ,7,7,886,0,0,0,0,0,0,0,0,0,7,7,886,0,0,0,0,0,0,0,0,0
201208,290,26620, ,Huntsville  AL ,190,190,22922,0,0,0,0,0,0,0,0,0,72,72,16798,0,0,0,0,0,0,0,0,0
201208,292,26820, ,Idaho Falls  ID ,30,30,3666,0,0,0,0,0,0,0,0,0,30,30,3666,0,0,0,0,0,0,0,0,0
201208,294,11300, ,Anderson  IN ,5,5,858,0,0,0,0,0,0,0,0,0,3,3,335,0,0,0,0,0,0,0,0,0
201208,294,18020, ,Columbus  IN ,13,13,3117,0,0,0,0,0,0,0,0,0,13,13,3117,0,0,0,0,0,0,0,0,0
201208,294,26900,C,Indianapolis-Carmel  IN ,394,394,86722,2,4,325,1,3,350,0,0,0,371,371,82300,1,2,221,1,3,350,0,0,0
201208,296,27060, ,Ithaca  NY ,5,5,1313,1,2,145,0,0,0,1,5,557,4,4,911,1,2,145,0,0,0,0,0,0
201208,297,27180, ,Jackson  TN ,18,18,4488,0,0,0,0,0,0,0,0,0,18,18,4488,0,0,0,0,0,0,0,0,0
201208,298,27140, ,Jackson  MS ,159,159,31365,0,0,0,0,0,0,1,23,2894,119,119,22043,0,0,0,0,0,0,0,0,0
201208,304,27740, ,Johnson City  TN ,24,24,5211,0,0,0,5,20,6818,0,0,0,24,24,5211,0,0,0,5,20,6818,0,0,0
201208,304,28700, ,Kingsport-Bristol-Bristol  TN-VA ,30,30,4995,1,2,240,0,0,0,0,0,0,7,7,1271,0,0,0,0,0,0,0,0,0
201208,308,27860, ,Jonesboro  AR ,34,34,4658,0,0,0,0,0,0,0,0,0,34,34,4658,0,0,0,0,0,0,0,0,0
201208,312,28140,C,Kansas City  MO-KS ,306,306,73953,5,10,813,3,11,1041,8,303,17574,238,238,56450,4,8,638,2,8,540,8,303,17574
201208,314,28940, ,Knoxville  TN ,108,108,20400,1,2,286,0,0,0,0,0,0,96,96,18949,1,2,286,0,0,0,0,0,0
201208,314,34100, ,Morristown  TN ,16,16,3933,0,0,0,0,0,0,0,0,0,12,12,3544,0,0,0,0,0,0,0,0,0
201208,316,29020, ,Kokomo  IN ,8,8,1350,0,0,0,0,0,0,0,0,0,8,8,1350,0,0,0,0,0,0,0,0,0
201208,318,29180, ,Lafayette  LA ,82,82,12645,0,0,0,0,0,0,1,12,586,43,43,7494,0,0,0,0,0,0,0,0,0
201208,320,29140, ,Lafayette  IN ,38,38,7629,0,0,0,0,0,0,0,0,0,38,38,7629,0,0,0,0,0,0,0,0,0
201208,324,29340, ,Lake Charles  LA ,53,53,9291,0,0,0,0,0,0,0,0,0,23,23,3818,0,0,0,0,0,0,0,0,0
201208,330,29620, ,Lansing-East Lansing  MI ,29,29,6902,0,0,0,0,0,0,0,0,0,16,16,4175,0,0,0,0,0,0,0,0,0
201208,332,29820,C,Las Vegas-Paradise  NV ,598,598,84763,0,0,0,0,0,0,0,0,0,598,598,84763,0,0,0,0,0,0,0,0,0
201208,336,30460, ,Lexington-Fayette  KY ,98,98,15871,2,4,404,3,11,1443,1,30,1669,33,33,6770,0,0,0,2,8,1030,0,0,0
201208,338,30620, ,Lima  OH ,2,2,375,0,0,0,0,0,0,0,0,0,0,0,0,0,0,0,0,0,0,0,0,0
201208,340,30780, ,Little Rock-North Little Rock-Conway  AR ,167,167,29508,16,32,1950,0,0,0,24,432,17455,164,164,29161,16,32,1950,0,0,0,24,432,17455
201208,340,38220, ,Pine Bluff  AR ,2,2,138,0,0,0,0,0,0,0,0,0,2,2,138,0,0,0,0,0,0,0,0,0
201208,346,30980, ,Longview  TX ,18,18,2717,2,4,140,0,0,0,0,0,0,18,18,2717,2,4,140,0,0,0,0,0,0
201208,348,31100,C,Los Angeles-Long Beach-Santa Ana  CA ,498,498,161770,15,30,5097,10,39,10828,24,169,28587,418,418,127563,14,28,4409,9,36,10353,15,99,21763
201208,348,37100, ,Oxnard-Thousand Oaks-Ventura  CA ,18,18,8394,0,0,0,1,3,539,2,22,2390,3,3,2398,0,0,0,0,0,0,0,0,0
201208,348,40140,C,Riverside-San Bernardino-Ontario  CA ,398,398,90121,1,2,429,7,27,1031,8,117,11817,364,364,84337,1,2,429,7,27,1031,7,101,10652
201208,350,21060, ,Elizabethtown  KY ,14,14,2029,0,0,0,0,0,0,4,88,2201,14,14,2029,0,0,0,0,0,0,4,88,2201
201208,350,31140,C,Louisville-Jefferson County  KY-IN ,221,221,47035,5,10,648,0,0,0,1,8,2720,191,191,41595,5,10,648,0,0,0,1,8,2720
201208,352,31180, ,Lubbock  TX ,56,56,14748,0,0,0,0,0,0,0,0,0,56,56,14748,0,0,0,0,0,0,0,0,0
201208,356,31420, ,Macon  GA ,4,4,868,0,0,0,0,0,0,0,0,0,4,4,868,0,0,0,0,0,0,0,0,0
201208,356,47580, ,Warner Robins  GA ,40,40,8116,0,0,0,0,0,0,0,0,0,40,40,8116,0,0,0,0,0,0,0,0,0
201208,358,31540,C,Madison  WI ,101,101,24594,4,8,1077,3,11,858,4,60,5724,67,67,17427,2,4,515,2,8,583,0,0,0
201208,360,31900, ,Mansfield  OH ,5,5,1833,0,0,0,0,0,0,0,0,0,5,5,1833,0,0,0,0,0,0,0,0,0
201208,372,33260,C,Midland  TX ,52,52,9386,0,0,0,0,0,0,0,0,0,52,52,9386,0,0,0,0,0,0,0,0,0
201208,372,36220,C,Odessa  TX ,66,66,13308,0,0,0,0,0,0,20,200,16000,66,66,13308,0,0,0,0,0,0,20,200,16000
201208,376,33340,C,Milwaukee-Waukesha-West Allis  WI ,108,108,29414,6,12,1020,7,25,2999,3,86,8576,94,94,24254,6,12,1020,7,25,2999,3,86,8576
201208,376,39540, ,Racine  WI ,10,10,2831,1,2,300,0,0,0,0,0,0,5,5,1258,1,2,300,0,0,0,0,0,0
201208,378,33460,C,Minneapolis-St. Paul-Bloomington  MN-WI ,567,567,156141,4,8,715,8,27,3435,4,147,15720,532,532,148096,4,8,715,8,27,3435,3,133,14368
201208,378,41060, ,St. Cloud  MN ,30,30,6934,0,0,0,0,0,0,1,11,935,26,26,6314,0,0,0,0,0,0,0,0,0
201208,380,33660, ,Mobile  AL ,68,68,14283,0,0,0,0,0,0,0,0,0,68,68,14283,0,0,0,0,0,0,0,0,0
201208,384,33740, ,Monroe  LA ,32,32,5525,0,0,0,1,4,661,1,8,650,0,0,0,0,0,0,0,0,0,0,0,0
201208,388,33860, ,Montgomery  AL ,42,42,7117,0,0,0,0,0,0,2,10,245,38,38,6860,0,0,0,0,0,0,0,0,0
201208,396,34820, ,Myrtle Beach-North Myrtle Beach-Conway  SC ,233,233,39339,4,8,210,2,8,1174,0,0,0,233,233,39339,4,8,210,2,8,1174,0,0,0
201208,400,34980,C,Nashville-Davidson--Murfreesboro-Franklin  TN ,508,508,100757,0,0,0,0,0,0,8,142,5940,429,429,86097,0,0,0,0,0,0,8,142,5940
201208,406,35380,C,New Orleans-Metairie-Kenner  LA ,210,210,36607,19,38,3132,0,0,0,1,17,1901,88,88,16042,0,0,0,0,0,0,0,0,0
201208,408,14860, ,Bridgeport-Stamford-Norwalk  CT ,32,32,17246,2,4,948,0,0,0,4,25,3179,22,22,7667,1,2,675,0,0,0,1,6,2304
201208,408,28740, ,Kingston  NY ,7,7,845,0,0,0,0,0,0,0,0,0,7,7,845,0,0,0,0,0,0,0,0,0
201208,408,35300, ,New Haven-Milford  CT ,24,24,5140,0,0,0,0,0,0,3,23,1277,20,20,4358,0,0,0,0,0,0,1,12,600
201208,408,35620,C,New York-Northern New Jersey-Long Island  NY-NJ-PA ,532,532,178556,49,98,11175,54,184,10935,61,1395,138156,343,343,112850,44,88,10252,52,176,9025,28,1094,102285
201208,408,39100, ,Poughkeepsie-Newburgh-Middletown  NY ,34,34,7795,0,0,0,1,3,412,7,59,5760,23,23,5771,0,0,0,0,0,0,0,0,0
201208,408,45940,C,Trenton-Ewing  NJ ,10,10,1973,0,0,0,0,0,0,2,12,815,4,4,472,0,0,0,0,0,0,0,0,0
201208,416,36420,C,Oklahoma City  OK ,528,528,102354,2,4,330,9,34,1820,0,0,0,518,518,100263,2,4,330,9,34,1820,0,0,0
201208,420,36540,C,Omaha-Council Bluffs  NE-IA ,245,245,45543,1,2,274,0,0,0,4,46,3525,227,227,41971,1,2,274,0,0,0,3,18,1868
201208,422,19660,C,Deltona-Daytona Beach-Ormond Beach  FL ,73,73,21255,0,0,0,0,0,0,2,12,1176,42,42,12365,0,0,0,0,0,0,0,0,0
201208,422,36740,C,Orlando-Kissimmee-Sanford  FL ,784,784,165197,2,4,857,1,4,764,2,107,34539,742,742,153449,2,4,857,1,4,764,2,107,34539
201208,422,37380,C,Palm Coast  FL ,23,23,6807,0,0,0,0,0,0,0,0,0,23,23,6807,0,0,0,0,0,0,0,0,0
201208,426,37900, ,Peoria  IL ,44,44,10550,0,0,0,0,0,0,0,0,0,44,44,10550,0,0,0,0,0,0,0,0,0
201208,428,37980,C,Philadelphia-Camden-Wilmington  PA-NJ-DE-MD ,438,438,73407,8,16,1130,6,19,2913,21,193,13285,311,311,52388,7,14,943,4,13,2095,11,106,7756
201208,428,39740, ,Reading  PA ,8,8,930,0,0,0,0,0,0,0,0,0,7,7,773,0,0,0,0,0,0,0,0,0
201208,428,47220,C,Vineland-Millville-Bridgeton  NJ ,20,20,2014,0,0,0,0,0,0,0,0,0,5,5,389,0,0,0,0,0,0,0,0,0
201208,430,38300,C,Pittsburgh  PA ,284,284,65083,4,8,1208,2,7,1217,2,15,2100,170,170,41233,4,8,1208,1,4,800,1,10,1667
201208,438,30340, ,Lewiston-Auburn  ME ,4,4,663,0,0,0,0,0,0,0,0,0,2,2,300,0,0,0,0,0,0,0,0,0
201208,438,38860, ,Portland-South Portland-Biddeford  ME ,101,101,22067,0,0,0,1,4,540,0,0,0,59,59,13551,0,0,0,1,4,540,0,0,0
201208,442,38940,C,Port St. Lucie  FL ,66,66,19380,1,2,282,1,4,833,1,5,311,66,66,19380,1,2,282,1,4,833,0,0,0
201208,442,42680,C,Sebastian-Vero Beach  FL ,29,29,9984,0,0,0,0,0,0,0,0,0,23,23,8850,0,0,0,0,0,0,0,0,0
201208,450,20500,C,Durham-Chapel Hill  NC ,173,173,34145,1,2,242,1,4,400,0,0,0,168,168,32806,1,2,242,1,4,400,0,0,0
201208,450,39580,C,Raleigh-Cary  NC ,661,661,119134,0,0,0,0,0,0,17,439,24797,660,660,119084,0,0,0,0,0,0,17,439,24797
201208,456,39900,C,Reno-Sparks  NV ,41,41,10619,0,0,0,0,0,0,0,0,0,41,41,10619,0,0,0,0,0,0,0,0,0
201208,464,40380, ,Rochester  NY ,81,81,17377,3,6,589,0,0,0,1,5,215,74,74,16488,1,2,361,0,0,0,0,0,0
201208,466,40420, ,Rockford  IL ,9,9,1048,1,2,350,0,0,0,0,0,0,6,6,649,1,2,350,0,0,0,0,0,0
201208,472,40900,C,Sacramento--Arden-Arcade--Roseville  CA ,300,300,77955,1,2,330,0,0,0,0,0,0,296,296,76955,1,2,330,0,0,0,0,0,0
201208,472,49700, ,Yuba City  CA ,2,2,619,0,0,0,0,0,0,0,0,0,2,2,619,0,0,0,0,0,0,0,0,0
201208,474,13020, ,Bay City  MI ,1,1,221,0,0,0,0,0,0,0,0,0,0,0,0,0,0,0,0,0,0,0,0,0
201208,474,40980, ,Saginaw-Saginaw Township North  MI ,6,6,1288,0,0,0,0,0,0,0,0,0,5,5,1019,0,0,0,0,0,0,0,0,0
201208,476,41180,C,St. Louis  MO-IL ,463,463,101459,3,6,574,9,31,4139,4,38,3841,334,334,69411,2,4,288,1,4,280,0,0,0
201208,480,41540, ,Salisbury  MD ,6,6,873,0,0,0,0,0,0,0,0,0,6,6,873,0,0,0,0,0,0,0,0,0
201208,482,36260, ,Ogden-Clearfield  UT ,169,169,37541,0,0,0,1,4,563,3,72,3796,169,169,37541,0,0,0,1,4,563,3,72,3796
201208,482,41620,C,Salt Lake City  UT ,306,306,68421,0,0,0,0,0,0,5,58,4837,249,249,54550,0,0,0,0,0,0,0,0,0
201208,488,34900, ,Napa  CA ,11,11,2779,0,0,0,0,0,0,1,5,281,3,3,750,0,0,0,0,0,0,0,0,0
201208,488,41860,C,San Francisco-Oakland-Fremont  CA ,293,293,118064,4,8,2833,3,11,3032,6,940,299637,254,254,93522,4,8,2833,3,11,3032,4,924,297746
201208,488,41940,C,San Jose-Sunnyvale-Santa Clara  CA ,117,117,45367,1,2,1011,3,12,2095,7,443,37380,105,105,39550,1,2,1011,2,8,1395,5,384,30513
201208,488,42100, ,Santa Cruz-Watsonville  CA ,9,9,2347,0,0,0,0,0,0,0,0,0,9,9,2347,0,0,0,0,0,0,0,0,0
201208,488,42220, ,Santa Rosa-Petaluma  CA ,39,39,12035,0,0,0,0,0,0,7,124,24316,39,39,12035,0,0,0,0,0,0,7,124,24316
201208,488,46700, ,Vallejo-Fairfield  CA ,58,58,10768,0,0,0,0,0,0,0,0,0,58,58,10768,0,0,0,0,0,0,0,0,0
201208,492,42140,C,Santa Fe  NM ,13,13,1734,0,0,0,0,0,0,0,0,0,0,0,0,0,0,0,0,0,0,0,0,0
201208,494,35840,C,North Port-Bradenton-Sarasota  FL ,227,227,53783,3,6,450,0,0,0,1,8,850,214,214,50502,3,6,450,0,0,0,1,8,850
201208,494,39460,C,Punta Gorda  FL ,39,39,7255,0,0,0,0,0,0,0,0,0,7,7,2331,0,0,0,0,0,0,0,0,0
201208,496,25980, ,Hinesville-Fort Stewart  GA ,10,10,2346,0,0,0,0,0,0,0,0,0,10,10,2346,0,0,0,0,0,0,0,0,0
201208,496,42340, ,Savannah  GA ,115,115,17416,0,0,0,0,0,0,6,62,4026,79,79,12370,0,0,0,0,0,0,0,0,0
201208,500,14740, ,Bremerton-Silverdale  WA ,49,49,10952,0,0,0,0,0,0,0,0,0,49,49,10952,0,0,0,0,0,0,0,0,0
201208,500,34580, ,Mount Vernon-Anacortes  WA ,26,26,5196,0,0,0,0,0,0,0,0,0,14,14,2935,0,0,0,0,0,0,0,0,0
201208,500,36500, ,Olympia  WA ,76,76,19073,0,0,0,0,0,0,1,18,2066,12,12,2596,0,0,0,0,0,0,0,0,0
201208,500,42660,C,Seattle-Tacoma-Bellevue  WA ,824,824,225354,24,48,8575,9,31,5341,18,978,142913,798,798,217815,24,48,8575,9,31,5341,15,959,141060
201208,508,43340, ,Shreveport-Bossier City  LA ,111,111,20962,0,0,0,0,0,0,3,39,2375,32,32,6597,0,0,0,0,0,0,0,0,0
201208,512,43580, ,Sioux City  IA-NE-SD ,15,15,3737,0,0,0,0,0,0,0,0,0,7,7,1460,0,0,0,0,0,0,0,0,0
201208,515,21140, ,Elkhart-Goshen  IN ,18,18,4298,0,0,0,0,0,0,0,0,0,18,18,4298,0,0,0,0,0,0,0,0,0
201208,515,43780, ,South Bend-Mishawaka  IN-MI ,13,13,3163,0,0,0,0,0,0,12,187,11801,12,12,3035,0,0,0,0,0,0,12,187,11801
201208,532,45060, ,Syracuse  NY ,34,34,6600,0,0,0,0,0,0,1,119,5500,34,34,6600,0,0,0,0,0,0,1,119,5500
201208,534,45780, ,Toledo  OH ,51,51,11103,0,0,0,0,0,0,0,0,0,36,36,8031,0,0,0,0,0,0,0,0,0
201208,538,46140,C,Tulsa  OK ,224,224,45764,0,0,0,1,3,214,0,0,0,210,210,43007,0,0,0,0,0,0,0,0,0
201208,540,46340, ,Tyler  TX ,14,14,2794,0,0,0,1,3,150,2,10,462,0,0,0,0,0,0,0,0,0,0,0,0
201208,548,12580,C,Baltimore-Towson  MD ,278,278,58999,0,0,0,1,3,277,3,160,13666,151,151,30197,0,0,0,0,0,0,0,0,0
201208,548,47900,C,Washington-Arlington-Alexandria  DC-VA-MD-WV ,1117,1117,221699,5,10,1167,0,0,0,17,1033,101332,899,899,180478,0,0,0,0,0,0,11,806,79409
201208,548,49020, ,Winchester  VA-WV ,39,39,6341,0,0,0,0,0,0,0,0,0,39,39,6341,0,0,0,0,0,0,0,0,0
201208,554,48140, ,Wausau  WI ,18,18,3607,0,0,0,0,0,0,0,0,0,7,7,1317,0,0,0,0,0,0,0,0,0
201208,556,48620, ,Wichita  KS ,64,64,10574,11,22,2934,0,0,0,6,138,10255,53,53,8304,10,20,2774,0,0,0,6,138,10255
201208,558,48700, ,Williamsport  PA ,5,5,1196,0,0,0,0,0,0,0,0,0,5,5,1196,0,0,0,0,0,0,0,0,0
201208,564,49620, ,York-Hanover  PA ,35,35,6014,0,0,0,0,0,0,1,6,390,34,34,5879,0,0,0,0,0,0,1,6,390
201208,566,49660, ,Youngstown-Warren-Boardman  OH-PA ,21,21,4746,0,0,0,0,0,0,0,0,0,5,5,850,0,0,0,0,0,0,0,0,0
201208,999,10180, ,Abilene  TX ,24,24,6813,0,0,0,0,0,0,0,0,0,24,24,6813,0,0,0,0,0,0,0,0,0
201208,999,10500, ,Albany  GA ,20,20,2819,1,2,150,0,0,0,0,0,0,4,4,998,0,0,0,0,0,0,0,0,0
201208,999,10740,C,Albuquerque  NM ,188,188,34540,0,0,0,1,3,253,2,37,2880,8,8,2859,0,0,0,0,0,0,0,0,0
201208,999,10780, ,Alexandria  LA ,29,29,4801,1,2,208,0,0,0,1,11,721,0,0,0,0,0,0,0,0,0,0,0,0
201208,999,10900,C,Allentown-Bethlehem-Easton  PA-NJ ,78,78,11707,2,4,159,1,4,500,1,7,806,47,47,7194,1,2,120,1,4,500,0,0,0
201208,999,11020, ,Altoona  PA ,3,3,388,0,0,0,0,0,0,0,0,0,3,3,388,0,0,0,0,0,0,0,0,0
201208,999,11100, ,Amarillo  TX ,42,42,10654,0,0,0,0,0,0,0,0,0,42,42,10654,0,0,0,0,0,0,0,0,0
201208,999,11260,C,Anchorage  AK ,47,47,14581,0,0,0,0,0,0,0,0,0,46,46,14419,0,0,0,0,0,0,0,0,0
201208,999,11500, ,Anniston-Oxford  AL ,3,3,355,0,0,0,0,0,0,0,0,0,3,3,355,0,0,0,0,0,0,0,0,0
201208,999,12020, ,Athens-Clarke County  GA ,26,26,5126,0,0,0,0,0,0,0,0,0,26,26,5126,0,0,0,0,0,0,0,0,0
201208,999,12100,C,Atlantic City-Hammonton  NJ ,50,50,7388,0,0,0,0,0,0,1,6,1318,32,32,5154,0,0,0,0,0,0,0,0,0
201208,999,12260, ,Augusta-Richmond County  GA-SC ,225,225,39656,0,0,0,0,0,0,0,0,0,184,184,33103,0,0,0,0,0,0,0,0,0
201208,999,12540, ,Bakersfield-Delano  CA ,84,84,16620,2,4,289,0,0,0,1,17,858,4,4,497,0,0,0,0,0,0,0,0,0
201208,999,12620, ,Bangor  ME ,12,12,2159,0,0,0,0,0,0,0,0,0,9,9,1524,0,0,0,0,0,0,0,0,0
201208,999,12700, ,Barnstable Town  MA ,27,27,9536,1,2,382,1,4,700,1,5,683,17,17,6446,1,2,382,1,4,700,0,0,0
201208,999,12980, ,Battle Creek  MI ,1,1,166,0,0,0,0,0,0,0,0,0,0,0,0,0,0,0,0,0,0,0,0,0
201208,999,13140, ,Beaumont-Port Arthur  TX ,25,25,10022,0,0,0,0,0,0,0,0,0,25,25,10022,0,0,0,0,0,0,0,0,0
201208,999,13380, ,Bellingham  WA ,36,36,8855,0,0,0,0,0,0,0,0,0,36,36,8855,0,0,0,0,0,0,0,0,0
201208,999,13740, ,Billings  MT ,40,40,8705,0,0,0,1,4,409,1,7,983,40,40,8705,0,0,0,1,4,409,1,7,983
201208,999,13780, ,Binghamton  NY ,1,1,100,0,0,0,0,0,0,0,0,0,1,1,100,0,0,0,0,0,0,0,0,0
201208,999,13900, ,Bismarck  ND ,141,141,22182,0,0,0,1,4,484,2,47,3387,73,73,10769,0,0,0,0,0,0,1,42,3000
201208,999,14020, ,Bloomington  IN ,17,17,2934,1,2,187,0,0,0,0,0,0,17,17,2934,1,2,187,0,0,0,0,0,0
201208,999,14060, ,Bloomington-Normal  IL ,27,27,4272,0,0,0,0,0,0,0,0,0,27,27,4272,0,0,0,0,0,0,0,0,0
201208,999,14260,C,Boise City-Nampa  ID ,359,359,74698,1,2,120,5,19,1331,5,84,4450,355,355,73959,1,2,120,5,19,1331,5,84,4450
201208,999,14540, ,Bowling Green  KY ,32,32,6216,1,2,90,2,8,700,13,184,10613,32,32,6216,1,2,90,2,8,700,13,184,10613
201208,999,15260, ,Brunswick  GA ,35,35,9001,0,0,0,0,0,0,0,0,0,0,0,0,0,0,0,0,0,0,0,0,0
201208,999,15540, ,Burlington-South Burlington  VT ,22,22,4657,0,0,0,2,6,453,0,0,0,15,15,2950,0,0,0,2,6,453,0,0,0
201208,999,15940, ,Canton-Massillon  OH ,30,30,5827,0,0,0,1,3,350,0,0,0,28,28,5614,0,0,0,1,3,350,0,0,0
201208,999,15980,C,Cape Coral-Fort Myers  FL ,135,135,34225,0,0,0,1,4,866,7,42,7393,135,135,34225,0,0,0,1,4,866,7,42,7393
201208,999,16180,C,Carson City  NV ,1,1,335,0,0,0,0,0,0,0,0,0,1,1,335,0,0,0,0,0,0,0,0,0
201208,999,16220, ,Casper  WY ,34,34,6860,0,0,0,0,0,0,14,160,10432,34,34,6860,0,0,0,0,0,0,14,160,10432
201208,999,16300, ,Cedar Rapids  IA ,54,54,5827,2,4,356,2,7,614,0,0,0,54,54,5827,2,4,356,2,7,614,0,0,0
201208,999,16580, ,Champaign-Urbana  IL ,13,13,2543,0,0,0,0,0,0,2,42,3134,13,13,2543,0,0,0,0,0,0,2,42,3134
201208,999,16620, ,Charleston  WV ,16,16,3461,0,0,0,0,0,0,0,0,0,14,14,3168,0,0,0,0,0,0,0,0,0
201208,999,16700,C,Charleston-North Charleston-Summerville  SC ,279,279,70892,0,0,0,0,0,0,3,47,2364,194,194,49552,0,0,0,0,0,0,0,0,0
201208,999,16820, ,Charlottesville  VA ,40,40,9007,0,0,0,0,0,0,0,0,0,40,40,9007,0,0,0,0,0,0,0,0,0
201208,999,16940, ,Cheyenne  WY ,46,46,7529,0,0,0,0,0,0,0,0,0,46,46,7529,0,0,0,0,0,0,0,0,0
201208,999,17020, ,Chico  CA ,11,11,2414,0,0,0,0,0,0,1,5,734,11,11,2414,0,0,0,0,0,0,1,5,734
201208,999,17300, ,Clarksville  TN-KY ,118,118,14741,0,0,0,2,8,426,0,0,0,118,118,14741,0,0,0,2,8,426,0,0,0
201208,999,17660, ,Coeur dAlene  ID ,65,65,14188,0,0,0,1,3,211,1,24,1863,49,49,11628,0,0,0,0,0,0,0,0,0
201208,999,17780, ,College Station-Bryan  TX ,36,36,6257,0,0,0,0,0,0,2,38,1711,20,20,3261,0,0,0,0,0,0,0,0,0
201208,999,17820,C,Colorado Springs  CO ,275,275,98296,0,0,0,0,0,0,0,0,0,275,275,98296,0,0,0,0,0,0,0,0,0
201208,999,17860, ,Columbia  MO ,71,71,12988,0,0,0,0,0,0,0,0,0,71,71,12988,0,0,0,0,0,0,0,0,0
201208,999,18880, ,Crestview-Fort Walton Beach-Destin  FL ,38,38,12232,0,0,0,0,0,0,0,0,0,36,36,11397,0,0,0,0,0,0,0,0,0
201208,999,19060, ,Cumberland  MD-WV ,3,3,450,0,0,0,0,0,0,0,0,0,3,3,450,0,0,0,0,0,0,0,0,0
201208,999,19140,C,Dalton  GA ,7,7,941,0,0,0,0,0,0,0,0,0,2,2,363,0,0,0,0,0,0,0,0,0
201208,999,19180, ,Danville  IL ,0,0,0,0,0,0,0,0,0,0,0,0,0,0,0,0,0,0,0,0,0,0,0,0
201208,999,19260, ,Danville  VA ,15,15,2194,0,0,0,0,0,0,0,0,0,0,0,0,0,0,0,0,0,0,0,0,0
201208,999,19340, ,Davenport-Moline-Rock Island  IA-IL ,53,53,10035,0,0,0,0,0,0,1,5,361,32,32,6011,0,0,0,0,0,0,0,0,0
201208,999,19500, ,Decatur  IL ,0,0,0,0,0,0,0,0,0,0,0,0,0,0,0,0,0,0,0,0,0,0,0,0
201208,999,20100,C,Dover  DE ,61,61,8508,2,4,371,0,0,0,1,10,943,2,2,259,1,2,204,0,0,0,0,0,0
201208,999,20220, ,Dubuque  IA ,23,23,3389,1,2,204,0,0,0,1,12,240,20,20,2659,1,2,204,0,0,0,1,12,240
201208,999,20260, ,Duluth  MN-WI ,30,30,3278,1,2,219,0,0,0,1,7,803,21,21,2185,0,0,0,0,0,0,0,0,0
201208,999,20940, ,El Centro  CA ,12,12,2009,0,0,0,0,0,0,1,8,1308,12,12,2009,0,0,0,0,0,0,0,0,0
201208,999,21300, ,Elmira  NY ,0,0,0,0,0,0,0,0,0,0,0,0,0,0,0,0,0,0,0,0,0,0,0,0
201208,999,21340, ,El Paso  TX ,257,257,38038,10,20,2449,0,0,0,0,0,0,257,257,38038,10,20,2449,0,0,0,0,0,0
201208,999,21500, ,Erie  PA ,19,19,4267,0,0,0,0,0,0,0,0,0,19,19,4267,0,0,0,0,0,0,0,0,0
201208,999,21660, ,Eugene-Springfield  OR ,35,35,8615,0,0,0,0,0,0,19,164,14981,21,21,5117,0,0,0,0,0,0,19,164,14981
201208,999,21780, ,Evansville  IN-KY ,41,41,7257,1,2,194,1,4,500,1,6,508,41,41,7257,1,2,194,1,4,500,1,6,508
201208,999,21820,C,Fairbanks  AK ,4,4,735,0,0,0,0,0,0,0,0,0,0,0,0,0,0,0,0,0,0,0,0,0
201208,999,22140,C,Farmington  NM ,24,24,3822,0,0,0,0,0,0,0,0,0,24,24,3822,0,0,0,0,0,0,0,0,0
201208,999,22180, ,Fayetteville  NC ,111,111,16672,0,0,0,0,0,0,4,96,3500,111,111,16672,0,0,0,0,0,0,4,96,3500
201208,999,22220, ,Fayetteville-Springdale-Rogers  AR-MO ,145,145,31166,7,14,1898,0,0,0,0,0,0,141,141,30618,7,14,1898,0,0,0,0,0,0
201208,999,22380, ,Flagstaff  AZ ,19,19,4209,0,0,0,0,0,0,0,0,0,12,12,2855,0,0,0,0,0,0,0,0,0
201208,999,22500, ,Florence  SC ,36,36,5017,3,6,306,0,0,0,1,5,300,6,6,1300,0,0,0,0,0,0,0,0,0
201208,999,22520, ,Florence-Muscle Shoals  AL ,13,13,1528,2,4,160,1,4,160,5,30,1200,4,4,445,2,4,160,1,4,160,5,30,1200
201208,999,22660,C,Fort Collins-Loveland  CO ,112,112,27287,2,4,788,0,0,0,0,0,0,112,112,27287,2,4,788,0,0,0,0,0,0
201208,999,22900, ,Fort Smith  AR-OK ,27,27,4739,0,0,0,0,0,0,0,0,0,21,21,4154,0,0,0,0,0,0,0,0,0
201208,999,23460, ,Gadsden  AL ,5,5,686,0,0,0,0,0,0,0,0,0,2,2,332,0,0,0,0,0,0,0,0,0
201208,999,23540, ,Gainesville  FL ,22,22,2774,0,0,0,0,0,0,1,20,1225,17,17,2203,0,0,0,0,0,0,0,0,0
201208,999,24140, ,Goldsboro  NC ,17,17,2381,0,0,0,0,0,0,0,0,0,0,0,0,0,0,0,0,0,0,0,0,0
201208,999,24220, ,Grand Forks  ND-MN ,17,17,4327,1,2,265,0,0,0,2,96,8000,17,17,4327,1,2,265,0,0,0,2,96,8000
201208,999,24300,C,Grand Junction  CO ,43,43,9681,1,2,413,0,0,0,0,0,0,43,43,9681,1,2,413,0,0,0,0,0,0
201208,999,24500, ,Great Falls  MT ,4,4,765,0,0,0,2,8,925,0,0,0,4,4,765,0,0,0,2,8,925,0,0,0
201208,999,24580, ,Green Bay  WI ,53,53,8941,0,0,0,0,0,0,3,17,749,33,33,6351,0,0,0,0,0,0,2,12,562
201208,999,24780, ,Greenville  NC ,28,28,5037,0,0,0,0,0,0,0,0,0,27,27,4938,0,0,0,0,0,0,0,0,0
201208,999,25180, ,Hagerstown-Martinsburg  MD-WV ,72,72,12055,0,0,0,0,0,0,0,0,0,72,72,12055,0,0,0,0,0,0,0,0,0
201208,999,25260, ,Hanford-Corcoran  CA ,17,17,2322,0,0,0,0,0,0,0,0,0,10,10,1341,0,0,0,0,0,0,0,0,0
201208,999,25500,C,Harrisonburg  VA ,27,27,4336,0,0,0,0,0,0,0,0,0,24,24,3885,0,0,0,0,0,0,0,0,0
201208,999,25620, ,Hattiesburg  MS ,1,1,105,0,0,0,0,0,0,0,0,0,1,1,105,0,0,0,0,0,0,0,0,0
201208,999,25860, ,Hickory-Lenoir-Morganton  NC ,29,29,7107,0,0,0,0,0,0,0,0,0,14,14,2846,0,0,0,0,0,0,0,0,0
201208,999,26180,C,Honolulu  HI ,67,67,22061,0,0,0,0,0,0,0,0,0,67,67,22061,0,0,0,0,0,0,0,0,0
201208,999,26300, ,Hot Springs  AR ,9,9,2028,0,0,0,0,0,0,0,0,0,9,9,2028,0,0,0,0,0,0,0,0,0
201208,999,26380, ,Houma-Bayou Cane-Thibodaux  LA ,43,43,8634,0,0,0,0,0,0,0,0,0,43,43,8634,0,0,0,0,0,0,0,0,0
201208,999,26580, ,Huntington-Ashland  WV-KY-OH ,3,3,385,0,0,0,0,0,0,0,0,0,0,0,0,0,0,0,0,0,0,0,0,0
201208,999,26980, ,Iowa City  IA ,43,43,9871,0,0,0,0,0,0,3,85,7144,40,40,9235,0,0,0,0,0,0,2,80,6790
201208,999,27100, ,Jackson  MI ,4,4,604,0,0,0,0,0,0,0,0,0,2,2,385,0,0,0,0,0,0,0,0,0
201208,999,27260,C,Jacksonville  FL ,429,429,99540,4,8,752,0,0,0,30,734,54225,428,428,99453,4,8,752,0,0,0,30,734,54225
201208,999,27340, ,Jacksonville  NC ,169,169,19879,0,0,0,1,4,936,1,13,827,141,141,16769,0,0,0,0,0,0,0,0,0
201208,999,27500, ,Janesville  WI ,7,7,1414,0,0,0,0,0,0,0,0,0,7,7,1414,0,0,0,0,0,0,0,0,0
201208,999,27620, ,Jefferson City  MO ,19,19,3126,1,2,209,0,0,0,0,0,0,9,9,1048,0,0,0,0,0,0,0,0,0
201208,999,27780, ,Johnstown  PA ,0,0,0,0,0,0,0,0,0,0,0,0,0,0,0,0,0,0,0,0,0,0,0,0
201208,999,27900, ,Joplin  MO ,7,7,1063,0,0,0,0,0,0,1,5,341,0,0,0,0,0,0,0,0,0,0,0,0
201208,999,28020, ,Kalamazoo-Portage  MI ,34,34,6764,0,0,0,0,0,0,0,0,0,20,20,4212,0,0,0,0,0,0,0,0,0
201208,999,28420, ,Kennewick-Pasco-Richland  WA ,160,160,38792,1,2,295,0,0,0,2,50,4560,18,18,4593,0,0,0,0,0,0,0,0,0
201208,999,28660, ,Killeen-Temple-Fort Hood  TX ,174,174,26550,11,22,1510,0,0,0,1,26,1372,114,114,15790,9,18,1336,0,0,0,0,0,0
201208,999,29100, ,La Crosse  WI-MN ,28,28,4667,0,0,0,0,0,0,0,0,0,18,18,2908,0,0,0,0,0,0,0,0,0
201208,999,29420, ,Lake Havasu City-Kingman  AZ ,41,41,8541,2,4,549,0,0,0,0,0,0,41,41,8541,2,4,549,0,0,0,0,0,0
201208,999,29460,C,Lakeland-Winter Haven  FL ,154,154,28994,0,0,0,0,0,0,7,138,18330,150,150,28595,0,0,0,0,0,0,7,138,18330
201208,999,29540, ,Lancaster  PA ,49,49,7476,0,0,0,0,0,0,2,17,1179,37,37,6189,0,0,0,0,0,0,0,0,0
201208,999,29700,C,Laredo  TX ,75,75,11003,1,2,189,1,3,154,2,41,2882,0,0,0,0,0,0,0,0,0,0,0,0
201208,999,29740,C,Las Cruces  NM ,56,56,10149,0,0,0,0,0,0,0,0,0,48,48,8558,0,0,0,0,0,0,0,0,0
201208,999,29940, ,Lawrence  KS ,16,16,3717,0,0,0,0,0,0,2,38,3199,1,1,188,0,0,0,0,0,0,0,0,0
201208,999,30020, ,Lawton  OK ,12,12,1970,0,0,0,0,0,0,0,0,0,12,12,1970,0,0,0,0,0,0,0,0,0
201208,999,30300, ,Lewiston  ID-WA ,4,4,873,1,2,198,0,0,0,0,0,0,0,0,0,0,0,0,0,0,0,0,0,0
201208,999,30700, ,Lincoln  NE ,77,77,14820,1,2,160,0,0,0,1,42,1033,0,0,0,0,0,0,0,0,0,0,0,0
201208,999,30860, ,Logan  UT-ID ,14,14,2940,0,0,0,1,4,334,3,38,2396,12,12,2630,0,0,0,0,0,0,1,27,1400
201208,999,31020, ,Longview  WA ,6,6,1042,0,0,0,0,0,0,0,0,0,6,6,1042,0,0,0,0,0,0,0,0,0
201208,999,31340, ,Lynchburg  VA ,42,42,8630,0,0,0,0,0,0,0,0,0,42,42,8630,0,0,0,0,0,0,0,0,0
201208,999,31740, ,Manhattan  KS ,25,25,5639,0,0,0,0,0,0,0,0,0,25,25,5639,0,0,0,0,0,0,0,0,0
201208,999,31860, ,Mankato-North Mankato  MN ,21,21,3644,0,0,0,0,0,0,1,7,891,5,5,1070,0,0,0,0,0,0,0,0,0
201208,999,32580,C,McAllen-Edinburg-Mission  TX ,198,198,30830,3,6,260,2,7,545,0,0,0,177,177,29115,3,6,260,2,7,545,0,0,0
201208,999,32780, ,Medford  OR ,35,35,7254,0,0,0,0,0,0,0,0,0,35,35,7254,0,0,0,0,0,0,0,0,0
201208,999,32820,C,Memphis  TN-MS-AR ,192,192,34074,0,0,0,45,140,9104,6,70,4310,140,140,25764,0,0,0,45,140,9104,6,70,4310
201208,999,32900, ,Merced  CA ,11,11,3010,0,0,0,0,0,0,0,0,0,0,0,0,0,0,0,0,0,0,0,0,0
201208,999,33100,C,Miami-Fort Lauderdale-Pompano Beach  FL ,460,460,114636,5,10,909,2,7,1252,23,417,34137,341,341,90009,1,2,366,1,4,772,14,289,22883
201208,999,33540,C,Missoula  MT ,18,18,2979,0,0,0,1,4,98,0,0,0,18,18,2979,0,0,0,1,4,98,0,0,0
201208,999,33700, ,Modesto  CA ,17,17,2811,0,0,0,0,0,0,0,0,0,13,13,1613,0,0,0,0,0,0,0,0,0
201208,999,34060, ,Morgantown  WV ,3,3,458,0,0,0,0,0,0,0,0,0,3,3,458,0,0,0,0,0,0,0,0,0
201208,999,34620, ,Muncie  IN ,8,8,999,1,2,127,0,0,0,0,0,0,2,2,350,0,0,0,0,0,0,0,0,0
201208,999,34940,C,Naples-Marco Island  FL ,106,106,56195,0,0,0,2,8,1600,2,10,1350,106,106,56195,0,0,0,2,8,1600,2,10,1350
201208,999,35660, ,Niles-Benton Harbor  MI ,3,3,763,0,0,0,0,0,0,0,0,0,1,1,435,0,0,0,0,0,0,0,0,0
201208,999,35980, ,Norwich-New London  CT ,19,19,3568,2,4,660,0,0,0,0,0,0,15,15,2846,2,4,660,0,0,0,0,0,0
201208,999,36100,C,Ocala  FL ,31,31,4698,0,0,0,0,0,0,0,0,0,31,31,4698,0,0,0,0,0,0,0,0,0
201208,999,36140,C,Ocean City  NJ ,34,34,10631,3,6,1054,0,0,0,0,0,0,32,32,10255,3,6,1054,0,0,0,0,0,0
201208,999,36980, ,Owensboro  KY ,24,24,1910,0,0,0,0,0,0,0,0,0,24,24,1910,0,0,0,0,0,0,0,0,0
201208,999,37340,C,Palm Bay-Melbourne-Titusville  FL ,131,131,37648,0,0,0,0,0,0,1,8,3317,130,130,37442,0,0,0,0,0,0,1,8,3317
201208,999,37460, ,Panama City-Lynn Haven-Panama City Beach  FL ,33,33,5038,0,0,0,0,0,0,0,0,0,32,32,4852,0,0,0,0,0,0,0,0,0
201208,999,37620, ,Parkersburg-Marietta-Vienna  WV-OH ,10,10,4253,0,0,0,0,0,0,0,0,0,10,10,4253,0,0,0,0,0,0,0,0,0
201208,999,37860,C,Pensacola-Ferry Pass-Brent  FL ,118,118,22234,1,2,88,1,4,60,1,8,571,118,118,22234,1,2,88,1,4,60,1,8,571
201208,999,38060,C,Phoenix-Mesa-Glendale  AZ ,1087,1087,252650,1,2,342,5,17,2890,17,601,77464,945,945,228719,1,2,342,5,17,2890,15,535,75195
201208,999,38340, ,Pittsfield  MA ,1,1,160,0,0,0,0,0,0,0,0,0,1,1,160,0,0,0,0,0,0,0,0,0
201208,999,38540, ,Pocatello  ID ,9,9,1140,0,0,0,0,0,0,0,0,0,4,4,468,0,0,0,0,0,0,0,0,0
201208,999,38900,C,Portland-Vancouver-Hillsboro  OR-WA ,463,463,113001,2,4,485,0,0,0,20,267,28943,433,433,105394,1,2,187,0,0,0,18,219,24234
201208,999,39140, ,Prescott  AZ ,47,47,10119,0,0,0,0,0,0,0,0,0,35,35,6945,0,0,0,0,0,0,0,0,0
201208,999,39340, ,Provo-Orem  UT ,239,239,60017,2,4,509,0,0,0,3,23,2025,239,239,60017,2,4,509,0,0,0,3,23,2025
201208,999,39380,C,Pueblo  CO ,18,18,3331,0,0,0,0,0,0,0,0,0,18,18,3331,0,0,0,0,0,0,0,0,0
201208,999,39660, ,Rapid City  SD ,35,35,5297,2,4,594,0,0,0,1,7,767,13,13,1654,0,0,0,0,0,0,0,0,0
201208,999,39820, ,Redding  CA ,9,9,1445,0,0,0,3,11,1332,0,0,0,9,9,1445,0,0,0,3,11,1332,0,0,0
201208,999,40060,C,Richmond  VA ,296,296,54890,6,12,812,0,0,0,1,6,540,285,285,53140,6,12,812,0,0,0,1,6,540
201208,999,40220, ,Roanoke  VA ,27,27,5713,0,0,0,0,0,0,0,0,0,27,27,5713,0,0,0,0,0,0,0,0,0
201208,999,40340, ,Rochester  MN ,46,46,10278,0,0,0,0,0,0,0,0,0,38,38,8081,0,0,0,0,0,0,0,0,0
201208,999,40580, ,Rocky Mount  NC ,14,14,2712,0,0,0,0,0,0,0,0,0,14,14,2712,0,0,0,0,0,0,0,0,0
201208,999,40660, ,Rome  GA ,4,4,569,0,0,0,0,0,0,1,11,714,0,0,0,0,0,0,0,0,0,0,0,0
201208,999,41100, ,St. George  UT ,144,144,27260,1,2,120,1,4,322,0,0,0,144,144,27260,1,2,120,1,4,322,0,0,0
201208,999,41140, ,St. Joseph  MO-KS ,5,5,980,0,0,0,0,0,0,0,0,0,5,5,980,0,0,0,0,0,0,0,0,0
201208,999,41420, ,Salem  OR ,19,19,4259,0,0,0,0,0,0,8,90,8166,16,16,3589,0,0,0,0,0,0,8,90,8166
201208,999,41500, ,Salinas  CA ,4,4,1179,0,0,0,0,0,0,0,0,0,3,3,736,0,0,0,0,0,0,0,0,0
201208,999,41660,C,San Angelo  TX ,19,19,2927,0,0,0,0,0,0,0,0,0,19,19,2927,0,0,0,0,0,0,0,0,0
201208,999,41700,C,San Antonio-New Braunfels  TX ,491,491,91009,0,0,0,1,4,279,16,369,26147,213,213,47058,0,0,0,0,0,0,0,0,0
201208,999,41740,C,San Diego-Carlsbad-San Marcos  CA ,235,235,78446,6,12,2447,6,20,3401,24,416,64476,223,223,74718,6,12,2447,6,20,3401,23,404,63400
201208,999,41780, ,Sandusky  OH ,1,1,327,0,0,0,0,0,0,0,0,0,0,0,0,0,0,0,0,0,0,0,0,0
201208,999,42020, ,San Luis Obispo-Paso Robles  CA ,36,36,12897,2,4,336,1,4,578,0,0,0,36,36,12897,2,4,336,1,4,578,0,0,0
201208,999,42060, ,Santa Barbara-Santa Maria-Goleta  CA ,9,9,6583,0,0,0,0,0,0,0,0,0,9,9,6583,0,0,0,0,0,0,0,0,0
201208,999,42540, ,Scranton--Wilkes-Barre  PA ,10,10,2321,0,0,0,0,0,0,0,0,0,7,7,1774,0,0,0,0,0,0,0,0,0
201208,999,43100, ,Sheboygan  WI ,3,3,627,1,2,260,0,0,0,0,0,0,2,2,480,1,2,260,0,0,0,0,0,0
201208,999,43620, ,Sioux Falls  SD ,100,100,18724,1,2,278,0,0,0,2,22,2156,100,100,18724,1,2,278,0,0,0,2,22,2156
201208,999,44060, ,Spokane  WA ,72,72,24996,1,2,141,0,0,0,0,0,0,71,71,24828,1,2,141,0,0,0,0,0,0
201208,999,44100, ,Springfield  IL ,12,12,4801,3,6,775,0,0,0,0,0,0,12,12,4801,3,6,775,0,0,0,0,0,0
201208,999,44140, ,Springfield  MA ,16,16,3599,0,0,0,0,0,0,0,0,0,12,12,2686,0,0,0,0,0,0,0,0,0
201208,999,44180, ,Springfield  MO ,69,69,10154,0,0,0,0,0,0,3,55,2129,43,43,6377,0,0,0,0,0,0,0,0,0
201208,999,44300, ,State College  PA ,16,16,3592,0,0,0,0,0,0,0,0,0,1,1,154,0,0,0,0,0,0,0,0,0
201208,999,44600, ,Steubenville-Weirton  OH-WV ,0,0,0,0,0,0,0,0,0,0,0,0,0,0,0,0,0,0,0,0,0,0,0,0
201208,999,44700,C,Stockton  CA ,93,93,22579,0,0,0,0,0,0,0,0,0,90,90,21916,0,0,0,0,0,0,0,0,0
201208,999,44940,C,Sumter  SC ,18,18,1751,0,0,0,0,0,0,0,0,0,18,18,1751,0,0,0,0,0,0,0,0,0
201208,999,45220, ,Tallahassee  FL ,50,50,8024,7,14,1003,1,3,398,1,35,2437,19,19,3446,0,0,0,0,0,0,0,0,0
201208,999,45300,C,Tampa-St. Petersburg-Clearwater  FL ,531,531,156295,0,0,0,1,3,55,19,486,51495,526,526,154260,0,0,0,1,3,55,19,486,51495
201208,999,45460, ,Terre Haute  IN ,7,7,1308,0,0,0,0,0,0,0,0,0,7,7,1308,0,0,0,0,0,0,0,0,0
201208,999,45500, ,Texarkana  TX-Texarkana  AR ,7,7,1064,0,0,0,0,0,0,0,0,0,7,7,1064,0,0,0,0,0,0,0,0,0
201208,999,45820, ,Topeka  KS ,30,30,5484,0,0,0,0,0,0,0,0,0,27,27,4901,0,0,0,0,0,0,0,0,0
201208,999,46060,C,Tucson  AZ ,170,170,43464,2,4,178,0,0,0,4,81,9583,80,80,22378,0,0,0,0,0,0,0,0,0
201208,999,46220, ,Tuscaloosa  AL ,59,59,11521,0,0,0,0,0,0,0,0,0,57,57,11256,0,0,0,0,0,0,0,0,0
201208,999,46540, ,Utica-Rome  NY ,2,2,328,0,0,0,0,0,0,0,0,0,0,0,0,0,0,0,0,0,0,0,0,0
201208,999,46660, ,Valdosta  GA ,33,33,3675,0,0,0,0,0,0,0,0,0,33,33,3675,0,0,0,0,0,0,0,0,0
201208,999,47020, ,Victoria  TX ,5,5,819,0,0,0,0,0,0,0,0,0,5,5,819,0,0,0,0,0,0,0,0,0
201208,999,47260,C,Virginia Beach-Norfolk-Newport News  VA-NC ,314,314,63380,1,2,184,3,11,993,25,278,14238,295,295,60533,1,2,184,3,11,993,21,238,12852
201208,999,47300, ,Visalia-Porterville  CA ,70,70,11075,0,0,0,0,0,0,0,0,0,70,70,11075,0,0,0,0,0,0,0,0,0
201208,999,47380, ,Waco  TX ,37,37,6754,1,2,196,0,0,0,1,9,431,0,0,0,0,0,0,0,0,0,0,0,0
201208,999,47940, ,Waterloo-Cedar Falls  IA ,34,34,6521,0,0,0,0,0,0,0,0,0,26,26,5470,0,0,0,0,0,0,0,0,0
201208,999,48300, ,Wenatchee-East Wenatchee  WA ,22,22,4334,0,0,0,0,0,0,0,0,0,22,22,4334,0,0,0,0,0,0,0,0,0
201208,999,48540, ,Wheeling  WV-OH ,0,0,0,0,0,0,0,0,0,0,0,0,0,0,0,0,0,0,0,0,0,0,0,0
201208,999,48660, ,Wichita Falls  TX ,6,6,1535,0,0,0,0,0,0,0,0,0,6,6,1535,0,0,0,0,0,0,0,0,0
201208,999,48900,C,Wilmington  NC ,164,164,32308,0,0,0,0,0,0,2,24,2897,106,106,22064,0,0,0,0,0,0,2,24,2897
201208,999,49420, ,Yakima  WA ,19,19,4561,0,0,0,0,0,0,0,0,0,18,18,4377,0,0,0,0,0,0,0,0,0
201208,999,49740, ,Yuma  AZ ,42,42,6649,0,0,0,0,0,0,0,0,0,42,42,6649,0,0,0,0,0,0,0,0,0
