Survey,CSA,CBSA,MONCOV,CBSA,,1-unit,,,2-units,,,3-4 units,,,5+ units,,,1-unit rep,,,2-units rep,,,3-4 units rep,,,5+ units rep
Date,Code,Code,,Name,Bldgs,Units,Value,Bldgs,Units,Value,Bldgs,Units,Value,Bldgs,Units,Value,Bldgs,Units,Value,Bldgs,Units,Value,      Bldgs,Units,Value,Bldgs,Units,Value
 
201205,102,18700, ,Corvallis  OR ,6,6,1380,2,4,840,0,0,0,3,18,2076,6,6,1380,2,4,840,0,0,0,3,18,2076
201205,104,10580, ,Albany-Schenectady-Troy  NY ,62,62,16459,0,0,0,2,8,1356,5,48,6644,50,50,13354,0,0,0,1,4,723,0,0,0
201205,104,24020, ,Glens Falls  NY ,27,27,5928,0,0,0,0,0,0,0,0,0,18,18,3945,0,0,0,0,0,0,0,0,0
201205,112,11180, ,Ames  IA ,9,9,2258,0,0,0,0,0,0,2,24,1700,9,9,2258,0,0,0,0,0,0,2,24,1700
201205,118,11540, ,Appleton  WI ,30,30,5956,0,0,0,0,0,0,6,72,2484,29,29,5706,0,0,0,0,0,0,6,72,2484
201205,118,36780, ,Oshkosh-Neenah  WI ,26,26,4626,2,4,550,0,0,0,0,0,0,26,26,4626,2,4,550,0,0,0,0,0,0
201205,120,11700, ,Asheville  NC ,134,134,22751,0,0,0,0,0,0,0,0,0,118,118,19476,0,0,0,0,0,0,0,0,0
201205,122,12060,C,Atlanta-Sandy Springs-Marietta  GA ,866,866,179810,0,0,0,0,0,0,6,124,6822,825,825,171967,0,0,0,0,0,0,5,114,6095
201205,122,23580, ,Gainesville  GA ,26,26,4187,0,0,0,0,0,0,0,0,0,26,26,4187,0,0,0,0,0,0,0,0,0
201205,126,12420,C,Austin-Round Rock-San Marcos  TX ,804,804,136982,0,0,0,4,15,1112,37,844,61749,702,702,121697,0,0,0,4,15,1112,20,683,50954
201205,132,12940, ,Baton Rouge  LA ,246,246,42843,1,2,158,0,0,0,1,11,896,166,166,30931,0,0,0,0,0,0,0,0,0
201205,140,13460,C,Bend  OR ,57,57,14787,0,0,0,0,0,0,0,0,0,53,53,14161,0,0,0,0,0,0,0,0,0
201205,142,13820,C,Birmingham-Hoover  AL ,174,174,37123,0,0,0,0,0,0,1,7,350,133,133,29821,0,0,0,0,0,0,0,0,0
201205,148,14460,C,Boston-Cambridge-Quincy  MA-NH ,378,378,109498,20,40,4850,9,30,5283,14,529,55302,289,289,88745,13,26,4214,8,27,4708,4,466,50024
201205,148,31700, ,Manchester-Nashua  NH ,29,29,5897,3,6,701,0,0,0,0,0,0,23,23,4839,3,6,701,0,0,0,0,0,0
201205,148,39300, ,Providence-New Bedford-Fall River  RI-MA ,112,112,19232,2,4,317,0,0,0,1,5,351,78,78,12892,0,0,0,0,0,0,0,0,0
201205,148,49340, ,Worcester  MA ,59,59,13453,0,0,0,1,3,360,1,8,320,45,45,10501,0,0,0,1,3,360,1,8,320
201205,154,15180, ,Brownsville-Harlingen  TX ,90,90,9401,3,6,297,1,3,123,1,5,196,50,50,5174,2,4,199,0,0,0,0,0,0
201205,160,15380, ,Buffalo-Niagara Falls  NY ,75,75,17767,0,0,0,0,0,0,0,0,0,75,75,17767,0,0,0,0,0,0,0,0,0
201205,164,16020, ,Cape Girardeau-Jackson  MO-IL ,12,12,1949,1,2,225,0,0,0,0,0,0,0,0,0,0,0,0,0,0,0,0,0,0
201205,172,16740,C,Charlotte-Gastonia-Rock Hill  NC-SC ,588,588,114189,0,0,0,0,0,0,31,1013,88455,557,557,107543,0,0,0,0,0,0,31,1013,88455
201205,174,16860, ,Chattanooga  TN-GA ,91,91,14339,1,2,92,0,0,0,2,11,1023,68,68,11095,0,0,0,0,0,0,0,0,0
201205,174,17420, ,Cleveland  TN ,21,21,2781,0,0,0,1,4,264,0,0,0,16,16,2093,0,0,0,0,0,0,0,0,0
201205,176,16980,C,Chicago-Joliet-Naperville  IL-IN-WI ,542,542,138580,7,14,2134,9,31,4370,4,37,3673,462,462,119782,6,12,1897,9,31,4370,2,13,2020
201205,176,28100, ,Kankakee-Bradley  IL ,3,3,767,0,0,0,0,0,0,0,0,0,3,3,767,0,0,0,0,0,0,0,0,0
201205,176,33140, ,Michigan City-La Porte  IN ,10,10,1464,0,0,0,0,0,0,0,0,0,10,10,1464,0,0,0,0,0,0,0,0,0
201205,178,17140,C,Cincinnati-Middletown  OH-KY-IN ,269,269,52496,2,4,340,0,0,0,1,5,650,196,196,40869,0,0,0,0,0,0,0,0,0
201205,184,10420, ,Akron  OH ,42,42,7717,1,2,170,0,0,0,0,0,0,42,42,7717,1,2,170,0,0,0,0,0,0
201205,184,17460,C,Cleveland-Elyria-Mentor  OH ,195,195,41119,0,0,0,0,0,0,9,60,3445,134,134,26698,0,0,0,0,0,0,7,50,2280
201205,192,17900,C,Columbia  SC ,259,259,38252,0,0,0,0,0,0,3,63,4569,70,70,8453,0,0,0,0,0,0,0,0,0
201205,194,12220,C,Auburn-Opelika  AL ,61,61,15220,0,0,0,0,0,0,0,0,0,61,61,15220,0,0,0,0,0,0,0,0,0
201205,194,17980, ,Columbus  GA-AL ,43,43,6745,0,0,0,1,3,136,1,20,1517,19,19,4205,0,0,0,0,0,0,0,0,0
201205,198,18140,C,Columbus  OH ,272,272,60417,1,2,221,4,14,1259,10,410,37481,222,222,51920,1,2,221,2,8,741,8,389,36286
201205,204,18580, ,Corpus Christi  TX ,91,91,18115,0,0,0,0,0,0,4,32,2062,91,91,18115,0,0,0,0,0,0,4,32,2062
201205,206,19100,C,Dallas-Fort Worth-Arlington  TX ,1741,1741,439734,45,90,16096,0,0,0,50,1300,91445,1556,1556,388449,44,88,15725,0,0,0,30,761,51196
201205,206,43300, ,Sherman-Denison  TX ,0,0,0,0,0,0,0,0,0,0,0,0,0,0,0,0,0,0,0,0,0,0,0,0
201205,212,19380, ,Dayton  OH ,86,86,16804,0,0,0,0,0,0,0,0,0,85,85,16618,0,0,0,0,0,0,0,0,0
201205,212,44220, ,Springfield  OH ,4,4,465,0,0,0,0,0,0,0,0,0,4,4,465,0,0,0,0,0,0,0,0,0
201205,216,14500, ,Boulder  CO ,32,32,12100,0,0,0,0,0,0,0,0,0,32,32,12100,0,0,0,0,0,0,0,0,0
201205,216,19740,C,Denver-Aurora-Broomfield  CO ,488,488,121087,6,12,1613,1,3,343,4,587,39065,479,479,119236,6,12,1613,1,3,343,4,587,39065
201205,216,24540,C,Greeley  CO ,98,98,22409,0,0,0,0,0,0,2,14,1155,65,65,14037,0,0,0,0,0,0,0,0,0
201205,218,19780,C,Des Moines-West Des Moines  IA ,284,284,62551,0,0,0,1,4,426,10,253,32806,256,256,55787,0,0,0,1,4,426,10,253,32806
201205,220,11460, ,Ann Arbor  MI ,15,15,4085,0,0,0,0,0,0,1,30,1868,6,6,1235,0,0,0,0,0,0,0,0,0
201205,220,19820,C,Detroit-Warren-Livonia  MI ,479,479,112756,1,2,120,5,20,3927,3,106,13216,424,424,97246,1,2,120,5,20,3927,3,106,13216
201205,220,22420, ,Flint  MI ,7,7,1612,0,0,0,0,0,0,0,0,0,5,5,1157,0,0,0,0,0,0,0,0,0
201205,220,33780, ,Monroe  MI ,9,9,1981,0,0,0,0,0,0,0,0,0,7,7,1567,0,0,0,0,0,0,0,0,0
201205,222,20020, ,Dothan  AL ,22,22,4058,0,0,0,0,0,0,14,315,13570,22,22,4058,0,0,0,0,0,0,14,315,13570
201205,232,20740, ,Eau Claire  WI ,29,29,4785,7,14,1250,1,4,400,1,8,500,28,28,4714,7,14,1250,1,4,400,1,8,500
201205,244,22020, ,Fargo  ND-MN ,111,111,20542,0,0,0,0,0,0,2,45,3483,111,111,20542,0,0,0,0,0,0,2,45,3483
201205,252,22540, ,Fond du Lac  WI ,2,2,371,0,0,0,0,0,0,1,11,550,1,1,140,0,0,0,0,0,0,0,0,0
201205,258,23060,C,Fort Wayne  IN ,70,70,14995,0,0,0,0,0,0,0,0,0,70,70,14995,0,0,0,0,0,0,0,0,0
201205,260,23420, ,Fresno  CA ,160,160,31003,0,0,0,2,7,1379,1,20,2666,2,2,256,0,0,0,0,0,0,0,0,0
201205,260,31460, ,Madera-Chowchilla  CA ,11,11,2781,0,0,0,0,0,0,0,0,0,11,11,2781,0,0,0,0,0,0,0,0,0
201205,266,24340,C,Grand Rapids-Wyoming  MI ,111,111,21303,0,0,0,0,0,0,0,0,0,59,59,10599,0,0,0,0,0,0,0,0,0
201205,266,26100, ,Holland-Grand Haven  MI ,44,44,9872,0,0,0,0,0,0,1,5,437,35,35,8176,0,0,0,0,0,0,0,0,0
201205,266,34740, ,Muskegon-Norton Shores  MI ,9,9,1386,0,0,0,0,0,0,0,0,0,8,8,1229,0,0,0,0,0,0,0,0,0
201205,268,15500, ,Burlington  NC ,34,34,4543,0,0,0,0,0,0,0,0,0,34,34,4543,0,0,0,0,0,0,0,0,0
201205,268,24660,C,Greensboro-High Point  NC ,92,92,22676,0,0,0,10,40,3736,1,42,1361,73,73,18978,0,0,0,10,40,3736,1,42,1361
201205,268,49180, ,Winston-Salem  NC ,86,86,16439,0,0,0,0,0,0,11,288,13369,86,86,16439,0,0,0,0,0,0,11,288,13369
201205,273,11340, ,Anderson  SC ,32,32,7275,0,0,0,0,0,0,0,0,0,32,32,7275,0,0,0,0,0,0,0,0,0
201205,273,24860,C,Greenville-Maudlin-Easley  SC ,179,179,48159,0,0,0,0,0,0,1,5,515,175,175,47256,0,0,0,0,0,0,0,0,0
201205,273,43900, ,Spartanburg  SC ,54,54,6687,0,0,0,0,0,0,0,0,0,54,54,6687,0,0,0,0,0,0,0,0,0
201205,274,25060, ,Gulfport-Biloxi  MS ,90,90,13110,4,8,645,2,6,382,2,29,2211,39,39,5362,0,0,0,0,0,0,0,0,0
201205,274,37700, ,Pascagoula  MS ,32,32,4972,0,0,0,0,0,0,0,0,0,0,0,0,0,0,0,0,0,0,0,0,0
201205,276,25420, ,Harrisburg-Carlisle  PA ,75,75,17460,0,0,0,0,0,0,1,5,350,36,36,9347,0,0,0,0,0,0,0,0,0
201205,276,30140, ,Lebanon  PA ,15,15,1816,0,0,0,0,0,0,0,0,0,15,15,1816,0,0,0,0,0,0,0,0,0
201205,278,25540, ,Hartford-West Hartford-East Hartford  CT ,62,62,11736,1,2,342,0,0,0,2,12,1373,45,45,8616,1,2,342,0,0,0,0,0,0
201205,288,26420,C,Houston-Sugar Land-Baytown  TX ,2820,2820,576315,0,0,0,0,0,0,15,1164,151415,2651,2651,541371,0,0,0,0,0,0,10,1104,148605
201205,290,19460, ,Decatur  AL ,8,8,1340,0,0,0,0,0,0,0,0,0,2,2,177,0,0,0,0,0,0,0,0,0
201205,290,26620, ,Huntsville  AL ,206,206,28547,0,0,0,0,0,0,0,0,0,91,91,22580,0,0,0,0,0,0,0,0,0
201205,292,26820, ,Idaho Falls  ID ,37,37,4072,0,0,0,0,0,0,0,0,0,37,37,4072,0,0,0,0,0,0,0,0,0
201205,294,11300, ,Anderson  IN ,4,4,1364,0,0,0,0,0,0,0,0,0,1,1,580,0,0,0,0,0,0,0,0,0
201205,294,18020, ,Columbus  IN ,20,20,3682,0,0,0,0,0,0,0,0,0,20,20,3682,0,0,0,0,0,0,0,0,0
201205,294,26900,C,Indianapolis-Carmel  IN ,411,411,88504,6,12,1297,0,0,0,2,68,2968,406,406,87713,6,12,1297,0,0,0,2,68,2968
201205,296,27060, ,Ithaca  NY ,3,3,775,0,0,0,0,0,0,0,0,0,1,1,130,0,0,0,0,0,0,0,0,0
201205,297,27180, ,Jackson  TN ,14,14,3370,0,0,0,0,0,0,0,0,0,14,14,3370,0,0,0,0,0,0,0,0,0
201205,298,27140, ,Jackson  MS ,146,146,27636,0,0,0,0,0,0,1,22,2768,118,118,22059,0,0,0,0,0,0,0,0,0
201205,304,27740, ,Johnson City  TN ,21,21,3755,0,0,0,0,0,0,0,0,0,21,21,3755,0,0,0,0,0,0,0,0,0
201205,304,28700, ,Kingsport-Bristol-Bristol  TN-VA ,26,26,3963,0,0,0,0,0,0,0,0,0,13,13,1905,0,0,0,0,0,0,0,0,0
201205,308,27860, ,Jonesboro  AR ,58,58,7342,0,0,0,5,20,1000,2,16,200,57,57,7267,0,0,0,5,20,1000,2,16,200
201205,312,28140,C,Kansas City  MO-KS ,310,310,76507,1,2,339,1,3,383,3,21,1048,253,253,61717,0,0,0,1,3,383,2,16,520
201205,314,28940, ,Knoxville  TN ,99,99,18223,0,0,0,0,0,0,0,0,0,88,88,16887,0,0,0,0,0,0,0,0,0
201205,314,34100, ,Morristown  TN ,11,11,2107,0,0,0,0,0,0,0,0,0,7,7,1718,0,0,0,0,0,0,0,0,0
201205,316,29020, ,Kokomo  IN ,3,3,1540,0,0,0,0,0,0,0,0,0,3,3,1540,0,0,0,0,0,0,0,0,0
201205,318,29180, ,Lafayette  LA ,95,95,14581,0,0,0,0,0,0,2,13,635,57,57,9562,0,0,0,0,0,0,0,0,0
201205,320,29140, ,Lafayette  IN ,92,92,16319,5,10,1029,0,0,0,1,25,2022,24,24,4242,0,0,0,0,0,0,0,0,0
201205,324,29340, ,Lake Charles  LA ,57,57,8595,0,0,0,0,0,0,0,0,0,29,29,3463,0,0,0,0,0,0,0,0,0
201205,330,29620, ,Lansing-East Lansing  MI ,26,26,6092,0,0,0,0,0,0,1,38,3279,14,14,3566,0,0,0,0,0,0,1,38,3279
201205,332,29820,C,Las Vegas-Paradise  NV ,678,678,108697,0,0,0,0,0,0,1,10,1300,678,678,108697,0,0,0,0,0,0,1,10,1300
201205,336,30460, ,Lexington-Fayette  KY ,107,107,16140,0,0,0,0,0,0,0,0,0,102,102,15184,0,0,0,0,0,0,0,0,0
201205,338,30620, ,Lima  OH ,1,1,187,0,0,0,0,0,0,0,0,0,0,0,0,0,0,0,0,0,0,0,0,0
201205,340,30780, ,Little Rock-North Little Rock-Conway  AR ,173,173,29692,0,0,0,0,0,0,0,0,0,173,173,29692,0,0,0,0,0,0,0,0,0
201205,340,38220, ,Pine Bluff  AR ,2,2,214,0,0,0,0,0,0,0,0,0,2,2,214,0,0,0,0,0,0,0,0,0
201205,346,30980, ,Longview  TX ,21,21,3574,3,6,214,0,0,0,0,0,0,0,0,0,0,0,0,0,0,0,0,0,0
201205,348,31100,C,Los Angeles-Long Beach-Santa Ana  CA ,478,478,162682,15,30,5830,13,45,7859,69,1853,294894,418,418,136431,13,26,4682,11,38,6443,64,1816,291472
201205,348,37100, ,Oxnard-Thousand Oaks-Ventura  CA ,16,16,6240,0,0,0,1,3,585,2,29,3169,0,0,0,0,0,0,1,3,585,1,12,1322
201205,348,40140,C,Riverside-San Bernardino-Ontario  CA ,347,347,88200,0,0,0,9,34,4087,2,24,2359,312,312,82666,0,0,0,9,34,4087,1,10,1340
201205,350,21060, ,Elizabethtown  KY ,20,20,3675,0,0,0,0,0,0,0,0,0,7,7,1263,0,0,0,0,0,0,0,0,0
201205,350,31140,C,Louisville-Jefferson County  KY-IN ,247,247,44906,1,2,156,1,3,600,0,0,0,225,225,40756,1,2,156,1,3,600,0,0,0
201205,352,31180, ,Lubbock  TX ,55,55,11800,1,2,318,0,0,0,8,152,13854,55,55,11800,1,2,318,0,0,0,8,152,13854
201205,356,31420, ,Macon  GA ,6,6,986,0,0,0,0,0,0,0,0,0,6,6,986,0,0,0,0,0,0,0,0,0
201205,356,47580, ,Warner Robins  GA ,59,59,12817,0,0,0,0,0,0,0,0,0,59,59,12817,0,0,0,0,0,0,0,0,0
201205,358,31540,C,Madison  WI ,104,104,24217,2,4,620,0,0,0,2,52,5219,71,71,17523,1,2,320,0,0,0,0,0,0
201205,360,31900, ,Mansfield  OH ,1,1,80,0,0,0,0,0,0,0,0,0,1,1,80,0,0,0,0,0,0,0,0,0
201205,372,33260,C,Midland  TX ,67,67,12175,0,0,0,0,0,0,0,0,0,67,67,12175,0,0,0,0,0,0,0,0,0
201205,372,36220,C,Odessa  TX ,54,54,10754,2,4,360,0,0,0,0,0,0,54,54,10754,2,4,360,0,0,0,0,0,0
201205,376,33340,C,Milwaukee-Waukesha-West Allis  WI ,105,105,28208,0,0,0,0,0,0,1,150,17875,86,86,20858,0,0,0,0,0,0,1,150,17875
201205,376,39540, ,Racine  WI ,9,9,2527,0,0,0,0,0,0,0,0,0,3,3,639,0,0,0,0,0,0,0,0,0
201205,378,33460,C,Minneapolis-St. Paul-Bloomington  MN-WI ,522,522,140995,1,2,220,0,0,0,6,127,16811,483,483,132075,1,2,220,0,0,0,5,115,15652
201205,378,41060, ,St. Cloud  MN ,25,25,4922,0,0,0,0,0,0,1,11,935,21,21,4301,0,0,0,0,0,0,0,0,0
201205,380,33660, ,Mobile  AL ,56,56,11039,0,0,0,0,0,0,0,0,0,56,56,11039,0,0,0,0,0,0,0,0,0
201205,384,33740, ,Monroe  LA ,32,32,5525,0,0,0,1,3,496,2,10,1232,0,0,0,0,0,0,0,0,0,0,0,0
201205,388,33860, ,Montgomery  AL ,39,39,6538,0,0,0,0,0,0,1,5,122,30,30,5544,0,0,0,0,0,0,0,0,0
201205,396,34820, ,Myrtle Beach-North Myrtle Beach-Conway  SC ,191,191,31782,12,24,1720,0,0,0,0,0,0,191,191,31782,12,24,1720,0,0,0,0,0,0
201205,400,34980,C,Nashville-Davidson--Murfreesboro-Franklin  TN ,475,475,97249,0,0,0,1,3,0,14,436,32882,394,394,82143,0,0,0,0,0,0,14,436,32882
201205,406,35380,C,New Orleans-Metairie-Kenner  LA ,170,170,31216,8,16,1677,0,0,0,1,8,2099,143,143,26433,8,16,1677,0,0,0,1,8,2099
201205,408,14860, ,Bridgeport-Stamford-Norwalk  CT ,53,53,30483,0,0,0,2,6,1842,2,101,16154,43,43,20089,0,0,0,2,6,1842,1,90,15734
201205,408,28740, ,Kingston  NY ,4,4,673,0,0,0,0,0,0,0,0,0,4,4,673,0,0,0,0,0,0,0,0,0
201205,408,35300, ,New Haven-Milford  CT ,29,29,5443,2,4,332,0,0,0,1,9,554,21,21,3968,2,4,332,0,0,0,0,0,0
201205,408,35620,C,New York-Northern New Jersey-Long Island  NY-NJ-PA ,623,623,180386,47,94,10095,18,56,5969,53,1217,136241,415,415,127675,40,80,8532,16,50,4710,30,992,112178
201205,408,39100, ,Poughkeepsie-Newburgh-Middletown  NY ,44,44,9362,0,0,0,0,0,0,4,45,4329,32,32,7159,0,0,0,0,0,0,0,0,0
201205,408,45940,C,Trenton-Ewing  NJ ,21,21,4490,0,0,0,0,0,0,1,6,315,17,17,3424,0,0,0,0,0,0,0,0,0
201205,416,36420,C,Oklahoma City  OK ,338,338,63224,3,6,565,0,0,0,43,668,23044,183,183,39610,2,4,400,0,0,0,42,654,22242
201205,420,36540,C,Omaha-Council Bluffs  NE-IA ,256,256,46586,0,0,0,0,0,0,3,77,4533,226,226,40947,0,0,0,0,0,0,2,50,2935
201205,422,19660,C,Deltona-Daytona Beach-Ormond Beach  FL ,55,55,15417,0,0,0,0,0,0,2,14,1372,32,32,9212,0,0,0,0,0,0,0,0,0
201205,422,36740,C,Orlando-Kissimmee-Sanford  FL ,645,645,133611,3,6,875,0,0,0,7,36,6625,604,604,122160,3,6,875,0,0,0,7,36,6625
201205,422,37380,C,Palm Coast  FL ,23,23,7073,0,0,0,0,0,0,0,0,0,23,23,7073,0,0,0,0,0,0,0,0,0
201205,426,37900, ,Peoria  IL ,35,35,8815,1,2,387,0,0,0,0,0,0,11,11,2595,1,2,387,0,0,0,0,0,0
201205,428,37980,C,Philadelphia-Camden-Wilmington  PA-NJ-DE-MD ,534,534,91973,16,32,2007,2,7,416,13,226,18693,346,346,64059,16,32,2007,2,7,416,6,173,14789
201205,428,39740, ,Reading  PA ,11,11,1503,0,0,0,0,0,0,0,0,0,9,9,1179,0,0,0,0,0,0,0,0,0
201205,428,47220,C,Vineland-Millville-Bridgeton  NJ ,13,13,1420,0,0,0,0,0,0,0,0,0,3,3,272,0,0,0,0,0,0,0,0,0
201205,430,38300,C,Pittsburgh  PA ,287,287,72166,1,2,130,4,14,2320,1,25,950,177,177,49700,1,2,130,3,11,1904,1,25,950
201205,438,30340, ,Lewiston-Auburn  ME ,10,10,1629,0,0,0,0,0,0,0,0,0,7,7,1117,0,0,0,0,0,0,0,0,0
201205,438,38860, ,Portland-South Portland-Biddeford  ME ,91,91,17895,5,10,675,1,4,540,1,8,600,56,56,11110,4,8,550,1,4,540,1,8,600
201205,442,38940,C,Port St. Lucie  FL ,75,75,23289,0,0,0,3,12,2418,1,5,311,74,74,23043,0,0,0,3,12,2418,0,0,0
201205,442,42680,C,Sebastian-Vero Beach  FL ,18,18,5066,0,0,0,0,0,0,0,0,0,12,12,3932,0,0,0,0,0,0,0,0,0
201205,450,20500,C,Durham-Chapel Hill  NC ,140,140,30168,0,0,0,0,0,0,1,12,985,108,108,22515,0,0,0,0,0,0,1,12,985
201205,450,39580,C,Raleigh-Cary  NC ,555,555,111893,1,2,226,0,0,0,15,405,23004,540,540,109887,1,2,226,0,0,0,15,405,23004
201205,456,39900,C,Reno-Sparks  NV ,58,58,14714,0,0,0,0,0,0,0,0,0,46,46,10414,0,0,0,0,0,0,0,0,0
201205,464,40380, ,Rochester  NY ,80,80,16752,3,6,538,0,0,0,3,26,2111,69,69,15334,1,2,200,0,0,0,1,6,539
201205,466,40420, ,Rockford  IL ,9,9,1034,0,0,0,0,0,0,0,0,0,7,7,752,0,0,0,0,0,0,0,0,0
201205,472,40900,C,Sacramento--Arden-Arcade--Roseville  CA ,239,239,70969,0,0,0,0,0,0,0,0,0,236,236,70215,0,0,0,0,0,0,0,0,0
201205,472,49700, ,Yuba City  CA ,17,17,2941,0,0,0,0,0,0,0,0,0,15,15,2499,0,0,0,0,0,0,0,0,0
201205,474,13020, ,Bay City  MI ,1,1,221,0,0,0,0,0,0,0,0,0,0,0,0,0,0,0,0,0,0,0,0,0
201205,474,40980, ,Saginaw-Saginaw Township North  MI ,5,5,1036,0,0,0,1,4,220,1,5,267,4,4,767,0,0,0,1,4,220,1,5,267
201205,476,41180,C,St. Louis  MO-IL ,381,381,79012,10,20,3189,3,10,1545,4,127,10527,260,260,47984,9,18,2903,1,4,688,1,101,8000
201205,480,41540, ,Salisbury  MD ,7,7,919,0,0,0,0,0,0,0,0,0,6,6,784,0,0,0,0,0,0,0,0,0
201205,482,36260, ,Ogden-Clearfield  UT ,161,161,35611,1,2,221,2,7,716,3,18,2195,161,161,35611,1,2,221,2,7,716,3,18,2195
201205,482,41620,C,Salt Lake City  UT ,258,258,57529,1,2,316,0,0,0,5,55,4627,188,188,42225,0,0,0,0,0,0,0,0,0
201205,488,34900, ,Napa  CA ,4,4,1000,1,2,350,0,0,0,0,0,0,4,4,1000,1,2,350,0,0,0,0,0,0
201205,488,41860,C,San Francisco-Oakland-Fremont  CA ,302,302,117919,6,12,2973,0,0,0,8,97,13260,247,247,99857,6,12,2973,0,0,0,3,30,5078
201205,488,41940,C,San Jose-Sunnyvale-Santa Clara  CA ,242,242,87446,0,0,0,2,7,1521,4,375,51577,224,224,78806,0,0,0,1,4,686,3,344,46278
201205,488,42100, ,Santa Cruz-Watsonville  CA ,30,30,5028,0,0,0,0,0,0,0,0,0,30,30,5028,0,0,0,0,0,0,0,0,0
201205,488,42220, ,Santa Rosa-Petaluma  CA ,46,46,11790,0,0,0,0,0,0,0,0,0,43,43,11303,0,0,0,0,0,0,0,0,0
201205,488,46700, ,Vallejo-Fairfield  CA ,52,52,10616,0,0,0,0,0,0,0,0,0,52,52,10616,0,0,0,0,0,0,0,0,0
201205,492,42140,C,Santa Fe  NM ,13,13,1734,0,0,0,0,0,0,0,0,0,0,0,0,0,0,0,0,0,0,0,0,0
201205,494,35840,C,North Port-Bradenton-Sarasota  FL ,220,220,52509,1,2,340,6,21,2862,3,25,1808,218,218,51981,1,2,340,6,21,2862,2,20,1404
201205,494,39460,C,Punta Gorda  FL ,29,29,5692,0,0,0,0,0,0,0,0,0,29,29,5692,0,0,0,0,0,0,0,0,0
201205,496,25980, ,Hinesville-Fort Stewart  GA ,15,15,6410,0,0,0,0,0,0,0,0,0,15,15,6410,0,0,0,0,0,0,0,0,0
201205,496,42340, ,Savannah  GA ,95,95,16511,0,0,0,0,0,0,0,0,0,85,85,14951,0,0,0,0,0,0,0,0,0
201205,500,14740, ,Bremerton-Silverdale  WA ,49,49,10155,0,0,0,0,0,0,0,0,0,49,49,10155,0,0,0,0,0,0,0,0,0
201205,500,34580, ,Mount Vernon-Anacortes  WA ,23,23,4601,0,0,0,0,0,0,0,0,0,0,0,0,0,0,0,0,0,0,0,0,0
201205,500,36500, ,Olympia  WA ,63,63,16595,0,0,0,0,0,0,0,0,0,63,63,16595,0,0,0,0,0,0,0,0,0
201205,500,42660,C,Seattle-Tacoma-Bellevue  WA ,779,779,209317,8,16,2601,8,24,4131,12,765,85683,714,714,188545,8,16,2601,7,21,3337,10,752,84307
201205,508,43340, ,Shreveport-Bossier City  LA ,109,109,19869,0,0,0,0,0,0,2,40,2435,66,66,14610,0,0,0,0,0,0,0,0,0
201205,512,43580, ,Sioux City  IA-NE-SD ,18,18,4740,2,4,380,0,0,0,0,0,0,10,10,2463,2,4,380,0,0,0,0,0,0
201205,515,21140, ,Elkhart-Goshen  IN ,25,25,4377,0,0,0,0,0,0,0,0,0,25,25,4377,0,0,0,0,0,0,0,0,0
201205,515,43780, ,South Bend-Mishawaka  IN-MI ,17,17,3264,0,0,0,0,0,0,0,0,0,17,17,3264,0,0,0,0,0,0,0,0,0
201205,532,45060, ,Syracuse  NY ,49,49,10079,0,0,0,0,0,0,0,0,0,43,43,8957,0,0,0,0,0,0,0,0,0
201205,534,45780, ,Toledo  OH ,50,50,10595,0,0,0,1,4,168,0,0,0,35,35,7482,0,0,0,1,4,168,0,0,0
201205,538,46140,C,Tulsa  OK ,220,220,40251,0,0,0,0,0,0,2,76,6435,203,203,36905,0,0,0,0,0,0,1,70,5850
201205,540,46340, ,Tyler  TX ,13,13,2617,0,0,0,1,3,150,1,10,462,0,0,0,0,0,0,0,0,0,0,0,0
201205,548,12580,C,Baltimore-Towson  MD ,390,390,80785,0,0,0,0,0,0,4,184,15365,265,265,52451,0,0,0,0,0,0,1,21,1450
201205,548,47900,C,Washington-Arlington-Alexandria  DC-VA-MD-WV ,1156,1156,223567,14,28,2443,1,3,159,27,1217,135199,1050,1050,200493,11,22,1743,1,3,159,25,1163,129790
201205,548,49020, ,Winchester  VA-WV ,22,22,4554,0,0,0,0,0,0,0,0,0,22,22,4554,0,0,0,0,0,0,0,0,0
201205,554,48140, ,Wausau  WI ,20,20,3950,0,0,0,0,0,0,0,0,0,9,9,1660,0,0,0,0,0,0,0,0,0
201205,556,48620, ,Wichita  KS ,68,68,12083,12,24,1403,6,18,820,0,0,0,66,66,11849,12,24,1403,6,18,820,0,0,0
201205,558,48700, ,Williamsport  PA ,0,0,0,0,0,0,0,0,0,0,0,0,0,0,0,0,0,0,0,0,0,0,0,0
201205,564,49620, ,York-Hanover  PA ,35,35,5882,0,0,0,1,4,320,0,0,0,35,35,5882,0,0,0,1,4,320,0,0,0
201205,566,49660, ,Youngstown-Warren-Boardman  OH-PA ,21,21,4886,0,0,0,0,0,0,0,0,0,5,5,990,0,0,0,0,0,0,0,0,0
201205,999,10180, ,Abilene  TX ,22,22,3520,0,0,0,0,0,0,0,0,0,22,22,3520,0,0,0,0,0,0,0,0,0
201205,999,10500, ,Albany  GA ,16,16,1819,1,2,150,0,0,0,0,0,0,0,0,0,0,0,0,0,0,0,0,0,0
201205,999,10740,C,Albuquerque  NM ,185,185,32860,0,0,0,1,3,422,2,30,2335,6,6,1355,0,0,0,0,0,0,0,0,0
201205,999,10780, ,Alexandria  LA ,29,29,4801,1,2,208,0,0,0,1,7,459,0,0,0,0,0,0,0,0,0,0,0,0
201205,999,10900,C,Allentown-Bethlehem-Easton  PA-NJ ,120,120,16238,0,0,0,0,0,0,2,10,1005,76,76,9525,0,0,0,0,0,0,2,10,1005
201205,999,11020, ,Altoona  PA ,1,1,197,0,0,0,0,0,0,0,0,0,1,1,197,0,0,0,0,0,0,0,0,0
201205,999,11100, ,Amarillo  TX ,51,51,13728,11,22,2997,0,0,0,11,240,20994,51,51,13728,11,22,2997,0,0,0,11,240,20994
201205,999,11260,C,Anchorage  AK ,53,53,14986,1,2,390,0,0,0,1,11,1883,5,5,1126,0,0,0,0,0,0,0,0,0
201205,999,11500, ,Anniston-Oxford  AL ,3,3,599,0,0,0,0,0,0,0,0,0,3,3,599,0,0,0,0,0,0,0,0,0
201205,999,12020, ,Athens-Clarke County  GA ,14,14,3815,0,0,0,0,0,0,0,0,0,14,14,3815,0,0,0,0,0,0,0,0,0
201205,999,12100,C,Atlantic City-Hammonton  NJ ,34,34,6519,0,0,0,0,0,0,1,5,1098,23,23,5325,0,0,0,0,0,0,0,0,0
201205,999,12260, ,Augusta-Richmond County  GA-SC ,152,152,27390,0,0,0,0,0,0,0,0,0,141,141,26066,0,0,0,0,0,0,0,0,0
201205,999,12540, ,Bakersfield-Delano  CA ,83,83,16440,1,2,145,0,0,0,1,13,656,2,2,163,0,0,0,0,0,0,0,0,0
201205,999,12620, ,Bangor  ME ,12,12,2212,0,0,0,0,0,0,3,21,420,8,8,1440,0,0,0,0,0,0,3,21,420
201205,999,12700, ,Barnstable Town  MA ,33,33,9868,0,0,0,0,0,0,0,0,0,18,18,5138,0,0,0,0,0,0,0,0,0
201205,999,12980, ,Battle Creek  MI ,1,1,166,0,0,0,0,0,0,0,0,0,0,0,0,0,0,0,0,0,0,0,0,0
201205,999,13140, ,Beaumont-Port Arthur  TX ,45,45,5494,0,0,0,0,0,0,1,196,8452,45,45,5494,0,0,0,0,0,0,1,196,8452
201205,999,13380, ,Bellingham  WA ,27,27,6399,0,0,0,0,0,0,1,38,2911,27,27,6399,0,0,0,0,0,0,1,38,2911
201205,999,13740, ,Billings  MT ,41,41,8017,0,0,0,0,0,0,0,0,0,41,41,8017,0,0,0,0,0,0,0,0,0
201205,999,13780, ,Binghamton  NY ,0,0,0,0,0,0,0,0,0,0,0,0,0,0,0,0,0,0,0,0,0,0,0,0
201205,999,13900, ,Bismarck  ND ,87,87,15687,0,0,0,1,3,363,2,29,1887,20,20,4428,0,0,0,0,0,0,1,24,1500
201205,999,14020, ,Bloomington  IN ,19,19,3279,1,2,187,0,0,0,1,10,865,19,19,3279,1,2,187,0,0,0,1,10,865
201205,999,14060, ,Bloomington-Normal  IL ,24,24,4017,0,0,0,0,0,0,0,0,0,24,24,4017,0,0,0,0,0,0,0,0,0
201205,999,14260,C,Boise City-Nampa  ID ,289,289,63835,0,0,0,13,52,3488,2,32,1592,287,287,63490,0,0,0,13,52,3488,2,32,1592
201205,999,14540, ,Bowling Green  KY ,31,31,6132,0,0,0,0,0,0,0,0,0,31,31,6132,0,0,0,0,0,0,0,0,0
201205,999,15260, ,Brunswick  GA ,36,36,8935,0,0,0,0,0,0,0,0,0,0,0,0,0,0,0,0,0,0,0,0,0
201205,999,15540, ,Burlington-South Burlington  VT ,28,28,6747,2,4,490,1,3,517,1,10,815,15,15,3043,2,4,490,0,0,0,0,0,0
201205,999,15940, ,Canton-Massillon  OH ,30,30,7427,2,4,616,0,0,0,0,0,0,28,28,7214,2,4,616,0,0,0,0,0,0
201205,999,15980,C,Cape Coral-Fort Myers  FL ,153,153,33237,0,0,0,1,3,631,2,13,1356,115,115,24554,0,0,0,0,0,0,1,8,500
201205,999,16180,C,Carson City  NV ,0,0,0,0,0,0,0,0,0,0,0,0,0,0,0,0,0,0,0,0,0,0,0,0
201205,999,16220, ,Casper  WY ,41,41,7994,0,0,0,0,0,0,0,0,0,41,41,7994,0,0,0,0,0,0,0,0,0
201205,999,16300, ,Cedar Rapids  IA ,69,69,8072,4,8,712,1,4,250,1,5,167,36,36,4914,2,4,423,0,0,0,0,0,0
201205,999,16580, ,Champaign-Urbana  IL ,18,18,3613,0,0,0,1,4,500,1,72,7755,18,18,3613,0,0,0,1,4,500,1,72,7755
201205,999,16620, ,Charleston  WV ,12,12,2234,0,0,0,0,0,0,1,5,343,1,1,300,0,0,0,0,0,0,0,0,0
201205,999,16700,C,Charleston-North Charleston-Summerville  SC ,269,269,61541,1,2,84,0,0,0,21,934,52681,194,194,49531,1,2,84,0,0,0,19,885,50217
201205,999,16820, ,Charlottesville  VA ,47,47,11896,0,0,0,0,0,0,0,0,0,37,37,10186,0,0,0,0,0,0,0,0,0
201205,999,16940, ,Cheyenne  WY ,38,38,6658,0,0,0,0,0,0,0,0,0,11,11,2120,0,0,0,0,0,0,0,0,0
201205,999,17020, ,Chico  CA ,25,25,5547,0,0,0,0,0,0,5,50,6102,15,15,3397,0,0,0,0,0,0,5,50,6102
201205,999,17300, ,Clarksville  TN-KY ,144,144,19408,1,2,200,6,24,1080,4,38,1855,144,144,19408,1,2,200,6,24,1080,4,38,1855
201205,999,17660, ,Coeur dAlene  ID ,44,44,8659,0,0,0,0,0,0,1,15,1164,28,28,6098,0,0,0,0,0,0,0,0,0
201205,999,17780, ,College Station-Bryan  TX ,58,58,9686,0,0,0,1,3,263,2,39,1756,42,42,6689,0,0,0,0,0,0,0,0,0
201205,999,17820,C,Colorado Springs  CO ,272,272,96282,0,0,0,0,0,0,1,22,3132,272,272,96282,0,0,0,0,0,0,1,22,3132
201205,999,17860, ,Columbia  MO ,30,30,4855,0,0,0,0,0,0,0,0,0,30,30,4855,0,0,0,0,0,0,0,0,0
201205,999,18880, ,Crestview-Fort Walton Beach-Destin  FL ,38,38,12873,0,0,0,0,0,0,0,0,0,38,38,12873,0,0,0,0,0,0,0,0,0
201205,999,19060, ,Cumberland  MD-WV ,5,5,746,0,0,0,0,0,0,0,0,0,5,5,746,0,0,0,0,0,0,0,0,0
201205,999,19140,C,Dalton  GA ,8,8,1122,0,0,0,0,0,0,0,0,0,3,3,545,0,0,0,0,0,0,0,0,0
201205,999,19180, ,Danville  IL ,0,0,0,0,0,0,0,0,0,0,0,0,0,0,0,0,0,0,0,0,0,0,0,0
201205,999,19260, ,Danville  VA ,8,8,994,0,0,0,0,0,0,1,8,472,0,0,0,0,0,0,0,0,0,0,0,0
201205,999,19340, ,Davenport-Moline-Rock Island  IA-IL ,43,43,8430,0,0,0,0,0,0,1,5,361,23,23,4366,0,0,0,0,0,0,0,0,0
201205,999,19500, ,Decatur  IL ,6,6,1279,0,0,0,0,0,0,0,0,0,6,6,1279,0,0,0,0,0,0,0,0,0
201205,999,20100,C,Dover  DE ,63,63,8406,0,0,0,0,0,0,1,11,1038,8,8,665,0,0,0,0,0,0,0,0,0
201205,999,20220, ,Dubuque  IA ,31,31,5733,0,0,0,0,0,0,0,0,0,28,28,5003,0,0,0,0,0,0,0,0,0
201205,999,20260, ,Duluth  MN-WI ,29,29,4490,1,2,219,0,0,0,1,8,918,10,10,1567,0,0,0,0,0,0,0,0,0
201205,999,20940, ,El Centro  CA ,7,7,1187,0,0,0,0,0,0,0,0,0,7,7,1187,0,0,0,0,0,0,0,0,0
201205,999,21300, ,Elmira  NY ,1,1,186,0,0,0,0,0,0,0,0,0,0,0,0,0,0,0,0,0,0,0,0,0
201205,999,21340, ,El Paso  TX ,298,298,48488,0,0,0,0,0,0,12,115,10344,298,298,48488,0,0,0,0,0,0,12,115,10344
201205,999,21500, ,Erie  PA ,9,9,1399,0,0,0,0,0,0,2,24,1500,9,9,1399,0,0,0,0,0,0,2,24,1500
201205,999,21660, ,Eugene-Springfield  OR ,42,42,8876,1,2,194,7,28,2271,8,57,4232,31,31,6875,0,0,0,7,28,2271,8,57,4232
201205,999,21780, ,Evansville  IN-KY ,82,82,6949,0,0,0,0,0,0,0,0,0,82,82,6949,0,0,0,0,0,0,0,0,0
201205,999,21820,C,Fairbanks  AK ,4,4,735,0,0,0,0,0,0,0,0,0,0,0,0,0,0,0,0,0,0,0,0,0
201205,999,22140,C,Farmington  NM ,18,18,4756,0,0,0,0,0,0,0,0,0,18,18,4756,0,0,0,0,0,0,0,0,0
201205,999,22180, ,Fayetteville  NC ,98,98,17052,0,0,0,0,0,0,24,218,14324,98,98,17052,0,0,0,0,0,0,24,218,14324
201205,999,22220, ,Fayetteville-Springdale-Rogers  AR-MO ,182,182,38240,1,2,130,0,0,0,0,0,0,178,178,37693,1,2,130,0,0,0,0,0,0
201205,999,22380, ,Flagstaff  AZ ,13,13,2388,0,0,0,0,0,0,0,0,0,7,7,1228,0,0,0,0,0,0,0,0,0
201205,999,22500, ,Florence  SC ,34,34,4513,2,4,204,0,0,0,1,5,300,4,4,796,0,0,0,0,0,0,0,0,0
201205,999,22520, ,Florence-Muscle Shoals  AL ,21,21,2467,0,0,0,0,0,0,1,5,172,12,12,1384,0,0,0,0,0,0,0,0,0
201205,999,22660,C,Fort Collins-Loveland  CO ,116,116,27002,0,0,0,0,0,0,1,8,884,116,116,27002,0,0,0,0,0,0,1,8,884
201205,999,22900, ,Fort Smith  AR-OK ,48,48,7448,5,10,673,0,0,0,0,0,0,44,44,7087,5,10,673,0,0,0,0,0,0
201205,999,23460, ,Gadsden  AL ,3,3,355,0,0,0,0,0,0,0,0,0,0,0,0,0,0,0,0,0,0,0,0,0
201205,999,23540, ,Gainesville  FL ,33,33,4485,0,0,0,0,0,0,2,20,1225,26,26,3809,0,0,0,0,0,0,0,0,0
201205,999,24140, ,Goldsboro  NC ,17,17,2381,0,0,0,0,0,0,0,0,0,0,0,0,0,0,0,0,0,0,0,0,0
201205,999,24220, ,Grand Forks  ND-MN ,16,16,4207,0,0,0,0,0,0,0,0,0,16,16,4207,0,0,0,0,0,0,0,0,0
201205,999,24300,C,Grand Junction  CO ,34,34,7426,0,0,0,0,0,0,0,0,0,34,34,7426,0,0,0,0,0,0,0,0,0
201205,999,24500, ,Great Falls  MT ,0,0,0,0,0,0,0,0,0,0,0,0,0,0,0,0,0,0,0,0,0,0,0,0
201205,999,24580, ,Green Bay  WI ,49,49,8668,0,0,0,0,0,0,4,53,1916,31,31,6359,0,0,0,0,0,0,3,48,1729
201205,999,24780, ,Greenville  NC ,33,33,5000,3,6,491,0,0,0,17,312,15432,19,19,2407,3,6,491,0,0,0,17,312,15432
201205,999,25180, ,Hagerstown-Martinsburg  MD-WV ,60,60,11313,1,2,30,0,0,0,0,0,0,60,60,11313,1,2,30,0,0,0,0,0,0
201205,999,25260, ,Hanford-Corcoran  CA ,11,11,1562,0,0,0,0,0,0,2,10,766,0,0,0,0,0,0,0,0,0,0,0,0
201205,999,25500,C,Harrisonburg  VA ,12,12,1897,0,0,0,0,0,0,0,0,0,12,12,1897,0,0,0,0,0,0,0,0,0
201205,999,25620, ,Hattiesburg  MS ,1,1,160,0,0,0,0,0,0,0,0,0,1,1,160,0,0,0,0,0,0,0,0,0
201205,999,25860, ,Hickory-Lenoir-Morganton  NC ,25,25,6109,0,0,0,0,0,0,0,0,0,10,10,1848,0,0,0,0,0,0,0,0,0
201205,999,26180,C,Honolulu  HI ,77,77,27414,0,0,0,0,0,0,0,0,0,77,77,27414,0,0,0,0,0,0,0,0,0
201205,999,26300, ,Hot Springs  AR ,4,4,986,0,0,0,0,0,0,0,0,0,4,4,986,0,0,0,0,0,0,0,0,0
201205,999,26380, ,Houma-Bayou Cane-Thibodaux  LA ,47,47,11041,0,0,0,0,0,0,0,0,0,47,47,11041,0,0,0,0,0,0,0,0,0
201205,999,26580, ,Huntington-Ashland  WV-KY-OH ,2,2,173,0,0,0,0,0,0,0,0,0,0,0,0,0,0,0,0,0,0,0,0,0
201205,999,26980, ,Iowa City  IA ,35,35,8573,3,6,645,0,0,0,2,35,5754,32,32,7937,3,6,645,0,0,0,1,30,5400
201205,999,27100, ,Jackson  MI ,3,3,563,0,0,0,0,0,0,0,0,0,1,1,344,0,0,0,0,0,0,0,0,0
201205,999,27260,C,Jacksonville  FL ,471,471,105194,6,12,1012,0,0,0,2,12,870,467,467,104466,6,12,1012,0,0,0,2,12,870
201205,999,27340, ,Jacksonville  NC ,169,169,22278,1,2,150,1,3,225,0,0,0,169,169,22278,1,2,150,1,3,225,0,0,0
201205,999,27500, ,Janesville  WI ,9,9,1673,0,0,0,0,0,0,0,0,0,8,8,1543,0,0,0,0,0,0,0,0,0
201205,999,27620, ,Jefferson City  MO ,18,18,3380,0,0,0,1,3,277,0,0,0,0,0,0,0,0,0,0,0,0,0,0,0
201205,999,27780, ,Johnstown  PA ,1,1,205,0,0,0,0,0,0,0,0,0,1,1,205,0,0,0,0,0,0,0,0,0
201205,999,27900, ,Joplin  MO ,8,8,1115,1,2,137,0,0,0,1,5,341,1,1,52,0,0,0,0,0,0,0,0,0
201205,999,28020, ,Kalamazoo-Portage  MI ,27,27,5819,0,0,0,0,0,0,0,0,0,18,18,4428,0,0,0,0,0,0,0,0,0
201205,999,28420, ,Kennewick-Pasco-Richland  WA ,165,165,40137,0,0,0,0,0,0,1,41,3739,13,13,3034,0,0,0,0,0,0,0,0,0
201205,999,28660, ,Killeen-Temple-Fort Hood  TX ,152,152,26456,3,6,348,0,0,0,2,27,1425,109,109,19110,2,4,262,0,0,0,0,0,0
201205,999,29100, ,La Crosse  WI-MN ,19,19,3107,1,2,237,0,0,0,0,0,0,9,9,1347,1,2,237,0,0,0,0,0,0
201205,999,29420, ,Lake Havasu City-Kingman  AZ ,20,20,4169,0,0,0,0,0,0,0,0,0,20,20,4169,0,0,0,0,0,0,0,0,0
201205,999,29460,C,Lakeland-Winter Haven  FL ,125,125,26103,0,0,0,0,0,0,1,10,1210,120,120,25196,0,0,0,0,0,0,0,0,0
201205,999,29540, ,Lancaster  PA ,66,66,10860,0,0,0,0,0,0,1,6,375,52,52,9359,0,0,0,0,0,0,0,0,0
201205,999,29700,C,Laredo  TX ,43,43,6763,0,0,0,0,0,0,0,0,0,43,43,6763,0,0,0,0,0,0,0,0,0
201205,999,29740,C,Las Cruces  NM ,52,52,10050,0,0,0,0,0,0,0,0,0,52,52,10050,0,0,0,0,0,0,0,0,0
201205,999,29940, ,Lawrence  KS ,16,16,3786,0,0,0,1,3,195,2,36,3031,0,0,0,0,0,0,0,0,0,0,0,0
201205,999,30020, ,Lawton  OK ,16,16,3083,0,0,0,0,0,0,0,0,0,16,16,3083,0,0,0,0,0,0,0,0,0
201205,999,30300, ,Lewiston  ID-WA ,2,2,436,1,2,307,0,0,0,0,0,0,2,2,436,1,2,307,0,0,0,0,0,0
201205,999,30700, ,Lincoln  NE ,76,76,14607,0,0,0,0,0,0,1,40,983,0,0,0,0,0,0,0,0,0,0,0,0
201205,999,30860, ,Logan  UT-ID ,20,20,3336,0,0,0,2,7,927,2,108,6577,16,16,2578,0,0,0,1,4,677,1,99,5762
201205,999,31020, ,Longview  WA ,14,14,2802,0,0,0,0,0,0,0,0,0,12,12,2318,0,0,0,0,0,0,0,0,0
201205,999,31340, ,Lynchburg  VA ,41,41,9172,0,0,0,1,3,130,6,144,10400,41,41,9172,0,0,0,1,3,130,6,144,10400
201205,999,31740, ,Manhattan  KS ,31,31,5811,0,0,0,0,0,0,2,66,5488,31,31,5811,0,0,0,0,0,0,2,66,5488
201205,999,31860, ,Mankato-North Mankato  MN ,21,21,3588,0,0,0,0,0,0,1,7,891,6,6,1261,0,0,0,0,0,0,0,0,0
201205,999,32580,C,McAllen-Edinburg-Mission  TX ,278,278,43862,0,0,0,7,27,1106,1,20,620,256,256,41940,0,0,0,7,27,1106,1,20,620
201205,999,32780, ,Medford  OR ,42,42,8426,0,0,0,0,0,0,0,0,0,42,42,8426,0,0,0,0,0,0,0,0,0
201205,999,32820,C,Memphis  TN-MS-AR ,231,231,44469,0,0,0,0,0,0,0,0,0,197,197,39461,0,0,0,0,0,0,0,0,0
201205,999,32900, ,Merced  CA ,14,14,3289,0,0,0,0,0,0,0,0,0,14,14,3289,0,0,0,0,0,0,0,0,0
201205,999,33100,C,Miami-Fort Lauderdale-Pompano Beach  FL ,420,420,128251,1,2,167,0,0,0,37,1180,135611,401,401,124280,1,2,167,0,0,0,35,1168,134419
201205,999,33540,C,Missoula  MT ,27,27,3767,3,6,476,0,0,0,1,6,238,27,27,3767,3,6,476,0,0,0,1,6,238
201205,999,33700, ,Modesto  CA ,9,9,1775,0,0,0,0,0,0,0,0,0,7,7,1295,0,0,0,0,0,0,0,0,0
201205,999,34060, ,Morgantown  WV ,6,6,1135,0,0,0,0,0,0,2,12,690,6,6,1135,0,0,0,0,0,0,2,12,690
201205,999,34620, ,Muncie  IN ,7,7,1025,0,0,0,0,0,0,0,0,0,2,2,484,0,0,0,0,0,0,0,0,0
201205,999,34940,C,Naples-Marco Island  FL ,146,146,38635,0,0,0,0,0,0,1,10,530,146,146,38635,0,0,0,0,0,0,1,10,530
201205,999,35660, ,Niles-Benton Harbor  MI ,3,3,510,0,0,0,0,0,0,0,0,0,0,0,0,0,0,0,0,0,0,0,0,0
201205,999,35980, ,Norwich-New London  CT ,19,19,5691,0,0,0,0,0,0,0,0,0,16,16,5196,0,0,0,0,0,0,0,0,0
201205,999,36100,C,Ocala  FL ,40,40,7775,0,0,0,0,0,0,0,0,0,40,40,7775,0,0,0,0,0,0,0,0,0
201205,999,36140,C,Ocean City  NJ ,21,21,5524,1,2,422,0,0,0,0,0,0,18,18,5039,1,2,422,0,0,0,0,0,0
201205,999,36980, ,Owensboro  KY ,40,40,6158,0,0,0,0,0,0,0,0,0,40,40,6158,0,0,0,0,0,0,0,0,0
201205,999,37340,C,Palm Bay-Melbourne-Titusville  FL ,103,103,28339,0,0,0,1,3,362,0,0,0,102,102,28023,0,0,0,1,3,362,0,0,0
201205,999,37460, ,Panama City-Lynn Haven-Panama City Beach  FL ,32,32,4667,0,0,0,0,0,0,0,0,0,32,32,4667,0,0,0,0,0,0,0,0,0
201205,999,37620, ,Parkersburg-Marietta-Vienna  WV-OH ,3,3,507,0,0,0,0,0,0,0,0,0,3,3,507,0,0,0,0,0,0,0,0,0
201205,999,37860,C,Pensacola-Ferry Pass-Brent  FL ,125,125,24698,0,0,0,0,0,0,0,0,0,125,125,24698,0,0,0,0,0,0,0,0,0
201205,999,38060,C,Phoenix-Mesa-Glendale  AZ ,1354,1354,317975,2,4,515,5,16,2564,1,54,1857,1275,1275,306819,2,4,515,5,16,2564,0,0,0
201205,999,38340, ,Pittsfield  MA ,1,1,240,0,0,0,0,0,0,0,0,0,1,1,240,0,0,0,0,0,0,0,0,0
201205,999,38540, ,Pocatello  ID ,7,7,892,0,0,0,0,0,0,0,0,0,2,2,220,0,0,0,0,0,0,0,0,0
201205,999,38900,C,Portland-Vancouver-Hillsboro  OR-WA ,444,444,111202,7,14,2137,0,0,0,12,402,30553,420,420,105876,7,14,2137,0,0,0,12,402,30553
201205,999,39140, ,Prescott  AZ ,41,41,9188,0,0,0,2,8,1190,0,0,0,28,28,5821,0,0,0,2,8,1190,0,0,0
201205,999,39340, ,Provo-Orem  UT ,272,272,62502,1,2,255,1,4,475,0,0,0,264,264,60574,1,2,255,1,4,475,0,0,0
201205,999,39380,C,Pueblo  CO ,8,8,1315,0,0,0,0,0,0,0,0,0,8,8,1315,0,0,0,0,0,0,0,0,0
201205,999,39660, ,Rapid City  SD ,36,36,6382,0,0,0,0,0,0,0,0,0,30,30,5661,0,0,0,0,0,0,0,0,0
201205,999,39820, ,Redding  CA ,18,18,3642,0,0,0,0,0,0,0,0,0,18,18,3642,0,0,0,0,0,0,0,0,0
201205,999,40060,C,Richmond  VA ,234,234,44853,0,0,0,0,0,0,1,136,1925,216,216,41974,0,0,0,0,0,0,1,136,1925
201205,999,40220, ,Roanoke  VA ,25,25,4869,0,0,0,0,0,0,0,0,0,25,25,4869,0,0,0,0,0,0,0,0,0
201205,999,40340, ,Rochester  MN ,32,32,7025,0,0,0,0,0,0,0,0,0,30,30,6530,0,0,0,0,0,0,0,0,0
201205,999,40580, ,Rocky Mount  NC ,17,17,2929,0,0,0,0,0,0,0,0,0,17,17,2929,0,0,0,0,0,0,0,0,0
201205,999,40660, ,Rome  GA ,4,4,569,0,0,0,0,0,0,1,11,714,0,0,0,0,0,0,0,0,0,0,0,0
201205,999,41100, ,St. George  UT ,139,139,26356,0,0,0,0,0,0,0,0,0,139,139,26356,0,0,0,0,0,0,0,0,0
201205,999,41140, ,St. Joseph  MO-KS ,6,6,1309,0,0,0,0,0,0,0,0,0,6,6,1309,0,0,0,0,0,0,0,0,0
201205,999,41420, ,Salem  OR ,38,38,9384,0,0,0,0,0,0,0,0,0,36,36,8970,0,0,0,0,0,0,0,0,0
201205,999,41500, ,Salinas  CA ,15,15,3803,0,0,0,0,0,0,0,0,0,15,15,3803,0,0,0,0,0,0,0,0,0
201205,999,41660,C,San Angelo  TX ,17,17,3050,0,0,0,0,0,0,0,0,0,17,17,3050,0,0,0,0,0,0,0,0,0
201205,999,41700,C,San Antonio-New Braunfels  TX ,454,454,84634,6,12,945,0,0,0,2,13,1945,400,400,75951,6,12,945,0,0,0,0,0,0
201205,999,41740,C,San Diego-Carlsbad-San Marcos  CA ,214,214,74508,0,0,0,3,11,1558,6,514,74521,214,214,74508,0,0,0,3,11,1558,6,514,74521
201205,999,41780, ,Sandusky  OH ,0,0,0,0,0,0,0,0,0,0,0,0,0,0,0,0,0,0,0,0,0,0,0,0
201205,999,42020, ,San Luis Obispo-Paso Robles  CA ,25,25,8801,0,0,0,0,0,0,0,0,0,3,3,248,0,0,0,0,0,0,0,0,0
201205,999,42060, ,Santa Barbara-Santa Maria-Goleta  CA ,7,7,5617,1,2,415,0,0,0,0,0,0,7,7,5617,1,2,415,0,0,0,0,0,0
201205,999,42540, ,Scranton--Wilkes-Barre  PA ,15,15,3245,0,0,0,0,0,0,0,0,0,12,12,2693,0,0,0,0,0,0,0,0,0
201205,999,43100, ,Sheboygan  WI ,5,5,1435,0,0,0,0,0,0,0,0,0,3,3,730,0,0,0,0,0,0,0,0,0
201205,999,43620, ,Sioux Falls  SD ,98,98,16080,0,0,0,0,0,0,2,12,726,98,98,16080,0,0,0,0,0,0,2,12,726
201205,999,44060, ,Spokane  WA ,65,65,15113,2,4,362,0,0,0,1,47,4368,14,14,3971,2,4,362,0,0,0,0,0,0
201205,999,44100, ,Springfield  IL ,7,7,1876,3,6,606,0,0,0,0,0,0,7,7,1876,3,6,606,0,0,0,0,0,0
201205,999,44140, ,Springfield  MA ,21,21,3982,2,4,387,0,0,0,0,0,0,18,18,3296,1,2,160,0,0,0,0,0,0
201205,999,44180, ,Springfield  MO ,61,61,12097,1,2,115,0,0,0,2,48,1995,37,37,8611,0,0,0,0,0,0,0,0,0
201205,999,44300, ,State College  PA ,16,16,3616,0,0,0,0,0,0,0,0,0,16,16,3616,0,0,0,0,0,0,0,0,0
201205,999,44600, ,Steubenville-Weirton  OH-WV ,4,4,813,0,0,0,0,0,0,0,0,0,4,4,813,0,0,0,0,0,0,0,0,0
201205,999,44700,C,Stockton  CA ,73,73,17430,0,0,0,0,0,0,0,0,0,70,70,16767,0,0,0,0,0,0,0,0,0
201205,999,44940,C,Sumter  SC ,39,39,4129,0,0,0,0,0,0,0,0,0,0,0,0,0,0,0,0,0,0,0,0,0
201205,999,45220, ,Tallahassee  FL ,53,53,8238,7,14,1109,1,4,531,1,30,2089,15,15,2147,1,2,250,0,0,0,0,0,0
201205,999,45300,C,Tampa-St. Petersburg-Clearwater  FL ,521,521,161970,5,10,1424,1,3,55,3,16,3360,520,520,161748,5,10,1424,1,3,55,3,16,3360
201205,999,45460, ,Terre Haute  IN ,5,5,593,1,2,123,0,0,0,9,101,7882,1,1,173,0,0,0,0,0,0,7,78,6746
201205,999,45500, ,Texarkana  TX-Texarkana  AR ,10,10,1783,1,2,105,0,0,0,0,0,0,6,6,918,0,0,0,0,0,0,0,0,0
201205,999,45820, ,Topeka  KS ,29,29,6628,0,0,0,0,0,0,0,0,0,26,26,6045,0,0,0,0,0,0,0,0,0
201205,999,46060,C,Tucson  AZ ,201,201,49761,1,2,89,0,0,0,4,100,11746,63,63,16406,0,0,0,0,0,0,0,0,0
201205,999,46220, ,Tuscaloosa  AL ,44,44,8893,1,2,266,0,0,0,2,51,4066,19,19,4088,0,0,0,0,0,0,0,0,0
201205,999,46540, ,Utica-Rome  NY ,2,2,328,0,0,0,0,0,0,0,0,0,0,0,0,0,0,0,0,0,0,0,0,0
201205,999,46660, ,Valdosta  GA ,38,38,3865,1,2,136,0,0,0,1,40,1789,0,0,0,0,0,0,0,0,0,0,0,0
201205,999,47020, ,Victoria  TX ,10,10,2194,0,0,0,0,0,0,3,26,1833,10,10,2194,0,0,0,0,0,0,3,26,1833
201205,999,47260,C,Virginia Beach-Norfolk-Newport News  VA-NC ,311,311,55276,5,10,1506,0,0,0,4,42,1455,267,267,46132,5,10,1506,0,0,0,0,0,0
201205,999,47300, ,Visalia-Porterville  CA ,30,30,5325,0,0,0,0,0,0,0,0,0,30,30,5325,0,0,0,0,0,0,0,0,0
201205,999,47380, ,Waco  TX ,33,33,4519,0,0,0,0,0,0,0,0,0,33,33,4519,0,0,0,0,0,0,0,0,0
201205,999,47940, ,Waterloo-Cedar Falls  IA ,35,35,6700,0,0,0,4,16,643,1,42,7300,28,28,5892,0,0,0,4,16,643,1,42,7300
201205,999,48300, ,Wenatchee-East Wenatchee  WA ,19,19,3922,0,0,0,0,0,0,0,0,0,19,19,3922,0,0,0,0,0,0,0,0,0
201205,999,48540, ,Wheeling  WV-OH ,0,0,0,0,0,0,0,0,0,0,0,0,0,0,0,0,0,0,0,0,0,0,0,0
201205,999,48660, ,Wichita Falls  TX ,12,12,2698,0,0,0,0,0,0,0,0,0,12,12,2698,0,0,0,0,0,0,0,0,0
201205,999,48900,C,Wilmington  NC ,169,169,31808,0,0,0,2,8,1073,3,114,10330,67,67,11753,0,0,0,2,8,1073,1,72,5548
201205,999,49420, ,Yakima  WA ,17,17,5571,0,0,0,0,0,0,0,0,0,17,17,5571,0,0,0,0,0,0,0,0,0
201205,999,49740, ,Yuma  AZ ,55,55,9462,0,0,0,7,28,2399,0,0,0,55,55,9462,0,0,0,7,28,2399,0,0,0
