Survey,CSA,CBSA,MONCOV,CBSA,,1-unit,,,2-units,,,3-4 units,,,5+ units,,,1-unit rep,,,2-units rep,,,3-4 units rep,,,5+ units rep
Date,Code,Code,,Name,Bldgs,Units,Value,Bldgs,Units,Value,Bldgs,Units,Value,Bldgs,Units,Value,Bldgs,Units,Value,Bldgs,Units,Value,      Bldgs,Units,Value,Bldgs,Units,Value
 
201210,102,18700, ,Corvallis  OR ,4,4,961,2,4,614,2,8,527,2,23,2545,0,0,0,0,0,0,0,0,0,0,0,0
201210,104,10580, ,Albany-Schenectady-Troy  NY ,85,85,21591,0,0,0,0,0,0,14,193,38471,72,72,18633,0,0,0,0,0,0,11,171,37665
201210,104,24020, ,Glens Falls  NY ,22,22,4880,0,0,0,0,0,0,0,0,0,13,13,2897,0,0,0,0,0,0,0,0,0
201210,112,11180, ,Ames  IA ,16,16,2452,0,0,0,0,0,0,1,12,866,16,16,2452,0,0,0,0,0,0,1,12,866
201210,118,11540, ,Appleton  WI ,51,51,11434,1,2,220,0,0,0,5,52,2247,50,50,11252,1,2,220,0,0,0,4,40,1694
201210,118,36780, ,Oshkosh-Neenah  WI ,12,12,2723,0,0,0,0,0,0,0,0,0,12,12,2723,0,0,0,0,0,0,0,0,0
201210,120,11700, ,Asheville  NC ,106,106,21845,0,0,0,0,0,0,0,0,0,90,90,18571,0,0,0,0,0,0,0,0,0
201210,122,12060,C,Atlanta-Sandy Springs-Marietta  GA ,1033,1033,201308,0,0,0,0,0,0,17,542,80459,980,980,190974,0,0,0,0,0,0,17,542,80459
201210,122,23580, ,Gainesville  GA ,30,30,4974,0,0,0,0,0,0,0,0,0,30,30,4974,0,0,0,0,0,0,0,0,0
201210,126,12420,C,Austin-Round Rock-San Marcos  TX ,739,739,125960,8,16,2426,2,8,939,44,1383,85116,639,639,111033,8,16,2426,2,8,939,29,1247,75997
201210,132,12940, ,Baton Rouge  LA ,280,280,50736,1,2,158,0,0,0,2,10,815,131,131,28420,0,0,0,0,0,0,0,0,0
201210,140,13460,C,Bend  OR ,75,75,18918,3,6,871,0,0,0,0,0,0,75,75,18918,3,6,871,0,0,0,0,0,0
201210,142,13820,C,Birmingham-Hoover  AL ,146,146,31439,0,0,0,1,4,560,0,0,0,111,111,23753,0,0,0,1,4,560,0,0,0
201210,148,14460,C,Boston-Cambridge-Quincy  MA-NH ,396,396,120137,17,34,3106,4,13,2263,19,251,29775,292,292,93549,10,20,2230,3,10,1583,9,166,22338
201210,148,31700, ,Manchester-Nashua  NH ,32,32,5075,1,2,285,0,0,0,0,0,0,26,26,3981,1,2,285,0,0,0,0,0,0
201210,148,39300, ,Providence-New Bedford-Fall River  RI-MA ,86,86,15955,2,4,319,1,3,130,0,0,0,57,57,10501,1,2,160,0,0,0,0,0,0
201210,148,49340, ,Worcester  MA ,57,57,12787,0,0,0,0,0,0,0,0,0,40,40,9156,0,0,0,0,0,0,0,0,0
201210,154,15180, ,Brownsville-Harlingen  TX ,78,78,8719,4,8,493,0,0,0,0,0,0,65,65,7072,4,8,493,0,0,0,0,0,0
201210,160,15380, ,Buffalo-Niagara Falls  NY ,59,59,13684,0,0,0,1,3,493,4,32,2660,50,50,10923,0,0,0,0,0,0,4,32,2660
201210,164,16020, ,Cape Girardeau-Jackson  MO-IL ,11,11,2269,1,2,365,0,0,0,0,0,0,4,4,1212,1,2,365,0,0,0,0,0,0
201210,172,16740,C,Charlotte-Gastonia-Rock Hill  NC-SC ,583,583,114286,0,0,0,11,41,1666,6,506,14570,576,576,112554,0,0,0,11,41,1666,6,506,14570
201210,174,16860, ,Chattanooga  TN-GA ,88,88,14323,1,2,92,0,0,0,1,9,837,60,60,10021,0,0,0,0,0,0,0,0,0
201210,174,17420, ,Cleveland  TN ,32,32,3673,0,0,0,1,3,250,0,0,0,32,32,3673,0,0,0,1,3,250,0,0,0
201210,176,16980,C,Chicago-Joliet-Naperville  IL-IN-WI ,667,667,173019,8,16,2011,6,20,2711,15,418,70089,584,584,153774,7,14,1775,5,16,2225,14,407,69524
201210,176,28100, ,Kankakee-Bradley  IL ,2,2,405,0,0,0,0,0,0,0,0,0,2,2,405,0,0,0,0,0,0,0,0,0
201210,176,33140, ,Michigan City-La Porte  IN ,6,6,1522,0,0,0,0,0,0,0,0,0,6,6,1522,0,0,0,0,0,0,0,0,0
201210,178,17140,C,Cincinnati-Middletown  OH-KY-IN ,250,250,48301,0,0,0,0,0,0,12,146,9748,183,183,33572,0,0,0,0,0,0,10,108,7254
201210,184,10420, ,Akron  OH ,38,38,10474,0,0,0,0,0,0,0,0,0,38,38,10474,0,0,0,0,0,0,0,0,0
201210,184,17460,C,Cleveland-Elyria-Mentor  OH ,196,196,37701,0,0,0,0,0,0,2,16,1398,146,146,27871,0,0,0,0,0,0,1,8,550
201210,192,17900,C,Columbia  SC ,247,247,43700,0,0,0,0,0,0,4,53,3824,59,59,14008,0,0,0,0,0,0,0,0,0
201210,194,12220,C,Auburn-Opelika  AL ,44,44,13757,0,0,0,0,0,0,0,0,0,44,44,13757,0,0,0,0,0,0,0,0,0
201210,194,17980, ,Columbus  GA-AL ,52,52,8368,0,0,0,1,4,182,2,16,1214,28,28,5828,0,0,0,0,0,0,0,0,0
201210,198,18140,C,Columbus  OH ,305,305,56007,9,18,2030,4,14,1576,20,317,26104,290,290,52955,9,18,2030,4,14,1576,20,317,26104
201210,204,18580, ,Corpus Christi  TX ,83,83,12996,0,0,0,1,3,307,3,29,1717,9,9,1085,0,0,0,0,0,0,0,0,0
201210,206,19100,C,Dallas-Fort Worth-Arlington  TX ,1666,1666,416632,2,4,1062,6,22,2269,28,1312,106296,1528,1528,379376,2,4,1062,6,22,2269,28,1312,106296
201210,206,43300, ,Sherman-Denison  TX ,0,0,0,0,0,0,0,0,0,0,0,0,0,0,0,0,0,0,0,0,0,0,0,0
201210,212,19380, ,Dayton  OH ,60,60,20281,0,0,0,0,0,0,0,0,0,55,55,19216,0,0,0,0,0,0,0,0,0
201210,212,44220, ,Springfield  OH ,5,5,2179,0,0,0,0,0,0,0,0,0,5,5,2179,0,0,0,0,0,0,0,0,0
201210,216,14500, ,Boulder  CO ,18,18,5115,0,0,0,1,3,140,0,0,0,18,18,5115,0,0,0,1,3,140,0,0,0
201210,216,19740,C,Denver-Aurora-Broomfield  CO ,525,525,127517,4,8,1523,1,3,386,1,29,2009,467,467,112804,4,8,1523,1,3,386,1,29,2009
201210,216,24540,C,Greeley  CO ,112,112,26084,0,0,0,0,0,0,0,0,0,97,97,22062,0,0,0,0,0,0,0,0,0
201210,218,19780,C,Des Moines-West Des Moines  IA ,403,403,81737,0,0,0,0,0,0,6,141,14236,395,395,79653,0,0,0,0,0,0,6,141,14236
201210,220,11460, ,Ann Arbor  MI ,19,19,4894,1,2,400,0,0,0,0,0,0,11,11,2347,1,2,400,0,0,0,0,0,0
201210,220,19820,C,Detroit-Warren-Livonia  MI ,413,413,106563,3,6,645,3,11,1088,3,33,4498,368,368,96795,3,6,645,2,8,850,3,33,4498
201210,220,22420, ,Flint  MI ,9,9,1606,0,0,0,0,0,0,0,0,0,7,7,1150,0,0,0,0,0,0,0,0,0
201210,220,33780, ,Monroe  MI ,10,10,1493,0,0,0,0,0,0,0,0,0,8,8,1080,0,0,0,0,0,0,0,0,0
201210,222,20020, ,Dothan  AL ,10,10,2420,0,0,0,0,0,0,0,0,0,10,10,2420,0,0,0,0,0,0,0,0,0
201210,232,20740, ,Eau Claire  WI ,40,40,9332,1,2,130,0,0,0,0,0,0,40,40,9332,1,2,130,0,0,0,0,0,0
201210,244,22020, ,Fargo  ND-MN ,132,132,25990,0,0,0,0,0,0,5,206,13866,132,132,25990,0,0,0,0,0,0,5,206,13866
201210,252,22540, ,Fond du Lac  WI ,4,4,1002,0,0,0,0,0,0,2,62,4861,2,2,551,0,0,0,0,0,0,1,46,4061
201210,258,23060,C,Fort Wayne  IN ,71,71,17483,2,4,498,0,0,0,0,0,0,71,71,17483,2,4,498,0,0,0,0,0,0
201210,260,23420, ,Fresno  CA ,127,127,24785,0,0,0,2,6,1104,1,17,2266,22,22,5382,0,0,0,0,0,0,0,0,0
201210,260,31460, ,Madera-Chowchilla  CA ,6,6,1194,0,0,0,0,0,0,0,0,0,6,6,1194,0,0,0,0,0,0,0,0,0
201210,266,24340,C,Grand Rapids-Wyoming  MI ,110,110,20372,0,0,0,0,0,0,2,83,13140,57,57,9335,0,0,0,0,0,0,2,83,13140
201210,266,26100, ,Holland-Grand Haven  MI ,49,49,9701,0,0,0,0,0,0,1,10,873,38,38,7468,0,0,0,0,0,0,0,0,0
201210,266,34740, ,Muskegon-Norton Shores  MI ,14,14,2474,0,0,0,0,0,0,0,0,0,11,11,1984,0,0,0,0,0,0,0,0,0
201210,268,15500, ,Burlington  NC ,18,18,2798,0,0,0,0,0,0,0,0,0,18,18,2798,0,0,0,0,0,0,0,0,0
201210,268,24660,C,Greensboro-High Point  NC ,116,116,30637,0,0,0,0,0,0,2,57,7116,116,116,30637,0,0,0,0,0,0,2,57,7116
201210,268,49180, ,Winston-Salem  NC ,57,57,11448,0,0,0,0,0,0,0,0,0,57,57,11448,0,0,0,0,0,0,0,0,0
201210,273,11340, ,Anderson  SC ,36,36,8148,0,0,0,0,0,0,0,0,0,36,36,8148,0,0,0,0,0,0,0,0,0
201210,273,24860,C,Greenville-Maudlin-Easley  SC ,187,187,51345,0,0,0,4,15,1337,1,5,515,173,173,48427,0,0,0,4,15,1337,0,0,0
201210,273,43900, ,Spartanburg  SC ,70,70,9435,0,0,0,0,0,0,0,0,0,70,70,9435,0,0,0,0,0,0,0,0,0
201210,274,25060, ,Gulfport-Biloxi  MS ,62,62,8942,0,0,0,0,0,0,0,0,0,54,54,8034,0,0,0,0,0,0,0,0,0
201210,274,37700, ,Pascagoula  MS ,27,27,3880,0,0,0,0,0,0,0,0,0,22,22,3121,0,0,0,0,0,0,0,0,0
201210,276,25420, ,Harrisburg-Carlisle  PA ,153,153,20218,0,0,0,0,0,0,0,0,0,135,135,15448,0,0,0,0,0,0,0,0,0
201210,276,30140, ,Lebanon  PA ,18,18,2374,0,0,0,0,0,0,0,0,0,17,17,2188,0,0,0,0,0,0,0,0,0
201210,278,25540, ,Hartford-West Hartford-East Hartford  CT ,68,68,14618,0,0,0,1,4,550,4,62,5228,53,53,12168,0,0,0,1,4,550,2,48,3735
201210,288,26420,C,Houston-Sugar Land-Baytown  TX ,2466,2466,497028,3,6,671,1,4,650,61,1355,125428,1860,1860,382867,3,6,671,1,4,650,57,1286,120283
201210,290,19460, ,Decatur  AL ,6,6,691,0,0,0,0,0,0,0,0,0,6,6,691,0,0,0,0,0,0,0,0,0
201210,290,26620, ,Huntsville  AL ,191,191,27791,0,0,0,0,0,0,0,0,0,191,191,27791,0,0,0,0,0,0,0,0,0
201210,292,26820, ,Idaho Falls  ID ,35,35,4276,0,0,0,0,0,0,0,0,0,35,35,4276,0,0,0,0,0,0,0,0,0
201210,294,11300, ,Anderson  IN ,7,7,1662,0,0,0,0,0,0,0,0,0,4,4,878,0,0,0,0,0,0,0,0,0
201210,294,18020, ,Columbus  IN ,10,10,3341,0,0,0,0,0,0,0,0,0,10,10,3341,0,0,0,0,0,0,0,0,0
201210,294,26900,C,Indianapolis-Carmel  IN ,373,373,87502,8,16,1522,2,8,966,15,146,10674,363,363,85907,8,16,1522,2,8,966,15,146,10674
201210,296,27060, ,Ithaca  NY ,6,6,1218,0,0,0,0,0,0,1,5,557,5,5,817,0,0,0,0,0,0,0,0,0
201210,297,27180, ,Jackson  TN ,29,29,4116,0,0,0,0,0,0,0,0,0,29,29,4116,0,0,0,0,0,0,0,0,0
201210,298,27140, ,Jackson  MS ,141,141,30817,0,0,0,0,0,0,1,20,2516,116,116,27274,0,0,0,0,0,0,0,0,0
201210,304,27740, ,Johnson City  TN ,60,60,7518,0,0,0,1,4,400,0,0,0,52,52,6379,0,0,0,1,4,400,0,0,0
201210,304,28700, ,Kingsport-Bristol-Bristol  TN-VA ,25,25,3479,0,0,0,0,0,0,0,0,0,12,12,1494,0,0,0,0,0,0,0,0,0
201210,308,27860, ,Jonesboro  AR ,30,30,5234,0,0,0,0,0,0,0,0,0,30,30,5234,0,0,0,0,0,0,0,0,0
201210,312,28140,C,Kansas City  MO-KS ,315,315,75048,11,22,1552,3,11,755,10,268,22667,244,244,56301,10,20,1213,3,11,755,10,268,22667
201210,314,28940, ,Knoxville  TN ,111,111,19834,1,2,327,0,0,0,0,0,0,101,101,18287,1,2,327,0,0,0,0,0,0
201210,314,34100, ,Morristown  TN ,19,19,3641,0,0,0,0,0,0,0,0,0,15,15,3252,0,0,0,0,0,0,0,0,0
201210,316,29020, ,Kokomo  IN ,3,3,488,0,0,0,0,0,0,0,0,0,3,3,488,0,0,0,0,0,0,0,0,0
201210,318,29180, ,Lafayette  LA ,113,113,16961,0,0,0,0,0,0,2,12,586,65,65,9711,0,0,0,0,0,0,0,0,0
201210,320,29140, ,Lafayette  IN ,36,36,7662,0,0,0,0,0,0,1,32,2572,36,36,7662,0,0,0,0,0,0,1,32,2572
201210,324,29340, ,Lake Charles  LA ,57,57,9644,7,14,934,0,0,0,1,55,4326,0,0,0,0,0,0,0,0,0,0,0,0
201210,330,29620, ,Lansing-East Lansing  MI ,31,31,7178,0,0,0,0,0,0,0,0,0,10,10,1975,0,0,0,0,0,0,0,0,0
201210,332,29820,C,Las Vegas-Paradise  NV ,552,552,83766,0,0,0,3,12,1283,1,6,599,552,552,83766,0,0,0,3,12,1283,1,6,599
201210,336,30460, ,Lexington-Fayette  KY ,88,88,13600,2,4,502,1,3,413,1,21,1168,26,26,4963,1,2,300,0,0,0,0,0,0
201210,338,30620, ,Lima  OH ,1,1,187,0,0,0,0,0,0,0,0,0,0,0,0,0,0,0,0,0,0,0,0,0
201210,340,30780, ,Little Rock-North Little Rock-Conway  AR ,136,136,28008,0,0,0,13,50,4750,8,56,5000,125,125,26270,0,0,0,13,50,4750,8,56,5000
201210,340,38220, ,Pine Bluff  AR ,1,1,19,0,0,0,0,0,0,0,0,0,1,1,19,0,0,0,0,0,0,0,0,0
201210,346,30980, ,Longview  TX ,22,22,3864,4,8,285,0,0,0,0,0,0,1,1,290,0,0,0,0,0,0,0,0,0
201210,348,31100,C,Los Angeles-Long Beach-Santa Ana  CA ,499,499,174608,17,34,6417,8,27,7790,28,695,130117,438,438,146240,14,28,4611,4,15,4263,20,634,122982
201210,348,37100, ,Oxnard-Thousand Oaks-Ventura  CA ,21,21,7009,0,0,0,1,3,539,1,15,1629,7,7,1548,0,0,0,0,0,0,0,0,0
201210,348,40140,C,Riverside-San Bernardino-Ontario  CA ,389,389,85516,0,0,0,0,0,0,2,17,1235,354,354,79581,0,0,0,0,0,0,0,0,0
201210,350,21060, ,Elizabethtown  KY ,15,15,3200,0,0,0,0,0,0,0,0,0,2,2,788,0,0,0,0,0,0,0,0,0
201210,350,31140,C,Louisville-Jefferson County  KY-IN ,211,211,38207,0,0,0,0,0,0,3,56,1529,189,189,34115,0,0,0,0,0,0,3,56,1529
201210,352,31180, ,Lubbock  TX ,71,71,18925,13,26,2250,0,0,0,5,102,7573,71,71,18925,13,26,2250,0,0,0,5,102,7573
201210,356,31420, ,Macon  GA ,7,7,1101,0,0,0,0,0,0,0,0,0,7,7,1101,0,0,0,0,0,0,0,0,0
201210,356,47580, ,Warner Robins  GA ,36,36,7701,0,0,0,0,0,0,0,0,0,22,22,4462,0,0,0,0,0,0,0,0,0
201210,358,31540,C,Madison  WI ,75,75,22327,1,2,310,0,0,0,2,132,20232,67,67,20188,1,2,310,0,0,0,1,118,19400
201210,360,31900, ,Mansfield  OH ,4,4,967,0,0,0,0,0,0,0,0,0,4,4,967,0,0,0,0,0,0,0,0,0
201210,372,33260,C,Midland  TX ,33,33,5822,0,0,0,0,0,0,0,0,0,33,33,5822,0,0,0,0,0,0,0,0,0
201210,372,36220,C,Odessa  TX ,66,66,11832,0,0,0,0,0,0,0,0,0,66,66,11832,0,0,0,0,0,0,0,0,0
201210,376,33340,C,Milwaukee-Waukesha-West Allis  WI ,112,112,36288,4,8,990,1,4,450,1,14,850,92,92,28368,3,6,665,1,4,450,1,14,850
201210,376,39540, ,Racine  WI ,9,9,2419,1,2,100,0,0,0,1,8,900,4,4,846,1,2,100,0,0,0,1,8,900
201210,378,33460,C,Minneapolis-St. Paul-Bloomington  MN-WI ,556,556,159911,2,4,562,1,4,550,9,1013,163376,482,482,138935,2,4,562,1,4,550,8,989,161058
201210,378,41060, ,St. Cloud  MN ,25,25,5025,0,0,0,0,0,0,1,21,1785,21,21,4404,0,0,0,0,0,0,0,0,0
201210,380,33660, ,Mobile  AL ,68,68,12798,0,0,0,0,0,0,0,0,0,68,68,12798,0,0,0,0,0,0,0,0,0
201210,384,33740, ,Monroe  LA ,31,31,5351,0,0,0,1,3,496,1,7,569,0,0,0,0,0,0,0,0,0,0,0,0
201210,388,33860, ,Montgomery  AL ,39,39,6267,0,0,0,0,0,0,3,24,1531,30,30,5273,0,0,0,0,0,0,2,16,1335
201210,396,34820, ,Myrtle Beach-North Myrtle Beach-Conway  SC ,196,196,32963,0,0,0,0,0,0,0,0,0,196,196,32963,0,0,0,0,0,0,0,0,0
201210,400,34980,C,Nashville-Davidson--Murfreesboro-Franklin  TN ,533,533,121670,0,0,0,0,0,0,7,196,17252,466,466,108727,0,0,0,0,0,0,7,196,17252
201210,406,35380,C,New Orleans-Metairie-Kenner  LA ,206,206,39965,13,26,230,0,0,0,0,0,0,176,176,34739,13,26,230,0,0,0,0,0,0
201210,408,14860, ,Bridgeport-Stamford-Norwalk  CT ,74,74,33062,0,0,0,0,0,0,4,254,71668,64,64,22669,0,0,0,0,0,0,3,241,71172
201210,408,28740, ,Kingston  NY ,2,2,518,0,0,0,0,0,0,0,0,0,1,1,300,0,0,0,0,0,0,0,0,0
201210,408,35300, ,New Haven-Milford  CT ,27,27,4610,0,0,0,0,0,0,1,9,554,21,21,3325,0,0,0,0,0,0,0,0,0
201210,408,35620,C,New York-Northern New Jersey-Long Island  NY-NJ-PA ,703,703,187561,32,64,6849,26,84,7653,69,1449,133461,439,439,118312,25,50,5292,24,78,6774,31,1009,84633
201210,408,39100, ,Poughkeepsie-Newburgh-Middletown  NY ,45,45,9376,0,0,0,1,3,412,10,139,14686,29,29,5411,0,0,0,0,0,0,4,84,9400
201210,408,45940,C,Trenton-Ewing  NJ ,10,10,2158,2,4,4,0,0,0,12,173,14208,6,6,1685,2,4,4,0,0,0,11,167,14110
201210,416,36420,C,Oklahoma City  OK ,485,485,101932,2,4,320,0,0,0,1,5,984,468,468,99170,2,4,320,0,0,0,0,0,0
201210,420,36540,C,Omaha-Council Bluffs  NE-IA ,220,220,41854,0,0,0,0,0,0,3,128,8442,171,171,31702,0,0,0,0,0,0,2,78,5483
201210,422,19660,C,Deltona-Daytona Beach-Ormond Beach  FL ,54,54,15160,0,0,0,0,0,0,0,0,0,38,38,10339,0,0,0,0,0,0,0,0,0
201210,422,36740,C,Orlando-Kissimmee-Sanford  FL ,707,707,151437,0,0,0,0,0,0,1,6,435,636,636,134457,0,0,0,0,0,0,1,6,435
201210,422,37380,C,Palm Coast  FL ,34,34,9117,0,0,0,0,0,0,0,0,0,34,34,9117,0,0,0,0,0,0,0,0,0
201210,426,37900, ,Peoria  IL ,35,35,9295,1,2,122,0,0,0,1,5,250,16,16,4661,1,2,122,0,0,0,0,0,0
201210,428,37980,C,Philadelphia-Camden-Wilmington  PA-NJ-DE-MD ,458,458,74548,6,12,513,7,25,1260,11,123,9427,373,373,60424,6,12,513,7,25,1260,3,63,5100
201210,428,39740, ,Reading  PA ,27,27,2338,0,0,0,0,0,0,0,0,0,23,23,1531,0,0,0,0,0,0,0,0,0
201210,428,47220,C,Vineland-Millville-Bridgeton  NJ ,15,15,1625,0,0,0,0,0,0,0,0,0,5,5,488,0,0,0,0,0,0,0,0,0
201210,430,38300,C,Pittsburgh  PA ,297,297,64860,3,6,780,3,11,937,2,11,1497,155,155,36019,3,6,780,2,8,520,1,6,828
201210,438,30340, ,Lewiston-Auburn  ME ,16,16,2193,1,2,227,0,0,0,0,0,0,15,15,1984,1,2,227,0,0,0,0,0,0
201210,438,38860, ,Portland-South Portland-Biddeford  ME ,94,94,20029,0,0,0,1,4,540,0,0,0,51,51,11514,0,0,0,1,4,540,0,0,0
201210,442,38940,C,Port St. Lucie  FL ,41,41,10396,0,0,0,0,0,0,1,5,311,41,41,10396,0,0,0,0,0,0,0,0,0
201210,442,42680,C,Sebastian-Vero Beach  FL ,26,26,7886,0,0,0,0,0,0,0,0,0,20,20,6752,0,0,0,0,0,0,0,0,0
201210,450,20500,C,Durham-Chapel Hill  NC ,153,153,36831,0,0,0,1,4,300,1,25,520,146,146,35709,0,0,0,1,4,300,1,25,520
201210,450,39580,C,Raleigh-Cary  NC ,586,586,119641,1,2,173,0,0,0,34,1518,94358,554,554,113266,1,2,173,0,0,0,34,1518,94358
201210,456,39900,C,Reno-Sparks  NV ,61,61,18625,0,0,0,0,0,0,0,0,0,61,61,18625,0,0,0,0,0,0,0,0,0
201210,464,40380, ,Rochester  NY ,81,81,16007,3,6,986,2,6,676,3,30,2602,53,53,11630,1,2,648,0,0,0,1,8,850
201210,466,40420, ,Rockford  IL ,17,17,1821,0,0,0,0,0,0,0,0,0,14,14,1399,0,0,0,0,0,0,0,0,0
201210,472,40900,C,Sacramento--Arden-Arcade--Roseville  CA ,299,299,75449,0,0,0,2,8,1219,0,0,0,296,296,74727,0,0,0,2,8,1219,0,0,0
201210,472,49700, ,Yuba City  CA ,7,7,1213,0,0,0,0,0,0,0,0,0,7,7,1213,0,0,0,0,0,0,0,0,0
201210,474,13020, ,Bay City  MI ,1,1,221,0,0,0,0,0,0,0,0,0,0,0,0,0,0,0,0,0,0,0,0,0
201210,474,40980, ,Saginaw-Saginaw Township North  MI ,6,6,1238,0,0,0,0,0,0,0,0,0,5,5,968,0,0,0,0,0,0,0,0,0
201210,476,41180,C,St. Louis  MO-IL ,435,435,94484,3,6,744,1,3,263,5,634,57451,298,298,57134,3,6,744,0,0,0,2,585,52709
201210,480,41540, ,Salisbury  MD ,8,8,1140,0,0,0,0,0,0,0,0,0,6,6,870,0,0,0,0,0,0,0,0,0
201210,482,36260, ,Ogden-Clearfield  UT ,169,169,36736,0,0,0,0,0,0,7,121,7649,167,167,35992,0,0,0,0,0,0,6,116,6958
201210,482,41620,C,Salt Lake City  UT ,279,279,63441,2,4,573,3,12,1735,4,29,2215,216,216,49182,1,2,375,3,12,1735,0,0,0
201210,488,34900, ,Napa  CA ,8,8,2029,0,0,0,0,0,0,0,0,0,0,0,0,0,0,0,0,0,0,0,0,0
201210,488,41860,C,San Francisco-Oakland-Fremont  CA ,304,304,110179,3,6,1696,1,3,551,15,562,94126,261,261,93775,2,4,1250,1,3,551,9,502,86776
201210,488,41940,C,San Jose-Sunnyvale-Santa Clara  CA ,83,83,37625,0,0,0,2,7,1856,10,418,59270,69,69,32860,0,0,0,1,4,1331,9,392,54826
201210,488,42100, ,Santa Cruz-Watsonville  CA ,10,10,3245,0,0,0,2,8,825,4,32,3449,10,10,3245,0,0,0,2,8,825,4,32,3449
201210,488,42220, ,Santa Rosa-Petaluma  CA ,38,38,9045,0,0,0,0,0,0,1,12,814,38,38,9045,0,0,0,0,0,0,1,12,814
201210,488,46700, ,Vallejo-Fairfield  CA ,19,19,3381,0,0,0,0,0,0,0,0,0,19,19,3381,0,0,0,0,0,0,0,0,0
201210,492,42140,C,Santa Fe  NM ,12,12,1600,0,0,0,0,0,0,0,0,0,0,0,0,0,0,0,0,0,0,0,0,0
201210,494,35840,C,North Port-Bradenton-Sarasota  FL ,275,275,66471,0,0,0,7,24,3373,5,126,13668,272,272,65678,0,0,0,7,24,3373,5,126,13668
201210,494,39460,C,Punta Gorda  FL ,32,32,5209,0,0,0,0,0,0,0,0,0,2,2,593,0,0,0,0,0,0,0,0,0
201210,496,25980, ,Hinesville-Fort Stewart  GA ,20,20,5407,0,0,0,0,0,0,0,0,0,20,20,5407,0,0,0,0,0,0,0,0,0
201210,496,42340, ,Savannah  GA ,92,92,14248,0,0,0,0,0,0,5,53,3455,58,58,9502,0,0,0,0,0,0,0,0,0
201210,500,14740, ,Bremerton-Silverdale  WA ,34,34,8768,0,0,0,0,0,0,0,0,0,34,34,8768,0,0,0,0,0,0,0,0,0
201210,500,34580, ,Mount Vernon-Anacortes  WA ,24,24,4582,0,0,0,0,0,0,0,0,0,12,12,2321,0,0,0,0,0,0,0,0,0
201210,500,36500, ,Olympia  WA ,62,62,17579,0,0,0,1,3,425,0,0,0,62,62,17579,0,0,0,1,3,425,0,0,0
201210,500,42660,C,Seattle-Tacoma-Bellevue  WA ,820,820,213199,25,50,9662,17,63,9806,20,697,72278,758,758,193760,25,50,9662,16,60,9329,17,681,70605
201210,508,43340, ,Shreveport-Bossier City  LA ,100,100,19945,0,0,0,0,0,0,1,32,1948,25,25,6346,0,0,0,0,0,0,0,0,0
201210,512,43580, ,Sioux City  IA-NE-SD ,23,23,5864,1,2,270,0,0,0,0,0,0,12,12,2788,1,2,270,0,0,0,0,0,0
201210,515,21140, ,Elkhart-Goshen  IN ,36,36,6272,0,0,0,0,0,0,0,0,0,36,36,6272,0,0,0,0,0,0,0,0,0
201210,515,43780, ,South Bend-Mishawaka  IN-MI ,14,14,3507,0,0,0,0,0,0,1,10,1920,14,14,3507,0,0,0,0,0,0,1,10,1920
201210,532,45060, ,Syracuse  NY ,31,31,6072,0,0,0,0,0,0,0,0,0,26,26,5076,0,0,0,0,0,0,0,0,0
201210,534,45780, ,Toledo  OH ,42,42,8738,0,0,0,0,0,0,0,0,0,32,32,6320,0,0,0,0,0,0,0,0,0
201210,538,46140,C,Tulsa  OK ,244,244,43268,0,0,0,0,0,0,0,0,0,235,235,41332,0,0,0,0,0,0,0,0,0
201210,540,46340, ,Tyler  TX ,12,12,2117,0,0,0,1,3,150,1,8,370,0,0,0,0,0,0,0,0,0,0,0,0
201210,548,12580,C,Baltimore-Towson  MD ,362,362,73026,0,0,0,0,0,0,6,186,15897,171,171,31432,0,0,0,0,0,0,1,20,1000
201210,548,47900,C,Washington-Arlington-Alexandria  DC-VA-MD-WV ,860,860,171726,9,18,1831,0,0,0,24,730,84690,813,813,160674,4,8,664,0,0,0,23,691,80770
201210,548,49020, ,Winchester  VA-WV ,19,19,4025,0,0,0,0,0,0,0,0,0,19,19,4025,0,0,0,0,0,0,0,0,0
201210,554,48140, ,Wausau  WI ,20,20,3737,0,0,0,0,0,0,0,0,0,8,8,1239,0,0,0,0,0,0,0,0,0
201210,556,48620, ,Wichita  KS ,88,88,14943,10,20,1726,0,0,0,0,0,0,76,76,12412,10,20,1726,0,0,0,0,0,0
201210,558,48700, ,Williamsport  PA ,0,0,0,0,0,0,0,0,0,0,0,0,0,0,0,0,0,0,0,0,0,0,0,0
201210,564,49620, ,York-Hanover  PA ,35,35,6682,0,0,0,0,0,0,0,0,0,27,27,5240,0,0,0,0,0,0,0,0,0
201210,566,49660, ,Youngstown-Warren-Boardman  OH-PA ,42,42,8139,0,0,0,0,0,0,0,0,0,40,40,7666,0,0,0,0,0,0,0,0,0
201210,999,10180, ,Abilene  TX ,14,14,2564,0,0,0,0,0,0,0,0,0,14,14,2564,0,0,0,0,0,0,0,0,0
201210,999,10500, ,Albany  GA ,16,16,1957,1,2,150,0,0,0,0,0,0,1,1,250,0,0,0,0,0,0,0,0,0
201210,999,10740,C,Albuquerque  NM ,175,175,32453,0,0,0,1,4,563,2,28,2180,10,10,3431,0,0,0,0,0,0,0,0,0
201210,999,10780, ,Alexandria  LA ,30,30,5011,1,2,208,0,0,0,2,10,656,1,1,210,0,0,0,0,0,0,0,0,0
201210,999,10900,C,Allentown-Bethlehem-Easton  PA-NJ ,69,69,12093,0,0,0,2,8,1360,2,11,1503,28,28,5939,0,0,0,2,8,1360,0,0,0
201210,999,11020, ,Altoona  PA ,1,1,62,0,0,0,0,0,0,0,0,0,1,1,62,0,0,0,0,0,0,0,0,0
201210,999,11100, ,Amarillo  TX ,55,55,13445,0,0,0,0,0,0,0,0,0,55,55,13445,0,0,0,0,0,0,0,0,0
201210,999,11260,C,Anchorage  AK ,35,35,9233,1,2,262,0,0,0,0,0,0,32,32,8691,1,2,262,0,0,0,0,0,0
201210,999,11500, ,Anniston-Oxford  AL ,4,4,697,0,0,0,0,0,0,0,0,0,4,4,697,0,0,0,0,0,0,0,0,0
201210,999,12020, ,Athens-Clarke County  GA ,20,20,4637,0,0,0,1,4,440,0,0,0,20,20,4637,0,0,0,1,4,440,0,0,0
201210,999,12100,C,Atlantic City-Hammonton  NJ ,47,47,6721,0,0,0,0,0,0,0,0,0,36,36,5329,0,0,0,0,0,0,0,0,0
201210,999,12260, ,Augusta-Richmond County  GA-SC ,159,159,32314,0,0,0,0,0,0,0,0,0,119,119,25934,0,0,0,0,0,0,0,0,0
201210,999,12540, ,Bakersfield-Delano  CA ,79,79,15395,1,2,145,0,0,0,2,16,1107,1,1,145,0,0,0,0,0,0,0,0,0
201210,999,12620, ,Bangor  ME ,11,11,2209,0,0,0,0,0,0,0,0,0,8,8,1574,0,0,0,0,0,0,0,0,0
201210,999,12700, ,Barnstable Town  MA ,44,44,18944,5,10,1000,0,0,0,1,5,683,32,32,15598,5,10,1000,0,0,0,0,0,0
201210,999,12980, ,Battle Creek  MI ,2,2,468,0,0,0,0,0,0,0,0,0,1,1,302,0,0,0,0,0,0,0,0,0
201210,999,13140, ,Beaumont-Port Arthur  TX ,47,47,7152,0,0,0,0,0,0,0,0,0,47,47,7152,0,0,0,0,0,0,0,0,0
201210,999,13380, ,Bellingham  WA ,22,22,5343,0,0,0,0,0,0,1,18,3253,22,22,5343,0,0,0,0,0,0,1,18,3253
201210,999,13740, ,Billings  MT ,47,47,9857,0,0,0,0,0,0,0,0,0,47,47,9857,0,0,0,0,0,0,0,0,0
201210,999,13780, ,Binghamton  NY ,0,0,0,0,0,0,0,0,0,0,0,0,0,0,0,0,0,0,0,0,0,0,0,0
201210,999,13900, ,Bismarck  ND ,99,99,17891,4,8,1242,1,4,484,3,52,5477,27,27,5790,4,8,1242,0,0,0,2,44,4858
201210,999,14020, ,Bloomington  IN ,16,16,2762,1,2,187,0,0,0,0,0,0,16,16,2762,1,2,187,0,0,0,0,0,0
201210,999,14060, ,Bloomington-Normal  IL ,27,27,4766,0,0,0,0,0,0,1,16,800,27,27,4766,0,0,0,0,0,0,1,16,800
201210,999,14260,C,Boise City-Nampa  ID ,232,232,54259,0,0,0,7,27,1544,0,0,0,216,216,51502,0,0,0,1,4,208,0,0,0
201210,999,14540, ,Bowling Green  KY ,32,32,5810,0,0,0,1,4,260,0,0,0,32,32,5810,0,0,0,1,4,260,0,0,0
201210,999,15260, ,Brunswick  GA ,34,34,8744,0,0,0,0,0,0,0,0,0,0,0,0,0,0,0,0,0,0,0,0,0
201210,999,15540, ,Burlington-South Burlington  VT ,33,33,7921,1,2,220,0,0,0,1,33,2539,26,26,6251,1,2,220,0,0,0,1,33,2539
201210,999,15940, ,Canton-Massillon  OH ,23,23,5021,1,2,165,0,0,0,1,5,370,20,20,4701,1,2,165,0,0,0,0,0,0
201210,999,15980,C,Cape Coral-Fort Myers  FL ,175,175,41982,0,0,0,3,11,2814,0,0,0,175,175,41982,0,0,0,3,11,2814,0,0,0
201210,999,16180,C,Carson City  NV ,0,0,0,0,0,0,0,0,0,0,0,0,0,0,0,0,0,0,0,0,0,0,0,0
201210,999,16220, ,Casper  WY ,18,18,3894,0,0,0,0,0,0,0,0,0,18,18,3894,0,0,0,0,0,0,0,0,0
201210,999,16300, ,Cedar Rapids  IA ,64,64,6803,4,8,639,3,10,816,1,5,167,29,29,3511,3,6,495,2,7,629,0,0,0
201210,999,16580, ,Champaign-Urbana  IL ,14,14,2291,0,0,0,0,0,0,1,8,563,14,14,2291,0,0,0,0,0,0,1,8,563
201210,999,16620, ,Charleston  WV ,16,16,3009,1,2,150,0,0,0,0,0,0,5,5,1075,0,0,0,0,0,0,0,0,0
201210,999,16700,C,Charleston-North Charleston-Summerville  SC ,298,298,69617,0,0,0,0,0,0,3,107,5916,138,138,35190,0,0,0,0,0,0,0,0,0
201210,999,16820, ,Charlottesville  VA ,23,23,6949,0,0,0,0,0,0,0,0,0,23,23,6949,0,0,0,0,0,0,0,0,0
201210,999,16940, ,Cheyenne  WY ,36,36,6014,0,0,0,3,12,690,0,0,0,36,36,6014,0,0,0,3,12,690,0,0,0
201210,999,17020, ,Chico  CA ,16,16,4124,0,0,0,1,3,538,0,0,0,16,16,4124,0,0,0,1,3,538,0,0,0
201210,999,17300, ,Clarksville  TN-KY ,93,93,10812,1,2,88,2,8,360,1,7,333,93,93,10812,1,2,88,2,8,360,1,7,333
201210,999,17660, ,Coeur dAlene  ID ,56,56,12220,1,2,136,0,0,0,1,14,1087,37,37,8846,1,2,136,0,0,0,0,0,0
201210,999,17780, ,College Station-Bryan  TX ,43,43,7134,1,2,775,0,0,0,2,32,1441,28,28,4325,1,2,775,0,0,0,0,0,0
201210,999,17820,C,Colorado Springs  CO ,243,243,83703,2,4,533,0,0,0,0,0,0,242,242,83648,2,4,533,0,0,0,0,0,0
201210,999,17860, ,Columbia  MO ,361,361,32626,0,0,0,0,0,0,8,210,16404,361,361,32626,0,0,0,0,0,0,8,210,16404
201210,999,18880, ,Crestview-Fort Walton Beach-Destin  FL ,39,39,11185,0,0,0,0,0,0,6,233,13764,36,36,10692,0,0,0,0,0,0,6,233,13764
201210,999,19060, ,Cumberland  MD-WV ,1,1,182,0,0,0,0,0,0,0,0,0,1,1,182,0,0,0,0,0,0,0,0,0
201210,999,19140,C,Dalton  GA ,7,7,941,0,0,0,0,0,0,0,0,0,2,2,363,0,0,0,0,0,0,0,0,0
201210,999,19180, ,Danville  IL ,0,0,0,0,0,0,0,0,0,0,0,0,0,0,0,0,0,0,0,0,0,0,0,0
201210,999,19260, ,Danville  VA ,13,13,1902,0,0,0,0,0,0,0,0,0,0,0,0,0,0,0,0,0,0,0,0,0
201210,999,19340, ,Davenport-Moline-Rock Island  IA-IL ,40,40,8430,0,0,0,0,0,0,1,6,433,18,18,3979,0,0,0,0,0,0,0,0,0
201210,999,19500, ,Decatur  IL ,0,0,0,0,0,0,0,0,0,0,0,0,0,0,0,0,0,0,0,0,0,0,0,0
201210,999,20100,C,Dover  DE ,58,58,8060,1,2,170,0,0,0,3,24,1684,4,4,453,1,2,170,0,0,0,2,14,741
201210,999,20220, ,Dubuque  IA ,27,27,3376,0,0,0,0,0,0,1,24,1680,27,27,3376,0,0,0,0,0,0,1,24,1680
201210,999,20260, ,Duluth  MN-WI ,27,27,4013,0,0,0,0,0,0,2,13,1492,23,23,3386,0,0,0,0,0,0,0,0,0
201210,999,20940, ,El Centro  CA ,50,50,9114,0,0,0,0,0,0,0,0,0,50,50,9114,0,0,0,0,0,0,0,0,0
201210,999,21300, ,Elmira  NY ,0,0,0,0,0,0,0,0,0,0,0,0,0,0,0,0,0,0,0,0,0,0,0,0
201210,999,21340, ,El Paso  TX ,273,273,41186,2,4,294,0,0,0,9,175,13382,273,273,41186,2,4,294,0,0,0,9,175,13382
201210,999,21500, ,Erie  PA ,7,7,1648,0,0,0,0,0,0,0,0,0,7,7,1648,0,0,0,0,0,0,0,0,0
201210,999,21660, ,Eugene-Springfield  OR ,35,35,8342,3,6,1139,0,0,0,0,0,0,17,17,4057,3,6,1139,0,0,0,0,0,0
201210,999,21780, ,Evansville  IN-KY ,30,30,4377,0,0,0,0,0,0,2,57,5087,30,30,4377,0,0,0,0,0,0,2,57,5087
201210,999,21820,C,Fairbanks  AK ,4,4,735,0,0,0,0,0,0,0,0,0,0,0,0,0,0,0,0,0,0,0,0,0
201210,999,22140,C,Farmington  NM ,9,9,1893,0,0,0,0,0,0,0,0,0,9,9,1893,0,0,0,0,0,0,0,0,0
201210,999,22180, ,Fayetteville  NC ,111,111,17568,0,0,0,0,0,0,3,24,1760,111,111,17568,0,0,0,0,0,0,3,24,1760
201210,999,22220, ,Fayetteville-Springdale-Rogers  AR-MO ,167,167,40462,0,0,0,0,0,0,0,0,0,163,163,39900,0,0,0,0,0,0,0,0,0
201210,999,22380, ,Flagstaff  AZ ,31,31,6084,0,0,0,0,0,0,0,0,0,24,24,4730,0,0,0,0,0,0,0,0,0
201210,999,22500, ,Florence  SC ,38,38,5083,3,6,306,0,0,0,1,5,300,9,9,1491,0,0,0,0,0,0,0,0,0
201210,999,22520, ,Florence-Muscle Shoals  AL ,16,16,2129,0,0,0,0,0,0,7,42,2011,8,8,1164,0,0,0,0,0,0,7,42,2011
201210,999,22660,C,Fort Collins-Loveland  CO ,109,109,24396,0,0,0,0,0,0,13,245,26395,109,109,24396,0,0,0,0,0,0,13,245,26395
201210,999,22900, ,Fort Smith  AR-OK ,25,25,4843,6,12,600,1,3,162,0,0,0,21,21,4482,6,12,600,1,3,162,0,0,0
201210,999,23460, ,Gadsden  AL ,3,3,651,0,0,0,0,0,0,0,0,0,3,3,651,0,0,0,0,0,0,0,0,0
201210,999,23540, ,Gainesville  FL ,29,29,4359,0,0,0,0,0,0,2,16,980,22,22,3610,0,0,0,0,0,0,0,0,0
201210,999,24140, ,Goldsboro  NC ,16,16,2241,0,0,0,0,0,0,0,0,0,0,0,0,0,0,0,0,0,0,0,0,0
201210,999,24220, ,Grand Forks  ND-MN ,17,17,3748,0,0,0,0,0,0,1,48,3600,17,17,3748,0,0,0,0,0,0,1,48,3600
201210,999,24300,C,Grand Junction  CO ,30,30,8301,0,0,0,0,0,0,0,0,0,30,30,8301,0,0,0,0,0,0,0,0,0
201210,999,24500, ,Great Falls  MT ,4,4,848,0,0,0,0,0,0,0,0,0,4,4,848,0,0,0,0,0,0,0,0,0
201210,999,24580, ,Green Bay  WI ,55,55,9770,1,2,240,1,3,300,3,58,3300,35,35,7195,1,2,240,0,0,0,3,58,3300
201210,999,24780, ,Greenville  NC ,33,33,4988,4,8,626,0,0,0,0,0,0,20,20,2494,4,8,626,0,0,0,0,0,0
201210,999,25180, ,Hagerstown-Martinsburg  MD-WV ,51,51,8482,0,0,0,4,16,1160,9,72,4040,46,46,7629,0,0,0,4,16,1160,9,72,4040
201210,999,25260, ,Hanford-Corcoran  CA ,13,13,1953,0,0,0,0,0,0,0,0,0,7,7,1111,0,0,0,0,0,0,0,0,0
201210,999,25500,C,Harrisonburg  VA ,36,36,5196,0,0,0,0,0,0,0,0,0,36,36,5196,0,0,0,0,0,0,0,0,0
201210,999,25620, ,Hattiesburg  MS ,1,1,385,0,0,0,0,0,0,0,0,0,1,1,385,0,0,0,0,0,0,0,0,0
201210,999,25860, ,Hickory-Lenoir-Morganton  NC ,29,29,7150,0,0,0,0,0,0,0,0,0,15,15,3173,0,0,0,0,0,0,0,0,0
201210,999,26180,C,Honolulu  HI ,107,107,30275,0,0,0,0,0,0,10,201,44746,107,107,30275,0,0,0,0,0,0,10,201,44746
201210,999,26300, ,Hot Springs  AR ,3,3,870,0,0,0,0,0,0,0,0,0,3,3,870,0,0,0,0,0,0,0,0,0
201210,999,26380, ,Houma-Bayou Cane-Thibodaux  LA ,72,72,18186,0,0,0,0,0,0,0,0,0,72,72,18186,0,0,0,0,0,0,0,0,0
201210,999,26580, ,Huntington-Ashland  WV-KY-OH ,3,3,385,0,0,0,0,0,0,0,0,0,0,0,0,0,0,0,0,0,0,0,0,0
201210,999,26980, ,Iowa City  IA ,48,48,13566,8,16,2101,1,4,512,1,10,708,44,44,12718,8,16,2101,1,4,512,0,0,0
201210,999,27100, ,Jackson  MI ,5,5,740,0,0,0,0,0,0,0,0,0,3,3,522,0,0,0,0,0,0,0,0,0
201210,999,27260,C,Jacksonville  FL ,479,479,106766,0,0,0,0,0,0,0,0,0,476,476,106184,0,0,0,0,0,0,0,0,0
201210,999,27340, ,Jacksonville  NC ,143,143,18011,1,2,130,0,0,0,6,36,368,143,143,18011,1,2,130,0,0,0,6,36,368
201210,999,27500, ,Janesville  WI ,11,11,1806,0,0,0,0,0,0,0,0,0,11,11,1806,0,0,0,0,0,0,0,0,0
201210,999,27620, ,Jefferson City  MO ,12,12,2561,1,2,209,0,0,0,0,0,0,1,1,275,0,0,0,0,0,0,0,0,0
201210,999,27780, ,Johnstown  PA ,0,0,0,0,0,0,0,0,0,0,0,0,0,0,0,0,0,0,0,0,0,0,0,0
201210,999,27900, ,Joplin  MO ,7,7,1063,0,0,0,0,0,0,1,7,478,0,0,0,0,0,0,0,0,0,0,0,0
201210,999,28020, ,Kalamazoo-Portage  MI ,33,33,7644,0,0,0,0,0,0,0,0,0,19,19,5192,0,0,0,0,0,0,0,0,0
201210,999,28420, ,Kennewick-Pasco-Richland  WA ,143,143,35114,0,0,0,0,0,0,1,35,3192,12,12,3575,0,0,0,0,0,0,0,0,0
201210,999,28660, ,Killeen-Temple-Fort Hood  TX ,127,127,19861,2,4,207,0,0,0,1,23,1214,69,69,9473,1,2,120,0,0,0,0,0,0
201210,999,29100, ,La Crosse  WI-MN ,29,29,4790,0,0,0,0,0,0,0,0,0,18,18,2855,0,0,0,0,0,0,0,0,0
201210,999,29420, ,Lake Havasu City-Kingman  AZ ,38,38,7363,0,0,0,0,0,0,0,0,0,38,38,7363,0,0,0,0,0,0,0,0,0
201210,999,29460,C,Lakeland-Winter Haven  FL ,145,145,28988,0,0,0,0,0,0,0,0,0,141,141,28589,0,0,0,0,0,0,0,0,0
201210,999,29540, ,Lancaster  PA ,50,50,7374,1,2,231,0,0,0,4,53,3450,36,36,5874,0,0,0,0,0,0,3,45,2950
201210,999,29700,C,Laredo  TX ,72,72,10562,0,0,0,0,0,0,1,36,2531,0,0,0,0,0,0,0,0,0,0,0,0
201210,999,29740,C,Las Cruces  NM ,53,53,9906,0,0,0,0,0,0,0,0,0,53,53,9906,0,0,0,0,0,0,0,0,0
201210,999,29940, ,Lawrence  KS ,17,17,3879,0,0,0,0,0,0,0,0,0,15,15,3364,0,0,0,0,0,0,0,0,0
201210,999,30020, ,Lawton  OK ,10,10,1870,0,0,0,0,0,0,0,0,0,10,10,1870,0,0,0,0,0,0,0,0,0
201210,999,30300, ,Lewiston  ID-WA ,3,3,655,1,2,198,0,0,0,0,0,0,0,0,0,0,0,0,0,0,0,0,0,0
201210,999,30700, ,Lincoln  NE ,83,83,16644,0,0,0,0,0,0,0,0,0,83,83,16644,0,0,0,0,0,0,0,0,0
201210,999,30860, ,Logan  UT-ID ,12,12,1910,0,0,0,1,3,250,2,10,905,10,10,1599,0,0,0,0,0,0,0,0,0
201210,999,31020, ,Longview  WA ,8,8,1766,0,0,0,0,0,0,0,0,0,7,7,1524,0,0,0,0,0,0,0,0,0
201210,999,31340, ,Lynchburg  VA ,40,40,9132,2,4,250,0,0,0,5,77,5573,40,40,9132,2,4,250,0,0,0,5,77,5573
201210,999,31740, ,Manhattan  KS ,43,43,8718,0,0,0,1,3,279,1,52,4360,16,16,3389,0,0,0,0,0,0,0,0,0
201210,999,31860, ,Mankato-North Mankato  MN ,15,15,3070,4,8,710,0,0,0,3,65,3720,12,12,2328,3,6,495,0,0,0,3,65,3720
201210,999,32580,C,McAllen-Edinburg-Mission  TX ,238,238,37013,0,0,0,7,28,1322,0,0,0,222,222,35614,0,0,0,7,28,1322,0,0,0
201210,999,32780, ,Medford  OR ,36,36,6759,0,0,0,0,0,0,1,12,1445,36,36,6759,0,0,0,0,0,0,1,12,1445
201210,999,32820,C,Memphis  TN-MS-AR ,195,195,34281,13,26,3147,22,80,9677,0,0,0,146,146,26407,13,26,3147,22,80,9677,0,0,0
201210,999,32900, ,Merced  CA ,7,7,1704,0,0,0,3,12,1053,7,54,4792,7,7,1704,0,0,0,3,12,1053,7,54,4792
201210,999,33100,C,Miami-Fort Lauderdale-Pompano Beach  FL ,527,527,136846,3,6,730,2,6,1166,30,506,46590,476,476,120365,0,0,0,1,3,939,27,466,42861
201210,999,33540,C,Missoula  MT ,17,17,2538,1,2,112,1,3,89,2,39,1977,0,0,0,0,0,0,0,0,0,0,0,0
201210,999,33700, ,Modesto  CA ,10,10,1468,0,0,0,0,0,0,0,0,0,8,8,1126,0,0,0,0,0,0,0,0,0
201210,999,34060, ,Morgantown  WV ,1,1,169,0,0,0,0,0,0,0,0,0,1,1,169,0,0,0,0,0,0,0,0,0
201210,999,34620, ,Muncie  IN ,9,9,1209,0,0,0,0,0,0,0,0,0,0,0,0,0,0,0,0,0,0,0,0,0
201210,999,34940,C,Naples-Marco Island  FL ,123,123,44128,0,0,0,0,0,0,0,0,0,123,123,44128,0,0,0,0,0,0,0,0,0
201210,999,35660, ,Niles-Benton Harbor  MI ,4,4,674,0,0,0,0,0,0,0,0,0,1,1,195,0,0,0,0,0,0,0,0,0
201210,999,35980, ,Norwich-New London  CT ,15,15,2571,1,2,262,0,0,0,0,0,0,10,10,1598,1,2,262,0,0,0,0,0,0
201210,999,36100,C,Ocala  FL ,51,51,8902,0,0,0,0,0,0,0,0,0,51,51,8902,0,0,0,0,0,0,0,0,0
201210,999,36140,C,Ocean City  NJ ,43,43,14889,5,10,1399,0,0,0,0,0,0,38,38,14003,5,10,1399,0,0,0,0,0,0
201210,999,36980, ,Owensboro  KY ,19,19,1776,0,0,0,0,0,0,0,0,0,19,19,1776,0,0,0,0,0,0,0,0,0
201210,999,37340,C,Palm Bay-Melbourne-Titusville  FL ,142,142,40104,0,0,0,0,0,0,0,0,0,127,127,36415,0,0,0,0,0,0,0,0,0
201210,999,37460, ,Panama City-Lynn Haven-Panama City Beach  FL ,46,46,6192,0,0,0,0,0,0,0,0,0,45,45,6007,0,0,0,0,0,0,0,0,0
201210,999,37620, ,Parkersburg-Marietta-Vienna  WV-OH ,7,7,1156,6,12,393,0,0,0,0,0,0,7,7,1156,6,12,393,0,0,0,0,0,0
201210,999,37860,C,Pensacola-Ferry Pass-Brent  FL ,132,132,19406,0,0,0,0,0,0,0,0,0,132,132,19406,0,0,0,0,0,0,0,0,0
201210,999,38060,C,Phoenix-Mesa-Glendale  AZ ,899,899,209568,8,16,1492,15,46,6640,8,198,18650,833,833,200772,8,16,1492,15,46,6640,7,152,17068
201210,999,38340, ,Pittsfield  MA ,2,2,720,0,0,0,0,0,0,0,0,0,0,0,0,0,0,0,0,0,0,0,0,0
201210,999,38540, ,Pocatello  ID ,23,23,3751,0,0,0,0,0,0,0,0,0,20,20,3465,0,0,0,0,0,0,0,0,0
201210,999,38900,C,Portland-Vancouver-Hillsboro  OR-WA ,451,451,108898,1,2,232,2,8,717,17,263,22775,423,423,101728,1,2,232,2,8,717,15,230,19538
201210,999,39140, ,Prescott  AZ ,35,35,8439,0,0,0,0,0,0,0,0,0,24,24,5530,0,0,0,0,0,0,0,0,0
201210,999,39340, ,Provo-Orem  UT ,185,185,48387,2,4,614,0,0,0,1,8,1908,178,178,46700,2,4,614,0,0,0,1,8,1908
201210,999,39380,C,Pueblo  CO ,15,15,2485,0,0,0,0,0,0,5,92,7018,15,15,2485,0,0,0,0,0,0,5,92,7018
201210,999,39660, ,Rapid City  SD ,76,76,7788,2,4,594,0,0,0,1,11,1205,54,54,4033,0,0,0,0,0,0,0,0,0
201210,999,39820, ,Redding  CA ,10,10,2159,0,0,0,0,0,0,0,0,0,10,10,2159,0,0,0,0,0,0,0,0,0
201210,999,40060,C,Richmond  VA ,241,241,39756,0,0,0,2,8,1400,7,100,5966,225,225,36412,0,0,0,2,8,1400,7,100,5966
201210,999,40220, ,Roanoke  VA ,30,30,6250,0,0,0,0,0,0,0,0,0,30,30,6250,0,0,0,0,0,0,0,0,0
201210,999,40340, ,Rochester  MN ,33,33,7428,0,0,0,0,0,0,0,0,0,29,29,6460,0,0,0,0,0,0,0,0,0
201210,999,40580, ,Rocky Mount  NC ,6,6,748,0,0,0,0,0,0,0,0,0,6,6,748,0,0,0,0,0,0,0,0,0
201210,999,40660, ,Rome  GA ,4,4,569,0,0,0,0,0,0,1,10,649,0,0,0,0,0,0,0,0,0,0,0,0
201210,999,41100, ,St. George  UT ,120,120,21455,0,0,0,0,0,0,0,0,0,120,120,21455,0,0,0,0,0,0,0,0,0
201210,999,41140, ,St. Joseph  MO-KS ,7,7,1289,2,4,476,0,0,0,0,0,0,0,0,0,0,0,0,0,0,0,0,0,0
201210,999,41420, ,Salem  OR ,35,35,8273,0,0,0,0,0,0,4,54,5130,35,35,8273,0,0,0,0,0,0,4,54,5130
201210,999,41500, ,Salinas  CA ,2,2,450,0,0,0,0,0,0,0,0,0,2,2,450,0,0,0,0,0,0,0,0,0
201210,999,41660,C,San Angelo  TX ,14,14,1991,0,0,0,0,0,0,0,0,0,14,14,1991,0,0,0,0,0,0,0,0,0
201210,999,41700,C,San Antonio-New Braunfels  TX ,430,430,76470,3,6,586,1,3,0,14,294,21828,300,300,59982,3,6,586,0,0,0,13,288,20550
201210,999,41740,C,San Diego-Carlsbad-San Marcos  CA ,160,160,61741,6,12,2730,12,38,7470,7,295,28998,157,157,61092,6,12,2730,12,38,7470,7,295,28998
201210,999,41780, ,Sandusky  OH ,1,1,184,0,0,0,0,0,0,0,0,0,1,1,184,0,0,0,0,0,0,0,0,0
201210,999,42020, ,San Luis Obispo-Paso Robles  CA ,26,26,8665,0,0,0,0,0,0,0,0,0,26,26,8665,0,0,0,0,0,0,0,0,0
201210,999,42060, ,Santa Barbara-Santa Maria-Goleta  CA ,24,24,13060,0,0,0,2,8,514,0,0,0,24,24,13060,0,0,0,2,8,514,0,0,0
201210,999,42540, ,Scranton--Wilkes-Barre  PA ,12,12,1986,0,0,0,0,0,0,0,0,0,11,11,1841,0,0,0,0,0,0,0,0,0
201210,999,43100, ,Sheboygan  WI ,5,5,1683,0,0,0,0,0,0,0,0,0,2,2,680,0,0,0,0,0,0,0,0,0
201210,999,43620, ,Sioux Falls  SD ,125,125,21299,1,2,408,1,4,438,1,10,744,123,123,21013,1,2,408,1,4,438,0,0,0
201210,999,44060, ,Spokane  WA ,73,73,23941,0,0,0,0,0,0,0,0,0,73,73,23941,0,0,0,0,0,0,0,0,0
201210,999,44100, ,Springfield  IL ,6,6,1815,1,2,320,0,0,0,0,0,0,6,6,1815,1,2,320,0,0,0,0,0,0
201210,999,44140, ,Springfield  MA ,19,19,5214,1,2,227,0,0,0,1,5,150,14,14,4031,0,0,0,0,0,0,0,0,0
201210,999,44180, ,Springfield  MO ,93,93,14031,5,10,834,0,0,0,3,96,3833,58,58,8851,0,0,0,0,0,0,0,0,0
201210,999,44300, ,State College  PA ,55,55,7023,0,0,0,0,0,0,0,0,300,55,55,7023,0,0,0,0,0,0,0,0,300
201210,999,44600, ,Steubenville-Weirton  OH-WV ,0,0,0,0,0,0,0,0,0,0,0,0,0,0,0,0,0,0,0,0,0,0,0,0
201210,999,44700,C,Stockton  CA ,80,80,21621,0,0,0,0,0,0,0,0,0,77,77,21031,0,0,0,0,0,0,0,0,0
201210,999,44940,C,Sumter  SC ,27,27,3636,0,0,0,0,0,0,0,0,0,27,27,3636,0,0,0,0,0,0,0,0,0
201210,999,45220, ,Tallahassee  FL ,49,49,9325,7,14,1003,0,0,0,1,31,2159,19,19,4895,0,0,0,0,0,0,0,0,0
201210,999,45300,C,Tampa-St. Petersburg-Clearwater  FL ,571,571,163158,6,12,1647,0,0,0,2,11,850,567,567,161674,6,12,1647,0,0,0,2,11,850
201210,999,45460, ,Terre Haute  IN ,12,12,2125,1,2,123,0,0,0,2,40,1975,8,8,1705,0,0,0,0,0,0,0,0,0
201210,999,45500, ,Texarkana  TX-Texarkana  AR ,6,6,1055,0,0,0,0,0,0,0,0,0,6,6,1055,0,0,0,0,0,0,0,0,0
201210,999,45820, ,Topeka  KS ,33,33,6096,7,14,1020,0,0,0,0,0,0,30,30,5512,7,14,1020,0,0,0,0,0,0
201210,999,46060,C,Tucson  AZ ,240,240,59551,2,4,178,0,0,0,5,84,9865,113,113,28712,0,0,0,0,0,0,0,0,0
201210,999,46220, ,Tuscaloosa  AL ,29,29,7019,0,0,0,0,0,0,0,0,0,28,28,6887,0,0,0,0,0,0,0,0,0
201210,999,46540, ,Utica-Rome  NY ,2,2,328,0,0,0,0,0,0,0,0,0,0,0,0,0,0,0,0,0,0,0,0,0
201210,999,46660, ,Valdosta  GA ,36,36,3672,1,2,136,0,0,0,1,35,1565,0,0,0,0,0,0,0,0,0,0,0,0
201210,999,47020, ,Victoria  TX ,12,12,2343,0,0,0,0,0,0,0,0,0,12,12,2343,0,0,0,0,0,0,0,0,0
201210,999,47260,C,Virginia Beach-Norfolk-Newport News  VA-NC ,300,300,53717,0,0,0,1,4,465,3,35,1212,266,266,46951,0,0,0,1,4,465,0,0,0
201210,999,47300, ,Visalia-Porterville  CA ,46,46,8554,0,0,0,0,0,0,0,0,0,46,46,8554,0,0,0,0,0,0,0,0,0
201210,999,47380, ,Waco  TX ,31,31,5353,1,2,83,0,0,0,0,0,0,29,29,4684,1,2,83,0,0,0,0,0,0
201210,999,47940, ,Waterloo-Cedar Falls  IA ,29,29,5123,2,4,561,1,4,668,0,0,0,21,21,4200,1,2,361,1,4,668,0,0,0
201210,999,48300, ,Wenatchee-East Wenatchee  WA ,38,38,7489,0,0,0,0,0,0,0,0,0,38,38,7489,0,0,0,0,0,0,0,0,0
201210,999,48540, ,Wheeling  WV-OH ,0,0,0,0,0,0,0,0,0,0,0,0,0,0,0,0,0,0,0,0,0,0,0,0
201210,999,48660, ,Wichita Falls  TX ,14,14,8337,1,2,195,0,0,0,0,0,0,14,14,8337,1,2,195,0,0,0,0,0,0
201210,999,48900,C,Wilmington  NC ,182,182,37872,0,0,0,1,3,408,1,35,3985,118,118,24682,0,0,0,0,0,0,0,0,0
201210,999,49420, ,Yakima  WA ,13,13,3128,0,0,0,0,0,0,0,0,0,12,12,2944,0,0,0,0,0,0,0,0,0
201210,999,49740, ,Yuma  AZ ,47,47,8849,0,0,0,0,0,0,4,64,7260,47,47,8849,0,0,0,0,0,0,4,64,7260
