Survey,CSA,CBSA,MONCOV,CBSA,,1-unit,,,2-units,,,3-4 units,,,5+ units,,,1-unit rep,,,2-units rep,,,3-4 units rep,,,5+ units rep
Date,Code,Code,,Name,Bldgs,Units,Value,Bldgs,Units,Value,Bldgs,Units,Value,Bldgs,Units,Value,Bldgs,Units,Value,Bldgs,Units,Value,      Bldgs,Units,Value,Bldgs,Units,Value
 
201502,104,10580,C,Albany-Schenectady-Troy  NY ,40,40,9948,0,0,0,0,0,0,4,117,13390,28,28,7790,0,0,0,0,0,0,2,107,12630
201502,104,24020, ,Glens Falls  NY ,4,4,729,0,0,0,0,0,0,0,0,0,2,2,521,0,0,0,0,0,0,0,0,0
201502,106,10740,C,Albuquerque  NM ,127,127,27118,1,2,283,1,4,335,1,5,208,57,57,14634,0,0,0,0,0,0,0,0,0
201502,106,42140,C,Santa Fe  NM ,11,11,2630,0,0,0,0,0,0,0,0,0,11,11,2630,0,0,0,0,0,0,0,0,0
201502,108,11100, ,Amarillo  TX ,53,53,13192,0,0,0,0,0,0,0,0,0,53,53,13192,0,0,0,0,0,0,0,0,0
201502,118,11540, ,Appleton  WI ,15,15,3553,0,0,0,0,0,0,0,0,0,15,15,3553,0,0,0,0,0,0,0,0,0
201502,118,36780, ,Oshkosh-Neenah  WI ,10,10,1687,0,0,0,0,0,0,1,54,4693,10,10,1687,0,0,0,0,0,0,1,54,4693
201502,120,11700, ,Asheville  NC ,91,91,23080,0,0,0,0,0,0,1,8,256,27,27,7387,0,0,0,0,0,0,0,0,0
201502,122,12020, ,Athens-Clarke County  GA ,39,39,7384,0,0,0,0,0,0,0,0,0,39,39,7384,0,0,0,0,0,0,0,0,0
201502,122,12060, ,Atlanta-Sandy Springs-Roswell  GA ,1515,1515,317965,0,0,0,4,16,2645,11,697,99186,1470,1470,308154,0,0,0,4,16,2645,10,692,99114
201502,122,23580, ,Gainesville  GA ,49,49,9649,0,0,0,0,0,0,4,24,2300,49,49,9649,0,0,0,0,0,0,4,24,2300
201502,140,13460, ,Bend-Redmond  OR ,87,87,24803,2,4,1090,0,0,0,0,0,0,79,79,23321,2,4,1090,0,0,0,0,0,0
201502,142,13820,C,Birmingham-Hoover  AL ,197,197,50846,0,0,0,1,4,447,5,107,9735,157,157,41032,0,0,0,0,0,0,3,96,8980
201502,144,14020,C,Bloomington  IN ,16,16,3766,0,0,0,0,0,0,0,0,0,16,16,3766,0,0,0,0,0,0,0,0,0
201502,145,14010, ,Bloomington  IL ,13,13,2333,0,0,0,0,0,0,1,11,580,3,3,303,0,0,0,0,0,0,0,0,0
201502,146,14100,C,Bloomsburg-Berwick  PA ,6,6,1041,0,0,0,0,0,0,0,0,0,4,4,694,0,0,0,0,0,0,0,0,0
201502,147,14260,C,Boise City  ID ,278,278,65314,0,0,0,17,68,4650,0,0,0,254,254,60034,0,0,0,17,68,4650,0,0,0
201502,148,12700, ,Barnstable Town  MA ,2,2,885,0,0,0,0,0,0,0,0,0,0,0,0,0,0,0,0,0,0,0,0,0
201502,148,14460,C,Boston-Cambridge-Newton  MA-NH ,170,170,47501,12,24,2931,1,3,200,15,373,74405,123,123,35378,10,20,2499,1,3,200,7,290,65621
201502,148,31700, ,Manchester-Nashua  NH ,15,15,2498,0,0,0,0,0,0,0,0,0,13,13,2095,0,0,0,0,0,0,0,0,0
201502,148,39300,C,Providence-Warwick  RI-MA ,32,32,7005,0,0,0,0,0,0,1,36,1515,19,19,4382,0,0,0,0,0,0,1,36,1515
201502,148,49340, ,Worcester  MA-CT ,7,7,1485,0,0,0,0,0,0,0,0,0,5,5,1034,0,0,0,0,0,0,0,0,0
201502,150,14540, ,Bowling Green  KY ,29,29,6252,14,28,980,0,0,0,1,24,785,29,29,6252,14,28,980,0,0,0,1,24,785
201502,154,15180, ,Brownsville-Harlingen  TX ,57,57,6112,2,4,367,0,0,0,0,0,0,57,57,6112,2,4,367,0,0,0,0,0,0
201502,160,15380,C,Buffalo-Cheektowaga-Niagara Falls  NY ,51,51,13536,1,2,173,0,0,0,2,107,8288,42,42,10563,0,0,0,0,0,0,1,101,8000
201502,162,15980,C,Cape Coral-Fort Myers  FL ,285,285,68389,0,0,0,3,12,3466,9,200,17164,285,285,68389,0,0,0,3,12,3466,9,200,17164
201502,162,34940, ,Naples-Immokalee-Marco Island  FL ,205,205,66461,0,0,0,1,4,568,1,12,875,205,205,66461,0,0,0,1,4,568,1,12,875
201502,164,16020, ,Cape Girardeau  MO-IL ,0,0,0,0,0,0,0,0,0,0,0,0,0,0,0,0,0,0,0,0,0,0,0,0
201502,168,16300, ,Cedar Rapids  IA ,13,13,1942,0,0,0,2,7,508,1,12,1220,1,1,725,0,0,0,1,4,299,0,0,0
201502,168,26980, ,Iowa City  IA ,16,16,3259,1,2,303,0,0,0,2,60,7525,0,0,0,0,0,0,0,0,0,1,30,2250
201502,170,16620, ,Charleston  WV ,3,3,595,1,2,289,1,4,221,2,22,1077,0,0,0,0,0,0,0,0,0,0,0,0
201502,170,26580, ,Huntington-Ashland  WV-KY-OH ,8,8,1743,0,0,0,2,6,239,0,0,0,7,7,1634,0,0,0,0,0,0,0,0,0
201502,172,16740, ,Charlotte-Concord-Gastonia  NC-SC ,892,892,212976,10,20,5718,0,0,0,41,866,65142,804,804,188274,10,20,5718,0,0,0,40,856,64015
201502,174,16860, ,Chattanooga  TN-GA ,69,69,11413,1,2,92,2,7,754,2,13,1209,41,41,7382,0,0,0,2,7,754,0,0,0
201502,174,17420, ,Cleveland  TN ,15,15,2563,1,2,250,2,8,550,0,0,0,4,4,581,1,2,250,2,8,550,0,0,0
201502,176,16980, ,Chicago-Naperville-Elgin  IL-IN-WI ,272,272,80584,1,2,200,3,9,1217,10,1165,109874,233,233,70540,1,2,200,3,9,1217,8,1155,109000
201502,176,28100, ,Kankakee  IL ,0,0,0,0,0,0,0,0,0,0,0,0,0,0,0,0,0,0,0,0,0,0,0,0
201502,176,33140, ,Michigan City-La Porte  IN ,1,1,350,0,0,0,0,0,0,1,50,10000,1,1,350,0,0,0,0,0,0,1,50,10000
201502,178,17140, ,Cincinnati  OH-KY-IN ,187,187,41372,0,0,0,2,6,565,1,5,269,169,169,38192,0,0,0,2,6,565,0,0,0
201502,184,10420, ,Akron  OH ,17,17,4206,0,0,0,0,0,0,0,0,0,17,17,4206,0,0,0,0,0,0,0,0,0
201502,184,15940, ,Canton-Massillon  OH ,18,18,4134,0,0,0,0,0,0,0,0,0,16,16,3917,0,0,0,0,0,0,0,0,0
201502,184,17460, ,Cleveland-Elyria  OH ,115,115,27250,1,2,10,0,0,0,3,28,1176,93,93,24630,0,0,0,0,0,0,3,28,1176
201502,190,17860,C,Columbia  MO ,40,40,8079,0,0,0,0,0,0,0,0,0,40,40,8079,0,0,0,0,0,0,0,0,0
201502,192,17900,C,Columbia  SC ,273,273,49570,0,0,0,0,0,0,3,50,3148,78,78,13139,0,0,0,0,0,0,0,0,0
201502,194,12220, ,Auburn-Opelika  AL ,58,58,16660,0,0,0,0,0,0,1,5,1540,14,14,3099,0,0,0,0,0,0,0,0,0
201502,194,17980, ,Columbus  GA-AL ,51,51,7831,0,0,0,1,3,136,2,22,1669,25,25,5079,0,0,0,0,0,0,0,0,0
201502,198,18140, ,Columbus  OH ,193,193,49234,0,0,0,0,0,0,3,60,5074,164,164,43116,0,0,0,0,0,0,2,48,4428
201502,204,18580, ,Corpus Christi  TX ,107,107,19151,0,0,0,0,0,0,6,93,4361,7,7,2703,0,0,0,0,0,0,0,0,0
201502,206,19100, ,Dallas-Fort Worth-Arlington  TX ,2097,2097,571924,9,18,3974,12,44,2537,60,2636,143039,1963,1963,531171,9,18,3974,10,38,1768,52,2527,132582
201502,209,19340, ,Davenport-Moline-Rock Island  IA-IL ,9,9,2409,0,0,0,0,0,0,0,0,0,1,1,426,0,0,0,0,0,0,0,0,0
201502,212,19380, ,Dayton  OH ,41,41,10054,0,0,0,0,0,0,0,0,0,26,26,6576,0,0,0,0,0,0,0,0,0
201502,212,44220, ,Springfield  OH ,2,2,255,0,0,0,0,0,0,0,0,0,2,2,255,0,0,0,0,0,0,0,0,0
201502,216,14500, ,Boulder  CO ,32,32,9971,2,4,657,1,3,352,3,15,1342,9,9,4620,0,0,0,0,0,0,1,5,168
201502,216,19740, ,Denver-Aurora-Lakewood  CO ,613,613,171007,2,4,943,6,23,4360,7,496,90559,574,574,157048,2,4,943,6,23,4360,5,441,86323
201502,216,24540, ,Greeley  CO ,158,158,32452,0,0,0,0,0,0,8,58,4798,138,138,27527,0,0,0,0,0,0,7,50,4228
201502,218,11180, ,Ames  IA ,4,4,839,0,0,0,0,0,0,0,0,0,4,4,839,0,0,0,0,0,0,0,0,0
201502,218,19780, ,Des Moines-West Des Moines  IA ,171,171,41929,0,0,0,0,0,0,1,54,9700,165,165,40790,0,0,0,0,0,0,1,54,9700
201502,220,11460, ,Ann Arbor  MI ,12,12,2716,0,0,0,0,0,0,0,0,0,6,6,1229,0,0,0,0,0,0,0,0,0
201502,220,19820, ,Detroit-Warren-Dearborn  MI ,221,221,59809,1,2,206,0,0,0,4,54,3514,196,196,53480,1,2,206,0,0,0,3,48,3084
201502,220,22420, ,Flint  MI ,5,5,797,0,0,0,0,0,0,0,0,0,5,5,797,0,0,0,0,0,0,0,0,0
201502,220,33780, ,Monroe  MI ,0,0,0,0,0,0,0,0,0,0,0,0,0,0,0,0,0,0,0,0,0,0,0,0
201502,222,20020, ,Dothan  AL ,23,23,5740,0,0,0,0,0,0,0,0,0,22,22,5621,0,0,0,0,0,0,0,0,0
201502,232,20740, ,Eau Claire  WI ,12,12,2458,0,0,0,0,0,0,0,0,0,10,10,2069,0,0,0,0,0,0,0,0,0
201502,236,21300, ,Elmira  NY ,0,0,0,0,0,0,0,0,0,1,5,323,0,0,0,0,0,0,0,0,0,0,0,0
201502,238,21340,C,El Paso  TX ,145,145,22796,2,4,386,0,0,0,1,7,90,130,130,21185,2,4,386,0,0,0,1,7,90
201502,238,29740,C,Las Cruces  NM ,40,40,7574,0,0,0,1,4,550,0,0,0,40,40,7574,0,0,0,1,4,550,0,0,0
201502,240,21500, ,Erie  PA ,1,1,65,0,0,0,0,0,0,0,0,0,1,1,65,0,0,0,0,0,0,0,0,0
201502,244,22020, ,Fargo  ND-MN ,6,6,1622,1,2,380,0,0,0,0,0,0,4,4,1227,1,2,380,0,0,0,0,0,0
201502,246,22180,C,Fayetteville  NC ,54,54,10390,0,0,0,0,0,0,0,0,0,54,54,10390,0,0,0,0,0,0,0,0,0
201502,258,23060, ,Fort Wayne  IN ,27,27,6539,0,0,0,0,0,0,0,0,0,27,27,6539,0,0,0,0,0,0,0,0,0
201502,260,23420,C,Fresno  CA ,147,147,41112,0,0,0,0,0,0,0,0,0,134,134,39006,0,0,0,0,0,0,0,0,0
201502,260,31460, ,Madera  CA ,9,9,2359,0,0,0,0,0,0,0,0,0,9,9,2359,0,0,0,0,0,0,0,0,0
201502,264,23540, ,Gainesville  FL ,29,29,4660,0,0,0,0,0,0,2,25,1532,24,24,4096,0,0,0,0,0,0,0,0,0
201502,266,24340, ,Grand Rapids-Wyoming  MI ,80,80,18985,0,0,0,1,3,370,1,5,412,70,70,17383,0,0,0,1,3,370,0,0,0
201502,266,34740, ,Muskegon  MI ,0,0,0,0,0,0,0,0,0,0,0,0,0,0,0,0,0,0,0,0,0,0,0,0
201502,267,24580, ,Green Bay  WI ,31,31,5944,0,0,0,0,0,0,3,19,1407,15,15,3129,0,0,0,0,0,0,1,8,500
201502,268,15500, ,Burlington  NC ,34,34,4322,0,0,0,0,0,0,0,0,0,34,34,4322,0,0,0,0,0,0,0,0,0
201502,268,24660,C,Greensboro-High Point  NC ,109,109,28812,0,0,0,0,0,0,0,0,0,109,109,28812,0,0,0,0,0,0,0,0,0
201502,268,49180, ,Winston-Salem  NC ,76,76,11300,0,0,0,0,0,0,0,0,0,76,76,11300,0,0,0,0,0,0,0,0,0
201502,273,24860, ,Greenville-Anderson-Mauldin  SC ,242,242,58796,0,0,0,0,0,0,14,632,60308,224,224,56721,0,0,0,0,0,0,13,609,58336
201502,273,43900, ,Spartanburg  SC ,109,109,16688,0,0,0,0,0,0,0,0,0,109,109,16688,0,0,0,0,0,0,0,0,0
201502,274,24780, ,Greenville  NC ,14,14,1935,3,6,482,0,0,0,0,0,0,14,14,1935,3,6,482,0,0,0,0,0,0
201502,276,23900,C,Gettysburg  PA ,8,8,1544,0,0,0,0,0,0,0,0,0,0,0,0,0,0,0,0,0,0,0,0,0
201502,276,25420,C,Harrisburg-Carlisle  PA ,73,73,14660,0,0,0,0,0,0,2,13,1400,56,56,11447,0,0,0,0,0,0,0,0,0
201502,276,30140, ,Lebanon  PA ,3,3,387,0,0,0,0,0,0,0,0,0,3,3,387,0,0,0,0,0,0,0,0,0
201502,276,49620, ,York-Hanover  PA ,3,3,691,0,0,0,0,0,0,0,0,0,3,3,691,0,0,0,0,0,0,0,0,0
201502,277,25500,C,Harrisonburg  VA ,22,22,3797,1,2,283,0,0,0,0,0,0,18,18,3300,0,0,0,0,0,0,0,0,0
201502,277,44420, ,Staunton-Waynesboro  VA ,8,8,1400,0,0,0,0,0,0,0,0,0,8,8,1400,0,0,0,0,0,0,0,0,0
201502,278,25540,C,Hartford-West Hartford-East Hartford  CT ,21,21,4814,2,4,225,1,3,266,1,5,243,11,11,2536,1,2,98,0,0,0,0,0,0
201502,278,35980, ,Norwich-New London  CT ,3,3,707,0,0,0,1,4,765,0,0,0,2,2,541,0,0,0,1,4,765,0,0,0
201502,280,25860, ,Hickory-Lenoir-Morganton  NC ,2,2,305,0,0,0,0,0,0,0,0,0,2,2,305,0,0,0,0,0,0,0,0,0
201502,284,26300, ,Hot Springs  AR ,4,4,679,0,0,0,0,0,0,0,0,0,4,4,679,0,0,0,0,0,0,0,0,0
201502,288,26420, ,Houston-The Woodlands-Sugar Land  TX ,2892,2892,513354,7,14,1491,0,0,0,44,1906,289137,2259,2259,439171,6,12,1307,0,0,0,41,1869,287293
201502,290,19460, ,Decatur  AL ,6,6,1064,0,0,0,0,0,0,0,0,0,0,0,0,0,0,0,0,0,0,0,0,0
201502,290,26620,C,Huntsville  AL ,97,97,10906,0,0,0,0,0,0,3,32,1560,97,97,10906,0,0,0,0,0,0,3,32,1560
201502,292,26820, ,Idaho Falls  ID ,49,49,6769,0,0,0,0,0,0,0,0,0,49,49,6769,0,0,0,0,0,0,0,0,0
201502,294,18020, ,Columbus  IN ,27,27,6877,0,0,0,0,0,0,0,0,0,27,27,6877,0,0,0,0,0,0,0,0,0
201502,294,26900, ,Indianapolis-Carmel-Anderson  IN ,369,369,89342,4,8,1006,0,0,0,1,17,958,357,357,86918,4,8,1006,0,0,0,0,0,0
201502,294,34620, ,Muncie  IN ,0,0,0,0,0,0,0,0,0,0,0,0,0,0,0,0,0,0,0,0,0,0,0,0
201502,296,27060, ,Ithaca  NY ,3,3,524,0,0,0,0,0,0,0,0,0,0,0,0,0,0,0,0,0,0,0,0,0
201502,298,27140, ,Jackson  MS ,108,108,25111,0,0,0,0,0,0,0,0,0,96,96,22208,0,0,0,0,0,0,0,0,0
201502,300,27260,C,Jacksonville  FL ,458,458,116434,1,2,222,0,0,0,9,224,18212,458,458,116434,1,2,222,0,0,0,9,224,18212
201502,304,27740, ,Johnson City  TN ,11,11,2389,0,0,0,0,0,0,0,0,0,11,11,2389,0,0,0,0,0,0,0,0,0
201502,304,28700, ,Kingsport-Bristol-Bristol  TN-VA ,0,0,0,0,0,0,0,0,0,0,0,0,0,0,0,0,0,0,0,0,0,0,0,0
201502,306,27780, ,Johnstown  PA ,0,0,0,0,0,0,0,0,0,0,0,0,0,0,0,0,0,0,0,0,0,0,0,0
201502,308,27860, ,Jonesboro  AR ,14,14,2273,0,0,0,0,0,0,0,0,0,14,14,2273,0,0,0,0,0,0,0,0,0
201502,309,27900, ,Joplin  MO ,13,13,1235,0,0,0,0,0,0,0,0,0,13,13,1235,0,0,0,0,0,0,0,0,0
201502,310,12980, ,Battle Creek  MI ,1,1,188,0,0,0,0,0,0,0,0,0,0,0,0,0,0,0,0,0,0,0,0,0
201502,310,28020, ,Kalamazoo-Portage  MI ,5,5,1588,0,0,0,0,0,0,0,0,0,4,4,1172,0,0,0,0,0,0,0,0,0
201502,312,28140, ,Kansas City  MO-KS ,249,249,62434,3,6,684,3,11,1063,5,102,11974,206,206,50849,3,6,684,3,11,1063,5,102,11974
201502,312,29940, ,Lawrence  KS ,20,20,3528,0,0,0,0,0,0,1,237,25000,20,20,3528,0,0,0,0,0,0,1,237,25000
201502,312,41140, ,St. Joseph  MO-KS ,0,0,0,0,0,0,0,0,0,0,0,0,0,0,0,0,0,0,0,0,0,0,0,0
201502,314,28940, ,Knoxville  TN ,130,130,24444,0,0,0,0,0,0,0,0,0,112,112,20658,0,0,0,0,0,0,0,0,0
201502,316,29020, ,Kokomo  IN ,1,1,155,0,0,0,0,0,0,0,0,0,1,1,155,0,0,0,0,0,0,0,0,0
201502,318,29180, ,Lafayette  LA ,123,123,21696,1,2,200,0,0,0,5,87,7996,58,58,12693,1,2,200,0,0,0,3,72,7263
201502,320,29200, ,Lafayette-West Lafayette  IN ,18,18,3944,0,0,0,0,0,0,1,7,626,0,0,0,0,0,0,0,0,0,0,0,0
201502,330,29620, ,Lansing-East Lansing  MI ,5,5,1171,0,0,0,0,0,0,0,0,0,3,3,863,0,0,0,0,0,0,0,0,0
201502,332,29420, ,Lake Havasu City-Kingman  AZ ,43,43,7727,0,0,0,0,0,0,0,0,0,43,43,7727,0,0,0,0,0,0,0,0,0
201502,332,29820,C,Las Vegas-Henderson-Paradise  NV ,698,698,135053,0,0,0,0,0,0,39,588,31967,698,698,135053,0,0,0,0,0,0,39,588,31967
201502,336,30460,C,Lexington-Fayette  KY ,85,85,12718,2,4,534,1,4,516,1,18,1437,19,19,2601,0,0,0,0,0,0,0,0,0
201502,338,30620, ,Lima  OH ,0,0,0,0,0,0,0,0,0,0,0,0,0,0,0,0,0,0,0,0,0,0,0,0
201502,339,30700, ,Lincoln  NE ,47,47,9314,0,0,0,0,0,0,1,35,1229,0,0,0,0,0,0,0,0,0,0,0,0
201502,340,30780, ,Little Rock-North Little Rock-Conway  AR ,112,112,19747,3,6,354,0,0,0,0,0,0,96,96,18343,3,6,354,0,0,0,0,0,0
201502,340,38220, ,Pine Bluff  AR ,3,3,436,1,2,90,0,0,0,0,0,0,1,1,120,0,0,0,0,0,0,0,0,0
201502,346,30980, ,Longview  TX ,16,16,2360,0,0,0,0,0,0,0,0,0,16,16,2360,0,0,0,0,0,0,0,0,0
201502,348,31080,C,Los Angeles-Long Beach-Anaheim  CA ,534,534,238312,32,64,11308,3,11,2536,34,2726,477368,479,479,212355,30,60,9975,0,0,0,23,2404,441160
201502,348,37100, ,Oxnard-Thousand Oaks-Ventura  CA ,21,21,7164,0,0,0,0,0,0,2,27,2934,13,13,5290,0,0,0,0,0,0,0,0,0
201502,348,40140, ,Riverside-San Bernardino-Ontario  CA ,513,513,128675,4,8,995,2,7,1128,27,276,25777,396,396,104947,1,2,160,0,0,0,19,181,16755
201502,350,21060, ,Elizabethtown-Fort Knox  KY ,23,23,3035,1,2,120,0,0,0,1,6,553,12,12,1374,1,2,120,0,0,0,0,0,0
201502,350,31140, ,Louisville-Jefferson County  KY-IN ,164,164,36243,0,0,0,2,7,689,6,131,5047,64,64,14018,0,0,0,0,0,0,0,0,0
201502,352,31180, ,Lubbock  TX ,82,82,18093,3,6,656,0,0,0,8,106,6478,0,0,0,0,0,0,0,0,0,0,0,0
201502,356,31420, ,Macon  GA ,11,11,2612,0,0,0,0,0,0,0,0,0,11,11,2612,0,0,0,0,0,0,0,0,0
201502,356,47580, ,Warner Robins  GA ,52,52,10568,0,0,0,0,0,0,0,0,0,50,50,10412,0,0,0,0,0,0,0,0,0
201502,357,27500, ,Janesville-Beloit  WI ,8,8,1791,0,0,0,0,0,0,0,0,0,7,7,1648,0,0,0,0,0,0,0,0,0
201502,357,31540, ,Madison  WI ,66,66,19586,0,0,0,3,10,1327,4,101,11079,33,33,11064,0,0,0,1,4,580,0,0,0
201502,358,31740, ,Manhattan  KS ,17,17,3325,0,0,0,0,0,0,0,0,0,15,15,3056,0,0,0,0,0,0,0,0,0
201502,359,31860, ,Mankato-North Mankato  MN ,4,4,700,0,0,0,2,8,880,0,0,0,3,3,482,0,0,0,2,8,880,0,0,0
201502,365,32580,C,McAllen-Edinburg-Mission  TX ,203,203,33136,0,0,0,1,4,250,2,11,604,194,194,32294,0,0,0,1,4,250,2,11,604
201502,366,32780, ,Medford  OR ,39,39,12095,2,4,553,0,0,0,0,0,0,39,39,12095,2,4,553,0,0,0,0,0,0
201502,368,32820, ,Memphis  TN-MS-AR ,184,184,36199,0,0,0,0,0,0,1,12,790,145,145,30188,0,0,0,0,0,0,1,12,790
201502,370,33100, ,Miami-Fort Lauderdale-West Palm Beach  FL ,470,470,128271,3,6,1253,14,55,16805,65,1425,242355,426,426,111205,3,6,1253,14,55,16805,57,1288,217263
201502,370,38940, ,Port St. Lucie  FL ,96,96,23697,5,10,848,0,0,0,1,8,1756,96,96,23697,5,10,848,0,0,0,1,8,1756
201502,370,42680, ,Sebastian-Vero Beach  FL ,44,44,17793,0,0,0,0,0,0,0,0,0,44,44,17793,0,0,0,0,0,0,0,0,0
201502,372,33260, ,Midland  TX ,79,79,15939,0,0,0,0,0,0,0,0,0,79,79,15939,0,0,0,0,0,0,0,0,0
201502,372,36220,C,Odessa  TX ,30,30,5633,0,0,0,0,0,0,0,0,0,30,30,5633,0,0,0,0,0,0,0,0,0
201502,376,33340,C,Milwaukee-Waukesha-West Allis  WI ,87,87,27009,1,2,325,0,0,0,1,168,34000,78,78,23145,0,0,0,0,0,0,1,168,34000
201502,376,39540, ,Racine  WI ,7,7,1565,1,2,364,0,0,0,0,0,0,6,6,1390,1,2,364,0,0,0,0,0,0
201502,378,33460, ,Minneapolis-St. Paul-Bloomington  MN-WI ,386,386,129254,4,8,905,0,0,0,1,136,21300,351,351,117161,4,8,905,0,0,0,1,136,21300
201502,378,41060, ,St. Cloud  MN ,0,0,0,0,0,0,0,0,0,0,0,0,0,0,0,0,0,0,0,0,0,0,0,0
201502,380,19300, ,Daphne-Fairhope-Foley  AL ,87,87,16111,0,0,0,6,18,1844,0,0,0,52,52,9016,0,0,0,6,18,1844,0,0,0
201502,380,33660, ,Mobile  AL ,50,50,10172,0,0,0,0,0,0,0,0,0,49,49,10098,0,0,0,0,0,0,0,0,0
201502,382,32900, ,Merced  CA ,5,5,1357,0,0,0,0,0,0,1,5,570,5,5,1357,0,0,0,0,0,0,0,0,0
201502,382,33700, ,Modesto  CA ,0,0,0,0,0,0,0,0,0,0,0,0,0,0,0,0,0,0,0,0,0,0,0,0
201502,384,33740, ,Monroe  LA ,33,33,6378,0,0,0,1,4,629,1,5,579,0,0,0,0,0,0,0,0,0,0,0,0
201502,390,34060, ,Morgantown  WV ,0,0,0,0,0,0,0,0,0,0,0,0,0,0,0,0,0,0,0,0,0,0,0,0
201502,396,34820, ,Myrtle Beach-Conway-North Myrtle Beach  SC-NC ,348,348,62584,5,10,1350,0,0,0,0,0,0,293,293,50880,5,10,1350,0,0,0,0,0,0
201502,400,34980, ,Nashville-Davidson--Murfreesboro--Franklin  TN ,727,727,162609,0,0,0,1,3,220,8,254,21325,674,674,153051,0,0,0,1,3,220,8,254,21325
201502,406,25220, ,Hammond  LA ,40,40,5798,0,0,0,0,0,0,0,0,0,38,38,5491,0,0,0,0,0,0,0,0,0
201502,406,35380, ,New Orleans-Metairie  LA ,223,223,50520,7,14,1330,0,0,0,0,0,0,132,132,32223,0,0,0,0,0,0,0,0,0
201502,408,10900, ,Allentown-Bethlehem-Easton  PA-NJ ,10,10,1947,0,0,0,0,0,0,1,5,216,4,4,1124,0,0,0,0,0,0,0,0,0
201502,408,14860,C,Bridgeport-Stamford-Norwalk  CT ,43,43,21377,0,0,0,0,0,0,2,13,948,33,33,12913,0,0,0,0,0,0,2,13,948
201502,408,20700, ,East Stroudsburg  PA ,4,4,937,0,0,0,0,0,0,0,0,0,2,2,514,0,0,0,0,0,0,0,0,0
201502,408,28740, ,Kingston  NY ,1,1,277,0,0,0,0,0,0,0,0,0,0,0,0,0,0,0,0,0,0,0,0,0
201502,408,35300, ,New Haven-Milford  CT ,7,7,1096,0,0,0,0,0,0,1,12,738,3,3,586,0,0,0,0,0,0,0,0,0
201502,408,35620, ,New York-Newark-Jersey City  NY-NJ-PA ,513,513,131970,33,66,9046,13,41,4520,79,1367,131161,373,373,101831,28,56,7949,10,32,3776,39,1000,106226
201502,408,45940,C,Trenton  NJ ,7,7,2582,0,0,0,0,0,0,2,19,1665,5,5,2174,0,0,0,0,0,0,1,11,1102
201502,412,35840,C,North Port-Sarasota-Bradenton  FL ,369,369,93889,2,4,1287,3,12,1944,4,111,8546,198,198,58382,2,4,1287,2,8,1465,1,6,2067
201502,412,39460, ,Punta Gorda  FL ,38,38,7526,0,0,0,0,0,0,0,0,0,0,0,0,0,0,0,0,0,0,0,0,0
201502,416,36420,C,Oklahoma City  OK ,504,504,95918,0,0,0,0,0,0,5,117,6847,462,462,87789,0,0,0,0,0,0,5,117,6847
201502,420,36540, ,Omaha-Council Bluffs  NE-IA ,188,188,37604,0,0,0,0,0,0,2,91,7308,181,181,36041,0,0,0,0,0,0,2,91,7308
201502,422,19660, ,Deltona-Daytona Beach-Ormond Beach  FL ,88,88,25638,0,0,0,0,0,0,0,0,0,55,55,15791,0,0,0,0,0,0,0,0,0
201502,422,36740, ,Orlando-Kissimmee-Sanford  FL ,821,821,222919,3,6,1130,1,4,645,22,933,80923,790,790,214359,3,6,1130,1,4,645,22,933,80923
201502,422,45540, ,The Villages  FL ,165,165,45369,0,0,0,0,0,0,0,0,0,165,165,45369,0,0,0,0,0,0,0,0,0
201502,425,37620, ,Parkersburg-Vienna  WV ,5,5,869,0,0,0,0,0,0,0,0,0,0,0,0,0,0,0,0,0,0,0,0,0
201502,426,37900, ,Peoria  IL ,1,1,136,0,0,0,0,0,0,0,0,0,0,0,0,0,0,0,0,0,0,0,0,0
201502,428,12100,C,Atlantic City-Hammonton  NJ ,23,23,5905,0,0,0,0,0,0,1,5,1098,16,16,4975,0,0,0,0,0,0,0,0,0
201502,428,20100,C,Dover  DE ,91,91,11967,0,0,0,0,0,0,0,0,0,91,91,11967,0,0,0,0,0,0,0,0,0
201502,428,36140,C,Ocean City  NJ ,39,39,16974,7,14,2330,0,0,0,0,0,0,39,39,16974,7,14,2330,0,0,0,0,0,0
201502,428,37980,C,Philadelphia-Camden-Wilmington  PA-NJ-DE-MD ,422,422,71092,2,4,204,5,16,1218,15,146,14151,292,292,55604,2,4,204,5,16,1218,5,61,6844
201502,428,39740, ,Reading  PA ,2,2,369,0,0,0,0,0,0,0,0,0,0,0,0,0,0,0,0,0,0,0,0,0
201502,428,47220,C,Vineland-Bridgeton  NJ ,9,9,978,0,0,0,0,0,0,0,0,0,0,0,0,0,0,0,0,0,0,0,0,0
201502,430,38300, ,Pittsburgh  PA ,76,76,21527,0,0,0,0,0,0,3,134,18162,66,66,19188,0,0,0,0,0,0,3,134,18162
201502,430,48260, ,Weirton-Steubenville  WV-OH ,0,0,0,0,0,0,0,0,0,0,0,0,0,0,0,0,0,0,0,0,0,0,0,0
201502,438,30340, ,Lewiston-Auburn  ME ,0,0,0,0,0,0,0,0,0,0,0,0,0,0,0,0,0,0,0,0,0,0,0,0
201502,438,38860, ,Portland-South Portland  ME ,40,40,9959,0,0,0,0,0,0,1,5,1667,23,23,6204,0,0,0,0,0,0,0,0,0
201502,440,10540, ,Albany  OR ,19,19,4313,0,0,0,0,0,0,2,19,1828,0,0,0,0,0,0,0,0,0,0,0,0
201502,440,18700, ,Corvallis  OR ,1,1,250,0,0,0,0,0,0,0,0,0,1,1,250,0,0,0,0,0,0,0,0,0
201502,440,31020, ,Longview  WA ,7,7,1403,0,0,0,0,0,0,0,0,0,7,7,1403,0,0,0,0,0,0,0,0,0
201502,440,38900, ,Portland-Vancouver-Hillsboro  OR-WA ,474,474,130666,8,16,2232,1,3,212,21,802,93479,440,440,122623,8,16,2232,1,3,212,20,790,92426
201502,440,41420, ,Salem  OR ,34,34,10151,0,0,0,0,0,0,0,0,0,34,34,10151,0,0,0,0,0,0,0,0,0
201502,444,39380,C,Pueblo  CO ,12,12,2194,0,0,0,0,0,0,0,0,0,0,0,0,0,0,0,0,0,0,0,0,0
201502,450,20500,C,Durham-Chapel Hill  NC ,157,157,32957,0,0,0,0,0,0,5,289,17920,57,57,14377,0,0,0,0,0,0,0,0,0
201502,450,39580,C,Raleigh  NC ,534,534,117521,7,14,1318,0,0,0,9,427,37742,456,456,101226,7,14,1318,0,0,0,8,422,37451
201502,452,39660, ,Rapid City  SD ,43,43,8704,0,0,0,0,0,0,0,0,0,39,39,8147,0,0,0,0,0,0,0,0,0
201502,454,39820, ,Redding  CA ,13,13,3466,0,0,0,0,0,0,0,0,0,13,13,3466,0,0,0,0,0,0,0,0,0
201502,456,16180,C,Carson City  NV ,1,1,323,0,0,0,0,0,0,0,0,0,1,1,323,0,0,0,0,0,0,0,0,0
201502,456,39900,C,Reno  NV ,111,111,26808,0,0,0,0,0,0,1,43,6179,57,57,13394,0,0,0,0,0,0,0,0,0
201502,462,40340, ,Rochester  MN ,24,24,6129,0,0,0,0,0,0,0,0,0,24,24,6129,0,0,0,0,0,0,0,0,0
201502,464,40380, ,Rochester  NY ,36,36,8248,0,0,0,0,0,0,0,0,0,30,30,6809,0,0,0,0,0,0,0,0,0
201502,466,40420, ,Rockford  IL ,2,2,98,0,0,0,0,0,0,0,0,0,2,2,98,0,0,0,0,0,0,0,0,0
201502,470,40660, ,Rome  GA ,2,2,355,0,0,0,0,0,0,0,0,0,2,2,355,0,0,0,0,0,0,0,0,0
201502,472,40900,C,Sacramento--Roseville--Arden-Arcade  CA ,224,224,67070,1,2,336,0,0,0,0,0,0,217,217,65394,0,0,0,0,0,0,0,0,0
201502,474,13020, ,Bay City  MI ,0,0,0,0,0,0,0,0,0,0,0,0,0,0,0,0,0,0,0,0,0,0,0,0
201502,474,33220, ,Midland  MI ,1,1,130,1,2,144,0,0,0,0,0,0,1,1,130,1,2,144,0,0,0,0,0,0
201502,474,40980, ,Saginaw  MI ,0,0,0,0,0,0,0,0,0,0,0,0,0,0,0,0,0,0,0,0,0,0,0,0
201502,476,41180, ,St. Louis  MO-IL ,296,296,74387,1,2,150,7,27,2988,11,138,9522,248,248,60822,1,2,150,7,27,2988,9,123,8037
201502,482,36260, ,Ogden-Clearfield  UT ,174,174,43187,0,0,0,2,6,1017,1,6,820,142,142,34484,0,0,0,1,3,471,1,6,820
201502,482,39340, ,Provo-Orem  UT ,184,184,48589,0,0,0,1,4,427,3,56,5673,167,167,44302,0,0,0,1,4,427,3,56,5673
201502,482,41620, ,Salt Lake City  UT ,201,201,50044,0,0,0,10,35,5712,5,65,5962,150,150,40234,0,0,0,9,32,5302,1,12,1047
201502,488,41860,C,San Francisco-Oakland-Hayward  CA ,265,265,98245,0,0,0,3,9,1282,10,381,81449,246,246,89289,0,0,0,3,9,1282,6,314,71971
201502,488,41940,C,San Jose-Sunnyvale-Santa Clara  CA ,129,129,48747,0,0,0,5,17,4281,14,236,53105,100,100,39066,0,0,0,3,11,2489,7,122,28597
201502,488,42100, ,Santa Cruz-Watsonville  CA ,6,6,1292,0,0,0,0,0,0,1,5,509,0,0,0,0,0,0,0,0,0,0,0,0
201502,488,42220, ,Santa Rosa  CA ,18,18,3281,0,0,0,0,0,0,1,26,2621,18,18,3281,0,0,0,0,0,0,0,0,0
201502,488,44700, ,Stockton-Lodi  CA ,112,112,27037,0,0,0,0,0,0,0,0,0,70,70,14991,0,0,0,0,0,0,0,0,0
201502,488,46700, ,Vallejo-Fairfield  CA ,30,30,9111,0,0,0,0,0,0,0,0,0,30,30,9111,0,0,0,0,0,0,0,0,0
201502,496,25980, ,Hinesville  GA ,15,15,3398,0,0,0,0,0,0,0,0,0,15,15,3398,0,0,0,0,0,0,0,0,0
201502,496,42340, ,Savannah  GA ,138,138,26021,0,0,0,0,0,0,0,0,0,113,113,22770,0,0,0,0,0,0,0,0,0
201502,500,14740,C,Bremerton-Silverdale  WA ,45,45,13252,0,0,0,0,0,0,0,0,0,45,45,13252,0,0,0,0,0,0,0,0,0
201502,500,34580, ,Mount Vernon-Anacortes  WA ,17,17,2833,0,0,0,0,0,0,0,0,0,5,5,610,0,0,0,0,0,0,0,0,0
201502,500,36500, ,Olympia-Tumwater  WA ,60,60,15621,0,0,0,0,0,0,0,0,0,60,60,15621,0,0,0,0,0,0,0,0,0
201502,500,42660,C,Seattle-Tacoma-Bellevue  WA ,602,602,182745,22,44,8593,13,47,10991,31,2000,276457,547,547,163687,22,44,8593,13,47,10991,26,1931,270632
201502,512,43580, ,Sioux City  IA-NE-SD ,5,5,1423,0,0,0,0,0,0,0,0,0,0,0,0,0,0,0,0,0,0,0,0,0
201502,515,21140, ,Elkhart-Goshen  IN ,17,17,3919,0,0,0,0,0,0,0,0,0,17,17,3919,0,0,0,0,0,0,0,0,0
201502,515,35660, ,Niles-Benton Harbor  MI ,0,0,0,0,0,0,0,0,0,0,0,0,0,0,0,0,0,0,0,0,0,0,0,0
201502,515,43780, ,South Bend-Mishawaka  IN-MI ,6,6,1412,0,0,0,0,0,0,0,0,0,6,6,1412,0,0,0,0,0,0,0,0,0
201502,518,17660, ,Coeur dAlene  ID ,62,62,14298,1,2,213,0,0,0,0,0,0,47,47,11408,0,0,0,0,0,0,0,0,0
201502,518,44060, ,Spokane-Spokane Valley  WA ,96,96,23819,6,12,1938,0,0,0,2,10,818,74,74,19015,5,10,1662,0,0,0,0,0,0
201502,520,44180, ,Springfield  MO ,34,34,8672,1,2,115,0,0,0,1,50,2079,19,19,6262,0,0,0,0,0,0,0,0,0
201502,521,44140, ,Springfield  MA ,1,1,150,0,0,0,0,0,0,0,0,0,1,1,150,0,0,0,0,0,0,0,0,0
201502,522,44100, ,Springfield  IL ,5,5,1420,1,2,300,0,0,0,0,0,0,0,0,0,0,0,0,0,0,0,0,0,0
201502,524,44300, ,State College  PA ,7,7,1773,0,0,0,0,0,0,0,0,0,6,6,1617,0,0,0,0,0,0,0,0,0
201502,532,45060, ,Syracuse  NY ,8,8,1398,0,0,0,0,0,0,1,13,1034,4,4,632,0,0,0,0,0,0,0,0,0
201502,533,45220, ,Tallahassee  FL ,53,53,10618,1,2,150,0,0,0,2,69,5427,29,29,6446,0,0,0,0,0,0,0,0,0
201502,534,45780, ,Toledo  OH ,31,31,6521,0,0,0,0,0,0,0,0,0,31,31,6521,0,0,0,0,0,0,0,0,0
201502,536,46060,C,Tucson  AZ ,202,202,51186,2,4,197,0,0,0,4,85,9992,28,28,8891,0,0,0,0,0,0,0,0,0
201502,538,46140,C,Tulsa  OK ,241,241,46164,3,6,307,2,8,600,6,36,2680,238,238,45936,3,6,307,2,8,600,6,36,2680
201502,540,46340, ,Tyler  TX ,30,30,9456,1,2,391,2,6,1086,0,0,0,30,30,9456,1,2,391,2,6,1086,0,0,0
201502,545,47260, ,Virginia Beach-Norfolk-Newport News  VA-NC ,280,280,62510,0,0,0,1,4,800,2,24,1253,250,250,57806,0,0,0,1,4,800,0,0,0
201502,546,47300, ,Visalia-Porterville  CA ,79,79,18430,2,4,439,0,0,0,0,0,0,79,79,18430,2,4,439,0,0,0,0,0,0
201502,548,12580,C,Baltimore-Columbia-Towson  MD ,264,264,56819,1,2,355,1,4,524,8,190,17152,241,241,53373,0,0,0,0,0,0,7,84,7525
201502,548,15680,C,California-Lexington Park  MD ,54,54,11655,0,0,0,0,0,0,0,0,0,54,54,11655,0,0,0,0,0,0,0,0,0
201502,548,16540,C,Chambersburg-Waynesboro  PA ,13,13,2332,0,0,0,0,0,0,0,0,0,9,9,1789,0,0,0,0,0,0,0,0,0
201502,548,25180, ,Hagerstown-Martinsburg  MD-WV ,51,51,8735,0,0,0,0,0,0,0,0,0,9,9,1844,0,0,0,0,0,0,0,0,0
201502,548,47900, ,Washington-Arlington-Alexandria  DC-VA-MD-WV ,707,707,152843,3,6,480,1,4,800,8,459,35320,644,644,137210,3,6,480,1,4,800,7,380,26859
201502,548,49020, ,Winchester  VA-WV ,32,32,7284,0,0,0,0,0,0,1,80,15000,32,32,7284,0,0,0,0,0,0,1,80,15000
201502,554,48140, ,Wausau  WI ,6,6,1314,0,0,0,0,0,0,0,0,0,1,1,180,0,0,0,0,0,0,0,0,0
201502,556,48620, ,Wichita  KS ,47,47,8788,2,4,437,1,4,480,1,10,493,15,15,2698,1,2,240,1,4,480,0,0,0
201502,558,48700, ,Williamsport  PA ,0,0,0,0,0,0,0,0,0,0,0,0,0,0,0,0,0,0,0,0,0,0,0,0
201502,566,49660, ,Youngstown-Warren-Boardman  OH-PA ,2,2,414,0,0,0,0,0,0,0,0,0,2,2,414,0,0,0,0,0,0,0,0,0
201502,999,10180, ,Abilene  TX ,26,26,4461,0,0,0,0,0,0,0,0,0,25,25,4268,0,0,0,0,0,0,0,0,0
201502,999,10500, ,Albany  GA ,13,13,1511,1,2,150,0,0,0,0,0,0,9,9,1069,0,0,0,0,0,0,0,0,0
201502,999,10780, ,Alexandria  LA ,22,22,3966,0,0,0,0,0,0,0,0,0,5,5,1191,0,0,0,0,0,0,0,0,0
201502,999,11020, ,Altoona  PA ,0,0,0,0,0,0,0,0,0,0,0,0,0,0,0,0,0,0,0,0,0,0,0,0
201502,999,11260,C,Anchorage  AK ,41,41,12058,1,2,261,1,3,546,0,0,0,3,3,563,1,2,261,0,0,0,0,0,0
201502,999,11500, ,Anniston-Oxford-Jacksonville  AL ,3,3,373,0,0,0,0,0,0,0,0,0,3,3,373,0,0,0,0,0,0,0,0,0
201502,999,12260, ,Augusta-Richmond County  GA-SC ,205,205,38135,1,2,180,0,0,0,1,5,226,34,34,7478,0,0,0,0,0,0,0,0,0
201502,999,12420, ,Austin-Round Rock  TX ,942,942,224607,16,32,3517,0,0,0,37,987,62203,844,844,204792,16,32,3517,0,0,0,20,785,48481
201502,999,12540, ,Bakersfield  CA ,108,108,22143,0,0,0,1,3,295,2,35,3215,17,17,2414,0,0,0,0,0,0,0,0,0
201502,999,12620, ,Bangor  ME ,1,1,241,0,0,0,0,0,0,0,0,0,1,1,241,0,0,0,0,0,0,0,0,0
201502,999,12940,C,Baton Rouge  LA ,284,284,56239,0,0,0,0,0,0,0,0,0,217,217,42681,0,0,0,0,0,0,0,0,0
201502,999,13140, ,Beaumont-Port Arthur  TX ,64,64,8336,0,0,0,0,0,0,0,0,0,64,64,8336,0,0,0,0,0,0,0,0,0
201502,999,13220,C,Beckley  WV ,6,6,1847,0,0,0,0,0,0,0,0,0,4,4,1539,0,0,0,0,0,0,0,0,0
201502,999,13380, ,Bellingham  WA ,39,39,10134,1,2,330,2,8,1208,2,13,1481,12,12,3542,1,2,330,1,4,706,2,13,1481
201502,999,13740, ,Billings  MT ,37,37,8675,0,0,0,0,0,0,0,0,0,37,37,8675,0,0,0,0,0,0,0,0,0
201502,999,13780, ,Binghamton  NY ,0,0,0,0,0,0,0,0,0,0,0,0,0,0,0,0,0,0,0,0,0,0,0,0
201502,999,13900, ,Bismarck  ND ,13,13,3289,0,0,0,0,0,0,0,0,0,9,9,2377,0,0,0,0,0,0,0,0,0
201502,999,13980, ,Blacksburg-Christiansburg-Radford  VA ,1,1,300,0,0,0,0,0,0,0,0,0,1,1,300,0,0,0,0,0,0,0,0,0
201502,999,15260, ,Brunswick  GA ,35,35,9214,0,0,0,0,0,0,0,0,0,0,0,0,0,0,0,0,0,0,0,0,0
201502,999,15540, ,Burlington-South Burlington  VT ,13,13,4237,1,2,240,1,3,444,2,91,8992,11,11,3870,1,2,240,1,3,444,2,91,8992
201502,999,16220, ,Casper  WY ,14,14,3054,0,0,0,0,0,0,0,0,0,14,14,3054,0,0,0,0,0,0,0,0,0
201502,999,16580, ,Champaign-Urbana  IL ,2,2,797,0,0,0,0,0,0,0,0,0,2,2,797,0,0,0,0,0,0,0,0,0
201502,999,16700,C,Charleston-North Charleston  SC ,312,312,74914,0,0,0,0,0,0,2,89,26754,233,233,56779,0,0,0,0,0,0,1,54,25000
201502,999,16820, ,Charlottesville  VA ,39,39,7918,1,2,194,0,0,0,1,28,4110,34,34,6968,0,0,0,0,0,0,0,0,0
201502,999,16940, ,Cheyenne  WY ,19,19,3643,0,0,0,0,0,0,0,0,0,19,19,3643,0,0,0,0,0,0,0,0,0
201502,999,17020, ,Chico  CA ,13,13,2166,0,0,0,0,0,0,0,0,0,13,13,2166,0,0,0,0,0,0,0,0,0
201502,999,17300,C,Clarksville  TN-KY ,57,57,8312,1,2,110,0,0,0,1,5,442,56,56,8240,1,2,110,0,0,0,1,5,442
201502,999,17780, ,College Station-Bryan  TX ,145,145,23548,7,14,1743,0,0,0,0,0,0,142,142,23172,7,14,1743,0,0,0,0,0,0
201502,999,17820,C,Colorado Springs  CO ,204,204,74783,0,0,0,0,0,0,0,0,0,204,204,74783,0,0,0,0,0,0,0,0,0
201502,999,18880,C,Crestview-Fort Walton Beach-Destin  FL ,146,146,50551,3,6,691,0,0,0,0,0,0,146,146,50551,3,6,691,0,0,0,0,0,0
201502,999,19060, ,Cumberland  MD-WV ,2,2,279,0,0,0,0,0,0,0,0,0,2,2,279,0,0,0,0,0,0,0,0,0
201502,999,19180, ,Danville  IL ,0,0,0,0,0,0,0,0,0,0,0,0,0,0,0,0,0,0,0,0,0,0,0,0
201502,999,19500, ,Decatur  IL ,0,0,0,0,0,0,0,0,0,0,0,0,0,0,0,0,0,0,0,0,0,0,0,0
201502,999,20220, ,Dubuque  IA ,1,1,194,0,0,0,0,0,0,0,0,0,1,1,194,0,0,0,0,0,0,0,0,0
201502,999,20260, ,Duluth  MN-WI ,5,5,876,0,0,0,0,0,0,1,5,720,4,4,676,0,0,0,0,0,0,0,0,0
201502,999,20940, ,El Centro  CA ,1,1,150,0,0,0,0,0,0,0,0,0,1,1,150,0,0,0,0,0,0,0,0,0
201502,999,21660, ,Eugene  OR ,34,34,8230,0,0,0,0,0,0,0,0,0,23,23,5419,0,0,0,0,0,0,0,0,0
201502,999,21780, ,Evansville  IN-KY ,37,37,7355,0,0,0,0,0,0,0,0,0,37,37,7355,0,0,0,0,0,0,0,0,0
201502,999,21820,C,Fairbanks  AK ,0,0,0,0,0,0,0,0,0,0,0,0,0,0,0,0,0,0,0,0,0,0,0,0
201502,999,22140,C,Farmington  NM ,6,6,1524,0,0,0,0,0,0,0,0,0,6,6,1524,0,0,0,0,0,0,0,0,0
201502,999,22220, ,Fayetteville-Springdale-Rogers  AR-MO ,235,235,53723,4,8,961,0,0,0,0,0,0,226,226,51276,4,8,961,0,0,0,0,0,0
201502,999,22380, ,Flagstaff  AZ ,17,17,3906,0,0,0,0,0,0,0,0,0,17,17,3906,0,0,0,0,0,0,0,0,0
201502,999,22500, ,Florence  SC ,21,21,3520,0,0,0,0,0,0,0,0,0,0,0,0,0,0,0,0,0,0,0,0,0
201502,999,22520, ,Florence-Muscle Shoals  AL ,13,13,1378,0,0,0,0,0,0,2,16,640,5,5,433,0,0,0,0,0,0,2,16,640
201502,999,22540, ,Fond du Lac  WI ,2,2,377,0,0,0,0,0,0,0,0,0,1,1,174,0,0,0,0,0,0,0,0,0
201502,999,22660,C,Fort Collins  CO ,119,119,32821,2,4,814,0,0,0,2,14,1703,119,119,32821,2,4,814,0,0,0,2,14,1703
201502,999,22900, ,Fort Smith  AR-OK ,24,24,3998,2,4,313,1,3,255,0,0,0,17,17,3327,1,2,143,0,0,0,0,0,0
201502,999,23460, ,Gadsden  AL ,3,3,390,0,0,0,0,0,0,0,0,0,0,0,0,0,0,0,0,0,0,0,0,0
201502,999,24220, ,Grand Forks  ND-MN ,1,1,410,0,0,0,0,0,0,0,0,0,1,1,410,0,0,0,0,0,0,0,0,0
201502,999,24260, ,Grand Island  NE ,6,6,1362,0,0,0,0,0,0,1,30,1700,6,6,1362,0,0,0,0,0,0,1,30,1700
201502,999,24300,C,Grand Junction  CO ,26,26,6598,0,0,0,0,0,0,0,0,0,26,26,6598,0,0,0,0,0,0,0,0,0
201502,999,24500, ,Great Falls  MT ,10,10,2743,0,0,0,0,0,0,0,0,0,10,10,2743,0,0,0,0,0,0,0,0,0
201502,999,25060, ,Gulfport-Biloxi-Pascagoula  MS ,93,93,14786,2,4,430,1,3,301,1,13,1101,59,59,9571,0,0,0,0,0,0,0,0,0
201502,999,25620, ,Hattiesburg  MS ,3,3,1136,0,0,0,3,11,289,0,0,0,0,0,0,0,0,0,0,0,0,0,0,0
201502,999,25940, ,Hilton Head Island-Bluffton-Beaufort  SC ,50,50,15855,0,0,0,0,0,0,0,0,0,31,31,10951,0,0,0,0,0,0,0,0,0
201502,999,26140, ,Homosassa Springs  FL ,16,16,3123,0,0,0,0,0,0,0,0,0,0,0,0,0,0,0,0,0,0,0,0,0
201502,999,26380, ,Houma-Thibodaux  LA ,61,61,13831,0,0,0,0,0,0,0,0,0,60,60,13760,0,0,0,0,0,0,0,0,0
201502,999,27100, ,Jackson  MI ,0,0,0,0,0,0,0,0,0,0,0,0,0,0,0,0,0,0,0,0,0,0,0,0
201502,999,27180, ,Jackson  TN ,5,5,360,0,0,0,0,0,0,0,0,0,5,5,360,0,0,0,0,0,0,0,0,0
201502,999,27340,C,Jacksonville  NC ,50,50,6261,0,0,0,1,4,315,0,0,0,50,50,6261,0,0,0,1,4,315,0,0,0
201502,999,27980,C,Kahului-Wailuku-Lahaina  HI ,50,50,13108,1,2,440,0,0,0,0,0,0,50,50,13108,1,2,440,0,0,0,0,0,0
201502,999,28420,C,Kennewick-Richland  WA ,89,89,24531,6,12,1303,0,0,0,1,7,819,27,27,8370,0,0,0,0,0,0,0,0,0
201502,999,28660,C,Killeen-Temple  TX ,145,145,21565,11,22,1715,0,0,0,1,7,494,79,79,12411,10,20,1548,0,0,0,0,0,0
201502,999,29100, ,La Crosse-Onalaska  WI-MN ,9,9,2211,0,0,0,0,0,0,0,0,0,4,4,927,0,0,0,0,0,0,0,0,0
201502,999,29340, ,Lake Charles  LA ,45,45,8006,6,12,702,4,12,380,0,0,0,15,15,2445,6,12,702,4,12,380,0,0,0
201502,999,29460, ,Lakeland-Winter Haven  FL ,154,154,31878,0,0,0,0,0,0,0,0,0,154,154,31878,0,0,0,0,0,0,0,0,0
201502,999,29540, ,Lancaster  PA ,3,3,503,0,0,0,0,0,0,0,0,0,3,3,503,0,0,0,0,0,0,0,0,0
201502,999,29700, ,Laredo  TX ,74,74,10814,0,0,0,1,3,143,1,72,4500,0,0,0,0,0,0,0,0,0,0,0,0
201502,999,30020, ,Lawton  OK ,7,7,1393,0,0,0,0,0,0,0,0,0,3,3,575,0,0,0,0,0,0,0,0,0
201502,999,30300, ,Lewiston  ID-WA ,0,0,0,0,0,0,0,0,0,0,0,0,0,0,0,0,0,0,0,0,0,0,0,0
201502,999,30860, ,Logan  UT-ID ,9,9,1820,0,0,0,0,0,0,2,10,1420,9,9,1820,0,0,0,0,0,0,2,10,1420
201502,999,31340, ,Lynchburg  VA ,23,23,4635,0,0,0,0,0,0,0,0,0,23,23,4635,0,0,0,0,0,0,0,0,0
201502,999,33540,C,Missoula  MT ,13,13,2484,0,0,0,0,0,0,4,97,3637,13,13,2484,0,0,0,0,0,0,4,97,3637
201502,999,33860, ,Montgomery  AL ,55,55,12239,0,0,0,0,0,0,2,226,17245,44,44,10993,0,0,0,0,0,0,1,216,17000
201502,999,36100, ,Ocala  FL ,82,82,15849,0,0,0,0,0,0,0,0,0,82,82,15849,0,0,0,0,0,0,0,0,0
201502,999,36980, ,Owensboro  KY ,13,13,1246,0,0,0,0,0,0,0,0,0,13,13,1246,0,0,0,0,0,0,0,0,0
201502,999,37340, ,Palm Bay-Melbourne-Titusville  FL ,83,83,29852,0,0,0,0,0,0,0,0,0,70,70,26826,0,0,0,0,0,0,0,0,0
201502,999,37460, ,Panama City  FL ,30,30,5247,0,0,0,0,0,0,0,0,0,30,30,5247,0,0,0,0,0,0,0,0,0
201502,999,37860,C,Pensacola-Ferry Pass-Brent  FL ,166,166,35889,0,0,0,0,0,0,13,304,24716,166,166,35889,0,0,0,0,0,0,13,304,24716
201502,999,38060,C,Phoenix-Mesa-Scottsdale  AZ ,1029,1029,265165,3,6,1386,2,7,1277,37,546,60392,994,994,258429,3,6,1386,2,7,1277,37,546,60392
201502,999,38340, ,Pittsfield  MA ,0,0,0,0,0,0,0,0,0,0,0,0,0,0,0,0,0,0,0,0,0,0,0,0
201502,999,38540, ,Pocatello  ID ,5,5,773,0,0,0,4,16,560,0,0,0,5,5,773,0,0,0,4,16,560,0,0,0
201502,999,39140, ,Prescott  AZ ,69,69,17518,0,0,0,0,0,0,1,8,754,50,50,12090,0,0,0,0,0,0,1,8,754
201502,999,40060, ,Richmond  VA ,232,232,45954,0,0,0,0,0,0,2,12,2295,225,225,44807,0,0,0,0,0,0,2,12,2295
201502,999,41100, ,St. George  UT ,71,71,13292,0,0,0,0,0,0,0,0,0,71,71,13292,0,0,0,0,0,0,0,0,0
201502,999,41500, ,Salinas  CA ,4,4,986,0,0,0,0,0,0,0,0,0,4,4,986,0,0,0,0,0,0,0,0,0
201502,999,41540, ,Salisbury  MD-DE ,133,133,20411,6,12,1275,2,7,1044,0,0,0,130,130,19779,6,12,1275,1,4,444,0,0,0
201502,999,41660,C,San Angelo  TX ,9,9,1940,0,0,0,0,0,0,0,0,0,9,9,1940,0,0,0,0,0,0,0,0,0
201502,999,41700,C,San Antonio-New Braunfels  TX ,451,451,98745,5,10,1048,0,0,0,20,101,9002,401,401,90572,5,10,1048,0,0,0,19,95,7724
201502,999,41740,C,San Diego-Carlsbad  CA ,288,288,113157,0,0,0,1,4,702,17,329,47793,282,282,111469,0,0,0,1,4,702,16,318,46698
201502,999,42020, ,San Luis Obispo-Paso Robles-Arroyo Grande  CA ,23,23,9168,0,0,0,0,0,0,0,0,0,0,0,0,0,0,0,0,0,0,0,0,0
201502,999,42200, ,Santa Maria-Santa Barbara  CA ,21,21,10156,0,0,0,0,0,0,0,0,0,21,21,10156,0,0,0,0,0,0,0,0,0
201502,999,42540, ,Scranton--Wilkes-Barre--Hazleton  PA ,2,2,410,0,0,0,0,0,0,0,0,0,2,2,410,0,0,0,0,0,0,0,0,0
201502,999,43100, ,Sheboygan  WI ,0,0,0,0,0,0,0,0,0,0,0,0,0,0,0,0,0,0,0,0,0,0,0,0
201502,999,43340, ,Shreveport-Bossier City  LA ,86,86,15136,0,0,0,0,0,0,2,44,2679,39,39,9305,0,0,0,0,0,0,0,0,0
201502,999,43420, ,Sierra Vista-Douglas  AZ ,9,9,1496,0,0,0,0,0,0,1,5,292,9,9,1496,0,0,0,0,0,0,0,0,0
201502,999,43620, ,Sioux Falls  SD ,60,60,9330,0,0,0,0,0,0,2,82,7076,8,8,1828,0,0,0,0,0,0,1,18,1900
201502,999,44940,C,Sumter  SC ,23,23,2545,0,0,0,0,0,0,0,0,0,23,23,2545,0,0,0,0,0,0,0,0,0
201502,999,45300,C,Tampa-St. Petersburg-Clearwater  FL ,626,626,182262,5,10,1328,2,8,1775,28,955,95385,620,620,180860,5,10,1328,2,8,1775,27,938,94599
201502,999,45460, ,Terre Haute  IN ,5,5,965,0,0,0,0,0,0,1,5,266,3,3,706,0,0,0,0,0,0,0,0,0
201502,999,45500, ,Texarkana  TX-AR ,2,2,330,0,0,0,0,0,0,0,0,0,2,2,330,0,0,0,0,0,0,0,0,0
201502,999,45820, ,Topeka  KS ,11,11,1357,0,0,0,0,0,0,0,0,0,11,11,1357,0,0,0,0,0,0,0,0,0
201502,999,46220, ,Tuscaloosa  AL ,39,39,8539,1,2,273,2,7,1681,4,133,15109,39,39,8539,1,2,273,2,7,1681,4,133,15109
201502,999,46520,C,Urban Honolulu  HI ,93,93,33973,0,0,0,0,0,0,3,291,68460,93,93,33973,0,0,0,0,0,0,3,291,68460
201502,999,46540, ,Utica-Rome  NY ,0,0,0,0,0,0,0,0,0,0,0,0,0,0,0,0,0,0,0,0,0,0,0,0
201502,999,46660, ,Valdosta  GA ,28,28,3536,1,2,133,0,0,0,1,5,263,0,0,0,0,0,0,0,0,0,0,0,0
201502,999,47380, ,Waco  TX ,32,32,5324,8,16,1312,0,0,0,1,12,800,32,32,5324,8,16,1312,0,0,0,1,12,800
201502,999,47460, ,Walla Walla  WA ,10,10,2694,0,0,0,0,0,0,0,0,0,10,10,2694,0,0,0,0,0,0,0,0,0
201502,999,47940, ,Waterloo-Cedar Falls  IA ,12,12,2594,0,0,0,0,0,0,1,12,901,12,12,2594,0,0,0,0,0,0,1,12,901
201502,999,48060, ,Watertown-Fort Drum  NY ,3,3,478,0,0,0,0,0,0,3,20,1734,0,0,0,0,0,0,0,0,0,0,0,0
201502,999,48300, ,Wenatchee  WA ,18,18,3904,1,2,224,0,0,0,1,31,2300,15,15,3238,0,0,0,0,0,0,0,0,0
201502,999,48540, ,Wheeling  WV-OH ,0,0,0,0,0,0,0,0,0,0,0,0,0,0,0,0,0,0,0,0,0,0,0,0
201502,999,48660, ,Wichita Falls  TX ,0,0,0,0,0,0,0,0,0,0,0,0,0,0,0,0,0,0,0,0,0,0,0,0
201502,999,48900, ,Wilmington  NC ,97,97,23022,5,10,800,0,0,0,0,0,0,97,97,23022,5,10,800,0,0,0,0,0,0
201502,999,49420, ,Yakima  WA ,12,12,2892,0,0,0,0,0,0,0,0,0,6,6,1563,0,0,0,0,0,0,0,0,0
201502,999,49740, ,Yuma  AZ ,47,47,7950,0,0,0,0,0,0,0,0,0,41,41,7512,0,0,0,0,0,0,0,0,0
