Survey,CSA,CBSA,MONCOV,CBSA,,1-unit,,,2-units,,,3-4 units,,,5+ units,,,1-unit rep,,,2-units rep,,,3-4 units rep,,,5+ units rep
Date,Code,Code,,Name,Bldgs,Units,Value,Bldgs,Units,Value,Bldgs,Units,Value,Bldgs,Units,Value,Bldgs,Units,Value,Bldgs,Units,Value,      Bldgs,Units,Value,Bldgs,Units,Value
 
201611,104,10580,C,Albany-Schenectady-Troy  NY ,96,96,20465,2,4,436,12,48,1800,5,32,3327,73,73,15563,2,4,436,12,48,1800,1,8,440
201611,104,24020, ,Glens Falls  NY ,10,10,1595,0,0,0,0,0,0,1,6,140,5,5,1185,0,0,0,0,0,0,1,6,140
201611,106,10740,C,Albuquerque  NM ,160,160,32104,0,0,0,1,4,335,3,28,2072,7,7,2959,0,0,0,0,0,0,0,0,0
201611,106,42140,C,Santa Fe  NM ,9,9,2179,0,0,0,0,0,0,0,0,0,0,0,0,0,0,0,0,0,0,0,0,0
201611,108,11100, ,Amarillo  TX ,66,66,17406,0,0,0,0,0,0,0,0,0,66,66,17406,0,0,0,0,0,0,0,0,0
201611,118,11540, ,Appleton  WI ,15,15,4415,1,2,250,0,0,0,0,0,0,15,15,4415,1,2,250,0,0,0,0,0,0
201611,118,36780, ,Oshkosh-Neenah  WI ,20,20,4744,1,2,300,0,0,0,4,30,2400,20,20,4744,1,2,300,0,0,0,4,30,2400
201611,120,11700, ,Asheville  NC ,112,112,30472,0,0,0,0,0,0,2,20,2227,36,36,9101,0,0,0,0,0,0,0,0,0
201611,122,12020, ,Athens-Clarke County  GA ,27,27,7268,0,0,0,1,4,680,0,0,0,27,27,7268,0,0,0,1,4,680,0,0,0
201611,122,12060, ,Atlanta-Sandy Springs-Roswell  GA ,1629,1629,353984,0,0,0,2,8,1738,8,804,152295,1560,1560,338370,0,0,0,2,8,1738,7,785,150248
201611,122,23580, ,Gainesville  GA ,75,75,12893,0,0,0,0,0,0,2,86,7669,75,75,12893,0,0,0,0,0,0,2,86,7669
201611,140,13460, ,Bend-Redmond  OR ,145,145,36195,1,2,254,0,0,0,2,56,6270,129,129,32465,1,2,254,0,0,0,2,56,6270
201611,142,13820,C,Birmingham-Hoover  AL ,176,176,43608,0,0,0,0,0,0,2,58,4771,85,85,22204,0,0,0,0,0,0,0,0,0
201611,144,14020,C,Bloomington  IN ,25,25,5650,0,0,0,0,0,0,1,11,1186,4,4,520,0,0,0,0,0,0,0,0,0
201611,145,14010, ,Bloomington  IL ,21,21,2133,0,0,0,0,0,0,2,14,1439,21,21,2133,0,0,0,0,0,0,2,14,1439
201611,146,14100,C,Bloomsburg-Berwick  PA ,13,13,2903,0,0,0,0,0,0,0,0,0,9,9,2149,0,0,0,0,0,0,0,0,0
201611,147,14260,C,Boise City  ID ,443,443,100304,1,2,413,16,64,6354,4,28,1758,440,440,99821,1,2,413,16,64,6354,4,28,1758
201611,148,12700, ,Barnstable Town  MA ,9,9,4099,0,0,0,0,0,0,0,0,0,6,6,3103,0,0,0,0,0,0,0,0,0
201611,148,14460,C,Boston-Cambridge-Newton  MA-NH ,433,433,133271,19,38,6977,20,67,9795,27,498,77505,299,299,92979,13,26,5092,18,60,8817,15,403,64535
201611,148,31700, ,Manchester-Nashua  NH ,30,30,6617,1,2,150,0,0,0,1,5,673,21,21,5116,1,2,150,0,0,0,0,0,0
201611,148,39300,C,Providence-Warwick  RI-MA ,136,136,29515,4,8,1112,1,3,525,2,66,9810,90,90,20047,3,6,712,0,0,0,2,66,9810
201611,148,49340, ,Worcester  MA-CT ,6,6,1167,0,0,0,0,0,0,0,0,0,4,4,840,0,0,0,0,0,0,0,0,0
201611,150,14540, ,Bowling Green  KY ,46,46,10481,0,0,0,2,8,380,9,68,6824,46,46,10481,0,0,0,2,8,380,9,68,6824
201611,154,15180, ,Brownsville-Harlingen  TX ,59,59,18589,0,0,0,1,4,160,0,0,0,58,58,18427,0,0,0,1,4,160,0,0,0
201611,160,15380,C,Buffalo-Cheektowaga-Niagara Falls  NY ,67,67,17360,2,4,460,1,4,300,6,84,6201,54,54,14854,1,2,280,1,4,300,6,84,6201
201611,162,15980,C,Cape Coral-Fort Myers  FL ,293,293,76688,2,4,197,1,4,1167,10,236,28462,293,293,76688,2,4,197,1,4,1167,10,236,28462
201611,162,34940, ,Naples-Immokalee-Marco Island  FL ,163,163,33860,0,0,0,1,4,997,3,18,6679,163,163,33860,0,0,0,1,4,997,3,18,6679
201611,164,16020, ,Cape Girardeau  MO-IL ,0,0,0,0,0,0,0,0,0,0,0,0,0,0,0,0,0,0,0,0,0,0,0,0
201611,168,16300, ,Cedar Rapids  IA ,34,34,4675,11,22,1768,2,6,631,0,0,0,34,34,4675,11,22,1768,2,6,631,0,0,0
201611,168,26980, ,Iowa City  IA ,66,66,15850,1,2,367,3,12,2210,3,572,80729,65,65,15712,1,2,367,3,12,2210,3,572,80729
201611,170,16620, ,Charleston  WV ,3,3,672,1,2,265,0,0,0,1,11,691,0,0,0,0,0,0,0,0,0,0,0,0
201611,170,26580, ,Huntington-Ashland  WV-KY-OH ,11,11,2097,1,2,83,0,0,0,0,0,0,5,5,1139,0,0,0,0,0,0,0,0,0
201611,172,16740, ,Charlotte-Concord-Gastonia  NC-SC ,902,902,221553,3,6,956,0,0,0,12,260,15029,821,821,199401,3,6,956,0,0,0,10,227,11907
201611,174,16860, ,Chattanooga  TN-GA ,98,98,16810,0,0,0,0,0,0,1,10,758,63,63,10000,0,0,0,0,0,0,0,0,0
201611,174,17420, ,Cleveland  TN ,15,15,2520,0,0,0,1,3,276,0,0,0,3,3,358,0,0,0,1,3,276,0,0,0
201611,176,16980, ,Chicago-Naperville-Elgin  IL-IN-WI ,624,624,182691,12,24,3971,30,106,24315,20,409,41609,516,516,153779,9,18,3269,28,98,23379,17,377,38549
201611,176,28100, ,Kankakee  IL ,1,1,304,0,0,0,0,0,0,0,0,0,1,1,304,0,0,0,0,0,0,0,0,0
201611,176,33140, ,Michigan City-La Porte  IN ,5,5,1808,0,0,0,0,0,0,0,0,0,5,5,1808,0,0,0,0,0,0,0,0,0
201611,178,17140, ,Cincinnati  OH-KY-IN ,338,338,80671,2,4,800,0,0,0,1,50,2362,290,290,68738,2,4,800,0,0,0,1,50,2362
201611,184,10420, ,Akron  OH ,55,55,15431,0,0,0,0,0,0,0,0,0,55,55,15431,0,0,0,0,0,0,0,0,0
201611,184,15940, ,Canton-Massillon  OH ,24,24,6733,0,0,0,1,3,154,0,0,0,19,19,5904,0,0,0,0,0,0,0,0,0
201611,184,17460, ,Cleveland-Elyria  OH ,207,207,57842,4,8,172,4,14,1003,4,22,1423,140,140,46175,1,2,140,3,10,780,2,12,980
201611,190,17860,C,Columbia  MO ,53,53,12888,3,6,575,0,0,0,0,0,0,53,53,12888,3,6,575,0,0,0,0,0,0
201611,192,17900,C,Columbia  SC ,282,282,54066,0,0,0,0,0,0,3,48,2904,57,57,9834,0,0,0,0,0,0,0,0,0
201611,194,12220, ,Auburn-Opelika  AL ,62,62,18005,0,0,0,0,0,0,0,0,0,25,25,6438,0,0,0,0,0,0,0,0,0
201611,194,17980, ,Columbus  GA-AL ,39,39,7887,0,0,0,0,0,0,2,22,2083,17,17,3394,0,0,0,0,0,0,0,0,0
201611,198,18140, ,Columbus  OH ,383,383,98790,1,2,232,0,0,0,17,246,29750,350,350,90814,1,2,232,0,0,0,17,246,29750
201611,204,18580, ,Corpus Christi  TX ,90,90,15220,0,0,0,0,0,0,0,0,0,4,4,344,0,0,0,0,0,0,0,0,0
201611,206,19100, ,Dallas-Fort Worth-Arlington  TX ,2123,2123,601575,4,8,854,2,8,1053,48,2769,247967,1660,1660,461210,4,8,854,2,8,1053,45,2744,244494
201611,209,19340, ,Davenport-Moline-Rock Island  IA-IL ,22,22,8280,0,0,0,0,0,0,0,0,0,19,19,7465,0,0,0,0,0,0,0,0,0
201611,212,19380, ,Dayton  OH ,66,66,21026,0,0,0,0,0,0,0,0,0,40,40,15326,0,0,0,0,0,0,0,0,0
201611,212,44220, ,Springfield  OH ,4,4,750,0,0,0,0,0,0,0,0,0,4,4,750,0,0,0,0,0,0,0,0,0
201611,216,14500, ,Boulder  CO ,59,59,21341,0,0,0,0,0,0,0,0,0,59,59,21341,0,0,0,0,0,0,0,0,0
201611,216,19740, ,Denver-Aurora-Lakewood  CO ,785,785,222622,2,4,617,0,0,0,35,1528,192263,761,761,215305,2,4,617,0,0,0,35,1528,192263
201611,216,24540, ,Greeley  CO ,136,136,36042,0,0,0,1,4,422,8,113,12253,75,75,18643,0,0,0,1,4,422,5,96,10188
201611,218,11180, ,Ames  IA ,10,10,4247,0,0,0,0,0,0,0,0,0,10,10,4247,0,0,0,0,0,0,0,0,0
201611,218,19780, ,Des Moines-West Des Moines  IA ,329,329,89259,0,0,0,0,0,0,6,138,20798,316,316,85836,0,0,0,0,0,0,4,128,19709
201611,220,11460, ,Ann Arbor  MI ,14,14,3358,0,0,0,0,0,0,0,0,0,3,3,630,0,0,0,0,0,0,0,0,0
201611,220,19820, ,Detroit-Warren-Dearborn  MI ,420,420,113646,17,34,3418,3,10,1184,8,134,14585,368,368,100193,17,34,3418,1,4,387,8,134,14585
201611,220,22420, ,Flint  MI ,9,9,1436,0,0,0,0,0,0,0,0,0,9,9,1436,0,0,0,0,0,0,0,0,0
201611,220,33780, ,Monroe  MI ,3,3,488,0,0,0,0,0,0,0,0,0,3,3,488,0,0,0,0,0,0,0,0,0
201611,222,20020, ,Dothan  AL ,22,22,5373,0,0,0,0,0,0,0,0,0,20,20,5110,0,0,0,0,0,0,0,0,0
201611,232,20740, ,Eau Claire  WI ,29,29,7413,2,4,500,1,4,80,1,5,267,26,26,6829,2,4,500,1,4,80,0,0,0
201611,236,21300, ,Elmira  NY ,0,0,0,0,0,0,0,0,0,0,0,0,0,0,0,0,0,0,0,0,0,0,0,0
201611,238,21340,C,El Paso  TX ,189,189,30800,5,10,628,1,4,400,8,125,12676,13,13,1532,2,4,141,0,0,0,0,0,0
201611,238,29740,C,Las Cruces  NM ,81,81,17359,0,0,0,0,0,0,1,11,791,81,81,17359,0,0,0,0,0,0,1,11,791
201611,240,21500, ,Erie  PA ,4,4,1080,0,0,0,0,0,0,0,0,0,4,4,1080,0,0,0,0,0,0,0,0,0
201611,244,22020, ,Fargo  ND-MN ,51,51,16727,0,0,0,0,0,0,4,32,5408,50,50,16647,0,0,0,0,0,0,4,32,5408
201611,246,22180,C,Fayetteville  NC ,78,78,13613,0,0,0,0,0,0,0,0,0,77,77,13301,0,0,0,0,0,0,0,0,0
201611,258,23060, ,Fort Wayne  IN ,73,73,17423,0,0,0,0,0,0,0,0,0,73,73,17423,0,0,0,0,0,0,0,0,0
201611,260,23420,C,Fresno  CA ,217,217,57038,0,0,0,2,6,835,2,20,1970,213,213,56388,0,0,0,2,6,835,2,20,1970
201611,260,31460, ,Madera  CA ,16,16,4011,0,0,0,0,0,0,0,0,0,16,16,4011,0,0,0,0,0,0,0,0,0
201611,264,23540, ,Gainesville  FL ,33,33,4608,0,0,0,0,0,0,4,239,24759,27,27,3931,0,0,0,0,0,0,2,220,23595
201611,266,24340, ,Grand Rapids-Wyoming  MI ,119,119,31417,3,6,626,5,15,1150,3,298,51900,97,97,27272,1,2,205,5,15,1150,3,298,51900
201611,266,34740, ,Muskegon  MI ,3,3,349,0,0,0,0,0,0,0,0,0,0,0,0,0,0,0,0,0,0,0,0,0
201611,267,24580, ,Green Bay  WI ,47,47,12661,1,2,210,0,0,0,0,0,0,31,31,9394,0,0,0,0,0,0,0,0,0
201611,268,15500, ,Burlington  NC ,42,42,6412,0,0,0,0,0,0,0,0,0,42,42,6412,0,0,0,0,0,0,0,0,0
201611,268,24660,C,Greensboro-High Point  NC ,144,144,32010,0,0,0,0,0,0,5,53,6695,94,94,15818,0,0,0,0,0,0,4,48,6183
201611,268,49180, ,Winston-Salem  NC ,74,74,11277,0,0,0,0,0,0,0,0,0,74,74,11277,0,0,0,0,0,0,0,0,0
201611,273,24860, ,Greenville-Anderson-Mauldin  SC ,317,317,73155,0,0,0,0,0,0,15,311,25971,309,309,71697,0,0,0,0,0,0,14,298,24700
201611,273,43900, ,Spartanburg  SC ,116,116,18798,0,0,0,0,0,0,0,0,0,116,116,18798,0,0,0,0,0,0,0,0,0
201611,274,24780, ,Greenville  NC ,16,16,2908,3,6,689,0,0,0,4,78,4758,16,16,2908,3,6,689,0,0,0,4,78,4758
201611,276,23900,C,Gettysburg  PA ,23,23,4975,0,0,0,0,0,0,0,0,0,23,23,4975,0,0,0,0,0,0,0,0,0
201611,276,25420,C,Harrisburg-Carlisle  PA ,92,92,19492,0,0,0,0,0,0,1,5,251,77,77,16011,0,0,0,0,0,0,0,0,0
201611,276,30140, ,Lebanon  PA ,12,12,1914,0,0,0,0,0,0,0,0,0,12,12,1914,0,0,0,0,0,0,0,0,0
201611,276,49620, ,York-Hanover  PA ,12,12,3060,1,2,210,0,0,0,1,6,594,10,10,2545,1,2,210,0,0,0,1,6,594
201611,277,25500,C,Harrisonburg  VA ,64,64,14510,0,0,0,0,0,0,0,0,0,64,64,14510,0,0,0,0,0,0,0,0,0
201611,277,44420, ,Staunton-Waynesboro  VA ,16,16,3395,0,0,0,0,0,0,0,0,0,16,16,3395,0,0,0,0,0,0,0,0,0
201611,278,25540,C,Hartford-West Hartford-East Hartford  CT ,61,61,11909,2,4,232,2,7,630,5,36,3431,45,45,8248,2,4,232,2,7,630,1,16,1200
201611,278,35980, ,Norwich-New London  CT ,14,14,2978,0,0,0,0,0,0,0,0,0,10,10,2341,0,0,0,0,0,0,0,0,0
201611,280,25860, ,Hickory-Lenoir-Morganton  NC ,1,1,153,0,0,0,0,0,0,1,7,390,0,0,0,0,0,0,0,0,0,0,0,0
201611,284,26300, ,Hot Springs  AR ,8,8,3153,0,0,0,0,0,0,0,0,0,8,8,3153,0,0,0,0,0,0,0,0,0
201611,288,26420, ,Houston-The Woodlands-Sugar Land  TX ,2648,2648,498257,4,8,651,0,0,0,14,547,53781,1984,1984,422652,3,6,576,0,0,0,12,534,53044
201611,290,19460, ,Decatur  AL ,9,9,1612,0,0,0,0,0,0,0,0,0,9,9,1612,0,0,0,0,0,0,0,0,0
201611,290,26620,C,Huntsville  AL ,163,163,13368,0,0,0,0,0,0,0,0,0,163,163,13368,0,0,0,0,0,0,0,0,0
201611,292,26820, ,Idaho Falls  ID ,81,81,11232,0,0,0,0,0,0,0,0,0,81,81,11232,0,0,0,0,0,0,0,0,0
201611,294,18020, ,Columbus  IN ,13,13,3683,0,0,0,0,0,0,0,0,0,13,13,3683,0,0,0,0,0,0,0,0,0
201611,294,26900, ,Indianapolis-Carmel-Anderson  IN ,464,464,131919,15,30,3943,1,4,430,7,50,2667,458,458,130969,15,30,3943,1,4,430,7,50,2667
201611,294,34620, ,Muncie  IN ,2,2,479,0,0,0,0,0,0,0,0,0,2,2,479,0,0,0,0,0,0,0,0,0
201611,296,27060, ,Ithaca  NY ,0,0,0,0,0,0,0,0,0,0,0,0,0,0,0,0,0,0,0,0,0,0,0,0
201611,297,27180, ,Jackson  TN ,15,15,2945,0,0,0,0,0,0,0,0,0,15,15,2945,0,0,0,0,0,0,0,0,0
201611,298,27140, ,Jackson  MS ,134,134,30990,0,0,0,0,0,0,0,0,0,100,100,22631,0,0,0,0,0,0,0,0,0
201611,300,27260,C,Jacksonville  FL ,561,561,130132,2,4,1147,1,3,377,8,318,31913,536,536,122769,2,4,1147,1,3,377,8,318,31913
201611,304,27740, ,Johnson City  TN ,8,8,1155,0,0,0,0,0,0,0,0,0,8,8,1155,0,0,0,0,0,0,0,0,0
201611,304,28700, ,Kingsport-Bristol-Bristol  TN-VA ,1,1,189,0,0,0,0,0,0,0,0,0,0,0,0,0,0,0,0,0,0,0,0,0
201611,306,27780, ,Johnstown  PA ,0,0,0,0,0,0,0,0,0,0,0,0,0,0,0,0,0,0,0,0,0,0,0,0
201611,308,27860, ,Jonesboro  AR ,24,24,3541,2,4,286,0,0,0,0,0,0,2,2,100,0,0,0,0,0,0,0,0,0
201611,309,27900, ,Joplin  MO ,4,4,879,0,0,0,0,0,0,0,0,0,2,2,668,0,0,0,0,0,0,0,0,0
201611,310,12980, ,Battle Creek  MI ,1,1,238,0,0,0,0,0,0,0,0,0,1,1,238,0,0,0,0,0,0,0,0,0
201611,310,28020, ,Kalamazoo-Portage  MI ,9,9,2546,0,0,0,0,0,0,0,0,0,9,9,2546,0,0,0,0,0,0,0,0,0
201611,312,28140, ,Kansas City  MO-KS ,403,403,106117,5,10,1176,14,54,7237,6,543,60557,324,324,80637,5,10,1176,12,47,6194,4,521,58529
201611,312,29940, ,Lawrence  KS ,17,17,5785,0,0,0,0,0,0,0,0,0,17,17,5785,0,0,0,0,0,0,0,0,0
201611,312,41140, ,St. Joseph  MO-KS ,0,0,0,0,0,0,0,0,0,0,0,0,0,0,0,0,0,0,0,0,0,0,0,0
201611,314,28940, ,Knoxville  TN ,209,209,46453,0,0,0,0,0,0,1,14,921,112,112,29304,0,0,0,0,0,0,0,0,0
201611,316,29020, ,Kokomo  IN ,19,19,2551,0,0,0,0,0,0,0,0,0,19,19,2551,0,0,0,0,0,0,0,0,0
201611,318,29180, ,Lafayette  LA ,151,151,30753,2,4,674,0,0,0,1,27,1972,46,46,9009,2,4,674,0,0,0,0,0,0
201611,320,29200, ,Lafayette-West Lafayette  IN ,52,52,11941,2,4,720,0,0,0,0,0,0,46,46,11192,0,0,0,0,0,0,0,0,0
201611,324,29340, ,Lake Charles  LA ,62,62,11941,6,12,850,0,0,0,0,0,0,33,33,5796,6,12,850,0,0,0,0,0,0
201611,330,29620, ,Lansing-East Lansing  MI ,15,15,3966,0,0,0,0,0,0,1,5,330,12,12,3608,0,0,0,0,0,0,0,0,0
201611,332,29420, ,Lake Havasu City-Kingman  AZ ,56,56,11262,1,2,245,0,0,0,0,0,0,56,56,11262,1,2,245,0,0,0,0,0,0
201611,332,29820,C,Las Vegas-Henderson-Paradise  NV ,594,594,152726,0,0,0,0,0,0,3,30,1980,594,594,152726,0,0,0,0,0,0,3,30,1980
201611,336,30460,C,Lexington-Fayette  KY ,94,94,16073,2,4,475,0,0,0,2,46,2634,37,37,5764,1,2,75,0,0,0,0,0,0
201611,338,30620, ,Lima  OH ,0,0,0,0,0,0,1,3,305,0,0,0,0,0,0,0,0,0,0,0,0,0,0,0
201611,339,30700, ,Lincoln  NE ,92,92,18984,0,0,0,0,0,0,2,114,12027,8,8,1173,0,0,0,0,0,0,0,0,0
201611,340,30780, ,Little Rock-North Little Rock-Conway  AR ,114,114,21567,1,2,185,0,0,0,0,0,0,96,96,19845,1,2,185,0,0,0,0,0,0
201611,340,38220, ,Pine Bluff  AR ,0,0,0,2,4,240,0,0,0,0,0,0,0,0,0,2,4,240,0,0,0,0,0,0
201611,346,30980, ,Longview  TX ,13,13,1996,0,0,0,0,0,0,0,0,0,0,0,0,0,0,0,0,0,0,0,0,0
201611,348,31080,C,Los Angeles-Long Beach-Anaheim  CA ,730,730,309280,46,92,18049,14,49,11657,42,1292,230588,616,616,268948,44,88,17047,14,49,11657,28,1026,194179
201611,348,37100, ,Oxnard-Thousand Oaks-Ventura  CA ,24,24,4093,3,6,482,1,4,634,2,40,4720,17,17,2347,3,6,482,0,0,0,0,0,0
201611,348,40140, ,Riverside-San Bernardino-Ontario  CA ,486,486,120046,0,0,0,8,29,1606,14,182,16457,412,412,105785,0,0,0,8,29,1606,11,166,15480
201611,350,21060, ,Elizabethtown-Fort Knox  KY ,31,31,5033,1,2,214,0,0,0,0,0,0,31,31,5033,1,2,214,0,0,0,0,0,0
201611,350,31140, ,Louisville-Jefferson County  KY-IN ,238,238,52535,0,0,0,0,0,0,10,331,6810,179,179,39586,0,0,0,0,0,0,10,331,6810
201611,352,31180, ,Lubbock  TX ,135,135,28642,10,20,2357,0,0,0,0,0,0,131,131,27831,9,18,2107,0,0,0,0,0,0
201611,356,31420, ,Macon-Bibb County  GA ,12,12,1891,0,0,0,0,0,0,0,0,0,12,12,1891,0,0,0,0,0,0,0,0,0
201611,356,47580, ,Warner Robins  GA ,55,55,10615,0,0,0,0,0,0,1,7,271,39,39,7548,0,0,0,0,0,0,0,0,0
201611,357,27500, ,Janesville-Beloit  WI ,6,6,1525,0,0,0,0,0,0,0,0,0,6,6,1525,0,0,0,0,0,0,0,0,0
201611,357,31540, ,Madison  WI ,202,202,55845,16,32,2916,3,11,1358,4,147,19126,161,161,43484,14,28,2188,1,4,478,1,8,1300
201611,358,31740, ,Manhattan  KS ,23,23,6005,0,0,0,0,0,0,0,0,0,11,11,2927,0,0,0,0,0,0,0,0,0
201611,359,31860, ,Mankato-North Mankato  MN ,8,8,1430,1,2,180,3,12,955,1,27,2107,0,0,0,0,0,0,0,0,0,0,0,0
201611,365,32580,C,McAllen-Edinburg-Mission  TX ,233,233,41232,2,4,396,41,164,4480,1,12,370,155,155,24198,2,4,396,41,164,4480,1,12,370
201611,366,32780, ,Medford  OR ,43,43,10331,1,2,293,0,0,0,1,8,1302,37,37,9112,0,0,0,0,0,0,1,8,1302
201611,368,32820, ,Memphis  TN-MS-AR ,194,194,37753,0,0,0,0,0,0,0,0,0,161,161,31606,0,0,0,0,0,0,0,0,0
201611,370,33100, ,Miami-Fort Lauderdale-West Palm Beach  FL ,398,398,147560,8,16,3265,2,7,1868,30,1298,353900,344,344,124981,7,14,3084,1,4,1353,25,1242,341408
201611,370,38940, ,Port St. Lucie  FL ,97,97,35330,3,6,1516,2,6,540,0,0,0,97,97,35330,3,6,1516,2,6,540,0,0,0
201611,370,42680, ,Sebastian-Vero Beach  FL ,57,57,21443,0,0,0,0,0,0,0,0,0,57,57,21443,0,0,0,0,0,0,0,0,0
201611,372,33260, ,Midland  TX ,60,60,11561,0,0,0,0,0,0,0,0,0,60,60,11561,0,0,0,0,0,0,0,0,0
201611,372,36220,C,Odessa  TX ,36,36,7680,0,0,0,0,0,0,1,10,778,0,0,0,0,0,0,0,0,0,0,0,0
201611,376,33340,C,Milwaukee-Waukesha-West Allis  WI ,131,131,43434,2,4,408,1,4,738,2,53,7073,110,110,35527,0,0,0,1,4,738,0,0,0
201611,376,39540, ,Racine  WI ,10,10,2870,1,2,361,0,0,0,0,0,0,1,1,273,0,0,0,0,0,0,0,0,0
201611,378,33460, ,Minneapolis-St. Paul-Bloomington  MN-WI ,615,615,193002,2,4,481,5,18,2600,12,1064,215345,568,568,175391,2,4,481,4,15,2600,10,966,199660
201611,378,41060, ,St. Cloud  MN ,1,1,162,0,0,0,0,0,0,0,0,0,0,0,0,0,0,0,0,0,0,0,0,0
201611,380,19300, ,Daphne-Fairhope-Foley  AL ,133,133,25083,1,2,188,2,7,763,1,5,566,61,61,12300,0,0,0,0,0,0,0,0,0
201611,380,33660, ,Mobile  AL ,58,58,13216,0,0,0,0,0,0,0,0,0,58,58,13216,0,0,0,0,0,0,0,0,0
201611,382,32900, ,Merced  CA ,4,4,985,0,0,0,0,0,0,0,0,0,4,4,985,0,0,0,0,0,0,0,0,0
201611,382,33700, ,Modesto  CA ,0,0,0,0,0,0,0,0,0,0,0,0,0,0,0,0,0,0,0,0,0,0,0,0
201611,384,33740, ,Monroe  LA ,36,36,7719,0,0,0,1,3,472,1,5,579,0,0,0,0,0,0,0,0,0,0,0,0
201611,390,34060, ,Morgantown  WV ,3,3,628,0,0,0,0,0,0,0,0,0,3,3,628,0,0,0,0,0,0,0,0,0
201611,396,34820, ,Myrtle Beach-Conway-North Myrtle Beach  SC-NC ,393,393,70662,3,6,395,0,0,0,1,5,312,66,66,12096,0,0,0,0,0,0,0,0,0
201611,400,34980, ,Nashville-Davidson--Murfreesboro--Franklin  TN ,928,928,221010,0,0,0,1,3,250,8,250,25573,889,889,211594,0,0,0,1,3,250,7,229,23084
201611,406,25220, ,Hammond  LA ,44,44,6397,0,0,0,0,0,0,0,0,0,40,40,5809,0,0,0,0,0,0,0,0,0
201611,406,35380, ,New Orleans-Metairie  LA ,144,144,35326,2,4,374,0,0,0,1,20,2484,127,127,31379,0,0,0,0,0,0,0,0,0
201611,408,10900, ,Allentown-Bethlehem-Easton  PA-NJ ,32,32,6214,0,0,0,0,0,0,2,13,1210,15,15,2231,0,0,0,0,0,0,0,0,0
201611,408,14860,C,Bridgeport-Stamford-Norwalk  CT ,60,60,41062,2,4,860,0,0,0,0,0,0,29,29,15132,1,2,300,0,0,0,0,0,0
201611,408,20700, ,East Stroudsburg  PA ,7,7,2260,0,0,0,0,0,0,0,0,0,6,6,1972,0,0,0,0,0,0,0,0,0
201611,408,28740, ,Kingston  NY ,3,3,785,0,0,0,0,0,0,1,5,1220,3,3,785,0,0,0,0,0,0,0,0,0
201611,408,35300, ,New Haven-Milford  CT ,11,11,2049,0,0,0,0,0,0,1,11,677,3,3,708,0,0,0,0,0,0,0,0,0
201611,408,35620, ,New York-Newark-Jersey City  NY-NJ-PA ,873,873,287792,66,132,15608,13,46,3995,89,2432,262421,646,646,235630,58,116,14100,10,36,2882,64,2222,248730
201611,408,45940,C,Trenton  NJ ,11,11,2632,0,0,0,1,3,9,2,10,6,6,6,1699,0,0,0,1,3,9,2,10,6
201611,412,35840,C,North Port-Sarasota-Bradenton  FL ,449,449,112552,0,0,0,10,37,7633,4,63,4580,446,446,111378,0,0,0,10,37,7633,4,63,4580
201611,412,39460, ,Punta Gorda  FL ,62,62,14038,0,0,0,1,3,375,1,8,809,0,0,0,0,0,0,0,0,0,0,0,0
201611,416,36420,C,Oklahoma City  OK ,302,302,64800,13,26,3397,1,4,744,0,0,0,258,258,56231,13,26,3397,1,4,744,0,0,0
201611,420,36540, ,Omaha-Council Bluffs  NE-IA ,241,241,48748,2,4,626,1,3,500,2,54,1828,185,185,35164,0,0,0,0,0,0,2,54,1828
201611,422,19660, ,Deltona-Daytona Beach-Ormond Beach  FL ,110,110,32548,1,2,332,0,0,0,1,9,765,57,57,15337,1,2,332,0,0,0,0,0,0
201611,422,36740, ,Orlando-Kissimmee-Sanford  FL ,950,950,259671,9,18,3284,2,7,1029,12,249,28265,789,789,210541,9,18,3284,2,7,1029,10,235,27047
201611,422,45540, ,The Villages  FL ,115,115,32140,0,0,0,0,0,0,0,0,0,115,115,32140,0,0,0,0,0,0,0,0,0
201611,425,37620, ,Parkersburg-Vienna  WV ,35,35,4942,0,0,0,0,0,0,0,0,0,35,35,4942,0,0,0,0,0,0,0,0,0
201611,426,37860,C,Pensacola-Ferry Pass-Brent  FL ,243,243,40834,0,0,0,0,0,0,0,0,0,243,243,40834,0,0,0,0,0,0,0,0,0
201611,427,37900, ,Peoria  IL ,3,3,1339,0,0,0,0,0,0,0,0,0,3,3,1339,0,0,0,0,0,0,0,0,0
201611,428,12100,C,Atlantic City-Hammonton  NJ ,29,29,4988,1,2,266,0,0,0,2,17,2493,23,23,4331,1,2,266,0,0,0,0,0,0
201611,428,20100,C,Dover  DE ,91,91,13362,1,2,176,0,0,0,0,0,0,89,89,13062,1,2,176,0,0,0,0,0,0
201611,428,36140,C,Ocean City  NJ ,59,59,20162,1,2,266,0,0,0,0,0,0,57,57,19669,1,2,266,0,0,0,0,0,0
201611,428,37980,C,Philadelphia-Camden-Wilmington  PA-NJ-DE-MD ,533,533,102506,10,20,2176,12,38,4800,13,409,27047,315,315,68068,8,16,2126,12,38,4800,7,362,23278
201611,428,39740, ,Reading  PA ,6,6,892,0,0,0,0,0,0,0,0,0,4,4,378,0,0,0,0,0,0,0,0,0
201611,428,47220,C,Vineland-Bridgeton  NJ ,12,12,1282,0,0,0,0,0,0,1,5,666,0,0,0,0,0,0,0,0,0,0,0,0
201611,430,38300, ,Pittsburgh  PA ,108,108,31820,0,0,0,1,3,381,1,44,3608,61,61,19973,0,0,0,0,0,0,0,0,0
201611,430,48260, ,Weirton-Steubenville  WV-OH ,0,0,0,0,0,0,0,0,0,0,0,0,0,0,0,0,0,0,0,0,0,0,0,0
201611,438,30340, ,Lewiston-Auburn  ME ,6,6,1400,0,0,0,0,0,0,0,0,0,4,4,1010,0,0,0,0,0,0,0,0,0
201611,438,38860, ,Portland-South Portland  ME ,92,92,24111,1,2,299,1,3,333,3,29,1778,29,29,9096,0,0,0,0,0,0,2,24,1160
201611,440,10540, ,Albany  OR ,30,30,7612,0,0,0,0,0,0,0,0,0,28,28,7221,0,0,0,0,0,0,0,0,0
201611,440,18700, ,Corvallis  OR ,7,7,1792,0,0,0,0,0,0,0,0,0,0,0,0,0,0,0,0,0,0,0,0,0
201611,440,31020, ,Longview  WA ,10,10,2080,0,0,0,0,0,0,0,0,0,0,0,0,0,0,0,0,0,0,0,0,0
201611,440,38900, ,Portland-Vancouver-Hillsboro  OR-WA ,490,490,144541,3,6,1006,0,0,0,32,631,137360,366,366,108941,3,6,1006,0,0,0,28,576,131581
201611,440,41420, ,Salem  OR ,29,29,9265,1,2,390,1,4,324,4,54,5351,29,29,9265,1,2,390,1,4,324,4,54,5351
201611,444,39380,C,Pueblo  CO ,17,17,2973,1,2,252,0,0,0,1,7,989,0,0,0,0,0,0,0,0,0,0,0,0
201611,450,20500,C,Durham-Chapel Hill  NC ,216,216,53143,0,0,0,0,0,0,5,97,6155,73,73,25907,0,0,0,0,0,0,0,0,0
201611,450,39580,C,Raleigh  NC ,703,703,160717,3,6,665,0,0,0,24,569,42798,652,652,150448,3,6,665,0,0,0,24,569,42798
201611,452,39660, ,Rapid City  SD ,30,30,5983,0,0,0,1,4,400,2,36,1840,30,30,5983,0,0,0,1,4,400,2,36,1840
201611,454,39820, ,Redding  CA ,19,19,4296,0,0,0,0,0,0,0,0,0,19,19,4296,0,0,0,0,0,0,0,0,0
201611,456,16180,C,Carson City  NV ,9,9,2556,0,0,0,0,0,0,0,0,0,9,9,2556,0,0,0,0,0,0,0,0,0
201611,456,39900,C,Reno  NV ,166,166,41488,1,2,249,0,0,0,6,81,8875,0,0,0,0,0,0,0,0,0,0,0,0
201611,462,40340, ,Rochester  MN ,20,20,3794,0,0,0,0,0,0,1,58,9327,20,20,3794,0,0,0,0,0,0,1,58,9327
201611,464,40380, ,Rochester  NY ,77,77,17424,0,0,0,1,3,135,1,13,1179,60,60,14763,0,0,0,0,0,0,0,0,0
201611,466,40420, ,Rockford  IL ,10,10,2114,0,0,0,0,0,0,0,0,0,10,10,2114,0,0,0,0,0,0,0,0,0
201611,470,40660, ,Rome  GA ,5,5,995,0,0,0,0,0,0,0,0,0,5,5,995,0,0,0,0,0,0,0,0,0
201611,472,40900,C,Sacramento--Roseville--Arden-Arcade  CA ,576,576,164566,7,14,1917,0,0,0,2,31,5643,567,567,161856,7,14,1917,0,0,0,2,31,5643
201611,474,13020, ,Bay City  MI ,0,0,0,0,0,0,0,0,0,0,0,0,0,0,0,0,0,0,0,0,0,0,0,0
201611,474,33220, ,Midland  MI ,0,0,0,0,0,0,0,0,0,0,0,0,0,0,0,0,0,0,0,0,0,0,0,0
201611,474,40980, ,Saginaw  MI ,4,4,663,1,2,195,0,0,0,1,5,213,0,0,0,0,0,0,0,0,0,0,0,0
201611,476,41180, ,St. Louis  MO-IL ,464,464,111303,2,4,593,0,0,0,5,125,13744,332,332,70934,2,4,593,0,0,0,1,54,6000
201611,482,36260, ,Ogden-Clearfield  UT ,179,179,47844,0,0,0,2,7,898,2,29,2087,150,150,39918,0,0,0,1,4,545,1,24,1315
201611,482,39340, ,Provo-Orem  UT ,414,414,108574,0,0,0,0,0,0,15,97,13854,408,408,106775,0,0,0,0,0,0,15,97,13854
201611,482,41620, ,Salt Lake City  UT ,354,354,88750,1,2,525,7,28,4121,25,950,110956,224,224,53933,0,0,0,6,24,3528,22,929,108521
201611,488,41860,C,San Francisco-Oakland-Hayward  CA ,368,368,135296,3,6,3200,2,6,1682,24,1216,248507,271,271,98686,2,4,2650,2,6,1682,10,1007,216297
201611,488,41940,C,San Jose-Sunnyvale-Santa Clara  CA ,145,145,53617,0,0,0,0,0,0,14,219,33693,116,116,45405,0,0,0,0,0,0,12,191,29417
201611,488,42100, ,Santa Cruz-Watsonville  CA ,9,9,2105,0,0,0,1,3,344,2,10,1017,0,0,0,0,0,0,0,0,0,0,0,0
201611,488,42220, ,Santa Rosa  CA ,54,54,15471,0,0,0,0,0,0,0,0,0,51,51,14498,0,0,0,0,0,0,0,0,0
201611,488,44700, ,Stockton-Lodi  CA ,130,130,40339,0,0,0,0,0,0,1,25,2892,89,89,27989,0,0,0,0,0,0,0,0,0
201611,488,46700, ,Vallejo-Fairfield  CA ,63,63,18453,0,0,0,0,0,0,0,0,0,63,63,18453,0,0,0,0,0,0,0,0,0
201611,496,25980, ,Hinesville  GA ,30,30,6513,0,0,0,0,0,0,0,0,0,30,30,6513,0,0,0,0,0,0,0,0,0
201611,496,42340, ,Savannah  GA ,141,141,35388,0,0,0,0,0,0,1,5,458,131,131,33898,0,0,0,0,0,0,0,0,0
201611,500,14740,C,Bremerton-Silverdale  WA ,60,60,17925,1,2,348,0,0,0,8,138,8815,60,60,17925,1,2,348,0,0,0,8,138,8815
201611,500,34580, ,Mount Vernon-Anacortes  WA ,30,30,6450,0,0,0,0,0,0,0,0,0,19,19,4642,0,0,0,0,0,0,0,0,0
201611,500,36500, ,Olympia-Tumwater  WA ,63,63,17519,9,18,3220,3,10,1530,1,6,829,63,63,17519,9,18,3220,3,10,1530,1,6,829
201611,500,42660,C,Seattle-Tacoma-Bellevue  WA ,602,602,205576,14,28,5215,11,36,7673,29,1485,186681,590,590,200909,14,28,5215,11,36,7673,27,1443,181010
201611,512,43580, ,Sioux City  IA-NE-SD ,10,10,2916,0,0,0,0,0,0,0,0,0,2,2,640,0,0,0,0,0,0,0,0,0
201611,515,21140, ,Elkhart-Goshen  IN ,0,0,0,0,0,0,0,0,0,0,0,0,0,0,0,0,0,0,0,0,0,0,0,0
201611,515,35660, ,Niles-Benton Harbor  MI ,2,2,380,0,0,0,0,0,0,0,0,0,2,2,380,0,0,0,0,0,0,0,0,0
201611,515,43780, ,South Bend-Mishawaka  IN-MI ,27,27,6572,0,0,0,0,0,0,0,0,0,27,27,6572,0,0,0,0,0,0,0,0,0
201611,518,17660, ,Coeur dAlene  ID ,84,84,20812,0,0,0,0,0,0,1,13,871,63,63,16360,0,0,0,0,0,0,0,0,0
201611,518,44060, ,Spokane-Spokane Valley  WA ,130,130,34972,1,2,311,2,6,602,22,304,29582,116,116,32461,0,0,0,2,6,602,21,287,27884
201611,520,44180, ,Springfield  MO ,59,59,11952,2,4,340,0,0,0,0,0,0,59,59,11952,2,4,340,0,0,0,0,0,0
201611,521,44140, ,Springfield  MA ,2,2,386,0,0,0,0,0,0,0,0,0,1,1,200,0,0,0,0,0,0,0,0,0
201611,522,44100, ,Springfield  IL ,8,8,2109,3,6,915,0,0,0,0,0,0,0,0,0,0,0,0,0,0,0,0,0,0
201611,524,44300, ,State College  PA ,2,2,1034,0,0,0,0,0,0,0,0,0,2,2,1034,0,0,0,0,0,0,0,0,0
201611,532,45060, ,Syracuse  NY ,17,17,5570,0,0,0,0,0,0,1,11,676,16,16,5467,0,0,0,0,0,0,0,0,0
201611,533,45220, ,Tallahassee  FL ,47,47,8634,1,2,340,0,0,0,1,9,768,6,6,620,0,0,0,0,0,0,0,0,0
201611,534,45780, ,Toledo  OH ,47,47,16188,0,0,0,0,0,0,0,0,0,45,45,15963,0,0,0,0,0,0,0,0,0
201611,536,46060,C,Tucson  AZ ,157,157,45731,1,2,346,0,0,0,1,19,3355,63,63,17349,0,0,0,0,0,0,0,0,0
201611,538,46140,C,Tulsa  OK ,207,207,45832,0,0,0,0,0,0,0,0,0,205,205,45666,0,0,0,0,0,0,0,0,0
201611,540,46340, ,Tyler  TX ,12,12,5180,0,0,0,0,0,0,0,0,0,12,12,5180,0,0,0,0,0,0,0,0,0
201611,545,47260, ,Virginia Beach-Norfolk-Newport News  VA-NC ,308,308,68661,0,0,0,7,25,3535,2,41,1597,277,277,65154,0,0,0,7,25,3535,0,0,0
201611,546,47300, ,Visalia-Porterville  CA ,81,81,14870,1,2,165,0,0,0,0,0,0,81,81,14870,1,2,165,0,0,0,0,0,0
201611,548,12580,C,Baltimore-Columbia-Towson  MD ,292,292,60163,0,0,0,0,0,0,1,17,1400,283,283,57632,0,0,0,0,0,0,1,17,1400
201611,548,15680,C,California-Lexington Park  MD ,40,40,9510,0,0,0,0,0,0,0,0,0,40,40,9510,0,0,0,0,0,0,0,0,0
201611,548,16540,C,Chambersburg-Waynesboro  PA ,18,18,3826,0,0,0,0,0,0,0,0,0,17,17,3732,0,0,0,0,0,0,0,0,0
201611,548,25180, ,Hagerstown-Martinsburg  MD-WV ,58,58,11038,1,2,200,1,3,184,0,0,0,11,11,2666,1,2,200,0,0,0,0,0,0
201611,548,47900, ,Washington-Arlington-Alexandria  DC-VA-MD-WV ,914,914,215991,0,0,0,0,0,0,21,288,24598,849,849,197069,0,0,0,0,0,0,20,262,22421
201611,548,49020, ,Winchester  VA-WV ,31,31,10294,0,0,0,0,0,0,0,0,0,31,31,10294,0,0,0,0,0,0,0,0,0
201611,554,48140, ,Wausau  WI ,8,8,1781,0,0,0,0,0,0,0,0,0,1,1,131,0,0,0,0,0,0,0,0,0
201611,556,48620, ,Wichita  KS ,70,70,18287,14,28,2290,0,0,0,2,35,2462,6,6,1524,0,0,0,0,0,0,0,0,0
201611,558,48700, ,Williamsport  PA ,1,1,130,0,0,0,0,0,0,0,0,0,1,1,130,0,0,0,0,0,0,0,0,0
201611,566,49660, ,Youngstown-Warren-Boardman  OH-PA ,15,15,3017,2,4,314,0,0,0,0,0,0,15,15,3017,2,4,314,0,0,0,0,0,0
201611,999,10180, ,Abilene  TX ,24,24,4479,0,0,0,0,0,0,0,0,0,24,24,4479,0,0,0,0,0,0,0,0,0
201611,999,10500, ,Albany  GA ,12,12,1471,0,0,0,0,0,0,0,0,0,4,4,490,0,0,0,0,0,0,0,0,0
201611,999,10780, ,Alexandria  LA ,21,21,4582,0,0,0,0,0,0,0,0,0,21,21,4582,0,0,0,0,0,0,0,0,0
201611,999,11020, ,Altoona  PA ,0,0,0,0,0,0,0,0,0,0,0,0,0,0,0,0,0,0,0,0,0,0,0,0
201611,999,11260,C,Anchorage  AK ,54,54,16900,2,4,477,1,3,523,2,16,2530,0,0,0,2,4,477,0,0,0,0,0,0
201611,999,11500, ,Anniston-Oxford-Jacksonville  AL ,8,8,1065,0,0,0,0,0,0,0,0,0,8,8,1065,0,0,0,0,0,0,0,0,0
201611,999,12260, ,Augusta-Richmond County  GA-SC ,171,171,33693,1,2,276,3,12,600,0,0,0,125,125,24481,1,2,276,3,12,600,0,0,0
201611,999,12420, ,Austin-Round Rock  TX ,874,874,206251,1,2,240,4,15,1070,16,822,105608,729,729,177394,1,2,240,4,15,1070,15,811,105223
201611,999,12540, ,Bakersfield  CA ,137,137,33318,0,0,0,1,3,205,1,6,551,0,0,0,0,0,0,0,0,0,0,0,0
201611,999,12620, ,Bangor  ME ,4,4,906,0,0,0,0,0,0,0,0,0,3,3,751,0,0,0,0,0,0,0,0,0
201611,999,12940,C,Baton Rouge  LA ,252,252,48577,0,0,0,0,0,0,0,0,0,227,227,44155,0,0,0,0,0,0,0,0,0
201611,999,13140, ,Beaumont-Port Arthur  TX ,42,42,9228,0,0,0,0,0,0,0,0,0,42,42,9228,0,0,0,0,0,0,0,0,0
201611,999,13220,C,Beckley  WV ,5,5,748,0,0,0,0,0,0,0,0,0,2,2,404,0,0,0,0,0,0,0,0,0
201611,999,13380, ,Bellingham  WA ,45,45,11875,0,0,0,2,8,2035,0,0,0,23,23,5807,0,0,0,2,8,2035,0,0,0
201611,999,13740, ,Billings  MT ,46,46,5044,0,0,0,0,0,0,1,12,806,46,46,5044,0,0,0,0,0,0,1,12,806
201611,999,13780, ,Binghamton  NY ,0,0,0,0,0,0,0,0,0,0,0,0,0,0,0,0,0,0,0,0,0,0,0,0
201611,999,13900, ,Bismarck  ND ,29,29,7258,0,0,0,0,0,0,0,0,0,25,25,5848,0,0,0,0,0,0,0,0,0
201611,999,13980, ,Blacksburg-Christiansburg-Radford  VA ,2,2,382,0,0,0,0,0,0,0,0,0,2,2,382,0,0,0,0,0,0,0,0,0
201611,999,15260, ,Brunswick  GA ,39,39,10240,0,0,0,0,0,0,0,0,0,0,0,0,0,0,0,0,0,0,0,0,0
201611,999,15540, ,Burlington-South Burlington  VT ,24,24,6384,0,0,0,0,0,0,1,9,1390,20,20,5008,0,0,0,0,0,0,1,9,1390
201611,999,16220, ,Casper  WY ,13,13,1292,0,0,0,1,4,330,0,0,0,13,13,1292,0,0,0,1,4,330,0,0,0
201611,999,16580, ,Champaign-Urbana  IL ,13,13,2457,1,2,75,0,0,0,2,36,6313,13,13,2457,1,2,75,0,0,0,2,36,6313
201611,999,16700,C,Charleston-North Charleston  SC ,317,317,83145,0,0,0,0,0,0,5,142,12572,209,209,66092,0,0,0,0,0,0,2,61,8900
201611,999,16820, ,Charlottesville  VA ,38,38,10969,0,0,0,0,0,0,2,13,1582,0,0,0,0,0,0,0,0,0,0,0,0
201611,999,16940, ,Cheyenne  WY ,31,31,5358,0,0,0,1,4,310,0,0,0,12,12,1850,0,0,0,0,0,0,0,0,0
201611,999,17020, ,Chico  CA ,19,19,3733,0,0,0,2,7,812,8,87,8200,19,19,3733,0,0,0,2,7,812,8,87,8200
201611,999,17300,C,Clarksville  TN-KY ,109,109,16189,0,0,0,5,20,1315,7,49,2431,108,108,16117,0,0,0,5,20,1315,7,49,2431
201611,999,17780, ,College Station-Bryan  TX ,77,77,14757,25,50,4355,0,0,0,1,8,950,77,77,14757,25,50,4355,0,0,0,1,8,950
201611,999,17820,C,Colorado Springs  CO ,224,224,91117,0,0,0,0,0,0,4,80,11553,224,224,91117,0,0,0,0,0,0,4,80,11553
201611,999,18880,C,Crestview-Fort Walton Beach-Destin  FL ,129,129,39679,1,2,279,0,0,0,0,0,0,127,127,39388,1,2,279,0,0,0,0,0,0
201611,999,19060, ,Cumberland  MD-WV ,1,1,150,0,0,0,0,0,0,0,0,0,1,1,150,0,0,0,0,0,0,0,0,0
201611,999,19180, ,Danville  IL ,0,0,0,0,0,0,0,0,0,0,0,0,0,0,0,0,0,0,0,0,0,0,0,0
201611,999,19500, ,Decatur  IL ,1,1,200,0,0,0,0,0,0,0,0,0,1,1,200,0,0,0,0,0,0,0,0,0
201611,999,20220, ,Dubuque  IA ,11,11,3036,1,2,225,0,0,0,0,0,0,11,11,3036,1,2,225,0,0,0,0,0,0
201611,999,20260, ,Duluth  MN-WI ,4,4,992,0,0,0,0,0,0,0,0,0,3,3,804,0,0,0,0,0,0,0,0,0
201611,999,20940, ,El Centro  CA ,1,1,274,0,0,0,0,0,0,0,0,0,1,1,274,0,0,0,0,0,0,0,0,0
201611,999,21420, ,Enid  OK ,3,3,120,0,0,0,0,0,0,0,0,0,3,3,120,0,0,0,0,0,0,0,0,0
201611,999,21660, ,Eugene  OR ,46,46,11683,1,2,321,0,0,0,0,0,0,30,30,7717,1,2,321,0,0,0,0,0,0
201611,999,21780, ,Evansville  IN-KY ,43,43,9484,2,4,400,0,0,0,1,24,2500,43,43,9484,2,4,400,0,0,0,1,24,2500
201611,999,21820,C,Fairbanks  AK ,0,0,0,0,0,0,0,0,0,0,0,0,0,0,0,0,0,0,0,0,0,0,0,0
201611,999,22140,C,Farmington  NM ,6,6,1405,0,0,0,0,0,0,0,0,0,1,1,270,0,0,0,0,0,0,0,0,0
201611,999,22220, ,Fayetteville-Springdale-Rogers  AR-MO ,242,242,57477,3,6,510,0,0,0,1,9,645,183,183,45242,3,6,510,0,0,0,0,0,0
201611,999,22380, ,Flagstaff  AZ ,31,31,7082,0,0,0,0,0,0,0,0,0,31,31,7082,0,0,0,0,0,0,0,0,0
201611,999,22500, ,Florence  SC ,20,20,3142,0,0,0,0,0,0,0,0,0,0,0,0,0,0,0,0,0,0,0,0,0
201611,999,22520, ,Florence-Muscle Shoals  AL ,14,14,1849,2,4,300,0,0,0,0,0,0,5,5,786,2,4,300,0,0,0,0,0,0
201611,999,22540, ,Fond du Lac  WI ,5,5,1380,0,0,0,0,0,0,0,0,0,4,4,1199,0,0,0,0,0,0,0,0,0
201611,999,22660,C,Fort Collins  CO ,168,168,42943,0,0,0,0,0,0,18,255,26365,168,168,42943,0,0,0,0,0,0,18,255,26365
201611,999,22900, ,Fort Smith  AR-OK ,15,15,1694,7,14,2625,0,0,0,0,0,0,8,8,1020,6,12,2455,0,0,0,0,0,0
201611,999,23460, ,Gadsden  AL ,3,3,316,0,0,0,0,0,0,0,0,0,3,3,316,0,0,0,0,0,0,0,0,0
201611,999,24220, ,Grand Forks  ND-MN ,5,5,1348,0,0,0,0,0,0,1,73,8051,5,5,1348,0,0,0,0,0,0,1,73,8051
201611,999,24260, ,Grand Island  NE ,0,0,0,1,2,197,0,0,0,1,5,393,0,0,0,1,2,197,0,0,0,1,5,393
201611,999,24300,C,Grand Junction  CO ,42,42,11488,0,0,0,0,0,0,0,0,0,42,42,11488,0,0,0,0,0,0,0,0,0
201611,999,24500, ,Great Falls  MT ,8,8,2098,0,0,0,0,0,0,0,0,0,8,8,2098,0,0,0,0,0,0,0,0,0
201611,999,25060, ,Gulfport-Biloxi-Pascagoula  MS ,118,118,18892,1,2,185,1,3,301,1,7,593,88,88,14736,0,0,0,0,0,0,0,0,0
201611,999,25620, ,Hattiesburg  MS ,7,7,255,0,0,0,0,0,0,1,6,138,0,0,0,0,0,0,0,0,0,0,0,0
201611,999,25940, ,Hilton Head Island-Bluffton-Beaufort  SC ,46,46,14053,0,0,0,0,0,0,0,0,0,46,46,14053,0,0,0,0,0,0,0,0,0
201611,999,26140, ,Homosassa Springs  FL ,27,27,5972,0,0,0,0,0,0,0,0,0,0,0,0,0,0,0,0,0,0,0,0,0
201611,999,26380, ,Houma-Thibodaux  LA ,32,32,6241,0,0,0,0,0,0,0,0,0,32,32,6241,0,0,0,0,0,0,0,0,0
201611,999,27100, ,Jackson  MI ,0,0,0,0,0,0,0,0,0,0,0,0,0,0,0,0,0,0,0,0,0,0,0,0
201611,999,27340,C,Jacksonville  NC ,65,65,8579,0,0,0,0,0,0,0,0,0,65,65,8579,0,0,0,0,0,0,0,0,0
201611,999,27980,C,Kahului-Wailuku-Lahaina  HI ,20,20,5471,2,4,716,6,24,3744,15,120,17450,20,20,5471,2,4,716,6,24,3744,15,120,17450
201611,999,28420,C,Kennewick-Richland  WA ,108,108,30838,0,0,0,0,0,0,0,0,0,56,56,15835,0,0,0,0,0,0,0,0,0
201611,999,28660,C,Killeen-Temple  TX ,107,107,19633,7,14,1096,0,0,0,1,7,958,89,89,16225,6,12,986,0,0,0,0,0,0
201611,999,29100, ,La Crosse-Onalaska  WI-MN ,37,37,7765,1,2,300,0,0,0,0,0,0,37,37,7765,1,2,300,0,0,0,0,0,0
201611,999,29460, ,Lakeland-Winter Haven  FL ,219,219,39096,0,0,0,0,0,0,0,0,0,218,218,39013,0,0,0,0,0,0,0,0,0
201611,999,29540, ,Lancaster  PA ,10,10,2031,0,0,0,0,0,0,0,0,0,8,8,1695,0,0,0,0,0,0,0,0,0
201611,999,29700, ,Laredo  TX ,79,79,11545,0,0,0,1,3,143,1,51,3188,0,0,0,0,0,0,0,0,0,0,0,0
201611,999,30020, ,Lawton  OK ,4,4,605,0,0,0,0,0,0,0,0,0,4,4,605,0,0,0,0,0,0,0,0,0
201611,999,30300, ,Lewiston  ID-WA ,0,0,0,0,0,0,0,0,0,0,0,0,0,0,0,0,0,0,0,0,0,0,0,0
201611,999,30860, ,Logan  UT-ID ,5,5,1077,0,0,0,0,0,0,0,0,0,4,4,848,0,0,0,0,0,0,0,0,0
201611,999,31340, ,Lynchburg  VA ,33,33,6751,0,0,0,0,0,0,3,94,5401,33,33,6751,0,0,0,0,0,0,3,94,5401
201611,999,33540,C,Missoula  MT ,33,33,7986,0,0,0,1,4,100,2,33,5011,33,33,7986,0,0,0,1,4,100,2,33,5011
201611,999,33860, ,Montgomery  AL ,40,40,8639,0,0,0,0,0,0,0,0,0,36,36,8090,0,0,0,0,0,0,0,0,0
201611,999,36100, ,Ocala  FL ,91,91,14934,0,0,0,0,0,0,0,0,0,91,91,14934,0,0,0,0,0,0,0,0,0
201611,999,36980, ,Owensboro  KY ,24,24,2607,1,2,77,0,0,0,1,25,3448,24,24,2607,1,2,77,0,0,0,1,25,3448
201611,999,37340, ,Palm Bay-Melbourne-Titusville  FL ,127,127,44617,0,0,0,0,0,0,0,0,0,115,115,40426,0,0,0,0,0,0,0,0,0
201611,999,37460, ,Panama City  FL ,33,33,12331,0,0,0,0,0,0,0,0,0,33,33,12331,0,0,0,0,0,0,0,0,0
201611,999,38060,C,Phoenix-Mesa-Scottsdale  AZ ,1355,1355,363254,2,4,210,2,8,1248,59,1132,188989,1246,1246,326425,2,4,210,2,8,1248,59,1132,188989
201611,999,38340, ,Pittsfield  MA ,1,1,215,0,0,0,0,0,0,0,0,0,0,0,0,0,0,0,0,0,0,0,0,0
201611,999,38540, ,Pocatello  ID ,11,11,1664,0,0,0,0,0,0,0,0,0,11,11,1664,0,0,0,0,0,0,0,0,0
201611,999,39140, ,Prescott  AZ ,91,91,23443,0,0,0,0,0,0,0,0,0,91,91,23443,0,0,0,0,0,0,0,0,0
201611,999,40060, ,Richmond  VA ,234,234,47976,0,0,0,4,16,1993,2,19,2516,230,230,47557,0,0,0,4,16,1993,2,19,2516
201611,999,41100, ,St. George  UT ,96,96,18854,0,0,0,1,3,274,1,5,308,4,4,1159,0,0,0,0,0,0,0,0,0
201611,999,41500, ,Salinas  CA ,22,22,5927,1,2,216,1,4,258,1,5,578,21,21,5744,1,2,216,1,4,258,0,0,0
201611,999,41540, ,Salisbury  MD-DE ,240,240,36538,9,18,1675,3,10,1880,3,22,2001,237,237,35995,9,18,1675,3,10,1880,2,17,1643
201611,999,41660,C,San Angelo  TX ,6,6,2031,0,0,0,0,0,0,0,0,0,6,6,2031,0,0,0,0,0,0,0,0,0
201611,999,41700,C,San Antonio-New Braunfels  TX ,510,510,117355,15,30,2132,1,4,393,38,193,3360,469,469,111379,15,30,2132,1,4,393,36,183,1826
201611,999,41740,C,San Diego-Carlsbad  CA ,182,182,59809,2,4,835,8,28,5502,43,629,90080,166,166,54160,2,4,835,8,28,5502,42,622,88680
201611,999,42020, ,San Luis Obispo-Paso Robles-Arroyo Grande  CA ,25,25,10199,0,0,0,0,0,0,0,0,0,0,0,0,0,0,0,0,0,0,0,0,0
201611,999,42200, ,Santa Maria-Santa Barbara  CA ,6,6,2633,0,0,0,0,0,0,0,0,0,6,6,2633,0,0,0,0,0,0,0,0,0
201611,999,42540, ,Scranton--Wilkes-Barre--Hazleton  PA ,5,5,1044,0,0,0,0,0,0,0,0,0,3,3,590,0,0,0,0,0,0,0,0,0
201611,999,43100, ,Sheboygan  WI ,0,0,0,0,0,0,0,0,0,0,0,0,0,0,0,0,0,0,0,0,0,0,0,0
201611,999,43340, ,Shreveport-Bossier City  LA ,77,77,15483,0,0,0,0,0,0,1,5,382,42,42,8531,0,0,0,0,0,0,0,0,0
201611,999,43420, ,Sierra Vista-Douglas  AZ ,15,15,2182,0,0,0,0,0,0,0,0,0,15,15,2182,0,0,0,0,0,0,0,0,0
201611,999,43620, ,Sioux Falls  SD ,74,74,14952,0,0,0,0,0,0,5,41,3725,74,74,14952,0,0,0,0,0,0,5,41,3725
201611,999,44940,C,Sumter  SC ,17,17,2158,0,0,0,0,0,0,0,0,0,0,0,0,0,0,0,0,0,0,0,0,0
201611,999,45300,C,Tampa-St. Petersburg-Clearwater  FL ,859,859,233660,1,2,157,1,3,157,18,416,33228,791,791,216716,1,2,157,1,3,157,16,398,31583
201611,999,45460, ,Terre Haute  IN ,1,1,158,3,6,404,1,4,212,0,0,0,0,0,0,1,2,76,0,0,0,0,0,0
201611,999,45500, ,Texarkana  TX-AR ,3,3,433,0,0,0,0,0,0,0,0,0,0,0,0,0,0,0,0,0,0,0,0,0
201611,999,45820, ,Topeka  KS ,35,35,6817,0,0,0,0,0,0,0,0,0,35,35,6817,0,0,0,0,0,0,0,0,0
201611,999,46220, ,Tuscaloosa  AL ,26,26,6137,5,10,2428,0,0,0,4,83,6620,26,26,6137,5,10,2428,0,0,0,4,83,6620
201611,999,46520,C,Urban Honolulu  HI ,51,51,16309,0,0,0,0,0,0,0,0,0,51,51,16309,0,0,0,0,0,0,0,0,0
201611,999,46540, ,Utica-Rome  NY ,2,2,158,0,0,0,0,0,0,0,0,0,0,0,0,0,0,0,0,0,0,0,0,0
201611,999,46660, ,Valdosta  GA ,41,41,6873,0,0,0,0,0,0,1,5,263,0,0,0,0,0,0,0,0,0,0,0,0
201611,999,47380, ,Waco  TX ,26,26,4632,0,0,0,0,0,0,5,37,5262,26,26,4632,0,0,0,0,0,0,5,37,5262
201611,999,47460, ,Walla Walla  WA ,8,8,1634,0,0,0,0,0,0,0,0,0,8,8,1634,0,0,0,0,0,0,0,0,0
201611,999,47940, ,Waterloo-Cedar Falls  IA ,19,19,3725,0,0,0,0,0,0,0,0,0,19,19,3725,0,0,0,0,0,0,0,0,0
201611,999,48060, ,Watertown-Fort Drum  NY ,11,11,1214,0,0,0,0,0,0,0,0,0,1,1,200,0,0,0,0,0,0,0,0,0
201611,999,48300, ,Wenatchee  WA ,39,39,7720,0,0,0,0,0,0,0,0,0,39,39,7720,0,0,0,0,0,0,0,0,0
201611,999,48540, ,Wheeling  WV-OH ,1,1,280,0,0,0,0,0,0,2,16,3064,1,1,280,0,0,0,0,0,0,2,16,3064
201611,999,48660, ,Wichita Falls  TX ,0,0,0,0,0,0,0,0,0,0,0,0,0,0,0,0,0,0,0,0,0,0,0,0
201611,999,48900, ,Wilmington  NC ,89,89,29757,0,0,0,0,0,0,8,231,34023,89,89,29757,0,0,0,0,0,0,8,231,34023
201611,999,49420, ,Yakima  WA ,26,26,6590,0,0,0,0,0,0,0,0,0,26,26,6590,0,0,0,0,0,0,0,0,0
201611,999,49740, ,Yuma  AZ ,44,44,7842,0,0,0,0,0,0,0,0,0,44,44,7842,0,0,0,0,0,0,0,0,0
