Survey,CSA,CBSA,MONCOV,CBSA,,1-unit,,,2-units,,,3-4 units,,,5+ units,,,1-unit rep,,,2-units rep,,,3-4 units rep,,,5+ units rep
Date,Code,Code,,Name,Bldgs,Units,Value,Bldgs,Units,Value,Bldgs,Units,Value,Bldgs,Units,Value,Bldgs,Units,Value,Bldgs,Units,Value,      Bldgs,Units,Value,Bldgs,Units,Value
 
201604,104,10580,C,Albany-Schenectady-Troy  NY ,97,97,25169,3,6,1081,2,8,858,5,73,10447,69,69,19078,2,4,531,2,8,858,1,51,8170
201604,104,24020, ,Glens Falls  NY ,15,15,3099,0,0,0,0,0,0,0,0,0,9,9,2607,0,0,0,0,0,0,0,0,0
201604,106,10740,C,Albuquerque  NM ,192,192,37982,0,0,0,1,4,335,2,18,1404,8,8,2537,0,0,0,0,0,0,0,0,0
201604,106,42140,C,Santa Fe  NM ,12,12,3320,0,0,0,0,0,0,0,0,0,12,12,3320,0,0,0,0,0,0,0,0,0
201604,108,11100, ,Amarillo  TX ,55,55,12762,1,2,299,0,0,0,0,0,0,55,55,12762,1,2,299,0,0,0,0,0,0
201604,118,11540, ,Appleton  WI ,41,41,9634,2,4,550,0,0,0,0,0,0,41,41,9634,2,4,550,0,0,0,0,0,0
201604,118,36780, ,Oshkosh-Neenah  WI ,24,24,5744,0,0,0,0,0,0,0,0,0,24,24,5744,0,0,0,0,0,0,0,0,0
201604,120,11700, ,Asheville  NC ,148,148,38005,0,0,0,0,0,0,2,20,2227,53,53,11401,0,0,0,0,0,0,0,0,0
201604,122,12020, ,Athens-Clarke County  GA ,38,38,8860,4,8,1360,0,0,0,1,5,600,38,38,8860,4,8,1360,0,0,0,1,5,600
201604,122,12060, ,Atlanta-Sandy Springs-Roswell  GA ,2148,2148,487056,1,2,122,1,4,245,7,867,73821,2030,2030,460465,1,2,122,1,4,245,5,836,70662
201604,122,23580, ,Gainesville  GA ,87,87,15652,0,0,0,0,0,0,0,0,0,87,87,15652,0,0,0,0,0,0,0,0,0
201604,140,13460, ,Bend-Redmond  OR ,136,136,37092,0,0,0,1,3,900,2,48,5288,117,117,32664,0,0,0,1,3,900,2,48,5288
201604,142,13820,C,Birmingham-Hoover  AL ,223,223,53809,0,0,0,0,0,0,3,60,4962,150,150,37382,0,0,0,0,0,0,0,0,0
201604,144,14020,C,Bloomington  IN ,26,26,6299,1,2,232,0,0,0,0,0,0,26,26,6299,1,2,232,0,0,0,0,0,0
201604,145,14010, ,Bloomington  IL ,17,17,2505,0,0,0,0,0,0,1,8,514,7,7,819,0,0,0,0,0,0,0,0,0
201604,146,14100,C,Bloomsburg-Berwick  PA ,11,11,2349,1,2,237,1,3,387,0,0,0,2,2,412,1,2,237,1,3,387,0,0,0
201604,147,14260,C,Boise City  ID ,492,492,112270,2,4,599,0,0,0,5,187,19371,490,490,111903,2,4,599,0,0,0,5,187,19371
201604,148,12700, ,Barnstable Town  MA ,8,8,3336,0,0,0,0,0,0,0,0,0,3,3,1676,0,0,0,0,0,0,0,0,0
201604,148,14460,C,Boston-Cambridge-Newton  MA-NH ,499,499,140363,17,34,5194,10,36,12255,19,393,72221,340,340,97676,12,24,3628,8,29,11276,7,312,60553
201604,148,31700, ,Manchester-Nashua  NH ,55,55,9731,2,4,566,0,0,0,1,5,720,51,51,7647,2,4,566,0,0,0,0,0,0
201604,148,39300,C,Providence-Warwick  RI-MA ,119,119,24259,3,6,852,1,3,603,1,5,797,60,60,12782,0,0,0,0,0,0,0,0,0
201604,148,49340, ,Worcester  MA-CT ,13,13,2250,2,4,400,0,0,0,0,0,0,6,6,871,2,4,400,0,0,0,0,0,0
201604,150,14540, ,Bowling Green  KY ,63,63,14355,6,12,3000,0,0,0,4,50,2596,63,63,14355,6,12,3000,0,0,0,4,50,2596
201604,154,15180, ,Brownsville-Harlingen  TX ,51,51,4816,0,0,0,0,0,0,0,0,0,51,51,4816,0,0,0,0,0,0,0,0,0
201604,160,15380,C,Buffalo-Cheektowaga-Niagara Falls  NY ,94,94,24041,0,0,0,1,4,416,2,21,1828,70,70,18335,0,0,0,1,4,416,1,8,398
201604,162,15980,C,Cape Coral-Fort Myers  FL ,333,333,84558,4,8,613,6,24,5892,6,178,89102,333,333,84558,4,8,613,6,24,5892,6,178,89102
201604,162,34940, ,Naples-Immokalee-Marco Island  FL ,267,267,67387,0,0,0,7,27,4622,2,40,11272,0,0,0,0,0,0,0,0,0,0,0,0
201604,164,16020, ,Cape Girardeau  MO-IL ,0,0,0,0,0,0,0,0,0,0,0,0,0,0,0,0,0,0,0,0,0,0,0,0
201604,168,16300, ,Cedar Rapids  IA ,51,51,5721,4,8,810,1,3,204,0,0,0,19,19,2182,2,4,508,0,0,0,0,0,0
201604,168,26980, ,Iowa City  IA ,35,35,5775,0,0,0,0,0,0,2,28,4060,34,34,5637,0,0,0,0,0,0,2,28,4060
201604,170,16620, ,Charleston  WV ,5,5,841,1,2,265,1,3,205,1,9,565,0,0,0,0,0,0,0,0,0,0,0,0
201604,170,26580, ,Huntington-Ashland  WV-KY-OH ,9,9,1843,0,0,0,0,0,0,0,0,0,7,7,1697,0,0,0,0,0,0,0,0,0
201604,172,16740, ,Charlotte-Concord-Gastonia  NC-SC ,1098,1098,286373,3,6,866,0,0,0,17,592,66966,997,997,258607,3,6,866,0,0,0,15,560,63939
201604,174,16860, ,Chattanooga  TN-GA ,142,142,25329,0,0,0,0,0,0,1,9,682,98,98,16767,0,0,0,0,0,0,0,0,0
201604,174,17420, ,Cleveland  TN ,23,23,4112,1,2,197,1,4,283,1,14,855,0,0,0,0,0,0,0,0,0,0,0,0
201604,176,16980, ,Chicago-Naperville-Elgin  IL-IN-WI ,753,753,207499,12,24,3826,13,43,6916,26,249,33776,640,640,174576,11,22,3479,13,43,6916,21,208,30301
201604,176,28100, ,Kankakee  IL ,5,5,1271,0,0,0,0,0,0,0,0,0,5,5,1271,0,0,0,0,0,0,0,0,0
201604,176,33140, ,Michigan City-La Porte  IN ,9,9,1872,0,0,0,0,0,0,0,0,0,9,9,1872,0,0,0,0,0,0,0,0,0
201604,178,17140, ,Cincinnati  OH-KY-IN ,362,362,85656,1,2,160,2,6,1474,5,279,23924,295,295,68730,0,0,0,2,6,1474,3,269,23111
201604,184,10420, ,Akron  OH ,54,54,16261,0,0,0,0,0,0,0,0,0,54,54,16261,0,0,0,0,0,0,0,0,0
201604,184,15940, ,Canton-Massillon  OH ,29,29,6485,0,0,0,0,0,0,1,5,384,25,25,6019,0,0,0,0,0,0,0,0,0
201604,184,17460, ,Cleveland-Elyria  OH ,247,247,58291,1,2,11,1,3,168,3,84,1598,169,169,43298,0,0,0,0,0,0,1,74,1155
201604,190,17860,C,Columbia  MO ,70,70,21570,0,0,0,1,4,495,1,79,11478,70,70,21570,0,0,0,1,4,495,1,79,11478
201604,192,17900,C,Columbia  SC ,369,369,76403,0,0,0,0,0,0,1,29,1637,231,231,58616,0,0,0,0,0,0,0,0,0
201604,194,12220, ,Auburn-Opelika  AL ,73,73,20470,0,0,0,0,0,0,0,0,0,73,73,20470,0,0,0,0,0,0,0,0,0
201604,194,17980, ,Columbus  GA-AL ,60,60,12997,0,0,0,0,0,0,1,22,2083,33,33,7483,0,0,0,0,0,0,0,0,0
201604,198,18140, ,Columbus  OH ,381,381,104621,0,0,0,14,55,6598,18,486,55401,338,338,93264,0,0,0,13,52,6239,18,486,55401
201604,204,18580, ,Corpus Christi  TX ,115,115,20008,0,0,0,0,0,0,0,0,0,7,7,1324,0,0,0,0,0,0,0,0,0
201604,206,19100, ,Dallas-Fort Worth-Arlington  TX ,2670,2670,760459,7,14,2273,4,16,1707,16,1328,119753,2022,2022,587015,1,2,214,0,0,0,8,545,58123
201604,209,19340, ,Davenport-Moline-Rock Island  IA-IL ,45,45,10048,0,0,0,0,0,0,0,0,0,29,29,5885,0,0,0,0,0,0,0,0,0
201604,212,19380, ,Dayton  OH ,79,79,20022,0,0,0,0,0,0,0,0,0,79,79,20022,0,0,0,0,0,0,0,0,0
201604,212,44220, ,Springfield  OH ,6,6,1505,0,0,0,0,0,0,0,0,0,6,6,1505,0,0,0,0,0,0,0,0,0
201604,216,14500, ,Boulder  CO ,51,51,18398,2,4,657,0,0,0,2,11,1570,9,9,5135,0,0,0,0,0,0,0,0,0
201604,216,19740, ,Denver-Aurora-Lakewood  CO ,877,877,249014,0,0,0,1,4,408,13,771,86893,767,767,218434,0,0,0,1,4,408,12,763,86213
201604,216,24540, ,Greeley  CO ,171,171,44464,1,2,337,1,3,1050,3,17,1792,116,116,29083,1,2,337,0,0,0,1,6,627
201604,218,11180, ,Ames  IA ,6,6,2338,0,0,0,0,0,0,1,9,1033,6,6,2338,0,0,0,0,0,0,1,9,1033
201604,218,19780, ,Des Moines-West Des Moines  IA ,354,354,87931,3,6,1101,0,0,0,8,517,58464,347,347,86079,3,6,1101,0,0,0,7,512,58004
201604,220,11460, ,Ann Arbor  MI ,17,17,4425,0,0,0,0,0,0,0,0,0,5,5,1287,0,0,0,0,0,0,0,0,0
201604,220,19820, ,Detroit-Warren-Dearborn  MI ,530,530,141619,0,0,0,4,14,1686,16,170,13877,471,471,124470,0,0,0,2,8,1252,15,164,13197
201604,220,22420, ,Flint  MI ,13,13,2861,0,0,0,0,0,0,4,48,4056,6,6,977,0,0,0,0,0,0,4,48,4056
201604,220,33780, ,Monroe  MI ,2,2,353,0,0,0,0,0,0,0,0,0,2,2,353,0,0,0,0,0,0,0,0,0
201604,222,20020, ,Dothan  AL ,20,20,5521,0,0,0,0,0,0,0,0,0,19,19,5390,0,0,0,0,0,0,0,0,0
201604,232,20740, ,Eau Claire  WI ,45,45,10143,2,4,350,0,0,0,1,5,267,41,41,9365,2,4,350,0,0,0,0,0,0
201604,236,21300, ,Elmira  NY ,0,0,0,0,0,0,0,0,0,0,0,0,0,0,0,0,0,0,0,0,0,0,0,0
201604,238,21340,C,El Paso  TX ,151,151,24269,7,14,804,0,0,0,7,36,2980,144,144,23577,7,14,804,0,0,0,7,36,2980
201604,238,29740,C,Las Cruces  NM ,71,71,13683,0,0,0,0,0,0,0,0,0,51,51,9892,0,0,0,0,0,0,0,0,0
201604,240,21500, ,Erie  PA ,6,6,1698,0,0,0,0,0,0,0,0,0,5,5,1522,0,0,0,0,0,0,0,0,0
201604,244,22020, ,Fargo  ND-MN ,191,191,47003,0,0,0,0,0,0,4,40,4372,188,188,46273,0,0,0,0,0,0,4,40,4372
201604,246,22180,C,Fayetteville  NC ,69,69,12319,0,0,0,0,0,0,0,0,0,69,69,12319,0,0,0,0,0,0,0,0,0
201604,258,23060, ,Fort Wayne  IN ,87,87,23003,0,0,0,0,0,0,0,0,0,87,87,23003,0,0,0,0,0,0,0,0,0
201604,260,23420,C,Fresno  CA ,288,288,74104,0,0,0,0,0,0,0,0,0,255,255,66019,0,0,0,0,0,0,0,0,0
201604,260,31460, ,Madera  CA ,16,16,3020,0,0,0,0,0,0,0,0,0,16,16,3020,0,0,0,0,0,0,0,0,0
201604,264,23540, ,Gainesville  FL ,26,26,3766,0,0,0,0,0,0,4,52,4403,19,19,2975,0,0,0,0,0,0,3,34,3300
201604,266,24340, ,Grand Rapids-Wyoming  MI ,150,150,34163,2,4,416,0,0,0,4,61,3515,104,104,25190,0,0,0,0,0,0,0,0,0
201604,266,34740, ,Muskegon  MI ,0,0,0,0,0,0,0,0,0,0,0,0,0,0,0,0,0,0,0,0,0,0,0,0
201604,267,24580, ,Green Bay  WI ,66,66,18154,1,2,350,0,0,0,0,0,0,45,45,14454,1,2,350,0,0,0,0,0,0
201604,268,15500, ,Burlington  NC ,85,85,13364,0,0,0,0,0,0,0,0,0,85,85,13364,0,0,0,0,0,0,0,0,0
201604,268,24660,C,Greensboro-High Point  NC ,239,239,58178,0,0,0,0,0,0,5,158,22352,212,212,51908,0,0,0,0,0,0,4,147,21204
201604,268,49180, ,Winston-Salem  NC ,108,108,19319,0,0,0,0,0,0,1,5,220,97,97,16720,0,0,0,0,0,0,0,0,0
201604,273,24860, ,Greenville-Anderson-Mauldin  SC ,330,330,81642,0,0,0,0,0,0,1,12,1173,289,289,73654,0,0,0,0,0,0,0,0,0
201604,273,43900, ,Spartanburg  SC ,196,196,32524,0,0,0,0,0,0,0,0,0,196,196,32524,0,0,0,0,0,0,0,0,0
201604,274,24780, ,Greenville  NC ,12,12,2316,1,2,182,0,0,0,0,0,0,12,12,2316,1,2,182,0,0,0,0,0,0
201604,276,23900,C,Gettysburg  PA ,18,18,2948,0,0,0,0,0,0,0,0,0,18,18,2948,0,0,0,0,0,0,0,0,0
201604,276,25420,C,Harrisburg-Carlisle  PA ,114,114,23162,0,0,0,1,4,760,2,11,989,92,92,18504,0,0,0,1,4,760,1,6,738
201604,276,30140, ,Lebanon  PA ,20,20,4165,0,0,0,0,0,0,0,0,0,20,20,4165,0,0,0,0,0,0,0,0,0
201604,276,49620, ,York-Hanover  PA ,11,11,2292,0,0,0,0,0,0,0,0,0,9,9,1778,0,0,0,0,0,0,0,0,0
201604,277,25500,C,Harrisonburg  VA ,28,28,5520,0,0,0,0,0,0,0,0,0,28,28,5520,0,0,0,0,0,0,0,0,0
201604,277,44420, ,Staunton-Waynesboro  VA ,21,21,3578,0,0,0,0,0,0,0,0,0,0,0,0,0,0,0,0,0,0,0,0,0
201604,278,25540,C,Hartford-West Hartford-East Hartford  CT ,69,69,15531,0,0,0,0,0,0,4,101,23499,51,51,12001,0,0,0,0,0,0,3,96,22885
201604,278,35980, ,Norwich-New London  CT ,17,17,2792,0,0,0,0,0,0,0,0,0,13,13,2130,0,0,0,0,0,0,0,0,0
201604,280,25860, ,Hickory-Lenoir-Morganton  NC ,1,1,153,0,0,0,0,0,0,1,6,334,0,0,0,0,0,0,0,0,0,0,0,0
201604,284,26300, ,Hot Springs  AR ,6,6,2547,0,0,0,0,0,0,0,0,0,6,6,2547,0,0,0,0,0,0,0,0,0
201604,288,26420, ,Houston-The Woodlands-Sugar Land  TX ,3048,3048,551182,9,18,3618,3,11,1714,15,592,44666,2083,2083,422676,8,16,3325,2,8,1276,11,550,41915
201604,290,19460, ,Decatur  AL ,19,19,3878,0,0,0,0,0,0,0,0,0,19,19,3878,0,0,0,0,0,0,0,0,0
201604,290,26620,C,Huntsville  AL ,221,221,35962,0,0,0,0,0,0,5,168,3788,220,220,35835,0,0,0,0,0,0,5,168,3788
201604,292,26820, ,Idaho Falls  ID ,65,65,15467,0,0,0,0,0,0,0,0,0,65,65,15467,0,0,0,0,0,0,0,0,0
201604,294,18020, ,Columbus  IN ,27,27,6697,0,0,0,0,0,0,0,0,0,27,27,6697,0,0,0,0,0,0,0,0,0
201604,294,26900, ,Indianapolis-Carmel-Anderson  IN ,533,533,144710,3,6,560,4,16,2206,6,148,13937,505,505,139188,2,4,400,4,16,2206,6,148,13937
201604,294,34620, ,Muncie  IN ,0,0,0,0,0,0,0,0,0,0,0,0,0,0,0,0,0,0,0,0,0,0,0,0
201604,296,27060, ,Ithaca  NY ,3,3,668,1,2,193,0,0,0,0,0,0,1,1,180,0,0,0,0,0,0,0,0,0
201604,297,27180, ,Jackson  TN ,13,13,2195,0,0,0,0,0,0,0,0,0,13,13,2195,0,0,0,0,0,0,0,0,0
201604,298,27140, ,Jackson  MS ,152,152,37710,0,0,0,0,0,0,0,0,0,88,88,23833,0,0,0,0,0,0,0,0,0
201604,300,27260,C,Jacksonville  FL ,790,790,193795,2,4,427,0,0,0,2,18,3385,759,759,184714,2,4,427,0,0,0,2,18,3385
201604,304,27740, ,Johnson City  TN ,0,0,0,0,0,0,0,0,0,0,0,0,0,0,0,0,0,0,0,0,0,0,0,0
201604,304,28700, ,Kingsport-Bristol-Bristol  TN-VA ,1,1,189,0,0,0,0,0,0,0,0,0,0,0,0,0,0,0,0,0,0,0,0,0
201604,306,27780, ,Johnstown  PA ,0,0,0,0,0,0,0,0,0,0,0,0,0,0,0,0,0,0,0,0,0,0,0,0
201604,308,27860, ,Jonesboro  AR ,46,46,6683,2,4,191,19,59,3375,2,13,735,46,46,6683,2,4,191,19,59,3375,2,13,735
201604,309,27900, ,Joplin  MO ,21,21,3236,6,12,1191,0,0,0,0,0,0,21,21,3236,6,12,1191,0,0,0,0,0,0
201604,310,12980, ,Battle Creek  MI ,0,0,0,0,0,0,0,0,0,0,0,0,0,0,0,0,0,0,0,0,0,0,0,0
201604,310,28020, ,Kalamazoo-Portage  MI ,6,6,1967,0,0,0,0,0,0,0,0,0,5,5,1725,0,0,0,0,0,0,0,0,0
201604,312,28140, ,Kansas City  MO-KS ,520,520,128887,7,14,1638,23,89,8300,13,433,32723,422,422,97994,7,14,1638,22,85,7664,11,405,30122
201604,312,29940, ,Lawrence  KS ,33,33,6365,0,0,0,0,0,0,1,49,5323,0,0,0,0,0,0,0,0,0,0,0,0
201604,312,41140, ,St. Joseph  MO-KS ,0,0,0,0,0,0,0,0,0,0,0,0,0,0,0,0,0,0,0,0,0,0,0,0
201604,314,28940, ,Knoxville  TN ,287,287,56355,0,0,0,0,0,0,1,13,855,280,280,55135,0,0,0,0,0,0,0,0,0
201604,316,29020, ,Kokomo  IN ,12,12,2055,0,0,0,0,0,0,0,0,0,12,12,2055,0,0,0,0,0,0,0,0,0
201604,318,29180, ,Lafayette  LA ,168,168,34705,0,0,0,0,0,0,1,26,1899,29,29,5947,0,0,0,0,0,0,0,0,0
201604,320,29200, ,Lafayette-West Lafayette  IN ,41,41,9047,1,2,360,0,0,0,0,0,0,2,2,310,0,0,0,0,0,0,0,0,0
201604,324,29340, ,Lake Charles  LA ,68,68,13160,4,8,600,0,0,0,1,5,1500,32,32,5532,4,8,600,0,0,0,1,5,1500
201604,330,29620, ,Lansing-East Lansing  MI ,20,20,4753,0,0,0,0,0,0,1,5,330,17,17,4395,0,0,0,0,0,0,0,0,0
201604,332,29420, ,Lake Havasu City-Kingman  AZ ,64,64,13209,1,2,307,0,0,0,0,0,0,56,56,11154,1,2,307,0,0,0,0,0,0
201604,332,29820,C,Las Vegas-Henderson-Paradise  NV ,855,855,153078,0,0,0,0,0,0,11,402,25867,855,855,153078,0,0,0,0,0,0,11,402,25867
201604,336,30460,C,Lexington-Fayette  KY ,145,145,21951,0,0,0,2,6,798,1,42,2405,74,74,11216,0,0,0,0,0,0,0,0,0
201604,338,30620, ,Lima  OH ,1,1,270,0,0,0,0,0,0,0,0,0,1,1,270,0,0,0,0,0,0,0,0,0
201604,339,30700, ,Lincoln  NE ,103,103,21722,1,2,250,0,0,0,6,156,16458,3,3,533,0,0,0,0,0,0,0,0,0
201604,340,30780, ,Little Rock-North Little Rock-Conway  AR ,145,145,25437,2,4,538,0,0,0,1,5,348,121,121,22841,2,4,538,0,0,0,0,0,0
201604,340,38220, ,Pine Bluff  AR ,1,1,141,0,0,0,0,0,0,0,0,0,0,0,0,0,0,0,0,0,0,0,0,0
201604,346,30980, ,Longview  TX ,5,5,1345,0,0,0,0,0,0,0,0,0,5,5,1345,0,0,0,0,0,0,0,0,0
201604,348,31080,C,Los Angeles-Long Beach-Anaheim  CA ,852,852,288209,28,56,10868,12,39,8157,44,2032,351097,712,712,241057,27,54,10201,11,36,7598,34,1881,328809
201604,348,37100, ,Oxnard-Thousand Oaks-Ventura  CA ,14,14,4414,0,0,0,1,3,476,1,31,3658,6,6,2419,0,0,0,0,0,0,0,0,0
201604,348,40140, ,Riverside-San Bernardino-Ontario  CA ,724,724,181601,0,0,0,2,7,730,16,128,13057,622,622,160332,0,0,0,2,7,730,15,121,12571
201604,350,21060, ,Elizabethtown-Fort Knox  KY ,30,30,5508,0,0,0,0,0,0,0,0,0,30,30,5508,0,0,0,0,0,0,0,0,0
201604,350,31140, ,Louisville-Jefferson County  KY-IN ,269,269,56692,1,2,209,1,4,111,4,66,5384,109,109,22149,0,0,0,0,0,0,0,0,0
201604,352,31180, ,Lubbock  TX ,90,90,23335,3,6,500,0,0,0,3,52,3547,4,4,1255,0,0,0,0,0,0,0,0,0
201604,356,31420, ,Macon-Bibb County  GA ,24,24,5242,0,0,0,0,0,0,0,0,0,24,24,5242,0,0,0,0,0,0,0,0,0
201604,356,47580, ,Warner Robins  GA ,71,71,13893,0,0,0,0,0,0,0,0,0,71,71,13893,0,0,0,0,0,0,0,0,0
201604,357,27500, ,Janesville-Beloit  WI ,16,16,3988,0,0,0,0,0,0,0,0,0,16,16,3988,0,0,0,0,0,0,0,0,0
201604,357,31540, ,Madison  WI ,130,130,37361,1,2,258,0,0,0,5,132,17226,114,114,32487,0,0,0,0,0,0,3,100,14300
201604,358,31740, ,Manhattan  KS ,18,18,4837,0,0,0,0,0,0,29,612,51287,18,18,4837,0,0,0,0,0,0,29,612,51287
201604,359,31860, ,Mankato-North Mankato  MN ,9,9,1713,0,0,0,2,8,637,1,38,2965,0,0,0,0,0,0,0,0,0,0,0,0
201604,365,32580,C,McAllen-Edinburg-Mission  TX ,263,263,46966,0,0,0,9,34,3429,1,60,4172,165,165,25177,0,0,0,9,34,3429,1,60,4172
201604,366,32780, ,Medford  OR ,38,38,9372,0,0,0,0,0,0,7,66,6957,31,31,7950,0,0,0,0,0,0,7,66,6957
201604,368,32820, ,Memphis  TN-MS-AR ,291,291,57593,0,0,0,1,4,558,1,31,7398,270,270,55356,0,0,0,1,4,558,1,31,7398
201604,370,33100, ,Miami-Fort Lauderdale-West Palm Beach  FL ,673,673,202497,8,16,3798,2,8,1387,33,958,153830,608,608,173113,8,16,3798,2,8,1387,27,843,128649
201604,370,38940, ,Port St. Lucie  FL ,122,122,27306,6,12,1830,0,0,0,0,0,0,122,122,27306,6,12,1830,0,0,0,0,0,0
201604,370,42680, ,Sebastian-Vero Beach  FL ,64,64,29277,0,0,0,3,9,1053,0,0,0,64,64,29277,0,0,0,3,9,1053,0,0,0
201604,372,33260, ,Midland  TX ,61,61,11767,0,0,0,0,0,0,0,0,0,61,61,11767,0,0,0,0,0,0,0,0,0
201604,372,36220,C,Odessa  TX ,44,44,9386,0,0,0,0,0,0,1,9,701,0,0,0,0,0,0,0,0,0,0,0,0
201604,376,33340,C,Milwaukee-Waukesha-West Allis  WI ,157,157,53385,3,6,558,0,0,0,13,145,19064,123,123,41613,2,4,440,0,0,0,7,42,5308
201604,376,39540, ,Racine  WI ,18,18,5059,1,2,361,0,0,0,0,0,0,8,8,2174,0,0,0,0,0,0,0,0,0
201604,378,33460, ,Minneapolis-St. Paul-Bloomington  MN-WI ,674,674,199248,1,2,250,3,11,1690,8,189,29541,606,606,175362,1,2,250,2,8,1360,7,147,21375
201604,378,41060, ,St. Cloud  MN ,3,3,704,0,0,0,0,0,0,0,0,0,3,3,704,0,0,0,0,0,0,0,0,0
201604,380,19300, ,Daphne-Fairhope-Foley  AL ,124,124,22812,1,2,188,3,11,1179,2,20,1822,10,10,2862,0,0,0,0,0,0,0,0,0
201604,380,33660, ,Mobile  AL ,69,69,14242,0,0,0,5,17,700,7,216,19000,68,68,14168,0,0,0,5,17,700,7,216,19000
201604,382,32900, ,Merced  CA ,16,16,4018,0,0,0,0,0,0,0,0,0,16,16,4018,0,0,0,0,0,0,0,0,0
201604,382,33700, ,Modesto  CA ,9,9,1288,0,0,0,0,0,0,0,0,0,9,9,1288,0,0,0,0,0,0,0,0,0
201604,384,33740, ,Monroe  LA ,43,43,9228,0,0,0,1,3,472,1,5,579,0,0,0,0,0,0,0,0,0,0,0,0
201604,390,34060, ,Morgantown  WV ,0,0,0,0,0,0,0,0,0,0,0,0,0,0,0,0,0,0,0,0,0,0,0,0
201604,396,34820, ,Myrtle Beach-Conway-North Myrtle Beach  SC-NC ,497,497,91770,8,16,810,1,3,578,6,53,4085,344,344,53764,8,16,810,0,0,0,5,48,3532
201604,400,34980, ,Nashville-Davidson--Murfreesboro--Franklin  TN ,1129,1129,263573,6,12,1578,2,7,1257,9,712,83569,1010,1010,229617,5,10,1413,2,7,1257,7,686,82104
201604,406,25220, ,Hammond  LA ,39,39,6727,0,0,0,0,0,0,0,0,0,34,34,5992,0,0,0,0,0,0,0,0,0
201604,406,35380, ,New Orleans-Metairie  LA ,191,191,42919,2,4,327,0,0,0,1,18,2236,132,132,30762,0,0,0,0,0,0,0,0,0
201604,408,10900, ,Allentown-Bethlehem-Easton  PA-NJ ,27,27,5613,0,0,0,0,0,0,1,24,1019,17,17,3623,0,0,0,0,0,0,1,24,1019
201604,408,14860,C,Bridgeport-Stamford-Norwalk  CT ,47,47,37736,3,6,550,0,0,0,2,35,4847,27,27,17072,3,6,550,0,0,0,2,35,4847
201604,408,20700, ,East Stroudsburg  PA ,7,7,1799,0,0,0,0,0,0,0,0,0,5,5,1223,0,0,0,0,0,0,0,0,0
201604,408,28740, ,Kingston  NY ,3,3,707,0,0,0,0,0,0,1,5,1220,1,1,90,0,0,0,0,0,0,0,0,0
201604,408,35300, ,New Haven-Milford  CT ,11,11,1652,0,0,0,0,0,0,1,10,615,4,4,527,0,0,0,0,0,0,0,0,0
201604,408,35620, ,New York-Newark-Jersey City  NY-NJ-PA ,907,907,256437,86,172,21678,14,48,6043,96,1860,227479,615,615,177093,74,148,18194,10,35,4492,62,1581,204809
201604,408,45940,C,Trenton  NJ ,18,18,3712,0,0,0,0,0,0,1,5,1,11,11,2432,0,0,0,0,0,0,1,5,1
201604,412,35840,C,North Port-Sarasota-Bradenton  FL ,450,450,122003,1,2,567,6,24,3305,8,359,56578,218,218,67792,0,0,0,3,12,1246,6,310,53437
201604,412,39460, ,Punta Gorda  FL ,78,78,17661,1,2,274,0,0,0,1,10,1011,0,0,0,0,0,0,0,0,0,0,0,0
201604,416,36420,C,Oklahoma City  OK ,432,432,95253,5,10,1246,9,35,2882,1,159,20455,399,399,89255,4,8,1111,9,35,2882,1,159,20455
201604,420,36540, ,Omaha-Council Bluffs  NE-IA ,296,296,56522,0,0,0,0,0,0,7,333,24172,238,238,42230,0,0,0,0,0,0,7,333,24172
201604,422,19660, ,Deltona-Daytona Beach-Ormond Beach  FL ,137,137,41746,0,0,0,0,0,0,1,9,765,87,87,25279,0,0,0,0,0,0,0,0,0
201604,422,36740, ,Orlando-Kissimmee-Sanford  FL ,1158,1158,332040,12,24,5547,1,4,645,9,396,35511,960,960,274436,12,24,5547,1,4,645,8,391,34837
201604,422,45540, ,The Villages  FL ,82,82,26382,0,0,0,0,0,0,0,0,0,82,82,26382,0,0,0,0,0,0,0,0,0
201604,425,37620, ,Parkersburg-Vienna  WV ,9,9,1206,1,2,200,0,0,0,0,0,0,0,0,0,0,0,0,0,0,0,0,0,0
201604,426,37860,C,Pensacola-Ferry Pass-Brent  FL ,195,195,37102,0,0,0,0,0,0,7,84,8807,195,195,37102,0,0,0,0,0,0,7,84,8807
201604,427,37900, ,Peoria  IL ,6,6,1878,0,0,0,0,0,0,0,0,0,5,5,1651,0,0,0,0,0,0,0,0,0
201604,428,12100,C,Atlantic City-Hammonton  NJ ,67,67,14873,0,0,0,2,6,911,1,7,1045,56,56,13440,0,0,0,2,6,911,0,0,0
201604,428,20100,C,Dover  DE ,97,97,13598,0,0,0,0,0,0,1,6,780,93,93,13144,0,0,0,0,0,0,1,6,780
201604,428,36140,C,Ocean City  NJ ,26,26,7236,5,10,2289,0,0,0,0,0,100,22,22,5427,5,10,2289,0,0,0,0,0,100
201604,428,37980,C,Philadelphia-Camden-Wilmington  PA-NJ-DE-MD ,676,676,125012,13,26,2195,10,33,4079,18,230,20284,421,421,72043,7,14,800,0,0,0,10,140,7328
201604,428,39740, ,Reading  PA ,9,9,897,0,0,0,0,0,0,0,0,0,8,8,689,0,0,0,0,0,0,0,0,0
201604,428,47220,C,Vineland-Bridgeton  NJ ,16,16,1589,0,0,0,0,0,0,1,5,666,1,1,10,0,0,0,0,0,0,0,0,0
201604,430,38300, ,Pittsburgh  PA ,94,94,24654,2,4,445,0,0,0,1,33,2706,53,53,15174,0,0,0,0,0,0,0,0,0
201604,430,48260, ,Weirton-Steubenville  WV-OH ,0,0,0,0,0,0,0,0,0,0,0,0,0,0,0,0,0,0,0,0,0,0,0,0
201604,438,30340, ,Lewiston-Auburn  ME ,6,6,970,1,2,180,0,0,0,1,6,188,5,5,820,1,2,180,0,0,0,1,6,188
201604,438,38860, ,Portland-South Portland  ME ,120,120,27696,4,8,1355,1,3,333,2,10,1346,57,57,12317,2,4,410,0,0,0,0,0,0
201604,440,10540, ,Albany  OR ,14,14,3147,0,0,0,0,0,0,0,0,0,7,7,1712,0,0,0,0,0,0,0,0,0
201604,440,18700, ,Corvallis  OR ,5,5,1253,0,0,0,0,0,0,0,0,0,5,5,1253,0,0,0,0,0,0,0,0,0
201604,440,31020, ,Longview  WA ,12,12,2495,0,0,0,0,0,0,0,0,0,0,0,0,0,0,0,0,0,0,0,0,0
201604,440,38900, ,Portland-Vancouver-Hillsboro  OR-WA ,710,710,201918,9,18,3186,1,4,463,18,386,45822,677,677,191690,9,18,3186,1,4,463,16,366,43520
201604,440,41420, ,Salem  OR ,39,39,11381,0,0,0,0,0,0,0,0,0,38,38,11156,0,0,0,0,0,0,0,0,0
201604,444,39380,C,Pueblo  CO ,26,26,4616,0,0,0,0,0,0,0,0,0,26,26,4616,0,0,0,0,0,0,0,0,0
201604,450,20500,C,Durham-Chapel Hill  NC ,259,259,56396,3,6,553,0,0,0,4,108,8585,104,104,29952,0,0,0,0,0,0,0,0,0
201604,450,39580,C,Raleigh  NC ,1027,1027,225882,0,0,0,0,0,0,6,282,32639,964,964,213197,0,0,0,0,0,0,6,282,32639
201604,452,39660, ,Rapid City  SD ,46,46,8662,0,0,0,0,0,0,0,0,0,37,37,7284,0,0,0,0,0,0,0,0,0
201604,454,39820, ,Redding  CA ,5,5,936,0,0,0,0,0,0,0,0,0,5,5,936,0,0,0,0,0,0,0,0,0
201604,456,16180,C,Carson City  NV ,2,2,539,0,0,0,0,0,0,0,0,0,2,2,539,0,0,0,0,0,0,0,0,0
201604,456,39900,C,Reno  NV ,172,172,45753,1,2,249,0,0,0,2,42,4618,68,68,19921,0,0,0,0,0,0,0,0,0
201604,462,40340, ,Rochester  MN ,38,38,8309,0,0,0,1,4,617,0,0,0,38,38,8309,0,0,0,1,4,617,0,0,0
201604,464,40380, ,Rochester  NY ,117,117,24930,1,2,140,0,0,0,2,17,1623,103,103,22908,1,2,140,0,0,0,1,9,897
201604,466,40420, ,Rockford  IL ,16,16,2799,0,0,0,0,0,0,0,0,0,16,16,2799,0,0,0,0,0,0,0,0,0
201604,470,40660, ,Rome  GA ,12,12,2418,0,0,0,0,0,0,0,0,0,12,12,2418,0,0,0,0,0,0,0,0,0
201604,472,40900,C,Sacramento--Roseville--Arden-Arcade  CA ,539,539,160889,1,2,176,0,0,0,4,52,9231,533,533,159127,1,2,176,0,0,0,4,52,9231
201604,474,13020, ,Bay City  MI ,0,0,0,0,0,0,0,0,0,0,0,0,0,0,0,0,0,0,0,0,0,0,0,0
201604,474,33220, ,Midland  MI ,7,7,879,4,8,511,0,0,0,0,0,0,7,7,879,4,8,511,0,0,0,0,0,0
201604,474,40980, ,Saginaw  MI ,1,1,175,0,0,0,0,0,0,0,0,0,1,1,175,0,0,0,0,0,0,0,0,0
201604,476,41180, ,St. Louis  MO-IL ,481,481,119568,2,4,631,1,4,406,10,252,22767,303,303,69587,1,2,280,1,4,406,3,100,4170
201604,482,36260, ,Ogden-Clearfield  UT ,198,198,51102,1,2,259,3,11,1821,5,234,18383,168,168,41803,1,2,259,2,8,1334,4,229,17879
201604,482,39340, ,Provo-Orem  UT ,350,350,88818,0,0,0,0,0,0,15,101,5772,349,349,88384,0,0,0,0,0,0,15,101,5772
201604,482,41620, ,Salt Lake City  UT ,373,373,89370,3,6,1025,1,3,366,5,165,17869,289,289,64647,2,4,499,0,0,0,0,0,0
201604,488,41860,C,San Francisco-Oakland-Hayward  CA ,408,408,149495,2,4,1650,1,4,1012,21,322,53726,226,226,90766,2,4,1650,1,4,1012,7,112,23575
201604,488,41940,C,San Jose-Sunnyvale-Santa Clara  CA ,184,184,70436,0,0,0,1,4,910,3,47,11135,132,132,52968,0,0,0,1,4,910,1,13,5764
201604,488,42100, ,Santa Cruz-Watsonville  CA ,10,10,2153,0,0,0,0,0,0,1,5,509,0,0,0,0,0,0,0,0,0,0,0,0
201604,488,42220, ,Santa Rosa  CA ,26,26,7403,0,0,0,0,0,0,0,0,0,22,22,6105,0,0,0,0,0,0,0,0,0
201604,488,44700, ,Stockton-Lodi  CA ,127,127,29566,1,2,340,0,0,0,0,0,0,83,83,16096,0,0,0,0,0,0,0,0,0
201604,488,46700, ,Vallejo-Fairfield  CA ,44,44,14021,0,0,0,0,0,0,0,0,0,44,44,14021,0,0,0,0,0,0,0,0,0
201604,496,25980, ,Hinesville  GA ,30,30,6673,0,0,0,0,0,0,0,0,0,30,30,6673,0,0,0,0,0,0,0,0,0
201604,496,42340, ,Savannah  GA ,198,198,52737,0,0,0,0,0,0,0,0,0,185,185,50800,0,0,0,0,0,0,0,0,0
201604,500,14740,C,Bremerton-Silverdale  WA ,89,89,25825,0,0,0,0,0,0,1,18,4151,89,89,25825,0,0,0,0,0,0,1,18,4151
201604,500,34580, ,Mount Vernon-Anacortes  WA ,42,42,9230,0,0,0,0,0,0,0,0,0,22,22,5029,0,0,0,0,0,0,0,0,0
201604,500,36500, ,Olympia-Tumwater  WA ,103,103,27798,0,0,0,0,0,0,4,161,17958,97,97,26339,0,0,0,0,0,0,3,156,17430
201604,500,42660,C,Seattle-Tacoma-Bellevue  WA ,840,840,288126,18,36,6796,10,34,5538,28,1155,161552,764,764,253668,18,36,6796,10,34,5538,24,1093,153198
201604,512,43580, ,Sioux City  IA-NE-SD ,13,13,3431,0,0,0,1,3,0,0,0,0,4,4,870,0,0,0,0,0,0,0,0,0
201604,515,21140, ,Elkhart-Goshen  IN ,26,26,5188,0,0,0,0,0,0,0,0,0,26,26,5188,0,0,0,0,0,0,0,0,0
201604,515,35660, ,Niles-Benton Harbor  MI ,3,3,730,0,0,0,0,0,0,0,0,0,3,3,730,0,0,0,0,0,0,0,0,0
201604,515,43780, ,South Bend-Mishawaka  IN-MI ,20,20,5047,0,0,0,0,0,0,0,0,0,19,19,4829,0,0,0,0,0,0,0,0,0
201604,518,17660, ,Coeur dAlene  ID ,83,83,20715,1,2,500,0,0,0,1,12,804,51,51,13567,1,2,500,0,0,0,0,0,0
201604,518,44060, ,Spokane-Spokane Valley  WA ,173,173,40268,12,24,3512,0,0,0,1,13,1299,135,135,31905,11,22,3201,0,0,0,0,0,0
201604,520,44180, ,Springfield  MO ,68,68,13639,0,0,0,0,0,0,4,101,4199,52,52,10864,0,0,0,0,0,0,0,0,0
201604,521,44140, ,Springfield  MA ,4,4,630,0,0,0,0,0,0,0,0,0,3,3,480,0,0,0,0,0,0,0,0,0
201604,522,44100, ,Springfield  IL ,7,7,1856,2,4,610,1,3,855,0,0,0,0,0,0,0,0,0,0,0,0,0,0,0
201604,524,44300, ,State College  PA ,17,17,4325,0,0,0,0,0,0,0,0,0,7,7,1437,0,0,0,0,0,0,0,0,0
201604,532,45060, ,Syracuse  NY ,34,34,7872,0,0,0,1,3,326,1,7,430,33,33,7768,0,0,0,0,0,0,0,0,0
201604,533,45220, ,Tallahassee  FL ,67,67,12017,1,2,340,0,0,0,1,8,683,16,16,2005,0,0,0,0,0,0,0,0,0
201604,534,45780, ,Toledo  OH ,43,43,13628,1,2,170,0,0,0,0,0,0,41,41,13403,1,2,170,0,0,0,0,0,0
201604,536,46060,C,Tucson  AZ ,224,224,63505,1,2,346,0,0,0,1,14,2472,30,30,7829,0,0,0,0,0,0,0,0,0
201604,538,46140,C,Tulsa  OK ,290,290,60240,6,12,840,9,36,3392,4,24,2169,248,248,51168,6,12,840,9,36,3392,4,24,2169
201604,540,46340, ,Tyler  TX ,14,14,4792,3,6,1301,20,60,12200,0,0,0,14,14,4792,3,6,1301,20,60,12200,0,0,0
201604,545,47260, ,Virginia Beach-Norfolk-Newport News  VA-NC ,372,372,77836,1,2,127,2,8,1183,13,572,24789,317,317,66185,0,0,0,2,8,1183,12,559,24267
201604,546,47300, ,Visalia-Porterville  CA ,122,122,30619,0,0,0,0,0,0,0,0,0,122,122,30619,0,0,0,0,0,0,0,0,0
201604,548,12580,C,Baltimore-Columbia-Towson  MD ,319,319,71277,3,6,636,0,0,0,3,273,15252,287,287,65233,2,4,427,0,0,0,2,206,4300
201604,548,15680,C,California-Lexington Park  MD ,60,60,10242,0,0,0,0,0,0,0,0,0,5,5,945,0,0,0,0,0,0,0,0,0
201604,548,16540,C,Chambersburg-Waynesboro  PA ,26,26,4465,0,0,0,0,0,0,0,0,0,24,24,4277,0,0,0,0,0,0,0,0,0
201604,548,25180, ,Hagerstown-Martinsburg  MD-WV ,76,76,13758,0,0,0,0,0,0,0,0,0,76,76,13758,0,0,0,0,0,0,0,0,0
201604,548,47900, ,Washington-Arlington-Alexandria  DC-VA-MD-WV ,1153,1153,264592,5,10,1001,1,4,503,14,622,26253,1034,1034,231015,5,10,1001,1,4,503,13,597,24160
201604,548,49020, ,Winchester  VA-WV ,90,90,20380,0,0,0,0,0,0,0,0,0,90,90,20380,0,0,0,0,0,0,0,0,0
201604,554,48140, ,Wausau  WI ,16,16,2691,0,0,0,0,0,0,0,0,0,9,9,1337,0,0,0,0,0,0,0,0,0
201604,556,48620, ,Wichita  KS ,92,92,23603,9,18,1472,0,0,0,5,49,3447,24,24,5761,0,0,0,0,0,0,0,0,0
201604,558,48700, ,Williamsport  PA ,1,1,100,0,0,0,0,0,0,0,0,0,1,1,100,0,0,0,0,0,0,0,0,0
201604,566,49660, ,Youngstown-Warren-Boardman  OH-PA ,20,20,4078,0,0,0,0,0,0,0,0,0,0,0,0,0,0,0,0,0,0,0,0,0
201604,999,10180, ,Abilene  TX ,40,40,7285,0,0,0,0,0,0,0,0,0,40,40,7285,0,0,0,0,0,0,0,0,0
201604,999,10500, ,Albany  GA ,12,12,1335,1,2,150,0,0,0,0,0,0,7,7,784,0,0,0,0,0,0,0,0,0
201604,999,10780, ,Alexandria  LA ,13,13,2176,0,0,0,0,0,0,0,0,0,11,11,1624,0,0,0,0,0,0,0,0,0
201604,999,11020, ,Altoona  PA ,0,0,0,0,0,0,0,0,0,0,0,0,0,0,0,0,0,0,0,0,0,0,0,0
201604,999,11260,C,Anchorage  AK ,66,66,20605,0,0,0,1,3,523,2,53,5717,2,2,575,0,0,0,0,0,0,1,42,3978
201604,999,11500, ,Anniston-Oxford-Jacksonville  AL ,3,3,457,0,0,0,0,0,0,0,0,0,0,0,0,0,0,0,0,0,0,0,0,0
201604,999,12260, ,Augusta-Richmond County  GA-SC ,249,249,46086,0,0,0,0,0,0,2,24,861,63,63,13683,0,0,0,0,0,0,0,0,0
201604,999,12420, ,Austin-Round Rock  TX ,1331,1331,316528,23,46,9102,1,4,327,6,120,12750,1157,1157,282536,23,46,9102,1,4,327,6,120,12750
201604,999,12540, ,Bakersfield  CA ,156,156,39006,0,0,0,0,0,0,1,5,459,19,19,3465,0,0,0,0,0,0,0,0,0
201604,999,12620, ,Bangor  ME ,10,10,2377,0,0,0,0,0,0,0,0,0,10,10,2377,0,0,0,0,0,0,0,0,0
201604,999,12940,C,Baton Rouge  LA ,254,254,54322,0,0,0,0,0,0,1,5,385,201,201,45050,0,0,0,0,0,0,0,0,0
201604,999,13140, ,Beaumont-Port Arthur  TX ,37,37,8093,0,0,0,0,0,0,5,164,8000,37,37,8093,0,0,0,0,0,0,5,164,8000
201604,999,13220,C,Beckley  WV ,6,6,1048,0,0,0,0,0,0,0,0,0,3,3,680,0,0,0,0,0,0,0,0,0
201604,999,13380, ,Bellingham  WA ,63,63,16930,0,0,0,3,12,1627,1,9,2887,37,37,9759,0,0,0,3,12,1627,1,9,2887
201604,999,13740, ,Billings  MT ,39,39,7553,0,0,0,0,0,0,0,0,0,39,39,7553,0,0,0,0,0,0,0,0,0
201604,999,13780, ,Binghamton  NY ,0,0,0,0,0,0,0,0,0,0,0,0,0,0,0,0,0,0,0,0,0,0,0,0
201604,999,13900, ,Bismarck  ND ,62,62,13213,1,2,339,0,0,0,2,41,3823,1,1,550,0,0,0,0,0,0,0,0,0
201604,999,13980, ,Blacksburg-Christiansburg-Radford  VA ,6,6,2669,0,0,0,0,0,0,0,0,0,6,6,2669,0,0,0,0,0,0,0,0,0
201604,999,15260, ,Brunswick  GA ,48,48,12598,0,0,0,0,0,0,0,0,0,0,0,0,0,0,0,0,0,0,0,0,0
201604,999,15540, ,Burlington-South Burlington  VT ,28,28,6511,5,10,1316,0,0,0,0,0,0,22,22,5127,5,10,1316,0,0,0,0,0,0
201604,999,16220, ,Casper  WY ,19,19,5302,0,0,0,0,0,0,0,0,0,19,19,5302,0,0,0,0,0,0,0,0,0
201604,999,16580, ,Champaign-Urbana  IL ,36,36,6574,1,2,232,0,0,0,3,46,2457,36,36,6574,1,2,232,0,0,0,3,46,2457
201604,999,16700,C,Charleston-North Charleston  SC ,418,418,108809,3,6,669,0,0,0,4,97,5073,200,200,50739,0,0,0,0,0,0,0,0,0
201604,999,16820, ,Charlottesville  VA ,52,52,17345,0,0,0,0,0,0,1,11,1626,46,46,16036,0,0,0,0,0,0,0,0,0
201604,999,16940, ,Cheyenne  WY ,34,34,6751,0,0,0,0,0,0,0,0,0,34,34,6751,0,0,0,0,0,0,0,0,0
201604,999,17020, ,Chico  CA ,13,13,2931,0,0,0,0,0,0,0,0,0,13,13,2931,0,0,0,0,0,0,0,0,0
201604,999,17300,C,Clarksville  TN-KY ,140,140,17845,4,8,670,0,0,0,0,0,0,139,139,17774,4,8,670,0,0,0,0,0,0
201604,999,17780, ,College Station-Bryan  TX ,123,123,17176,12,24,2140,6,24,1605,3,27,2857,123,123,17176,12,24,2140,6,24,1605,3,27,2857
201604,999,17820,C,Colorado Springs  CO ,358,358,150078,2,4,435,0,0,0,2,172,29309,358,358,150078,2,4,435,0,0,0,2,172,29309
201604,999,18880,C,Crestview-Fort Walton Beach-Destin  FL ,181,181,64910,0,0,0,0,0,0,2,41,28963,177,177,64251,0,0,0,0,0,0,2,41,28963
201604,999,19060, ,Cumberland  MD-WV ,6,6,764,0,0,0,0,0,0,0,0,0,6,6,764,0,0,0,0,0,0,0,0,0
201604,999,19180, ,Danville  IL ,0,0,0,0,0,0,0,0,0,0,0,0,0,0,0,0,0,0,0,0,0,0,0,0
201604,999,19500, ,Decatur  IL ,9,9,1390,0,0,0,0,0,0,0,0,0,9,9,1390,0,0,0,0,0,0,0,0,0
201604,999,20220, ,Dubuque  IA ,22,22,2425,0,0,0,0,0,0,0,0,0,22,22,2425,0,0,0,0,0,0,0,0,0
201604,999,20260, ,Duluth  MN-WI ,10,10,1803,0,0,0,0,0,0,0,0,0,8,8,1415,0,0,0,0,0,0,0,0,0
201604,999,20940, ,El Centro  CA ,6,6,1340,0,0,0,0,0,0,0,0,0,5,5,1158,0,0,0,0,0,0,0,0,0
201604,999,21420, ,Enid  OK ,6,6,860,0,0,0,0,0,0,0,0,0,6,6,860,0,0,0,0,0,0,0,0,0
201604,999,21660, ,Eugene  OR ,49,49,12363,0,0,0,0,0,0,5,54,3632,33,33,8273,0,0,0,0,0,0,5,54,3632
201604,999,21780, ,Evansville  IN-KY ,68,68,14822,0,0,0,0,0,0,1,5,75,66,66,14453,0,0,0,0,0,0,0,0,0
201604,999,21820,C,Fairbanks  AK ,3,3,750,0,0,0,0,0,0,0,0,0,3,3,750,0,0,0,0,0,0,0,0,0
201604,999,22140,C,Farmington  NM ,12,12,2449,0,0,0,0,0,0,0,0,0,12,12,2449,0,0,0,0,0,0,0,0,0
201604,999,22220, ,Fayetteville-Springdale-Rogers  AR-MO ,286,286,63880,8,16,1109,0,0,0,1,7,502,220,220,52560,8,16,1109,0,0,0,0,0,0
201604,999,22380, ,Flagstaff  AZ ,32,32,5606,0,0,0,0,0,0,0,0,0,32,32,5606,0,0,0,0,0,0,0,0,0
201604,999,22500, ,Florence  SC ,25,25,3927,0,0,0,0,0,0,0,0,0,0,0,0,0,0,0,0,0,0,0,0,0
201604,999,22520, ,Florence-Muscle Shoals  AL ,16,16,1731,0,0,0,0,0,0,0,0,0,6,6,549,0,0,0,0,0,0,0,0,0
201604,999,22540, ,Fond du Lac  WI ,9,9,2664,0,0,0,0,0,0,3,36,1950,7,7,2117,0,0,0,0,0,0,3,36,1950
201604,999,22660,C,Fort Collins  CO ,167,167,45971,0,0,0,1,4,763,0,0,0,165,165,45531,0,0,0,1,4,763,0,0,0
201604,999,22900, ,Fort Smith  AR-OK ,76,76,11083,8,16,832,0,0,0,0,0,0,66,66,9781,8,16,832,0,0,0,0,0,0
201604,999,23460, ,Gadsden  AL ,6,6,777,0,0,0,0,0,0,0,0,0,6,6,777,0,0,0,0,0,0,0,0,0
201604,999,24220, ,Grand Forks  ND-MN ,28,28,7774,0,0,0,0,0,0,0,0,0,27,27,7408,0,0,0,0,0,0,0,0,0
201604,999,24260, ,Grand Island  NE ,19,19,2938,0,0,0,0,0,0,0,0,0,19,19,2938,0,0,0,0,0,0,0,0,0
201604,999,24300,C,Grand Junction  CO ,53,53,11076,0,0,0,0,0,0,1,27,1718,53,53,11076,0,0,0,0,0,0,1,27,1718
201604,999,24500, ,Great Falls  MT ,18,18,4927,0,0,0,0,0,0,0,0,0,18,18,4927,0,0,0,0,0,0,0,0,0
201604,999,25060, ,Gulfport-Biloxi-Pascagoula  MS ,169,169,27836,3,6,457,1,4,401,1,9,762,129,129,22106,2,4,272,0,0,0,0,0,0
201604,999,25620, ,Hattiesburg  MS ,9,9,328,0,0,0,0,0,0,1,5,115,0,0,0,0,0,0,0,0,0,0,0,0
201604,999,25940, ,Hilton Head Island-Bluffton-Beaufort  SC ,53,53,18595,0,0,0,0,0,0,0,0,0,34,34,13971,0,0,0,0,0,0,0,0,0
201604,999,26140, ,Homosassa Springs  FL ,32,32,7078,0,0,0,0,0,0,0,0,0,0,0,0,0,0,0,0,0,0,0,0,0
201604,999,26380, ,Houma-Thibodaux  LA ,49,49,10173,0,0,0,0,0,0,0,0,0,49,49,10173,0,0,0,0,0,0,0,0,0
201604,999,27100, ,Jackson  MI ,1,1,205,0,0,0,0,0,0,0,0,0,0,0,0,0,0,0,0,0,0,0,0,0
201604,999,27340,C,Jacksonville  NC ,68,68,9299,0,0,0,0,0,0,0,0,0,68,68,9299,0,0,0,0,0,0,0,0,0
201604,999,27980,C,Kahului-Wailuku-Lahaina  HI ,12,12,3453,1,2,441,0,0,0,0,0,0,12,12,3453,1,2,441,0,0,0,0,0,0
201604,999,28420,C,Kennewick-Richland  WA ,129,129,36438,0,0,0,0,0,0,2,51,4473,68,68,18903,0,0,0,0,0,0,2,51,4473
201604,999,28660,C,Killeen-Temple  TX ,176,176,32007,8,16,1257,0,0,0,1,6,822,156,156,28208,7,14,1124,0,0,0,0,0,0
201604,999,29100, ,La Crosse-Onalaska  WI-MN ,24,24,5494,0,0,0,0,0,0,0,0,0,23,23,5285,0,0,0,0,0,0,0,0,0
201604,999,29460, ,Lakeland-Winter Haven  FL ,274,274,59963,0,0,0,0,0,0,0,0,0,273,273,59880,0,0,0,0,0,0,0,0,0
201604,999,29540, ,Lancaster  PA ,4,4,679,1,2,280,0,0,0,0,0,0,0,0,0,0,0,0,0,0,0,0,0,0
201604,999,29700, ,Laredo  TX ,98,98,14321,0,0,0,1,4,191,1,48,3000,0,0,0,0,0,0,0,0,0,0,0,0
201604,999,30020, ,Lawton  OK ,8,8,1584,0,0,0,0,0,0,0,0,0,8,8,1584,0,0,0,0,0,0,0,0,0
201604,999,30300, ,Lewiston  ID-WA ,0,0,0,0,0,0,0,0,0,0,0,0,0,0,0,0,0,0,0,0,0,0,0,0
201604,999,30860, ,Logan  UT-ID ,33,33,4191,0,0,0,1,4,822,0,0,0,32,32,3962,0,0,0,1,4,822,0,0,0
201604,999,31340, ,Lynchburg  VA ,40,40,9996,0,0,0,0,0,0,0,0,0,35,35,9209,0,0,0,0,0,0,0,0,0
201604,999,33540,C,Missoula  MT ,29,29,3470,2,4,341,0,0,0,1,5,139,19,19,1893,2,4,341,0,0,0,0,0,0
201604,999,33860, ,Montgomery  AL ,66,66,14314,0,0,0,0,0,0,1,15,1190,36,36,8844,0,0,0,0,0,0,0,0,0
201604,999,36100, ,Ocala  FL ,103,103,18139,0,0,0,0,0,0,0,0,0,103,103,18139,0,0,0,0,0,0,0,0,0
201604,999,36980, ,Owensboro  KY ,16,16,1674,0,0,0,0,0,0,0,0,0,16,16,1674,0,0,0,0,0,0,0,0,0
201604,999,37340, ,Palm Bay-Melbourne-Titusville  FL ,142,142,49483,0,0,0,0,0,0,0,0,0,142,142,49483,0,0,0,0,0,0,0,0,0
201604,999,37460, ,Panama City  FL ,51,51,11733,0,0,0,0,0,0,0,0,0,51,51,11733,0,0,0,0,0,0,0,0,0
201604,999,38060,C,Phoenix-Mesa-Scottsdale  AZ ,1684,1684,457878,23,46,3576,6,19,2958,16,202,29299,1538,1538,409922,23,46,3576,6,19,2958,16,202,29299
201604,999,38340, ,Pittsfield  MA ,0,0,0,0,0,0,0,0,0,0,0,0,0,0,0,0,0,0,0,0,0,0,0,0
201604,999,38540, ,Pocatello  ID ,14,14,1731,0,0,0,0,0,0,0,0,0,8,8,1107,0,0,0,0,0,0,0,0,0
201604,999,39140, ,Prescott  AZ ,77,77,20414,1,2,391,0,0,0,0,0,0,77,77,20414,1,2,391,0,0,0,0,0,0
201604,999,40060, ,Richmond  VA ,407,407,90818,1,2,230,1,4,506,3,25,2848,393,393,88252,1,2,230,1,4,506,2,20,2593
201604,999,41100, ,St. George  UT ,102,102,21334,0,0,0,0,0,0,0,0,0,102,102,21334,0,0,0,0,0,0,0,0,0
201604,999,41500, ,Salinas  CA ,19,19,5106,0,0,0,0,0,0,1,5,578,18,18,4924,0,0,0,0,0,0,0,0,0
201604,999,41540, ,Salisbury  MD-DE ,226,226,30989,4,8,220,1,3,424,0,0,0,226,226,30989,4,8,220,1,3,424,0,0,0
201604,999,41660,C,San Angelo  TX ,13,13,2920,0,0,0,0,0,0,0,0,0,13,13,2920,0,0,0,0,0,0,0,0,0
201604,999,41700,C,San Antonio-New Braunfels  TX ,593,593,136338,13,26,3283,4,16,1521,14,70,7535,444,444,103907,10,20,2622,4,16,1521,11,55,5519
201604,999,41740,C,San Diego-Carlsbad  CA ,154,154,56840,4,8,1129,0,0,0,21,793,177107,144,144,52275,4,8,1129,0,0,0,19,780,175264
201604,999,42020, ,San Luis Obispo-Paso Robles-Arroyo Grande  CA ,30,30,12238,0,0,0,0,0,0,0,0,0,0,0,0,0,0,0,0,0,0,0,0,0
201604,999,42200, ,Santa Maria-Santa Barbara  CA ,10,10,5183,0,0,0,0,0,0,1,6,522,10,10,5183,0,0,0,0,0,0,1,6,522
201604,999,42540, ,Scranton--Wilkes-Barre--Hazleton  PA ,6,6,1769,0,0,0,0,0,0,0,0,0,3,3,1088,0,0,0,0,0,0,0,0,0
201604,999,43100, ,Sheboygan  WI ,1,1,350,0,0,0,0,0,0,0,0,0,1,1,350,0,0,0,0,0,0,0,0,0
201604,999,43340, ,Shreveport-Bossier City  LA ,61,61,14155,0,0,0,0,0,0,0,0,0,32,32,8981,0,0,0,0,0,0,0,0,0
201604,999,43420, ,Sierra Vista-Douglas  AZ ,15,15,2346,0,0,0,0,0,0,1,6,579,15,15,2346,0,0,0,0,0,0,0,0,0
201604,999,43620, ,Sioux Falls  SD ,160,160,31180,0,0,0,1,4,282,9,212,19064,159,159,30979,0,0,0,1,4,282,9,212,19064
201604,999,44940,C,Sumter  SC ,27,27,4807,0,0,0,0,0,0,0,0,0,27,27,4807,0,0,0,0,0,0,0,0,0
201604,999,45300,C,Tampa-St. Petersburg-Clearwater  FL ,713,713,222580,0,0,0,1,4,346,14,961,147494,708,708,220685,0,0,0,1,4,346,13,949,146328
201604,999,45460, ,Terre Haute  IN ,5,5,912,1,2,164,0,0,0,1,5,553,4,4,754,0,0,0,0,0,0,0,0,0
201604,999,45500, ,Texarkana  TX-AR ,5,5,716,0,0,0,0,0,0,0,0,0,1,1,139,0,0,0,0,0,0,0,0,0
201604,999,45820, ,Topeka  KS ,28,28,5733,0,0,0,0,0,0,0,0,0,28,28,5733,0,0,0,0,0,0,0,0,0
201604,999,46220, ,Tuscaloosa  AL ,29,29,8414,0,0,0,2,6,929,0,0,0,29,29,8414,0,0,0,2,6,929,0,0,0
201604,999,46520,C,Urban Honolulu  HI ,84,84,32559,0,0,0,0,0,0,1,88,21500,84,84,32559,0,0,0,0,0,0,1,88,21500
201604,999,46540, ,Utica-Rome  NY ,1,1,52,0,0,0,0,0,0,0,0,0,0,0,0,0,0,0,0,0,0,0,0,0
201604,999,46660, ,Valdosta  GA ,49,49,8250,1,2,127,0,0,0,1,5,263,0,0,0,0,0,0,0,0,0,0,0,0
201604,999,47380, ,Waco  TX ,35,35,5946,3,6,345,0,0,0,8,80,4149,35,35,5946,3,6,345,0,0,0,8,80,4149
201604,999,47460, ,Walla Walla  WA ,15,15,3288,0,0,0,0,0,0,1,12,1165,15,15,3288,0,0,0,0,0,0,1,12,1165
201604,999,47940, ,Waterloo-Cedar Falls  IA ,12,12,2760,0,0,0,0,0,0,0,0,0,12,12,2760,0,0,0,0,0,0,0,0,0
201604,999,48060, ,Watertown-Fort Drum  NY ,12,12,1217,0,0,0,0,0,0,0,0,0,0,0,0,0,0,0,0,0,0,0,0,0
201604,999,48300, ,Wenatchee  WA ,45,45,10475,0,0,0,0,0,0,0,0,0,45,45,10475,0,0,0,0,0,0,0,0,0
201604,999,48540, ,Wheeling  WV-OH ,0,0,0,0,0,0,0,0,0,0,0,0,0,0,0,0,0,0,0,0,0,0,0,0
201604,999,48660, ,Wichita Falls  TX ,0,0,0,0,0,0,0,0,0,0,0,0,0,0,0,0,0,0,0,0,0,0,0,0
201604,999,48900, ,Wilmington  NC ,99,99,23384,0,0,0,0,0,0,4,144,6300,99,99,23384,0,0,0,0,0,0,4,144,6300
201604,999,49420, ,Yakima  WA ,28,28,6740,0,0,0,0,0,0,0,0,0,15,15,3944,0,0,0,0,0,0,0,0,0
201604,999,49740, ,Yuma  AZ ,84,84,13321,0,0,0,0,0,0,0,0,0,72,72,12272,0,0,0,0,0,0,0,0,0
