Survey,CSA,CBSA,MONCOV,CBSA,,1-unit,,,2-units,,,3-4 units,,,5+ units,,,1-unit rep,,,2-units rep,,,3-4 units rep,,,5+ units rep
Date,Code,Code,,Name,Bldgs,Units,Value,Bldgs,Units,Value,Bldgs,Units,Value,Bldgs,Units,Value,Bldgs,Units,Value,Bldgs,Units,Value,      Bldgs,Units,Value,Bldgs,Units,Value
 
201705,104,10580,C,Albany-Schenectady-Troy  NY ,115,115,28897,2,4,452,3,10,950,13,213,26001,74,74,17453,1,2,160,2,6,729,7,174,21880
201705,104,24020, ,Glens Falls  NY ,23,23,5448,0,0,0,0,0,0,0,0,0,17,17,4973,0,0,0,0,0,0,0,0,0
201705,106,10740,C,Albuquerque  NM ,204,204,43188,1,2,283,0,0,0,3,33,3017,11,11,5546,0,0,0,0,0,0,0,0,0
201705,106,42140,C,Santa Fe  NM ,12,12,2995,0,0,0,0,0,0,0,0,0,0,0,0,0,0,0,0,0,0,0,0,0
201705,108,11100, ,Amarillo  TX ,39,39,10376,0,0,0,0,0,0,0,0,0,39,39,10376,0,0,0,0,0,0,0,0,0
201705,118,11540, ,Appleton  WI ,47,47,13449,3,6,613,0,0,0,0,0,0,42,42,12632,2,4,425,0,0,0,0,0,0
201705,118,36780, ,Oshkosh-Neenah  WI ,20,20,5040,0,0,0,0,0,0,1,5,400,16,16,4124,0,0,0,0,0,0,1,5,400
201705,120,11700, ,Asheville  NC ,176,176,48256,1,2,136,0,0,0,3,77,5021,57,57,15653,0,0,0,0,0,0,0,0,0
201705,122,12020, ,Athens-Clarke County  GA ,48,48,11663,0,0,0,0,0,0,5,108,8299,48,48,11663,0,0,0,0,0,0,5,108,8299
201705,122,12060, ,Atlanta-Sandy Springs-Roswell  GA ,2460,2460,565667,0,0,0,0,0,0,8,76,12563,2310,2310,530485,0,0,0,0,0,0,6,39,8676
201705,122,23580, ,Gainesville  GA ,115,115,15815,0,0,0,0,0,0,0,0,0,115,115,15815,0,0,0,0,0,0,0,0,0
201705,140,13460, ,Bend-Redmond  OR ,148,148,43671,3,6,90,0,0,0,1,6,606,119,119,37379,3,6,90,0,0,0,1,6,606
201705,142,13820,C,Birmingham-Hoover  AL ,276,276,69765,0,0,0,0,0,0,2,38,5199,205,205,54035,0,0,0,0,0,0,0,0,0
201705,144,14020,C,Bloomington  IN ,25,25,6468,1,2,242,0,0,0,1,164,19036,25,25,6468,1,2,242,0,0,0,1,164,19036
201705,145,14010, ,Bloomington  IL ,26,26,3968,0,0,0,0,0,0,1,67,5540,26,26,3968,0,0,0,0,0,0,1,67,5540
201705,146,14100,C,Bloomsburg-Berwick  PA ,14,14,3272,0,0,0,0,0,0,0,0,0,6,6,1312,0,0,0,0,0,0,0,0,0
201705,147,14260,C,Boise City  ID ,527,527,124755,1,2,204,9,36,2068,13,137,12690,470,470,113188,1,2,204,9,36,2068,12,132,12391
201705,148,12700, ,Barnstable Town  MA ,7,7,2830,0,0,0,0,0,0,0,0,0,2,2,909,0,0,0,0,0,0,0,0,0
201705,148,14460,C,Boston-Cambridge-Newton  MA-NH ,446,446,133486,24,48,7164,4,12,2048,38,1156,294202,282,282,89357,14,28,4233,2,6,906,18,970,267261
201705,148,31700, ,Manchester-Nashua  NH ,56,56,10386,2,4,560,0,0,0,1,17,2181,42,42,8213,1,2,270,0,0,0,0,0,0
201705,148,39300,C,Providence-Warwick  RI-MA ,181,181,40759,6,12,1945,0,0,0,3,19,1274,121,121,26986,6,12,1945,0,0,0,0,0,0
201705,148,49340, ,Worcester  MA-CT ,18,18,4043,0,0,0,0,0,0,0,0,0,8,8,2168,0,0,0,0,0,0,0,0,0
201705,150,14540, ,Bowling Green  KY ,48,48,11100,7,14,1268,0,0,0,2,68,3380,48,48,11100,7,14,1268,0,0,0,2,68,3380
201705,154,15180, ,Brownsville-Harlingen  TX ,88,88,11539,2,4,181,0,0,0,0,0,0,29,29,2803,2,4,181,0,0,0,0,0,0
201705,160,15380,C,Buffalo-Cheektowaga-Niagara Falls  NY ,91,91,25956,0,0,0,1,3,475,3,48,8565,76,76,22719,0,0,0,1,3,475,2,18,1800
201705,162,15980,C,Cape Coral-Fort Myers  FL ,412,412,90643,11,22,2725,7,27,3890,13,213,31496,412,412,90643,11,22,2725,7,27,3890,13,213,31496
201705,162,34940, ,Naples-Immokalee-Marco Island  FL ,266,266,62175,0,0,0,0,0,0,2,16,3400,266,266,62175,0,0,0,0,0,0,2,16,3400
201705,164,16020, ,Cape Girardeau  MO-IL ,0,0,0,0,0,0,0,0,0,0,0,0,0,0,0,0,0,0,0,0,0,0,0,0
201705,168,16300, ,Cedar Rapids  IA ,29,29,3985,7,14,1219,0,0,0,0,0,0,27,27,3299,7,14,1219,0,0,0,0,0,0
201705,168,26980, ,Iowa City  IA ,35,35,7753,0,0,0,0,0,0,2,116,11900,21,21,5025,0,0,0,0,0,0,2,116,11900
201705,170,16620, ,Charleston  WV ,4,4,1504,0,0,0,0,0,0,0,0,0,3,3,1466,0,0,0,0,0,0,0,0,0
201705,170,26580, ,Huntington-Ashland  WV-KY-OH ,27,27,4908,0,0,0,0,0,0,0,0,0,25,25,4749,0,0,0,0,0,0,0,0,0
201705,172,16740, ,Charlotte-Concord-Gastonia  NC-SC ,1252,1252,318407,0,0,0,0,0,0,15,297,34900,1068,1068,257498,0,0,0,0,0,0,13,266,31645
201705,174,16860, ,Chattanooga  TN-GA ,137,137,26095,2,4,377,1,3,485,1,36,2914,77,77,14434,0,0,0,0,0,0,0,0,0
201705,174,17420, ,Cleveland  TN ,28,28,5392,1,2,133,2,8,708,0,0,0,11,11,2330,1,2,133,2,8,708,0,0,0
201705,176,16980, ,Chicago-Naperville-Elgin  IL-IN-WI ,815,815,230399,7,14,2120,14,43,12039,21,329,82521,668,668,188736,5,10,1696,13,40,11591,13,246,74850
201705,176,28100, ,Kankakee  IL ,3,3,1050,0,0,0,0,0,0,0,0,0,3,3,1050,0,0,0,0,0,0,0,0,0
201705,176,33140, ,Michigan City-La Porte  IN ,7,7,1781,0,0,0,0,0,0,0,0,0,7,7,1781,0,0,0,0,0,0,0,0,0
201705,178,17140, ,Cincinnati  OH-KY-IN ,452,452,104330,0,0,0,1,4,526,2,13,1396,380,380,86811,0,0,0,1,4,526,2,13,1396
201705,184,10420, ,Akron  OH ,62,62,16598,0,0,0,0,0,0,0,0,0,15,15,3822,0,0,0,0,0,0,0,0,0
201705,184,15940, ,Canton-Massillon  OH ,36,36,7571,0,0,0,1,3,154,1,5,384,32,32,7104,0,0,0,0,0,0,0,0,0
201705,184,17460, ,Cleveland-Elyria  OH ,266,266,68700,3,6,291,1,4,167,3,33,3420,199,199,54176,2,4,280,1,4,167,2,22,2819
201705,190,17860,C,Columbia  MO ,57,57,12246,0,0,0,0,0,0,0,0,0,57,57,12246,0,0,0,0,0,0,0,0,0
201705,192,17900,C,Columbia  SC ,388,388,73961,4,8,1068,0,0,0,2,43,3090,73,73,13003,4,8,1068,0,0,0,0,0,0
201705,194,12220,C,Auburn-Opelika  AL ,96,96,26201,1,2,326,0,0,0,0,0,0,96,96,26201,1,2,326,0,0,0,0,0,0
201705,194,17980, ,Columbus  GA-AL ,44,44,9204,0,0,0,1,3,185,1,6,1494,15,15,3640,0,0,0,0,0,0,0,0,0
201705,198,18140, ,Columbus  OH ,511,511,138262,1,2,223,3,11,1380,13,283,16490,462,462,127864,0,0,0,3,11,1380,10,252,14760
201705,204,18580, ,Corpus Christi  TX ,128,128,23624,0,0,0,0,0,0,0,0,0,8,8,1503,0,0,0,0,0,0,0,0,0
201705,206,19100, ,Dallas-Fort Worth-Arlington  TX ,3044,3044,862568,5,10,1830,8,24,3472,38,1917,205629,2360,2360,644504,4,8,1717,8,24,3472,34,1811,194767
201705,209,19340, ,Davenport-Moline-Rock Island  IA-IL ,35,35,8841,0,0,0,0,0,0,0,0,0,16,16,3070,0,0,0,0,0,0,0,0,0
201705,212,19380, ,Dayton  OH ,91,91,26109,0,0,0,0,0,0,0,0,0,58,58,19139,0,0,0,0,0,0,0,0,0
201705,212,44220, ,Springfield  OH ,6,6,1394,1,2,137,0,0,0,0,0,0,6,6,1394,1,2,137,0,0,0,0,0,0
201705,216,14500, ,Boulder  CO ,63,63,24440,0,0,0,0,0,0,6,83,10888,31,31,14222,0,0,0,0,0,0,2,23,5355
201705,216,19740, ,Denver-Aurora-Lakewood  CO ,988,988,276339,4,8,874,0,0,0,18,260,31864,943,943,264936,4,8,874,0,0,0,18,260,31864
201705,216,24540, ,Greeley  CO ,177,177,48862,1,2,376,2,7,1534,1,5,847,79,79,20809,1,2,376,1,4,484,0,0,0
201705,218,11180, ,Ames  IA ,10,10,2982,0,0,0,0,0,0,0,0,0,9,9,2851,0,0,0,0,0,0,0,0,0
201705,218,19780, ,Des Moines-West Des Moines  IA ,350,350,89168,3,6,934,0,0,0,6,290,34079,348,348,88691,3,6,934,0,0,0,5,285,33618
201705,220,11460, ,Ann Arbor  MI ,39,39,8918,0,0,0,0,0,0,0,0,0,27,27,5880,0,0,0,0,0,0,0,0,0
201705,220,19820, ,Detroit-Warren-Dearborn  MI ,607,607,160223,2,4,418,5,17,3013,12,680,82038,515,515,137147,1,2,200,4,14,2818,9,647,78097
201705,220,22420, ,Flint  MI ,19,19,5597,0,0,0,0,0,0,0,0,0,19,19,5597,0,0,0,0,0,0,0,0,0
201705,220,33780, ,Monroe  MI ,2,2,403,0,0,0,0,0,0,0,0,0,2,2,403,0,0,0,0,0,0,0,0,0
201705,222,20020, ,Dothan  AL ,17,17,4597,1,2,533,0,0,0,0,0,0,15,15,4332,1,2,533,0,0,0,0,0,0
201705,232,20740, ,Eau Claire  WI ,42,42,14161,7,14,1614,0,0,0,2,16,1360,42,42,14161,7,14,1614,0,0,0,2,16,1360
201705,236,21300, ,Elmira  NY ,0,0,0,0,0,0,0,0,0,0,0,0,0,0,0,0,0,0,0,0,0,0,0,0
201705,238,21340,C,El Paso  TX ,233,233,57060,4,8,784,1,4,362,4,44,6256,6,6,712,0,0,0,0,0,0,0,0,0
201705,238,29740,C,Las Cruces  NM ,76,76,16419,0,0,0,0,0,0,0,0,0,58,58,13135,0,0,0,0,0,0,0,0,0
201705,240,21500, ,Erie  PA ,6,6,1500,0,0,0,0,0,0,0,0,0,6,6,1500,0,0,0,0,0,0,0,0,0
201705,244,22020, ,Fargo  ND-MN ,141,141,31458,0,0,0,0,0,0,3,138,9472,138,138,30409,0,0,0,0,0,0,3,138,9472
201705,246,22180,C,Fayetteville  NC ,65,65,11458,0,0,0,0,0,0,0,0,0,65,65,11458,0,0,0,0,0,0,0,0,0
201705,258,23060, ,Fort Wayne  IN ,116,116,28581,6,12,745,0,0,0,0,0,0,116,116,28581,6,12,745,0,0,0,0,0,0
201705,260,23420,C,Fresno  CA ,143,143,40977,1,2,352,0,0,0,2,54,10383,132,132,38713,0,0,0,0,0,0,2,54,10383
201705,260,31460, ,Madera  CA ,26,26,6381,0,0,0,0,0,0,0,0,0,26,26,6381,0,0,0,0,0,0,0,0,0
201705,264,23540, ,Gainesville  FL ,41,41,6472,0,0,0,0,0,0,1,17,1042,33,33,5568,0,0,0,0,0,0,0,0,0
201705,266,24340, ,Grand Rapids-Wyoming  MI ,177,177,48146,3,6,869,5,20,2070,1,11,1334,133,133,39657,1,2,448,5,20,2070,0,0,0
201705,266,34740, ,Muskegon  MI ,2,2,348,0,0,0,0,0,0,0,0,0,0,0,0,0,0,0,0,0,0,0,0,0
201705,267,24580, ,Green Bay  WI ,77,77,18578,0,0,0,0,0,0,2,10,993,54,54,12846,0,0,0,0,0,0,0,0,0
201705,268,15500, ,Burlington  NC ,66,66,10090,0,0,0,0,0,0,1,33,1034,66,66,10090,0,0,0,0,0,0,1,33,1034
201705,268,24660,C,Greensboro-High Point  NC ,282,282,54323,8,16,3554,0,0,0,1,12,2209,282,282,54323,8,16,3554,0,0,0,1,12,2209
201705,268,49180, ,Winston-Salem  NC ,202,202,33439,0,0,0,0,0,0,0,0,0,189,189,30815,0,0,0,0,0,0,0,0,0
201705,273,24860, ,Greenville-Anderson-Mauldin  SC ,430,430,165731,0,0,0,1,4,539,1,27,3552,397,397,155554,0,0,0,1,4,539,0,0,0
201705,273,43900, ,Spartanburg  SC ,178,178,30228,0,0,0,0,0,0,0,0,0,178,178,30228,0,0,0,0,0,0,0,0,0
201705,274,24780, ,Greenville  NC ,17,17,3870,8,16,2062,0,0,0,0,0,0,17,17,3870,8,16,2062,0,0,0,0,0,0
201705,276,23900,C,Gettysburg  PA ,27,27,4106,0,0,0,0,0,0,0,0,0,27,27,4106,0,0,0,0,0,0,0,0,0
201705,276,25420,C,Harrisburg-Carlisle  PA ,178,178,35977,4,8,1381,5,20,3480,2,19,2604,145,145,28080,4,8,1381,5,20,3480,1,6,552
201705,276,30140, ,Lebanon  PA ,15,15,2705,0,0,0,0,0,0,0,0,0,15,15,2705,0,0,0,0,0,0,0,0,0
201705,276,49620, ,York-Hanover  PA ,12,12,2046,0,0,0,0,0,0,1,6,564,6,6,963,0,0,0,0,0,0,1,6,564
201705,277,25500,C,Harrisonburg  VA ,29,29,6692,0,0,0,0,0,0,0,0,0,29,29,6692,0,0,0,0,0,0,0,0,0
201705,277,44420, ,Staunton-Waynesboro  VA ,26,26,4360,0,0,0,0,0,0,0,0,0,26,26,4360,0,0,0,0,0,0,0,0,0
201705,278,25540,C,Hartford-West Hartford-East Hartford  CT ,69,69,14860,1,2,350,1,3,334,9,108,10090,51,51,11586,0,0,0,0,0,0,4,64,6116
201705,278,35980, ,Norwich-New London  CT ,14,14,3170,0,0,0,0,0,0,1,6,1147,11,11,2673,0,0,0,0,0,0,1,6,1147
201705,280,25860, ,Hickory-Lenoir-Morganton  NC ,1,1,150,1,2,360,0,0,0,1,5,279,0,0,0,0,0,0,0,0,0,0,0,0
201705,284,26300, ,Hot Springs  AR ,5,5,1130,0,0,0,0,0,0,0,0,0,5,5,1130,0,0,0,0,0,0,0,0,0
201705,288,26420, ,Houston-The Woodlands-Sugar Land  TX ,3829,3829,697556,5,10,2192,0,0,0,5,366,62445,2684,2684,540730,5,10,2192,0,0,0,2,340,60915
201705,290,19460, ,Decatur  AL ,13,13,2536,0,0,0,0,0,0,0,0,0,6,6,981,0,0,0,0,0,0,0,0,0
201705,290,26620,C,Huntsville  AL ,205,205,30806,0,0,0,0,0,0,0,0,0,205,205,30806,0,0,0,0,0,0,0,0,0
201705,292,26820, ,Idaho Falls  ID ,83,83,16481,0,0,0,0,0,0,3,72,5949,82,82,16319,0,0,0,0,0,0,3,72,5949
201705,294,18020, ,Columbus  IN ,21,21,3791,0,0,0,0,0,0,0,0,0,21,21,3791,0,0,0,0,0,0,0,0,0
201705,294,26900, ,Indianapolis-Carmel-Anderson  IN ,725,725,167807,18,36,11644,0,0,0,0,0,0,704,704,163821,18,36,11644,0,0,0,0,0,0
201705,294,34620, ,Muncie  IN ,0,0,0,0,0,0,0,0,0,0,0,0,0,0,0,0,0,0,0,0,0,0,0,0
201705,296,27060, ,Ithaca  NY ,0,0,0,1,2,237,0,0,0,1,5,600,0,0,0,0,0,0,0,0,0,0,0,0
201705,297,27180, ,Jackson  TN ,17,17,3140,0,0,0,0,0,0,0,0,0,0,0,0,0,0,0,0,0,0,0,0,0
201705,298,27140, ,Jackson  MS ,137,137,34392,0,0,0,0,0,0,0,0,0,111,111,28403,0,0,0,0,0,0,0,0,0
201705,300,27260,C,Jacksonville  FL ,936,936,212914,0,0,0,1,4,904,7,312,34106,910,910,206254,0,0,0,1,4,904,7,312,34106
201705,304,27740, ,Johnson City  TN ,14,14,4462,0,0,0,0,0,0,0,0,0,14,14,4462,0,0,0,0,0,0,0,0,0
201705,304,28700, ,Kingsport-Bristol-Bristol  TN-VA ,4,4,807,0,0,0,0,0,0,0,0,0,4,4,807,0,0,0,0,0,0,0,0,0
201705,306,27780, ,Johnstown  PA ,1,1,262,0,0,0,0,0,0,0,0,0,0,0,0,0,0,0,0,0,0,0,0,0
201705,308,27860, ,Jonesboro  AR ,50,50,6969,2,4,284,3,9,478,1,15,1050,6,6,468,0,0,0,0,0,0,0,0,0
201705,309,27900, ,Joplin  MO ,11,11,1757,6,12,1918,0,0,0,0,0,0,11,11,1757,6,12,1918,0,0,0,0,0,0
201705,310,12980, ,Battle Creek  MI ,0,0,0,0,0,0,0,0,0,0,0,0,0,0,0,0,0,0,0,0,0,0,0,0
201705,310,28020, ,Kalamazoo-Portage  MI ,8,8,2221,0,0,0,0,0,0,0,0,0,7,7,1906,0,0,0,0,0,0,0,0,0
201705,312,28140, ,Kansas City  MO-KS ,496,496,127384,7,14,1388,4,16,630,27,969,83933,387,387,94406,6,12,1052,4,16,630,25,932,79138
201705,312,29940, ,Lawrence  KS ,15,15,4182,0,0,0,0,0,0,0,0,0,15,15,4182,0,0,0,0,0,0,0,0,0
201705,312,41140, ,St. Joseph  MO-KS ,0,0,0,0,0,0,0,0,0,0,0,0,0,0,0,0,0,0,0,0,0,0,0,0
201705,314,28940, ,Knoxville  TN ,278,278,66012,0,0,0,0,0,0,12,236,38589,231,231,55995,0,0,0,0,0,0,11,224,37800
201705,316,29020, ,Kokomo  IN ,20,20,3097,0,0,0,0,0,0,0,0,0,20,20,3097,0,0,0,0,0,0,0,0,0
201705,318,29180, ,Lafayette  LA ,137,137,28109,0,0,0,0,0,0,0,0,0,99,99,22698,0,0,0,0,0,0,0,0,0
201705,320,29200, ,Lafayette-West Lafayette  IN ,48,48,11459,1,2,360,0,0,0,1,73,9600,7,7,1950,0,0,0,0,0,0,1,73,9600
201705,324,29340, ,Lake Charles  LA ,81,81,17056,4,8,640,0,0,0,0,0,0,35,35,7654,4,8,640,0,0,0,0,0,0
201705,330,29620, ,Lansing-East Lansing  MI ,11,11,2753,0,0,0,0,0,0,3,60,4798,9,9,2455,0,0,0,0,0,0,3,60,4798
201705,332,29420, ,Lake Havasu City-Kingman  AZ ,86,86,17597,1,2,194,0,0,0,0,0,0,86,86,17597,1,2,194,0,0,0,0,0,0
201705,332,29820,C,Las Vegas-Henderson-Paradise  NV ,1022,1022,198144,0,0,0,2,6,859,11,314,25886,1022,1022,198144,0,0,0,2,6,859,11,314,25886
201705,336,30460,C,Lexington-Fayette  KY ,162,162,31416,4,8,1150,0,0,0,2,48,3712,77,77,16651,4,8,1150,0,0,0,0,0,0
201705,338,30620, ,Lima  OH ,2,2,475,0,0,0,0,0,0,0,0,0,2,2,475,0,0,0,0,0,0,0,0,0
201705,339,30700, ,Lincoln  NE ,110,110,23524,2,4,712,0,0,0,2,97,10171,4,4,883,0,0,0,0,0,0,0,0,0
201705,340,30780, ,Little Rock-North Little Rock-Conway  AR ,172,172,31514,1,2,153,0,0,0,1,5,188,102,102,20231,0,0,0,0,0,0,0,0,0
201705,340,38220, ,Pine Bluff  AR ,5,5,392,0,0,0,0,0,0,0,0,0,3,3,164,0,0,0,0,0,0,0,0,0
201705,346,30980, ,Longview  TX ,8,8,1332,1,2,285,0,0,0,0,0,0,8,8,1332,1,2,285,0,0,0,0,0,0
201705,348,31080,C,Los Angeles-Long Beach-Anaheim  CA ,1113,1113,413400,54,108,23014,19,63,13990,41,1483,253433,918,918,345455,52,104,21681,17,57,13545,32,1293,230195
201705,348,37100, ,Oxnard-Thousand Oaks-Ventura  CA ,118,118,16502,0,0,0,1,4,630,24,162,22848,108,108,14004,0,0,0,0,0,0,22,129,18938
201705,348,40140, ,Riverside-San Bernardino-Ontario  CA ,1030,1030,273027,0,0,0,0,0,0,10,103,9539,753,753,206219,0,0,0,0,0,0,8,90,8473
201705,350,21060, ,Elizabethtown-Fort Knox  KY ,30,30,5195,3,6,746,0,0,0,0,0,0,30,30,5195,3,6,746,0,0,0,0,0,0
201705,350,31140, ,Louisville-Jefferson County  KY-IN ,321,321,79354,2,4,236,0,0,0,15,322,17675,270,270,65845,1,2,138,0,0,0,15,322,17675
201705,352,31180, ,Lubbock  TX ,136,136,30981,5,10,1232,1,3,402,5,80,9139,3,3,420,0,0,0,0,0,0,0,0,0
201705,356,31420, ,Macon-Bibb County  GA ,26,26,4745,0,0,0,0,0,0,0,0,0,26,26,4745,0,0,0,0,0,0,0,0,0
201705,356,47580, ,Warner Robins  GA ,77,77,15941,0,0,0,0,0,0,0,0,0,77,77,15941,0,0,0,0,0,0,0,0,0
201705,357,27500, ,Janesville-Beloit  WI ,24,24,5126,0,0,0,0,0,0,0,0,0,24,24,5126,0,0,0,0,0,0,0,0,0
201705,357,31540, ,Madison  WI ,171,171,52324,8,16,2253,1,3,447,5,204,26332,104,104,34012,4,8,1000,0,0,0,0,0,0
201705,358,31740, ,Manhattan  KS ,26,26,6257,0,0,0,0,0,0,0,0,0,25,25,6097,0,0,0,0,0,0,0,0,0
201705,359,31860, ,Mankato-North Mankato  MN ,14,14,3003,0,0,0,1,3,450,1,8,846,1,1,233,0,0,0,0,0,0,0,0,0
201705,365,32580,C,McAllen-Edinburg-Mission  TX ,203,203,33037,10,20,869,11,43,2401,2,42,2961,117,117,18960,8,16,640,5,20,1100,1,8,300
201705,366,32780, ,Medford  OR ,62,62,14627,0,0,0,0,0,0,0,0,0,62,62,14627,0,0,0,0,0,0,0,0,0
201705,368,32820, ,Memphis  TN-MS-AR ,343,343,73244,1,2,311,1,4,375,2,144,13545,317,317,70136,1,2,311,1,4,375,1,139,13188
201705,370,33100, ,Miami-Fort Lauderdale-West Palm Beach  FL ,638,638,228126,15,30,5973,1,4,686,15,276,45351,542,542,185656,15,30,5973,0,0,0,7,174,23811
201705,370,38940, ,Port St. Lucie  FL ,170,170,25524,7,14,1508,0,0,0,2,10,695,170,170,25524,7,14,1508,0,0,0,2,10,695
201705,370,42680, ,Sebastian-Vero Beach  FL ,121,121,45662,0,0,0,0,0,0,0,0,0,121,121,45662,0,0,0,0,0,0,0,0,0
201705,372,33260, ,Midland  TX ,58,58,11660,0,0,0,0,0,0,0,0,0,58,58,11660,0,0,0,0,0,0,0,0,0
201705,372,36220,C,Odessa  TX ,43,43,8601,0,0,0,0,0,0,0,0,0,43,43,8601,0,0,0,0,0,0,0,0,0
201705,376,33340,C,Milwaukee-Waukesha-West Allis  WI ,165,165,53198,2,4,537,0,0,0,4,331,36118,117,117,34303,2,4,537,0,0,0,1,239,24660
201705,376,39540, ,Racine  WI ,19,19,4937,0,0,0,0,0,0,0,0,0,9,9,2174,0,0,0,0,0,0,0,0,0
201705,378,33460, ,Minneapolis-St. Paul-Bloomington  MN-WI ,877,877,269941,4,8,1446,3,10,2407,6,453,66133,769,769,238306,4,8,1446,2,7,1867,5,430,62070
201705,378,41060, ,St. Cloud  MN ,1,1,260,0,0,0,0,0,0,0,0,0,1,1,260,0,0,0,0,0,0,0,0,0
201705,380,19300, ,Daphne-Fairhope-Foley  AL ,167,167,33671,0,0,0,0,0,0,0,0,0,84,84,16778,0,0,0,0,0,0,0,0,0
201705,380,33660, ,Mobile  AL ,63,63,12790,1,2,350,0,0,0,0,0,0,62,62,12717,1,2,350,0,0,0,0,0,0
201705,382,32900, ,Merced  CA ,15,15,4724,0,0,0,0,0,0,0,0,0,15,15,4724,0,0,0,0,0,0,0,0,0
201705,382,33700, ,Modesto  CA ,0,0,0,0,0,0,0,0,0,0,0,0,0,0,0,0,0,0,0,0,0,0,0,0
201705,384,33740, ,Monroe  LA ,51,51,10715,0,0,0,1,4,629,1,5,579,0,0,0,0,0,0,0,0,0,0,0,0
201705,390,34060, ,Morgantown  WV ,1,1,172,0,0,0,0,0,0,0,0,0,1,1,172,0,0,0,0,0,0,0,0,0
201705,396,34820, ,Myrtle Beach-Conway-North Myrtle Beach  SC-NC ,521,521,104878,5,10,498,0,0,0,1,6,418,105,105,24228,0,0,0,0,0,0,0,0,0
201705,400,34980, ,Nashville-Davidson--Murfreesboro--Franklin  TN ,1266,1266,315434,4,8,824,5,19,1226,14,363,21392,1074,1074,262019,4,8,824,5,19,1226,12,351,20164
201705,406,25220, ,Hammond  LA ,96,96,12872,1,2,160,0,0,0,0,0,0,90,90,11943,0,0,0,0,0,0,0,0,0
201705,406,35380, ,New Orleans-Metairie  LA ,208,208,46594,3,6,728,0,0,0,2,22,4251,121,121,26491,0,0,0,0,0,0,0,0,0
201705,408,10900, ,Allentown-Bethlehem-Easton  PA-NJ ,23,23,5611,0,0,0,0,0,0,0,0,0,22,22,5574,0,0,0,0,0,0,0,0,0
201705,408,14860,C,Bridgeport-Stamford-Norwalk  CT ,60,60,34374,1,2,127,1,3,250,1,6,486,34,34,13503,0,0,0,1,3,250,0,0,0
201705,408,20700, ,East Stroudsburg  PA ,14,14,2857,0,0,0,0,0,0,0,0,0,8,8,1947,0,0,0,0,0,0,0,0,0
201705,408,28740, ,Kingston  NY ,11,11,2353,0,0,0,0,0,0,1,5,1220,10,10,2189,0,0,0,0,0,0,0,0,0
201705,408,35300, ,New Haven-Milford  CT ,12,12,2350,0,0,0,0,0,0,2,15,923,6,6,1344,0,0,0,0,0,0,0,0,0
201705,408,35620, ,New York-Newark-Jersey City  NY-NJ-PA ,835,835,254276,79,158,23983,67,226,17074,115,2856,251538,592,592,196611,61,122,19699,64,216,15640,70,2398,216805
201705,408,45940,C,Trenton  NJ ,12,12,3198,2,4,174,2,7,617,0,0,0,6,6,1988,0,0,0,0,0,0,0,0,0
201705,412,35840,C,North Port-Sarasota-Bradenton  FL ,477,477,125080,1,2,100,4,16,1916,5,51,9559,462,462,116329,1,2,100,4,16,1916,4,31,6386
201705,412,39460, ,Punta Gorda  FL ,57,57,1098,1,2,158,0,0,0,0,0,0,0,0,0,0,0,0,0,0,0,0,0,0
201705,416,36420,C,Oklahoma City  OK ,453,453,97904,22,44,6355,0,0,0,0,0,0,414,414,89877,22,44,6355,0,0,0,0,0,0
201705,420,36540, ,Omaha-Council Bluffs  NE-IA ,295,295,60261,0,0,0,0,0,0,10,372,24568,248,248,48876,0,0,0,0,0,0,10,372,24568
201705,422,19660, ,Deltona-Daytona Beach-Ormond Beach  FL ,153,153,45379,3,6,1683,0,0,0,1,24,1853,132,132,39220,3,6,1683,0,0,0,0,0,0
201705,422,36740, ,Orlando-Kissimmee-Sanford  FL ,1382,1382,382175,12,24,6496,7,23,3893,19,647,90812,1232,1232,332783,12,24,6496,7,23,3893,17,624,87640
201705,422,45540,C,The Villages  FL ,173,173,50306,0,0,0,0,0,0,0,0,0,173,173,50306,0,0,0,0,0,0,0,0,0
201705,425,37620, ,Parkersburg-Vienna  WV ,5,5,1272,1,2,120,0,0,0,0,0,0,5,5,1272,1,2,120,0,0,0,0,0,0
201705,426,37860,C,Pensacola-Ferry Pass-Brent  FL ,212,212,42214,0,0,0,0,0,0,0,0,0,212,212,42214,0,0,0,0,0,0,0,0,0
201705,427,37900, ,Peoria  IL ,5,5,1218,0,0,0,0,0,0,0,0,0,4,4,865,0,0,0,0,0,0,0,0,0
201705,428,12100,C,Atlantic City-Hammonton  NJ ,13,13,2950,0,0,0,0,0,0,2,48,3827,12,12,2735,0,0,0,0,0,0,1,40,2656
201705,428,20100,C,Dover  DE ,115,115,18683,0,0,0,0,0,0,2,36,1761,114,114,18592,0,0,0,0,0,0,2,36,1761
201705,428,36140,C,Ocean City  NJ ,43,43,17974,3,6,1251,0,0,0,0,0,0,43,43,17974,3,6,1251,0,0,0,0,0,0
201705,428,37980,C,Philadelphia-Camden-Wilmington  PA-NJ-DE-MD ,705,705,134362,16,32,4666,18,63,6478,73,864,76398,374,374,73419,5,10,756,2,8,600,53,625,47031
201705,428,39740, ,Reading  PA ,2,2,310,0,0,0,0,0,0,0,0,0,2,2,310,0,0,0,0,0,0,0,0,0
201705,428,47220,C,Vineland-Bridgeton  NJ ,10,10,1072,0,0,0,0,0,0,1,5,666,0,0,0,0,0,0,0,0,0,0,0,0
201705,430,38300, ,Pittsburgh  PA ,121,121,35317,1,2,278,0,0,0,2,80,9191,96,96,29099,1,2,278,0,0,0,1,40,5911
201705,430,48260, ,Weirton-Steubenville  WV-OH ,0,0,0,0,0,0,0,0,0,0,0,0,0,0,0,0,0,0,0,0,0,0,0,0
201705,438,30340, ,Lewiston-Auburn  ME ,15,15,2857,0,0,0,0,0,0,0,0,0,12,12,2537,0,0,0,0,0,0,0,0,0
201705,438,38860, ,Portland-South Portland  ME ,127,127,31812,2,4,600,0,0,0,2,18,1054,51,51,14402,1,2,325,0,0,0,0,0,0
201705,440,10540, ,Albany  OR ,42,42,10001,0,0,0,0,0,0,0,0,0,38,38,9262,0,0,0,0,0,0,0,0,0
201705,440,18700, ,Corvallis  OR ,5,5,1376,0,0,0,2,7,1244,0,0,0,5,5,1376,0,0,0,2,7,1244,0,0,0
201705,440,31020, ,Longview  WA ,18,18,4136,0,0,0,0,0,0,0,0,0,0,0,0,0,0,0,0,0,0,0,0,0
201705,440,38900, ,Portland-Vancouver-Hillsboro  OR-WA ,669,669,214119,13,26,4689,2,7,1174,27,991,133112,467,467,153141,13,26,4689,2,7,1174,25,971,131008
201705,440,41420, ,Salem  OR ,43,43,12281,1,2,356,0,0,0,1,12,920,43,43,12281,1,2,356,0,0,0,1,12,920
201705,444,39380,C,Pueblo  CO ,28,28,4800,0,0,0,0,0,0,0,0,0,0,0,0,0,0,0,0,0,0,0,0,0
201705,450,20500,C,Durham-Chapel Hill  NC ,325,325,60333,0,0,0,0,0,0,3,86,7406,142,142,25939,0,0,0,0,0,0,0,0,0
201705,450,39580,C,Raleigh  NC ,1195,1195,261502,0,0,0,0,0,0,5,212,33096,1119,1119,246493,0,0,0,0,0,0,5,212,33096
201705,452,39660, ,Rapid City  SD ,59,59,10987,0,0,0,0,0,0,0,0,0,53,53,9762,0,0,0,0,0,0,0,0,0
201705,454,39820, ,Redding  CA ,5,5,1106,0,0,0,0,0,0,0,0,0,5,5,1106,0,0,0,0,0,0,0,0,0
201705,456,16180,C,Carson City  NV ,10,10,2748,0,0,0,0,0,0,0,0,0,10,10,2748,0,0,0,0,0,0,0,0,0
201705,456,39900,C,Reno  NV ,207,207,53032,1,2,263,0,0,0,15,175,23460,154,154,41515,1,2,263,0,0,0,11,144,19388
201705,462,40340, ,Rochester  MN ,49,49,11879,0,0,0,0,0,0,1,60,8721,43,43,10695,0,0,0,0,0,0,1,60,8721
201705,464,40380, ,Rochester  NY ,100,100,25067,1,2,250,3,11,1105,4,25,3005,72,72,15463,1,2,250,1,3,508,1,10,2078
201705,466,40420, ,Rockford  IL ,13,13,2582,0,0,0,0,0,0,0,0,0,13,13,2582,0,0,0,0,0,0,0,0,0
201705,470,40660,C,Rome  GA ,20,20,3052,0,0,0,0,0,0,0,0,0,20,20,3052,0,0,0,0,0,0,0,0,0
201705,472,40900,C,Sacramento--Roseville--Arden-Arcade  CA ,647,647,190549,4,8,1143,0,0,0,11,330,57798,644,644,189750,4,8,1143,0,0,0,11,330,57798
201705,474,13020, ,Bay City  MI ,0,0,0,0,0,0,0,0,0,0,0,0,0,0,0,0,0,0,0,0,0,0,0,0
201705,474,33220, ,Midland  MI ,2,2,219,8,16,687,0,0,0,0,0,0,2,2,219,8,16,687,0,0,0,0,0,0
201705,474,40980, ,Saginaw  MI ,4,4,699,1,2,117,0,0,0,0,0,0,4,4,699,1,2,117,0,0,0,0,0,0
201705,476,41180, ,St. Louis  MO-IL ,536,536,137270,2,4,744,1,4,480,3,25,2975,390,390,90790,2,4,744,1,4,480,0,0,0
201705,482,36260, ,Ogden-Clearfield  UT ,210,210,56249,0,0,0,5,16,2274,1,5,631,180,180,46954,0,0,0,1,4,545,0,0,0
201705,482,39340, ,Provo-Orem  UT ,517,517,137528,2,4,777,1,3,592,6,92,12140,515,515,136821,2,4,777,1,3,592,6,92,12140
201705,482,41620, ,Salt Lake City  UT ,419,419,88896,2,4,817,1,3,498,7,263,31307,333,333,61269,0,0,0,0,0,0,0,0,0
201705,488,41860,C,San Francisco-Oakland-Hayward  CA ,489,489,209649,8,16,4399,14,54,11826,19,797,223968,432,432,186012,7,14,3749,14,54,11826,12,700,207538
201705,488,41940,C,San Jose-Sunnyvale-Santa Clara  CA ,288,288,96617,0,0,0,1,4,1036,23,360,47291,273,273,91061,0,0,0,0,0,0,22,331,42911
201705,488,42100, ,Santa Cruz-Watsonville  CA ,12,12,2751,0,0,0,0,0,0,2,10,1017,0,0,0,0,0,0,0,0,0,0,0,0
201705,488,42220, ,Santa Rosa  CA ,55,55,16549,0,0,0,0,0,0,0,0,0,55,55,16549,0,0,0,0,0,0,0,0,0
201705,488,44700, ,Stockton-Lodi  CA ,135,135,41431,0,0,0,0,0,0,0,0,0,120,120,36443,0,0,0,0,0,0,0,0,0
201705,488,46700, ,Vallejo-Fairfield  CA ,42,42,11902,0,0,0,0,0,0,0,0,0,42,42,11902,0,0,0,0,0,0,0,0,0
201705,496,25980, ,Hinesville  GA ,42,42,9697,0,0,0,0,0,0,0,0,0,42,42,9697,0,0,0,0,0,0,0,0,0
201705,496,42340, ,Savannah  GA ,215,215,45816,0,0,0,0,0,0,1,11,877,176,176,37664,0,0,0,0,0,0,0,0,0
201705,500,14740,C,Bremerton-Silverdale  WA ,75,75,22234,1,2,316,1,3,552,0,0,0,75,75,22234,1,2,316,1,3,552,0,0,0
201705,500,34580, ,Mount Vernon-Anacortes  WA ,45,45,9597,0,0,0,0,0,0,0,0,0,30,30,7132,0,0,0,0,0,0,0,0,0
201705,500,36500, ,Olympia-Tumwater  WA ,91,91,24808,0,0,0,0,0,0,1,6,688,79,79,22421,0,0,0,0,0,0,0,0,0
201705,500,42660,C,Seattle-Tacoma-Bellevue  WA ,1016,1016,338369,20,40,8504,6,20,3821,20,814,104787,936,936,307716,20,40,8504,6,20,3821,18,776,100669
201705,512,43580, ,Sioux City  IA-NE-SD ,13,13,3638,0,0,0,0,0,0,0,0,0,0,0,0,0,0,0,0,0,0,0,0,0
201705,515,21140, ,Elkhart-Goshen  IN ,27,27,5687,0,0,0,0,0,0,0,0,0,27,27,5687,0,0,0,0,0,0,0,0,0
201705,515,35660, ,Niles-Benton Harbor  MI ,1,1,240,0,0,0,0,0,0,0,0,0,1,1,240,0,0,0,0,0,0,0,0,0
201705,515,43780, ,South Bend-Mishawaka  IN-MI ,16,16,3100,0,0,0,0,0,0,0,0,0,16,16,3100,0,0,0,0,0,0,0,0,0
201705,518,17660, ,Coeur dAlene  ID ,118,118,25811,0,0,0,0,0,0,0,0,0,90,90,20187,0,0,0,0,0,0,0,0,0
201705,518,44060, ,Spokane-Spokane Valley  WA ,195,195,49292,3,6,1185,3,10,1397,9,175,20265,174,174,44835,1,2,534,1,4,734,7,134,16337
201705,520,44180, ,Springfield  MO ,50,50,12416,1,2,150,0,0,0,0,0,0,50,50,12416,1,2,150,0,0,0,0,0,0
201705,521,44140, ,Springfield  MA ,4,4,1145,0,0,0,0,0,0,0,0,0,3,3,995,0,0,0,0,0,0,0,0,0
201705,522,44100, ,Springfield  IL ,9,9,2658,2,4,677,0,0,0,1,5,250,0,0,0,0,0,0,0,0,0,0,0,0
201705,524,44300, ,State College  PA ,4,4,1383,0,0,0,0,0,0,0,0,0,2,2,1052,0,0,0,0,0,0,0,0,0
201705,532,45060, ,Syracuse  NY ,27,27,6245,0,0,0,0,0,0,1,29,3099,26,26,6184,0,0,0,0,0,0,0,0,0
201705,533,45220, ,Tallahassee  FL ,80,80,15303,0,0,0,0,0,0,2,51,3774,20,20,3184,0,0,0,0,0,0,0,0,0
201705,534,45780, ,Toledo  OH ,58,58,16071,1,2,160,0,0,0,0,0,0,57,57,15959,1,2,160,0,0,0,0,0,0
201705,536,46060,C,Tucson  AZ ,266,266,75373,0,0,0,0,0,0,1,5,428,36,36,9772,0,0,0,0,0,0,0,0,0
201705,538,46140,C,Tulsa  OK ,296,296,63307,1,2,160,0,0,0,1,251,32279,294,294,63141,1,2,160,0,0,0,1,251,32279
201705,540,46340, ,Tyler  TX ,23,23,9387,0,0,0,0,0,0,0,0,0,23,23,9387,0,0,0,0,0,0,0,0,0
201705,545,47260, ,Virginia Beach-Norfolk-Newport News  VA-NC ,407,407,103303,2,4,180,3,12,1356,1,131,1062,374,374,98816,2,4,180,3,12,1356,1,131,1062
201705,546,47300, ,Visalia-Porterville  CA ,126,126,24635,0,0,0,0,0,0,0,0,0,126,126,24635,0,0,0,0,0,0,0,0,0
201705,548,12580,C,Baltimore-Columbia-Towson  MD ,504,504,113841,0,0,0,0,0,0,4,181,23829,472,472,108268,0,0,0,0,0,0,3,138,15000
201705,548,15680,C,California-Lexington Park  MD ,135,135,24839,0,0,0,0,0,0,0,0,0,135,135,24839,0,0,0,0,0,0,0,0,0
201705,548,16540,C,Chambersburg-Waynesboro  PA ,28,28,4890,0,0,0,0,0,0,1,6,585,15,15,2695,0,0,0,0,0,0,0,0,0
201705,548,25180, ,Hagerstown-Martinsburg  MD-WV ,108,108,21992,0,0,0,0,0,0,0,0,0,108,108,21992,0,0,0,0,0,0,0,0,0
201705,548,47900, ,Washington-Arlington-Alexandria  DC-VA-MD-WV ,1449,1449,321832,15,30,2337,0,0,0,11,927,151982,1320,1320,290700,12,24,1150,0,0,0,8,546,107864
201705,548,49020, ,Winchester  VA-WV ,56,56,10754,0,0,0,0,0,0,0,0,0,56,56,10754,0,0,0,0,0,0,0,0,0
201705,554,48140, ,Wausau  WI ,10,10,2844,0,0,0,0,0,0,0,0,0,2,2,970,0,0,0,0,0,0,0,0,0
201705,556,48620, ,Wichita  KS ,93,93,24193,9,18,1500,0,0,0,2,39,2729,6,6,1810,0,0,0,0,0,0,0,0,0
201705,558,48700, ,Williamsport  PA ,1,1,220,0,0,0,0,0,0,0,0,0,0,0,0,0,0,0,0,0,0,0,0,0
201705,566,49660, ,Youngstown-Warren-Boardman  OH-PA ,24,24,4906,2,4,399,0,0,0,0,0,0,24,24,4906,2,4,399,0,0,0,0,0,0
201705,999,10180, ,Abilene  TX ,21,21,3667,0,0,0,1,4,375,0,0,0,21,21,3667,0,0,0,1,4,375,0,0,0
201705,999,10500, ,Albany  GA ,16,16,3658,0,0,0,0,0,0,0,0,0,16,16,3658,0,0,0,0,0,0,0,0,0
201705,999,10780, ,Alexandria  LA ,21,21,4515,0,0,0,0,0,0,0,0,0,13,13,2118,0,0,0,0,0,0,0,0,0
201705,999,11020, ,Altoona  PA ,0,0,0,0,0,0,0,0,0,0,0,0,0,0,0,0,0,0,0,0,0,0,0,0
201705,999,11260,C,Anchorage  AK ,82,82,25363,3,6,802,2,7,1002,2,13,2055,6,6,1550,3,6,802,1,4,481,0,0,0
201705,999,11500, ,Anniston-Oxford-Jacksonville  AL ,2,2,194,0,0,0,0,0,0,0,0,0,2,2,194,0,0,0,0,0,0,0,0,0
201705,999,12260, ,Augusta-Richmond County  GA-SC ,268,268,44687,0,0,0,2,8,336,4,72,5653,113,113,16650,0,0,0,2,8,336,3,54,4448
201705,999,12420, ,Austin-Round Rock  TX ,1315,1315,304823,4,8,1143,2,6,388,22,1134,54086,1151,1151,269687,4,8,1143,1,3,196,21,1129,53739
201705,999,12540, ,Bakersfield  CA ,170,170,42568,4,8,946,0,0,0,0,0,0,27,27,4277,0,0,0,0,0,0,0,0,0
201705,999,12620, ,Bangor  ME ,13,13,2883,0,0,0,0,0,0,0,0,0,12,12,2642,0,0,0,0,0,0,0,0,0
201705,999,12940,C,Baton Rouge  LA ,328,328,66599,0,0,0,1,3,232,0,0,0,159,159,33278,0,0,0,0,0,0,0,0,0
201705,999,13140, ,Beaumont-Port Arthur  TX ,54,54,11777,0,0,0,0,0,0,0,0,0,54,54,11777,0,0,0,0,0,0,0,0,0
201705,999,13220,C,Beckley  WV ,6,6,721,0,0,0,0,0,0,0,0,0,6,6,721,0,0,0,0,0,0,0,0,0
201705,999,13380, ,Bellingham  WA ,58,58,15247,4,8,1691,1,3,530,7,180,18564,51,51,13465,4,8,1691,1,3,530,6,175,18076
201705,999,13740, ,Billings  MT ,53,53,11370,0,0,0,0,0,0,0,0,0,53,53,11370,0,0,0,0,0,0,0,0,0
201705,999,13780, ,Binghamton  NY ,1,1,40,0,0,0,0,0,0,0,0,0,1,1,40,0,0,0,0,0,0,0,0,0
201705,999,13900, ,Bismarck  ND ,56,56,13089,1,2,380,0,0,0,0,0,0,51,51,11333,1,2,380,0,0,0,0,0,0
201705,999,13980, ,Blacksburg-Christiansburg-Radford  VA ,3,3,719,0,0,0,0,0,0,0,0,0,3,3,719,0,0,0,0,0,0,0,0,0
201705,999,15260, ,Brunswick  GA ,54,54,15992,0,0,0,0,0,0,0,0,0,0,0,0,0,0,0,0,0,0,0,0,0
201705,999,15540, ,Burlington-South Burlington  VT ,19,19,4529,3,6,567,1,3,431,0,0,0,12,12,2978,0,0,0,0,0,0,0,0,0
201705,999,16220, ,Casper  WY ,6,6,2615,0,0,0,0,0,0,0,0,0,6,6,2615,0,0,0,0,0,0,0,0,0
201705,999,16580, ,Champaign-Urbana  IL ,19,19,4001,0,0,0,0,0,0,0,0,0,19,19,4001,0,0,0,0,0,0,0,0,0
201705,999,16700,C,Charleston-North Charleston  SC ,476,476,127365,2,4,714,0,0,0,4,110,6581,218,218,67967,2,4,714,0,0,0,0,0,0
201705,999,16820, ,Charlottesville  VA ,63,63,19436,0,0,0,0,0,0,2,19,2271,0,0,0,0,0,0,0,0,0,0,0,0
201705,999,16940, ,Cheyenne  WY ,34,34,6908,0,0,0,2,6,490,0,0,0,34,34,6908,0,0,0,2,6,490,0,0,0
201705,999,17020, ,Chico  CA ,22,22,4813,0,0,0,0,0,0,0,0,0,22,22,4813,0,0,0,0,0,0,0,0,0
201705,999,17300,C,Clarksville  TN-KY ,137,137,20918,1,2,120,0,0,0,0,0,0,135,135,20776,1,2,120,0,0,0,0,0,0
201705,999,17780, ,College Station-Bryan  TX ,128,128,21177,3,6,710,0,0,0,5,331,24692,128,128,21177,3,6,710,0,0,0,5,331,24692
201705,999,17820,C,Colorado Springs  CO ,357,357,142231,0,0,0,1,3,200,1,12,2100,357,357,142231,0,0,0,1,3,200,1,12,2100
201705,999,18880,C,Crestview-Fort Walton Beach-Destin  FL ,171,171,81594,1,2,412,0,0,0,1,14,13165,166,166,80739,1,2,412,0,0,0,1,14,13165
201705,999,19060, ,Cumberland  MD-WV ,2,2,145,0,0,0,0,0,0,0,0,0,2,2,145,0,0,0,0,0,0,0,0,0
201705,999,19180, ,Danville  IL ,1,1,200,0,0,0,0,0,0,0,0,0,1,1,200,0,0,0,0,0,0,0,0,0
201705,999,19500, ,Decatur  IL ,1,1,295,0,0,0,0,0,0,0,0,0,1,1,295,0,0,0,0,0,0,0,0,0
201705,999,20220, ,Dubuque  IA ,12,12,3004,0,0,0,0,0,0,0,0,0,12,12,3004,0,0,0,0,0,0,0,0,0
201705,999,20260, ,Duluth  MN-WI ,16,16,3388,1,2,350,0,0,0,0,0,0,15,15,3200,1,2,350,0,0,0,0,0,0
201705,999,20940, ,El Centro  CA ,30,30,7317,0,0,0,0,0,0,0,0,0,30,30,7317,0,0,0,0,0,0,0,0,0
201705,999,21420, ,Enid  OK ,14,14,1844,0,0,0,0,0,0,0,0,0,14,14,1844,0,0,0,0,0,0,0,0,0
201705,999,21660, ,Eugene  OR ,78,78,20118,1,2,601,0,0,0,0,0,0,56,56,14596,1,2,601,0,0,0,0,0,0
201705,999,21780, ,Evansville  IN-KY ,55,55,13405,2,4,140,0,0,0,2,48,2400,53,53,12933,2,4,140,0,0,0,2,48,2400
201705,999,21820,C,Fairbanks  AK ,0,0,0,0,0,0,0,0,0,0,0,0,0,0,0,0,0,0,0,0,0,0,0,0
201705,999,22140,C,Farmington  NM ,10,10,2238,0,0,0,0,0,0,0,0,0,10,10,2238,0,0,0,0,0,0,0,0,0
201705,999,22220, ,Fayetteville-Springdale-Rogers  AR-MO ,294,294,71975,0,0,0,1,4,347,1,8,573,218,218,59118,0,0,0,1,4,347,0,0,0
201705,999,22380, ,Flagstaff  AZ ,54,54,11152,0,0,0,1,3,600,0,0,0,38,38,7305,0,0,0,1,3,600,0,0,0
201705,999,22500, ,Florence  SC ,33,33,5286,1,2,135,0,0,0,0,0,0,0,0,0,0,0,0,0,0,0,0,0,0
201705,999,22520, ,Florence-Muscle Shoals  AL ,24,24,3059,0,0,0,0,0,0,0,0,0,12,12,1640,0,0,0,0,0,0,0,0,0
201705,999,22540, ,Fond du Lac  WI ,7,7,2725,0,0,0,0,0,0,0,0,0,7,7,2725,0,0,0,0,0,0,0,0,0
201705,999,22660,C,Fort Collins  CO ,169,169,43370,2,4,430,0,0,0,6,68,7000,169,169,43370,2,4,430,0,0,0,6,68,7000
201705,999,22900, ,Fort Smith  AR-OK ,38,38,6308,0,0,0,0,0,0,0,0,0,28,28,5349,0,0,0,0,0,0,0,0,0
201705,999,23460, ,Gadsden  AL ,5,5,883,0,0,0,0,0,0,0,0,0,5,5,883,0,0,0,0,0,0,0,0,0
201705,999,24220, ,Grand Forks  ND-MN ,17,17,4433,0,0,0,0,0,0,1,48,3600,17,17,4433,0,0,0,0,0,0,1,48,3600
201705,999,24260, ,Grand Island  NE ,19,19,3594,0,0,0,0,0,0,0,0,0,19,19,3594,0,0,0,0,0,0,0,0,0
201705,999,24300,C,Grand Junction  CO ,93,93,25485,3,6,998,0,0,0,1,72,10205,93,93,25485,3,6,998,0,0,0,1,72,10205
201705,999,24500, ,Great Falls  MT ,16,16,4598,0,0,0,0,0,0,0,0,0,16,16,4598,0,0,0,0,0,0,0,0,0
201705,999,25060, ,Gulfport-Biloxi-Pascagoula  MS ,192,192,32396,0,0,0,1,3,301,2,12,871,152,152,26748,0,0,0,0,0,0,1,5,278
201705,999,25620, ,Hattiesburg  MS ,8,8,1808,0,0,0,0,0,0,0,0,0,8,8,1808,0,0,0,0,0,0,0,0,0
201705,999,25940, ,Hilton Head Island-Bluffton-Beaufort  SC ,61,61,22603,0,0,0,0,0,0,0,0,0,57,57,21482,0,0,0,0,0,0,0,0,0
201705,999,26140, ,Homosassa Springs  FL ,38,38,8147,1,2,44,0,0,0,1,10,671,0,0,0,0,0,0,0,0,0,0,0,0
201705,999,26380, ,Houma-Thibodaux  LA ,46,46,7510,0,0,0,0,0,0,0,0,0,46,46,7510,0,0,0,0,0,0,0,0,0
201705,999,27100, ,Jackson  MI ,1,1,195,0,0,0,0,0,0,0,0,0,1,1,195,0,0,0,0,0,0,0,0,0
201705,999,27340,C,Jacksonville  NC ,60,60,8148,0,0,0,0,0,0,0,0,0,60,60,8148,0,0,0,0,0,0,0,0,0
201705,999,27980,C,Kahului-Wailuku-Lahaina  HI ,43,43,16036,1,2,493,2,8,1895,18,110,14008,43,43,16036,1,2,493,2,8,1895,18,110,14008
201705,999,28420,C,Kennewick-Richland  WA ,141,141,39118,2,4,676,1,3,407,1,15,1413,35,35,9082,0,0,0,0,0,0,0,0,0
201705,999,28660,C,Killeen-Temple  TX ,198,198,34273,8,16,864,0,0,0,1,6,476,178,178,30965,8,16,864,0,0,0,0,0,0
201705,999,29100, ,La Crosse-Onalaska  WI-MN ,24,24,5635,0,0,0,0,0,0,2,45,2950,24,24,5635,0,0,0,0,0,0,2,45,2950
201705,999,29460, ,Lakeland-Winter Haven  FL ,412,412,76010,0,0,0,0,0,0,0,0,0,411,411,75927,0,0,0,0,0,0,0,0,0
201705,999,29540, ,Lancaster  PA ,7,7,1210,0,0,0,1,3,280,0,0,0,5,5,732,0,0,0,0,0,0,0,0,0
201705,999,29700, ,Laredo  TX ,105,105,15373,1,2,115,0,0,0,0,0,0,105,105,15373,1,2,115,0,0,0,0,0,0
201705,999,30020, ,Lawton  OK ,14,14,2689,0,0,0,0,0,0,0,0,0,14,14,2689,0,0,0,0,0,0,0,0,0
201705,999,30300, ,Lewiston  ID-WA ,0,0,0,0,0,0,0,0,0,0,0,0,0,0,0,0,0,0,0,0,0,0,0,0
201705,999,30860, ,Logan  UT-ID ,36,36,5237,0,0,0,0,0,0,0,0,0,35,35,5023,0,0,0,0,0,0,0,0,0
201705,999,31340, ,Lynchburg  VA ,34,34,8152,0,0,0,0,0,0,0,0,0,5,5,660,0,0,0,0,0,0,0,0,0
201705,999,33540,C,Missoula  MT ,42,42,8696,4,8,1256,0,0,0,4,108,7462,42,42,8696,4,8,1256,0,0,0,4,108,7462
201705,999,33860, ,Montgomery  AL ,71,71,13341,0,0,0,0,0,0,0,0,0,71,71,13341,0,0,0,0,0,0,0,0,0
201705,999,36100, ,Ocala  FL ,111,111,18404,0,0,0,0,0,0,9,120,10183,111,111,18404,0,0,0,0,0,0,9,120,10183
201705,999,36980, ,Owensboro  KY ,22,22,1900,2,4,156,0,0,0,0,0,0,22,22,1900,2,4,156,0,0,0,0,0,0
201705,999,37340, ,Palm Bay-Melbourne-Titusville  FL ,219,219,64144,0,0,0,0,0,0,0,0,0,219,219,64144,0,0,0,0,0,0,0,0,0
201705,999,37460, ,Panama City  FL ,45,45,12228,0,0,0,0,0,0,0,0,0,45,45,12228,0,0,0,0,0,0,0,0,0
201705,999,38060,C,Phoenix-Mesa-Scottsdale  AZ ,1997,1997,498204,6,12,636,7,26,3251,22,761,103472,1988,1988,495120,6,12,636,7,26,3251,22,761,103472
201705,999,38340, ,Pittsfield  MA ,1,1,351,0,0,0,0,0,0,0,0,0,0,0,0,0,0,0,0,0,0,0,0,0
201705,999,38540, ,Pocatello  ID ,23,23,3458,0,0,0,0,0,0,0,0,0,23,23,3458,0,0,0,0,0,0,0,0,0
201705,999,39140, ,Prescott  AZ ,114,114,28573,0,0,0,0,0,0,3,198,19837,114,114,28573,0,0,0,0,0,0,3,198,19837
201705,999,40060, ,Richmond  VA ,378,378,79274,0,0,0,2,8,1064,0,0,0,369,369,78773,0,0,0,2,8,1064,0,0,0
201705,999,41100, ,St. George  UT ,138,138,26906,0,0,0,1,4,285,1,14,1900,138,138,26906,0,0,0,1,4,285,1,14,1900
201705,999,41500, ,Salinas  CA ,0,0,0,0,0,0,0,0,0,0,0,0,0,0,0,0,0,0,0,0,0,0,0,0
201705,999,41540, ,Salisbury  MD-DE ,237,237,33916,7,14,2044,2,6,780,1,5,636,235,235,33570,7,14,2044,2,6,780,1,5,636
201705,999,41660,C,San Angelo  TX ,27,27,4664,0,0,0,0,0,0,0,0,0,27,27,4664,0,0,0,0,0,0,0,0,0
201705,999,41700,C,San Antonio-New Braunfels  TX ,644,644,150230,7,14,1215,7,25,3582,20,594,67138,564,564,134906,7,14,1215,7,25,3582,19,574,65658
201705,999,41740,C,San Diego-Carlsbad  CA ,244,244,89829,6,12,2867,11,39,6796,35,544,91407,230,230,87437,6,12,2867,11,39,6796,34,537,87603
201705,999,42020, ,San Luis Obispo-Paso Robles-Arroyo Grande  CA ,35,35,13267,0,0,0,0,0,0,1,5,526,0,0,0,0,0,0,0,0,0,0,0,0
201705,999,42200, ,Santa Maria-Santa Barbara  CA ,11,11,3145,0,0,0,0,0,0,6,92,10513,11,11,3145,0,0,0,0,0,0,6,92,10513
201705,999,42540, ,Scranton--Wilkes-Barre--Hazleton  PA ,7,7,1752,0,0,0,0,0,0,0,0,0,4,4,1035,0,0,0,0,0,0,0,0,0
201705,999,43100, ,Sheboygan  WI ,2,2,504,0,0,0,0,0,0,0,0,0,1,1,250,0,0,0,0,0,0,0,0,0
201705,999,43340, ,Shreveport-Bossier City  LA ,127,127,27263,0,0,0,0,0,0,1,9,664,119,119,25608,0,0,0,0,0,0,0,0,0
201705,999,43420, ,Sierra Vista-Douglas  AZ ,17,17,3170,0,0,0,0,0,0,0,0,0,17,17,3170,0,0,0,0,0,0,0,0,0
201705,999,43620, ,Sioux Falls  SD ,141,141,29641,1,2,210,0,0,0,6,48,3723,141,141,29641,1,2,210,0,0,0,6,48,3723
201705,999,44940,C,Sumter  SC ,26,26,3802,0,0,0,0,0,0,0,0,0,0,0,0,0,0,0,0,0,0,0,0,0
201705,999,45300,C,Tampa-St. Petersburg-Clearwater  FL ,1369,1369,367392,4,8,770,2,7,1121,18,765,85829,1356,1356,363621,3,6,490,2,7,1121,16,737,83693
201705,999,45460, ,Terre Haute  IN ,3,3,854,0,0,0,0,0,0,0,0,0,3,3,854,0,0,0,0,0,0,0,0,0
201705,999,45500, ,Texarkana  TX-AR ,4,4,940,0,0,0,0,0,0,0,0,0,4,4,940,0,0,0,0,0,0,0,0,0
201705,999,45820, ,Topeka  KS ,30,30,6245,0,0,0,0,0,0,0,0,0,30,30,6245,0,0,0,0,0,0,0,0,0
201705,999,46220, ,Tuscaloosa  AL ,47,47,12977,1,2,568,1,4,574,3,56,5522,15,15,4131,0,0,0,0,0,0,0,0,0
201705,999,46520,C,Urban Honolulu  HI ,116,116,33155,0,0,0,0,0,0,0,0,0,116,116,33155,0,0,0,0,0,0,0,0,0
201705,999,46540, ,Utica-Rome  NY ,1,1,150,0,0,0,0,0,0,0,0,0,1,1,150,0,0,0,0,0,0,0,0,0
201705,999,46660, ,Valdosta  GA ,80,80,14247,1,2,133,0,0,0,0,0,0,34,34,6534,0,0,0,0,0,0,0,0,0
201705,999,47380, ,Waco  TX ,38,38,7388,0,0,0,0,0,0,7,54,3700,38,38,7388,0,0,0,0,0,0,7,54,3700
201705,999,47460, ,Walla Walla  WA ,8,8,2264,0,0,0,0,0,0,0,0,0,7,7,2164,0,0,0,0,0,0,0,0,0
201705,999,47940, ,Waterloo-Cedar Falls  IA ,11,11,2985,0,0,0,0,0,0,0,0,0,11,11,2985,0,0,0,0,0,0,0,0,0
201705,999,48060, ,Watertown-Fort Drum  NY ,11,11,1190,0,0,0,0,0,0,0,0,0,2,2,120,0,0,0,0,0,0,0,0,0
201705,999,48300, ,Wenatchee  WA ,53,53,10943,0,0,0,0,0,0,0,0,0,27,27,6297,0,0,0,0,0,0,0,0,0
201705,999,48540, ,Wheeling  WV-OH ,1,1,205,0,0,0,0,0,0,0,0,0,1,1,205,0,0,0,0,0,0,0,0,0
201705,999,48660, ,Wichita Falls  TX ,1,1,150,0,0,0,0,0,0,0,0,0,1,1,150,0,0,0,0,0,0,0,0,0
201705,999,48900, ,Wilmington  NC ,120,120,32908,0,0,0,0,0,0,3,71,7001,0,0,0,0,0,0,0,0,0,0,0,0
201705,999,49420, ,Yakima  WA ,30,30,7861,0,0,0,0,0,0,0,0,0,10,10,1975,0,0,0,0,0,0,0,0,0
201705,999,49740, ,Yuma  AZ ,106,106,17879,1,2,245,1,4,553,0,0,0,106,106,17879,1,2,245,1,4,553,0,0,0
