Survey,MSA/,PMSA,,MA,,1-unit,,,2-units,,,3-4 units,,,5+ units,,,1-unit rep,,,2-units rep,,,3-4 units rep,,,5+ units rep
Date,CMSA,,,Name,Bldgs,Units,Value,Bldgs,Units,Value,Bldgs,Units,Value,Bldgs,Units,Value,Bldgs,Units,Value,Bldgs,Units,Value,Bldgs,Units,Value,Bldgs,Units,Value

8906,0040,9999, ,Abilene TX MSA,8,8,840,0,0,0,0,0,0,0,0,0,0,0,0,0,0,0,0,0,0,0,0,0
8906,0120,9999, ,Albany GA MSA,12,12,772,2,4,115,1,4,50,0,0,0,0,0,0,0,0,0,0,0,0,0,0,0
8906,0160,9999, ,Albany-Schenectady-Troy NY MSA,275,275,26610,5,10,386,4,14,313,14,156,3205,217,217,20938,3,6,260,2,8,175,11,124,2050
8906,0200,9999, ,Albuquerque NM MSA,143,143,12623,0,0,0,1,4,107,2,396,13814,143,143,12623,0,0,0,1,4,107,2,396,13814
8906,0220,9999, ,Alexandria LA MSA,8,8,605,0,0,0,0,0,0,0,0,0,8,8,605,0,0,0,0,0,0,0,0,0
8906,0240,9999, ,Allentown-Bethlehem PA-NJ MSA,199,199,20127,5,10,410,0,0,0,13,116,3952,184,184,19327,5,10,410,0,0,0,13,116,3952
8906,0280,9999, ,Altoona PA MSA,11,11,748,0,0,0,0,0,0,1,5,408,3,3,165,0,0,0,0,0,0,0,0,0
8906,0320,9999, ,Amarillo TX MSA,7,7,744,0,0,0,0,0,0,0,0,0,7,7,744,0,0,0,0,0,0,0,0,0
8906,0380,9999, ,Anchorage AK MSA,24,24,4044,0,0,0,0,0,0,0,0,0,24,24,4044,0,0,0,0,0,0,0,0,0
8906,0400,9999, ,Anderson IN MSA,7,7,534,1,2,109,0,0,0,0,0,0,4,4,334,0,0,0,0,0,0,0,0,0
8906,0405,9999, ,Anderson SC MSA,58,58,3392,0,0,0,1,4,100,0,0,0,58,58,3392,0,0,0,1,4,100,0,0,0
8906,0450,9999, ,Anniston AL MSA,15,15,943,0,0,0,1,3,77,2,22,400,6,6,407,0,0,0,0,0,0,2,22,400
8906,0460,9999, ,Appleton-Oshkosh-Neenah WI MSA,90,90,7008,8,16,676,1,4,83,7,66,1481,28,28,2147,4,8,357,0,0,0,5,46,1065
8906,0480,9999, ,Asheville NC MSA,69,69,5242,2,4,181,1,4,155,0,0,0,69,69,5242,2,4,181,1,4,155,0,0,0
8906,0500,9999, ,Athens GA MSA,59,59,4003,1,2,142,1,3,173,1,8,370,59,59,4003,1,2,142,1,3,173,1,8,370
8906,0520,9999, ,Atlanta GA MSA,1694,1694,134450,20,40,1090,12,46,1335,110,1193,40022,1665,1665,132707,20,40,1090,11,43,1260,108,1180,39704
8906,0560,9999, ,Atlantic City NJ MSA,236,236,15119,20,40,2553,0,0,0,4,73,4668,200,200,12759,6,12,754,0,0,0,0,0,0
8906,0600,9999, ,Augusta GA-SC MSA,414,414,19033,0,0,0,0,0,0,0,0,0,414,414,19033,0,0,0,0,0,0,0,0,0
8906,0640,9999, ,Austin TX MSA,158,158,17334,0,0,0,0,0,0,0,0,0,156,156,17209,0,0,0,0,0,0,0,0,0
8906,0680,9999, ,Bakersfield CA MSA,339,339,27885,2,4,346,1,4,158,0,0,0,227,227,18688,1,2,275,0,0,0,0,0,0
8906,0720,9999, ,Baltimore MD MSA,1775,1775,132053,12,24,972,5,20,684,44,706,23113,1762,1762,131213,12,24,972,5,20,684,44,706,23113
8906,0730,9999, ,Bangor ME MSA,26,26,2150,0,0,0,1,4,180,2,10,372,17,17,1381,0,0,0,1,4,180,0,0,0
8906,0760,9999, ,Baton Rouge LA MSA,68,68,5096,0,0,0,0,0,0,0,0,0,68,68,5096,0,0,0,0,0,0,0,0,0
8906,0780,9999, ,Battle Creek MI MSA,3,3,277,0,0,0,0,0,0,0,0,0,0,0,0,0,0,0,0,0,0,0,0,0
8906,0840,9999, ,Beaumont-Port Arthur TX MSA,18,18,1343,0,0,0,0,0,0,0,0,0,18,18,1343,0,0,0,0,0,0,0,0,0
8906,0860,9999, ,Bellingham WA MSA,80,80,6391,2,4,206,2,8,282,3,42,1454,65,65,5117,1,2,109,0,0,0,0,0,0
8906,0870,9999, ,Benton Harbor MI MSA,8,8,561,0,0,0,0,0,0,0,0,0,5,5,404,0,0,0,0,0,0,0,0,0
8906,0880,9999, ,Billings MT MSA,11,11,986,0,0,0,0,0,0,0,0,0,11,11,986,0,0,0,0,0,0,0,0,0
8906,0920,9999, ,Biloxi-Gulfport MS MSA,46,46,2365,1,2,75,0,0,0,0,0,0,44,44,2279,1,2,75,0,0,0,0,0,0
8906,0960,9999, ,Binghamton NY MSA,34,34,4666,0,0,0,0,0,0,0,0,0,34,34,4666,0,0,0,0,0,0,0,0,0
8906,1000,9999, ,Birmingham AL MSA,237,237,19633,0,0,0,0,0,0,1,14,296,220,220,18474,0,0,0,0,0,0,1,14,296
8906,1010,9999, ,Bismarck ND MSA,21,21,1787,0,0,0,0,0,0,0,0,0,21,21,1787,0,0,0,0,0,0,0,0,0
8906,1020,9999, ,Bloomington IN MSA,55,55,4695,0,0,0,1,3,105,0,0,0,55,55,4695,0,0,0,1,3,105,0,0,0
8906,1040,9999, ,Bloomington-Normal IL MSA,51,51,3023,2,4,161,0,0,0,2,18,451,51,51,3023,2,4,161,0,0,0,2,18,451
8906,1080,9999, ,Boise City ID MSA,128,128,11161,0,0,0,0,0,0,3,42,1427,128,128,11161,0,0,0,0,0,0,3,42,1427
8906,1122,1120, ,Boston MA PMSA,407,407,42528,28,56,2748,9,29,1371,16,108,5300,249,249,29041,22,44,2265,5,16,918,4,32,1751
8906,1122,1200, ,Brockton MA PMSA,38,38,3762,3,6,303,0,0,0,0,0,0,34,34,3524,3,6,303,0,0,0,0,0,0
8906,1122,4160, ,Lawrence-Haverhill MA-NH PMSA,132,132,17857,14,28,1128,3,11,1186,2,10,506,89,89,13711,9,18,656,3,11,1186,0,0,0
8906,1122,4560, ,Lowell MA-NH PMSA,70,70,5835,3,6,313,0,0,0,1,5,220,14,14,1072,0,0,0,0,0,0,0,0,0
8906,1122,5350, ,Nashua NH PMSA,55,55,5365,6,12,496,1,4,191,1,16,800,26,26,2278,3,6,274,0,0,0,0,0,0
8906,1122,7090, ,Salem-Gloucester MA PMSA,44,44,4637,2,4,342,0,0,0,1,5,255,24,24,2750,1,2,110,0,0,0,0,0,0
8906,1140,9999, ,Bradenton FL MSA,109,109,5609,5,10,185,3,12,193,5,59,2173,108,108,5508,5,10,185,3,12,193,5,59,2173
8906,1150,9999, ,Bremerton WA MSA,129,129,6694,1,2,46,0,0,0,0,0,0,129,129,6694,1,2,46,0,0,0,0,0,0
8906,1240,9999, ,Brownsville-Harlingen TX MSA,41,41,1767,0,0,0,1,4,57,0,0,0,39,39,1655,0,0,0,1,4,57,0,0,0
8906,1260,9999, ,Bryan-College Station TX MSA,24,24,2289,0,0,0,0,0,0,0,0,0,24,24,2289,0,0,0,0,0,0,0,0,0
8906,1282,1280, ,Buffalo NY PMSA,261,261,27008,8,16,738,2,8,285,3,58,1368,246,246,25876,8,16,738,2,8,285,3,58,1368
8906,1282,5700, ,Niagara Falls NY PMSA,69,69,5852,2,4,100,1,4,100,1,6,120,60,60,5128,2,4,100,1,4,100,1,6,120
8906,1300,9999, ,Burlington NC MSA,31,31,2426,4,8,1321,0,0,0,0,0,0,31,31,2426,4,8,1321,0,0,0,0,0,0
8906,1305,9999, ,Burlington VT MSA,88,88,8308,3,6,217,1,3,104,0,0,0,71,71,6706,0,0,0,0,0,0,0,0,0
8906,1320,9999, ,Canton OH MSA,72,72,7215,3,6,247,1,3,300,3,24,525,66,66,6758,2,4,184,1,3,300,3,24,525
8906,1350,9999, ,Casper WY MSA,2,2,142,0,0,0,0,0,0,0,0,0,2,2,142,0,0,0,0,0,0,0,0,0
8906,1360,9999, ,Cedar Rapids IA MSA,60,60,4457,0,0,0,10,40,1291,19,134,3297,60,60,4457,0,0,0,10,40,1291,19,134,3297
8906,1400,9999, ,Champaign-Urbana-Rantoul IL MSA,10,10,727,0,0,0,0,0,0,0,0,0,10,10,727,0,0,0,0,0,0,0,0,0
8906,1440,9999, ,Charleston SC MSA,241,241,17456,3,6,390,1,4,463,2,13,346,132,132,9691,2,4,220,1,4,463,1,5,185
8906,1480,9999, ,Charleston WV MSA,12,12,837,0,0,0,0,0,0,1,5,51,11,11,797,0,0,0,0,0,0,0,0,0
8906,1520,9999, ,Charlotte-Gastonia-Rock Hill NC-SC MSA,699,699,52892,3,6,193,3,11,160,46,641,13526,698,698,52863,3,6,193,3,11,160,46,641,13526
8906,1540,9999, ,Charlottesville VA MSA,59,59,6676,4,8,482,3,11,842,9,74,1776,59,59,6676,4,8,482,3,11,842,9,74,1776
8906,1560,9999, ,Chattanooga TN-GA MSA,139,139,9262,1,2,40,1,4,75,1,9,101,120,120,8340,0,0,0,1,4,75,0,0,0
8906,1580,9999, ,Cheyenne WY MSA,16,16,1566,0,0,0,0,0,0,0,0,0,16,16,1566,0,0,0,0,0,0,0,0,0
8906,1602,0620, ,Aurora-Elgin IL PMSA,278,278,37946,5,10,701,11,44,2834,5,40,1950,273,273,37496,4,8,630,11,44,2834,5,40,1950
8906,1602,1600, ,Chicago IL PMSA,1218,1218,143771,21,42,2483,30,114,7670,48,350,13356,1029,1029,125757,21,42,2483,23,91,6446,41,290,10574
8906,1602,2960, ,Gary-Hammond IN PMSA,207,207,20437,2,4,200,2,8,391,0,0,0,195,195,19356,2,4,200,2,8,391,0,0,0
8906,1602,3690, ,Joliet IL PMSA,220,220,20486,7,14,717,1,3,171,0,0,0,100,100,8563,7,14,717,0,0,0,0,0,0
8906,1602,3800, ,Kenosha WI PMSA,52,52,4365,2,4,130,0,0,0,0,0,0,42,42,3436,2,4,130,0,0,0,0,0,0
8906,1602,3965, ,Lake County IL PMSA,328,328,42619,2,4,234,0,0,0,4,30,1319,305,305,38930,1,2,113,0,0,0,3,24,1202
8906,1620,9999, ,Chico CA MSA,95,95,8326,2,4,325,0,0,0,0,0,0,95,95,8326,2,4,325,0,0,0,0,0,0
8906,1642,1640, ,Cincinnati OH-KY-IN PMSA,501,501,46019,4,8,395,2,8,480,30,298,6274,458,458,42986,4,8,395,2,8,480,24,248,4846
8906,1642,3200, ,Hamilton-Middletown OH PMSA,120,120,8016,2,4,89,3,10,819,1,5,194,23,23,2027,1,2,45,3,10,819,0,0,0
8906,1660,9999, ,Clarksville-Hopkinsville TN-KY MSA,62,62,3210,1,2,50,0,0,0,0,0,0,62,62,3210,1,2,50,0,0,0,0,0,0
8906,1692,0080, ,Akron OH PMSA,190,190,18089,4,8,270,3,11,460,13,117,1608,180,180,17061,4,8,270,3,11,460,13,117,1608
8906,1692,1680, ,Cleveland OH PMSA,413,413,51864,3,6,381,2,8,418,8,116,3487,279,279,35619,0,0,0,0,0,0,3,91,2903
8906,1692,4440, ,Lorain-Elyria OH PMSA,84,84,9886,1,2,80,0,0,0,0,0,0,74,74,9062,1,2,80,0,0,0,0,0,0
8906,1720,9999, ,Colorado Springs CO MSA,79,79,7737,0,0,0,0,0,0,0,0,0,79,79,7737,0,0,0,0,0,0,0,0,0
8906,1740,9999, ,Columbia MO MSA,69,69,5468,1,2,92,1,3,100,1,8,200,69,69,5468,1,2,92,1,3,100,1,8,200
8906,1760,9999, ,Columbia SC MSA,193,193,13837,0,0,0,0,0,0,0,0,0,190,190,13669,0,0,0,0,0,0,0,0,0
8906,1800,9999, ,Columbus GA-AL MSA,60,60,3252,0,0,0,0,0,0,0,0,0,60,60,3252,0,0,0,0,0,0,0,0,0
8906,1840,9999, ,Columbus OH MSA,631,631,57893,49,98,5676,7,26,1227,60,391,10890,268,268,26316,46,92,5354,2,8,250,6,48,1200
8906,1880,9999, ,Corpus Christi TX MSA,54,54,3827,0,0,0,0,0,0,0,0,0,54,54,3827,0,0,0,0,0,0,0,0,0
8906,1900,9999, ,Cumberland MD-WV MSA,32,32,1651,0,0,0,0,0,0,0,0,0,32,32,1651,0,0,0,0,0,0,0,0,0
8906,1922,1920, ,Dallas TX PMSA,821,821,87004,0,0,0,0,0,0,3,16,216,788,788,82562,0,0,0,0,0,0,0,0,0
8906,1922,2800, ,Fort Worth-Arlington TX PMSA,445,445,41549,1,2,71,0,0,0,0,0,0,388,388,33871,1,2,71,0,0,0,0,0,0
8906,1950,9999, ,Danville VA MSA,28,28,1706,0,0,0,0,0,0,0,0,0,24,24,1389,0,0,0,0,0,0,0,0,0
8906,1960,9999, ,Davenport-Rock Island-Moline IA-IL MSA,40,40,4400,1,2,135,0,0,0,0,0,0,37,37,4072,0,0,0,0,0,0,0,0,0
8906,2000,9999, ,Dayton-Springfield OH MSA,240,240,18494,2,4,152,0,0,0,4,36,1232,235,235,18071,2,4,152,0,0,0,2,11,664
8906,2020,9999, ,Daytona Beach FL MSA,396,396,29335,1,2,99,0,0,0,5,111,7096,299,299,22114,1,2,99,0,0,0,4,97,6626
8906,2030,9999, ,Decatur Al MSA,34,34,1289,0,0,0,1,4,67,1,5,75,0,0,0,0,0,0,0,0,0,0,0,0
8906,2040,9999, ,Decatur IL MSA,23,23,2083,0,0,0,0,0,0,0,0,0,23,23,2083,0,0,0,0,0,0,0,0,0
8906,2082,1125, ,Boulder-Longmont CO PMSA,81,81,9117,1,2,58,0,0,0,0,0,0,80,80,9063,1,2,58,0,0,0,0,0,0
8906,2082,2080, ,Denver CO PMSA,324,324,36240,0,0,0,0,0,0,6,46,1480,311,311,33838,0,0,0,0,0,0,6,46,1480
8906,2120,9999, ,Des Moines IA MSA,207,207,16920,0,0,0,0,0,0,3,68,2764,158,158,12268,0,0,0,0,0,0,2,24,826
8906,2162,0440, ,Ann Arbor MI PMSA,90,90,9098,7,14,829,9,28,1986,8,69,3224,48,48,5138,3,6,459,7,21,1760,2,14,1054
8906,2162,2160, ,Detroit MI PMSA,1339,1339,124822,7,14,930,13,47,2276,39,516,20540,1173,1173,110938,7,14,930,10,38,2021,29,422,17649
8906,2180,9999, ,Dothan AL MSA,27,27,1316,0,0,0,0,0,0,0,0,0,27,27,1316,0,0,0,0,0,0,0,0,0
8906,2200,9999, ,Dubuque IA MSA,29,29,2578,0,0,0,0,0,0,0,0,0,28,28,2523,0,0,0,0,0,0,0,0,0
8906,2240,9999, ,Duluth MN-WI MSA,44,44,2635,1,2,99,1,3,64,3,52,1892,40,40,2373,1,2,99,0,0,0,3,52,1892
8906,2290,9999, ,Eau Claire WI MSA,49,49,3215,1,2,190,4,16,610,2,16,324,43,43,2725,1,2,190,4,16,610,2,16,324
8906,2320,9999, ,El Paso TX MSA,148,148,8716,4,8,240,1,4,112,1,12,176,148,148,8716,4,8,240,1,4,112,1,12,176
8906,2330,9999, ,Elkhart-Goshen IN MSA,64,64,5220,0,0,0,2,7,184,0,0,0,10,10,1015,0,0,0,0,0,0,0,0,0
8906,2335,9999, ,Elmira NY MSA,1,1,30,0,0,0,0,0,0,0,0,0,0,0,0,0,0,0,0,0,0,0,0,0
8906,2340,9999, ,Enid OK MSA,1,1,140,0,0,0,0,0,0,0,0,0,1,1,140,0,0,0,0,0,0,0,0,0
8906,2360,9999, ,Erie PA MSA,35,35,2792,0,0,0,0,0,0,1,6,380,35,35,2792,0,0,0,0,0,0,1,6,380
8906,2400,9999, ,Eugene-Springfield OR MSA,73,73,6023,0,0,0,0,0,0,0,0,0,73,73,6023,0,0,0,0,0,0,0,0,0
8906,2440,9999, ,Evansville IN-KY MSA,57,57,4235,0,0,0,2,6,178,1,5,130,52,52,3978,0,0,0,1,3,100,0,0,0
8906,2520,9999, ,Fargo-Moorhead ND-MN MSA,46,46,3706,3,6,422,0,0,0,3,45,1172,46,46,3706,3,6,422,0,0,0,3,45,1172
8906,2560,9999, ,Fayetteville NC MSA,124,124,5985,0,0,0,0,0,0,0,0,0,124,124,5985,0,0,0,0,0,0,0,0,0
8906,2580,9999, ,Fayetteville-Springdale AR MSA,32,32,1786,9,18,575,0,0,0,0,0,0,32,32,1786,9,18,575,0,0,0,0,0,0
8906,2600,9999, ,Fitchburg-Leominster MA MSA,25,25,1651,0,0,0,1,4,149,2,16,677,11,11,646,0,0,0,0,0,0,0,0,0
8906,2640,9999, ,Flint MI MSA,75,75,6008,0,0,0,3,9,375,2,10,218,53,53,4174,0,0,0,3,9,375,0,0,0
8906,2650,9999, ,Florence AL MSA,11,11,526,0,0,0,0,0,0,1,12,213,11,11,526,0,0,0,0,0,0,1,12,213
8906,2655,9999, ,Florence SC MSA,30,30,1856,1,2,24,0,0,0,2,14,268,5,5,633,0,0,0,0,0,0,0,0,0
8906,2670,9999, ,Fort Collins-Loveland CO MSA,131,131,10403,0,0,0,1,3,152,0,0,0,117,117,9566,0,0,0,0,0,0,0,0,0
8906,2700,9999, ,Fort Myers-Cape Coral FL MSA,400,400,25362,15,30,1190,1,4,209,22,266,9705,400,400,25362,15,30,1190,1,4,209,22,266,9705
8906,2710,9999, ,Fort Pierce FL MSA,455,455,31220,0,0,0,7,27,1622,14,180,5671,455,455,31220,0,0,0,7,27,1622,14,180,5671
8906,2720,9999, ,Fort Smith AR-OK MSA,39,39,2569,1,2,56,0,0,0,0,0,0,24,24,1759,0,0,0,0,0,0,0,0,0
8906,2750,9999, ,Fort Walton Beach FL MSA,121,121,6070,0,0,0,1,3,180,0,0,0,15,15,1101,0,0,0,1,3,180,0,0,0
8906,2760,9999, ,Fort Wayne IN MSA,116,116,13075,1,2,54,0,0,0,2,15,300,116,116,13075,1,2,54,0,0,0,2,15,300
8906,2840,9999, ,Fresno CA MSA,391,391,38672,1,2,53,25,100,5943,21,176,7464,391,391,38672,1,2,53,25,100,5943,21,176,7464
8906,2880,9999, ,Gadsden AL MSA,5,5,256,0,0,0,0,0,0,0,0,0,0,0,0,0,0,0,0,0,0,0,0,0
8906,2900,9999, ,Gainesville FL MSA,82,82,4050,0,0,0,9,29,500,1,5,185,73,73,3600,0,0,0,9,29,500,1,5,185
8906,2975,9999, ,Glens Falls NY MSA,31,31,2743,0,0,0,0,0,0,0,0,0,31,31,2743,0,0,0,0,0,0,0,0,0
8906,2985,9999, ,Grand Forks ND MSA,16,16,1151,0,0,0,0,0,0,0,0,0,16,16,1151,0,0,0,0,0,0,0,0,0
8906,3000,9999, ,Grand Rapids MI MSA,399,399,32412,4,8,594,8,29,1271,6,86,2222,292,292,24835,2,4,366,5,20,845,2,48,1140
8906,3040,9999, ,Great Falls MT MSA,7,7,783,0,0,0,0,0,0,0,0,0,7,7,783,0,0,0,0,0,0,0,0,0
8906,3060,9999, ,Greeley CO MSA,20,20,1457,0,0,0,0,0,0,0,0,0,20,20,1457,0,0,0,0,0,0,0,0,0
8906,3080,9999, ,Green Bay WI MSA,41,41,3593,5,10,558,1,4,84,3,37,778,31,31,2837,5,10,558,1,4,84,2,32,668
8906,3120,9999, ,Greensboro--Winston-Salem--High Point NC MSA,702,702,50489,3,6,232,1,4,137,33,344,11268,675,675,48409,3,6,232,1,4,137,33,344,11268
8906,3160,9999, ,Greenville-Spartanburg SC MSA,236,236,16698,3,6,277,0,0,0,1,11,376,234,234,16500,3,6,277,0,0,0,0,0,0
8906,3180,9999, ,Hagerstown MD MSA,62,62,4367,3,6,189,0,0,0,6,68,2200,62,62,4367,3,6,189,0,0,0,6,68,2200
8906,3240,9999, ,Harrisburg-Lebanon-Carlisle PA MSA,170,170,14480,0,0,0,0,0,0,3,34,1172,144,144,12825,0,0,0,0,0,0,2,24,767
8906,3282,1170, ,Bristol CT PMSA,23,23,2030,0,0,0,1,3,300,0,0,0,23,23,2030,0,0,0,1,3,300,0,0,0
8906,3282,3280, ,Hartford CT PMSA,177,177,20961,3,6,310,0,0,0,3,162,6479,151,151,18313,3,6,310,0,0,0,2,149,5974
8906,3282,5020, ,Middletown CT PMSA,30,30,2204,0,0,0,0,0,0,2,37,663,13,13,1133,0,0,0,0,0,0,0,0,0
8906,3282,5440, ,New Britain CT PMSA,24,24,1406,3,6,224,1,4,160,0,0,0,24,24,1406,3,6,224,1,4,160,0,0,0
8906,3290,9999, ,Hickory NC MSA,80,80,6285,4,8,185,0,0,0,1,7,180,80,80,6285,4,8,185,0,0,0,1,7,180
8906,3320,9999, ,Honolulu HI MSA,346,346,31407,4,8,725,0,0,0,13,264,29696,346,346,31407,4,8,725,0,0,0,13,264,29696
8906,3350,9999, ,Houma-Thibodaux LA MSA,20,20,1065,0,0,0,0,0,0,0,0,0,10,10,538,0,0,0,0,0,0,0,0,0
8906,3362,1145, ,Brazoria TX PMSA,66,66,4525,0,0,0,0,0,0,0,0,0,66,66,4525,0,0,0,0,0,0,0,0,0
8906,3362,2920, ,Galveston-Texas City TX PMSA,74,74,7135,0,0,0,0,0,0,0,0,0,70,70,6997,0,0,0,0,0,0,0,0,0
8906,3362,3360, ,Houston TX PMSA,784,784,76081,0,0,0,1,3,58,1,5,98,761,761,72417,0,0,0,0,0,0,0,0,0
8906,3400,9999, ,Huntington-Ashland WV-KY-OH MSA,7,7,583,0,0,0,0,0,0,0,0,0,6,6,488,0,0,0,0,0,0,0,0,0
8906,3440,9999, ,Huntsville AL MSA,140,140,3101,1,2,22,0,0,0,0,0,0,140,140,3101,1,2,22,0,0,0,0,0,0
8906,3480,9999, ,Indianapolis IN MSA,614,614,62809,11,22,1119,6,24,1099,8,58,2339,508,508,48998,11,22,1119,6,24,1099,4,29,1419
8906,3500,9999, ,Iowa City IA MSA,32,32,3855,5,10,639,0,0,0,1,8,148,32,32,3855,5,10,639,0,0,0,1,8,148
8906,3520,9999, ,Jackson MI MSA,16,16,1039,0,0,0,0,0,0,0,0,0,14,14,940,0,0,0,0,0,0,0,0,0
8906,3560,9999, ,Jackson MS MSA,98,98,7098,1,2,152,0,0,0,2,32,596,88,88,6566,1,2,152,0,0,0,0,0,0
8906,3580,9999, ,Jackson TN MSA,47,47,3064,0,0,0,0,0,0,0,0,0,47,47,3064,0,0,0,0,0,0,0,0,0
8906,3600,9999, ,Jacksonville FL MSA,627,627,45503,6,12,364,0,0,0,6,187,8738,625,625,45421,6,12,364,0,0,0,5,182,8627
8906,3605,9999, ,Jacksonville NC MSA,27,27,1327,0,0,0,0,0,0,0,0,0,15,15,646,0,0,0,0,0,0,0,0,0
8906,3620,9999, ,Janesville-Beloit WI MSA,20,20,1406,2,4,190,0,0,0,0,0,0,20,20,1406,2,4,190,0,0,0,0,0,0
8906,3660,9999, ,Johnson City-Kingsport-Bristol TN-VA MSA,63,63,4187,1,2,26,0,0,0,0,0,0,63,63,4187,1,2,26,0,0,0,0,0,0
8906,3680,9999, ,Johnstown PA MSA,6,6,328,0,0,0,0,0,0,0,0,0,6,6,328,0,0,0,0,0,0,0,0,0
8906,3710,9999, ,Joplin MO MSA,12,12,873,0,0,0,0,0,0,0,0,0,12,12,873,0,0,0,0,0,0,0,0,0
8906,3720,9999, ,Kalamazoo MI MSA,38,38,3961,2,4,298,0,0,0,3,72,2300,36,36,3806,2,4,298,0,0,0,3,72,2300
8906,3740,9999, ,Kankakee IL MSA,14,14,1309,1,2,63,0,0,0,0,0,0,14,14,1309,1,2,63,0,0,0,0,0,0
8906,3760,9999, ,Kansas City MO-KS MSA,634,634,60559,15,30,1464,7,27,1308,0,0,0,567,567,55358,10,20,1061,6,23,1225,0,0,0
8906,3810,9999, ,Killeen-Temple TX MSA,53,53,4578,1,2,30,0,0,0,0,0,0,53,53,4578,1,2,30,0,0,0,0,0,0
8906,3840,9999, ,Knoxville TN MSA,223,223,14027,2,4,80,1,3,56,1,8,162,208,208,12514,2,4,80,0,0,0,0,0,0
8906,3850,9999, ,Kokomo IN MSA,22,22,2150,5,10,887,0,0,0,0,0,0,22,22,2150,5,10,887,0,0,0,0,0,0
8906,3870,9999, ,La Crosse WI MSA,23,23,1929,1,2,130,1,4,87,0,0,0,23,23,1929,1,2,130,1,4,87,0,0,0
8906,3880,9999, ,Lafayette LA MSA,24,24,2507,0,0,0,0,0,0,0,0,0,24,24,2507,0,0,0,0,0,0,0,0,0
8906,3920,9999, ,Lafayette-West Lafayette IN MSA,38,38,2949,0,0,0,0,0,0,2,44,1230,38,38,2949,0,0,0,0,0,0,2,44,1230
8906,3960,9999, ,Lake Charles LA MSA,32,32,3567,0,0,0,0,0,0,1,14,700,32,32,3567,0,0,0,0,0,0,1,14,700
8906,3980,9999, ,Lakeland-Winter Haven FL MSA,241,241,17190,5,10,374,11,42,1067,1,8,262,238,238,17045,4,8,324,10,39,955,1,8,262
8906,4000,9999, ,Lancaster PA MSA,139,139,11420,1,2,80,0,0,0,2,205,18220,129,129,10777,1,2,80,0,0,0,1,200,17906
8906,4040,9999, ,Lansing-East Lansing MI MSA,143,143,12722,2,4,169,0,0,0,1,8,307,134,134,12114,2,4,169,0,0,0,1,8,307
8906,4080,9999, ,Laredo TX MSA,52,52,1995,1,2,29,0,0,0,2,20,232,0,0,0,0,0,0,0,0,0,0,0,0
8906,4100,9999, ,Las Cruces NM MSA,76,76,4594,3,6,180,0,0,0,1,5,133,42,42,2706,3,6,180,0,0,0,0,0,0
8906,4120,9999, ,Las Vegas NV MSA,979,979,60294,1,2,78,17,68,2541,144,2565,80455,967,967,59366,1,2,78,17,68,2541,143,2550,79933
8906,4150,9999, ,Lawrence KS MSA,43,43,3681,6,12,547,2,8,242,3,33,688,9,9,849,0,0,0,0,0,0,0,0,0
8906,4200,9999, ,Lawton OK MSA,9,9,800,0,0,0,0,0,0,0,0,0,9,9,800,0,0,0,0,0,0,0,0,0
8906,4240,9999, ,Lewiston-Auburn ME MSA,28,28,2143,0,0,0,0,0,0,1,5,125,13,13,982,0,0,0,0,0,0,0,0,0
8906,4280,9999, ,Lexington-Fayette KY MSA,231,231,16599,5,10,465,0,0,0,15,197,5089,194,194,14796,2,4,340,0,0,0,14,192,5000
8906,4320,9999, ,Lima OH MSA,13,13,1486,0,0,0,0,0,0,1,20,450,13,13,1486,0,0,0,0,0,0,1,20,450
8906,4360,9999, ,Lincoln NE MSA,98,98,8520,5,10,489,0,0,0,0,0,0,98,98,8520,5,10,489,0,0,0,0,0,0
8906,4400,9999, ,Little Rock-North Little Rock AR MSA,120,120,9147,0,0,0,0,0,0,1,84,2750,120,120,9147,0,0,0,0,0,0,1,84,2750
8906,4420,9999, ,Longview-Marshall TX MSA,9,9,752,0,0,0,0,0,0,0,0,0,9,9,752,0,0,0,0,0,0,0,0,0
8906,4472,0360, ,Anaheim-Santa Ana CA PMSA,593,593,89073,37,74,9353,58,205,19125,88,910,51977,545,545,80885,36,72,9138,52,185,17539,83,870,49429
8906,4472,4480, ,Los Angeles-Long Beach CA PMSA,1853,1853,225581,47,94,6715,59,207,12793,122,1531,87353,1669,1669,199639,35,70,5198,50,178,10908,101,1340,75795
8906,4472,6000, ,Oxnard-Ventura CA PMSA,183,183,24648,2,4,260,4,15,1063,12,97,14320,143,143,20021,1,2,123,1,3,227,8,55,12129
8906,4472,6780, ,Riverside-San Bernardino CA PMSA,4771,4771,522547,8,16,1163,30,116,7271,61,571,28896,4652,4652,511826,8,16,1163,30,116,7271,61,571,28896
8906,4520,9999, ,Louisville KY-IN MSA,336,336,30354,4,8,354,2,8,180,7,41,871,312,312,28420,3,6,262,2,8,180,6,36,810
8906,4600,9999, ,Lubbock TX MSA,44,44,4684,1,2,115,0,0,0,0,0,0,44,44,4684,1,2,115,0,0,0,0,0,0
8906,4640,9999, ,Lynchburg VA MSA,45,45,3611,4,8,295,0,0,0,1,12,400,45,45,3611,4,8,295,0,0,0,1,12,400
8906,4680,9999, ,Macon-Warner Robins GA MSA,91,91,5703,8,16,502,0,0,0,7,47,898,91,91,5703,8,16,502,0,0,0,7,47,898
8906,4720,9999, ,Madison WI MSA,146,146,12940,5,10,454,5,20,605,5,75,2070,133,133,12058,3,6,279,5,20,605,5,75,2070
8906,4760,9999, ,Manchester NH MSA,27,27,2970,8,16,847,4,16,547,2,54,1830,12,12,1842,5,10,600,0,0,0,0,0,0
8906,4800,9999, ,Mansfield OH MSA,24,24,1799,0,0,0,1,4,200,2,14,250,24,24,1799,0,0,0,1,4,200,2,14,250
8906,4880,9999, ,McAllen-Edinburg-Mission TX MSA,76,76,3875,3,6,145,0,0,0,0,0,0,40,40,1763,0,0,0,0,0,0,0,0,0
8906,4890,9999, ,Medford OR MSA,94,94,8037,6,12,656,2,8,449,3,15,1081,94,94,8037,6,12,656,2,8,449,3,15,1081
8906,4900,9999, ,Melbourne-Titusville-Palm Bay FL MSA,399,399,31847,0,0,0,0,0,0,1,8,175,399,399,31847,0,0,0,0,0,0,1,8,175
8906,4920,9999, ,Memphis TN-AR-MS MSA,426,426,36237,0,0,0,1,4,114,19,202,5348,379,379,33875,0,0,0,0,0,0,18,191,5015
8906,4940,9999, ,Merced CA MSA,132,132,11049,1,2,101,2,7,367,0,0,0,104,104,8416,1,2,101,1,4,143,0,0,0
8906,4992,2680, ,Fort Lauderdale-Hollywood-Pompano Beach FL PMSA,844,844,67659,4,8,614,6,24,1192,49,801,37163,839,839,67252,4,8,614,6,24,1192,47,782,36051
8906,4992,5000, ,Miami-Hialeah FL PMSA,1176,1176,114076,10,20,909,4,14,532,80,3631,139566,1172,1172,113736,10,20,909,4,14,532,80,3631,139566
8906,5040,9999, ,Midland TX MSA,15,15,1530,0,0,0,0,0,0,0,0,0,15,15,1530,0,0,0,0,0,0,0,0,0
8906,5082,5080, ,Milwaukee WI PMSA,340,340,34561,12,24,1274,4,16,713,37,322,12094,268,268,26829,11,22,1218,4,16,713,33,294,10515
8906,5082,6600, ,Racine WI PMSA,36,36,3008,1,2,130,0,0,0,2,93,6280,6,6,747,0,0,0,0,0,0,2,93,6280
8906,5120,9999, ,Minneapolis-St. Paul MN-WI MSA,1412,1412,143521,10,20,1616,7,27,1531,36,675,29436,1261,1261,129363,10,20,1616,7,27,1531,32,637,28060
8906,5160,9999, ,Mobile AL MSA,38,38,3117,1,2,109,0,0,0,0,0,0,38,38,3117,1,2,109,0,0,0,0,0,0
8906,5170,9999, ,Modesto CA MSA,385,385,34051,1,2,105,2,6,203,1,10,678,385,385,34051,1,2,105,2,6,203,1,10,678
8906,5200,9999, ,Monroe LA MSA,18,18,1122,0,0,0,0,0,0,0,0,0,18,18,1122,0,0,0,0,0,0,0,0,0
8906,5240,9999, ,Montgomery AL MSA,68,68,3794,0,0,0,0,0,0,0,0,0,68,68,3794,0,0,0,0,0,0,0,0,0
8906,5280,9999, ,Muncie IN MSA,24,24,2155,0,0,0,0,0,0,0,0,0,24,24,2155,0,0,0,0,0,0,0,0,0
8906,5320,9999, ,Muskegon MI MSA,24,24,1824,0,0,0,0,0,0,0,0,0,21,21,1704,0,0,0,0,0,0,0,0,0
8906,5345,9999, ,Naples FL MSA,176,176,19205,8,16,958,0,0,0,31,416,22788,172,172,17672,8,16,958,0,0,0,31,416,22788
8906,5360,9999, ,Nashville TN MSA,523,523,37962,7,14,655,0,0,0,9,79,1583,469,469,34426,7,14,655,0,0,0,6,37,637
8906,5400,9999, ,New Bedford MA MSA,25,25,2667,1,2,115,0,0,0,1,9,540,6,6,404,0,0,0,0,0,0,0,0,0
8906,5480,9999, ,New Haven-Meriden CT MSA,114,114,10042,5,10,328,0,0,0,1,10,167,73,73,8082,4,8,235,0,0,0,0,0,0
8906,5520,9999, ,New London-Norwich CT-RI MSA,68,68,6080,1,2,243,0,0,0,0,0,0,59,59,5227,1,2,243,0,0,0,0,0,0
8906,5560,9999, ,New Orleans LA MSA,166,166,10305,2,4,40,1,4,35,2,96,5193,116,116,6983,2,4,40,1,4,35,1,91,5041
8906,5602,0875, ,Bergen-Passaic NJ PMSA,128,128,11877,8,16,1071,0,0,0,26,254,9730,56,56,7751,3,6,416,0,0,0,22,231,8388
8906,5602,1160, ,Bridgeport-Milford CT PMSA,48,48,4449,1,2,78,0,0,0,0,0,0,45,45,4327,0,0,0,0,0,0,0,0,0
8906,5602,1930, ,Danbury CT PMSA,51,51,5565,0,0,0,3,12,675,0,0,0,46,46,5164,0,0,0,3,12,675,0,0,0
8906,5602,3640, ,Jersey City NJ PMSA,7,7,448,15,30,1512,0,0,0,3,43,2652,1,1,114,1,2,197,0,0,0,0,0,0
8906,5602,5015, ,Middlesex-Somerset-Hunterdon NJ PMSA,590,590,38432,2,4,209,0,0,0,15,200,8260,473,473,29255,2,4,209,0,0,0,12,172,4952
8906,5602,5190, ,Monmouth-Ocean NJ PMSA,436,436,37204,3,6,194,3,9,439,4,36,1434,372,372,31161,1,2,80,0,0,0,0,0,0
8906,5602,5380, ,Nassau-Suffolk NY PMSA,373,373,37427,6,12,475,0,0,0,3,123,6174,299,299,30005,5,10,429,0,0,0,2,117,5803
8906,5602,5600, ,New York NY PMSA,1050,1050,91680,187,374,19376,101,315,17385,38,512,27739,1005,1005,84319,186,372,19281,101,315,17385,36,498,26974
8906,5602,5640, ,Newark NJ PMSA,211,211,22769,5,10,594,5,17,529,8,67,3243,147,147,15168,5,10,594,4,14,455,8,67,3243
8906,5602,5760, ,Norwalk CT PMSA,7,7,1608,0,0,0,0,0,0,0,0,0,4,4,1078,0,0,0,0,0,0,0,0,0
8906,5602,5950, ,Orange County NY PMSA,84,84,6858,6,12,627,0,0,0,1,8,315,41,41,3785,4,8,427,0,0,0,1,8,315
8906,5602,8040, ,Stamford CT PMSA,17,17,5410,3,6,312,0,0,0,0,0,0,17,17,5410,3,6,312,0,0,0,0,0,0
8906,5720,9999, ,Norfolk-Virginia Beach-Newport News VA MSA,937,937,70847,15,30,1794,6,24,1184,34,303,7198,879,879,66199,13,26,1639,5,20,1027,33,291,6861
8906,5790,9999, ,Ocala FL MSA,230,230,8609,1,2,67,0,0,0,0,0,0,228,228,8557,1,2,67,0,0,0,0,0,0
8906,5800,9999, ,Odessa TX MSA,3,3,138,0,0,0,0,0,0,0,0,0,3,3,138,0,0,0,0,0,0,0,0,0
8906,5880,9999, ,Oklahoma City OK MSA,191,191,14035,0,0,0,6,24,63,1,41,933,185,185,13689,0,0,0,6,24,63,1,41,933
8906,5910,9999, ,Olympia WA MSA,100,100,5038,0,0,0,0,0,0,1,44,2199,24,24,2014,0,0,0,0,0,0,1,44,2199
8906,5920,9999, ,Omaha NE-IA MSA,241,241,16084,2,4,226,1,4,80,6,55,1030,240,240,16053,2,4,226,1,4,80,6,55,1030
8906,5960,9999, ,Orlando FL MSA,1387,1387,99276,7,14,581,3,12,240,20,282,10456,1386,1386,99220,7,14,581,3,12,240,20,282,10456
8906,5990,9999, ,Owensboro KY MSA,23,23,1345,0,0,0,0,0,0,0,0,0,12,12,742,0,0,0,0,0,0,0,0,0
8906,6015,9999, ,Panama City FL MSA,51,51,3850,0,0,0,0,0,0,0,0,0,51,51,3850,0,0,0,0,0,0,0,0,0
8906,6020,9999, ,Parkersburg-Marietta WV-OH MSA,5,5,473,0,0,0,0,0,0,0,0,0,4,4,400,0,0,0,0,0,0,0,0,0
8906,6025,9999, ,Pascagoula MS MSA,21,21,1246,0,0,0,0,0,0,0,0,0,16,16,868,0,0,0,0,0,0,0,0,0
8906,6080,9999, ,Pensacola FL MSA,207,207,14476,2,4,90,0,0,0,0,0,0,207,207,14476,2,4,90,0,0,0,0,0,0
8906,6120,9999, ,Peoria IL MSA,51,51,5009,1,2,160,0,0,0,0,0,0,38,38,3933,1,2,160,0,0,0,0,0,0
8906,6162,6160, ,Philadelphia PA-NJ PMSA,1214,1214,105860,3,6,319,1,3,143,16,166,6497,907,907,78719,2,4,167,1,3,143,12,135,4753
8906,6162,8480, ,Trenton NJ PMSA,100,100,7573,0,0,0,0,0,0,0,0,0,83,83,6410,0,0,0,0,0,0,0,0,0
8906,6162,8760, ,Vineland-Millville-Bridgeton NJ PMSA,64,64,4906,0,0,0,1,3,203,0,0,0,59,59,4596,0,0,0,1,3,203,0,0,0
8906,6162,9160, ,Wilmington DE-NJ-MD PMSA,407,407,21470,3,6,138,0,0,0,29,296,5596,381,381,19754,3,6,138,0,0,0,28,291,5412
8906,6200,9999, ,Phoenix AZ MSA,1158,1158,117509,0,0,0,0,0,0,9,127,8193,1140,1140,116457,0,0,0,0,0,0,9,127,8193
8906,6240,9999, ,Pine Bluff AR MSA,5,5,132,0,0,0,0,0,0,0,0,0,5,5,132,0,0,0,0,0,0,0,0,0
8906,6282,0845, ,Beaver County PA PMSA,33,33,2450,0,0,0,0,0,0,0,0,0,28,28,2007,0,0,0,0,0,0,0,0,0
8906,6282,6280, ,Pittsburgh PA PMSA,363,363,36123,0,0,0,5,17,575,19,309,10687,278,278,29709,0,0,0,3,11,310,15,286,10079
8906,6320,9999, ,Pittsfield MA MSA,5,5,471,0,0,0,0,0,0,1,5,360,4,4,320,0,0,0,0,0,0,1,5,360
8906,6400,9999, ,Portland ME MSA,94,94,7580,3,6,208,4,15,487,2,12,442,69,69,6541,2,4,120,3,12,397,1,5,77
8906,6442,6440, ,Portland OR PMSA,522,522,52628,3,6,266,19,76,4409,142,1874,73331,515,515,52017,3,6,266,19,76,4409,142,1874,73331
8906,6442,8725, ,Vancouver WA PMSA,174,174,18058,6,12,851,0,0,0,0,0,0,171,171,17794,6,12,851,0,0,0,0,0,0
8906,6450,9999, ,Portsmouth-Dover-Rochester NH-ME MSA,76,76,6361,3,6,353,0,0,0,0,0,0,46,46,4293,1,2,101,0,0,0,0,0,0
8906,6460,9999, ,Poughkeepsie NY MSA,23,23,2269,0,0,0,0,0,0,1,9,345,15,15,1553,0,0,0,0,0,0,0,0,0
8906,6482,2480, ,Fall River MA-RI PMSA,41,41,3440,1,2,71,3,9,348,1,12,610,10,10,940,0,0,0,0,0,0,0,0,0
8906,6482,6060, ,Pawtucket-Woonsocket-Attleboro RI-MA PMSA,93,93,9872,8,16,811,2,7,278,3,23,1272,57,57,7050,6,12,594,1,3,65,1,8,700
8906,6482,6480, ,Providence RI PMSA,158,158,13261,34,68,2598,7,24,1747,7,67,2009,85,85,6831,15,30,1549,2,6,1210,0,0,0
8906,6520,9999, ,Provo-Orem UT MSA,67,67,6313,0,0,0,0,0,0,2,14,467,67,67,6313,0,0,0,0,0,0,2,14,467
8906,6560,9999, ,Pueblo CO MSA,23,23,827,0,0,0,0,0,0,0,0,0,23,23,827,0,0,0,0,0,0,0,0,0
8906,6640,9999, ,Raleigh-Durham NC MSA,520,520,47095,4,8,238,0,0,0,13,96,1995,430,430,39207,3,6,213,0,0,0,10,60,987
8906,6660,9999, ,Rapid City SD MSA,19,19,1354,0,0,0,0,0,0,0,0,0,19,19,1354,0,0,0,0,0,0,0,0,0
8906,6680,9999, ,Reading PA MSA,71,71,4698,0,0,0,1,4,687,0,0,0,56,56,3852,0,0,0,1,4,687,0,0,0
8906,6690,9999, ,Redding CA MSA,124,124,10098,0,0,0,0,0,0,5,40,1193,124,124,10098,0,0,0,0,0,0,5,40,1193
8906,6720,9999, ,Reno NV MSA,207,207,15817,0,0,0,0,0,0,4,28,750,207,207,15817,0,0,0,0,0,0,4,28,750
8906,6740,9999, ,Richland-Kennewick-Pasco WA MSA,13,13,1260,0,0,0,0,0,0,0,0,0,11,11,1079,0,0,0,0,0,0,0,0,0
8906,6760,9999, ,Richmond-Petersburg VA MSA,639,639,42863,1,2,24,1,4,137,62,638,16437,620,620,42022,0,0,0,1,4,137,62,638,16437
8906,6800,9999, ,Roanoke VA MSA,73,73,4365,2,4,87,0,0,0,2,114,2953,63,63,3844,0,0,0,0,0,0,1,108,2818
8906,6820,9999, ,Rochester MN MSA,62,62,6167,1,2,124,1,4,185,0,0,0,19,19,2528,0,0,0,0,0,0,0,0,0
8906,6840,9999, ,Rochester NY MSA,373,373,40426,1,2,105,3,12,490,5,56,1672,291,291,34105,0,0,0,3,12,490,3,46,1298
8906,6880,9999, ,Rockford IL MSA,95,95,7042,4,8,359,1,4,80,0,0,0,44,44,4092,3,6,266,1,4,80,0,0,0
8906,6920,9999, ,Sacramento CA MSA,1701,1701,205636,4,8,756,2,8,390,10,103,4697,1701,1701,205636,4,8,756,2,8,390,10,103,4697
8906,6960,9999, ,Saginaw-Bay City-Midland MI MSA,33,33,3237,1,2,239,0,0,0,12,102,1472,32,32,3203,1,2,239,0,0,0,12,102,1472
8906,6980,9999, ,St. Cloud MN MSA,102,102,7163,0,0,0,0,0,0,4,88,2176,83,83,5707,0,0,0,0,0,0,3,81,2020
8906,7000,9999, ,St. Joseph MO MSA,15,15,1229,0,0,0,1,4,280,0,0,0,15,15,1229,0,0,0,1,4,280,0,0,0
8906,7040,9999, ,St. Louis MO-IL MSA,884,884,76111,15,30,1462,10,34,1842,8,139,5298,774,774,67673,14,28,1408,8,28,1328,7,134,4717
8906,7080,9999, ,Salem OR MSA,109,109,6430,0,0,0,0,0,0,1,8,133,85,85,4926,0,0,0,0,0,0,0,0,0
8906,7120,9999, ,Salinas-Seaside-Monterey CA MSA,123,123,13528,2,4,352,2,7,311,1,7,336,113,113,12487,2,4,352,1,4,181,1,7,336
8906,7160,9999, ,Salt Lake City-Ogden UT MSA,300,300,23599,3,6,367,0,0,0,0,0,0,267,267,21078,3,6,367,0,0,0,0,0,0
8906,7200,9999, ,San Angelo TX MSA,8,8,597,0,0,0,0,0,0,0,0,0,8,8,597,0,0,0,0,0,0,0,0,0
8906,7240,9999, ,San Antonio TX MSA,176,176,13594,0,0,0,0,0,0,0,0,0,174,174,13536,0,0,0,0,0,0,0,0,0
8906,7320,9999, ,San Diego CA MSA,1125,1125,158118,23,46,4555,5,19,1279,24,433,30444,1082,1082,148786,23,46,4555,5,19,1279,24,433,30444
8906,7362,5775, ,Oakland CA PMSA,866,866,100476,10,20,1455,0,0,0,21,535,27217,791,791,93177,10,20,1455,0,0,0,20,521,26681
8906,7362,7360, ,San Francisco CA PMSA,214,214,35533,6,12,912,16,49,3013,7,175,9469,209,209,34944,5,10,776,16,49,3013,6,164,8934
8906,7362,7400, ,San Jose CA PMSA,190,190,29918,3,6,269,0,0,0,12,232,12437,187,187,29116,3,6,269,0,0,0,12,232,12437
8906,7362,7485, ,Santa Cruz CA PMSA,114,114,16635,1,2,196,2,7,517,0,0,0,114,114,16635,1,2,196,2,7,517,0,0,0
8906,7362,7500, ,Santa Rosa-Petaluma CA PMSA,374,374,39478,1,2,110,3,9,371,1,6,239,188,188,21537,1,2,110,3,9,371,0,0,0
8906,7362,8720, ,Vallejo-Fairfield-Napa CA PMSA,877,877,104206,0,0,0,3,11,595,42,332,15162,877,877,104206,0,0,0,3,11,595,42,332,15162
8906,7480,9999, ,Santa Barbara-Santa Maria-Lompoc CA MSA,181,181,22653,11,22,1456,0,0,0,2,13,512,167,167,21105,11,22,1456,0,0,0,1,8,364
8906,7490,9999, ,Santa Fe NM MSA,34,34,3185,0,0,0,7,28,1232,0,0,0,34,34,3185,0,0,0,7,28,1232,0,0,0
8906,7510,9999, ,Sarasota FL MSA,226,226,21539,0,0,0,6,24,1387,0,0,0,226,226,21539,0,0,0,6,24,1387,0,0,0
8906,7520,9999, ,Savannah GA MSA,111,111,8316,1,2,50,1,4,111,2,31,956,78,78,6648,0,0,0,0,0,0,0,0,0
8906,7560,9999, ,Scranton--Wilkes-Barre PA MSA,257,257,19064,3,6,218,3,12,403,3,15,1048,190,190,14512,1,2,30,1,4,50,0,0,0
8906,7602,7600, ,Seattle WA PMSA,1171,1171,121341,15,30,1745,14,48,2070,36,642,34823,1082,1082,113518,13,26,1491,11,39,1777,29,552,31013
8906,7602,8200, ,Tacoma WA PMSA,289,289,20260,17,34,1468,2,8,277,51,650,20397,284,284,19881,17,34,1468,2,8,277,50,645,20363
8906,7610,9999, ,Sharon PA MSA,13,13,955,0,0,0,0,0,0,0,0,0,13,13,955,0,0,0,0,0,0,0,0,0
8906,7620,9999, ,Sheboygan WI MSA,15,15,622,0,0,0,0,0,0,1,59,1200,15,15,622,0,0,0,0,0,0,1,59,1200
8906,7640,9999, ,Sherman-Denison TX MSA,2,2,80,0,0,0,0,0,0,0,0,0,2,2,80,0,0,0,0,0,0,0,0,0
8906,7680,9999, ,Shreveport LA MSA,15,15,1503,0,0,0,1,3,207,1,5,106,7,7,860,0,0,0,0,0,0,0,0,0
8906,7720,9999, ,Sioux City IA-NE MSA,8,8,429,1,2,48,0,0,0,0,0,0,6,6,324,1,2,48,0,0,0,0,0,0
8906,7760,9999, ,Sioux Falls SD MSA,36,36,2306,1,2,105,12,48,1527,0,0,0,36,36,2306,1,2,105,12,48,1527,0,0,0
8906,7800,9999, ,South Bend-Mishawaka IN MSA,92,92,9610,1,2,500,0,0,0,0,0,0,92,92,9610,1,2,500,0,0,0,0,0,0
8906,7840,9999, ,Spokane WA MSA,101,101,6513,1,2,138,0,0,0,6,97,2756,101,101,6513,1,2,138,0,0,0,6,97,2756
8906,7880,9999, ,Springfield IL MSA,46,46,4123,14,28,1258,1,3,123,0,0,0,36,36,3245,13,26,1162,0,0,0,0,0,0
8906,7920,9999, ,Springfield MO MSA,107,107,5990,2,4,98,1,4,70,3,108,2965,107,107,5990,2,4,98,1,4,70,3,108,2965
8906,8000,9999, ,Springfield MA MSA,123,123,13430,14,28,1149,3,10,390,6,48,5248,110,110,11888,14,28,1149,3,10,390,6,48,5248
8906,8050,9999, ,State College PA MSA,35,35,3326,0,0,0,0,0,0,0,0,0,29,29,2907,0,0,0,0,0,0,0,0,0
8906,8080,9999, ,Steubenville-Weirton OH-WV MSA,3,3,204,0,0,0,0,0,0,0,0,0,2,2,125,0,0,0,0,0,0,0,0,0
8906,8120,9999, ,Stockton CA MSA,326,326,32364,1,2,83,1,3,99,1,6,198,326,326,32364,1,2,83,1,3,99,1,6,198
8906,8160,9999, ,Syracuse NY MSA,226,226,18239,2,4,115,1,3,105,2,11,125,184,184,14825,1,2,70,0,0,0,0,0,0
8906,8240,9999, ,Tallahassee FL MSA,142,142,9289,3,6,243,0,0,0,13,109,2033,142,142,9289,3,6,243,0,0,0,12,104,1913
8906,8280,9999, ,Tampa-St. Petersburg-Clearwater FL MSA,855,855,58804,4,8,570,12,42,1835,15,136,6582,833,833,56859,4,8,570,12,42,1835,15,136,6582
8906,8320,9999, ,Terre Haute IN MSA,34,34,2023,0,0,0,0,0,0,0,0,0,15,15,1404,0,0,0,0,0,0,0,0,0
8906,8360,9999, ,Texarkana TX-Texarkana AR MSA,8,8,515,0,0,0,0,0,0,0,0,0,8,8,515,0,0,0,0,0,0,0,0,0
8906,8400,9999, ,Toledo OH MSA,124,124,13920,2,4,540,1,3,137,0,0,0,121,121,13725,2,4,540,1,3,137,0,0,0
8906,8440,9999, ,Topeka KS MSA,59,59,5873,5,10,440,3,9,226,0,0,0,59,59,5873,5,10,440,3,9,226,0,0,0
8906,8520,9999, ,Tucson AZ MSA,198,198,19031,1,2,141,0,0,0,0,0,0,198,198,19031,1,2,141,0,0,0,0,0,0
8906,8560,9999, ,Tulsa OK MSA,158,158,12492,0,0,0,0,0,0,1,5,115,156,156,12354,0,0,0,0,0,0,0,0,0
8906,8600,9999, ,Tuscaloosa AL MSA,41,41,2032,0,0,0,0,0,0,4,104,2074,41,41,2032,0,0,0,0,0,0,4,104,2074
8906,8640,9999, ,Tyler TX MSA,4,4,616,0,0,0,0,0,0,0,0,0,4,4,616,0,0,0,0,0,0,0,0,0
8906,8680,9999, ,Utica-Rome NY MSA,15,15,1121,1,2,50,0,0,0,0,0,0,15,15,1121,1,2,50,0,0,0,0,0,0
8906,8750,9999, ,Victoria TX MSA,9,9,951,0,0,0,0,0,0,0,0,0,9,9,951,0,0,0,0,0,0,0,0,0
8906,8780,9999, ,Visalia-Tulare-Porterville CA MSA,110,110,9573,1,2,295,0,0,0,0,0,0,110,110,9573,1,2,295,0,0,0,0,0,0
8906,8800,9999, ,Waco TX MSA,12,12,1247,0,0,0,0,0,0,0,0,0,12,12,1247,0,0,0,0,0,0,0,0,0
8906,8840,9999, ,Washington DC-MD-VA MSA,2194,2194,172342,0,0,0,0,0,0,56,1349,100425,2153,2153,169483,0,0,0,0,0,0,54,1298,97764
8906,8880,9999, ,Waterbury CT MSA,68,68,5108,5,10,281,1,3,73,1,11,222,68,68,5108,5,10,281,1,3,73,1,11,222
8906,8920,9999, ,Waterloo-Cedar Falls IA MSA,17,17,1290,0,0,0,0,0,0,0,0,0,17,17,1290,0,0,0,0,0,0,0,0,0
8906,8940,9999, ,Wausau WI MSA,9,9,777,0,0,0,0,0,0,0,0,0,6,6,589,0,0,0,0,0,0,0,0,0
8906,8960,9999, ,West Palm Beach-Boca Raton-Delray Beach FL MSA,824,824,86904,11,22,1674,54,211,12772,27,261,12570,820,820,85441,11,22,1674,54,211,12772,26,255,10870
8906,9000,9999, ,Wheeling WV-OH MSA,3,3,232,0,0,0,0,0,0,0,0,0,3,3,232,0,0,0,0,0,0,0,0,0
8906,9040,9999, ,Wichita KS MSA,154,154,10836,3,6,248,0,0,0,0,0,0,152,152,10723,3,6,248,0,0,0,0,0,0
8906,9080,9999, ,Wichita Falls TX MSA,4,4,470,0,0,0,0,0,0,0,0,0,4,4,470,0,0,0,0,0,0,0,0,0
8906,9140,9999, ,Williamsport PA MSA,11,11,953,0,0,0,0,0,0,0,0,0,10,10,915,0,0,0,0,0,0,0,0,0
8906,9200,9999, ,Wilmington NC MSA,90,90,5480,0,0,0,0,0,0,0,0,423,90,90,5480,0,0,0,0,0,0,0,0,423
8906,9240,9999, ,Worcester MA MSA,69,69,5391,1,2,113,1,3,93,2,25,770,22,22,2250,0,0,0,0,0,0,0,0,0
8906,9260,9999, ,Yakima WA MSA,21,21,1947,0,0,0,0,0,0,0,0,0,21,21,1947,0,0,0,0,0,0,0,0,0
8906,9280,9999, ,York PA MSA,172,172,13253,1,2,100,0,0,0,5,42,885,139,139,10621,1,2,100,0,0,0,0,0,0
8906,9320,9999, ,Youngstown-Warren OH MSA,83,83,7005,3,6,224,1,4,170,3,16,488,58,58,5422,2,4,160,0,0,0,3,16,488
8906,9340,9999, ,Yuba City CA MSA,82,82,7884,1,2,106,0,0,0,0,0,0,82,82,7884,1,2,106,0,0,0,0,0,0
8906,1122,9999,,Boston-Lawrence-Salem MA-NH CMSA,746,746,79984,56,112,5330,13,44,2748,21,144,7081,436,436,52376,38,76,3608,8,27,2104,4,32,1751
8906,1282,9999,,Buffalo-Niagara Falls NY CMSA ,330,330,32860,10,20,838,3,12,385,4,64,1488,306,306,31004,10,20,838,3,12,385,4,64,1488
8906,1602,9999,,Chicago-Gary-Lake County IL-IN-WI CMSA,2303,2303,269624,39,78,4465,44,169,11066,57,420,16625,1944,1944,233538,37,74,4273,36,143,9671,49,354,13726
8906,1642,9999,,Cincinnati-Hamilton OH-KY-IN CMSA ,621,621,54035,6,12,484,5,18,1299,31,303,6468,481,481,45013,5,10,440,5,18,1299,24,248,4846
8906,1692,9999,,Cleveland-Akron-Lorain OH CMSA,687,687,79839,8,16,731,5,19,878,21,233,5095,533,533,61742,5,10,350,3,11,460,16,208,4511
8906,1922,9999,,Dallas-Fort Worth TX CMSA ,1266,1266,128553,1,2,71,0,0,0,3,16,216,1176,1176,116433,1,2,71,0,0,0,0,0,0
8906,2082,9999,,Denver-Boulder CO CMSA,405,405,45357,1,2,58,0,0,0,6,46,1480,391,391,42901,1,2,58,0,0,0,6,46,1480
8906,2162,9999,,Detroit-Ann Arbor MI CMSA ,1429,1429,133920,14,28,1759,22,75,4262,47,585,23764,1221,1221,116076,10,20,1389,17,59,3781,31,436,18703
8906,3282,9999,,Hartford-New Britain-Middletown CT CMSA ,254,254,26601,6,12,534,2,7,460,5,199,7142,211,211,22882,6,12,534,2,7,460,2,149,5974
8906,3362,9999,,Houston-Galveston-Brazoria TX CMSA,924,924,87741,0,0,0,1,3,58,1,5,98,897,897,83939,0,0,0,0,0,0,0,0,0
8906,4472,9999,,Los Angeles-Anaheim-Riverside CA CMSA ,7400,7400,861849,94,188,17491,151,543,40252,283,3109,182546,7009,7009,812371,80,160,15622,133,482,35945,253,2836,166249
8906,4992,9999,,Miami-Fort Lauderdale FL CMSA ,2020,2020,181735,14,28,1523,10,38,1724,129,4432,176729,2011,2011,180988,14,28,1523,10,38,1724,127,4413,175617
8906,5082,9999,,Milwaukee-Racine WI CMSA,376,376,37569,13,26,1404,4,16,713,39,415,18374,274,274,27576,11,22,1218,4,16,713,35,387,16795
8906,5602,9999,,New York-Northern New Jersey-Long Island NY-NJ-CT CMSA,3002,3002,263727,236,472,24448,112,353,19028,98,1243,59547,2506,2506,217537,210,420,21945,108,341,18515,81,1093,49675
8906,6162,9999,,Philadelphia-Wilmington-Trenton PA-NJ-DE-MD CMSA,1785,1785,139809,6,12,457,2,6,346,45,462,12093,1430,1430,109479,5,10,305,2,6,346,40,426,10165
8906,6282,9999,,Pittsburgh-Beaver Valley PA CMSA,396,396,38573,0,0,0,5,17,575,19,309,10687,306,306,31716,0,0,0,3,11,310,15,286,10079
8906,6442,9999,,Portland-Vancouver OR-WA CMSA ,696,696,70686,9,18,1117,19,76,4409,142,1874,73331,686,686,69811,9,18,1117,19,76,4409,142,1874,73331
8906,6482,9999,,Providence-Pawtucket-Fall River RI-MA CMSA,292,292,26573,43,86,3480,12,40,2373,11,102,3891,152,152,14821,21,42,2143,3,9,1275,1,8,700
8906,7362,9999,,San Francisco-Oakland-San Jose CA CMSA,2635,2635,326246,21,42,2942,24,76,4496,83,1280,64524,2366,2366,299615,20,40,2806,24,76,4496,80,1249,63214
8906,7602,9999,,Seattle-Tacoma WA CMSA,1460,1460,141601,32,64,3213,16,56,2347,87,1292,55220,1366,1366,133399,30,60,2959,13,47,2054,79,1197,51376
