Survey,MSA/,PMSA,,MA,,1-unit,,,2-units,,,3-4 units,,,5+ units,,,1-unit rep,,,2-units rep,,,3-4 units rep,,,5+ units rep
Date,CMSA,,,Name,Bldgs,Units,Value,Bldgs,Units,Value,Bldgs,Units,Value,Bldgs,Units,Value,Bldgs,Units,Value,Bldgs,Units,Value,Bldgs,Units,Value,Bldgs,Units,Value

8902,0040,9999,    ,Abilene TX MSA,11,11,1065,0,0,0,0,0,0,0,0,0,0,0,0,0,0,0,0,0,0,0,0,0
8902,0120,9999,    ,Albany GA MSA,5,5,315,2,4,134,2,8,92,0,0,0,5,5,315,2,4,134,2,8,92,0,0,0
8902,0160,9999,    ,Albany-Schenectady-Troy NY MSA,154,154,14281,26,52,1645,6,23,522,0,0,0,139,139,13374,25,50,1630,5,20,470,0,0,0
8902,0200,9999,    ,Albuquerque NM MSA,129,129,10677,0,0,0,0,0,0,0,0,0,129,129,10677,0,0,0,0,0,0,0,0,0
8902,0220,9999,    ,Alexandria LA MSA,9,9,695,1,2,25,0,0,0,0,0,0,9,9,695,1,2,25,0,0,0,0,0,0
8902,0240,9999,    ,Allentown-Bethlehem PA-NJ MSA,129,129,12351,0,0,0,1,3,91,6,57,1378,120,120,11797,0,0,0,0,0,0,5,52,1285
8902,0280,9999,    ,Altoona PA MSA,10,10,857,0,0,0,0,0,0,0,0,0,9,9,810,0,0,0,0,0,0,0,0,0
8902,0320,9999,    ,Amarillo TX MSA,7,7,847,0,0,0,0,0,0,0,0,0,7,7,847,0,0,0,0,0,0,0,0,0
8902,0380,9999,    ,Anchorage AK MSA,10,10,1473,0,0,0,0,0,0,0,0,0,10,10,1473,0,0,0,0,0,0,0,0,0
8902,0400,9999,    ,Anderson IN MSA,6,6,425,2,4,113,0,0,0,0,0,0,6,6,425,2,4,113,0,0,0,0,0,0
8902,0405,9999,    ,Anderson SC MSA,39,39,2526,1,2,45,2,8,180,0,0,0,39,39,2526,1,2,45,2,8,180,0,0,0
8902,0450,9999,    ,Anniston AL MSA,16,16,848,0,0,0,1,3,59,0,0,0,9,9,431,0,0,0,0,0,0,0,0,0
8902,0460,9999,    ,Appleton-Oshkosh-Neenah WI MSA,59,59,5399,5,10,372,1,3,63,3,24,1098,36,36,3822,3,6,243,0,0,0,1,7,735
8902,0480,9999,    ,Asheville NC MSA,47,47,4139,0,0,0,0,0,0,0,0,0,46,46,3814,0,0,0,0,0,0,0,0,0
8902,0500,9999,    ,Athens GA MSA,60,60,4797,1,2,40,0,0,0,0,0,0,59,59,4750,1,2,40,0,0,0,0,0,0
8902,0520,9999,    ,Atlanta GA MSA,1882,1882,147679,12,24,849,0,0,0,64,953,30176,1874,1874,147247,11,22,834,0,0,0,63,948,30111
8902,0560,9999,    ,Atlantic City NJ MSA,132,132,11381,19,38,3255,0,0,0,8,143,6012,114,114,10135,18,36,3178,0,0,0,4,100,3454
8902,0600,9999,    ,Augusta GA-SC MSA,154,154,11472,0,0,0,0,0,0,1,8,125,154,154,11472,0,0,0,0,0,0,1,8,125
8902,0640,9999,    ,Austin TX MSA,130,130,13110,0,0,0,0,0,0,0,0,0,129,129,13067,0,0,0,0,0,0,0,0,0
8902,0680,9999,    ,Bakersfield CA MSA,224,224,19565,0,0,0,1,3,267,2,12,392,224,224,19565,0,0,0,1,3,267,2,12,392
8902,0720,9999,    ,Baltimore MD MSA,712,712,49604,0,0,0,0,0,0,9,147,4444,698,698,48863,0,0,0,0,0,0,9,147,4444
8902,0730,9999,    ,Bangor ME MSA,7,7,546,1,2,80,0,0,0,0,0,0,6,6,466,0,0,0,0,0,0,0,0,0
8902,0760,9999,    ,Baton Rouge LA MSA,84,84,6371,0,0,0,1,4,146,0,0,0,83,83,6318,0,0,0,1,4,146,0,0,0
8902,0780,9999,    ,Battle Creek MI MSA,1,1,80,0,0,0,0,0,0,1,8,195,0,0,0,0,0,0,0,0,0,0,0,0
8902,0840,9999,    ,Beaumont-Port Arthur TX MSA,8,8,556,0,0,0,0,0,0,0,0,0,8,8,556,0,0,0,0,0,0,0,0,0
8902,0860,9999,    ,Bellingham WA MSA,27,27,1682,0,0,0,4,15,352,0,0,0,2,2,72,0,0,0,3,12,225,0,0,0
8902,0870,9999,    ,Benton Harbor MI MSA,4,4,454,0,0,0,0,0,0,0,0,0,3,3,358,0,0,0,0,0,0,0,0,0
8902,0880,9999,    ,Billings MT MSA,3,3,230,0,0,0,0,0,0,0,0,0,3,3,230,0,0,0,0,0,0,0,0,0
8902,0920,9999,    ,Biloxi-Gulfport MS MSA,38,38,2067,0,0,0,0,0,0,0,0,0,36,36,1969,0,0,0,0,0,0,0,0,0
8902,0960,9999,    ,Binghamton NY MSA,19,19,1962,0,0,0,0,0,0,0,0,0,14,14,1435,0,0,0,0,0,0,0,0,0
8902,1000,9999,    ,Birmingham AL MSA,195,195,15181,2,4,120,8,28,1178,1,10,268,173,173,13561,1,2,85,8,28,1178,1,10,268
8902,1010,9999,    ,Bismarck ND MSA,4,4,410,0,0,0,0,0,0,0,0,0,4,4,410,0,0,0,0,0,0,0,0,0
8902,1020,9999,    ,Bloomington IN MSA,15,15,1179,0,0,0,0,0,0,1,6,142,3,3,263,0,0,0,0,0,0,0,0,0
8902,1040,9999,    ,Bloomington-Normal IL MSA,14,14,902,0,0,0,0,0,0,1,12,311,14,14,902,0,0,0,0,0,0,1,12,311
8902,1080,9999,    ,Boise City ID MSA,87,87,7364,1,2,72,3,9,231,3,24,679,87,87,7364,1,2,72,3,9,231,3,24,679
8902,1122,1120,    ,Boston MA PMSA,270,270,33959,18,36,1848,4,13,461,22,223,12145,211,211,29228,15,30,1556,2,7,322,16,187,10273
8902,1122,1200,    ,Brockton MA PMSA,23,23,2222,5,10,465,1,3,100,0,0,0,20,20,2038,5,10,465,1,3,100,0,0,0
8902,1122,4160,    ,Lawrence-Haverhill MA-NH PMSA,56,56,4621,7,14,577,1,3,128,3,36,1400,43,43,3502,4,8,303,0,0,0,3,36,1400
8902,1122,4560,    ,Lowell MA-NH PMSA,24,24,2796,0,0,0,0,0,0,1,7,118,6,6,573,0,0,0,0,0,0,0,0,0
8902,1122,5350,    ,Nashua NH PMSA,55,55,5852,4,8,356,1,3,275,1,11,489,35,35,4291,2,4,208,0,0,0,0,0,0
8902,1122,7090,    ,Salem-Gloucester MA PMSA,19,19,1971,2,4,264,0,0,0,0,0,0,11,11,1384,2,4,264,0,0,0,0,0,0
8902,1140,9999,    ,Bradenton FL MSA,112,112,5386,2,4,72,1,4,155,2,47,1583,112,112,5386,2,4,72,1,4,155,2,47,1583
8902,1150,9999,    ,Bremerton WA MSA,56,56,3150,2,4,92,4,15,465,0,0,0,56,56,3150,2,4,92,4,15,465,0,0,0
8902,1240,9999,    ,Brownsville-Harlingen TX MSA,34,34,1696,0,0,0,0,0,0,0,0,0,33,33,1658,0,0,0,0,0,0,0,0,0
8902,1260,9999,    ,Bryan-College Station TX MSA,18,18,1682,0,0,0,0,0,0,0,0,0,18,18,1682,0,0,0,0,0,0,0,0,0
8902,1282,1280,    ,Buffalo NY PMSA,177,177,18204,11,22,1050,1,4,364,0,0,0,175,175,18080,11,22,1050,1,4,364,0,0,0
8902,1282,5700,    ,Niagara Falls NY PMSA,16,16,1257,1,2,85,1,4,150,4,26,600,14,14,1102,1,2,85,1,4,150,4,26,600
8902,1300,9999,    ,Burlington NC MSA,27,27,2031,5,10,1008,0,0,0,2,16,446,27,27,2031,5,10,1008,0,0,0,2,16,446
8902,1305,9999,    ,Burlington VT MSA,23,23,2427,1,2,80,0,0,0,1,5,164,16,16,1984,0,0,0,0,0,0,0,0,0
8902,1320,9999,    ,Canton OH MSA,28,28,2733,1,2,133,0,0,0,0,0,0,28,28,2733,1,2,133,0,0,0,0,0,0
8902,1350,9999,    ,Casper WY MSA,0,0,0,0,0,0,0,0,0,0,0,0,0,0,0,0,0,0,0,0,0,0,0,0
8902,1360,9999,    ,Cedar Rapids IA MSA,13,13,1124,1,2,156,0,0,0,0,0,0,12,12,1063,1,2,156,0,0,0,0,0,0
8902,1400,9999,    ,Champaign-Urbana-Rantoul IL MSA,8,8,697,0,0,0,0,0,0,0,0,0,8,8,697,0,0,0,0,0,0,0,0,0
8902,1440,9999,    ,Charleston SC MSA,229,229,16479,5,10,607,0,0,0,1,5,100,155,155,11744,3,6,420,0,0,0,0,0,0
8902,1480,9999,    ,Charleston WV MSA,5,5,310,0,0,0,0,0,0,1,5,51,4,4,268,0,0,0,0,0,0,0,0,0
8902,1520,9999,    ,Charlotte-Gastonia-Rock Hill NC-SC MSA,609,609,44942,1,2,48,2,7,146,34,316,7999,608,608,44912,1,2,48,2,7,146,34,316,7999
8902,1540,9999,    ,Charlottesville VA MSA,57,57,4959,0,0,0,0,0,0,0,0,0,57,57,4959,0,0,0,0,0,0,0,0,0
8902,1560,9999,    ,Chattanooga TN-GA MSA,120,120,8068,5,10,280,1,4,125,3,37,369,101,101,6986,4,8,230,1,4,125,1,12,138
8902,1580,9999,    ,Cheyenne WY MSA,1,1,76,0,0,0,0,0,0,0,0,0,1,1,76,0,0,0,0,0,0,0,0,0
8902,1602,0620,    ,Aurora-Elgin IL PMSA,151,151,18755,0,0,0,4,16,3460,0,0,0,150,150,18675,0,0,0,4,16,3460,0,0,0
8902,1602,1600,    ,Chicago IL PMSA,700,700,81059,16,32,1796,15,58,2868,47,1033,38153,621,621,74684,16,32,1796,12,47,2556,44,1010,37024
8902,1602,2960,    ,Gary-Hammond IN PMSA,58,58,6391,1,2,60,0,0,0,1,36,994,56,56,6207,1,2,60,0,0,0,1,36,994
8902,1602,3690,    ,Joliet IL PMSA,102,102,9815,0,0,0,0,0,0,1,5,132,96,96,9323,0,0,0,0,0,0,0,0,0
8902,1602,3800,    ,Kenosha WI PMSA,11,11,997,0,0,0,0,0,0,1,23,750,10,10,925,0,0,0,0,0,0,1,23,750
8902,1602,3965,    ,Lake County IL PMSA,181,181,25781,3,6,369,0,0,0,1,5,97,177,177,25449,3,6,369,0,0,0,0,0,0
8902,1620,9999,    ,Chico CA MSA,91,91,7663,4,8,531,3,12,522,1,6,261,91,91,7663,4,8,531,3,12,522,1,6,261
8902,1642,1640,    ,Cincinnati OH-KY-IN PMSA,330,330,27768,9,18,828,0,0,0,4,41,1178,299,299,25781,9,18,828,0,0,0,3,36,1001
8902,1642,3200,    ,Hamilton-Middletown OH PMSA,66,66,4280,16,32,990,13,47,1922,0,0,0,66,66,4280,16,32,990,13,47,1922,0,0,0
8902,1660,9999,    ,Clarksville-Hopkinsville TN-KY MSA,56,56,2603,0,0,0,0,0,0,0,0,0,56,56,2603,0,0,0,0,0,0,0,0,0
8902,1692,0080,    ,Akron OH PMSA,79,79,8358,0,0,0,0,0,0,1,8,240,79,79,8358,0,0,0,0,0,0,1,8,240
8902,1692,1680,    ,Cleveland OH PMSA,153,153,18194,5,10,587,4,15,730,10,129,3535,103,103,12405,1,2,140,4,15,730,7,104,2959
8902,1692,4440,    ,Lorain-Elyria OH PMSA,28,28,3255,0,0,0,0,0,0,0,0,0,25,25,3060,0,0,0,0,0,0,0,0,0
8902,1720,9999,    ,Colorado Springs CO MSA,63,63,6146,0,0,0,0,0,0,0,0,0,63,63,6146,0,0,0,0,0,0,0,0,0
8902,1740,9999,    ,Columbia MO MSA,28,28,2481,3,6,210,0,0,0,0,0,0,28,28,2481,3,6,210,0,0,0,0,0,0
8902,1760,9999,    ,Columbia SC MSA,163,163,11131,1,2,107,0,0,0,0,0,0,89,89,5844,0,0,0,0,0,0,0,0,0
8902,1800,9999,    ,Columbus GA-AL MSA,49,49,2405,1,2,45,0,0,0,2,20,180,49,49,2405,1,2,45,0,0,0,2,20,180
8902,1840,9999,    ,Columbus OH MSA,324,324,28865,3,6,317,3,10,482,21,162,4235,262,262,22298,2,4,190,2,6,247,20,152,4015
8902,1880,9999,    ,Corpus Christi TX MSA,38,38,2695,0,0,0,0,0,0,0,0,0,38,38,2695,0,0,0,0,0,0,0,0,0
8902,1900,9999,    ,Cumberland MD-WV MSA,9,9,317,0,0,0,0,0,0,0,0,0,9,9,317,0,0,0,0,0,0,0,0,0
8902,1922,1920,    ,Dallas TX PMSA,625,625,70222,0,0,0,0,0,0,3,21,347,583,583,65526,0,0,0,0,0,0,0,0,0
8902,1922,2800,    ,Fort Worth-Arlington TX PMSA,374,374,33556,0,0,0,0,0,0,1,44,1300,354,354,30390,0,0,0,0,0,0,1,44,1300
8902,1950,9999,    ,Danville VA MSA,13,13,708,0,0,0,0,0,0,0,0,0,13,13,708,0,0,0,0,0,0,0,0,0
8902,1960,9999,    ,Davenport-Rock Island-Moline IA-IL MSA,14,14,1130,0,0,0,0,0,0,0,0,0,14,14,1130,0,0,0,0,0,0,0,0,0
8902,2000,9999,    ,Dayton-Springfield OH MSA,122,122,10560,4,8,359,0,0,0,2,10,180,118,118,10283,4,8,359,0,0,0,0,0,0
8902,2020,9999,    ,Daytona Beach FL MSA,343,343,24912,2,4,297,0,0,0,2,16,580,329,329,23694,2,4,297,0,0,0,2,16,580
8902,2030,9999,    ,Decatur Al MSA,28,28,1033,0,0,0,1,4,70,1,5,73,0,0,0,0,0,0,0,0,0,0,0,0
8902,2040,9999,    ,Decatur IL MSA,5,5,425,0,0,0,0,0,0,0,0,0,5,5,425,0,0,0,0,0,0,0,0,0
8902,2082,1125,    ,Boulder-Longmont CO PMSA,62,62,7021,1,2,90,1,3,150,0,0,0,61,61,6982,1,2,90,0,0,0,0,0,0
8902,2082,2080,    ,Denver CO PMSA,266,266,25803,0,0,0,0,0,0,8,131,4949,266,266,25803,0,0,0,0,0,0,8,131,4949
8902,2120,9999,    ,Des Moines IA MSA,57,57,3975,0,0,0,1,4,198,0,0,0,56,56,3920,0,0,0,1,4,198,0,0,0
8902,2162,0440,    ,Ann Arbor MI PMSA,53,53,5098,2,4,338,6,21,2019,6,81,2272,42,42,4061,0,0,0,6,21,2019,3,44,1207
8902,2162,2160,    ,Detroit MI PMSA,725,725,66620,2,4,154,2,8,240,14,152,4916,703,703,65248,2,4,154,2,8,240,9,125,4095
8902,2180,9999,    ,Dothan AL MSA,18,18,1228,0,0,0,0,0,0,1,12,240,18,18,1228,0,0,0,0,0,0,1,12,240
8902,2200,9999,    ,Dubuque IA MSA,1,1,52,0,0,0,0,0,0,0,0,0,1,1,52,0,0,0,0,0,0,0,0,0
8902,2240,9999,    ,Duluth MN-WI MSA,7,7,567,0,0,0,0,0,0,0,0,0,7,7,567,0,0,0,0,0,0,0,0,0
8902,2290,9999,    ,Eau Claire WI MSA,5,5,358,0,0,0,0,0,0,0,0,0,3,3,197,0,0,0,0,0,0,0,0,0
8902,2320,9999,    ,El Paso TX MSA,122,122,7219,0,0,0,0,0,0,0,0,0,122,122,7219,0,0,0,0,0,0,0,0,0
8902,2330,9999,    ,Elkhart-Goshen IN MSA,48,48,3492,0,0,0,0,0,0,0,0,0,48,48,3492,0,0,0,0,0,0,0,0,0
8902,2335,9999,    ,Elmira NY MSA,0,0,0,0,0,0,0,0,0,0,0,0,0,0,0,0,0,0,0,0,0,0,0,0
8902,2340,9999,    ,Enid OK MSA,0,0,0,0,0,0,0,0,0,0,0,0,0,0,0,0,0,0,0,0,0,0,0,0
8902,2360,9999,    ,Erie PA MSA,10,10,600,0,0,0,0,0,0,0,0,0,9,9,550,0,0,0,0,0,0,0,0,0
8902,2400,9999,    ,Eugene-Springfield OR MSA,47,47,4238,1,2,90,0,0,0,0,0,0,47,47,4238,1,2,90,0,0,0,0,0,0
8902,2440,9999,    ,Evansville IN-KY MSA,65,65,4696,0,0,0,0,0,0,1,5,130,60,60,4435,0,0,0,0,0,0,0,0,0
8902,2520,9999,    ,Fargo-Moorhead ND-MN MSA,6,6,482,0,0,0,0,0,0,2,48,876,6,6,482,0,0,0,0,0,0,2,48,876
8902,2560,9999,    ,Fayetteville NC MSA,72,72,3590,0,0,0,4,16,292,2,13,317,72,72,3590,0,0,0,4,16,292,2,13,317
8902,2580,9999,    ,Fayetteville-Springdale AR MSA,20,20,900,4,8,186,2,8,140,0,0,0,20,20,900,4,8,186,2,8,140,0,0,0
8902,2600,9999,    ,Fitchburg-Leominster MA MSA,11,11,795,0,0,0,0,0,0,1,9,381,3,3,220,0,0,0,0,0,0,0,0,0
8902,2640,9999,    ,Flint MI MSA,22,22,1548,0,0,0,0,0,0,3,18,315,21,21,1461,0,0,0,0,0,0,3,18,315
8902,2650,9999,    ,Florence AL MSA,6,6,517,0,0,0,0,0,0,0,0,0,6,6,517,0,0,0,0,0,0,0,0,0
8902,2655,9999,    ,Florence SC MSA,27,27,1711,0,0,0,0,0,0,2,12,224,0,0,0,0,0,0,0,0,0,0,0,0
8902,2670,9999,    ,Fort Collins-Loveland CO MSA,48,48,3568,1,2,50,0,0,0,0,0,0,48,48,3568,1,2,50,0,0,0,0,0,0
8902,2700,9999,    ,Fort Myers-Cape Coral FL MSA,390,390,23314,16,32,1732,7,27,1387,18,180,5074,390,390,23314,16,32,1732,7,27,1387,18,180,5074
8902,2710,9999,    ,Fort Pierce FL MSA,376,376,21941,0,0,0,32,127,5373,1,11,1727,376,376,21941,0,0,0,32,127,5373,1,11,1727
8902,2720,9999,    ,Fort Smith AR-OK MSA,29,29,1609,0,0,0,0,0,0,0,0,0,16,16,911,0,0,0,0,0,0,0,0,0
8902,2750,9999,    ,Fort Walton Beach FL MSA,97,97,5084,0,0,0,1,3,78,1,7,221,22,22,1516,0,0,0,0,0,0,0,0,0
8902,2760,9999,    ,Fort Wayne IN MSA,54,54,5770,0,0,0,0,0,0,1,36,738,54,54,5770,0,0,0,0,0,0,1,36,738
8902,2840,9999,    ,Fresno CA MSA,262,262,20797,1,2,50,21,83,4083,0,0,0,261,261,20762,1,2,50,21,83,4083,0,0,0
8902,2880,9999,    ,Gadsden AL MSA,0,0,0,0,0,0,0,0,0,0,0,0,0,0,0,0,0,0,0,0,0,0,0,0
8902,2900,9999,    ,Gainesville FL MSA,83,83,3902,0,0,0,0,0,0,0,0,0,83,83,3902,0,0,0,0,0,0,0,0,0
8902,2975,9999,    ,Glens Falls NY MSA,20,20,2220,0,0,0,0,0,0,0,0,0,20,20,2220,0,0,0,0,0,0,0,0,0
8902,2985,9999,    ,Grand Forks ND MSA,0,0,0,0,0,0,0,0,0,0,0,0,0,0,0,0,0,0,0,0,0,0,0,0
8902,3000,9999,    ,Grand Rapids MI MSA,183,183,15209,4,8,447,4,16,1075,0,0,0,161,161,12919,4,8,447,4,16,1075,0,0,0
8902,3040,9999,    ,Great Falls MT MSA,1,1,90,0,0,0,0,0,0,0,0,0,1,1,90,0,0,0,0,0,0,0,0,0
8902,3060,9999,    ,Greeley CO MSA,14,14,1872,0,0,0,0,0,0,0,0,0,13,13,1819,0,0,0,0,0,0,0,0,0
8902,3080,9999,    ,Green Bay WI MSA,28,28,2592,3,6,278,0,0,0,0,0,0,28,28,2592,3,6,278,0,0,0,0,0,0
8902,3120,9999,    ,Greensboro--Winston-Salem--High Point NC MSA,329,329,24644,4,8,234,1,3,61,1,7,295,327,327,24442,4,8,234,1,3,61,1,7,295
8902,3160,9999,    ,Greenville-Spartanburg SC MSA,177,177,12910,7,14,545,1,3,78,14,140,5594,175,175,12750,7,14,545,1,3,78,14,140,5594
8902,3180,9999,    ,Hagerstown MD MSA,27,27,2077,4,8,246,0,0,0,0,0,0,27,27,2077,4,8,246,0,0,0,0,0,0
8902,3240,9999,    ,Harrisburg-Lebanon-Carlisle PA MSA,108,108,9355,0,0,0,0,0,0,1,5,202,96,96,8691,0,0,0,0,0,0,0,0,0
8902,3282,1170,    ,Bristol CT PMSA,36,36,2230,0,0,0,1,3,110,0,0,0,36,36,2230,0,0,0,1,3,110,0,0,0
8902,3282,3280,    ,Hartford CT PMSA,123,123,9865,1,2,99,1,3,120,0,0,0,123,123,9865,1,2,99,1,3,120,0,0,0
8902,3282,5020,    ,Middletown CT PMSA,15,15,1315,13,26,1450,0,0,0,0,0,0,15,15,1315,13,26,1450,0,0,0,0,0,0
8902,3282,5440,    ,New Britain CT PMSA,14,14,739,2,4,105,0,0,0,0,0,0,14,14,739,2,4,105,0,0,0,0,0,0
8902,3290,9999,    ,Hickory NC MSA,53,53,4081,0,0,0,2,7,202,6,36,1080,39,39,3360,0,0,0,1,4,100,6,36,1080
8902,3320,9999,    ,Honolulu HI MSA,231,231,23701,1,2,83,0,0,0,0,0,0,231,231,23701,1,2,83,0,0,0,0,0,0
8902,3350,9999,    ,Houma-Thibodaux LA MSA,19,19,952,0,0,0,0,0,0,0,0,0,11,11,540,0,0,0,0,0,0,0,0,0
8902,3362,1145,    ,Brazoria TX PMSA,43,43,3752,0,0,0,0,0,0,0,0,0,43,43,3752,0,0,0,0,0,0,0,0,0
8902,3362,2920,    ,Galveston-Texas City TX PMSA,59,59,5705,0,0,0,0,0,0,0,0,0,57,57,5590,0,0,0,0,0,0,0,0,0
8902,3362,3360,    ,Houston TX PMSA,534,534,52771,1,2,120,0,0,0,0,0,0,532,532,52463,1,2,120,0,0,0,0,0,0
8902,3400,9999,    ,Huntington-Ashland WV-KY-OH MSA,9,9,499,1,2,28,1,3,38,3,35,926,9,9,499,0,0,0,0,0,0,3,35,926
8902,3440,9999,    ,Huntsville AL MSA,97,97,2241,0,0,0,0,0,0,0,0,0,97,97,2241,0,0,0,0,0,0,0,0,0
8902,3480,9999,    ,Indianapolis IN MSA,303,303,30685,17,34,1106,1,3,151,3,29,875,289,289,29654,14,28,714,0,0,0,2,22,746
8902,3500,9999,    ,Iowa City IA MSA,13,13,1174,2,4,264,0,0,0,0,0,0,13,13,1174,2,4,264,0,0,0,0,0,0
8902,3520,9999,    ,Jackson MI MSA,3,3,279,0,0,0,0,0,0,0,0,0,2,2,237,0,0,0,0,0,0,0,0,0
8902,3560,9999,    ,Jackson MS MSA,63,63,4457,3,6,250,7,28,455,7,45,1000,63,63,4457,3,6,250,7,28,455,7,45,1000
8902,3580,9999,    ,Jackson TN MSA,17,17,1094,0,0,0,0,0,0,0,0,0,17,17,1094,0,0,0,0,0,0,0,0,0
8902,3600,9999,    ,Jacksonville FL MSA,571,571,42408,10,20,383,29,107,957,0,0,0,571,571,42408,10,20,383,29,107,957,0,0,0
8902,3605,9999,    ,Jacksonville NC MSA,52,52,1997,0,0,0,0,0,0,0,0,0,52,52,1997,0,0,0,0,0,0,0,0,0
8902,3620,9999,    ,Janesville-Beloit WI MSA,10,10,719,0,0,0,1,4,240,0,0,0,10,10,719,0,0,0,1,4,240,0,0,0
8902,3660,9999,    ,Johnson City-Kingsport-Bristol TN-VA MSA,34,34,2215,0,0,0,0,0,0,0,0,0,34,34,2215,0,0,0,0,0,0,0,0,0
8902,3680,9999,    ,Johnstown PA MSA,3,3,140,0,0,0,0,0,0,0,0,0,2,2,80,0,0,0,0,0,0,0,0,0
8902,3710,9999,    ,Joplin MO MSA,12,12,925,1,2,133,0,0,0,0,0,0,12,12,925,1,2,133,0,0,0,0,0,0
8902,3720,9999,    ,Kalamazoo MI MSA,14,14,1615,0,0,0,0,0,0,1,19,580,13,13,1522,0,0,0,0,0,0,0,0,0
8902,3740,9999,    ,Kankakee IL MSA,5,5,388,0,0,0,0,0,0,0,0,0,5,5,388,0,0,0,0,0,0,0,0,0
8902,3760,9999,    ,Kansas City MO-KS MSA,319,319,29178,11,22,1136,1,4,314,5,47,1157,311,311,28648,10,20,1051,1,4,314,4,24,637
8902,3810,9999,    ,Killeen-Temple TX MSA,44,44,3713,0,0,0,1,4,94,0,0,0,44,44,3713,0,0,0,1,4,94,0,0,0
8902,3840,9999,    ,Knoxville TN MSA,173,173,10474,0,0,0,1,3,100,16,130,2139,173,173,10474,0,0,0,1,3,100,16,130,2139
8902,3850,9999,    ,Kokomo IN MSA,9,9,1030,0,0,0,0,0,0,0,0,0,9,9,1030,0,0,0,0,0,0,0,0,0
8902,3870,9999,    ,La Crosse WI MSA,2,2,156,0,0,0,0,0,0,0,0,0,2,2,156,0,0,0,0,0,0,0,0,0
8902,3880,9999,    ,Lafayette LA MSA,20,20,1666,0,0,0,0,0,0,0,0,0,20,20,1666,0,0,0,0,0,0,0,0,0
8902,3920,9999,    ,Lafayette-West Lafayette IN MSA,25,25,2304,0,0,0,0,0,0,2,39,840,25,25,2304,0,0,0,0,0,0,2,39,840
8902,3960,9999,    ,Lake Charles LA MSA,28,28,2473,0,0,0,0,0,0,0,0,0,28,28,2473,0,0,0,0,0,0,0,0,0
8902,3980,9999,    ,Lakeland-Winter Haven FL MSA,188,188,12299,11,22,768,0,0,0,1,5,219,188,188,12299,11,22,768,0,0,0,1,5,219
8902,4000,9999,    ,Lancaster PA MSA,98,98,8390,4,8,333,2,8,425,6,38,2112,88,88,7718,4,8,333,2,8,425,4,28,1666
8902,4040,9999,    ,Lansing-East Lansing MI MSA,74,74,6637,2,4,294,1,3,94,1,7,247,72,72,6434,2,4,294,0,0,0,0,0,0
8902,4080,9999,    ,Laredo TX MSA,33,33,1247,0,0,0,1,3,43,0,0,0,0,0,0,0,0,0,0,0,0,0,0,0
8902,4100,9999,    ,Las Cruces NM MSA,43,43,2798,0,0,0,0,0,0,0,0,0,43,43,2798,0,0,0,0,0,0,0,0,0
8902,4120,9999,    ,Las Vegas NV MSA,1620,1620,82382,0,0,0,9,34,965,66,985,28378,1620,1620,82382,0,0,0,9,34,965,66,985,28378
8902,4150,9999,    ,Lawrence KS MSA,13,13,1137,4,8,385,3,9,260,1,15,301,3,3,267,0,0,0,0,0,0,0,0,0
8902,4200,9999,    ,Lawton OK MSA,5,5,375,0,0,0,0,0,0,0,0,0,5,5,375,0,0,0,0,0,0,0,0,0
8902,4240,9999,    ,Lewiston-Auburn ME MSA,12,12,1024,0,0,0,0,0,0,2,30,825,3,3,500,0,0,0,0,0,0,1,24,700
8902,4280,9999,    ,Lexington-Fayette KY MSA,104,104,8480,1,2,50,3,11,317,1,5,125,83,83,7455,1,2,50,2,8,267,0,0,0
8902,4320,9999,    ,Lima OH MSA,6,6,473,0,0,0,1,4,100,0,0,0,6,6,473,0,0,0,1,4,100,0,0,0
8902,4360,9999,    ,Lincoln NE MSA,51,51,3898,0,0,0,1,4,90,0,0,0,51,51,3898,0,0,0,1,4,90,0,0,0
8902,4400,9999,    ,Little Rock-North Little Rock AR MSA,82,82,6887,0,0,0,0,0,0,0,0,0,82,82,6887,0,0,0,0,0,0,0,0,0
8902,4420,9999,    ,Longview-Marshall TX MSA,13,13,869,0,0,0,0,0,0,0,0,0,13,13,869,0,0,0,0,0,0,0,0,0
8902,4472,0360,    ,Anaheim-Santa Ana CA PMSA,452,452,75732,12,24,2535,20,72,6069,42,305,18741,450,450,75319,12,24,2535,20,72,6069,41,300,18496
8902,4472,4480,    ,Los Angeles-Long Beach CA PMSA,1312,1312,143071,40,80,5032,33,118,7652,104,1386,67297,1211,1211,130501,31,62,3720,25,92,5937,85,1200,58299
8902,4472,6000,    ,Oxnard-Ventura CA PMSA,410,410,53890,3,6,362,7,22,1203,31,213,16650,410,410,53890,3,6,362,7,22,1203,31,213,16650
8902,4472,6780,    ,Riverside-San Bernardino CA PMSA,2573,2573,279802,12,24,1418,20,74,4550,64,596,19765,2439,2439,269049,12,24,1418,18,67,4083,61,581,19149
8902,4520,9999,    ,Louisville KY-IN MSA,175,175,15957,2,4,120,1,4,88,11,108,3200,172,172,15782,2,4,120,1,4,88,11,108,3200
8902,4600,9999,    ,Lubbock TX MSA,35,35,2959,0,0,0,0,0,0,0,0,0,35,35,2959,0,0,0,0,0,0,0,0,0
8902,4640,9999,    ,Lynchburg VA MSA,31,31,2248,1,2,70,0,0,0,0,0,0,31,31,2248,1,2,70,0,0,0,0,0,0
8902,4680,9999,    ,Macon-Warner Robins GA MSA,109,109,7169,1,2,61,0,0,0,0,0,0,109,109,7169,1,2,61,0,0,0,0,0,0
8902,4720,9999,    ,Madison WI MSA,81,81,7170,2,4,212,0,0,0,2,48,1376,78,78,6904,2,4,212,0,0,0,2,48,1376
8902,4760,9999,    ,Manchester NH MSA,10,10,843,0,0,0,0,0,0,0,0,0,10,10,843,0,0,0,0,0,0,0,0,0
8902,4800,9999,    ,Mansfield OH MSA,7,7,774,0,0,0,0,0,0,0,0,0,7,7,774,0,0,0,0,0,0,0,0,0
8902,4880,9999,    ,McAllen-Edinburg-Mission TX MSA,59,59,3246,1,2,45,0,0,0,0,0,0,59,59,3246,1,2,45,0,0,0,0,0,0
8902,4890,9999,    ,Medford OR MSA,46,46,3497,0,0,0,0,0,0,2,12,369,4,4,267,0,0,0,0,0,0,0,0,0
8902,4900,9999,    ,Melbourne-Titusville-Palm Bay FL MSA,408,408,32213,0,0,0,1,3,325,0,0,0,408,408,32213,0,0,0,1,3,325,0,0,0
8902,4920,9999,    ,Memphis TN-AR-MS MSA,285,285,21626,0,0,0,0,0,0,0,0,0,271,271,20789,0,0,0,0,0,0,0,0,0
8902,4940,9999,    ,Merced CA MSA,49,49,4102,0,0,0,0,0,0,1,5,146,22,22,1901,0,0,0,0,0,0,0,0,0
8902,4992,2680,    ,Fort Lauderdale-Hollywood-Pompano Beach FL PMSA,497,497,39810,14,28,1645,9,34,1979,35,645,24491,495,495,39650,14,28,1645,9,34,1979,34,638,24351
8902,4992,5000,    ,Miami-Hialeah FL PMSA,639,639,41906,7,14,489,2,7,192,15,218,6391,629,629,41374,7,14,489,2,7,192,14,186,6111
8902,5040,9999,    ,Midland TX MSA,17,17,1749,0,0,0,0,0,0,0,0,0,17,17,1749,0,0,0,0,0,0,0,0,0
8902,5082,5080,    ,Milwaukee WI PMSA,161,161,16232,6,12,701,3,10,700,5,267,21820,138,138,13982,6,12,701,3,10,700,5,267,21820
8902,5082,6600,    ,Racine WI PMSA,28,28,2440,1,2,51,0,0,0,1,8,270,27,27,2379,0,0,0,0,0,0,1,8,270
8902,5120,9999,    ,Minneapolis-St. Paul MN-WI MSA,571,571,57964,3,6,366,1,4,185,10,366,12602,515,515,53451,2,4,247,1,4,185,8,352,12070
8902,5160,9999,    ,Mobile AL MSA,46,46,3958,0,0,0,0,0,0,0,0,0,46,46,3958,0,0,0,0,0,0,0,0,0
8902,5170,9999,    ,Modesto CA MSA,384,384,30828,1,2,86,0,0,0,1,8,300,384,384,30828,1,2,86,0,0,0,1,8,300
8902,5200,9999,    ,Monroe LA MSA,8,8,534,0,0,0,0,0,0,0,0,0,8,8,534,0,0,0,0,0,0,0,0,0
8902,5240,9999,    ,Montgomery AL MSA,84,84,4042,0,0,0,0,0,0,0,0,0,84,84,4042,0,0,0,0,0,0,0,0,0
8902,5280,9999,    ,Muncie IN MSA,11,11,970,0,0,0,0,0,0,0,0,0,11,11,970,0,0,0,0,0,0,0,0,0
8902,5320,9999,    ,Muskegon MI MSA,6,6,425,0,0,0,0,0,0,1,5,159,5,5,384,0,0,0,0,0,0,0,0,0
8902,5345,9999,    ,Naples FL MSA,158,158,17173,14,28,1959,1,3,210,15,220,20253,158,158,17173,14,28,1959,1,3,210,15,220,20253
8902,5360,9999,    ,Nashville TN MSA,384,384,29743,12,24,1267,6,21,798,7,59,2413,214,214,15729,1,2,71,2,8,100,2,12,365
8902,5400,9999,    ,New Bedford MA MSA,19,19,1634,1,2,90,0,0,0,1,11,390,7,7,843,0,0,0,0,0,0,0,0,0
8902,5480,9999,    ,New Haven-Meriden CT MSA,70,70,5396,3,6,270,0,0,0,0,0,0,67,67,5077,3,6,270,0,0,0,0,0,0
8902,5520,9999,    ,New London-Norwich CT-RI MSA,59,59,5488,2,4,194,0,0,0,0,0,0,59,59,5488,2,4,194,0,0,0,0,0,0
8902,5560,9999,    ,New Orleans LA MSA,161,161,11074,2,4,140,0,0,0,1,108,2770,157,157,10857,2,4,140,0,0,0,1,108,2770
8902,5602,0875,    ,Bergen-Passaic NJ PMSA,62,62,7311,10,20,945,0,0,0,2,25,1744,45,45,5664,9,18,874,0,0,0,1,20,1500
8902,5602,1160,    ,Bridgeport-Milford CT PMSA,56,56,5282,1,2,164,0,0,0,0,0,0,55,55,5252,1,2,164,0,0,0,0,0,0
8902,5602,1930,    ,Danbury CT PMSA,37,37,2720,1,2,90,0,0,0,0,0,0,35,35,2560,1,2,90,0,0,0,0,0,0
8902,5602,3640,    ,Jersey City NJ PMSA,1,1,47,5,10,470,1,3,200,0,0,0,0,0,0,4,8,372,1,3,200,0,0,0
8902,5602,5015,    ,Middlesex-Somerset-Hunterdon NJ PMSA,136,136,13732,2,4,233,2,7,418,5,50,3032,84,84,9856,0,0,0,1,4,305,2,30,1500
8902,5602,5190,    ,Monmouth-Ocean NJ PMSA,224,224,18723,4,8,347,2,6,152,11,116,3583,160,160,14673,3,6,280,0,0,0,10,101,3171
8902,5602,5380,    ,Nassau-Suffolk NY PMSA,359,359,31063,10,20,887,0,0,0,2,13,622,320,320,27918,10,20,887,0,0,0,1,8,313
8902,5602,5600,    ,New York NY PMSA,273,273,21842,44,88,5119,31,95,5440,7,41,1809,257,257,19341,43,86,5028,31,95,5440,6,36,1535
8902,5602,5640,    ,Newark NJ PMSA,95,95,13097,10,20,732,0,0,0,5,233,21831,68,68,9211,9,18,649,0,0,0,5,233,21831
8902,5602,5760,    ,Norwalk CT PMSA,9,9,1445,0,0,0,0,0,0,4,25,2006,6,6,921,0,0,0,0,0,0,4,25,2006
8902,5602,5950,    ,Orange County NY PMSA,32,32,2802,4,8,525,1,4,80,3,33,1100,31,31,2769,3,6,375,1,4,80,3,33,1100
8902,5602,8040,    ,Stamford CT PMSA,7,7,3840,0,0,0,0,0,0,0,0,0,7,7,3840,0,0,0,0,0,0,0,0,0
8902,5720,9999,    ,Norfolk-Virginia Beach-Newport News VA MSA,578,578,36779,6,12,365,3,12,515,20,157,4390,559,559,35312,3,6,198,3,12,515,19,148,4109
8902,5790,9999,    ,Ocala FL MSA,175,175,7332,0,0,0,0,0,0,1,16,618,175,175,7332,0,0,0,0,0,0,1,16,618
8902,5800,9999,    ,Odessa TX MSA,9,9,827,0,0,0,0,0,0,0,0,0,9,9,827,0,0,0,0,0,0,0,0,0
8902,5880,9999,    ,Oklahoma City OK MSA,132,132,8852,0,0,0,0,0,0,0,0,0,128,128,8580,0,0,0,0,0,0,0,0,0
8902,5910,9999,    ,Olympia WA MSA,62,62,2748,1,2,48,1,3,66,1,5,130,7,7,540,0,0,0,0,0,0,0,0,0
8902,5920,9999,    ,Omaha NE-IA MSA,71,71,4662,3,6,269,0,0,0,1,24,503,71,71,4662,3,6,269,0,0,0,1,24,503
8902,5960,9999,    ,Orlando FL MSA,918,918,66019,8,16,585,10,36,1513,57,756,20625,913,913,65574,7,14,507,10,36,1513,57,756,20625
8902,5990,9999,    ,Owensboro KY MSA,12,12,691,0,0,0,0,0,0,0,0,0,3,3,184,0,0,0,0,0,0,0,0,0
8902,6015,9999,    ,Panama City FL MSA,82,82,5956,2,4,159,0,0,0,0,0,0,70,70,5338,1,2,111,0,0,0,0,0,0
8902,6020,9999,    ,Parkersburg-Marietta WV-OH MSA,2,2,225,0,0,0,0,0,0,0,0,0,2,2,225,0,0,0,0,0,0,0,0,0
8902,6025,9999,    ,Pascagoula MS MSA,18,18,908,0,0,0,0,0,0,0,0,0,15,15,680,0,0,0,0,0,0,0,0,0
8902,6080,9999,    ,Pensacola FL MSA,204,204,14326,0,0,0,0,0,0,0,0,0,204,204,14326,0,0,0,0,0,0,0,0,0
8902,6120,9999,    ,Peoria IL MSA,16,16,1450,0,0,0,0,0,0,0,0,0,6,6,565,0,0,0,0,0,0,0,0,0
8902,6162,6160,    ,Philadelphia PA-NJ PMSA,850,850,69912,3,6,238,7,28,1279,12,118,4464,750,750,61987,2,4,175,7,28,1279,11,113,4042
8902,6162,8480,    ,Trenton NJ PMSA,58,58,5396,0,0,0,0,0,0,3,48,1156,44,44,4658,0,0,0,0,0,0,3,48,1156
8902,6162,8760,    ,Vineland-Millville-Bridgeton NJ PMSA,33,33,2223,2,4,286,0,0,0,1,5,25,32,32,2145,2,4,286,0,0,0,1,5,25
8902,6162,9160,    ,Wilmington DE-NJ-MD PMSA,301,301,18526,0,0,0,0,0,0,2,15,298,289,289,17992,0,0,0,0,0,0,1,10,180
8902,6200,9999,    ,Phoenix AZ MSA,865,865,80027,0,0,0,4,15,704,18,255,9780,864,864,79986,0,0,0,4,15,704,17,250,9594
8902,6240,9999,    ,Pine Bluff AR MSA,8,8,262,1,2,33,0,0,0,0,0,0,8,8,262,1,2,33,0,0,0,0,0,0
8902,6282,0845,    ,Beaver County PA PMSA,22,22,1711,0,0,0,0,0,0,0,0,0,20,20,1593,0,0,0,0,0,0,0,0,0
8902,6282,6280,    ,Pittsburgh PA PMSA,180,180,18482,0,0,0,1,4,410,2,10,522,144,144,15863,0,0,0,1,4,410,1,5,360
8902,6320,9999,    ,Pittsfield MA MSA,1,1,120,1,2,100,0,0,0,0,0,0,1,1,120,1,2,100,0,0,0,0,0,0
8902,6400,9999,    ,Portland ME MSA,49,49,4279,0,0,0,0,0,0,0,0,0,42,42,3869,0,0,0,0,0,0,0,0,0
8902,6442,6440,    ,Portland OR PMSA,345,345,34193,19,38,1590,21,83,2243,52,630,15208,336,336,33488,18,36,1539,20,80,2171,52,630,15208
8902,6442,8725,    ,Vancouver WA PMSA,120,120,11194,1,2,121,0,0,0,0,0,0,120,120,11194,1,2,121,0,0,0,0,0,0
8902,6450,9999,    ,Portsmouth-Dover-Rochester NH-ME MSA,31,31,3005,2,4,170,0,0,0,1,9,905,23,23,2493,2,4,170,0,0,0,1,9,905
8902,6460,9999,    ,Poughkeepsie NY MSA,9,9,875,0,0,0,0,0,0,0,0,0,6,6,669,0,0,0,0,0,0,0,0,0
8902,6482,2480,    ,Fall River MA-RI PMSA,23,23,2076,0,0,0,0,0,0,0,0,0,14,14,1285,0,0,0,0,0,0,0,0,0
8902,6482,6060,    ,Pawtucket-Woonsocket-Attleboro RI-MA PMSA,46,46,5215,4,8,421,0,0,0,0,0,0,46,46,5215,4,8,421,0,0,0,0,0,0
8902,6482,6480,    ,Providence RI PMSA,85,85,6158,10,20,507,19,72,3451,13,72,2295,67,67,4872,4,8,293,17,66,3343,12,67,2185
8902,6520,9999,    ,Provo-Orem UT MSA,36,36,2958,0,0,0,0,0,0,1,12,466,33,33,2878,0,0,0,0,0,0,1,12,466
8902,6560,9999,    ,Pueblo CO MSA,4,4,211,0,0,0,0,0,0,0,0,0,4,4,211,0,0,0,0,0,0,0,0,0
8902,6640,9999,    ,Raleigh-Durham NC MSA,445,445,38707,2,4,80,1,3,90,2,20,500,443,443,38577,2,4,80,1,3,90,2,20,500
8902,6660,9999,    ,Rapid City SD MSA,10,10,551,0,0,0,0,0,0,0,0,0,10,10,551,0,0,0,0,0,0,0,0,0
8902,6680,9999,    ,Reading PA MSA,71,71,5861,0,0,0,0,0,0,2,22,721,65,65,5473,0,0,0,0,0,0,2,22,721
8902,6690,9999,    ,Redding CA MSA,63,63,4770,0,0,0,1,4,133,1,6,197,24,24,2555,0,0,0,0,0,0,0,0,0
8902,6720,9999,    ,Reno NV MSA,147,147,10094,0,0,0,0,0,0,2,17,627,77,77,4930,0,0,0,0,0,0,0,0,0
8902,6740,9999,    ,Richland-Kennewick-Pasco WA MSA,10,10,984,0,0,0,0,0,0,1,8,320,4,4,397,0,0,0,0,0,0,0,0,0
8902,6760,9999,    ,Richmond-Petersburg VA MSA,580,580,38718,1,2,60,10,40,817,16,272,5950,580,580,38718,1,2,60,10,40,817,16,272,5950
8902,6800,9999,    ,Roanoke VA MSA,36,36,2218,1,2,37,1,3,54,1,17,496,29,29,1872,0,0,0,0,0,0,0,0,0
8902,6820,9999,    ,Rochester MN MSA,33,33,3174,1,2,119,0,0,0,0,0,0,33,33,3174,1,2,119,0,0,0,0,0,0
8902,6840,9999,    ,Rochester NY MSA,217,217,23812,0,0,0,4,13,511,1,6,240,205,205,23056,0,0,0,4,13,511,1,6,240
8902,6880,9999,    ,Rockford IL MSA,43,43,2795,2,4,207,3,9,383,0,0,0,19,19,1382,1,2,110,2,6,300,0,0,0
8902,6920,9999,    ,Sacramento CA MSA,935,935,101330,6,12,672,7,28,1362,1,7,262,935,935,101330,6,12,672,7,28,1362,1,7,262
8902,6960,9999,    ,Saginaw-Bay City-Midland MI MSA,24,24,2591,0,0,0,0,0,0,0,0,0,24,24,2591,0,0,0,0,0,0,0,0,0
8902,6980,9999,    ,St. Cloud MN MSA,15,15,1152,0,0,0,0,0,0,0,0,0,12,12,975,0,0,0,0,0,0,0,0,0
8902,7000,9999,    ,St. Joseph MO MSA,3,3,180,1,2,150,0,0,0,1,110,2920,3,3,180,1,2,150,0,0,0,1,110,2920
8902,7040,9999,    ,St. Louis MO-IL MSA,532,532,42848,12,24,1112,13,45,1861,11,101,3823,462,462,37263,10,20,1008,11,38,1572,8,74,2710
8902,7080,9999,    ,Salem OR MSA,52,52,3163,0,0,0,0,0,0,1,6,93,33,33,2146,0,0,0,0,0,0,0,0,0
8902,7120,9999,    ,Salinas-Seaside-Monterey CA MSA,123,123,17864,0,0,0,5,20,970,1,9,454,123,123,17864,0,0,0,5,20,970,0,0,0
8902,7160,9999,    ,Salt Lake City-Ogden UT MSA,176,176,13669,0,0,0,0,0,0,1,7,270,162,162,12520,0,0,0,0,0,0,1,7,270
8902,7200,9999,    ,San Angelo TX MSA,10,10,430,0,0,0,0,0,0,0,0,0,10,10,430,0,0,0,0,0,0,0,0,0
8902,7240,9999,    ,San Antonio TX MSA,126,126,9595,0,0,0,0,0,0,0,0,0,122,122,9232,0,0,0,0,0,0,0,0,0
8902,7320,9999,    ,San Diego CA MSA,995,995,116145,23,46,4542,10,36,2836,44,439,18694,954,954,110293,22,44,4325,9,33,2610,43,427,17873
8902,7362,5775,    ,Oakland CA PMSA,947,947,106737,10,20,1128,15,58,3212,68,773,42098,935,935,104731,10,20,1128,15,58,3212,68,773,42098
8902,7362,7360,    ,San Francisco CA PMSA,204,204,31423,7,14,1271,4,12,618,9,119,7765,175,175,28753,7,14,1271,4,12,618,9,119,7765
8902,7362,7400,    ,San Jose CA PMSA,192,192,29671,2,4,212,7,22,1568,29,176,11872,150,150,24267,1,2,106,5,16,1132,27,156,11110
8902,7362,7485,    ,Santa Cruz CA PMSA,42,42,5840,0,0,0,0,0,0,2,18,1223,42,42,5840,0,0,0,0,0,0,2,18,1223
8902,7362,7500,    ,Santa Rosa-Petaluma CA PMSA,216,216,22434,1,2,78,1,3,128,1,5,176,114,114,12428,1,2,78,0,0,0,0,0,0
8902,7362,8720,    ,Vallejo-Fairfield-Napa CA PMSA,330,330,33446,0,0,0,0,0,0,1,5,176,265,265,27953,0,0,0,0,0,0,0,0,0
8902,7480,9999,    ,Santa Barbara-Santa Maria-Lompoc CA MSA,78,78,9932,2,4,371,2,6,289,0,0,0,56,56,7893,2,4,371,0,0,0,0,0,0
8902,7490,9999,    ,Santa Fe NM MSA,15,15,2221,0,0,0,0,0,0,0,0,0,15,15,2221,0,0,0,0,0,0,0,0,0
8902,7510,9999,    ,Sarasota FL MSA,225,225,20911,1,2,26,3,10,569,29,448,17598,225,225,20911,1,2,26,3,10,569,29,448,17598
8902,7520,9999,    ,Savannah GA MSA,95,95,8472,0,0,0,1,4,109,2,19,559,70,70,7195,0,0,0,0,0,0,0,0,0
8902,7560,9999,    ,Scranton--Wilkes-Barre PA MSA,166,166,12408,1,2,94,2,7,176,1,6,95,148,148,11378,0,0,0,1,4,50,1,6,95
8902,7602,7600,    ,Seattle WA PMSA,779,779,84912,13,26,1598,6,21,1209,13,310,11229,728,728,80030,12,24,1551,4,15,1005,9,289,10656
8902,7602,8200,    ,Tacoma WA PMSA,158,158,11165,1,2,87,0,0,0,29,304,9766,154,154,10925,1,2,87,0,0,0,28,296,9260
8902,7610,9999,    ,Sharon PA MSA,2,2,117,0,0,0,0,0,0,0,0,0,2,2,117,0,0,0,0,0,0,0,0,0
8902,7620,9999,    ,Sheboygan WI MSA,2,2,110,0,0,0,0,0,0,0,0,0,2,2,110,0,0,0,0,0,0,0,0,0
8902,7640,9999,    ,Sherman-Denison TX MSA,0,0,0,0,0,0,0,0,0,0,0,0,0,0,0,0,0,0,0,0,0,0,0,0
8902,7680,9999,    ,Shreveport LA MSA,9,9,810,0,0,0,0,0,0,1,18,288,0,0,0,0,0,0,0,0,0,0,0,0
8902,7720,9999,    ,Sioux City IA-NE MSA,0,0,0,0,0,0,0,0,0,0,0,0,0,0,0,0,0,0,0,0,0,0,0,0
8902,7760,9999,    ,Sioux Falls SD MSA,4,4,235,0,0,0,0,0,0,1,8,156,4,4,235,0,0,0,0,0,0,1,8,156
8902,7800,9999,    ,South Bend-Mishawaka IN MSA,53,53,5066,0,0,0,0,0,0,7,213,8379,49,49,4863,0,0,0,0,0,0,6,202,8100
8902,7840,9999,    ,Spokane WA MSA,31,31,2610,0,0,0,0,0,0,0,0,0,31,31,2610,0,0,0,0,0,0,0,0,0
8902,7880,9999,    ,Springfield IL MSA,14,14,1192,3,6,325,0,0,0,2,131,3217,14,14,1192,3,6,325,0,0,0,2,131,3217
8902,7920,9999,    ,Springfield MO MSA,62,62,2722,10,20,323,0,0,0,0,0,0,62,62,2722,10,20,323,0,0,0,0,0,0
8902,8000,9999,    ,Springfield MA MSA,62,62,6341,9,18,496,0,0,0,0,0,0,61,61,6295,9,18,496,0,0,0,0,0,0
8902,8050,9999,    ,State College PA MSA,18,18,1779,0,0,0,0,0,0,3,103,5813,16,16,1670,0,0,0,0,0,0,3,103,5813
8902,8080,9999,    ,Steubenville-Weirton OH-WV MSA,2,2,109,0,0,0,0,0,0,0,0,0,2,2,109,0,0,0,0,0,0,0,0,0
8902,8120,9999,    ,Stockton CA MSA,237,237,23403,0,0,0,1,3,161,0,0,0,237,237,23403,0,0,0,1,3,161,0,0,0
8902,8160,9999,    ,Syracuse NY MSA,124,124,8984,1,2,54,3,12,118,3,33,999,110,110,8004,1,2,54,3,12,118,2,25,520
8902,8240,9999,    ,Tallahassee FL MSA,186,186,11693,0,0,0,0,0,0,8,148,4438,186,186,11693,0,0,0,0,0,0,7,143,4340
8902,8280,9999,    ,Tampa-St. Petersburg-Clearwater FL MSA,951,951,71729,24,48,2252,6,24,622,9,408,13395,930,930,70099,24,48,2252,6,24,622,9,408,13395
8902,8320,9999,    ,Terre Haute IN MSA,12,12,556,0,0,0,0,0,0,0,0,0,3,3,263,0,0,0,0,0,0,0,0,0
8902,8360,9999,    ,Texarkana TX-Texarkana AR MSA,10,10,610,0,0,0,0,0,0,0,0,0,10,10,610,0,0,0,0,0,0,0,0,0
8902,8400,9999,    ,Toledo OH MSA,58,58,7260,6,12,730,2,8,244,2,14,537,57,57,7196,6,12,730,2,8,244,2,14,537
8902,8440,9999,    ,Topeka KS MSA,15,15,1825,1,2,80,4,16,426,6,44,1260,15,15,1825,1,2,80,4,16,426,6,44,1260
8902,8520,9999,    ,Tucson AZ MSA,101,101,7981,1,2,143,0,0,0,0,0,0,101,101,7981,1,2,143,0,0,0,0,0,0
8902,8560,9999,    ,Tulsa OK MSA,129,129,10779,0,0,0,0,0,0,0,0,0,129,129,10779,0,0,0,0,0,0,0,0,0
8902,8600,9999,    ,Tuscaloosa AL MSA,42,42,1799,0,0,0,0,0,0,0,0,0,42,42,1799,0,0,0,0,0,0,0,0,0
8902,8640,9999,    ,Tyler TX MSA,4,4,569,0,0,0,0,0,0,0,0,0,4,4,569,0,0,0,0,0,0,0,0,0
8902,8680,9999,    ,Utica-Rome NY MSA,7,7,459,1,2,30,0,0,0,0,0,0,7,7,459,1,2,30,0,0,0,0,0,0
8902,8750,9999,    ,Victoria TX MSA,5,5,602,0,0,0,0,0,0,0,0,0,5,5,602,0,0,0,0,0,0,0,0,0
8902,8780,9999,    ,Visalia-Tulare-Porterville CA MSA,103,103,8309,2,4,156,0,0,0,4,44,850,103,103,8309,2,4,156,0,0,0,4,44,850
8902,8800,9999,    ,Waco TX MSA,9,9,980,0,0,0,0,0,0,0,0,0,9,9,980,0,0,0,0,0,0,0,0,0
8902,8840,9999,    ,Washington DC-MD-VA MSA,1705,1705,123585,6,12,419,1,3,25,17,485,15695,1678,1678,121743,6,12,419,1,3,25,15,395,12073
8902,8880,9999,    ,Waterbury CT MSA,38,38,2805,1,2,50,0,0,0,0,0,0,38,38,2805,1,2,50,0,0,0,0,0,0
8902,8920,9999,    ,Waterloo-Cedar Falls IA MSA,0,0,0,0,0,0,0,0,0,0,0,0,0,0,0,0,0,0,0,0,0,0,0,0
8902,8940,9999,    ,Wausau WI MSA,6,6,670,2,4,133,0,0,0,0,0,0,5,5,605,2,4,133,0,0,0,0,0,0
8902,8960,9999,    ,West Palm Beach-Boca Raton-Delray Beach FL MSA,639,639,62297,30,60,3723,34,128,7012,85,1030,51331,635,635,60843,30,60,3723,34,128,7012,85,1030,51331
8902,9000,9999,    ,Wheeling WV-OH MSA,0,0,0,0,0,0,0,0,0,0,0,0,0,0,0,0,0,0,0,0,0,0,0,0
8902,9040,9999,    ,Wichita KS MSA,85,85,6233,3,6,320,0,0,0,0,0,0,85,85,6233,3,6,320,0,0,0,0,0,0
8902,9080,9999,    ,Wichita Falls TX MSA,5,5,580,0,0,0,0,0,0,0,0,0,5,5,580,0,0,0,0,0,0,0,0,0
8902,9140,9999,    ,Williamsport PA MSA,0,0,0,0,0,0,0,0,0,3,22,800,0,0,0,0,0,0,0,0,0,3,22,800
8902,9200,9999,    ,Wilmington NC MSA,84,84,5357,1,2,92,0,0,0,0,0,0,84,84,5357,1,2,92,0,0,0,0,0,0
8902,9240,9999,    ,Worcester MA MSA,54,54,3838,0,0,0,0,0,0,1,9,345,11,11,1010,0,0,0,0,0,0,0,0,0
8902,9260,9999,    ,Yakima WA MSA,11,11,933,0,0,0,0,0,0,1,6,176,11,11,933,0,0,0,0,0,0,1,6,176
8902,9280,9999,    ,York PA MSA,106,106,8302,5,10,340,0,0,0,1,8,332,102,102,8036,5,10,340,0,0,0,1,8,332
8902,9320,9999,    ,Youngstown-Warren OH MSA,31,31,2428,3,6,443,1,3,128,1,6,157,19,19,1672,3,6,443,0,0,0,1,6,157
8902,9340,9999,    ,Yuba City CA MSA,32,32,2689,0,0,0,0,0,0,0,0,0,31,31,2632,0,0,0,0,0,0,0,0,0
8902,1122,9999,,Boston-Lawrence-Salem MA-NH CMSA,447,447,51421,36,72,3510,7,22,964,27,277,14152,326,326,41016,28,56,2796,3,10,422,19,223,11673
8902,1282,9999,,Buffalo-Niagara Falls NY CMSA ,193,193,19461,12,24,1135,2,8,514,4,26,600,189,189,19182,12,24,1135,2,8,514,4,26,600
8902,1602,9999,,Chicago-Gary-Lake County IL-IN-WI CMSA,1203,1203,142798,20,40,2225,19,74,6328,51,1102,40126,1110,1110,135263,20,40,2225,16,63,6016,46,1069,38768
8902,1642,9999,,Cincinnati-Hamilton OH-KY-IN CMSA ,396,396,32048,25,50,1818,13,47,1922,4,41,1178,365,365,30061,25,50,1818,13,47,1922,3,36,1001
8902,1692,9999,,Cleveland-Akron-Lorain OH CMSA,260,260,29807,5,10,587,4,15,730,11,137,3775,207,207,23823,1,2,140,4,15,730,8,112,3199
8902,1922,9999,,Dallas-Fort Worth TX CMSA ,999,999,103778,0,0,0,0,0,0,4,65,1647,937,937,95916,0,0,0,0,0,0,1,44,1300
8902,2082,9999,,Denver-Boulder CO CMSA,328,328,32824,1,2,90,1,3,150,8,131,4949,327,327,32785,1,2,90,0,0,0,8,131,4949
8902,2162,9999,,Detroit-Ann Arbor MI CMSA ,778,778,71718,4,8,492,8,29,2259,20,233,7188,745,745,69309,2,4,154,8,29,2259,12,169,5302
8902,3282,9999,,Hartford-New Britain-Middletown CT CMSA ,188,188,14149,16,32,1654,2,6,230,0,0,0,188,188,14149,16,32,1654,2,6,230,0,0,0
8902,3362,9999,,Houston-Galveston-Brazoria TX CMSA,636,636,62228,1,2,120,0,0,0,0,0,0,632,632,61805,1,2,120,0,0,0,0,0,0
8902,4472,9999,,Los Angeles-Anaheim-Riverside CA CMSA ,4747,4747,552495,67,134,9347,80,286,19474,241,2500,122453,4510,4510,528759,58,116,8035,70,253,17292,218,2294,112594
8902,4992,9999,,Miami-Fort Lauderdale FL CMSA ,1136,1136,81716,21,42,2134,11,41,2171,50,863,30882,1124,1124,81024,21,42,2134,11,41,2171,48,824,30462
8902,5082,9999,,Milwaukee-Racine WI CMSA,189,189,18672,7,14,752,3,10,700,6,275,22090,165,165,16361,6,12,701,3,10,700,6,275,22090
8902,5602,9999,,New York-Northern New Jersey-Long Island NY-NJ-CT CMSA,1291,1291,121904,91,182,9512,37,115,6290,39,536,35727,1068,1068,102005,83,166,8719,34,106,6025,32,486,32956
8902,6162,9999,,Philadelphia-Wilmington-Trenton PA-NJ-DE-MD CMSA,1242,1242,96057,5,10,524,7,28,1279,18,186,5943,1115,1115,86782,4,8,461,7,28,1279,16,176,5403
8902,6282,9999,,Pittsburgh-Beaver Valley PA CMSA,202,202,20193,0,0,0,1,4,410,2,10,522,164,164,17456,0,0,0,1,4,410,1,5,360
8902,6442,9999,,Portland-Vancouver OR-WA CMSA ,465,465,45387,20,40,1711,21,83,2243,52,630,15208,456,456,44682,19,38,1660,20,80,2171,52,630,15208
8902,6482,9999,,Providence-Pawtucket-Fall River RI-MA CMSA,154,154,13449,14,28,928,19,72,3451,13,72,2295,127,127,11372,8,16,714,17,66,3343,12,67,2185
8902,7362,9999,,San Francisco-Oakland-San Jose CA CMSA,1931,1931,229551,20,40,2689,27,95,5526,110,1096,63310,1681,1681,203972,19,38,2583,24,86,4962,106,1066,62196
8902,7602,9999,,Seattle-Tacoma WA CMSA,937,937,96077,14,28,1685,6,21,1209,42,614,20995,882,882,90955,13,26,1638,4,15,1005,37,585,19916
