Survey,MSA/,PMSA,,MA,,1-unit,,,2-units,,,3-4 units,,,5+ units,,,1-unit rep,,,2-units rep,,,3-4 units rep,,,5+ units rep
Date,CMSA,,,Name,Bldgs,Units,Value,Bldgs,Units,Value,Bldgs,Units,Value,Bldgs,Units,Value,Bldgs,Units,Value,Bldgs,Units,Value,Bldgs,Units,Value,Bldgs,Units,Value

8911,0040,9999, ,Abilene TX MSA,11,11,1199,0,0,0,0,0,0,0,0,0,11,11,1199,0,0,0,0,0,0,0,0,0
8911,0120,9999, ,Albany GA MSA,31,31,1752,1,2,75,0,0,0,0,0,0,31,31,1752,1,2,75,0,0,0,0,0,0
8911,0160,9999, ,Albany-Schenectady-Troy NY MSA,224,224,22787,19,38,1484,1,3,71,18,196,6271,175,175,18476,18,36,1423,0,0,0,15,180,5640
8911,0200,9999, ,Albuquerque NM MSA,102,102,9840,0,0,0,0,0,0,0,0,0,102,102,9840,0,0,0,0,0,0,0,0,0
8911,0220,9999, ,Alexandria LA MSA,4,4,426,0,0,0,0,0,0,0,0,0,4,4,426,0,0,0,0,0,0,0,0,0
8911,0240,9999, ,Allentown-Bethlehem PA-NJ MSA,142,142,12742,2,4,322,3,10,809,3,19,1174,119,119,11045,2,4,322,2,7,700,3,19,1174
8911,0280,9999, ,Altoona PA MSA,8,8,768,0,0,0,0,0,0,1,5,408,2,2,322,0,0,0,0,0,0,0,0,0
8911,0320,9999, ,Amarillo TX MSA,8,8,1164,0,0,0,0,0,0,0,0,0,8,8,1164,0,0,0,0,0,0,0,0,0
8911,0380,9999, ,Anchorage AK MSA,10,10,1420,0,0,0,0,0,0,0,0,0,10,10,1420,0,0,0,0,0,0,0,0,0
8911,0400,9999, ,Anderson IN MSA,16,16,1336,3,6,240,0,0,0,0,0,0,16,16,1336,3,6,240,0,0,0,0,0,0
8911,0405,9999, ,Anderson SC MSA,37,37,2791,0,0,0,2,7,150,1,5,125,37,37,2791,0,0,0,2,7,150,1,5,125
8911,0450,9999, ,Anniston AL MSA,19,19,1155,0,0,0,0,0,0,0,0,0,19,19,1155,0,0,0,0,0,0,0,0,0
8911,0460,9999, ,Appleton-Oshkosh-Neenah WI MSA,75,75,6697,4,8,325,1,3,62,2,21,443,45,45,4523,2,4,185,0,0,0,0,0,0
8911,0480,9999, ,Asheville NC MSA,57,57,4946,2,4,132,0,0,0,0,0,0,57,57,4946,2,4,132,0,0,0,0,0,0
8911,0500,9999, ,Athens GA MSA,47,47,3069,6,12,425,0,0,0,0,0,0,47,47,3069,6,12,425,0,0,0,0,0,0
8911,0520,9999, ,Atlanta GA MSA,1580,1580,121457,5,10,287,3,12,199,66,960,32218,1550,1550,119773,5,10,287,2,8,105,65,955,32115
8911,0560,9999, ,Atlantic City NJ MSA,164,164,14391,19,38,2635,1,3,224,4,74,3765,104,104,10911,10,20,1589,1,3,224,2,32,1028
8911,0600,9999, ,Augusta GA-SC MSA,166,166,13553,2,4,162,0,0,0,0,0,0,165,165,13505,2,4,162,0,0,0,0,0,0
8911,0640,9999, ,Austin TX MSA,144,144,16695,1,2,169,0,0,0,0,0,0,142,142,16569,1,2,169,0,0,0,0,0,0
8911,0680,9999, ,Bakersfield CA MSA,291,291,25642,3,6,261,5,19,843,1,5,127,209,209,18908,2,4,190,4,15,685,0,0,0
8911,0720,9999, ,Baltimore MD MSA,831,831,62894,1,2,81,0,0,0,42,637,21125,817,817,62004,1,2,81,0,0,0,41,627,20527
8911,0730,9999, ,Bangor ME MSA,18,18,1250,1,2,105,1,4,110,0,0,0,16,16,1116,1,2,105,1,4,110,0,0,0
8911,0760,9999, ,Baton Rouge LA MSA,74,74,6655,0,0,0,0,0,0,0,0,0,71,71,6536,0,0,0,0,0,0,0,0,0
8911,0780,9999, ,Battle Creek MI MSA,2,2,184,0,0,0,0,0,0,0,0,0,0,0,0,0,0,0,0,0,0,0,0,0
8911,0840,9999, ,Beaumont-Port Arthur TX MSA,9,9,1142,0,0,0,0,0,0,0,0,0,9,9,1142,0,0,0,0,0,0,0,0,0
8911,0860,9999, ,Bellingham WA MSA,73,73,6214,3,6,344,1,4,90,0,0,0,49,49,4558,1,2,113,1,4,90,0,0,0
8911,0870,9999, ,Benton Harbor MI MSA,7,7,498,0,0,0,0,0,0,0,0,0,6,6,442,0,0,0,0,0,0,0,0,0
8911,0880,9999, ,Billings MT MSA,5,5,697,0,0,0,0,0,0,0,0,0,5,5,697,0,0,0,0,0,0,0,0,0
8911,0920,9999, ,Biloxi-Gulfport MS MSA,51,51,3081,0,0,0,0,0,0,0,0,0,50,50,3038,0,0,0,0,0,0,0,0,0
8911,0960,9999, ,Binghamton NY MSA,20,20,1920,0,0,0,0,0,0,2,36,942,19,19,1841,0,0,0,0,0,0,2,36,942
8911,1000,9999, ,Birmingham AL MSA,178,178,15942,0,0,0,0,0,0,0,0,0,147,147,13696,0,0,0,0,0,0,0,0,0
8911,1010,9999, ,Bismarck ND MSA,10,10,701,0,0,0,0,0,0,0,0,0,10,10,701,0,0,0,0,0,0,0,0,0
8911,1020,9999, ,Bloomington IN MSA,33,33,3225,1,2,53,1,3,169,1,5,1400,13,13,1217,0,0,0,0,0,0,0,0,0
8911,1040,9999, ,Bloomington-Normal IL MSA,32,32,2341,3,6,230,1,3,92,6,109,2279,32,32,2341,3,6,230,1,3,92,6,109,2279
8911,1080,9999, ,Boise City ID MSA,148,148,12776,0,0,0,20,80,2296,6,48,1129,148,148,12776,0,0,0,20,80,2296,6,48,1129
8911,1122,1120, ,Boston MA PMSA,344,344,37143,28,56,3346,4,16,1264,13,222,14512,243,243,28508,24,48,2988,4,16,1264,4,173,12503
8911,1122,1200, ,Brockton MA PMSA,30,30,2475,3,6,339,0,0,0,0,0,0,28,28,2357,3,6,339,0,0,0,0,0,0
8911,1122,4160, ,Lawrence-Haverhill MA-NH PMSA,101,101,9962,7,14,618,0,0,0,2,14,667,69,69,6940,4,8,334,0,0,0,0,0,0
8911,1122,4560, ,Lowell MA-NH PMSA,53,53,5874,8,16,880,0,0,0,0,0,0,39,39,4091,8,16,880,0,0,0,0,0,0
8911,1122,5350, ,Nashua NH PMSA,39,39,3862,2,4,148,1,4,191,1,11,550,16,16,1558,0,0,0,0,0,0,0,0,0
8911,1122,7090, ,Salem-Gloucester MA PMSA,46,46,5169,1,2,208,0,0,0,0,0,0,30,30,3796,1,2,208,0,0,0,0,0,0
8911,1140,9999, ,Bradenton FL MSA,85,85,5772,2,4,94,2,8,310,8,127,18349,83,83,5579,2,4,94,2,8,310,8,127,18349
8911,1150,9999, ,Bremerton WA MSA,101,101,5381,2,4,151,0,0,0,0,0,0,101,101,5381,2,4,151,0,0,0,0,0,0
8911,1240,9999, ,Brownsville-Harlingen TX MSA,32,32,1744,0,0,0,0,0,0,0,0,0,31,31,1705,0,0,0,0,0,0,0,0,0
8911,1260,9999, ,Bryan-College Station TX MSA,14,14,1452,0,0,0,0,0,0,0,0,0,14,14,1452,0,0,0,0,0,0,0,0,0
8911,1282,1280, ,Buffalo NY PMSA,203,203,21496,9,18,1330,0,0,0,4,32,1075,194,194,20851,9,18,1330,0,0,0,4,32,1075
8911,1282,5700, ,Niagara Falls NY PMSA,51,51,4192,1,2,55,2,6,290,0,0,0,49,49,4114,1,2,55,2,6,290,0,0,0
8911,1300,9999, ,Burlington NC MSA,26,26,1527,1,2,60,0,0,0,0,0,0,26,26,1527,1,2,60,0,0,0,0,0,0
8911,1305,9999, ,Burlington VT MSA,31,31,2847,1,2,87,1,3,104,1,5,250,17,17,1715,0,0,0,0,0,0,0,0,0
8911,1320,9999, ,Canton OH MSA,47,47,5327,0,0,0,0,0,0,3,62,2010,47,47,5327,0,0,0,0,0,0,3,62,2010
8911,1350,9999, ,Casper WY MSA,0,0,0,0,0,0,0,0,0,0,0,0,0,0,0,0,0,0,0,0,0,0,0,0
8911,1360,9999, ,Cedar Rapids IA MSA,48,48,3212,0,0,0,0,0,0,0,0,0,47,47,3150,0,0,0,0,0,0,0,0,0
8911,1400,9999, ,Champaign-Urbana-Rantoul IL MSA,11,11,634,2,4,189,0,0,0,0,0,0,11,11,634,2,4,189,0,0,0,0,0,0
8911,1440,9999, ,Charleston SC MSA,221,221,15273,0,0,0,6,24,722,0,0,0,173,173,11205,0,0,0,6,24,722,0,0,0
8911,1480,9999, ,Charleston WV MSA,5,5,351,0,0,0,0,0,0,0,0,0,4,4,310,0,0,0,0,0,0,0,0,0
8911,1520,9999, ,Charlotte-Gastonia-Rock Hill NC-SC MSA,594,594,42070,4,8,398,2,7,188,21,247,4373,284,284,19263,3,6,312,0,0,0,6,53,826
8911,1540,9999, ,Charlottesville VA MSA,50,50,5895,2,4,213,0,0,0,16,238,13122,47,47,5737,1,2,150,0,0,0,15,232,12640
8911,1560,9999, ,Chattanooga TN-GA MSA,129,129,8459,1,2,52,1,4,90,8,59,1429,112,112,7596,0,0,0,1,4,90,6,48,1262
8911,1580,9999, ,Cheyenne WY MSA,6,6,373,0,0,0,0,0,0,0,0,0,6,6,373,0,0,0,0,0,0,0,0,0
8911,1602,0620, ,Aurora-Elgin IL PMSA,235,235,32363,0,0,0,9,35,2584,2,14,983,228,228,31506,0,0,0,9,35,2584,2,14,983
8911,1602,1600, ,Chicago IL PMSA,1167,1167,126543,33,66,3233,5,18,1526,18,186,9349,1079,1079,118066,33,66,3233,3,12,1289,16,175,8950
8911,1602,2960, ,Gary-Hammond IN PMSA,168,168,17477,2,4,400,0,0,0,0,0,0,162,162,16873,2,4,400,0,0,0,0,0,0
8911,1602,3690, ,Joliet IL PMSA,224,224,21256,5,10,607,0,0,0,3,21,756,198,198,18978,5,10,607,0,0,0,2,16,600
8911,1602,3800, ,Kenosha WI PMSA,49,49,3699,1,2,190,0,0,0,0,0,0,44,44,3229,1,2,190,0,0,0,0,0,0
8911,1602,3965, ,Lake County IL PMSA,208,208,35360,6,12,530,1,4,99,2,11,582,196,196,33870,5,10,409,1,4,99,1,6,485
8911,1620,9999, ,Chico CA MSA,148,148,12966,1,2,132,3,11,534,0,0,0,133,133,11765,1,2,132,3,11,534,0,0,0
8911,1642,1640, ,Cincinnati OH-KY-IN PMSA,397,397,36503,5,10,548,1,4,137,12,113,3252,362,362,34303,5,10,548,1,4,137,10,102,2999
8911,1642,3200, ,Hamilton-Middletown OH PMSA,96,96,6707,0,0,0,1,4,120,3,57,1274,22,22,2139,0,0,0,1,4,120,2,52,1080
8911,1660,9999, ,Clarksville-Hopkinsville TN-KY MSA,89,89,4471,0,0,0,3,12,225,0,0,0,89,89,4471,0,0,0,3,12,225,0,0,0
8911,1692,0080, ,Akron OH PMSA,258,258,22539,1,2,30,0,0,0,12,226,9730,258,258,22539,0,0,0,0,0,0,12,226,9730
8911,1692,1680, ,Cleveland OH PMSA,278,278,39938,7,14,953,3,10,556,6,45,1277,184,184,29068,5,10,672,1,4,300,2,16,342
8911,1692,4440, ,Lorain-Elyria OH PMSA,75,75,10293,5,10,500,0,0,0,0,0,100,67,67,9582,5,10,500,0,0,0,0,0,100
8911,1720,9999, ,Colorado Springs CO MSA,52,52,5493,0,0,0,0,0,0,0,0,0,52,52,5493,0,0,0,0,0,0,0,0,0
8911,1740,9999, ,Columbia MO MSA,46,46,3348,4,8,528,0,0,0,0,0,0,46,46,3348,4,8,528,0,0,0,0,0,0
8911,1760,9999, ,Columbia SC MSA,149,149,10794,0,0,0,0,0,0,0,0,0,75,75,4764,0,0,0,0,0,0,0,0,0
8911,1800,9999, ,Columbus GA-AL MSA,38,38,1590,0,0,0,0,0,0,0,0,0,38,38,1590,0,0,0,0,0,0,0,0,0
8911,1840,9999, ,Columbus OH MSA,469,469,44917,7,14,411,1,3,140,11,78,2598,444,444,42791,6,12,381,1,3,140,11,78,2598
8911,1880,9999, ,Corpus Christi TX MSA,36,36,2852,0,0,0,0,0,0,0,0,0,36,36,2852,0,0,0,0,0,0,0,0,0
8911,1900,9999, ,Cumberland MD-WV MSA,9,9,605,0,0,0,0,0,0,0,0,0,9,9,605,0,0,0,0,0,0,0,0,0
8911,1922,1920, ,Dallas TX PMSA,644,644,67392,0,0,0,2,6,62,6,147,2131,628,628,65789,0,0,0,2,6,62,4,137,2000
8911,1922,2800, ,Fort Worth-Arlington TX PMSA,335,335,30524,0,0,0,0,0,0,0,0,0,296,296,25228,0,0,0,0,0,0,0,0,0
8911,1950,9999, ,Danville VA MSA,26,26,1846,0,0,0,0,0,0,0,0,0,26,26,1846,0,0,0,0,0,0,0,0,0
8911,1960,9999, ,Davenport-Rock Island-Moline IA-IL MSA,42,42,4659,0,0,0,0,0,0,0,0,0,40,40,4403,0,0,0,0,0,0,0,0,0
8911,2000,9999, ,Dayton-Springfield OH MSA,187,187,15228,1,2,96,4,15,632,4,28,809,177,177,14582,1,2,96,4,15,632,3,21,637
8911,2020,9999, ,Daytona Beach FL MSA,272,272,22014,2,4,238,0,0,0,3,26,1244,255,255,20524,2,4,238,0,0,0,3,26,1244
8911,2030,9999, ,Decatur Al MSA,26,26,988,1,2,30,1,3,51,0,0,0,0,0,0,0,0,0,0,0,0,0,0,0
8911,2040,9999, ,Decatur IL MSA,7,7,488,0,0,0,0,0,0,0,0,0,7,7,488,0,0,0,0,0,0,0,0,0
8911,2082,1125, ,Boulder-Longmont CO PMSA,53,53,6842,1,2,75,0,0,0,0,0,0,53,53,6842,1,2,75,0,0,0,0,0,0
8911,2082,2080, ,Denver CO PMSA,283,283,31860,0,0,0,0,0,0,22,144,6533,250,250,29989,0,0,0,0,0,0,22,144,6533
8911,2120,9999, ,Des Moines IA MSA,143,143,11496,2,4,181,0,0,0,5,132,4266,107,107,7884,1,2,111,0,0,0,4,86,2241
8911,2162,0440, ,Ann Arbor MI PMSA,58,58,6260,3,6,305,1,3,156,7,84,3107,23,23,3002,2,4,177,0,0,0,0,0,0
8911,2162,2160, ,Detroit MI PMSA,887,887,84621,3,6,288,11,39,1729,35,1010,33655,826,826,80009,3,6,288,10,36,1586,31,968,32764
8911,2180,9999, ,Dothan AL MSA,28,28,1570,0,0,0,0,0,0,0,0,0,28,28,1570,0,0,0,0,0,0,0,0,0
8911,2200,9999, ,Dubuque IA MSA,18,18,1466,0,0,0,0,0,0,2,21,367,17,17,1412,0,0,0,0,0,0,2,21,367
8911,2240,9999, ,Duluth MN-WI MSA,26,26,1588,0,0,0,0,0,0,0,0,0,22,22,1326,0,0,0,0,0,0,0,0,0
8911,2290,9999, ,Eau Claire WI MSA,26,26,1961,1,2,172,0,0,0,0,0,0,20,20,1459,0,0,0,0,0,0,0,0,0
8911,2320,9999, ,El Paso TX MSA,141,141,7974,1,2,32,1,4,101,0,0,0,141,141,7974,1,2,32,1,4,101,0,0,0
8911,2330,9999, ,Elkhart-Goshen IN MSA,61,61,4168,0,0,0,0,0,0,0,0,0,61,61,4168,0,0,0,0,0,0,0,0,0
8911,2335,9999, ,Elmira NY MSA,1,1,63,0,0,0,0,0,0,0,0,0,0,0,0,0,0,0,0,0,0,0,0,0
8911,2340,9999, ,Enid OK MSA,2,2,170,0,0,0,0,0,0,0,0,0,2,2,170,0,0,0,0,0,0,0,0,0
8911,2360,9999, ,Erie PA MSA,17,17,1216,0,0,0,0,0,0,1,20,800,17,17,1216,0,0,0,0,0,0,1,20,800
8911,2400,9999, ,Eugene-Springfield OR MSA,60,60,5618,1,2,81,0,0,0,5,52,1726,58,58,5527,1,2,81,0,0,0,5,52,1726
8911,2440,9999, ,Evansville IN-KY MSA,43,43,3008,0,0,0,0,0,0,1,5,130,39,39,2802,0,0,0,0,0,0,0,0,0
8911,2520,9999, ,Fargo-Moorhead ND-MN MSA,36,36,3207,1,2,88,0,0,0,1,12,370,36,36,3207,1,2,88,0,0,0,1,12,370
8911,2560,9999, ,Fayetteville NC MSA,99,99,4346,0,0,0,0,0,0,0,0,0,99,99,4346,0,0,0,0,0,0,0,0,0
8911,2580,9999, ,Fayetteville-Springdale AR MSA,27,27,1379,1,2,40,0,0,0,0,0,0,27,27,1379,1,2,40,0,0,0,0,0,0
8911,2600,9999, ,Fitchburg-Leominster MA MSA,18,18,1298,0,0,0,1,3,112,1,8,339,9,9,652,0,0,0,0,0,0,0,0,0
8911,2640,9999, ,Flint MI MSA,58,58,4692,1,2,130,4,15,541,2,12,210,54,54,4457,1,2,130,4,15,541,2,12,210
8911,2650,9999, ,Florence AL MSA,5,5,297,0,0,0,0,0,0,0,0,0,5,5,297,0,0,0,0,0,0,0,0,0
8911,2655,9999, ,Florence SC MSA,25,25,1324,0,0,0,0,0,0,1,6,115,6,6,400,0,0,0,0,0,0,0,0,0
8911,2670,9999, ,Fort Collins-Loveland CO MSA,71,71,6015,1,2,79,0,0,0,0,0,0,61,61,5420,1,2,79,0,0,0,0,0,0
8911,2700,9999, ,Fort Myers-Cape Coral FL MSA,288,288,24628,16,32,2473,2,8,726,32,376,14804,288,288,24628,16,32,2473,2,8,726,32,376,14804
8911,2710,9999, ,Fort Pierce FL MSA,368,368,27899,6,12,629,9,35,1420,1,7,377,368,368,27899,6,12,629,9,35,1420,1,7,377
8911,2720,9999, ,Fort Smith AR-OK MSA,36,36,2629,0,0,0,0,0,0,1,5,113,25,25,2035,0,0,0,0,0,0,0,0,0
8911,2750,9999, ,Fort Walton Beach FL MSA,100,100,5050,0,0,0,1,4,60,0,0,0,19,19,1253,0,0,0,1,4,60,0,0,0
8911,2760,9999, ,Fort Wayne IN MSA,133,133,15097,10,20,759,0,0,0,2,40,916,133,133,15097,10,20,759,0,0,0,2,40,916
8911,2840,9999, ,Fresno CA MSA,308,308,29395,1,2,108,0,0,0,19,206,9893,308,308,29395,1,2,108,0,0,0,19,206,9893
8911,2880,9999, ,Gadsden AL MSA,2,2,85,0,0,0,0,0,0,0,0,0,1,1,35,0,0,0,0,0,0,0,0,0
8911,2900,9999, ,Gainesville FL MSA,69,69,3246,0,0,0,0,0,0,6,53,1382,16,16,786,0,0,0,0,0,0,0,0,0
8911,2975,9999, ,Glens Falls NY MSA,23,23,2791,0,0,0,1,4,150,0,0,0,23,23,2791,0,0,0,1,4,150,0,0,0
8911,2985,9999, ,Grand Forks ND MSA,6,6,557,0,0,0,0,0,0,0,0,0,6,6,557,0,0,0,0,0,0,0,0,0
8911,3000,9999, ,Grand Rapids MI MSA,224,224,20581,7,14,680,3,11,499,27,560,18566,176,176,15622,5,10,491,2,8,401,24,543,18182
8911,3040,9999, ,Great Falls MT MSA,2,2,186,0,0,0,0,0,0,0,0,0,2,2,186,0,0,0,0,0,0,0,0,0
8911,3060,9999, ,Greeley CO MSA,18,18,1460,0,0,0,0,0,0,0,0,0,8,8,722,0,0,0,0,0,0,0,0,0
8911,3080,9999, ,Green Bay WI MSA,38,38,3636,3,6,220,1,4,145,5,93,1930,30,30,3031,3,6,220,1,4,145,4,88,1820
8911,3120,9999, ,Greensboro--Winston-Salem--High Point NC MSA,397,397,26396,1,2,50,3,11,307,3,32,960,377,377,24861,1,2,50,3,11,307,3,32,960
8911,3160,9999, ,Greenville-Spartanburg SC MSA,211,211,14797,1,2,46,0,0,0,5,51,2067,202,202,13976,0,0,0,0,0,0,3,36,1563
8911,3180,9999, ,Hagerstown MD MSA,65,65,3964,1,2,81,0,0,0,0,0,0,64,64,3946,1,2,81,0,0,0,0,0,0
8911,3240,9999, ,Harrisburg-Lebanon-Carlisle PA MSA,128,128,11219,2,4,348,0,0,0,2,18,626,109,109,10041,2,4,348,0,0,0,1,12,384
8911,3282,1170, ,Bristol CT PMSA,14,14,1282,0,0,0,1,4,80,0,0,0,14,14,1282,0,0,0,1,4,80,0,0,0
8911,3282,3280, ,Hartford CT PMSA,141,141,14162,0,0,0,0,0,0,1,8,376,138,138,13882,0,0,0,0,0,0,1,8,376
8911,3282,5020, ,Middletown CT PMSA,16,16,1632,0,0,0,0,0,0,1,45,2590,16,16,1632,0,0,0,0,0,0,1,45,2590
8911,3282,5440, ,New Britain CT PMSA,33,33,2235,0,0,0,0,0,0,0,0,0,33,33,2235,0,0,0,0,0,0,0,0,0
8911,3290,9999, ,Hickory NC MSA,38,38,2908,0,0,0,0,0,0,4,29,655,38,38,2908,0,0,0,0,0,0,4,29,655
8911,3320,9999, ,Honolulu HI MSA,51,51,8617,5,10,910,1,4,240,25,214,10580,51,51,8617,5,10,910,1,4,240,25,214,10580
8911,3350,9999, ,Houma-Thibodaux LA MSA,17,17,934,0,0,0,0,0,0,0,0,0,0,0,0,0,0,0,0,0,0,0,0,0
8911,3362,1145, ,Brazoria TX PMSA,34,34,2678,0,0,0,0,0,0,0,0,0,34,34,2678,0,0,0,0,0,0,0,0,0
8911,3362,2920, ,Galveston-Texas City TX PMSA,52,52,5448,0,0,0,0,0,0,1,38,1500,51,51,5379,0,0,0,0,0,0,1,38,1500
8911,3362,3360, ,Houston TX PMSA,559,559,54503,0,0,0,3,10,360,9,259,8283,553,553,53736,0,0,0,2,7,303,9,259,8283
8911,3400,9999, ,Huntington-Ashland WV-KY-OH MSA,4,4,430,0,0,0,0,0,0,1,24,379,4,4,430,0,0,0,0,0,0,1,24,379
8911,3440,9999, ,Huntsville AL MSA,109,109,2558,0,0,0,0,0,0,1,40,1040,108,108,2523,0,0,0,0,0,0,1,40,1040
8911,3480,9999, ,Indianapolis IN MSA,481,481,52223,5,10,516,2,7,321,15,210,7038,444,444,49128,5,10,516,2,7,321,13,186,6224
8911,3500,9999, ,Iowa City IA MSA,26,26,3158,0,0,0,0,0,0,2,17,390,26,26,3158,0,0,0,0,0,0,2,17,390
8911,3520,9999, ,Jackson MI MSA,7,7,483,0,0,0,0,0,0,0,0,0,6,6,430,0,0,0,0,0,0,0,0,0
8911,3560,9999, ,Jackson MS MSA,80,80,6431,3,6,228,0,0,0,7,48,1000,80,80,6431,3,6,228,0,0,0,7,48,1000
8911,3580,9999, ,Jackson TN MSA,35,35,2767,0,0,0,0,0,0,0,0,0,35,35,2767,0,0,0,0,0,0,0,0,0
8911,3600,9999, ,Jacksonville FL MSA,465,465,37197,0,0,0,3,11,365,0,0,0,465,465,37197,0,0,0,3,11,365,0,0,0
8911,3605,9999, ,Jacksonville NC MSA,34,34,1406,0,0,0,0,0,0,0,0,0,34,34,1406,0,0,0,0,0,0,0,0,0
8911,3620,9999, ,Janesville-Beloit WI MSA,23,23,2110,0,0,0,0,0,0,2,20,340,23,23,2110,0,0,0,0,0,0,2,20,340
8911,3660,9999, ,Johnson City-Kingsport-Bristol TN-VA MSA,29,29,2358,0,0,0,0,0,0,1,5,92,24,24,2165,0,0,0,0,0,0,0,0,0
8911,3680,9999, ,Johnstown PA MSA,3,3,186,0,0,0,0,0,0,0,0,0,3,3,186,0,0,0,0,0,0,0,0,0
8911,3710,9999, ,Joplin MO MSA,13,13,1059,0,0,0,0,0,0,0,0,0,13,13,1059,0,0,0,0,0,0,0,0,0
8911,3720,9999, ,Kalamazoo MI MSA,36,36,4955,1,2,90,1,4,320,19,304,11694,34,34,4800,1,2,90,1,4,320,19,304,11694
8911,3740,9999, ,Kankakee IL MSA,17,17,1611,1,2,100,0,0,0,0,0,0,17,17,1611,1,2,100,0,0,0,0,0,0
8911,3760,9999, ,Kansas City MO-KS MSA,520,520,53398,8,16,767,31,122,4049,1,8,170,517,517,53165,8,16,767,30,119,3936,1,8,170
8911,3810,9999, ,Killeen-Temple TX MSA,20,20,1301,0,0,0,0,0,0,0,0,0,20,20,1301,0,0,0,0,0,0,0,0,0
8911,3840,9999, ,Knoxville TN MSA,277,277,17923,13,26,481,0,0,0,8,54,1366,276,276,17835,13,26,481,0,0,0,8,54,1366
8911,3850,9999, ,Kokomo IN MSA,7,7,569,0,0,0,0,0,0,0,0,0,7,7,569,0,0,0,0,0,0,0,0,0
8911,3870,9999, ,La Crosse WI MSA,16,16,1475,0,0,0,0,0,0,0,0,0,16,16,1475,0,0,0,0,0,0,0,0,0
8911,3880,9999, ,Lafayette LA MSA,19,19,1824,0,0,0,0,0,0,0,0,0,19,19,1824,0,0,0,0,0,0,0,0,0
8911,3920,9999, ,Lafayette-West Lafayette IN MSA,38,38,3431,2,4,128,0,0,0,0,0,0,38,38,3431,2,4,128,0,0,0,0,0,0
8911,3960,9999, ,Lake Charles LA MSA,40,40,2144,0,0,0,0,0,0,0,0,0,40,40,2144,0,0,0,0,0,0,0,0,0
8911,3980,9999, ,Lakeland-Winter Haven FL MSA,183,183,13555,3,6,232,2,7,190,1,27,884,181,181,13457,3,6,232,2,7,190,1,27,884
8911,4000,9999, ,Lancaster PA MSA,91,91,9134,2,4,160,0,0,0,3,40,1360,77,77,8054,1,2,64,0,0,0,3,40,1360
8911,4040,9999, ,Lansing-East Lansing MI MSA,83,83,6724,3,6,229,0,0,0,5,120,2200,73,73,5983,3,6,229,0,0,0,5,120,2200
8911,4080,9999, ,Laredo TX MSA,40,40,1535,1,2,29,0,0,0,1,9,104,0,0,0,0,0,0,0,0,0,0,0,0
8911,4100,9999, ,Las Cruces NM MSA,51,51,3396,0,0,0,0,0,0,0,0,0,51,51,3396,0,0,0,0,0,0,0,0,0
8911,4120,9999, ,Las Vegas NV MSA,1285,1285,106223,0,0,0,11,44,2705,83,903,41920,1285,1285,106223,0,0,0,11,44,2705,83,903,41920
8911,4150,9999, ,Lawrence KS MSA,29,29,2368,4,8,365,1,4,121,2,32,667,3,3,202,0,0,0,0,0,0,0,0,0
8911,4200,9999, ,Lawton OK MSA,1,1,180,0,0,0,0,0,0,0,0,0,1,1,180,0,0,0,0,0,0,0,0,0
8911,4240,9999, ,Lewiston-Auburn ME MSA,22,22,1412,2,4,182,0,0,0,2,10,419,9,9,516,1,2,82,0,0,0,0,0,0
8911,4280,9999, ,Lexington-Fayette KY MSA,157,157,13141,5,10,329,0,0,0,0,0,0,131,131,11863,4,8,285,0,0,0,0,0,0
8911,4320,9999, ,Lima OH MSA,19,19,1022,0,0,0,0,0,0,0,0,0,19,19,1022,0,0,0,0,0,0,0,0,0
8911,4360,9999, ,Lincoln NE MSA,81,81,7380,1,2,60,1,4,90,13,300,4446,81,81,7380,1,2,60,1,4,90,13,300,4446
8911,4400,9999, ,Little Rock-North Little Rock AR MSA,73,73,6032,0,0,0,0,0,0,0,0,0,73,73,6032,0,0,0,0,0,0,0,0,0
8911,4420,9999, ,Longview-Marshall TX MSA,6,6,350,0,0,0,0,0,0,0,0,0,6,6,350,0,0,0,0,0,0,0,0,0
8911,4472,0360, ,Anaheim-Santa Ana CA PMSA,481,481,74993,19,38,3514,18,61,4298,18,170,8855,460,460,70633,18,36,3295,17,57,3811,17,165,8598
8911,4472,4480, ,Los Angeles-Long Beach CA PMSA,895,895,116825,42,84,5904,83,305,19700,118,1714,84859,715,715,94186,24,48,3257,63,232,14498,94,1522,74816
8911,4472,6000, ,Oxnard-Ventura CA PMSA,161,161,28760,8,16,176,1,4,246,0,0,0,142,142,26726,8,16,176,1,4,246,0,0,0
8911,4472,6780, ,Riverside-San Bernardino CA PMSA,2157,2157,232491,15,30,2060,11,37,4594,5,54,2738,2056,2056,223698,15,30,2060,11,37,4594,1,8,252
8911,4520,9999, ,Louisville KY-IN MSA,240,240,24997,3,6,177,1,3,90,2,17,328,202,202,22908,3,6,177,1,3,90,0,0,0
8911,4600,9999, ,Lubbock TX MSA,24,24,1993,0,0,0,0,0,0,0,0,0,24,24,1993,0,0,0,0,0,0,0,0,0
8911,4640,9999, ,Lynchburg VA MSA,34,34,2304,0,0,0,0,0,0,0,0,0,34,34,2304,0,0,0,0,0,0,0,0,0
8911,4680,9999, ,Macon-Warner Robins GA MSA,67,67,4351,0,0,0,0,0,0,0,0,0,67,67,4351,0,0,0,0,0,0,0,0,0
8911,4720,9999, ,Madison WI MSA,134,134,11475,8,16,648,5,18,505,7,104,2196,120,120,10143,8,16,648,5,18,505,7,104,2196
8911,4760,9999, ,Manchester NH MSA,36,36,4248,4,8,400,0,0,0,0,0,0,36,36,4248,4,8,400,0,0,0,0,0,0
8911,4800,9999, ,Mansfield OH MSA,13,13,1037,0,0,0,0,0,0,1,5,110,0,0,0,0,0,0,0,0,0,0,0,0
8911,4880,9999, ,McAllen-Edinburg-Mission TX MSA,60,60,2579,0,0,0,0,0,0,1,5,61,20,20,588,0,0,0,0,0,0,0,0,0
8911,4890,9999, ,Medford OR MSA,69,69,5913,3,6,238,1,3,130,2,14,811,59,59,5004,2,4,149,0,0,0,1,8,462
8911,4900,9999, ,Melbourne-Titusville-Palm Bay FL MSA,289,289,23147,0,0,0,0,0,0,13,88,4127,289,289,23147,0,0,0,0,0,0,13,88,4127
8911,4920,9999, ,Memphis TN-AR-MS MSA,438,438,36898,0,0,0,0,0,0,1,8,242,429,429,36278,0,0,0,0,0,0,0,0,0
8911,4940,9999, ,Merced CA MSA,158,158,13159,0,0,0,0,0,0,1,6,215,158,158,13159,0,0,0,0,0,0,1,6,215
8911,4992,2680, ,Fort Lauderdale-Hollywood-Pompano Beach FL PMSA,521,521,49522,10,20,911,1,4,185,24,359,14154,521,521,49522,10,20,911,1,4,185,23,354,13524
8911,4992,5000, ,Miami-Hialeah FL PMSA,648,648,50410,15,30,1394,1,3,137,1,8,1597,645,645,50181,15,30,1394,1,3,137,0,0,0
8911,5040,9999, ,Midland TX MSA,14,14,1420,0,0,0,0,0,0,0,0,0,14,14,1420,0,0,0,0,0,0,0,0,0
8911,5082,5080, ,Milwaukee WI PMSA,280,280,29400,10,20,1197,6,24,1086,21,239,6971,233,233,24171,10,20,1197,6,24,1086,19,229,6712
8911,5082,6600, ,Racine WI PMSA,30,30,2446,1,2,130,0,0,0,2,13,638,7,7,716,0,0,0,0,0,0,1,8,480
8911,5120,9999, ,Minneapolis-St. Paul MN-WI MSA,837,837,90261,5,10,720,4,16,1720,9,106,4062,756,756,82986,4,8,627,4,16,1720,5,75,2784
8911,5160,9999, ,Mobile AL MSA,43,43,3225,0,0,0,0,0,0,0,0,0,43,43,3225,0,0,0,0,0,0,0,0,0
8911,5170,9999, ,Modesto CA MSA,488,488,49924,3,6,601,0,0,0,24,230,11046,485,485,49806,3,6,601,0,0,0,24,230,11046
8911,5200,9999, ,Monroe LA MSA,17,17,1525,0,0,0,0,0,0,0,0,0,17,17,1525,0,0,0,0,0,0,0,0,0
8911,5240,9999, ,Montgomery AL MSA,50,50,2898,1,2,30,0,0,0,0,0,0,50,50,2898,1,2,30,0,0,0,0,0,0
8911,5280,9999, ,Muncie IN MSA,8,8,943,2,4,250,0,0,0,0,0,0,8,8,943,2,4,250,0,0,0,0,0,0
8911,5320,9999, ,Muskegon MI MSA,13,13,1081,0,0,0,0,0,0,0,0,0,11,11,1001,0,0,0,0,0,0,0,0,0
8911,5345,9999, ,Naples FL MSA,171,171,14459,3,6,355,0,0,0,19,201,10986,168,168,13310,3,6,355,0,0,0,18,196,10201
8911,5360,9999, ,Nashville TN MSA,382,382,27577,3,6,221,1,4,212,16,188,6114,234,234,16102,1,2,25,0,0,0,7,52,1863
8911,5400,9999, ,New Bedford MA MSA,19,19,2034,1,2,115,0,0,0,0,0,0,7,7,582,0,0,0,0,0,0,0,0,0
8911,5480,9999, ,New Haven-Meriden CT MSA,63,63,6055,11,22,770,0,0,0,2,23,820,60,60,5717,11,22,770,0,0,0,2,23,820
8911,5520,9999, ,New London-Norwich CT-RI MSA,74,74,5717,0,0,0,0,0,0,0,0,0,70,70,5355,0,0,0,0,0,0,0,0,0
8911,5560,9999, ,New Orleans LA MSA,166,166,11698,2,4,108,0,0,0,0,0,0,130,130,9282,2,4,108,0,0,0,0,0,0
8911,5602,0875, ,Bergen-Passaic NJ PMSA,82,82,8725,17,34,2187,3,10,790,1,5,255,47,47,7411,14,28,1756,2,7,390,0,0,0
8911,5602,1160, ,Bridgeport-Milford CT PMSA,77,77,6615,1,2,75,3,9,371,0,0,0,76,76,6585,1,2,75,3,9,371,0,0,0
8911,5602,1930, ,Danbury CT PMSA,39,39,5755,1,2,91,1,3,130,1,12,320,39,39,5755,1,2,91,1,3,130,1,12,320
8911,5602,3640, ,Jersey City NJ PMSA,2,2,120,8,16,736,0,0,0,5,101,3980,1,1,70,6,12,536,0,0,0,4,96,3840
8911,5602,5015, ,Middlesex-Somerset-Hunterdon NJ PMSA,180,180,16487,0,0,0,0,0,0,12,151,4678,135,135,13154,0,0,0,0,0,0,11,146,4512
8911,5602,5190, ,Monmouth-Ocean NJ PMSA,268,268,24325,0,0,0,0,0,0,3,28,1029,228,228,20051,0,0,0,0,0,0,1,8,400
8911,5602,5380, ,Nassau-Suffolk NY PMSA,277,277,26492,1,2,57,0,0,0,2,15,828,175,175,18844,0,0,0,0,0,0,0,0,0
8911,5602,5600, ,New York NY PMSA,173,173,25664,43,86,5042,52,160,5909,8,126,5714,144,144,19807,41,82,4797,52,160,5909,5,106,4450
8911,5602,5640, ,Newark NJ PMSA,132,132,14196,1,2,232,1,4,98,8,84,2058,117,117,11235,1,2,232,0,0,0,8,84,2058
8911,5602,5760, ,Norwalk CT PMSA,9,9,1621,2,4,232,0,0,0,0,0,0,6,6,1092,2,4,232,0,0,0,0,0,0
8911,5602,5950, ,Orange County NY PMSA,81,81,7296,6,12,515,0,0,0,0,0,0,58,58,5941,5,10,415,0,0,0,0,0,0
8911,5602,8040, ,Stamford CT PMSA,9,9,3426,0,0,0,0,0,0,1,30,900,9,9,3426,0,0,0,0,0,0,1,30,900
8911,5720,9999, ,Norfolk-Virginia Beach-Newport News VA MSA,537,537,37542,9,18,759,2,7,666,10,95,4085,492,492,33957,8,16,669,2,7,666,9,90,3945
8911,5790,9999, ,Ocala FL MSA,286,286,10233,0,0,0,0,0,0,0,0,0,284,284,10182,0,0,0,0,0,0,0,0,0
8911,5800,9999, ,Odessa TX MSA,2,2,200,0,0,0,0,0,0,0,0,0,2,2,200,0,0,0,0,0,0,0,0,0
8911,5880,9999, ,Oklahoma City OK MSA,160,160,13867,0,0,0,0,0,0,3,37,864,156,156,13553,0,0,0,0,0,0,2,32,721
8911,5910,9999, ,Olympia WA MSA,67,67,3085,1,2,97,0,0,0,3,24,873,0,0,0,0,0,0,0,0,0,0,0,0
8911,5920,9999, ,Omaha NE-IA MSA,160,160,11001,5,10,443,0,0,0,28,436,4410,157,157,10831,5,10,443,0,0,0,28,436,4410
8911,5960,9999, ,Orlando FL MSA,1013,1013,84319,10,20,1161,1,3,182,56,756,26040,1011,1011,84065,10,20,1161,1,3,182,56,756,26040
8911,5990,9999, ,Owensboro KY MSA,17,17,1038,1,2,59,0,0,0,0,0,0,9,9,599,1,2,59,0,0,0,0,0,0
8911,6015,9999, ,Panama City FL MSA,65,65,4848,2,4,155,0,0,0,0,0,0,65,65,4848,2,4,155,0,0,0,0,0,0
8911,6020,9999, ,Parkersburg-Marietta WV-OH MSA,9,9,516,0,0,0,0,0,0,1,5,79,5,5,311,0,0,0,0,0,0,0,0,0
8911,6025,9999, ,Pascagoula MS MSA,22,22,1076,0,0,0,0,0,0,0,0,0,18,18,774,0,0,0,0,0,0,0,0,0
8911,6080,9999, ,Pensacola FL MSA,134,134,8292,1,2,30,0,0,0,7,42,925,134,134,8292,1,2,30,0,0,0,7,42,925
8911,6120,9999, ,Peoria IL MSA,34,34,2975,0,0,0,0,0,0,0,0,0,0,0,0,0,0,0,0,0,0,0,0,0
8911,6162,6160, ,Philadelphia PA-NJ PMSA,1188,1188,94728,4,8,396,1,4,300,22,218,12718,988,988,79071,4,8,396,1,4,300,18,191,11689
8911,6162,8480, ,Trenton NJ PMSA,62,62,9023,0,0,0,0,0,0,0,0,0,56,56,8228,0,0,0,0,0,0,0,0,0
8911,6162,8760, ,Vineland-Millville-Bridgeton NJ PMSA,25,25,1575,1,2,13,0,0,0,0,0,0,22,22,1356,1,2,13,0,0,0,0,0,0
8911,6162,9160, ,Wilmington DE-NJ-MD PMSA,233,233,13027,0,0,0,0,0,0,0,0,0,231,231,12812,0,0,0,0,0,0,0,0,0
8911,6200,9999, ,Phoenix AZ MSA,783,783,76179,0,0,0,1,3,184,3,15,720,783,783,76179,0,0,0,1,3,184,3,15,720
8911,6240,9999, ,Pine Bluff AR MSA,9,9,196,0,0,0,0,0,0,0,0,0,9,9,196,0,0,0,0,0,0,0,0,0
8911,6282,0845, ,Beaver County PA PMSA,20,20,2021,0,0,0,0,0,0,0,0,0,19,19,1957,0,0,0,0,0,0,0,0,0
8911,6282,6280, ,Pittsburgh PA PMSA,255,255,26425,2,4,317,4,15,768,9,122,2108,204,204,22576,1,2,92,3,12,558,6,107,1684
8911,6320,9999, ,Pittsfield MA MSA,11,11,815,1,2,70,0,0,0,0,0,0,10,10,664,1,2,70,0,0,0,0,0,0
8911,6400,9999, ,Portland ME MSA,91,91,8131,3,6,238,2,6,220,0,0,0,83,83,7460,3,6,238,2,6,220,0,0,0
8911,6442,6440, ,Portland OR PMSA,412,412,45907,1,2,95,10,36,1353,80,676,24533,405,405,45455,1,2,95,10,36,1353,80,676,24533
8911,6442,8725, ,Vancouver WA PMSA,157,157,16676,2,4,281,1,3,89,2,15,267,156,156,16597,2,4,281,0,0,0,0,0,0
8911,6450,9999, ,Portsmouth-Dover-Rochester NH-ME MSA,57,57,4782,3,6,445,0,0,0,0,0,0,44,44,3913,3,6,445,0,0,0,0,0,0
8911,6460,9999, ,Poughkeepsie NY MSA,22,22,2410,0,0,0,0,0,0,0,0,0,19,19,2038,0,0,0,0,0,0,0,0,0
8911,6482,2480, ,Fall River MA-RI PMSA,33,33,2856,0,0,0,2,6,232,1,9,457,16,16,1643,0,0,0,0,0,0,0,0,0
8911,6482,6060, ,Pawtucket-Woonsocket-Attleboro RI-MA PMSA,77,77,7578,3,6,510,1,3,159,1,6,279,48,48,4959,2,4,401,0,0,0,0,0,0
8911,6482,6480, ,Providence RI PMSA,222,222,16237,14,28,771,2,7,145,3,19,473,204,204,15027,5,10,410,0,0,0,2,14,362
8911,6520,9999, ,Provo-Orem UT MSA,41,41,3849,0,0,0,1,4,191,0,0,0,41,41,3849,0,0,0,1,4,191,0,0,0
8911,6560,9999, ,Pueblo CO MSA,13,13,601,0,0,0,0,0,0,0,0,0,13,13,601,0,0,0,0,0,0,0,0,0
8911,6640,9999, ,Raleigh-Durham NC MSA,511,511,45388,6,12,498,0,0,0,9,56,1881,446,446,39638,5,10,473,0,0,0,8,42,1503
8911,6660,9999, ,Rapid City SD MSA,94,94,5704,0,0,0,0,0,0,0,0,0,94,94,5704,0,0,0,0,0,0,0,0,0
8911,6680,9999, ,Reading PA MSA,54,54,4920,2,4,372,0,0,0,1,5,104,43,43,4181,1,2,319,0,0,0,0,0,0
8911,6690,9999, ,Redding CA MSA,167,167,14555,9,18,904,2,8,348,0,0,0,167,167,14555,9,18,904,2,8,348,0,0,0
8911,6720,9999, ,Reno NV MSA,131,131,13171,0,0,0,0,0,0,1,6,216,131,131,13171,0,0,0,0,0,0,1,6,216
8911,6740,9999, ,Richland-Kennewick-Pasco WA MSA,16,16,1717,0,0,0,0,0,0,0,0,0,15,15,1607,0,0,0,0,0,0,0,0,0
8911,6760,9999, ,Richmond-Petersburg VA MSA,558,558,38260,0,0,0,0,0,0,0,0,0,558,558,38260,0,0,0,0,0,0,0,0,0
8911,6800,9999, ,Roanoke VA MSA,46,46,2507,1,2,44,1,3,60,1,28,224,33,33,1778,0,0,0,0,0,0,1,28,224
8911,6820,9999, ,Rochester MN MSA,70,70,6954,0,0,0,0,0,0,0,0,0,70,70,6954,0,0,0,0,0,0,0,0,0
8911,6840,9999, ,Rochester NY MSA,248,248,26690,2,4,118,0,0,0,4,36,800,237,237,25975,2,4,118,0,0,0,4,36,800
8911,6880,9999, ,Rockford IL MSA,75,75,6036,3,6,301,0,0,0,0,0,0,37,37,3832,3,6,301,0,0,0,0,0,0
8911,6920,9999, ,Sacramento CA MSA,1535,1535,175417,6,12,858,3,10,548,31,377,16994,1535,1535,175417,6,12,858,3,10,548,31,377,16994
8911,6960,9999, ,Saginaw-Bay City-Midland MI MSA,34,34,3515,2,4,165,0,0,0,0,0,0,31,31,3377,2,4,165,0,0,0,0,0,0
8911,6980,9999, ,St. Cloud MN MSA,60,60,4400,0,0,0,0,0,0,3,58,1651,39,39,2914,0,0,0,0,0,0,0,0,0
8911,7000,9999, ,St. Joseph MO MSA,12,12,811,4,8,400,0,0,0,0,0,0,12,12,811,4,8,400,0,0,0,0,0,0
8911,7040,9999, ,St. Louis MO-IL MSA,632,632,54591,14,28,1323,9,35,1083,3,18,1084,571,571,50302,12,24,1152,9,35,1083,2,13,503
8911,7080,9999, ,Salem OR MSA,64,64,4357,0,0,0,2,7,238,12,86,2019,59,59,3953,0,0,0,2,7,238,12,86,2019
8911,7120,9999, ,Salinas-Seaside-Monterey CA MSA,121,121,11308,2,4,203,3,9,553,0,0,0,118,118,10846,2,4,203,3,9,553,0,0,0
8911,7160,9999, ,Salt Lake City-Ogden UT MSA,246,246,20351,1,2,127,0,0,0,0,0,0,195,195,16750,1,2,127,0,0,0,0,0,0
8911,7200,9999, ,San Angelo TX MSA,4,4,192,0,0,0,0,0,0,0,0,0,4,4,192,0,0,0,0,0,0,0,0,0
8911,7240,9999, ,San Antonio TX MSA,92,92,6053,0,0,0,0,0,0,0,0,0,91,91,6024,0,0,0,0,0,0,0,0,0
8911,7320,9999, ,San Diego CA MSA,567,567,105306,17,34,3779,38,149,21693,79,1055,50331,549,549,103031,17,34,3779,38,149,21693,76,1032,49136
8911,7362,5775, ,Oakland CA PMSA,516,516,62561,3,6,509,4,14,595,12,145,8370,462,462,54142,2,4,417,4,14,595,11,136,7633
8911,7362,7360, ,San Francisco CA PMSA,132,132,23591,7,14,943,5,15,1166,5,54,2445,103,103,19273,7,14,943,4,12,738,3,34,1401
8911,7362,7400, ,San Jose CA PMSA,163,163,29395,0,0,0,0,0,0,0,0,0,163,163,29395,0,0,0,0,0,0,0,0,0
8911,7362,7485, ,Santa Cruz CA PMSA,16,16,2543,3,6,517,3,10,888,0,0,0,16,16,2543,3,6,517,3,10,888,0,0,0
8911,7362,7500, ,Santa Rosa-Petaluma CA PMSA,312,312,33820,0,0,0,0,0,0,2,32,1913,285,285,31188,0,0,0,0,0,0,1,14,1216
8911,7362,8720, ,Vallejo-Fairfield-Napa CA PMSA,1005,1005,110923,2,4,237,1,4,206,0,0,0,1005,1005,110923,2,4,237,1,4,206,0,0,0
8911,7480,9999, ,Santa Barbara-Santa Maria-Lompoc CA MSA,93,93,11791,1,2,254,2,8,912,0,0,0,83,83,10686,1,2,254,2,8,912,0,0,0
8911,7490,9999, ,Santa Fe NM MSA,24,24,2839,0,0,0,4,15,664,0,0,0,24,24,2839,0,0,0,4,15,664,0,0,0
8911,7510,9999, ,Sarasota FL MSA,180,180,17186,1,2,127,3,12,1193,0,0,0,180,180,17186,1,2,127,3,12,1193,0,0,0
8911,7520,9999, ,Savannah GA MSA,80,80,6142,1,2,50,1,3,84,2,19,586,55,55,4879,0,0,0,0,0,0,0,0,0
8911,7560,9999, ,Scranton--Wilkes-Barre PA MSA,171,171,13728,3,6,205,4,16,888,6,43,1854,146,146,12212,3,6,205,4,16,888,5,38,1490
8911,7602,7600, ,Seattle WA PMSA,989,989,113194,5,10,637,8,28,1540,86,776,36685,910,910,105556,4,8,562,3,12,738,77,707,33229
8911,7602,8200, ,Tacoma WA PMSA,278,278,20985,11,22,1095,1,3,82,0,0,0,274,274,20457,11,22,1095,1,3,82,0,0,0
8911,7610,9999, ,Sharon PA MSA,6,6,535,0,0,0,0,0,0,0,0,0,5,5,460,0,0,0,0,0,0,0,0,0
8911,7620,9999, ,Sheboygan WI MSA,7,7,443,0,0,0,0,0,0,7,112,1120,7,7,443,0,0,0,0,0,0,7,112,1120
8911,7640,9999, ,Sherman-Denison TX MSA,2,2,182,0,0,0,0,0,0,0,0,0,2,2,182,0,0,0,0,0,0,0,0,0
8911,7680,9999, ,Shreveport LA MSA,10,10,1043,0,0,0,0,0,0,1,5,106,4,4,561,0,0,0,0,0,0,0,0,0
8911,7720,9999, ,Sioux City IA-NE MSA,17,17,830,2,4,166,0,0,0,0,0,0,17,17,830,2,4,166,0,0,0,0,0,0
8911,7760,9999, ,Sioux Falls SD MSA,40,40,2466,0,0,0,0,0,0,6,118,4047,40,40,2466,0,0,0,0,0,0,6,118,4047
8911,7800,9999, ,South Bend-Mishawaka IN MSA,52,52,5797,0,0,0,0,0,0,1,8,360,52,52,5797,0,0,0,0,0,0,1,8,360
8911,7840,9999, ,Spokane WA MSA,83,83,6926,3,6,218,1,3,62,0,0,0,83,83,6926,3,6,218,0,0,0,0,0,0
8911,7880,9999, ,Springfield IL MSA,33,33,3145,3,6,308,5,20,300,1,112,4500,25,25,2443,2,4,212,5,20,300,1,112,4500
8911,7920,9999, ,Springfield MO MSA,125,125,5680,2,4,114,0,0,0,1,8,120,125,125,5680,2,4,114,0,0,0,1,8,120
8911,8000,9999, ,Springfield MA MSA,101,101,10980,16,32,1363,3,11,445,2,17,850,100,100,10934,16,32,1363,3,11,445,2,17,850
8911,8050,9999, ,State College PA MSA,17,17,1489,0,0,0,2,8,344,1,16,2201,16,16,1406,0,0,0,2,8,344,1,16,2201
8911,8080,9999, ,Steubenville-Weirton OH-WV MSA,2,2,186,0,0,0,0,0,0,0,0,0,2,2,186,0,0,0,0,0,0,0,0,0
8911,8120,9999, ,Stockton CA MSA,248,248,26146,2,4,284,0,0,0,0,0,0,248,248,26146,2,4,284,0,0,0,0,0,0
8911,8160,9999, ,Syracuse NY MSA,185,185,15473,1,2,55,2,7,254,2,14,488,163,163,13701,1,2,55,1,4,204,2,14,488
8911,8240,9999, ,Tallahassee FL MSA,107,107,7847,7,14,550,0,0,0,0,0,0,107,107,7847,7,14,550,0,0,0,0,0,0
8911,8280,9999, ,Tampa-St. Petersburg-Clearwater FL MSA,732,732,55368,23,46,1819,21,83,2240,22,474,16013,719,719,54281,23,46,1819,21,83,2240,22,474,16013
8911,8320,9999, ,Terre Haute IN MSA,26,26,1579,0,0,0,0,0,0,0,0,0,12,12,1123,0,0,0,0,0,0,0,0,0
8911,8360,9999, ,Texarkana TX-Texarkana AR MSA,11,11,818,0,0,0,0,0,0,0,0,0,11,11,818,0,0,0,0,0,0,0,0,0
8911,8400,9999, ,Toledo OH MSA,81,81,8569,10,20,1052,1,4,160,1,27,1000,78,78,8375,10,20,1052,1,4,160,1,27,1000
8911,8440,9999, ,Topeka KS MSA,34,34,3333,1,2,85,1,3,270,0,0,0,34,34,3333,1,2,85,1,3,270,0,0,0
8911,8520,9999, ,Tucson AZ MSA,151,151,14444,5,10,427,0,0,0,0,0,0,151,151,14444,5,10,427,0,0,0,0,0,0
8911,8560,9999, ,Tulsa OK MSA,139,139,10583,0,0,0,0,0,0,0,0,0,137,137,10518,0,0,0,0,0,0,0,0,0
8911,8600,9999, ,Tuscaloosa AL MSA,31,31,1661,0,0,0,0,0,0,5,52,1060,31,31,1661,0,0,0,0,0,0,5,52,1060
8911,8640,9999, ,Tyler TX MSA,9,9,1605,0,0,0,0,0,0,0,0,0,9,9,1605,0,0,0,0,0,0,0,0,0
8911,8680,9999, ,Utica-Rome NY MSA,10,10,618,0,0,0,0,0,0,0,0,0,9,9,562,0,0,0,0,0,0,0,0,0
8911,8750,9999, ,Victoria TX MSA,14,14,1666,0,0,0,0,0,0,0,0,0,14,14,1666,0,0,0,0,0,0,0,0,0
8911,8780,9999, ,Visalia-Tulare-Porterville CA MSA,138,138,10314,0,0,0,2,6,114,0,0,0,137,137,10217,0,0,0,1,3,51,0,0,0
8911,8800,9999, ,Waco TX MSA,9,9,800,0,0,0,0,0,0,0,0,0,9,9,800,0,0,0,0,0,0,0,0,0
8911,8840,9999, ,Washington DC-MD-VA MSA,1813,1813,142400,1,2,81,2,8,274,33,695,22539,1771,1771,139309,1,2,81,2,8,274,31,648,20671
8911,8880,9999, ,Waterbury CT MSA,66,66,4929,1,2,91,0,0,0,0,0,0,66,66,4929,1,2,91,0,0,0,0,0,0
8911,8920,9999, ,Waterloo-Cedar Falls IA MSA,8,8,848,0,0,0,0,0,0,0,0,0,8,8,848,0,0,0,0,0,0,0,0,0
8911,8940,9999, ,Wausau WI MSA,7,7,674,0,0,0,0,0,0,2,15,360,7,7,674,0,0,0,0,0,0,2,15,360
8911,8960,9999, ,West Palm Beach-Boca Raton-Delray Beach FL MSA,812,812,70847,5,10,728,28,110,5685,39,657,21906,809,809,69464,4,8,318,28,110,5685,39,657,21906
8911,9000,9999, ,Wheeling WV-OH MSA,2,2,185,0,0,0,0,0,0,0,0,0,2,2,185,0,0,0,0,0,0,0,0,0
8911,9040,9999, ,Wichita KS MSA,136,136,9515,4,8,367,0,0,0,0,0,0,134,134,9383,4,8,367,0,0,0,0,0,0
8911,9080,9999, ,Wichita Falls TX MSA,6,6,612,0,0,0,0,0,0,0,0,0,6,6,612,0,0,0,0,0,0,0,0,0
8911,9140,9999, ,Williamsport PA MSA,3,3,385,0,0,0,0,0,0,0,0,0,3,3,385,0,0,0,0,0,0,0,0,0
8911,9200,9999, ,Wilmington NC MSA,92,92,6184,9,18,960,0,0,0,3,60,1820,92,92,6184,9,18,960,0,0,0,3,60,1820
8911,9240,9999, ,Worcester MA MSA,60,60,5431,2,4,233,1,3,93,1,13,401,25,25,2911,1,2,120,0,0,0,0,0,0
8911,9260,9999, ,Yakima WA MSA,14,14,1139,3,6,218,0,0,0,0,0,0,3,3,203,3,6,218,0,0,0,0,0,0
8911,9280,9999, ,York PA MSA,113,113,10779,2,4,145,3,12,900,4,30,824,94,94,9205,2,4,145,3,12,900,0,0,0
8911,9320,9999, ,Youngstown-Warren OH MSA,53,53,4879,1,2,47,5,17,924,3,20,557,34,34,3676,1,2,47,4,14,797,3,20,557
8911,9340,9999, ,Yuba City CA MSA,72,72,7406,6,12,751,0,0,0,0,0,0,72,72,7406,6,12,751,0,0,0,0,0,0
8911,1122,9999,,Boston-Lawrence-Salem MA-NH CMSA,613,613,64485,49,98,5539,5,20,1455,16,247,15729,425,425,47250,40,80,4749,4,16,1264,4,173,12503
8911,1282,9999,,Buffalo-Niagara Falls NY CMSA ,254,254,25688,10,20,1385,2,6,290,4,32,1075,243,243,24965,10,20,1385,2,6,290,4,32,1075
8911,1602,9999,,Chicago-Gary-Lake County IL-IN-WI CMSA,2051,2051,236698,47,94,4960,15,57,4209,25,232,11670,1907,1907,222522,46,92,4839,13,51,3972,21,211,11018
8911,1642,9999,,Cincinnati-Hamilton OH-KY-IN CMSA ,493,493,43210,5,10,548,2,8,257,15,170,4526,384,384,36442,5,10,548,2,8,257,12,154,4079
8911,1692,9999,,Cleveland-Akron-Lorain OH CMSA,611,611,72770,13,26,1483,3,10,556,18,271,11107,509,509,61189,10,20,1172,1,4,300,14,242,10172
8911,1922,9999,,Dallas-Fort Worth TX CMSA ,979,979,97916,0,0,0,2,6,62,6,147,2131,924,924,91017,0,0,0,2,6,62,4,137,2000
8911,2082,9999,,Denver-Boulder CO CMSA,336,336,38702,1,2,75,0,0,0,22,144,6533,303,303,36831,1,2,75,0,0,0,22,144,6533
8911,2162,9999,,Detroit-Ann Arbor MI CMSA ,945,945,90881,6,12,593,12,42,1885,42,1094,36762,849,849,83011,5,10,465,10,36,1586,31,968,32764
8911,3282,9999,,Hartford-New Britain-Middletown CT CMSA ,204,204,19311,0,0,0,1,4,80,2,53,2966,201,201,19031,0,0,0,1,4,80,2,53,2966
8911,3362,9999,,Houston-Galveston-Brazoria TX CMSA,645,645,62629,0,0,0,3,10,360,10,297,9783,638,638,61793,0,0,0,2,7,303,10,297,9783
8911,4472,9999,,Los Angeles-Anaheim-Riverside CA CMSA ,3694,3694,453069,84,168,11654,113,407,28838,141,1938,96452,3373,3373,415243,65,130,8788,92,330,23149,112,1695,83666
8911,4992,9999,,Miami-Fort Lauderdale FL CMSA ,1169,1169,99932,25,50,2305,2,7,322,25,367,15751,1166,1166,99703,25,50,2305,2,7,322,23,354,13524
8911,5082,9999,,Milwaukee-Racine WI CMSA,310,310,31846,11,22,1327,6,24,1086,23,252,7609,240,240,24887,10,20,1197,6,24,1086,20,237,7192
8911,5602,9999,,New York-Northern New Jersey-Long Island NY-NJ-CT CMSA,1329,1329,140722,80,160,9167,60,186,7298,41,552,19762,1035,1035,113371,71,142,8134,58,179,6800,31,482,16480
8911,6162,9999,,Philadelphia-Wilmington-Trenton PA-NJ-DE-MD CMSA,1508,1508,118353,5,10,409,1,4,300,22,218,12718,1297,1297,101467,5,10,409,1,4,300,18,191,11689
8911,6282,9999,,Pittsburgh-Beaver Valley PA CMSA,275,275,28446,2,4,317,4,15,768,9,122,2108,223,223,24533,1,2,92,3,12,558,6,107,1684
8911,6442,9999,,Portland-Vancouver OR-WA CMSA ,569,569,62583,3,6,376,11,39,1442,82,691,24800,561,561,62052,3,6,376,10,36,1353,80,676,24533
8911,6482,9999,,Providence-Pawtucket-Fall River RI-MA CMSA,332,332,26671,17,34,1281,5,16,536,5,34,1209,268,268,21629,7,14,811,0,0,0,2,14,362
8911,7362,9999,,San Francisco-Oakland-San Jose CA CMSA,2144,2144,262833,15,30,2206,13,43,2855,19,231,12728,2034,2034,247464,14,28,2114,12,40,2427,15,184,10250
8911,7602,9999,,Seattle-Tacoma WA CMSA,1267,1267,134179,16,32,1732,9,31,1622,86,776,36685,1184,1184,126013,15,30,1657,4,15,820,77,707,33229
