Survey,MSA/,PMSA,,MA,,1-unit,,,2-units,,,3-4 units,,,5+ units,,,1-unit rep,,,2-units rep,,,3-4 units rep,,,5+ units rep
Date,CMSA,,,Name,Bldgs,Units,Value,Bldgs,Units,Value,Bldgs,Units,Value,Bldgs,Units,Value,Bldgs,Units,Value,Bldgs,Units,Value,Bldgs,Units,Value,Bldgs,Units,Value

9201,0040,9999, ,Abilene TX MSA,12,12,1442,0,0,0,0,0,0,0,0,0,12,12,1442,0,0,0,0,0,0,0,0,0
9201,0120,9999, ,Albany GA MSA,10,10,816,1,2,68,0,0,0,0,0,0,10,10,816,1,2,68,0,0,0,0,0,0
9201,0160,9999, ,Albany-Schenectady-Troy NY MSA,136,136,13205,4,8,231,1,3,90,1,5,50,105,105,10484,3,6,173,0,0,0,0,0,0
9201,0200,9999, ,Albuquerque NM MSA,140,140,13582,0,0,0,0,0,0,0,0,0,140,140,13582,0,0,0,0,0,0,0,0,0
9201,0220,9999, ,Alexandria LA MSA,2,2,246,0,0,0,0,0,0,0,0,0,2,2,246,0,0,0,0,0,0,0,0,0
9201,0240,9999, ,Allentown-Bethlehem-Easton PA-NJ MSA,103,103,11280,0,0,0,1,4,120,1,5,59,87,87,10030,0,0,0,1,4,120,0,0,0
9201,0280,9999, ,Altoona PA MSA,10,10,785,0,0,0,0,0,0,0,0,0,3,3,165,0,0,0,0,0,0,0,0,0
9201,0320,9999, ,Amarillo TX MSA,13,13,1622,0,0,0,0,0,0,0,0,0,13,13,1622,0,0,0,0,0,0,0,0,0
9201,0380,9999, ,Anchorage AK MSA,22,22,3162,0,0,0,0,0,0,0,0,0,22,22,3162,0,0,0,0,0,0,0,0,0
9201,0400,9999, ,Anderson IN MSA,9,9,630,0,0,0,0,0,0,0,0,0,9,9,630,0,0,0,0,0,0,0,0,0
9201,0405,9999, ,Anderson SC MSA,58,58,4342,1,2,80,0,0,0,0,0,0,58,58,4342,1,2,80,0,0,0,0,0,0
9201,0450,9999, ,Anniston AL MSA,14,14,810,0,0,0,0,0,0,0,0,0,9,9,479,0,0,0,0,0,0,0,0,0
9201,0460,9999, ,Appleton-Oshkosh-Neenah WI MSA,63,63,6322,3,6,258,0,0,0,6,40,1534,23,23,2649,1,2,105,0,0,0,2,19,1146
9201,0480,9999, ,Asheville NC MSA,59,59,5458,3,6,438,0,0,0,0,0,0,59,59,5458,3,6,438,0,0,0,0,0,0
9201,0500,9999, ,Athens GA MSA,50,50,4071,0,0,0,0,0,0,2,22,946,50,50,4071,0,0,0,0,0,0,2,22,946
9201,0520,9999, ,Atlanta GA MSA,2028,2028,172104,11,22,819,0,0,0,0,0,0,1977,1977,169329,10,20,777,0,0,0,0,0,0
9201,0560,9999, ,Atlantic City NJ MSA,74,74,6226,4,8,654,0,0,0,1,78,4100,70,70,5631,3,6,260,0,0,0,1,78,4100
9201,0600,9999, ,Augusta GA-SC MSA,263,263,20993,0,0,0,0,0,0,0,0,0,226,226,17618,0,0,0,0,0,0,0,0,0
9201,0640,9999, ,Austin TX MSA,317,317,29351,2,4,245,2,8,448,0,0,0,313,313,29038,2,4,245,2,8,448,0,0,0
9201,0680,9999, ,Bakersfield CA MSA,267,267,25163,1,2,69,8,30,1637,9,72,3602,128,128,12628,1,2,69,8,30,1637,9,72,3602
9201,0720,9999, ,Baltimore MD MSA,783,783,65027,0,0,0,0,0,0,15,457,16488,778,778,64621,0,0,0,0,0,0,15,457,16488
9201,0730,9999, ,Bangor ME MSA,6,6,447,0,0,0,0,0,0,0,0,0,4,4,282,0,0,0,0,0,0,0,0,0
9201,0760,9999, ,Baton Rouge LA MSA,113,113,8330,0,0,0,0,0,0,0,0,0,110,110,7930,0,0,0,0,0,0,0,0,0
9201,0780,9999, ,Battle Creek MI MSA,0,0,0,0,0,0,0,0,0,0,0,0,0,0,0,0,0,0,0,0,0,0,0,0
9201,0840,9999, ,Beaumont-Port Arthur TX MSA,20,20,1663,0,0,0,0,0,0,0,0,0,20,20,1663,0,0,0,0,0,0,0,0,0
9201,0860,9999, ,Bellingham WA MSA,61,61,5488,1,2,100,1,3,119,1,12,528,49,49,4410,0,0,0,0,0,0,0,0,0
9201,0870,9999, ,Benton Harbor MI MSA,1,1,25,0,0,0,0,0,0,0,0,0,1,1,25,0,0,0,0,0,0,0,0,0
9201,0880,9999, ,Billings MT MSA,17,17,1629,2,4,222,0,0,0,0,0,0,17,17,1629,2,4,222,0,0,0,0,0,0
9201,0920,9999, ,Biloxi-Gulfport MS MSA,43,43,3524,0,0,0,0,0,0,0,0,0,38,38,3334,0,0,0,0,0,0,0,0,0
9201,0960,9999, ,Binghamton NY MSA,10,10,1004,0,0,0,0,0,0,0,0,0,7,7,765,0,0,0,0,0,0,0,0,0
9201,1000,9999, ,Birmingham AL MSA,252,252,28137,0,0,0,0,0,0,1,5,135,219,219,25615,0,0,0,0,0,0,0,0,0
9201,1010,9999, ,Bismarck ND MSA,10,10,869,0,0,0,0,0,0,0,0,0,10,10,869,0,0,0,0,0,0,0,0,0
9201,1020,9999, ,Bloomington IN MSA,28,28,2710,5,10,524,0,0,0,0,0,0,28,28,2710,5,10,524,0,0,0,0,0,0
9201,1040,9999, ,Bloomington-Normal IL MSA,52,52,3846,0,0,0,0,0,0,1,12,290,52,52,3846,0,0,0,0,0,0,1,12,290
9201,1080,9999, ,Boise City ID MSA,188,188,16167,3,6,259,0,0,0,0,0,0,188,188,16167,3,6,259,0,0,0,0,0,0
9201,1122,1120, ,Boston MA PMSA,222,222,27030,5,10,465,2,6,292,2,10,379,187,187,22248,2,4,130,1,3,157,0,0,0
9201,1122,1200, ,Brockton MA PMSA,26,26,2423,1,2,84,0,0,0,0,0,0,24,24,2209,1,2,84,0,0,0,0,0,0
9201,1122,4160, ,Lawrence-Haverhill MA-NH PMSA,73,73,7461,0,0,0,0,0,0,0,0,0,63,63,6109,0,0,0,0,0,0,0,0,0
9201,1122,4560, ,Lowell MA-NH PMSA,28,28,3401,0,0,0,0,0,0,0,0,0,6,6,470,0,0,0,0,0,0,0,0,0
9201,1122,5350, ,Nashua NH PMSA,30,30,2806,0,0,0,0,0,0,0,0,0,23,23,1994,0,0,0,0,0,0,0,0,0
9201,1122,7090, ,Salem-Gloucester MA PMSA,26,26,3625,0,0,0,0,0,0,0,0,0,24,24,3330,0,0,0,0,0,0,0,0,0
9201,1140,9999, ,Bradenton FL MSA,68,68,3596,5,10,340,0,0,0,0,0,0,68,68,3596,5,10,340,0,0,0,0,0,0
9201,1150,9999, ,Bremerton WA MSA,110,110,5547,1,2,76,0,0,0,0,0,0,110,110,5547,1,2,76,0,0,0,0,0,0
9201,1240,9999, ,Brownsville-Harlingen TX MSA,41,41,1697,3,6,122,0,0,0,0,0,0,41,41,1697,3,6,122,0,0,0,0,0,0
9201,1260,9999, ,Bryan-College Station TX MSA,27,27,2268,0,0,0,0,0,0,0,0,0,27,27,2268,0,0,0,0,0,0,0,0,0
9201,1282,1280, ,Buffalo NY PMSA,77,77,8948,3,6,341,1,3,130,0,0,0,40,40,4441,2,4,250,1,3,130,0,0,0
9201,1282,5700, ,Niagara Falls NY PMSA,22,22,1660,1,2,120,0,0,0,0,0,0,21,21,1613,1,2,120,0,0,0,0,0,0
9201,1300,9999, ,Burlington NC MSA,19,19,1880,0,0,0,0,0,0,0,0,0,19,19,1880,0,0,0,0,0,0,0,0,0
9201,1305,9999, ,Burlington VT MSA,21,21,2336,1,2,137,0,0,140,0,0,0,9,9,936,0,0,0,0,0,140,0,0,0
9201,1320,9999, ,Canton OH MSA,26,26,3944,1,2,100,0,0,0,0,0,0,26,26,3944,1,2,100,0,0,0,0,0,0
9201,1350,9999, ,Casper WY MSA,0,0,0,0,0,0,0,0,0,0,0,0,0,0,0,0,0,0,0,0,0,0,0,0
9201,1360,9999, ,Cedar Rapids IA MSA,26,26,2476,0,0,0,0,0,0,0,0,0,25,25,2439,0,0,0,0,0,0,0,0,0
9201,1400,9999, ,Champaign-Urbana-Rantoul IL MSA,6,6,517,0,0,0,0,0,0,0,0,0,6,6,517,0,0,0,0,0,0,0,0,0
9201,1440,9999, ,Charleston SC MSA,178,178,15818,0,0,0,0,0,0,1,5,50,164,164,14942,0,0,0,0,0,0,0,0,0
9201,1480,9999, ,Charleston WV MSA,11,11,1482,1,2,50,0,0,0,0,0,0,10,10,1430,1,2,50,0,0,0,0,0,0
9201,1520,9999, ,Charlotte-Gastonia-Rock Hill NC-SC MSA,655,655,56304,5,10,436,0,0,0,19,380,11512,654,654,56259,5,10,436,0,0,0,19,380,11512
9201,1540,9999, ,Charlottesville VA MSA,40,40,5009,2,4,173,0,0,0,12,151,4088,40,40,5009,2,4,173,0,0,0,12,151,4088
9201,1560,9999, ,Chattanooga TN-GA MSA,137,137,9467,1,2,72,0,0,0,0,0,0,72,72,5032,0,0,0,0,0,0,0,0,0
9201,1580,9999, ,Cheyenne WY MSA,14,14,1188,0,0,0,0,0,0,0,0,0,14,14,1188,0,0,0,0,0,0,0,0,0
9201,1602,0620, ,Aurora-Elgin IL PMSA,157,157,24328,3,6,300,1,4,175,1,8,328,149,149,23431,3,6,300,1,4,175,1,8,328
9201,1602,1600, ,Chicago IL PMSA,544,544,64937,1,2,200,5,18,1513,10,141,4485,530,530,63193,1,2,200,5,18,1513,8,128,3921
9201,1602,2960, ,Gary-Hammond IN PMSA,96,96,9943,1,2,50,0,0,0,0,0,0,85,85,9257,1,2,50,0,0,0,0,0,0
9201,1602,3690, ,Joliet IL PMSA,147,147,13880,3,6,302,1,4,360,1,6,450,142,142,13444,3,6,302,1,4,360,1,6,450
9201,1602,3800, ,Kenosha WI PMSA,39,39,3140,1,2,70,0,0,0,3,21,640,38,38,3033,1,2,70,0,0,0,3,21,640
9201,1602,3965, ,Lake County IL PMSA,188,188,19585,1,2,141,3,12,605,1,7,506,182,182,18778,1,2,141,3,12,605,1,7,506
9201,1620,9999, ,Chico CA MSA,52,52,5665,3,6,300,3,12,586,2,17,758,33,33,3725,2,4,199,1,4,242,0,0,0
9201,1642,1640, ,Cincinnati OH-KY-IN PMSA,333,333,33002,3,6,177,0,0,0,11,267,10954,292,292,29877,3,6,177,0,0,0,10,260,10808
9201,1642,3200, ,Hamilton-Middletown OH PMSA,89,89,6096,1,2,94,0,0,0,3,18,462,28,28,2455,0,0,0,0,0,0,2,11,251
9201,1660,9999, ,Clarksville-Hopkinsville TN-KY MSA,165,165,7969,0,0,0,0,0,0,0,0,0,165,165,7969,0,0,0,0,0,0,0,0,0
9201,1692,0080, ,Akron OH PMSA,90,90,9969,1,2,90,4,14,557,3,37,1000,84,84,9124,1,2,90,3,10,360,3,37,1000
9201,1692,1680, ,Cleveland OH PMSA,189,189,22959,2,4,203,1,4,276,3,37,1383,140,140,18811,1,2,75,1,4,276,2,20,1009
9201,1692,4440, ,Lorain-Elyria OH PMSA,30,30,4257,0,0,0,0,0,0,0,0,0,19,19,3161,0,0,0,0,0,0,0,0,0
9201,1720,9999, ,Colorado Springs CO MSA,152,152,17490,0,0,0,0,0,0,0,0,0,152,152,17490,0,0,0,0,0,0,0,0,0
9201,1740,9999, ,Columbia MO MSA,50,50,4629,7,14,547,0,0,0,0,0,0,33,33,3461,5,10,395,0,0,0,0,0,0
9201,1760,9999, ,Columbia SC MSA,254,254,17250,0,0,0,1,4,107,0,0,0,251,251,16965,0,0,0,1,4,107,0,0,0
9201,1800,9999, ,Columbus GA-AL MSA,73,73,4343,1,2,133,0,0,0,1,7,200,73,73,4343,1,2,133,0,0,0,1,7,200
9201,1840,9999, ,Columbus OH MSA,398,398,41116,4,8,287,4,16,330,10,104,2760,210,210,25386,2,4,100,0,0,0,0,0,0
9201,1880,9999, ,Corpus Christi TX MSA,35,35,2574,0,0,0,0,0,0,0,0,0,35,35,2574,0,0,0,0,0,0,0,0,0
9201,1900,9999, ,Cumberland MD-WV MSA,14,14,1058,0,0,0,0,0,0,0,0,0,14,14,1058,0,0,0,0,0,0,0,0,0
9201,1922,1920, ,Dallas TX PMSA,1070,1070,121802,3,6,567,0,0,0,1,8,457,1059,1059,119378,3,6,567,0,0,0,1,8,457
9201,1922,2800, ,Fort Worth-Arlington TX PMSA,332,332,40007,0,0,0,0,0,0,0,0,0,273,273,29281,0,0,0,0,0,0,0,0,0
9201,1950,9999, ,Danville VA MSA,18,18,1625,0,0,0,0,0,0,0,0,0,18,18,1625,0,0,0,0,0,0,0,0,0
9201,1960,9999, ,Davenport-Rock Island-Moline IA-IL MSA,23,23,2658,0,0,0,1,3,117,0,0,0,22,22,2575,0,0,0,0,0,0,0,0,0
9201,2000,9999, ,Dayton-Springfield OH MSA,181,181,16148,1,2,122,2,7,398,2,17,603,179,179,15992,1,2,122,2,7,398,1,12,478
9201,2020,9999, ,Daytona Beach FL MSA,207,207,18158,2,4,203,0,0,0,0,0,0,206,206,18118,2,4,203,0,0,0,0,0,0
9201,2030,9999, ,Decatur Al MSA,31,31,2248,0,0,0,1,3,79,0,0,0,0,0,0,0,0,0,0,0,0,0,0,0
9201,2040,9999, ,Decatur IL MSA,10,10,1200,0,0,0,0,0,0,0,0,0,10,10,1200,0,0,0,0,0,0,0,0,0
9201,2082,1125, ,Boulder-Longmont CO PMSA,114,114,13440,0,0,0,0,0,0,0,0,0,114,114,13440,0,0,0,0,0,0,0,0,0
9201,2082,2080, ,Denver CO PMSA,447,447,56631,0,0,0,0,0,0,9,200,9533,434,434,55286,0,0,0,0,0,0,9,200,9533
9201,2120,9999, ,Des Moines IA MSA,129,129,13048,4,8,387,0,0,0,1,15,522,103,103,9996,4,8,387,0,0,0,0,0,0
9201,2162,0440, ,Ann Arbor MI PMSA,44,44,4853,1,2,122,0,0,45,2,10,224,35,35,4290,1,2,122,0,0,45,0,0,0
9201,2162,2160, ,Detroit MI PMSA,498,498,49753,2,4,133,4,16,1267,11,102,3678,420,420,43399,0,0,0,4,16,1267,5,70,2850
9201,2180,9999, ,Dothan AL MSA,24,24,1440,0,0,0,0,0,0,0,0,0,24,24,1440,0,0,0,0,0,0,0,0,0
9201,2200,9999, ,Dubuque IA MSA,14,14,1175,0,0,0,0,0,0,2,18,653,13,13,1083,0,0,0,0,0,0,2,18,653
9201,2240,9999, ,Duluth MN-WI MSA,22,22,1431,1,2,75,0,0,0,1,8,184,22,22,1431,1,2,75,0,0,0,1,8,184
9201,2290,9999, ,Eau Claire WI MSA,6,6,789,0,0,0,0,0,0,0,0,0,1,1,300,0,0,0,0,0,0,0,0,0
9201,2320,9999, ,El Paso TX MSA,199,199,10623,0,0,0,0,0,0,0,0,0,199,199,10623,0,0,0,0,0,0,0,0,0
9201,2330,9999, ,Elkhart-Goshen IN MSA,24,24,1932,1,2,200,0,0,0,0,0,0,24,24,1932,1,2,200,0,0,0,0,0,0
9201,2335,9999, ,Elmira NY MSA,1,1,112,0,0,0,0,0,0,0,0,0,0,0,0,0,0,0,0,0,0,0,0,0
9201,2340,9999, ,Enid OK MSA,0,0,0,0,0,0,0,0,0,0,0,0,0,0,0,0,0,0,0,0,0,0,0,0
9201,2360,9999, ,Erie PA MSA,22,22,2084,0,0,0,0,0,0,0,0,0,22,22,2084,0,0,0,0,0,0,0,0,0
9201,2400,9999, ,Eugene-Springfield OR MSA,55,55,5057,0,0,0,1,3,174,4,62,2231,23,23,1789,0,0,0,0,0,0,1,32,1096
9201,2440,9999, ,Evansville IN-KY MSA,51,51,4291,0,0,0,0,0,0,0,0,0,51,51,4291,0,0,0,0,0,0,0,0,0
9201,2520,9999, ,Fargo-Moorhead ND-MN MSA,12,12,870,0,0,0,0,0,0,0,0,0,11,11,801,0,0,0,0,0,0,0,0,0
9201,2560,9999, ,Fayetteville NC MSA,194,194,12858,0,0,0,2,7,152,1,6,132,194,194,12858,0,0,0,2,7,152,1,6,132
9201,2580,9999, ,Fayetteville-Springdale AR MSA,41,41,3062,6,12,360,2,6,261,0,0,0,41,41,3062,6,12,360,2,6,261,0,0,0
9201,2600,9999, ,Fitchburg-Leominster MA MSA,3,3,239,0,0,0,0,0,0,1,5,105,0,0,0,0,0,0,0,0,0,0,0,0
9201,2640,9999, ,Flint MI MSA,37,37,3435,2,4,243,0,0,0,0,0,0,31,31,2899,2,4,243,0,0,0,0,0,0
9201,2650,9999, ,Florence AL MSA,18,18,938,0,0,0,0,0,0,1,12,314,18,18,938,0,0,0,0,0,0,1,12,314
9201,2655,9999, ,Florence SC MSA,39,39,3522,1,2,54,0,0,0,1,6,178,9,9,1165,0,0,0,0,0,0,0,0,0
9201,2670,9999, ,Fort Collins-Loveland CO MSA,97,97,7787,0,0,0,1,4,198,1,6,231,88,88,7194,0,0,0,1,4,198,1,6,231
9201,2700,9999, ,Fort Myers-Cape Coral FL MSA,205,205,16363,1,2,117,4,16,1182,4,36,2183,205,205,16363,1,2,117,4,16,1182,4,36,2183
9201,2710,9999, ,Fort Pierce FL MSA,146,146,15031,0,0,0,5,19,833,1,26,4248,146,146,15031,0,0,0,5,19,833,1,26,4248
9201,2720,9999, ,Fort Smith AR-OK MSA,47,47,2846,0,0,0,0,0,0,0,0,0,45,45,2746,0,0,0,0,0,0,0,0,0
9201,2750,9999, ,Fort Walton Beach FL MSA,87,87,5331,0,0,0,0,0,0,1,6,98,23,23,1916,0,0,0,0,0,0,0,0,0
9201,2760,9999, ,Fort Wayne IN MSA,72,72,8678,0,0,0,0,0,0,0,0,0,72,72,8678,0,0,0,0,0,0,0,0,0
9201,2840,9999, ,Fresno CA MSA,202,202,22869,0,0,0,2,8,327,0,0,0,190,190,21812,0,0,0,2,8,327,0,0,0
9201,2880,9999, ,Gadsden AL MSA,2,2,143,0,0,0,0,0,0,0,0,0,1,1,100,0,0,0,0,0,0,0,0,0
9201,2900,9999, ,Gainesville FL MSA,92,92,5368,1,2,41,0,0,0,1,8,243,32,32,1620,0,0,0,0,0,0,0,0,0
9201,2975,9999, ,Glens Falls NY MSA,6,6,655,0,0,0,1,4,330,0,0,0,6,6,655,0,0,0,1,4,330,0,0,0
9201,2985,9999, ,Grand Forks ND MSA,0,0,0,0,0,0,0,0,0,0,0,0,0,0,0,0,0,0,0,0,0,0,0,0
9201,3000,9999, ,Grand Rapids MI MSA,207,207,20052,2,4,334,1,4,123,3,57,2279,179,179,17938,2,4,334,0,0,0,2,50,2065
9201,3040,9999, ,Great Falls MT MSA,4,4,426,0,0,0,0,0,0,0,0,0,4,4,426,0,0,0,0,0,0,0,0,0
9201,3060,9999, ,Greeley CO MSA,12,12,1019,0,0,0,0,0,0,0,0,0,0,0,0,0,0,0,0,0,0,0,0,0
9201,3080,9999, ,Green Bay WI MSA,30,30,2803,5,10,452,0,0,0,2,18,502,30,30,2803,5,10,452,0,0,0,2,18,502
9201,3120,9999, ,Greensboro--Winston-Salem--High Point NC MSA,406,406,29660,7,14,402,1,4,148,9,176,6764,406,406,29660,7,14,402,1,4,148,9,176,6764
9201,3160,9999, ,Greenville-Spartanburg SC MSA,271,271,20174,7,14,595,1,4,111,2,13,400,262,262,19462,7,14,595,1,4,111,0,0,0
9201,3180,9999, ,Hagerstown MD MSA,34,34,3247,2,4,125,0,0,0,0,0,0,34,34,3247,2,4,125,0,0,0,0,0,0
9201,3240,9999, ,Harrisburg-Lebanon-Carlisle PA MSA,102,102,7835,0,0,0,2,7,346,0,0,0,86,86,6781,0,0,0,1,4,178,0,0,0
9201,3282,1170, ,Bristol CT PMSA,7,7,713,0,0,0,0,0,0,0,0,0,7,7,713,0,0,0,0,0,0,0,0,0
9201,3282,3280, ,Hartford CT PMSA,79,79,8877,0,0,0,0,0,0,2,138,7256,70,70,8095,0,0,0,0,0,0,2,138,7256
9201,3282,5020, ,Middletown CT PMSA,15,15,1267,0,0,0,0,0,0,0,0,0,15,15,1267,0,0,0,0,0,0,0,0,0
9201,3282,5440, ,New Britain CT PMSA,6,6,474,1,2,50,0,0,0,1,10,394,6,6,474,1,2,50,0,0,0,1,10,394
9201,3290,9999, ,Hickory-Morganton NC MSA,75,75,4775,2,4,100,0,0,0,0,0,0,75,75,4775,2,4,100,0,0,0,0,0,0
9201,3320,9999, ,Honolulu HI MSA,77,77,15573,2,4,315,0,0,0,2,20,1040,77,77,15573,2,4,315,0,0,0,2,20,1040
9201,3350,9999, ,Houma-Thibodaux LA MSA,26,26,751,0,0,0,0,0,0,0,0,0,26,26,751,0,0,0,0,0,0,0,0,0
9201,3362,1145, ,Brazoria TX PMSA,84,84,6699,0,0,0,0,0,0,0,0,0,50,50,3766,0,0,0,0,0,0,0,0,0
9201,3362,2920, ,Galveston-Texas City TX PMSA,113,113,10765,0,0,0,0,0,0,0,0,0,93,93,7825,0,0,0,0,0,0,0,0,0
9201,3362,3360, ,Houston TX PMSA,727,727,74215,0,0,0,0,0,0,1,7,191,717,717,73421,0,0,0,0,0,0,0,0,0
9201,3400,9999, ,Huntington-Ashland WV-KY-OH MSA,6,6,480,0,0,0,0,0,0,0,0,0,4,4,245,0,0,0,0,0,0,0,0,0
9201,3440,9999, ,Huntsville AL MSA,92,92,2904,0,0,0,0,0,0,0,0,0,92,92,2904,0,0,0,0,0,0,0,0,0
9201,3480,9999, ,Indianapolis IN MSA,459,459,52333,14,28,1197,0,0,0,3,22,879,421,421,48668,13,26,1097,0,0,0,2,12,535
9201,3500,9999, ,Iowa City IA MSA,18,18,1414,1,2,112,0,0,0,3,31,1120,18,18,1414,1,2,112,0,0,0,3,31,1120
9201,3520,9999, ,Jackson MI MSA,8,8,627,0,0,0,0,0,0,1,5,264,3,3,154,0,0,0,0,0,0,0,0,0
9201,3560,9999, ,Jackson MS MSA,93,93,7226,0,0,0,0,0,0,0,0,0,93,93,7226,0,0,0,0,0,0,0,0,0
9201,3580,9999, ,Jackson TN MSA,41,41,2818,0,0,0,0,0,0,0,0,0,41,41,2818,0,0,0,0,0,0,0,0,0
9201,3600,9999, ,Jacksonville FL MSA,507,507,41697,4,8,439,0,0,0,22,452,16307,507,507,41697,4,8,439,0,0,0,22,452,16307
9201,3605,9999, ,Jacksonville NC MSA,43,43,1805,2,4,57,0,0,0,0,0,0,43,43,1805,2,4,57,0,0,0,0,0,0
9201,3610,9999, ,Jamestown-Durkirk NY MSA,1,1,45,0,0,0,0,0,0,0,0,0,1,1,45,0,0,0,0,0,0,0,0,0
9201,3620,9999, ,Janesville-Beloit WI MSA,17,17,1340,3,6,425,1,4,225,0,0,0,17,17,1340,3,6,425,1,4,225,0,0,0
9201,3660,9999, ,Johnson City-Kingsport-Bristol TN-VA MSA,44,44,3307,0,0,0,2,8,207,0,0,0,25,25,1797,0,0,0,2,8,207,0,0,0
9201,3680,9999, ,Johnstown PA MSA,4,4,256,0,0,0,0,0,0,0,0,0,3,3,160,0,0,0,0,0,0,0,0,0
9201,3710,9999, ,Joplin MO MSA,13,13,743,0,0,0,3,12,500,0,0,0,13,13,743,0,0,0,3,12,500,0,0,0
9201,3720,9999, ,Kalamazoo MI MSA,40,40,5035,0,0,0,0,0,0,0,0,0,38,38,4827,0,0,0,0,0,0,0,0,0
9201,3740,9999, ,Kankakee IL MSA,4,4,571,0,0,0,0,0,0,0,0,0,4,4,571,0,0,0,0,0,0,0,0,0
9201,3760,9999, ,Kansas City MO-KS MSA,567,567,56237,7,14,809,4,16,661,3,74,2588,541,541,53784,6,12,684,4,16,661,3,74,2588
9201,3810,9999, ,Killeen-Temple TX MSA,58,58,5254,0,0,0,0,0,0,0,0,0,58,58,5254,0,0,0,0,0,0,0,0,0
9201,3840,9999, ,Knoxville TN MSA,229,229,16571,7,14,353,0,0,0,1,10,416,213,213,15696,7,14,353,0,0,0,1,10,416
9201,3850,9999, ,Kokomo IN MSA,13,13,957,0,0,0,0,0,0,0,0,0,13,13,957,0,0,0,0,0,0,0,0,0
9201,3870,9999, ,La Crosse WI MSA,4,4,340,0,0,0,0,0,0,0,0,0,4,4,340,0,0,0,0,0,0,0,0,0
9201,3880,9999, ,Lafayette LA MSA,49,49,4708,0,0,0,0,0,0,0,0,0,49,49,4708,0,0,0,0,0,0,0,0,0
9201,3920,9999, ,Lafayette-West Lafayette IN MSA,22,22,2442,2,4,225,0,0,0,0,0,0,22,22,2442,2,4,225,0,0,0,0,0,0
9201,3960,9999, ,Lake Charles LA MSA,6,6,626,1,2,155,0,0,0,0,0,0,6,6,626,1,2,155,0,0,0,0,0,0
9201,3980,9999, ,Lakeland-Winter Haven FL MSA,157,157,12515,2,4,201,2,7,356,0,0,0,156,156,12495,2,4,201,2,7,356,0,0,0
9201,4000,9999, ,Lancaster PA MSA,88,88,8634,1,2,70,1,3,225,2,11,446,66,66,6860,0,0,0,0,0,0,1,6,240
9201,4040,9999, ,Lansing-East Lansing MI MSA,62,62,5619,1,2,120,0,0,0,0,0,0,60,60,5476,1,2,120,0,0,0,0,0,0
9201,4080,9999, ,Laredo TX MSA,42,42,2349,0,0,0,3,12,250,2,27,956,42,42,2349,0,0,0,3,12,250,2,27,956
9201,4100,9999, ,Las Cruces NM MSA,63,63,3214,0,0,0,0,0,0,1,5,128,47,47,2019,0,0,0,0,0,0,0,0,0
9201,4120,9999, ,Las Vegas NV MSA,966,966,81786,0,0,0,0,0,0,76,515,22688,919,919,76805,0,0,0,0,0,0,76,515,22688
9201,4150,9999, ,Lawrence KS MSA,46,46,3665,5,10,434,0,0,0,0,0,0,46,46,3665,5,10,434,0,0,0,0,0,0
9201,4200,9999, ,Lawton OK MSA,35,35,2570,0,0,0,0,0,0,0,0,0,35,35,2570,0,0,0,0,0,0,0,0,0
9201,4240,9999, ,Lewiston-Auburn ME MSA,4,4,287,0,0,0,0,0,0,0,0,0,1,1,62,0,0,0,0,0,0,0,0,0
9201,4280,9999, ,Lexington-Fayette KY MSA,141,141,11436,2,4,100,0,0,0,0,0,0,141,141,11436,2,4,100,0,0,0,0,0,0
9201,4320,9999, ,Lima OH MSA,6,6,586,0,0,0,0,0,0,0,0,0,6,6,586,0,0,0,0,0,0,0,0,0
9201,4360,9999, ,Lincoln NE MSA,64,64,5494,3,6,268,0,0,0,0,0,0,64,64,5494,3,6,268,0,0,0,0,0,0
9201,4400,9999, ,Little Rock-North Little Rock AR MSA,116,116,10185,0,0,0,2,7,220,0,0,0,116,116,10185,0,0,0,2,7,220,0,0,0
9201,4420,9999, ,Longview-Marshall TX MSA,9,9,793,0,0,0,0,0,0,0,0,0,3,3,275,0,0,0,0,0,0,0,0,0
9201,4472,0360, ,Anaheim-Santa Ana CA PMSA,278,278,48435,4,8,701,5,17,1619,12,82,7785,266,266,45478,3,6,442,5,17,1619,12,82,7785
9201,4472,4480, ,Los Angeles-Long Beach CA PMSA,530,530,75405,18,36,3292,12,40,2647,39,385,23398,426,426,59165,15,30,2876,9,31,2113,32,343,20559
9201,4472,6000, ,Oxnard-Ventura CA PMSA,19,19,5027,2,4,438,9,32,3323,0,0,0,19,19,5027,2,4,438,9,32,3323,0,0,0
9201,4472,6780, ,Riverside-San Bernardino CA PMSA,991,991,117144,3,6,341,3,12,1114,7,73,5568,881,881,105177,3,6,341,3,12,1114,6,66,5179
9201,4520,9999, ,Louisville KY-IN MSA,228,228,23248,2,4,213,19,74,3885,16,136,3777,221,221,22578,2,4,213,18,71,3789,16,136,3777
9201,4600,9999, ,Lubbock TX MSA,42,42,3308,0,0,0,0,0,0,0,0,0,42,42,3308,0,0,0,0,0,0,0,0,0
9201,4640,9999, ,Lynchburg VA MSA,22,22,1539,1,2,90,0,0,0,1,6,300,22,22,1539,1,2,90,0,0,0,1,6,300
9201,4680,9999, ,Macon-Warner Robins GA MSA,98,98,6386,1,2,73,0,0,0,0,0,0,98,98,6386,1,2,73,0,0,0,0,0,0
9201,4720,9999, ,Madison WI MSA,110,110,11923,4,8,575,2,8,390,2,58,1400,107,107,11663,3,6,465,2,8,390,2,58,1400
9201,4760,9999, ,Manchester NH MSA,25,25,3057,1,2,100,0,0,0,0,0,0,22,22,2689,0,0,0,0,0,0,0,0,0
9201,4800,9999, ,Mansfield OH MSA,4,4,365,0,0,0,0,0,0,0,0,0,4,4,365,0,0,0,0,0,0,0,0,0
9201,4880,9999, ,McAllen-Edinburg-Mission TX MSA,84,84,4436,2,4,96,0,0,0,1,5,102,26,26,1097,1,2,38,0,0,0,0,0,0
9201,4890,9999, ,Medford OR MSA,50,50,4879,3,6,318,2,6,214,0,0,0,41,41,4045,2,4,176,1,3,112,0,0,0
9201,4900,9999, ,Melbourne-Titusville-Palm Bay FL MSA,263,263,24003,0,0,0,0,0,0,0,0,0,259,259,23748,0,0,0,0,0,0,0,0,0
9201,4920,9999, ,Memphis TN-AR-MS MSA,384,384,34767,0,0,0,0,0,0,0,0,0,384,384,34767,0,0,0,0,0,0,0,0,0
9201,4940,9999, ,Merced CA MSA,79,79,6776,0,0,0,1,3,143,0,0,0,49,49,4143,0,0,0,0,0,0,0,0,0
9201,4992,2680, ,Fort Lauderdale-Hollywood-Pompano Beach FL PMSA,434,434,43837,0,0,0,2,8,276,6,89,4480,432,432,43674,0,0,0,1,4,111,6,89,4480
9201,4992,5000, ,Miami-Hialeah FL PMSA,313,313,25706,12,24,971,1,4,162,7,279,10066,313,313,25706,12,24,971,1,4,162,7,279,10066
9201,5040,9999, ,Midland TX MSA,13,13,1123,0,0,0,0,0,0,0,0,0,13,13,1123,0,0,0,0,0,0,0,0,0
9201,5082,5080, ,Milwaukee WI PMSA,201,201,23677,8,16,1294,1,3,124,8,51,2083,169,169,19248,7,14,1028,1,3,124,6,41,1760
9201,5082,6600, ,Racine WI PMSA,23,23,2430,0,0,0,1,3,154,4,34,1562,19,19,2133,0,0,0,0,0,0,4,34,1562
9201,5120,9999, ,Minneapolis-St. Paul MN-WI MSA,737,737,79344,6,12,768,3,12,864,15,206,8029,710,710,76913,6,12,768,3,12,864,13,196,7686
9201,5160,9999, ,Mobile AL MSA,47,47,4219,0,0,0,0,0,0,0,0,0,47,47,4219,0,0,0,0,0,0,0,0,0
9201,5170,9999, ,Modesto CA MSA,154,154,14545,5,10,439,0,0,0,0,0,0,154,154,14545,5,10,439,0,0,0,0,0,0
9201,5200,9999, ,Monroe LA MSA,19,19,1492,0,0,0,0,0,0,0,0,0,19,19,1492,0,0,0,0,0,0,0,0,0
9201,5240,9999, ,Montgomery AL MSA,91,91,6218,0,0,0,0,0,0,1,8,175,91,91,6218,0,0,0,0,0,0,1,8,175
9201,5280,9999, ,Muncie IN MSA,12,12,1384,1,2,180,0,0,0,1,10,250,12,12,1384,1,2,180,0,0,0,1,10,250
9201,5320,9999, ,Muskegon MI MSA,16,16,1123,0,0,0,0,0,0,0,0,0,14,14,1022,0,0,0,0,0,0,0,0,0
9201,5345,9999, ,Naples FL MSA,144,144,13449,0,0,0,3,12,782,12,131,7863,144,144,13449,0,0,0,3,12,782,12,131,7863
9201,5360,9999, ,Nashville TN MSA,449,449,37930,2,4,188,1,4,55,0,0,0,431,431,36368,2,4,188,1,4,55,0,0,0
9201,5400,9999, ,New Bedford MA MSA,15,15,1001,0,0,0,0,0,0,0,0,0,15,15,1001,0,0,0,0,0,0,0,0,0
9201,5480,9999, ,New Haven-Meriden CT MSA,68,68,5783,2,4,163,0,0,0,0,0,0,60,60,5288,0,0,0,0,0,0,0,0,0
9201,5520,9999, ,New London-Norwich CT-RI MSA,42,42,3265,0,0,0,0,0,0,0,0,0,42,42,3265,0,0,0,0,0,0,0,0,0
9201,5560,9999, ,New Orleans LA MSA,228,228,16103,1,2,81,0,0,0,1,57,2056,226,226,16005,1,2,81,0,0,0,1,57,2056
9201,5602,0875, ,Bergen-Passaic NJ PMSA,24,24,4485,7,14,603,0,0,0,0,0,0,22,22,4297,7,14,603,0,0,0,0,0,0
9201,5602,1160, ,Bridgeport-Milford CT PMSA,38,38,3542,0,0,0,0,0,0,0,0,0,38,38,3542,0,0,0,0,0,0,0,0,0
9201,5602,1930, ,Danbury CT PMSA,28,28,4901,1,2,147,0,0,0,0,0,0,28,28,4901,1,2,147,0,0,0,0,0,0
9201,5602,3640, ,Jersey City NJ PMSA,6,6,385,1,2,93,0,0,0,1,8,646,6,6,385,1,2,93,0,0,0,0,0,0
9201,5602,5015, ,Middlesex-Somerset-Hunterdon NJ PMSA,289,289,23887,1,2,62,0,0,0,1,20,1156,276,276,22615,0,0,0,0,0,0,1,20,1156
9201,5602,5190, ,Monmouth-Ocean NJ PMSA,275,275,21575,2,4,200,0,0,0,4,28,1079,249,249,19215,2,4,200,0,0,0,3,23,868
9201,5602,5380, ,Nassau-Suffolk NY PMSA,274,274,28595,0,0,0,0,0,0,0,0,0,263,263,26877,0,0,0,0,0,0,0,0,0
9201,5602,5600, ,New York NY PMSA,206,206,24146,145,290,15279,7,21,1097,3,21,1044,193,193,22167,142,284,14809,7,21,1097,2,16,802
9201,5602,5640, ,Newark NJ PMSA,102,102,12528,4,8,415,0,0,0,6,137,7679,92,92,11072,4,8,415,0,0,0,5,129,7365
9201,5602,5760, ,Norwalk CT PMSA,2,2,520,0,0,0,0,0,0,0,0,0,2,2,520,0,0,0,0,0,0,0,0,0
9201,5602,5950, ,Orange County NY PMSA,32,32,2885,1,2,132,0,0,0,0,0,0,20,20,2014,1,2,132,0,0,0,0,0,0
9201,5602,8040, ,Stamford CT PMSA,8,8,2606,0,0,0,0,0,0,0,0,0,8,8,2606,0,0,0,0,0,0,0,0,0
9201,5720,9999, ,Norfolk-Virginia Beach-Newport News VA MSA,521,521,40418,8,16,637,4,15,692,9,81,2644,480,480,36846,8,16,637,4,15,692,9,81,2644
9201,5790,9999, ,Ocala FL MSA,146,146,4563,0,0,0,0,0,0,0,0,0,146,146,4563,0,0,0,0,0,0,0,0,0
9201,5800,9999, ,Odessa TX MSA,8,8,1554,0,0,0,0,0,0,0,0,0,8,8,1554,0,0,0,0,0,0,0,0,0
9201,5880,9999, ,Oklahoma City OK MSA,263,263,20715,0,0,0,0,0,0,1,6,216,262,262,20591,0,0,0,0,0,0,1,6,216
9201,5910,9999, ,Olympia WA MSA,96,96,8857,0,0,0,1,3,159,1,5,217,80,80,7549,0,0,0,0,0,0,0,0,0
9201,5920,9999, ,Omaha NE-IA MSA,154,154,11324,0,0,0,0,0,0,2,72,3593,154,154,11324,0,0,0,0,0,0,2,72,3593
9201,5960,9999, ,Orlando FL MSA,666,666,59145,3,6,240,1,4,162,6,68,2632,664,664,58952,3,6,240,1,4,162,6,68,2632
9201,5990,9999, ,Owensboro KY MSA,20,20,1363,0,0,0,0,0,0,0,0,0,6,6,579,0,0,0,0,0,0,0,0,0
9201,6015,9999, ,Panama City FL MSA,88,88,4338,8,16,400,0,0,0,0,0,0,88,88,4338,8,16,400,0,0,0,0,0,0
9201,6020,9999, ,Parkersburg-Marietta WV-OH MSA,7,7,454,0,0,0,0,0,0,0,0,0,4,4,163,0,0,0,0,0,0,0,0,0
9201,6025,9999, ,Pascagoula MS MSA,22,22,1158,0,0,0,0,0,0,0,0,0,20,20,946,0,0,0,0,0,0,0,0,0
9201,6080,9999, ,Pensacola FL MSA,193,193,14219,0,0,0,0,0,0,0,0,0,193,193,14219,0,0,0,0,0,0,0,0,0
9201,6120,9999, ,Peoria IL MSA,13,13,950,0,0,0,2,6,674,0,0,0,13,13,950,0,0,0,2,6,674,0,0,0
9201,6162,6160, ,Philadelphia PA-NJ PMSA,674,674,62724,2,4,234,0,0,0,3,25,978,546,546,51865,1,2,132,0,0,0,2,20,863
9201,6162,8480, ,Trenton NJ PMSA,33,33,2039,0,0,0,0,0,0,1,12,407,30,30,1685,0,0,0,0,0,0,0,0,0
9201,6162,8760, ,Vineland-Millville-Bridgeton NJ PMSA,15,15,1142,1,2,72,0,0,0,0,0,0,14,14,1099,1,2,72,0,0,0,0,0,0
9201,6162,9160, ,Wilmington DE-NJ-MD PMSA,182,182,9875,0,0,0,0,0,0,1,9,197,174,174,9181,0,0,0,0,0,0,0,0,0
9201,6200,9999, ,Phoenix AZ MSA,1283,1283,149613,9,18,1107,2,8,1028,2,22,1280,1280,1280,149476,9,18,1107,2,8,1028,2,22,1280
9201,6240,9999, ,Pine Bluff AR MSA,2,2,22,0,0,0,0,0,0,0,0,0,2,2,22,0,0,0,0,0,0,0,0,0
9201,6282,0845, ,Beaver County PA PMSA,19,19,1734,1,2,105,0,0,0,0,0,0,16,16,1500,1,2,105,0,0,0,0,0,0
9201,6282,6280, ,Pittsburgh PA PMSA,241,241,27813,2,4,156,0,0,0,3,26,1168,188,188,22093,2,4,156,0,0,0,1,6,196
9201,6320,9999, ,Pittsfield MA MSA,1,1,32,0,0,0,0,0,0,0,0,0,1,1,32,0,0,0,0,0,0,0,0,0
9201,6400,9999, ,Portland ME MSA,38,38,3187,0,0,0,0,0,0,1,5,102,28,28,2297,0,0,0,0,0,0,0,0,0
9201,6442,6440, ,Portland OR PMSA,400,400,45353,5,10,616,10,37,1777,10,108,4182,392,392,44492,5,10,616,10,37,1777,9,100,3887
9201,6442,8725, ,Vancouver WA PMSA,227,227,19937,0,0,0,2,8,512,1,34,660,227,227,19937,0,0,0,2,8,512,1,34,660
9201,6450,9999, ,Portsmouth-Dover-Rochester NH-ME MSA,29,29,2420,0,0,0,0,0,0,0,0,0,13,13,895,0,0,0,0,0,0,0,0,0
9201,6460,9999, ,Poughkeepsie NY MSA,12,12,1393,0,0,0,0,0,0,0,0,0,12,12,1393,0,0,0,0,0,0,0,0,0
9201,6482,2480, ,Fall River MA-RI PMSA,20,20,1895,1,2,53,0,0,0,0,0,0,16,16,1325,1,2,53,0,0,0,0,0,0
9201,6482,6060, ,Pawtucket-Woonsocket-Attleboro RI-MA PMSA,42,42,4753,4,8,290,1,4,117,2,96,863,42,42,4753,4,8,290,1,4,117,2,96,863
9201,6482,6480, ,Providence RI PMSA,82,82,6944,3,6,113,0,0,0,1,5,104,69,69,5700,3,6,113,0,0,0,0,0,0
9201,6520,9999, ,Provo-Orem UT MSA,55,55,4625,0,0,0,0,0,0,7,161,3530,49,49,4434,0,0,0,0,0,0,7,161,3530
9201,6560,9999, ,Pueblo CO MSA,13,13,651,0,0,0,0,0,0,0,0,0,0,0,0,0,0,0,0,0,0,0,0,0
9201,6640,9999, ,Raleigh-Durham NC MSA,559,559,50501,0,0,0,1,4,44,2,114,8000,558,558,50412,0,0,0,1,4,44,2,114,8000
9201,6660,9999, ,Rapid City SD MSA,28,28,1748,0,0,0,0,0,0,1,5,195,18,18,1085,0,0,0,0,0,0,0,0,0
9201,6680,9999, ,Reading PA MSA,50,50,3852,0,0,0,0,0,0,1,6,390,49,49,3785,0,0,0,0,0,0,1,6,390
9201,6690,9999, ,Redding CA MSA,60,60,6356,0,0,0,1,4,251,0,0,0,60,60,6356,0,0,0,1,4,251,0,0,0
9201,6720,9999, ,Reno NV MSA,120,120,12436,0,0,0,1,4,153,3,21,944,0,0,0,0,0,0,0,0,0,0,0,0
9201,6740,9999, ,Richland-Kennewick-Pasco WA MSA,45,45,4545,0,0,0,0,0,0,1,5,196,36,36,3498,0,0,0,0,0,0,0,0,0
9201,6760,9999, ,Richmond-Petersburg VA MSA,415,415,31236,1,2,64,0,0,0,7,177,6386,415,415,31236,1,2,64,0,0,0,7,177,6386
9201,6800,9999, ,Roanoke VA MSA,53,53,2826,3,6,128,1,3,73,1,5,88,9,9,441,0,0,0,0,0,0,0,0,0
9201,6820,9999, ,Rochester MN MSA,16,16,2316,0,0,0,0,0,0,0,0,0,16,16,2316,0,0,0,0,0,0,0,0,0
9201,6840,9999, ,Rochester NY MSA,143,143,15873,0,0,0,1,3,68,0,0,0,118,118,12745,0,0,0,0,0,0,0,0,0
9201,6880,9999, ,Rockford IL MSA,70,70,5277,4,8,371,0,0,0,0,0,0,41,41,3591,3,6,276,0,0,0,0,0,0
9201,6920,9999, ,Sacramento CA MSA,594,594,71707,2,4,221,2,6,282,1,117,5967,581,581,70307,2,4,221,2,6,282,1,117,5967
9201,6960,9999, ,Saginaw-Bay City-Midland MI MSA,19,19,1740,1,2,85,0,0,0,0,0,0,17,17,1684,1,2,85,0,0,0,0,0,0
9201,6980,9999, ,St. Cloud MN MSA,33,33,2500,0,0,0,0,0,0,2,11,304,21,21,1557,0,0,0,0,0,0,0,0,0
9201,7000,9999, ,St. Joseph MO MSA,4,4,428,4,8,280,0,0,0,0,0,0,4,4,428,4,8,280,0,0,0,0,0,0
9201,7040,9999, ,St. Louis MO-IL MSA,558,558,51156,6,12,570,1,4,281,6,34,1589,508,508,46764,5,10,497,1,4,281,4,24,1100
9201,7080,9999, ,Salem OR MSA,138,138,12330,4,8,320,3,12,755,3,62,2983,136,136,12218,3,6,258,3,12,755,3,62,2983
9201,7120,9999, ,Salinas-Seaside-Monterey CA MSA,55,55,7025,1,2,133,0,0,0,0,0,0,46,46,6406,0,0,0,0,0,0,0,0,0
9201,7160,9999, ,Salt Lake City-Ogden UT MSA,266,266,25763,0,0,0,2,8,342,0,0,0,246,246,24162,0,0,0,2,8,342,0,0,0
9201,7200,9999, ,San Angelo TX MSA,16,16,574,0,0,0,0,0,0,0,0,0,16,16,574,0,0,0,0,0,0,0,0,0
9201,7240,9999, ,San Antonio TX MSA,161,161,13389,0,0,0,0,0,0,0,0,0,159,159,13168,0,0,0,0,0,0,0,0,0
9201,7320,9999, ,San Diego CA MSA,385,385,53263,5,10,1266,4,13,1103,15,439,31894,385,385,53263,5,10,1266,4,13,1103,15,439,31894
9201,7362,5775, ,Oakland CA PMSA,326,326,49417,0,0,0,3,10,861,3,17,1399,324,324,49207,0,0,0,3,10,861,3,17,1399
9201,7362,7360, ,San Francisco CA PMSA,48,48,11406,4,8,590,2,6,384,4,22,1730,42,42,10256,4,8,590,2,6,384,4,22,1730
9201,7362,7400, ,San Jose CA PMSA,82,82,15184,0,0,0,1,3,300,3,33,1968,77,77,14224,0,0,0,0,0,0,2,19,1045
9201,7362,7485, ,Santa Cruz CA PMSA,26,26,4085,0,0,0,1,3,308,1,5,324,6,6,1134,0,0,0,0,0,0,0,0,0
9201,7362,7500, ,Santa Rosa-Petaluma CA PMSA,59,59,7856,3,6,436,0,0,0,0,0,0,59,59,7856,3,6,436,0,0,0,0,0,0
9201,7362,8720, ,Vallejo-Fairfield-Napa CA PMSA,274,274,44157,1,2,181,0,0,0,0,0,0,274,274,44157,1,2,181,0,0,0,0,0,0
9201,7480,9999, ,Santa Barbara-Santa Maria-Lompoc CA MSA,23,23,5037,1,2,160,0,0,0,0,0,0,23,23,5037,1,2,160,0,0,0,0,0,0
9201,7490,9999, ,Santa Fe NM MSA,9,9,1194,1,2,60,0,0,0,0,0,0,9,9,1194,1,2,60,0,0,0,0,0,0
9201,7510,9999, ,Sarasota FL MSA,148,148,14379,0,0,0,4,16,264,3,26,828,143,143,13599,0,0,0,4,16,264,2,16,200
9201,7520,9999, ,Savannah GA MSA,93,93,6135,1,2,51,1,3,83,1,8,245,66,66,4755,0,0,0,0,0,0,0,0,0
9201,7560,9999, ,Scranton--Wilkes-Barre PA MSA,82,82,6635,1,2,48,4,12,1071,0,0,0,69,69,5421,1,2,48,3,9,985,0,0,0
9201,7602,7600, ,Seattle WA PMSA,561,561,67358,12,24,1647,7,27,1557,26,282,18578,499,499,60817,10,20,1430,6,24,1403,24,272,18087
9201,7602,8200, ,Tacoma WA PMSA,350,350,30595,6,12,624,0,0,0,7,109,4026,344,344,30221,6,12,624,0,0,0,6,104,3762
9201,7610,9999, ,Sharon PA MSA,5,5,547,0,0,0,0,0,0,0,0,0,3,3,420,0,0,0,0,0,0,0,0,0
9201,7620,9999, ,Sheboygan WI MSA,2,2,118,0,0,0,0,0,0,9,50,1256,2,2,118,0,0,0,0,0,0,9,50,1256
9201,7640,9999, ,Sherman-Denison TX MSA,0,0,0,0,0,0,0,0,0,0,0,0,0,0,0,0,0,0,0,0,0,0,0,0
9201,7680,9999, ,Shreveport LA MSA,19,19,2461,0,0,0,0,0,0,0,0,0,19,19,2461,0,0,0,0,0,0,0,0,0
9201,7720,9999, ,Sioux City IA-NE MSA,6,6,285,0,0,0,0,0,0,0,0,0,6,6,285,0,0,0,0,0,0,0,0,0
9201,7760,9999, ,Sioux Falls SD MSA,33,33,2515,0,0,0,0,0,0,0,0,0,33,33,2515,0,0,0,0,0,0,0,0,0
9201,7800,9999, ,South Bend-Mishawaka IN MSA,65,65,7559,1,2,280,0,0,0,1,30,600,59,59,6996,1,2,280,0,0,0,1,30,600
9201,7840,9999, ,Spokane WA MSA,85,85,8535,3,6,365,1,4,327,0,0,0,85,85,8535,3,6,365,1,4,327,0,0,0
9201,7880,9999, ,Springfield IL MSA,34,34,3642,4,8,427,0,0,0,2,24,610,34,34,3642,4,8,427,0,0,0,2,24,610
9201,7920,9999, ,Springfield MO MSA,102,102,5547,1,2,30,1,4,120,0,0,0,102,102,5547,1,2,30,1,4,120,0,0,0
9201,8000,9999, ,Springfield MA MSA,53,53,4975,1,2,103,0,0,0,0,0,0,50,50,4620,0,0,0,0,0,0,0,0,0
9201,8050,9999, ,State College PA MSA,12,12,1123,0,0,0,0,0,0,2,32,1170,10,10,1006,0,0,0,0,0,0,2,32,1170
9201,8080,9999, ,Steubenville-Weirton OH-WV MSA,4,4,324,0,0,0,0,0,0,0,0,0,3,3,248,0,0,0,0,0,0,0,0,0
9201,8120,9999, ,Stockton CA MSA,71,71,8173,0,0,0,0,0,0,0,0,0,71,71,8173,0,0,0,0,0,0,0,0,0
9201,8160,9999, ,Syracuse NY MSA,82,82,8261,2,4,102,2,7,96,1,70,3508,64,64,6628,1,2,52,1,4,40,1,70,3508
9201,8240,9999, ,Tallahassee FL MSA,125,125,8923,0,0,0,0,0,0,0,0,0,124,124,8844,0,0,0,0,0,0,0,0,0
9201,8280,9999, ,Tampa-St. Petersburg-Clearwater FL MSA,692,692,55762,4,8,248,0,0,0,7,100,3717,690,690,55429,4,8,248,0,0,0,5,87,3116
9201,8320,9999, ,Terre Haute IN MSA,3,3,208,1,2,104,0,0,0,0,0,0,1,1,72,1,2,104,0,0,0,0,0,0
9201,8360,9999, ,Texarkana TX-Texarkana AR MSA,6,6,424,0,0,0,0,0,0,0,0,0,6,6,424,0,0,0,0,0,0,0,0,0
9201,8400,9999, ,Toledo OH MSA,49,49,5760,1,2,192,0,0,0,0,0,0,47,47,5584,1,2,192,0,0,0,0,0,0
9201,8440,9999, ,Topeka KS MSA,36,36,3369,0,0,0,0,0,0,5,36,1034,36,36,3369,0,0,0,0,0,0,5,36,1034
9201,8520,9999, ,Tucson AZ MSA,270,270,28087,2,4,84,0,0,0,0,0,0,270,270,28087,2,4,84,0,0,0,0,0,0
9201,8560,9999, ,Tulsa OK MSA,177,177,17254,0,0,0,0,0,0,0,0,0,164,164,16437,0,0,0,0,0,0,0,0,0
9201,8600,9999, ,Tuscaloosa AL MSA,60,60,2714,0,0,0,1,4,117,0,0,0,60,60,2714,0,0,0,1,4,117,0,0,0
9201,8640,9999, ,Tyler TX MSA,14,14,2421,0,0,0,0,0,0,0,0,0,14,14,2421,0,0,0,0,0,0,0,0,0
9201,8680,9999, ,Utica-Rome NY MSA,9,9,855,0,0,0,0,0,0,0,0,0,6,6,555,0,0,0,0,0,0,0,0,0
9201,8750,9999, ,Victoria TX MSA,15,15,2047,0,0,0,0,0,0,0,0,0,15,15,2047,0,0,0,0,0,0,0,0,0
9201,8780,9999, ,Visalia-Tulare-Porterville CA MSA,108,108,10430,0,0,0,2,7,369,0,0,0,108,108,10430,0,0,0,2,7,369,0,0,0
9201,8800,9999, ,Waco TX MSA,7,7,702,0,0,0,0,0,0,0,0,0,3,3,160,0,0,0,0,0,0,0,0,0
9201,8840,9999, ,Washington DC-MD-VA MSA,1337,1337,115976,0,0,0,0,0,0,6,72,2254,1322,1322,115045,0,0,0,0,0,0,6,72,2254
9201,8880,9999, ,Waterbury CT MSA,25,25,1922,2,4,110,0,0,0,0,0,0,20,20,1437,2,4,110,0,0,0,0,0,0
9201,8920,9999, ,Waterloo-Cedar Falls IA MSA,8,8,922,0,0,0,0,0,0,8,62,1733,8,8,922,0,0,0,0,0,0,8,62,1733
9201,8940,9999, ,Wausau WI MSA,4,4,525,0,0,0,0,0,0,1,8,450,4,4,525,0,0,0,0,0,0,1,8,450
9201,8960,9999, ,West Palm Beach-Boca Raton-Delray Beach FL MSA,499,499,46440,1,2,105,3,10,275,6,104,3656,498,498,45292,1,2,105,3,10,275,6,104,3656
9201,9000,9999, ,Wheeling WV-OH MSA,2,2,95,0,0,0,0,0,0,0,0,0,1,1,70,0,0,0,0,0,0,0,0,0
9201,9040,9999, ,Wichita KS MSA,160,160,11365,0,0,0,0,0,0,0,0,0,154,154,11046,0,0,0,0,0,0,0,0,0
9201,9080,9999, ,Wichita Falls TX MSA,8,8,603,0,0,0,0,0,0,0,0,0,8,8,603,0,0,0,0,0,0,0,0,0
9201,9140,9999, ,Williamsport PA MSA,0,0,0,0,0,0,0,0,0,0,0,0,0,0,0,0,0,0,0,0,0,0,0,0
9201,9200,9999, ,Wilmington NC MSA,101,101,8708,0,0,0,0,0,0,1,8,430,101,101,8708,0,0,0,0,0,0,1,8,430
9201,9240,9999, ,Worcester MA MSA,51,51,4575,0,0,0,0,0,0,1,5,157,30,30,3053,0,0,0,0,0,0,0,0,0
9201,9260,9999, ,Yakima WA MSA,31,31,2417,1,2,76,2,7,239,0,0,0,31,31,2417,1,2,76,2,7,239,0,0,0
9201,9280,9999, ,York PA MSA,111,111,9352,5,10,300,0,0,0,0,0,0,108,108,9081,5,10,300,0,0,0,0,0,0
9201,9320,9999, ,Youngstown-Warren OH MSA,46,46,4691,2,4,190,1,4,272,3,24,1365,45,45,4625,2,4,190,1,4,272,3,24,1365
9201,9340,9999, ,Yuba City CA MSA,40,40,4110,2,4,333,0,0,0,0,0,0,17,17,1737,2,4,333,0,0,0,0,0,0
9201,9360,9999, ,Yuma AZ MSA,41,41,2843,0,0,0,0,0,0,0,0,0,41,41,2843,0,0,0,0,0,0,0,0,0
9201,1122,9999,,Boston-Lawrence-Salem MA-NH CMSA,405,405,46746,6,12,549,2,6,292,2,10,379,327,327,36360,3,6,214,1,3,157,0,0,0
9201,1282,9999,,Buffalo-Niagara Falls NY CMSA ,99,99,10608,4,8,461,1,3,130,0,0,0,61,61,6054,3,6,370,1,3,130,0,0,0
9201,1602,9999,,Chicago-Gary-Lake County IL-IN-WI CMSA,1171,1171,135813,10,20,1063,10,38,2653,16,183,6409,1126,1126,131136,10,20,1063,10,38,2653,14,170,5845
9201,1642,9999,,Cincinnati-Hamilton OH-KY-IN CMSA ,422,422,39098,4,8,271,0,0,0,14,285,11416,320,320,32332,3,6,177,0,0,0,12,271,11059
9201,1692,9999,,Cleveland-Akron-Lorain OH CMSA,309,309,37185,3,6,293,5,18,833,6,74,2383,243,243,31096,2,4,165,4,14,636,5,57,2009
9201,1922,9999,,Dallas-Fort Worth TX CMSA ,1402,1402,161809,3,6,567,0,0,0,1,8,457,1332,1332,148659,3,6,567,0,0,0,1,8,457
9201,2082,9999,,Denver-Boulder CO CMSA,561,561,70071,0,0,0,0,0,0,9,200,9533,548,548,68726,0,0,0,0,0,0,9,200,9533
9201,2162,9999,,Detroit-Ann Arbor MI CMSA ,542,542,54606,3,6,255,4,16,1312,13,112,3902,455,455,47689,1,2,122,4,16,1312,5,70,2850
9201,3282,9999,,Hartford-New Britain-Middletown CT CMSA ,107,107,11331,1,2,50,0,0,0,3,148,7650,98,98,10549,1,2,50,0,0,0,3,148,7650
9201,3362,9999,,Houston-Galveston-Brazoria TX CMSA,924,924,91679,0,0,0,0,0,0,1,7,191,860,860,85012,0,0,0,0,0,0,0,0,0
9201,4472,9999,,Los Angeles-Anaheim-Riverside CA CMSA ,1818,1818,246011,27,54,4772,29,101,8703,58,540,36751,1592,1592,214847,23,46,4097,26,92,8169,50,491,33523
9201,4992,9999,,Miami-Fort Lauderdale FL CMSA ,747,747,69543,12,24,971,3,12,438,13,368,14546,745,745,69380,12,24,971,2,8,273,13,368,14546
9201,5082,9999,,Milwaukee-Racine WI CMSA,224,224,26107,8,16,1294,2,6,278,12,85,3645,188,188,21381,7,14,1028,1,3,124,10,75,3322
9201,5602,9999,,New York-Northern New Jersey-Long Island NY-NJ-CT CMSA,1284,1284,130055,162,324,16931,7,21,1097,15,214,11604,1197,1197,120211,158,316,16399,7,21,1097,11,188,10191
9201,6162,9999,,Philadelphia-Wilmington-Trenton PA-NJ-DE-MD CMSA,904,904,75780,3,6,306,0,0,0,5,46,1582,764,764,63830,2,4,204,0,0,0,2,20,863
9201,6282,9999,,Pittsburgh-Beaver Valley PA CMSA,260,260,29547,3,6,261,0,0,0,3,26,1168,204,204,23593,3,6,261,0,0,0,1,6,196
9201,6442,9999,,Portland-Vancouver OR-WA CMSA ,627,627,65290,5,10,616,12,45,2289,11,142,4842,619,619,64429,5,10,616,12,45,2289,10,134,4547
9201,6482,9999,,Providence-Pawtucket-Fall River RI-MA CMSA,144,144,13592,8,16,456,1,4,117,3,101,967,127,127,11778,8,16,456,1,4,117,2,96,863
9201,7362,9999,,San Francisco-Oakland-San Jose CA CMSA,815,815,132105,8,16,1207,7,22,1853,11,77,5421,782,782,126834,8,16,1207,5,16,1245,9,58,4174
9201,7602,9999,,Seattle-Tacoma WA CMSA,911,911,97953,18,36,2271,7,27,1557,33,391,22604,843,843,91038,16,32,2054,6,24,1403,30,376,21849
