Survey,MSA/,PMSA,,MA,,1-unit,,,2-units,,,3-4 units,,,5+ units,,,1-unit rep,,,2-units rep,,,3-4 units rep,,,5+ units rep
Date,CMSA,,,Name,Bldgs,Units,Value,Bldgs,Units,Value,Bldgs,Units,Value,Bldgs,Units,Value,Bldgs,Units,Value,Bldgs,Units,Value,Bldgs,Units,Value,Bldgs,Units,Value

9309,0040,9999, ,Abilene TX MSA,21,21,2376,0,0,0,0,0,0,0,0,0,0,0,0,0,0,0,0,0,0,0,0,0
9309,0120,9999, ,Albany GA MSA,13,13,1030,9,18,647,4,14,548,0,0,0,13,13,1030,9,18,647,4,14,548,0,0,0
9309,0160,9999, ,Albany-Schenectady-Troy NY MSA,232,232,25355,7,14,554,0,0,0,3,33,795,199,199,21984,4,8,350,0,0,0,3,33,795
9309,0200,9999, ,Albuquerque NM MSA,360,360,31523,0,0,0,0,0,0,3,227,7400,298,298,28325,0,0,0,0,0,0,3,227,7400
9309,0220,9999, ,Alexandria LA MSA,5,5,424,0,0,0,0,0,0,0,0,0,5,5,424,0,0,0,0,0,0,0,0,0
9309,0240,9999, ,Allentown-Bethlehem-Easton PA MSA,190,190,20480,1,2,81,1,3,470,1,5,148,159,159,17448,1,2,81,1,3,470,0,0,0
9309,0280,9999, ,Altoona PA MSA,16,16,1624,0,0,0,0,0,0,0,0,0,15,15,1551,0,0,0,0,0,0,0,0,0
9309,0320,9999, ,Amarillo TX MSA,50,50,5251,0,0,0,0,0,0,0,0,0,50,50,5251,0,0,0,0,0,0,0,0,0
9309,0380,9999, ,Anchorage AK MSA,120,120,19019,1,2,256,0,0,0,0,0,0,120,120,19019,1,2,256,0,0,0,0,0,0
9309,0450,9999, ,Anniston AL MSA,20,20,1301,0,0,0,0,0,0,0,0,0,20,20,1301,0,0,0,0,0,0,0,0,0
9309,0460,9999, ,Appleton-Oshkosh-Neenah WI MSA,113,113,10689,6,12,619,1,3,84,8,111,2872,27,27,2584,2,4,243,0,0,0,4,69,2143
9309,0480,9999, ,Asheville NC MSA,66,66,6224,0,0,0,1,4,136,0,0,0,66,66,6224,0,0,0,1,4,136,0,0,0
9309,0500,9999, ,Athens GA MSA,40,40,4519,0,0,0,0,0,0,1,6,717,40,40,4519,0,0,0,0,0,0,1,6,717
9309,0520,9999, ,Atlanta GA MSA,2887,2887,259498,0,0,0,0,0,0,83,871,32061,2702,2702,248800,0,0,0,0,0,0,82,866,31865
9309,0600,9999, ,Augusta-Aiken GA-SC MSA,198,198,16614,0,0,0,0,0,0,0,0,0,177,177,14697,0,0,0,0,0,0,0,0,0
9309,0640,9999, ,Austin-San Marcos TX MSA,648,648,57962,1,2,100,0,0,0,0,0,0,632,632,56624,1,2,100,0,0,0,0,0,0
9309,0680,9999, ,Bakersfield CA MSA,276,276,25754,2,4,147,2,7,372,0,0,0,146,146,13960,1,2,75,1,4,236,0,0,0
9309,0730,9999, ,Bangor ME MSA,21,21,2021,0,0,0,0,0,0,0,0,0,18,18,1825,0,0,0,0,0,0,0,0,0
9309,0740,9999, ,Barnstable-Yarmouth MA MSA,99,99,10447,0,0,0,1,3,353,0,0,0,86,86,9103,0,0,0,1,3,353,0,0,0
9309,0760,9999, ,Baton Rouge LA MSA,142,142,10704,0,0,0,0,0,0,0,0,0,141,141,10631,0,0,0,0,0,0,0,0,0
9309,0840,9999, ,Beaumont-Port Arthur TX MSA,18,18,1597,0,0,0,0,0,0,0,0,0,18,18,1597,0,0,0,0,0,0,0,0,0
9309,0860,9999, ,Bellingham WA MSA,97,97,9353,5,10,652,2,6,418,3,30,1423,15,15,1506,0,0,0,0,0,0,0,0,0
9309,0870,9999, ,Benton Harbor MI MSA,9,9,927,0,0,0,0,0,0,0,0,0,6,6,586,0,0,0,0,0,0,0,0,0
9309,0880,9999, ,Billings MT MSA,48,48,4689,1,2,146,0,0,0,0,0,0,48,48,4689,1,2,146,0,0,0,0,0,0
9309,0920,9999, ,Biloxi-Gulfport-Pascagoula MS MSA,175,175,10547,0,0,0,0,0,0,0,0,0,155,155,9241,0,0,0,0,0,0,0,0,0
9309,0960,9999, ,Binghamton NY MSA,9,9,833,0,0,0,0,0,0,0,0,0,9,9,833,0,0,0,0,0,0,0,0,0
9309,1000,9999, ,Birmingham AL MSA,398,398,41488,1,2,70,1,3,35,2,14,998,279,279,31184,0,0,0,0,0,0,2,14,998
9309,1010,9999, ,Bismarck ND MSA,55,55,5503,0,0,0,1,4,140,1,12,928,55,55,5503,0,0,0,1,4,140,1,12,928
9309,1020,9999, ,Bloomington IN MSA,61,61,5624,4,8,404,0,0,0,0,0,0,61,61,5624,4,8,404,0,0,0,0,0,0
9309,1040,9999, ,Bloomington-Normal IL MSA,63,63,5624,1,2,60,3,12,300,0,0,0,63,63,5624,1,2,60,3,12,300,0,0,0
9309,1080,9999, ,Boise City ID MSA,407,407,39771,9,18,924,23,90,3538,7,53,1320,329,329,33878,9,18,924,22,87,3384,6,48,1130
9309,1122,1120, ,Boston MA-NH-ME-CT PMSA,1246,1246,142363,10,20,1464,1,4,326,8,71,3004,773,773,91241,6,12,1008,0,0,0,5,56,2500
9309,1122,1200, ,Brockton MA PMSA,75,75,6412,0,0,0,0,0,0,0,0,0,63,63,5371,0,0,0,0,0,0,0,0,0
9309,1122,5350, ,Nashua NH PMSA,54,54,5033,0,0,0,0,0,0,0,0,0,14,14,1603,0,0,0,0,0,0,0,0,0
9309,1240,9999, ,Brownsville-Harlingen-San Benito TX MSA,122,122,5800,1,2,81,0,0,0,0,0,0,119,119,5570,1,2,81,0,0,0,0,0,0
9309,1260,9999, ,Bryan-College Station TX MSA,71,71,6345,1,2,102,6,24,1006,0,0,0,71,71,6345,1,2,102,6,24,1006,0,0,0
9309,1280,9999, ,Buffalo-Niagara Falls NY MSA,264,264,31054,8,16,766,1,3,109,4,37,882,206,206,24602,6,12,605,0,0,0,1,12,300
9309,1305,9999, ,Burlington VT MSA,62,62,6337,0,0,0,1,3,128,1,5,114,39,39,4286,0,0,0,0,0,0,0,0,0
9309,1320,9999, ,Canton-Massillon OH MSA,79,79,9791,7,14,580,6,24,1092,1,5,352,77,77,9582,7,14,580,6,24,1092,1,5,352
9309,1350,9999, ,Casper WY MSA,7,7,654,0,0,0,0,0,0,0,0,0,7,7,654,0,0,0,0,0,0,0,0,0
9309,1360,9999, ,Cedar Rapids IA MSA,78,78,6962,1,2,152,1,3,200,3,24,454,76,76,6846,1,2,152,1,3,200,3,24,454
9309,1400,9999, ,Champaign-Urbana IL MSA,2,2,235,0,0,0,0,0,0,0,0,0,2,2,235,0,0,0,0,0,0,0,0,0
9309,1440,9999, ,Charleston-North Charleston SC MSA,187,187,18364,0,0,0,0,0,0,1,5,179,142,142,14478,0,0,0,0,0,0,0,0,0
9309,1480,9999, ,Charleston WV MSA,180,180,13721,0,0,0,0,0,0,1,6,100,180,180,13721,0,0,0,0,0,0,1,6,100
9309,1520,9999, ,Charlotte-Gastonia-Rock Hill NC-SC MSA,789,789,74895,5,10,472,0,0,0,7,84,2333,350,350,29756,3,6,256,0,0,0,0,0,0
9309,1540,9999, ,Charlottesville VA MSA,56,56,6907,1,2,120,0,0,0,1,15,600,53,53,6789,1,2,120,0,0,0,0,0,0
9309,1560,9999, ,Chattanooga TN-GA MSA,127,127,10705,1,2,78,0,0,0,0,0,0,126,126,10640,1,2,78,0,0,0,0,0,0
9309,1580,9999, ,Cheyenne WY MSA,21,21,1985,0,0,0,0,0,0,0,0,0,21,21,1985,0,0,0,0,0,0,0,0,0
9309,1602,1600, ,Chicago IL PMSA,2270,2270,276522,29,58,4012,32,112,7663,33,269,18692,2028,2028,247631,21,42,3099,32,112,7663,30,254,18158
9309,1602,2960, ,Gary IN PMSA,223,223,24775,2,4,229,4,13,1064,2,13,390,220,220,24392,2,4,229,4,13,1064,2,13,390
9309,1602,3740, ,Kankakee IL PMSA,29,29,3116,1,2,110,0,0,0,0,0,0,28,28,3031,1,2,110,0,0,0,0,0,0
9309,1602,3800, ,Kenosha WI PMSA,56,56,5519,0,0,0,1,4,75,0,0,0,56,56,5519,0,0,0,1,4,75,0,0,0
9309,1620,9999, ,Chico-Paradise CA MSA,66,66,6640,1,2,91,0,0,0,0,0,0,66,66,6640,1,2,91,0,0,0,0,0,0
9309,1642,1640, ,Cincinnati OH-KY-IN PMSA,679,679,69074,12,24,1169,7,22,873,20,289,12230,600,600,62436,11,22,1079,6,19,828,16,256,11083
9309,1642,3200, ,Hamilton-Middletown OH PMSA,133,133,12041,3,6,296,1,3,113,0,0,0,18,18,1957,0,0,0,0,0,0,0,0,0
9309,1660,9999, ,Clarksville-Hopkinsville TN-KY MSA,186,186,10092,0,0,0,5,20,450,1,8,175,186,186,10092,0,0,0,5,20,450,1,8,175
9309,1692,0080, ,Akron OH PMSA,226,226,27088,5,10,569,5,18,807,6,104,3240,125,125,14075,2,4,295,4,15,678,0,0,0
9309,1692,1680, ,Cleveland-Lorain-Elyria OH PMSA,520,520,71109,12,24,1414,7,24,1307,6,41,1431,330,330,46058,5,10,620,4,15,1051,1,12,380
9309,1720,9999, ,Colorado Springs CO MSA,315,315,26766,0,0,0,0,0,0,0,0,204,315,315,26766,0,0,0,0,0,0,0,0,204
9309,1740,9999, ,Columbia MO MSA,123,123,11868,21,42,1974,1,4,97,0,0,0,123,123,11868,21,42,1974,1,4,97,0,0,0
9309,1760,9999, ,Columbia SC MSA,251,251,19265,0,0,0,0,0,0,0,0,0,249,249,19174,0,0,0,0,0,0,0,0,0
9309,1800,9999, ,Columbus GA-AL MSA,86,86,6330,3,6,245,0,0,0,0,0,0,86,86,6330,3,6,245,0,0,0,0,0,0
9309,1840,9999, ,Columbus OH MSA,717,717,83598,20,40,2681,18,70,1851,21,198,4846,497,497,63889,11,22,1728,1,3,500,4,52,1333
9309,1880,9999, ,Corpus Christi TX MSA,78,78,7424,0,0,0,0,0,0,0,0,0,78,78,7424,0,0,0,0,0,0,0,0,0
9309,1900,9999, ,Cumberland MD-WV MSA,26,26,1604,0,0,0,0,0,0,0,0,0,26,26,1604,0,0,0,0,0,0,0,0,0
9309,1922,1920, ,Dallas TX PMSA,1382,1382,171359,1,2,52,2,8,100,34,505,17832,1355,1355,167471,0,0,0,2,8,100,34,505,17832
9309,1922,2800, ,Fort Worth-Arlington TX PMSA,548,548,62101,0,0,0,0,0,0,0,0,0,454,454,43499,0,0,0,0,0,0,0,0,0
9309,1950,9999, ,Danville VA MSA,38,38,3247,0,0,0,1,3,75,0,0,0,10,10,1249,0,0,0,0,0,0,0,0,0
9309,1960,9999, ,Davenport-Moline-Rock Island IA-IL MSA,71,71,8015,0,0,0,1,3,251,0,0,0,60,60,6477,0,0,0,0,0,0,0,0,0
9309,2000,9999, ,Dayton-Springfield OH MSA,235,235,24494,5,10,646,2,6,396,3,54,1874,172,172,16836,4,8,566,2,6,396,1,15,383
9309,2020,9999, ,Daytona Beach FL MSA,302,302,23088,1,2,136,0,0,0,0,0,0,258,258,20074,1,2,136,0,0,0,0,0,0
9309,2030,9999, ,Decatur Al MSA,42,42,3425,0,0,0,0,0,0,0,0,0,0,0,0,0,0,0,0,0,0,0,0,0
9309,2040,9999, ,Decatur IL MSA,15,15,1876,0,0,0,0,0,0,0,0,0,15,15,1876,0,0,0,0,0,0,0,0,0
9309,2082,1125, ,Boulder-Longmont CO PMSA,235,235,25440,0,0,0,0,0,0,1,7,408,233,233,25298,0,0,0,0,0,0,1,7,408
9309,2082,2080, ,Denver CO PMSA,893,893,111774,3,6,867,0,0,0,24,178,10112,844,844,104281,3,6,867,0,0,0,24,178,10112
9309,2082,3060, ,Greeley CO PMSA,81,81,6515,3,6,188,0,0,0,0,0,0,72,72,5933,3,6,188,0,0,0,0,0,0
9309,2120,9999, ,Des Moines IA MSA,201,201,23458,1,2,100,0,0,0,1,6,161,183,183,21797,1,2,100,0,0,0,0,0,0
9309,2162,0440, ,Ann Arbor MI PMSA,278,278,30898,2,4,273,1,3,242,2,16,544,237,237,27296,2,4,273,1,3,242,1,10,300
9309,2162,2160, ,Detroit MI PMSA,1215,1215,129808,15,30,2047,7,27,1802,24,560,19927,1028,1028,112561,14,28,1948,5,20,1301,14,467,17259
9309,2162,2640, ,Flint MI PMSA,93,93,9596,0,0,0,0,0,0,2,11,354,72,72,7292,0,0,0,0,0,0,1,6,226
9309,2180,9999, ,Dothan AL MSA,30,30,1869,2,4,60,0,0,0,0,0,0,28,28,1709,2,4,60,0,0,0,0,0,0
9309,2190,9999, ,Dover DE MSA,80,80,5397,0,0,0,0,0,0,0,0,0,80,80,5397,0,0,0,0,0,0,0,0,0
9309,2200,9999, ,Dubuque IA MSA,27,27,2860,2,4,224,2,8,460,0,0,0,24,24,2616,2,4,224,2,8,460,0,0,0
9309,2240,9999, ,Duluth-Superior MN-WI MSA,55,55,5581,2,4,145,0,0,0,1,5,135,38,38,4077,0,0,0,0,0,0,0,0,0
9309,2290,9999, ,Eau Claire WI MSA,46,46,4752,3,6,315,9,36,1484,3,18,630,21,21,2447,3,6,315,9,36,1484,2,11,480
9309,2320,9999, ,El Paso TX MSA,207,207,11931,4,8,316,0,0,0,10,68,1111,206,206,11904,4,8,316,0,0,0,10,68,1111
9309,2330,9999, ,Elkhart-Goshen IN MSA,70,70,6518,0,0,0,0,0,0,1,36,792,70,70,6518,0,0,0,0,0,0,1,36,792
9309,2335,9999, ,Elmira NY MSA,0,0,0,0,0,0,0,0,0,0,0,0,0,0,0,0,0,0,0,0,0,0,0,0
9309,2340,9999, ,Enid OK MSA,7,7,358,0,0,0,0,0,0,0,0,0,7,7,358,0,0,0,0,0,0,0,0,0
9309,2360,9999, ,Erie PA MSA,33,33,3649,2,4,236,1,4,80,1,8,250,33,33,3649,2,4,236,1,4,80,1,8,250
9309,2400,9999, ,Eugene-Springfield OR MSA,109,109,11024,0,0,0,1,3,151,1,12,441,18,18,1635,0,0,0,0,0,0,0,0,0
9309,2440,9999, ,Evansville-Henderson IN-KY MSA,104,104,9510,1,2,100,0,0,0,0,0,0,97,97,9016,1,2,100,0,0,0,0,0,0
9309,2520,9999, ,Fargo-Moorhead ND-MN MSA,111,111,9880,0,0,0,2,8,366,5,112,2465,111,111,9880,0,0,0,2,8,366,5,112,2465
9309,2560,9999, ,Fayetteville NC MSA,113,113,4449,0,0,0,2,8,346,5,102,3473,113,113,4449,0,0,0,2,8,346,5,102,3473
9309,2580,9999, ,Fayetteville-Springdale-Rogers AR MSA,109,109,7710,53,106,4463,2,8,339,3,24,818,108,108,7651,53,106,4463,2,8,339,3,24,818
9309,2650,9999, ,Florence AL MSA,14,14,763,0,0,0,0,0,0,0,0,0,14,14,763,0,0,0,0,0,0,0,0,0
9309,2655,9999, ,Florence SC MSA,46,46,3836,1,2,43,1,3,40,0,0,0,0,0,0,0,0,0,0,0,0,0,0,0
9309,2670,9999, ,Fort Collins-Loveland CO MSA,198,198,20003,2,4,438,0,0,0,1,6,195,160,160,17290,1,2,320,0,0,0,1,6,195
9309,2700,9999, ,Fort Myers-Cape Coral FL MSA,353,353,32481,4,8,578,6,24,1679,6,100,15254,353,353,32481,4,8,578,6,24,1679,6,100,15254
9309,2710,9999, ,Fort Pierce-Port St. Lucie FL MSA,254,254,35191,31,62,3426,0,0,0,4,35,3121,254,254,35191,31,62,3426,0,0,0,4,35,3121
9309,2720,9999, ,Fort Smith AR-OK MSA,46,46,3624,6,12,440,1,4,140,0,0,0,46,46,3624,6,12,440,1,4,140,0,0,0
9309,2750,9999, ,Fort Walton Beach FL MSA,127,127,8251,0,0,0,1,4,110,0,0,0,127,127,8251,0,0,0,1,4,110,0,0,0
9309,2760,9999, ,Fort Wayne IN MSA,216,216,27521,0,0,0,0,0,0,0,0,0,216,216,27521,0,0,0,0,0,0,0,0,0
9309,2840,9999, ,Fresno CA MSA,369,369,37079,2,4,176,1,3,155,14,72,2838,363,363,36441,2,4,176,0,0,0,14,72,2838
9309,2880,9999, ,Gadsden AL MSA,5,5,358,0,0,0,0,0,0,0,0,0,5,5,358,0,0,0,0,0,0,0,0,0
9309,2900,9999, ,Gainesville FL MSA,115,115,9645,0,0,0,0,0,0,10,81,3440,36,36,3021,0,0,0,0,0,0,0,0,0
9309,2975,9999, ,Glens Falls NY MSA,22,22,3403,0,0,0,0,0,0,0,0,0,22,22,3403,0,0,0,0,0,0,0,0,0
9309,2980,9999, ,Goldsboro NC MSA,4,4,380,1,2,31,0,0,0,1,5,155,4,4,380,1,2,31,0,0,0,1,5,155
9309,2985,9999, ,Grand Forks ND-MN MSA,30,30,2792,0,0,0,2,8,480,3,44,1187,30,30,2792,0,0,0,2,8,480,3,44,1187
9309,3000,9999, ,Grand Rapids-Muskegon-Holland MI MSA,379,379,35124,6,12,761,1,4,209,2,11,294,278,278,26180,3,6,302,0,0,0,0,0,0
9309,3040,9999, ,Great Falls MT MSA,7,7,736,0,0,0,0,0,0,0,0,0,7,7,736,0,0,0,0,0,0,0,0,0
9309,3080,9999, ,Green Bay WI MSA,55,55,6113,5,10,621,0,0,0,9,64,2654,55,55,6113,5,10,621,0,0,0,9,64,2654
9309,3120,9999, ,Greensboro--Winston-Salem--High Point NC MSA,569,569,47125,4,8,322,1,4,87,8,100,2939,569,569,47125,4,8,322,1,4,87,8,100,2939
9309,3150,9999, ,Greenville NC MSA,70,70,6824,0,0,0,0,0,0,0,0,0,70,70,6824,0,0,0,0,0,0,0,0,0
9309,3160,9999, ,Greenville-Spartanburg-Anderson SC MSA,371,371,30596,2,4,100,1,3,70,2,13,426,359,359,29530,2,4,100,0,0,0,0,0,0
9309,3240,9999, ,Harrisburg-Lebanon-Carlisle PA MSA,181,181,15595,0,0,0,1,4,82,0,0,0,128,128,11611,0,0,0,1,4,82,0,0,0
9309,3280,9999, ,Hartford CT MSA,271,271,26814,1,2,137,1,3,127,1,9,477,227,227,23000,0,0,0,1,3,127,0,0,0
9309,3290,9999, ,Hickory-Morganton NC MSA,87,87,9306,4,8,253,0,0,0,3,25,588,64,64,7644,3,6,231,0,0,0,3,25,588
9309,3320,9999, ,Honolulu HI MSA,148,148,24482,2,4,590,0,0,0,19,324,16483,148,148,24482,2,4,590,0,0,0,19,324,16483
9309,3350,9999, ,Houma LA MSA,47,47,3476,1,2,70,0,0,0,0,0,0,47,47,3476,1,2,70,0,0,0,0,0,0
9309,3362,1145, ,Brazoria TX PMSA,116,116,10429,0,0,0,0,0,0,0,0,0,110,110,10089,0,0,0,0,0,0,0,0,0
9309,3362,2920, ,Galveston-Texas City TX PMSA,118,118,11620,0,0,0,1,4,182,0,0,0,85,85,6711,0,0,0,1,4,182,0,0,0
9309,3362,3360, ,Houston TX PMSA,828,828,85972,1,2,228,0,0,0,23,411,11510,803,803,81913,1,2,228,0,0,0,22,400,11240
9309,3400,9999, ,Huntington-Ashland WV-KY-OH MSA,20,20,1370,0,0,0,0,0,0,0,0,0,14,14,984,0,0,0,0,0,0,0,0,0
9309,3440,9999, ,Huntsville AL MSA,101,101,4842,0,0,0,0,0,0,14,112,2832,101,101,4842,0,0,0,0,0,0,14,112,2832
9309,3480,9999, ,Indianapolis IN MSA,840,840,101536,16,32,1525,2,7,365,1,5,138,693,693,81805,14,28,1328,2,7,365,0,0,0
9309,3500,9999, ,Iowa City IA MSA,77,77,8952,0,0,0,2,8,480,2,16,700,77,77,8952,0,0,0,2,8,480,2,16,700
9309,3520,9999, ,Jackson MI MSA,19,19,2007,0,0,0,0,0,0,1,68,3411,15,15,1811,0,0,0,0,0,0,1,68,3411
9309,3560,9999, ,Jackson MS MSA,167,167,15044,0,0,0,0,0,0,5,25,546,146,146,13280,0,0,0,0,0,0,5,25,546
9309,3600,9999, ,Jacksonville FL MSA,575,575,54317,5,10,749,6,24,634,0,0,0,575,575,54317,5,10,749,6,24,634,0,0,0
9309,3605,9999, ,Jacksonville NC MSA,55,55,2797,1,2,28,0,0,0,0,0,0,55,55,2797,1,2,28,0,0,0,0,0,0
9309,3610,9999, ,Jamestown NY MSA,3,3,256,0,0,0,0,0,0,0,0,0,3,3,256,0,0,0,0,0,0,0,0,0
9309,3620,9999, ,Janesville-Beloit WI MSA,14,14,1145,5,10,570,1,4,125,0,0,0,14,14,1145,5,10,570,1,4,125,0,0,0
9309,3660,9999, ,Johnson City-Kingsport-Bristol TN-VA MSA,84,84,6546,4,8,359,1,4,152,5,64,1177,62,62,4692,4,8,359,1,4,152,3,46,692
9309,3680,9999, ,Johnstown PA MSA,12,12,1209,0,0,0,0,0,0,0,0,0,8,8,936,0,0,0,0,0,0,0,0,0
9309,3710,9999, ,Joplin MO MSA,11,11,1004,14,28,1613,0,0,0,3,48,760,11,11,1004,14,28,1613,0,0,0,3,48,760
9309,3720,9999, ,Kalamazoo-Battle Creek MI MSA,72,72,9405,0,0,0,0,0,0,1,60,966,59,59,8566,0,0,0,0,0,0,1,60,966
9309,3760,9999, ,Kansas City MO-KS MSA,782,782,84253,9,18,1005,6,24,675,9,100,3752,732,732,80751,8,16,815,6,24,675,8,93,3391
9309,3810,9999, ,Killeen-Temple TX MSA,183,183,14684,1,2,85,0,0,0,0,0,0,183,183,14684,1,2,85,0,0,0,0,0,0
9309,3840,9999, ,Knoxville TN MSA,329,329,23373,4,8,312,1,4,252,2,12,395,313,313,21590,4,8,312,1,4,252,2,12,395
9309,3850,9999, ,Kokomo IN MSA,20,20,3022,3,6,731,0,0,0,0,0,0,20,20,3022,3,6,731,0,0,0,0,0,0
9309,3870,9999, ,La Crosse WI-MN MSA,34,34,3778,1,2,50,0,0,0,0,0,0,34,34,3778,1,2,50,0,0,0,0,0,0
9309,3880,9999, ,Lafayette LA MSA,92,92,7448,0,0,0,0,0,0,0,0,0,89,89,7296,0,0,0,0,0,0,0,0,0
9309,3920,9999, ,Lafayette IN MSA,50,50,5056,0,0,0,0,0,0,0,0,0,50,50,5056,0,0,0,0,0,0,0,0,0
9309,3960,9999, ,Lake Charles LA MSA,62,62,5099,1,2,50,0,0,0,0,0,0,62,62,5099,1,2,50,0,0,0,0,0,0
9309,3980,9999, ,Lakeland-Winter Haven FL MSA,220,220,14341,1,2,56,0,0,0,0,0,0,216,216,14168,1,2,56,0,0,0,0,0,0
9309,4000,9999, ,Lancaster PA MSA,109,109,10181,0,0,0,0,0,0,2,16,440,83,83,8077,0,0,0,0,0,0,2,16,440
9309,4040,9999, ,Lansing-East Lansing MI MSA,129,129,12617,0,0,0,0,0,0,0,0,0,115,115,11317,0,0,0,0,0,0,0,0,0
9309,4080,9999, ,Laredo TX MSA,78,78,4245,0,0,0,3,12,274,6,60,1420,0,0,0,0,0,0,0,0,0,0,0,0
9309,4100,9999, ,Las Cruces NM MSA,69,69,5961,0,0,0,0,0,0,0,0,0,69,69,5961,0,0,0,0,0,0,0,0,0
9309,4120,9999, ,Las Vegas NV-AZ MSA,1672,1672,114231,2,4,209,5,20,1154,39,321,9171,1657,1657,112956,2,4,209,4,16,986,38,303,8587
9309,4150,9999, ,Lawrence KS MSA,42,42,4040,19,38,2220,0,0,0,0,0,0,42,42,4040,19,38,2220,0,0,0,0,0,0
9309,4200,9999, ,Lawton OK MSA,18,18,1662,0,0,0,0,0,0,0,0,0,18,18,1662,0,0,0,0,0,0,0,0,0
9309,4240,9999, ,Lewiston-Auburn ME MSA,15,15,1149,0,0,0,0,0,0,0,0,0,4,4,404,0,0,0,0,0,0,0,0,0
9309,4280,9999, ,Lexington KY MSA,277,277,24463,20,40,1392,0,0,0,5,47,645,251,251,22531,20,40,1392,0,0,0,5,47,645
9309,4320,9999, ,Lima OH MSA,25,25,3354,5,10,400,0,0,0,1,5,179,22,22,3127,5,10,400,0,0,0,0,0,0
9309,4360,9999, ,Lincoln NE MSA,86,86,10217,2,4,160,1,4,185,16,204,4300,86,86,10217,2,4,160,1,4,185,16,204,4300
9309,4400,9999, ,Little Rock-North Little Rock AR MSA,185,185,19400,4,8,136,3,12,315,0,0,0,182,182,19256,4,8,136,3,12,315,0,0,0
9309,4420,9999, ,Longview-Marshall TX MSA,14,14,1267,0,0,0,0,0,0,0,0,0,3,3,150,0,0,0,0,0,0,0,0,0
9309,4472,4480, ,Los Angeles-Long Beach CA PMSA,411,411,61395,5,10,930,7,25,1627,10,127,8935,320,320,45038,3,6,687,5,19,1195,6,104,7367
9309,4472,5945, ,Orange County CA PMSA,249,249,38711,3,6,678,6,22,1699,15,135,10914,249,249,38711,3,6,678,6,22,1699,15,135,10914
9309,4472,6780, ,Riverside-San Bernardino CA PMSA,948,948,109474,2,4,212,1,3,177,3,36,440,940,940,108767,2,4,212,0,0,0,3,36,440
9309,4472,8735, ,Ventura CA PMSA,98,98,18306,0,0,0,0,0,0,0,0,0,98,98,18306,0,0,0,0,0,0,0,0,0
9309,4520,9999, ,Louisville KY-IN MSA,425,425,42913,6,12,1176,1,4,200,2,42,1800,378,378,39627,5,10,1120,1,4,200,2,42,1800
9309,4600,9999, ,Lubbock TX MSA,77,77,8852,0,0,0,0,0,0,0,0,0,76,76,8790,0,0,0,0,0,0,0,0,0
9309,4640,9999, ,Lynchburg VA MSA,88,88,8376,1,2,60,1,4,106,1,8,200,76,76,7106,0,0,0,1,4,106,1,8,200
9309,4680,9999, ,Macon GA MSA,125,125,4942,0,0,0,0,0,0,0,0,0,125,125,4942,0,0,0,0,0,0,0,0,0
9309,4720,9999, ,Madison WI MSA,187,187,20259,12,24,1528,2,7,382,6,70,3191,164,164,17467,9,18,1153,2,7,382,4,54,2727
9309,4800,9999, ,Mansfield OH MSA,19,19,1986,1,2,80,3,12,620,0,0,0,19,19,1986,1,2,80,3,12,620,0,0,0
9309,4880,9999, ,McAllen-Edinburg-Mission TX MSA,107,107,6300,3,6,162,2,6,93,3,22,689,17,17,733,1,2,62,0,0,0,0,0,0
9309,4890,9999, ,Medford-Ashland OR MSA,90,90,10326,1,2,115,1,4,183,0,0,0,46,46,5594,0,0,0,0,0,0,0,0,0
9309,4900,9999, ,Melbourne-Titusville-Palm Bay FL MSA,312,312,31899,0,0,0,0,0,0,1,28,1700,311,311,31775,0,0,0,0,0,0,1,28,1700
9309,4920,9999, ,Memphis TN-AR-MS MSA,646,646,64869,1,2,18,0,0,0,35,352,7352,639,639,64540,1,2,18,0,0,0,35,352,7352
9309,4940,9999, ,Merced CA MSA,155,155,13526,0,0,0,0,0,0,0,0,0,155,155,13526,0,0,0,0,0,0,0,0,0
9309,4992,2680, ,Fort Lauderdale FL PMSA,908,908,102324,2,4,368,0,0,0,7,273,14087,902,902,101904,2,4,368,0,0,0,6,268,13888
9309,4992,5000, ,Miami FL PMSA,354,354,32288,4,8,351,1,4,245,5,121,6139,342,342,30885,4,8,351,1,4,245,5,121,6139
9309,5082,5080, ,Milwaukee-Waukesha WI PMSA,382,382,47368,13,26,2071,1,4,191,21,307,14002,313,313,37496,11,22,1838,1,4,191,18,286,13222
9309,5082,6600, ,Racine WI PMSA,50,50,5351,2,4,235,0,0,0,3,18,582,7,7,904,0,0,0,0,0,0,0,0,0
9309,5120,9999, ,Minneapolis-St. Paul MN-WI MSA,1546,1546,174092,8,16,2379,7,26,1397,27,420,19009,1419,1419,162236,8,16,2379,5,20,1126,24,397,17857
9309,5160,9999, ,Mobile AL MSA,70,70,6670,1,2,147,0,0,0,0,0,0,59,59,5788,1,2,147,0,0,0,0,0,0
9309,5170,9999, ,Modesto CA MSA,147,147,13365,1,2,91,0,0,0,0,0,0,147,147,13365,1,2,91,0,0,0,0,0,0
9309,5200,9999, ,Monroe LA MSA,40,40,4194,0,0,0,0,0,0,0,0,0,40,40,4194,0,0,0,0,0,0,0,0,0
9309,5240,9999, ,Montgomery AL MSA,100,100,7389,0,0,0,1,4,130,0,0,0,100,100,7389,0,0,0,1,4,130,0,0,0
9309,5280,9999, ,Muncie IN MSA,19,19,1625,0,0,0,2,8,420,0,0,0,19,19,1625,0,0,0,2,8,420,0,0,0
9309,5330,9999, ,Myrtle Beach SC MSA,105,105,8803,0,0,0,0,0,0,9,104,7452,105,105,8803,0,0,0,0,0,0,9,104,7452
9309,5345,9999, ,Naples FL MSA,171,171,19359,2,4,274,8,32,2400,12,224,26846,171,171,19359,2,4,274,8,32,2400,12,224,26846
9309,5360,9999, ,Nashville TN MSA,663,663,62217,0,0,0,1,3,41,1,5,114,641,641,60266,0,0,0,1,3,41,0,0,0
9309,5520,9999, ,New London-Norwich CT-RI MSA,46,46,4331,0,0,0,0,0,0,0,0,0,43,43,4071,0,0,0,0,0,0,0,0,0
9309,5560,9999, ,New Orleans LA MSA,327,327,27060,8,16,360,0,0,0,1,156,5058,315,315,26078,8,16,360,0,0,0,1,156,5058
9309,5602,1160, ,Bridgeport CT PMSA,71,71,6714,0,0,0,0,0,0,0,0,0,68,68,6522,0,0,0,0,0,0,0,0,0
9309,5602,1930, ,Danbury CT PMSA,77,77,11145,1,2,85,0,0,0,0,0,0,77,77,11145,1,2,85,0,0,0,0,0,0
9309,5602,2281, ,Dutchess County NY PMSA,55,55,5718,0,0,0,0,0,0,3,16,707,24,24,2163,0,0,0,0,0,0,0,0,0
9309,5602,5480, ,New Haven-Meriden CT PMSA,99,99,9823,1,2,78,0,0,0,1,5,400,97,97,9613,0,0,0,0,0,0,0,0,0
9309,5602,5600, ,New York-Newark NY-NJ-PA PMSA,2032,2032,199617,136,272,15735,40,123,6573,23,239,11065,1745,1745,168360,131,262,15067,40,123,6573,18,210,9828
9309,5602,5950, ,Orange County NY PMSA,71,71,7291,1,2,141,1,4,169,1,5,163,51,51,5515,1,2,141,0,0,0,0,0,0
9309,5602,8040, ,Stamford-Norwalk CT PMSA,39,39,10052,1,2,238,0,0,0,0,0,0,35,35,9306,1,2,238,0,0,0,0,0,0
9309,5602,8480, ,Trenton NJ PMSA,53,53,4624,0,0,0,0,0,0,0,0,0,39,39,3174,0,0,0,0,0,0,0,0,0
9309,5720,9999, ,Norfolk-Virginia Beach-Newport News VA-NC MSA,679,679,59420,3,6,210,6,18,820,6,58,2862,629,629,55307,2,4,171,6,18,820,6,58,2862
9309,5790,9999, ,Ocala FL MSA,236,236,11749,2,4,80,0,0,0,0,0,0,236,236,11749,2,4,80,0,0,0,0,0,0
9309,5800,9999, ,Odessa-Midland TX MSA,35,35,4305,0,0,0,0,0,0,0,0,0,35,35,4305,0,0,0,0,0,0,0,0,0
9309,5880,9999, ,Oklahoma City OK MSA,343,343,34493,1,2,123,0,0,0,0,0,0,332,332,33015,1,2,123,0,0,0,0,0,0
9309,5920,9999, ,Omaha NE-IA MSA,257,257,20481,6,12,778,0,0,0,4,84,3567,235,235,19033,6,12,778,0,0,0,4,84,3567
9309,5960,9999, ,Orlando FL MSA,1303,1303,117416,4,8,494,0,0,0,65,539,23771,1293,1293,116275,3,6,415,0,0,0,65,539,23771
9309,5990,9999, ,Owensboro KY MSA,31,31,1858,0,0,0,0,0,0,0,0,0,14,14,895,0,0,0,0,0,0,0,0,0
9309,6015,9999, ,Panama City FL MSA,80,80,4733,2,4,143,0,0,0,1,6,375,80,80,4733,2,4,143,0,0,0,1,6,375
9309,6020,9999, ,Parkersburg-Marietta WV-OH MSA,8,8,837,0,0,0,0,0,0,0,0,0,3,3,196,0,0,0,0,0,0,0,0,0
9309,6080,9999, ,Pensacola FL MSA,252,252,22146,2,4,171,0,0,0,0,0,0,252,252,22146,2,4,171,0,0,0,0,0,0
9309,6120,9999, ,Peoria-Pekin IL MSA,76,76,8388,1,2,152,0,0,0,8,96,2750,51,51,5760,0,0,0,0,0,0,8,96,2750
9309,6162,0560, ,Atlantic-Cape May NJ PMSA,73,73,6272,1,2,114,0,0,0,0,0,0,71,71,6107,1,2,114,0,0,0,0,0,0
9309,6162,6160, ,Philadelphia PA-NJ PMSA,1211,1211,112349,4,8,438,3,11,1964,12,104,6649,923,923,85749,0,0,0,2,8,1805,7,72,4729
9309,6162,8760, ,Vineland-Millville-Bridgeton NJ PMSA,29,29,2231,0,0,0,0,0,0,0,0,0,24,24,1781,0,0,0,0,0,0,0,0,0
9309,6162,9160, ,Wilmington-Newark DE-MD PMSA,269,269,15698,0,0,0,0,0,0,1,21,1515,35,35,3260,0,0,0,0,0,0,0,0,0
9309,6200,9999, ,Phoenix-Mesa AZ MSA,2377,2377,264164,13,26,1979,5,18,1307,6,50,2372,2375,2375,263923,13,26,1979,5,18,1307,6,50,2372
9309,6240,9999, ,Pine Bluff AR MSA,7,7,237,0,0,0,0,0,0,0,0,0,7,7,237,0,0,0,0,0,0,0,0,0
9309,6280,9999, ,Pittsburgh PA MSA,499,499,55156,5,10,735,4,15,660,2,15,798,308,308,33568,2,4,556,3,12,390,2,15,798
9309,6320,9999, ,Pittsfield MA MSA,1,1,82,0,0,0,0,0,0,0,0,0,0,0,0,0,0,0,0,0,0,0,0,0
9309,6400,9999, ,Portland ME MSA,100,100,10130,1,2,65,0,0,0,0,0,0,71,71,7360,1,2,65,0,0,0,0,0,0
9309,6442,6440, ,Portland-Vancouver OR-WA PMSA,891,891,100869,17,34,2022,9,35,2407,38,360,16523,859,859,97925,16,32,1909,9,35,2407,38,360,16523
9309,6442,7080, ,Salem OR PMSA,119,119,12494,5,10,483,1,4,150,2,13,520,103,103,10927,4,8,376,1,4,150,1,8,318
9309,6480,9999, ,Providence-Fall River-Warwick RI-MA MSA,290,290,30813,1,2,124,0,0,0,0,0,0,233,233,25711,1,2,124,0,0,0,0,0,0
9309,6520,9999, ,Provo-Orem UT MSA,245,245,21021,10,20,1369,5,20,827,5,64,2020,245,245,21021,10,20,1369,5,20,827,5,64,2020
9309,6560,9999, ,Pueblo CO MSA,28,28,3289,0,0,0,0,0,0,0,0,0,28,28,3289,0,0,0,0,0,0,0,0,0
9309,6580,9999, ,Punta Gorda FL MSA,91,91,8126,4,8,336,0,0,0,1,6,575,91,91,8126,4,8,336,0,0,0,1,6,575
9309,6640,9999, ,Raliegh-Durham-Chapel Hill NC MSA,811,811,87200,0,0,0,0,0,0,8,117,4097,616,616,67417,0,0,0,0,0,0,5,80,2540
9309,6660,9999, ,Rapid City SD MSA,30,30,2439,0,0,0,0,0,0,0,0,0,30,30,2439,0,0,0,0,0,0,0,0,0
9309,6680,9999, ,Reading PA MSA,54,54,4523,0,0,0,0,0,0,1,5,325,35,35,3107,0,0,0,0,0,0,0,0,0
9309,6690,9999, ,Redding CA MSA,113,113,10570,0,0,0,10,40,2071,0,0,0,113,113,10570,0,0,0,10,40,2071,0,0,0
9309,6720,9999, ,Reno NV MSA,320,320,30820,0,0,0,2,8,310,0,0,0,320,320,30820,0,0,0,2,8,310,0,0,0
9309,6740,9999, ,Richland-Kennewick-Pasco WA MSA,93,93,10080,0,0,0,0,0,0,0,0,0,69,69,7440,0,0,0,0,0,0,0,0,0
9309,6760,9999, ,Richmond-Petersburg VA MSA,515,515,41203,1,2,87,0,0,0,10,92,3693,464,464,37399,1,2,87,0,0,0,10,92,3693
9309,6800,9999, ,Roanoke VA MSA,49,49,2718,1,2,73,0,0,0,0,0,0,41,41,2353,0,0,0,0,0,0,0,0,0
9309,6820,9999, ,Rochester MN MSA,60,60,6539,0,0,0,0,0,0,0,0,0,60,60,6539,0,0,0,0,0,0,0,0,0
9309,6840,9999, ,Rochester NY MSA,270,270,30524,2,4,384,0,0,0,5,66,2544,172,172,18940,2,4,384,0,0,0,2,48,1823
9309,6880,9999, ,Rockford IL MSA,140,140,12097,6,12,587,0,0,0,2,16,575,139,139,12025,6,12,587,0,0,0,2,16,575
9309,6895,9999, ,Rocky Mounty NC MSA,42,42,3589,1,2,50,0,0,0,0,0,0,22,22,1573,0,0,0,0,0,0,0,0,0
9309,6922,6920, ,Sacramento CA PMSA,703,703,86612,1,2,105,0,0,0,1,6,1111,703,703,86612,1,2,105,0,0,0,1,6,1111
9309,6922,9270, ,Yolo CA PMSA,36,36,4529,0,0,0,0,0,0,2,14,1068,28,28,3608,0,0,0,0,0,0,2,14,1068
9309,6960,9999, ,Saginaw-Bay City-Midland MI MSA,27,27,3218,3,6,405,0,0,0,1,72,2211,23,23,3030,3,6,405,0,0,0,1,72,2211
9309,6980,9999, ,St. Cloud MN MSA,36,36,2980,0,0,0,0,0,0,2,20,547,15,15,1479,0,0,0,0,0,0,0,0,0
9309,7000,9999, ,St. Joseph MO MSA,7,7,666,0,0,0,0,0,0,0,0,0,7,7,666,0,0,0,0,0,0,0,0,0
9309,7040,9999, ,St. Louis MO-IL MSA,921,921,85031,13,26,1270,2,8,568,4,27,907,811,811,75587,11,22,1056,2,8,568,3,22,844
9309,7120,9999, ,Salinas CA MSA,94,94,12281,0,0,0,3,10,597,2,16,934,86,86,11515,0,0,0,3,10,597,2,16,934
9309,7160,9999, ,Salt Lake City-Ogden UT MSA,692,692,67544,3,6,347,1,4,171,1,21,1225,521,521,50665,3,6,347,1,4,171,1,21,1225
9309,7200,9999, ,San Angelo TX MSA,27,27,2147,2,4,100,0,0,0,0,0,0,27,27,2147,2,4,100,0,0,0,0,0,0
9309,7240,9999, ,San Antonio TX MSA,428,428,32956,1,2,73,0,0,0,11,255,6327,416,416,32131,1,2,73,0,0,0,10,250,6206
9309,7320,9999, ,San Diego CA MSA,312,312,51803,4,8,621,1,4,406,2,12,1372,312,312,51803,4,8,621,1,4,406,2,12,1372
9309,7362,5775, ,Oakland CA PMSA,301,301,48681,3,6,476,2,8,1069,3,41,6899,299,299,48406,2,4,343,2,8,1069,2,36,6469
9309,7362,7360, ,San Francisco CA PMSA,87,87,20795,3,6,443,3,9,566,5,50,3646,84,84,19376,3,6,443,3,9,566,5,50,3646
9309,7362,7400, ,San Jose CA PMSA,124,124,19586,0,0,0,2,7,440,3,20,1167,124,124,19586,0,0,0,2,7,440,3,20,1167
9309,7362,7485, ,Santa Cruz-Watsonville CA PMSA,12,12,1068,1,2,178,1,4,237,0,0,0,12,12,1068,1,2,178,1,4,237,0,0,0
9309,7362,7500, ,Santa Rosa CA PMSA,156,156,20260,3,6,434,4,12,1042,3,42,1622,156,156,20260,3,6,434,4,12,1042,3,42,1622
9309,7362,8720, ,Vallejo-Fairfield-Napa CA PMSA,58,58,9396,2,4,264,0,0,0,0,0,0,58,58,9396,2,4,264,0,0,0,0,0,0
9309,7460,9999, ,San Luis Obispo-Atascadero-Paso Robles CA MSA,86,86,11981,0,0,0,0,0,0,4,29,1215,84,84,11719,0,0,0,0,0,0,4,29,1215
9309,7480,9999, ,Santa Barbara-Santa Maria-Lompoc CA MSA,47,47,9393,0,0,0,1,3,162,0,0,0,23,23,3617,0,0,0,1,3,162,0,0,0
9309,7490,9999, ,Santa Fe NM MSA,41,41,5263,0,0,0,0,0,0,0,0,0,2,2,554,0,0,0,0,0,0,0,0,0
9309,7510,9999, ,Sarasota-Bradenton FL MSA,309,309,27337,8,16,296,3,11,505,3,133,5533,309,309,27337,8,16,296,3,11,505,3,133,5533
9309,7520,9999, ,Savannah GA MSA,131,131,11358,0,0,0,0,0,0,0,0,0,128,128,11089,0,0,0,0,0,0,0,0,0
9309,7560,9999, ,Scranton--Wilkes-Barre--Hazleton PA MSA,56,56,4474,2,4,115,1,4,100,0,0,0,50,50,4050,2,4,115,1,4,100,0,0,0
9309,7602,1150, ,Bremerton WA PMSA,129,129,10312,3,6,293,0,0,0,0,0,0,120,120,8516,2,4,193,0,0,0,0,0,0
9309,7602,5910, ,Olympia WA PMSA,134,134,13617,3,6,580,1,4,185,0,0,0,86,86,9732,2,4,352,1,4,185,0,0,0
9309,7602,7600, ,Seattle-Bellevue-Everett WA PMSA,805,805,102692,22,44,3215,20,72,5160,37,421,26013,642,642,82844,19,38,2807,17,63,4572,31,381,23366
9309,7602,8200, ,Tacoma WA PMSA,421,421,39555,17,34,2553,0,0,0,19,157,8441,411,411,38496,17,34,2553,0,0,0,19,157,8441
9309,7610,9999, ,Sharon PA MSA,60,60,1958,0,0,0,0,0,0,0,0,0,59,59,1893,0,0,0,0,0,0,0,0,0
9309,7620,9999, ,Sheboygan WI MSA,7,7,534,0,0,0,0,0,0,0,0,0,7,7,534,0,0,0,0,0,0,0,0,0
9309,7640,9999, ,Sherman-Denison TX MSA,4,4,417,0,0,0,0,0,0,0,0,0,3,3,357,0,0,0,0,0,0,0,0,0
9309,7680,9999, ,Shreveport-Bossier City LA MSA,55,55,5065,0,0,0,0,0,0,0,0,0,55,55,5065,0,0,0,0,0,0,0,0,0
9309,7720,9999, ,Sioux City IA-NE MSA,16,16,1545,0,0,0,0,0,0,1,168,5425,11,11,1156,0,0,0,0,0,0,1,168,5425
9309,7760,9999, ,Sioux Falls SD MSA,83,83,7354,3,6,494,1,4,233,5,120,5270,83,83,7354,3,6,494,1,4,233,5,120,5270
9309,7800,9999, ,South Bend IN MSA,102,102,11286,0,0,0,0,0,0,1,21,699,102,102,11286,0,0,0,0,0,0,1,21,699
9309,7840,9999, ,Spokane WA MSA,230,230,21517,8,16,1145,1,4,164,3,44,1868,175,175,15836,4,8,522,1,4,164,1,16,771
9309,7880,9999, ,Springfield IL MSA,74,74,7341,10,20,1165,1,3,160,1,9,239,0,0,0,0,0,0,0,0,0,0,0,0
9309,7920,9999, ,Springfield MO MSA,136,136,8228,4,8,219,0,0,0,0,0,0,136,136,8228,4,8,219,0,0,0,0,0,0
9309,8000,9999, ,Springfield MA MSA,133,133,13635,4,8,296,7,28,899,0,0,0,106,106,11052,0,0,0,7,28,899,0,0,0
9309,8050,9999, ,State College PA MSA,33,33,3743,0,0,0,0,0,0,0,0,0,8,8,1064,0,0,0,0,0,0,0,0,0
9309,8080,9999, ,Steubenville-Weirton OH-WV MSA,4,4,242,0,0,0,0,0,0,0,0,0,3,3,134,0,0,0,0,0,0,0,0,0
9309,8120,9999, ,Stockton-Lodi CA MSA,240,240,24785,0,0,0,1,3,187,0,0,0,240,240,24785,0,0,0,1,3,187,0,0,0
9309,8140,9999, ,Sumter SC MSA,38,38,2287,6,12,415,0,0,0,1,5,59,0,0,0,0,0,0,0,0,0,0,0,0
9309,8160,9999, ,Syracuse NY MSA,146,146,12704,0,0,0,0,0,0,4,71,364,96,96,8536,0,0,0,0,0,0,2,61,193
9309,8240,9999, ,Tallahassee FL MSA,128,128,11901,4,8,128,0,0,0,9,100,3197,128,128,11901,4,8,128,0,0,0,9,100,3197
9309,8280,9999, ,Tampa-St. Petersburg-Clearwater FL MSA,951,951,81315,23,46,3088,9,32,1447,4,54,4943,933,933,79449,23,46,3088,9,32,1447,3,43,4280
9309,8320,9999, ,Terre Haute IN MSA,40,40,3709,0,0,0,0,0,0,0,0,0,31,31,3361,0,0,0,0,0,0,0,0,0
9309,8360,9999, ,Texarkana TX-Texarkana AR MSA,15,15,1184,0,0,0,0,0,0,0,0,0,15,15,1184,0,0,0,0,0,0,0,0,0
9309,8400,9999, ,Toledo OH MSA,121,121,11748,2,4,223,0,0,0,19,116,3752,120,120,11661,2,4,223,0,0,0,19,116,3752
9309,8440,9999, ,Topeka KS MSA,72,72,7437,3,6,440,0,0,0,0,0,0,72,72,7437,3,6,440,0,0,0,0,0,0
9309,8520,9999, ,Tucson AZ MSA,537,537,57673,0,0,0,0,0,0,2,30,869,466,466,49894,0,0,0,0,0,0,2,30,869
9309,8560,9999, ,Tulsa OK MSA,256,256,22912,1,2,35,0,0,0,0,0,0,246,246,21980,1,2,35,0,0,0,0,0,0
9309,8600,9999, ,Tuscaloosa AL MSA,90,90,4132,0,0,0,0,0,0,0,0,0,90,90,4132,0,0,0,0,0,0,0,0,0
9309,8640,9999, ,Tyler TX MSA,28,28,3923,0,0,0,0,0,0,0,0,0,28,28,3923,0,0,0,0,0,0,0,0,0
9309,8680,9999, ,Utica-Rome NY MSA,5,5,353,0,0,0,0,0,0,0,0,0,4,4,315,0,0,0,0,0,0,0,0,0
9309,8750,9999, ,Victoria TX MSA,17,17,1759,0,0,0,0,0,0,0,0,0,17,17,1759,0,0,0,0,0,0,0,0,0
9309,8780,9999, ,Visalia-Tulare-Porterville CA MSA,94,94,7613,0,0,0,3,11,362,5,42,1324,87,87,7036,0,0,0,3,11,362,5,42,1324
9309,8800,9999, ,Waco TX MSA,19,19,2023,0,0,0,0,0,0,0,0,0,15,15,1412,0,0,0,0,0,0,0,0,0
9309,8872,0720, ,Baltimore MD PMSA,923,923,81346,0,0,0,0,0,0,7,108,4945,914,914,80721,0,0,0,0,0,0,6,101,4730
9309,8872,3180, ,Hagerstown MD PMSA,35,35,3512,0,0,0,0,0,0,0,0,0,35,35,3512,0,0,0,0,0,0,0,0,0
9309,8872,8840, ,Washington DC-MD-VA-WV PMSA,2106,2106,198157,1,2,60,0,0,0,14,188,7667,2066,2066,194248,1,2,60,0,0,0,12,170,7152
9309,8880,9999, ,Waterbury CT MSA,40,40,3433,1,2,72,0,0,0,0,0,0,40,40,3433,1,2,72,0,0,0,0,0,0
9309,8920,9999, ,Waterloo-Cedar Falls IA MSA,11,11,1116,0,0,0,0,0,0,0,0,0,11,11,1116,0,0,0,0,0,0,0,0,0
9309,8940,9999, ,Wausau WI MSA,10,10,1017,0,0,0,1,4,150,0,0,0,8,8,780,0,0,0,1,4,150,0,0,0
9309,8960,9999, ,West Palm Beach-Boca Raton FL MSA,546,546,54559,1,2,85,5,20,911,7,187,10252,545,545,54474,1,2,85,5,20,911,7,187,10252
9309,9000,9999, ,Wheeling WV-OH MSA,2,2,259,0,0,0,0,0,0,0,0,0,0,0,0,0,0,0,0,0,0,0,0,0
9309,9040,9999, ,Wichita KS MSA,218,218,20193,0,0,0,1,4,100,0,0,0,210,210,19555,0,0,0,1,4,100,0,0,0
9309,9080,9999, ,Wichita Falls TX MSA,26,26,2706,0,0,0,0,0,0,0,0,0,26,26,2706,0,0,0,0,0,0,0,0,0
9309,9140,9999, ,Williamsport PA MSA,4,4,440,0,0,0,0,0,0,0,0,0,4,4,440,0,0,0,0,0,0,0,0,0
9309,9200,9999, ,Wilmington NC MSA,199,199,16641,0,0,0,0,0,0,0,0,0,199,199,16641,0,0,0,0,0,0,0,0,0
9309,9260,9999, ,Yakima WA MSA,46,46,4880,5,10,471,2,8,372,1,6,152,46,46,4880,5,10,471,2,8,372,1,6,152
9309,9280,9999, ,York PA MSA,135,135,11095,5,10,495,0,0,0,0,0,0,118,118,9934,2,4,320,0,0,0,0,0,0
9309,9320,9999, ,Youngstown-Warren OH MSA,106,106,11822,8,16,1170,1,3,345,6,33,1547,106,106,11822,8,16,1170,1,3,345,5,28,1394
9309,9340,9999, ,Yuba City CA MSA,85,85,8466,0,0,0,0,0,0,0,0,0,85,85,8466,0,0,0,0,0,0,0,0,0
9309,9360,9999, ,Yuma AZ MSA,45,45,3693,0,0,0,0,0,0,0,0,0,45,45,3693,0,0,0,0,0,0,0,0,0
9309,1122,9999,,Boston-Brockton-Nashua MA-NH-ME-CT CMSA ,1375,1375,153808,10,20,1464,1,4,326,8,71,3004,850,850,98215,6,12,1008,0,0,0,5,56,2500
9309,1602,9999,,Chicago-Gary-Kenosha IL-IN-WI CMSA,2578,2578,309932,32,64,4351,37,129,8802,35,282,19082,2332,2332,280573,24,48,3438,37,129,8802,32,267,18548
9309,1642,9999,,Cincinnati-Hamilton OH-KY-IN CMSA ,812,812,81115,15,30,1465,8,25,986,20,289,12230,618,618,64393,11,22,1079,6,19,828,16,256,11083
9309,1692,9999,,Cleveland-Akron OH CMSA ,746,746,98197,17,34,1983,12,42,2114,12,145,4671,455,455,60133,7,14,915,8,30,1729,1,12,380
9309,1922,9999,,Dallas-Fort Worth TX CMSA ,1930,1930,233460,1,2,52,2,8,100,34,505,17832,1809,1809,210970,0,0,0,2,8,100,34,505,17832
9309,2082,9999,,Denver-Boulder-Greeley CO CMSA,1209,1209,143729,6,12,1055,0,0,0,25,185,10520,1149,1149,135512,6,12,1055,0,0,0,25,185,10520
9309,2162,9999,,Detroit-Ann Arbor-Flint MI CMSA ,1586,1586,170302,17,34,2320,8,30,2044,28,587,20825,1337,1337,147149,16,32,2221,6,23,1543,16,483,17785
9309,3362,9999,,Houston-Galveston-Brazoria TX CMSA,1062,1062,108021,1,2,228,1,4,182,23,411,11510,998,998,98713,1,2,228,1,4,182,22,400,11240
9309,4472,9999,,Los Angeles-Riverside-Orange County CA CMSA ,1706,1706,227886,10,20,1820,14,50,3503,28,298,20289,1607,1607,210822,8,16,1577,11,41,2894,24,275,18721
9309,4992,9999,,Miami-Fort Lauderdale FL CMSA ,1262,1262,134612,6,12,719,1,4,245,12,394,20226,1244,1244,132789,6,12,719,1,4,245,11,389,20027
9309,5082,9999,,Milwaukee-Racine WI CMSA,432,432,52719,15,30,2306,1,4,191,24,325,14584,320,320,38400,11,22,1838,1,4,191,18,286,13222
9309,5602,9999,,New York-Northern New Jersey-Long Island NY-NJ-CT-PA CMSA ,2497,2497,254984,140,280,16277,41,127,6742,28,265,12335,2136,2136,215798,134,268,15531,40,123,6573,18,210,9828
9309,6162,9999,,Philadelphia-Wilmington-Atlantic City PA-NJ-DE-MD CMSA,1582,1582,136550,5,10,552,3,11,1964,13,125,8164,1053,1053,96897,1,2,114,2,8,1805,7,72,4729
9309,6442,9999,,Portland-Salem OR-WA CMSA ,1010,1010,113363,22,44,2505,10,39,2557,40,373,17043,962,962,108852,20,40,2285,10,39,2557,39,368,16841
9309,6922,9999,,Sacramento-Yolo CA CMSA ,739,739,91141,1,2,105,0,0,0,3,20,2179,731,731,90220,1,2,105,0,0,0,3,20,2179
9309,7362,9999,,San Francisco-Oakland-San Jose CA CMSA,738,738,119786,12,24,1795,12,40,3354,14,153,13334,733,733,118092,11,22,1662,12,40,3354,13,148,12904
9309,7602,9999,,Seattle-Tacoma-Bremerton WA CMSA,1489,1489,166176,45,90,6641,21,76,5345,56,578,34454,1259,1259,139588,40,80,5905,18,67,4757,50,538,31807
9309,8872,9999,,Washington-Baltimore DC-MD-VA-WV CMSA ,3064,3064,283015,1,2,60,0,0,0,21,296,12612,3015,3015,278481,1,2,60,0,0,0,18,271,11882
