Survey,MSA/,PMSA,,MA,,1-unit,,,2-units,,,3-4 units,,,5+ units,,,1-unit rep,,,2-units rep,,,3-4 units rep,,,5+ units rep
Date,CMSA,,,Name,Bldgs,Units,Value,Bldgs,Units,Value,Bldgs,Units,Value,Bldgs,Units,Value,Bldgs,Units,Value,Bldgs,Units,Value,Bldgs,Units,Value,Bldgs,Units,Value

9311,0040,9999, ,Abilene TX MSA,12,12,1421,0,0,0,0,0,0,0,0,0,12,12,1421,0,0,0,0,0,0,0,0,0
9311,0120,9999, ,Albany GA MSA,4,4,275,7,14,370,4,16,148,0,0,0,4,4,275,7,14,370,4,16,148,0,0,0
9311,0160,9999, ,Albany-Schenectady-Troy NY MSA,220,220,24185,4,8,380,2,7,334,9,70,2107,171,171,17826,1,2,80,1,4,221,7,52,1764
9311,0200,9999, ,Albuquerque NM MSA,280,280,24328,1,2,56,0,0,0,1,6,228,67,67,6493,1,2,56,0,0,0,0,0,0
9311,0220,9999, ,Alexandria LA MSA,4,4,431,0,0,0,0,0,0,0,0,0,3,3,349,0,0,0,0,0,0,0,0,0
9311,0240,9999, ,Allentown-Bethlehem-Easton PA MSA,188,188,18831,1,2,120,1,4,75,7,100,3795,166,166,16929,1,2,120,1,4,75,7,100,3795
9311,0280,9999, ,Altoona PA MSA,16,16,1353,0,0,0,0,0,0,0,0,0,16,16,1353,0,0,0,0,0,0,0,0,0
9311,0320,9999, ,Amarillo TX MSA,48,48,5603,0,0,0,0,0,0,0,0,0,48,48,5603,0,0,0,0,0,0,0,0,0
9311,0380,9999, ,Anchorage AK MSA,38,38,4342,0,0,0,1,4,252,0,0,0,38,38,4342,0,0,0,1,4,252,0,0,0
9311,0450,9999, ,Anniston AL MSA,16,16,1315,0,0,0,0,0,0,0,0,0,10,10,920,0,0,0,0,0,0,0,0,0
9311,0460,9999, ,Appleton-Oshkosh-Neenah WI MSA,91,91,9413,6,12,663,0,0,0,8,131,1583,64,64,6818,4,8,450,0,0,0,6,120,1345
9311,0480,9999, ,Asheville NC MSA,75,75,7611,1,2,70,0,0,0,0,0,0,75,75,7611,1,2,70,0,0,0,0,0,0
9311,0500,9999, ,Athens GA MSA,40,40,4356,0,0,0,0,0,0,0,0,0,40,40,4356,0,0,0,0,0,0,0,0,0
9311,0520,9999, ,Atlanta GA MSA,2502,2502,232894,3,6,251,0,0,0,24,239,7371,2434,2434,227451,3,6,251,0,0,0,24,239,7371
9311,0600,9999, ,Augusta-Aiken GA-SC MSA,213,213,27596,0,0,0,0,0,0,0,0,0,211,211,27506,0,0,0,0,0,0,0,0,0
9311,0640,9999, ,Austin-San Marcos TX MSA,427,427,39767,8,16,612,0,0,0,0,0,0,421,421,39264,8,16,612,0,0,0,0,0,0
9311,0680,9999, ,Bakersfield CA MSA,291,291,26924,1,2,72,5,17,864,0,0,0,182,182,17031,0,0,0,4,14,728,0,0,0
9311,0730,9999, ,Bangor ME MSA,17,17,1259,0,0,0,0,0,0,0,0,0,11,11,829,0,0,0,0,0,0,0,0,0
9311,0740,9999, ,Barnstable-Yarmouth MA MSA,127,127,15472,0,0,0,0,0,0,0,0,0,123,123,14851,0,0,0,0,0,0,0,0,0
9311,0760,9999, ,Baton Rouge LA MSA,155,155,12064,0,0,0,2,8,304,0,0,0,154,154,12002,0,0,0,2,8,304,0,0,0
9311,0840,9999, ,Beaumont-Port Arthur TX MSA,21,21,1863,0,0,0,0,0,0,0,0,0,21,21,1863,0,0,0,0,0,0,0,0,0
9311,0860,9999, ,Bellingham WA MSA,79,79,7614,5,10,789,0,0,0,3,23,1084,10,10,1077,1,2,161,0,0,0,0,0,0
9311,0870,9999, ,Benton Harbor MI MSA,10,10,1077,0,0,0,0,0,0,0,0,0,5,5,520,0,0,0,0,0,0,0,0,0
9311,0880,9999, ,Billings MT MSA,24,24,3043,1,2,277,1,4,350,0,0,0,23,23,2975,1,2,277,1,4,350,0,0,0
9311,0920,9999, ,Biloxi-Gulfport-Pascagoula MS MSA,143,143,8504,2,4,215,0,0,0,5,51,1455,129,129,7598,2,4,215,0,0,0,5,51,1455
9311,0960,9999, ,Binghamton NY MSA,17,17,1663,0,0,0,0,0,0,0,0,0,17,17,1663,0,0,0,0,0,0,0,0,0
9311,1000,9999, ,Birmingham AL MSA,341,341,43236,0,0,0,0,0,0,4,20,600,231,231,33917,0,0,0,0,0,0,4,20,600
9311,1010,9999, ,Bismarck ND MSA,26,26,2861,0,0,0,2,8,204,2,48,1500,26,26,2861,0,0,0,2,8,204,2,48,1500
9311,1020,9999, ,Bloomington IN MSA,76,76,6872,8,16,861,0,0,0,0,0,0,76,76,6872,8,16,861,0,0,0,0,0,0
9311,1040,9999, ,Bloomington-Normal IL MSA,59,59,5897,0,0,0,0,0,0,0,0,0,59,59,5897,0,0,0,0,0,0,0,0,0
9311,1080,9999, ,Boise City ID MSA,390,390,36457,3,6,332,19,74,2908,8,71,2327,289,289,27673,3,6,332,18,71,2754,7,64,2060
9311,1122,1120, ,Boston MA-NH-ME-CT PMSA,1252,1252,141358,15,30,1896,1,3,270,7,79,3925,750,750,85235,8,16,992,0,0,0,2,53,2315
9311,1122,1200, ,Brockton MA PMSA,67,67,6557,0,0,0,0,0,0,0,0,0,62,62,6109,0,0,0,0,0,0,0,0,0
9311,1122,5350, ,Nashua NH PMSA,59,59,5159,0,0,0,0,0,0,0,0,0,33,33,2946,0,0,0,0,0,0,0,0,0
9311,1240,9999, ,Brownsville-Harlingen-San Benito TX MSA,54,54,3068,4,8,192,0,0,0,0,0,0,50,50,2798,4,8,192,0,0,0,0,0,0
9311,1260,9999, ,Bryan-College Station TX MSA,50,50,4950,5,10,448,2,8,387,0,0,0,50,50,4950,5,10,448,2,8,387,0,0,0
9311,1280,9999, ,Buffalo-Niagara Falls NY MSA,210,210,22998,9,18,854,0,0,0,3,39,982,163,163,17659,6,12,633,0,0,0,1,8,210
9311,1305,9999, ,Burlington VT MSA,58,58,5784,1,2,112,0,0,0,1,30,1100,48,48,4881,1,2,112,0,0,0,1,30,1100
9311,1320,9999, ,Canton-Massillon OH MSA,87,87,11964,5,10,460,0,0,0,0,0,0,83,83,11561,5,10,460,0,0,0,0,0,0
9311,1350,9999, ,Casper WY MSA,4,4,378,0,0,0,0,0,0,0,0,0,4,4,378,0,0,0,0,0,0,0,0,0
9311,1360,9999, ,Cedar Rapids IA MSA,49,49,4515,1,2,143,0,0,0,4,150,3703,46,46,4341,1,2,143,0,0,0,4,150,3703
9311,1400,9999, ,Champaign-Urbana IL MSA,8,8,833,1,2,150,0,0,0,0,0,0,5,5,635,1,2,150,0,0,0,0,0,0
9311,1440,9999, ,Charleston-North Charleston SC MSA,194,194,20596,0,0,0,0,0,0,1,5,180,152,152,16976,0,0,0,0,0,0,0,0,0
9311,1480,9999, ,Charleston WV MSA,36,36,4705,0,0,0,0,0,0,0,0,0,36,36,4705,0,0,0,0,0,0,0,0,0
9311,1520,9999, ,Charlotte-Gastonia-Rock Hill NC-SC MSA,868,868,81139,6,12,328,0,0,0,18,178,6518,837,837,78767,5,10,276,0,0,0,18,178,6518
9311,1540,9999, ,Charlottesville VA MSA,44,44,5154,4,8,425,1,4,360,1,8,374,44,44,5154,4,8,425,1,4,360,1,8,374
9311,1560,9999, ,Chattanooga TN-GA MSA,123,123,10529,2,4,203,0,0,0,0,0,0,122,122,10465,2,4,203,0,0,0,0,0,0
9311,1580,9999, ,Cheyenne WY MSA,16,16,1405,0,0,0,2,8,257,0,0,0,16,16,1405,0,0,0,2,8,257,0,0,0
9311,1602,1600, ,Chicago IL PMSA,2322,2322,274607,18,36,3212,20,74,5751,26,679,32988,2097,2097,250696,11,22,2348,20,74,5751,22,659,32282
9311,1602,2960, ,Gary IN PMSA,230,230,26983,5,10,489,0,0,0,0,0,0,167,167,19727,2,4,230,0,0,0,0,0,0
9311,1602,3740, ,Kankakee IL PMSA,29,29,3686,2,4,280,0,0,0,2,16,760,27,27,3449,2,4,280,0,0,0,2,16,760
9311,1602,3800, ,Kenosha WI PMSA,59,59,5730,1,2,115,0,0,0,3,18,615,56,56,5467,1,2,115,0,0,0,3,18,615
9311,1620,9999, ,Chico-Paradise CA MSA,62,62,6955,0,0,0,0,0,0,0,0,0,62,62,6955,0,0,0,0,0,0,0,0,0
9311,1642,1640, ,Cincinnati OH-KY-IN PMSA,664,664,68567,8,16,426,5,18,777,8,51,1853,595,595,62845,8,16,426,4,15,732,6,36,1421
9311,1642,3200, ,Hamilton-Middletown OH PMSA,136,136,11754,3,6,235,1,3,153,2,15,490,16,16,1007,0,0,0,0,0,0,0,0,0
9311,1660,9999, ,Clarksville-Hopkinsville TN-KY MSA,124,124,7069,0,0,0,3,12,265,1,6,143,124,124,7069,0,0,0,3,12,265,1,6,143
9311,1692,0080, ,Akron OH PMSA,171,171,22847,2,4,200,11,41,2478,0,0,0,166,166,22464,2,4,200,11,41,2478,0,0,0
9311,1692,1680, ,Cleveland-Lorain-Elyria OH PMSA,504,504,72130,8,16,1015,3,9,491,8,56,3576,347,347,51276,4,8,554,1,3,235,6,44,3115
9311,1720,9999, ,Colorado Springs CO MSA,301,301,25518,0,0,0,1,4,139,1,50,1900,301,301,25518,0,0,0,1,4,139,1,50,1900
9311,1740,9999, ,Columbia MO MSA,98,98,9648,1,2,280,0,0,0,0,0,0,98,98,9648,1,2,280,0,0,0,0,0,0
9311,1760,9999, ,Columbia SC MSA,255,255,18256,0,0,0,0,0,0,14,210,6480,252,252,18083,0,0,0,0,0,0,14,210,6480
9311,1800,9999, ,Columbus GA-AL MSA,72,72,5199,1,2,108,1,4,91,0,0,0,72,72,5199,1,2,108,1,4,91,0,0,0
9311,1840,9999, ,Columbus OH MSA,565,565,66997,7,14,652,18,72,1804,11,117,2637,272,272,32434,1,2,35,5,20,756,0,0,0
9311,1880,9999, ,Corpus Christi TX MSA,100,100,9079,2,4,240,0,0,0,2,10,375,100,100,9079,2,4,240,0,0,0,2,10,375
9311,1900,9999, ,Cumberland MD-WV MSA,20,20,1241,0,0,0,0,0,0,0,0,0,20,20,1241,0,0,0,0,0,0,0,0,0
9311,1922,1920, ,Dallas TX PMSA,1177,1177,143739,1,2,235,0,0,0,0,0,0,1143,1143,139190,1,2,235,0,0,0,0,0,0
9311,1922,2800, ,Fort Worth-Arlington TX PMSA,454,454,54456,0,0,0,0,0,0,0,0,0,374,374,38167,0,0,0,0,0,0,0,0,0
9311,1950,9999, ,Danville VA MSA,34,34,2492,0,0,0,0,0,0,9,72,1732,9,9,708,0,0,0,0,0,0,9,72,1732
9311,1960,9999, ,Davenport-Moline-Rock Island IA-IL MSA,63,63,7090,2,4,293,1,3,135,0,0,0,56,56,6364,2,4,293,0,0,0,0,0,0
9311,2000,9999, ,Dayton-Springfield OH MSA,209,209,25600,1,2,60,0,0,0,1,46,1350,201,201,24871,0,0,0,0,0,0,1,46,1350
9311,2020,9999, ,Daytona Beach FL MSA,270,270,21832,1,2,104,3,9,371,0,0,0,111,111,8983,0,0,0,3,9,371,0,0,0
9311,2030,9999, ,Decatur Al MSA,37,37,3011,0,0,0,1,3,120,0,0,0,0,0,0,0,0,0,0,0,0,0,0,0
9311,2040,9999, ,Decatur IL MSA,25,25,2652,0,0,0,0,0,0,0,0,0,25,25,2652,0,0,0,0,0,0,0,0,0
9311,2082,1125, ,Boulder-Longmont CO PMSA,190,190,22002,0,0,0,2,8,460,0,0,0,159,159,18857,0,0,0,2,8,460,0,0,0
9311,2082,2080, ,Denver CO PMSA,916,916,122856,3,6,764,0,0,0,1,6,384,847,847,113484,3,6,764,0,0,0,1,6,384
9311,2082,3060, ,Greeley CO PMSA,45,45,3503,0,0,0,0,0,0,0,0,0,10,10,544,0,0,0,0,0,0,0,0,0
9311,2120,9999, ,Des Moines IA MSA,214,214,26021,0,0,0,2,7,616,3,47,2011,195,195,24259,0,0,0,2,7,616,2,42,1877
9311,2162,0440, ,Ann Arbor MI PMSA,250,250,25302,1,2,149,0,0,0,1,6,160,185,185,19079,1,2,149,0,0,0,1,6,160
9311,2162,2160, ,Detroit MI PMSA,1033,1033,116172,5,10,659,4,15,1092,16,293,13379,848,848,98719,4,8,582,2,8,549,6,198,10359
9311,2162,2640, ,Flint MI PMSA,84,84,8331,0,0,0,1,4,240,12,134,3950,75,75,7347,0,0,0,1,4,240,11,121,2753
9311,2180,9999, ,Dothan AL MSA,25,25,1671,1,2,80,0,0,0,0,0,0,24,24,1591,0,0,0,0,0,0,0,0,0
9311,2190,9999, ,Dover DE MSA,66,66,4998,11,22,614,0,0,0,0,0,0,66,66,4998,11,22,614,0,0,0,0,0,0
9311,2200,9999, ,Dubuque IA MSA,27,27,3083,3,6,325,0,0,0,0,0,0,25,25,2921,3,6,325,0,0,0,0,0,0
9311,2240,9999, ,Duluth-Superior MN-WI MSA,23,23,1914,2,4,206,0,0,0,0,0,0,8,8,568,0,0,0,0,0,0,0,0,0
9311,2290,9999, ,Eau Claire WI MSA,28,28,3179,1,2,134,2,8,320,1,6,129,19,19,2302,1,2,134,2,8,320,0,0,0
9311,2320,9999, ,El Paso TX MSA,191,191,10624,1,2,76,0,0,0,3,42,818,0,0,0,0,0,0,0,0,0,0,0,0
9311,2330,9999, ,Elkhart-Goshen IN MSA,58,58,5725,0,0,0,0,0,0,0,0,0,54,54,5371,0,0,0,0,0,0,0,0,0
9311,2335,9999, ,Elmira NY MSA,0,0,0,0,0,0,0,0,0,0,0,0,0,0,0,0,0,0,0,0,0,0,0,0
9311,2340,9999, ,Enid OK MSA,4,4,221,1,2,150,0,0,0,0,0,0,4,4,221,1,2,150,0,0,0,0,0,0
9311,2360,9999, ,Erie PA MSA,23,23,2360,0,0,0,2,8,287,0,0,0,23,23,2360,0,0,0,2,8,287,0,0,0
9311,2400,9999, ,Eugene-Springfield OR MSA,126,126,11744,0,0,0,0,0,0,0,0,0,126,126,11744,0,0,0,0,0,0,0,0,0
9311,2440,9999, ,Evansville-Henderson IN-KY MSA,90,90,8039,0,0,0,0,0,0,0,0,0,90,90,8039,0,0,0,0,0,0,0,0,0
9311,2520,9999, ,Fargo-Moorhead ND-MN MSA,51,51,4853,0,0,0,0,0,0,0,0,0,51,51,4853,0,0,0,0,0,0,0,0,0
9311,2560,9999, ,Fayetteville NC MSA,217,217,14644,0,0,0,0,0,0,3,24,1123,217,217,14644,0,0,0,0,0,0,3,24,1123
9311,2580,9999, ,Fayetteville-Springdale-Rogers AR MSA,82,82,6649,21,42,2174,5,20,436,12,144,3024,81,81,6590,21,42,2174,5,20,436,12,144,3024
9311,2650,9999, ,Florence AL MSA,11,11,448,1,2,39,1,4,93,0,0,0,11,11,448,1,2,39,1,4,93,0,0,0
9311,2655,9999, ,Florence SC MSA,42,42,3498,2,4,86,0,0,0,1,5,100,0,0,0,0,0,0,0,0,0,0,0,0
9311,2670,9999, ,Fort Collins-Loveland CO MSA,163,163,15973,8,16,929,0,0,25,13,195,6658,130,130,13619,7,14,811,0,0,25,13,195,6658
9311,2700,9999, ,Fort Myers-Cape Coral FL MSA,301,301,25372,7,14,816,7,26,2142,5,55,3742,128,128,7571,1,2,63,2,7,666,0,0,0
9311,2710,9999, ,Fort Pierce-Port St. Lucie FL MSA,128,128,17047,65,130,6757,0,0,0,5,34,2823,128,128,17047,65,130,6757,0,0,0,5,34,2823
9311,2720,9999, ,Fort Smith AR-OK MSA,39,39,3983,1,2,70,4,16,480,0,0,0,39,39,3983,1,2,70,4,16,480,0,0,0
9311,2750,9999, ,Fort Walton Beach FL MSA,119,119,7776,1,2,109,0,0,0,3,21,636,116,116,7651,1,2,109,0,0,0,3,21,636
9311,2760,9999, ,Fort Wayne IN MSA,163,163,20699,1,2,210,0,0,0,2,38,1005,163,163,20699,1,2,210,0,0,0,2,38,1005
9311,2840,9999, ,Fresno CA MSA,286,286,30239,3,6,196,0,0,0,0,0,0,276,276,29229,3,6,196,0,0,0,0,0,0
9311,2880,9999, ,Gadsden AL MSA,2,2,119,0,0,0,0,0,0,0,0,0,1,1,83,0,0,0,0,0,0,0,0,0
9311,2900,9999, ,Gainesville FL MSA,32,32,3006,0,0,0,0,0,0,0,0,0,31,31,2956,0,0,0,0,0,0,0,0,0
9311,2975,9999, ,Glens Falls NY MSA,16,16,1519,0,0,0,0,0,0,0,0,0,16,16,1519,0,0,0,0,0,0,0,0,0
9311,2980,9999, ,Goldsboro NC MSA,6,6,568,0,0,0,0,0,0,0,0,0,6,6,568,0,0,0,0,0,0,0,0,0
9311,2985,9999, ,Grand Forks ND-MN MSA,10,10,1240,0,0,0,0,0,0,0,0,0,10,10,1240,0,0,0,0,0,0,0,0,0
9311,3000,9999, ,Grand Rapids-Muskegon-Holland MI MSA,335,335,34932,4,8,374,1,4,209,3,41,1272,248,248,27318,4,8,374,0,0,0,1,30,1064
9311,3040,9999, ,Great Falls MT MSA,16,16,1377,0,0,0,0,0,0,0,0,0,16,16,1377,0,0,0,0,0,0,0,0,0
9311,3080,9999, ,Green Bay WI MSA,38,38,5491,5,10,690,0,0,0,0,0,0,38,38,5491,5,10,690,0,0,0,0,0,0
9311,3120,9999, ,Greensboro--Winston-Salem--High Point NC MSA,500,500,43820,1,2,25,0,0,0,4,113,3547,496,496,43551,1,2,25,0,0,0,4,113,3547
9311,3150,9999, ,Greenville NC MSA,82,82,6001,0,0,0,0,0,0,0,0,0,82,82,6001,0,0,0,0,0,0,0,0,0
9311,3160,9999, ,Greenville-Spartanburg-Anderson SC MSA,425,425,34398,2,4,120,0,0,0,3,18,560,406,406,32708,2,4,120,0,0,0,2,13,385
9311,3240,9999, ,Harrisburg-Lebanon-Carlisle PA MSA,183,183,17666,0,0,0,2,7,161,0,0,0,121,121,12821,0,0,0,1,4,82,0,0,0
9311,3280,9999, ,Hartford CT MSA,249,249,25762,3,6,263,0,0,0,0,0,25,226,226,23603,2,4,126,0,0,0,0,0,25
9311,3290,9999, ,Hickory-Morganton NC MSA,92,92,9882,1,2,22,0,0,0,2,11,450,71,71,8365,0,0,0,0,0,0,2,11,450
9311,3320,9999, ,Honolulu HI MSA,142,142,23180,5,10,1496,0,0,0,0,0,0,142,142,23180,5,10,1496,0,0,0,0,0,0
9311,3350,9999, ,Houma LA MSA,51,51,4001,0,0,0,0,0,0,0,0,0,51,51,4001,0,0,0,0,0,0,0,0,0
9311,3362,1145, ,Brazoria TX PMSA,103,103,10804,0,0,0,1,3,122,1,14,461,62,62,7187,0,0,0,0,0,0,0,0,0
9311,3362,2920, ,Galveston-Texas City TX PMSA,117,117,15006,0,0,0,0,0,0,0,0,0,114,114,14699,0,0,0,0,0,0,0,0,0
9311,3362,3360, ,Houston TX PMSA,765,765,83796,1,2,85,2,8,408,12,174,7021,734,734,79493,1,2,85,2,8,408,11,167,6849
9311,3400,9999, ,Huntington-Ashland WV-KY-OH MSA,9,9,681,0,0,0,0,0,0,0,0,0,1,1,65,0,0,0,0,0,0,0,0,0
9311,3440,9999, ,Huntsville AL MSA,89,89,3815,0,0,0,0,0,0,0,0,32,89,89,3815,0,0,0,0,0,0,0,0,32
9311,3480,9999, ,Indianapolis IN MSA,716,716,82889,17,34,1823,0,0,0,6,48,1554,626,626,73785,15,30,1610,0,0,0,4,32,1204
9311,3500,9999, ,Iowa City IA MSA,55,55,7369,0,0,0,0,0,0,4,38,1757,55,55,7369,0,0,0,0,0,0,4,38,1757
9311,3520,9999, ,Jackson MI MSA,20,20,1641,1,2,101,0,0,0,0,0,0,10,10,1039,1,2,101,0,0,0,0,0,0
9311,3560,9999, ,Jackson MS MSA,148,148,12412,4,8,208,0,0,0,0,0,0,129,129,10787,4,8,208,0,0,0,0,0,0
9311,3600,9999, ,Jacksonville FL MSA,517,517,50012,1,2,136,0,0,0,2,54,4446,517,517,50012,1,2,136,0,0,0,2,54,4446
9311,3605,9999, ,Jacksonville NC MSA,43,43,1920,0,0,0,0,0,0,0,0,0,42,42,1799,0,0,0,0,0,0,0,0,0
9311,3610,9999, ,Jamestown NY MSA,1,1,60,0,0,0,0,0,0,0,0,0,1,1,60,0,0,0,0,0,0,0,0,0
9311,3620,9999, ,Janesville-Beloit WI MSA,24,24,2128,4,8,477,1,3,174,1,12,318,3,3,334,0,0,0,0,0,0,0,0,0
9311,3660,9999, ,Johnson City-Kingsport-Bristol TN-VA MSA,68,68,5197,4,8,215,3,9,206,1,5,155,60,60,4813,4,8,215,3,9,206,0,0,0
9311,3680,9999, ,Johnstown PA MSA,7,7,904,0,0,0,0,0,0,0,0,0,4,4,657,0,0,0,0,0,0,0,0,0
9311,3710,9999, ,Joplin MO MSA,10,10,1223,3,6,382,0,0,0,0,0,0,10,10,1223,3,6,382,0,0,0,0,0,0
9311,3720,9999, ,Kalamazoo-Battle Creek MI MSA,75,75,9189,1,2,24,0,0,0,2,16,340,60,60,8030,1,2,24,0,0,0,2,16,340
9311,3760,9999, ,Kansas City MO-KS MSA,832,832,96552,7,14,810,0,0,0,1,6,442,773,773,92123,7,14,810,0,0,0,0,0,132
9311,3810,9999, ,Killeen-Temple TX MSA,143,143,12299,3,6,221,0,0,0,0,0,0,143,143,12299,3,6,221,0,0,0,0,0,0
9311,3840,9999, ,Knoxville TN MSA,259,259,18740,4,8,330,4,14,264,5,82,746,245,245,17141,4,8,330,4,14,264,5,82,746
9311,3850,9999, ,Kokomo IN MSA,19,19,2170,1,2,260,0,0,0,0,0,0,19,19,2170,1,2,260,0,0,0,0,0,0
9311,3870,9999, ,La Crosse WI-MN MSA,28,28,4190,5,10,596,1,4,135,0,0,0,28,28,4190,5,10,596,1,4,135,0,0,0
9311,3880,9999, ,Lafayette LA MSA,87,87,7932,0,0,0,0,0,0,0,0,0,85,85,7831,0,0,0,0,0,0,0,0,0
9311,3920,9999, ,Lafayette IN MSA,66,66,6765,0,0,0,0,0,0,7,44,1500,66,66,6765,0,0,0,0,0,0,7,44,1500
9311,3960,9999, ,Lake Charles LA MSA,49,49,4171,1,2,50,1,3,81,0,0,0,49,49,4171,1,2,50,1,3,81,0,0,0
9311,3980,9999, ,Lakeland-Winter Haven FL MSA,171,171,12635,0,0,0,0,0,0,0,0,0,170,170,12594,0,0,0,0,0,0,0,0,0
9311,4000,9999, ,Lancaster PA MSA,102,102,10351,0,0,0,0,0,0,8,90,3625,79,79,8472,0,0,0,0,0,0,8,90,3625
9311,4040,9999, ,Lansing-East Lansing MI MSA,104,104,10277,0,0,0,0,0,0,2,77,3817,93,93,9384,0,0,0,0,0,0,2,77,3817
9311,4080,9999, ,Laredo TX MSA,73,73,3939,0,0,0,3,12,274,4,34,805,0,0,0,0,0,0,0,0,0,0,0,0
9311,4100,9999, ,Las Cruces NM MSA,52,52,4422,0,0,0,0,0,0,0,0,0,52,52,4422,0,0,0,0,0,0,0,0,0
9311,4120,9999, ,Las Vegas NV-AZ MSA,1401,1401,98479,3,6,294,13,49,1932,32,511,32872,1340,1340,93394,3,6,294,11,43,1732,31,493,32288
9311,4150,9999, ,Lawrence KS MSA,46,46,5881,2,4,245,5,19,1090,0,0,0,46,46,5881,2,4,245,5,19,1090,0,0,0
9311,4200,9999, ,Lawton OK MSA,22,22,2106,0,0,0,0,0,0,0,0,0,22,22,2106,0,0,0,0,0,0,0,0,0
9311,4240,9999, ,Lewiston-Auburn ME MSA,18,18,1509,0,0,0,0,0,0,0,0,0,12,12,1111,0,0,0,0,0,0,0,0,0
9311,4280,9999, ,Lexington KY MSA,222,222,18712,5,10,309,4,13,400,0,0,0,190,190,16563,3,6,168,4,13,400,0,0,0
9311,4320,9999, ,Lima OH MSA,21,21,2689,0,0,0,0,0,0,0,0,0,19,19,2532,0,0,0,0,0,0,0,0,0
9311,4360,9999, ,Lincoln NE MSA,84,84,9183,2,4,240,0,0,0,1,15,450,84,84,9183,2,4,240,0,0,0,1,15,450
9311,4400,9999, ,Little Rock-North Little Rock AR MSA,157,157,17022,1,2,107,1,3,80,0,0,0,155,155,16945,1,2,107,1,3,80,0,0,0
9311,4420,9999, ,Longview-Marshall TX MSA,12,12,1094,1,2,50,0,0,0,0,0,0,10,10,896,0,0,0,0,0,0,0,0,0
9311,4472,4480, ,Los Angeles-Long Beach CA PMSA,350,350,49679,10,20,1439,6,18,1280,8,92,5883,279,279,37684,7,14,1034,3,9,869,3,59,3689
9311,4472,5945, ,Orange County CA PMSA,333,333,51301,1,2,235,0,0,0,10,165,10521,307,307,47293,1,2,235,0,0,0,10,165,10521
9311,4472,6780, ,Riverside-San Bernardino CA PMSA,828,828,104957,3,6,476,8,32,2083,2,12,847,812,812,103015,2,4,267,8,32,2083,2,12,847
9311,4472,8735, ,Ventura CA PMSA,93,93,17254,11,22,2515,4,15,1398,1,11,735,33,33,5890,10,20,2224,0,0,0,0,0,0
9311,4520,9999, ,Louisville KY-IN MSA,365,365,35527,2,4,101,6,24,702,4,36,1330,295,295,30449,1,2,45,6,24,702,4,36,1330
9311,4600,9999, ,Lubbock TX MSA,70,70,8116,0,0,0,0,0,0,0,0,0,68,68,7929,0,0,0,0,0,0,0,0,0
9311,4640,9999, ,Lynchburg VA MSA,84,84,8315,1,2,60,0,0,0,0,0,0,74,74,7256,0,0,0,0,0,0,0,0,0
9311,4680,9999, ,Macon GA MSA,120,120,7631,0,0,0,0,0,0,1,13,525,75,75,4012,0,0,0,0,0,0,0,0,0
9311,4720,9999, ,Madison WI MSA,206,206,23748,15,30,2019,3,12,653,15,185,7289,186,186,21217,13,26,1750,3,12,653,13,172,6906
9311,4800,9999, ,Mansfield OH MSA,20,20,1868,2,4,170,0,0,0,7,47,1321,17,17,1563,2,4,170,0,0,0,7,47,1321
9311,4880,9999, ,McAllen-Edinburg-Mission TX MSA,100,100,6302,4,8,136,1,4,62,7,35,846,14,14,1146,2,4,35,0,0,0,4,20,390
9311,4890,9999, ,Medford-Ashland OR MSA,81,81,8724,1,2,45,2,7,410,2,11,540,75,75,8011,1,2,45,1,4,224,1,6,332
9311,4900,9999, ,Melbourne-Titusville-Palm Bay FL MSA,224,224,22946,0,0,0,0,0,0,2,23,1228,210,210,21443,0,0,0,0,0,0,1,18,1000
9311,4920,9999, ,Memphis TN-AR-MS MSA,604,604,56906,1,2,80,0,0,0,0,0,0,599,599,56657,1,2,80,0,0,0,0,0,0
9311,4940,9999, ,Merced CA MSA,107,107,10737,0,0,0,0,0,0,0,0,0,107,107,10737,0,0,0,0,0,0,0,0,0
9311,4992,2680, ,Fort Lauderdale FL PMSA,846,846,96901,6,12,494,6,24,2151,1,6,246,841,841,96558,6,12,494,6,24,2151,1,6,246
9311,4992,5000, ,Miami FL PMSA,302,302,26477,2,4,160,1,4,182,23,368,15360,295,295,24644,2,4,160,1,4,182,23,368,15360
9311,5082,5080, ,Milwaukee-Waukesha WI PMSA,424,424,55731,10,20,1891,1,4,105,19,190,8827,339,339,44017,9,18,1756,1,4,105,16,164,7760
9311,5082,6600, ,Racine WI PMSA,50,50,5728,2,4,212,0,0,0,5,36,2015,10,10,1588,1,2,95,0,0,0,2,20,1500
9311,5120,9999, ,Minneapolis-St. Paul MN-WI MSA,1361,1361,166399,9,18,1514,5,20,1351,13,98,5053,1197,1197,149916,9,18,1514,4,16,1090,10,75,3942
9311,5160,9999, ,Mobile AL MSA,110,110,8696,1,2,143,0,0,0,0,0,0,100,100,7896,1,2,143,0,0,0,0,0,0
9311,5170,9999, ,Modesto CA MSA,161,161,15293,0,0,0,0,0,0,0,0,0,161,161,15293,0,0,0,0,0,0,0,0,0
9311,5200,9999, ,Monroe LA MSA,23,23,2581,0,0,0,0,0,0,0,0,0,23,23,2581,0,0,0,0,0,0,0,0,0
9311,5240,9999, ,Montgomery AL MSA,82,82,6240,0,0,0,0,0,0,0,0,0,82,82,6240,0,0,0,0,0,0,0,0,0
9311,5280,9999, ,Muncie IN MSA,10,10,1099,0,0,0,4,15,960,0,0,0,10,10,1099,0,0,0,4,15,960,0,0,0
9311,5330,9999, ,Myrtle Beach SC MSA,107,107,8599,1,2,132,0,0,0,8,65,2749,107,107,8599,1,2,132,0,0,0,8,65,2749
9311,5345,9999, ,Naples FL MSA,172,172,18634,0,0,0,4,16,1519,6,68,5582,172,172,18634,0,0,0,4,16,1519,6,68,5582
9311,5360,9999, ,Nashville TN MSA,656,656,65449,3,6,222,0,0,0,0,0,102,635,635,63604,3,6,222,0,0,0,0,0,102
9311,5520,9999, ,New London-Norwich CT-RI MSA,64,64,5859,0,0,0,0,0,0,0,0,0,63,63,5782,0,0,0,0,0,0,0,0,0
9311,5560,9999, ,New Orleans LA MSA,253,253,19926,3,6,185,0,0,0,0,0,0,241,241,18935,3,6,185,0,0,0,0,0,0
9311,5602,1160, ,Bridgeport CT PMSA,122,122,8956,0,0,0,1,4,129,1,5,219,117,117,8636,0,0,0,1,4,129,1,5,219
9311,5602,1930, ,Danbury CT PMSA,69,69,9900,1,2,85,0,0,0,0,0,0,69,69,9900,1,2,85,0,0,0,0,0,0
9311,5602,2281, ,Dutchess County NY PMSA,39,39,5108,0,0,0,0,0,0,0,0,0,25,25,3132,0,0,0,0,0,0,0,0,0
9311,5602,5480, ,New Haven-Meriden CT PMSA,102,102,10725,1,2,78,0,0,0,1,11,400,95,95,9470,0,0,0,0,0,0,1,11,400
9311,5602,5600, ,New York-Newark NY-NJ-PA PMSA,1690,1690,178123,167,334,20874,37,113,6318,26,224,9335,1449,1449,150077,158,316,19789,36,110,6205,15,146,6108
9311,5602,5950, ,Orange County NY PMSA,71,71,7445,2,4,180,1,3,127,1,5,163,58,58,6370,2,4,180,0,0,0,0,0,0
9311,5602,8040, ,Stamford-Norwalk CT PMSA,20,20,6928,1,2,131,0,0,0,1,5,437,9,9,2690,1,2,131,0,0,0,0,0,0
9311,5602,8480, ,Trenton NJ PMSA,41,41,4218,0,0,0,0,0,0,0,0,0,31,31,3143,0,0,0,0,0,0,0,0,0
9311,5720,9999, ,Norfolk-Virginia Beach-Newport News VA-NC MSA,650,650,54571,0,0,0,0,0,0,7,56,2853,605,605,50882,0,0,0,0,0,0,7,56,2853
9311,5790,9999, ,Ocala FL MSA,151,151,6657,0,0,0,0,0,0,0,0,0,151,151,6657,0,0,0,0,0,0,0,0,0
9311,5800,9999, ,Odessa-Midland TX MSA,25,25,2950,0,0,0,0,0,0,0,0,0,15,15,1598,0,0,0,0,0,0,0,0,0
9311,5880,9999, ,Oklahoma City OK MSA,314,314,30563,0,0,0,0,0,0,0,0,0,306,306,29674,0,0,0,0,0,0,0,0,0
9311,5920,9999, ,Omaha NE-IA MSA,234,234,19356,3,6,454,3,10,398,2,76,2312,226,226,18538,3,6,454,2,7,318,2,76,2312
9311,5960,9999, ,Orlando FL MSA,912,912,84760,0,0,0,1,4,215,51,524,13665,907,907,84367,0,0,0,1,4,215,51,524,13665
9311,5990,9999, ,Owensboro KY MSA,24,24,1764,0,0,0,0,0,0,0,0,0,8,8,857,0,0,0,0,0,0,0,0,0
9311,6015,9999, ,Panama City FL MSA,76,76,4205,0,0,0,0,0,0,0,0,0,76,76,4205,0,0,0,0,0,0,0,0,0
9311,6020,9999, ,Parkersburg-Marietta WV-OH MSA,6,6,481,0,0,0,0,0,0,0,0,0,4,4,186,0,0,0,0,0,0,0,0,0
9311,6080,9999, ,Pensacola FL MSA,232,232,20648,2,4,171,0,0,0,0,0,0,232,232,20648,2,4,171,0,0,0,0,0,0
9311,6120,9999, ,Peoria-Pekin IL MSA,51,51,5560,1,2,110,0,0,0,0,0,0,48,48,5285,1,2,110,0,0,0,0,0,0
9311,6162,0560, ,Atlantic-Cape May NJ PMSA,79,79,5957,9,18,1451,0,0,0,1,9,473,61,61,4317,9,18,1451,0,0,0,0,0,0
9311,6162,6160, ,Philadelphia PA-NJ PMSA,1304,1304,116639,11,22,1144,0,0,0,5,35,2055,1092,1092,97038,6,12,612,0,0,0,0,0,0
9311,6162,8760, ,Vineland-Millville-Bridgeton NJ PMSA,26,26,2169,0,0,0,0,0,0,0,0,0,23,23,1929,0,0,0,0,0,0,0,0,0
9311,6162,9160, ,Wilmington-Newark DE-MD PMSA,189,189,11903,0,0,0,0,0,0,0,0,0,176,176,10949,0,0,0,0,0,0,0,0,0
9311,6200,9999, ,Phoenix-Mesa AZ MSA,1831,1831,210729,3,6,414,2,8,300,23,202,11486,1812,1812,208453,2,4,296,2,8,300,23,202,11486
9311,6240,9999, ,Pine Bluff AR MSA,6,6,254,0,0,0,0,0,0,0,0,0,6,6,254,0,0,0,0,0,0,0,0,0
9311,6280,9999, ,Pittsburgh PA MSA,476,476,51992,2,4,299,3,9,205,3,16,545,365,365,39164,0,0,0,1,3,145,0,0,0
9311,6320,9999, ,Pittsfield MA MSA,2,2,165,0,0,0,0,0,0,0,0,0,0,0,0,0,0,0,0,0,0,0,0,0
9311,6400,9999, ,Portland ME MSA,110,110,10573,0,0,0,0,0,0,1,20,900,90,90,8611,0,0,0,0,0,0,1,20,900
9311,6442,6440, ,Portland-Vancouver OR-WA PMSA,820,820,97576,3,6,422,2,8,512,30,357,16385,807,807,96416,3,6,422,2,8,512,30,357,16385
9311,6442,7080, ,Salem OR PMSA,121,121,12127,7,14,713,0,0,0,3,17,646,65,65,6915,5,10,535,0,0,0,0,0,0
9311,6480,9999, ,Providence-Fall River-Warwick RI-MA MSA,236,236,22350,4,8,307,0,0,0,1,5,185,178,178,17146,1,2,105,0,0,0,0,0,0
9311,6520,9999, ,Provo-Orem UT MSA,156,156,14949,1,2,88,5,20,902,4,33,1552,156,156,14949,1,2,88,5,20,902,4,33,1552
9311,6560,9999, ,Pueblo CO MSA,30,30,3189,0,0,0,0,0,0,0,0,0,30,30,3189,0,0,0,0,0,0,0,0,0
9311,6580,9999, ,Punta Gorda FL MSA,83,83,7046,0,0,0,0,0,0,1,8,253,83,83,7046,0,0,0,0,0,0,1,8,253
9311,6640,9999, ,Raliegh-Durham-Chapel Hill NC MSA,857,857,89041,5,10,999,2,6,183,3,34,1358,747,747,79000,4,8,917,0,0,0,1,12,687
9311,6660,9999, ,Rapid City SD MSA,29,29,2536,1,2,47,0,0,0,1,6,239,13,13,1316,0,0,0,0,0,0,0,0,0
9311,6680,9999, ,Reading PA MSA,62,62,5894,0,0,0,0,0,0,1,6,301,59,59,5352,0,0,0,0,0,0,1,6,301
9311,6690,9999, ,Redding CA MSA,73,73,6740,0,0,0,2,8,510,0,0,0,73,73,6740,0,0,0,2,8,510,0,0,0
9311,6720,9999, ,Reno NV MSA,188,188,21274,0,0,0,0,0,0,0,0,0,163,163,18747,0,0,0,0,0,0,0,0,0
9311,6740,9999, ,Richland-Kennewick-Pasco WA MSA,83,83,9231,2,4,120,0,0,0,0,0,0,67,67,7382,2,4,120,0,0,0,0,0,0
9311,6760,9999, ,Richmond-Petersburg VA MSA,427,427,34018,1,2,172,1,3,257,0,0,0,426,426,33972,1,2,172,1,3,257,0,0,0
9311,6800,9999, ,Roanoke VA MSA,51,51,2717,1,2,73,0,0,0,0,0,0,44,44,2398,0,0,0,0,0,0,0,0,0
9311,6820,9999, ,Rochester MN MSA,54,54,5834,0,0,0,3,12,594,0,0,0,54,54,5834,0,0,0,3,12,594,0,0,0
9311,6840,9999, ,Rochester NY MSA,201,201,21008,0,0,0,0,0,0,5,159,8443,137,137,15821,0,0,0,0,0,0,3,144,7868
9311,6880,9999, ,Rockford IL MSA,115,115,9531,2,4,120,0,0,0,0,0,0,114,114,9459,2,4,120,0,0,0,0,0,0
9311,6895,9999, ,Rocky Mounty NC MSA,36,36,3134,0,0,0,0,0,0,0,0,0,36,36,3134,0,0,0,0,0,0,0,0,0
9311,6922,6920, ,Sacramento CA PMSA,607,607,72065,3,6,295,0,0,0,0,0,0,607,607,72065,3,6,295,0,0,0,0,0,0
9311,6922,9270, ,Yolo CA PMSA,33,33,4375,1,2,147,1,3,189,0,0,0,26,26,3570,1,2,147,1,3,189,0,0,0
9311,6960,9999, ,Saginaw-Bay City-Midland MI MSA,50,50,5165,3,6,257,0,0,0,0,0,0,48,48,5065,3,6,257,0,0,0,0,0,0
9311,6980,9999, ,St. Cloud MN MSA,35,35,2753,0,0,0,0,0,0,2,17,460,3,3,213,0,0,0,0,0,0,0,0,0
9311,7000,9999, ,St. Joseph MO MSA,12,12,1521,2,4,180,0,0,0,0,0,0,12,12,1521,2,4,180,0,0,0,0,0,0
9311,7040,9999, ,St. Louis MO-IL MSA,879,879,84042,14,28,1548,11,44,2336,5,198,9445,824,824,78691,13,26,1441,11,44,2336,5,198,9445
9311,7120,9999, ,Salinas CA MSA,85,85,8958,4,8,733,1,3,222,0,0,0,77,77,8192,4,8,733,1,3,222,0,0,0
9311,7160,9999, ,Salt Lake City-Ogden UT MSA,563,563,58923,1,2,109,4,16,658,24,405,17707,428,428,45220,1,2,109,4,16,658,23,400,17508
9311,7200,9999, ,San Angelo TX MSA,19,19,1628,0,0,0,0,0,0,0,0,0,19,19,1628,0,0,0,0,0,0,0,0,0
9311,7240,9999, ,San Antonio TX MSA,352,352,26608,0,0,0,0,0,0,0,0,0,341,341,25636,0,0,0,0,0,0,0,0,0
9311,7320,9999, ,San Diego CA MSA,643,643,87808,17,34,4084,4,12,1009,0,0,0,643,643,87808,17,34,4084,4,12,1009,0,0,0
9311,7362,5775, ,Oakland CA PMSA,257,257,43060,2,4,379,1,4,347,6,69,6345,228,228,38014,2,4,379,1,4,347,5,50,5251
9311,7362,7360, ,San Francisco CA PMSA,90,90,19125,1,2,148,1,3,189,1,5,292,73,73,14971,1,2,148,1,3,189,1,5,292
9311,7362,7400, ,San Jose CA PMSA,85,85,15854,0,0,0,1,4,252,3,20,1167,83,83,15060,0,0,0,1,4,252,3,20,1167
9311,7362,7485, ,Santa Cruz-Watsonville CA PMSA,12,12,1210,0,0,0,0,0,0,0,0,0,12,12,1210,0,0,0,0,0,0,0,0,0
9311,7362,7500, ,Santa Rosa CA PMSA,142,142,17860,1,2,133,0,0,0,0,0,0,133,133,16910,1,2,133,0,0,0,0,0,0
9311,7362,8720, ,Vallejo-Fairfield-Napa CA PMSA,137,137,18213,0,0,0,1,3,225,1,7,306,54,54,8419,0,0,0,0,0,0,0,0,0
9311,7460,9999, ,San Luis Obispo-Atascadero-Paso Robles CA MSA,31,31,4415,0,0,0,0,0,0,0,0,0,27,27,3873,0,0,0,0,0,0,0,0,0
9311,7480,9999, ,Santa Barbara-Santa Maria-Lompoc CA MSA,18,18,3705,1,2,135,0,0,0,0,0,0,18,18,3705,1,2,135,0,0,0,0,0,0
9311,7490,9999, ,Santa Fe NM MSA,36,36,4354,1,2,60,0,0,0,0,0,0,2,2,246,0,0,0,0,0,0,0,0,0
9311,7510,9999, ,Sarasota-Bradenton FL MSA,292,292,25096,2,4,239,0,0,0,1,6,300,291,291,24979,2,4,239,0,0,0,1,6,300
9311,7520,9999, ,Savannah GA MSA,100,100,9938,1,2,128,0,0,0,0,0,0,98,98,9759,0,0,0,0,0,0,0,0,0
9311,7560,9999, ,Scranton--Wilkes-Barre--Hazleton PA MSA,40,40,2835,0,0,0,0,0,0,0,0,0,37,37,2635,0,0,0,0,0,0,0,0,0
9311,7602,1150, ,Bremerton WA PMSA,114,114,9088,4,8,456,0,0,0,0,0,0,106,106,7492,4,8,456,0,0,0,0,0,0
9311,7602,5910, ,Olympia WA PMSA,117,117,12057,2,4,272,0,0,0,0,0,0,76,76,8755,1,2,132,0,0,0,0,0,0
9311,7602,7600, ,Seattle-Bellevue-Everett WA PMSA,633,633,70525,10,20,1518,4,13,758,65,717,38241,516,516,56956,8,16,1303,2,7,440,60,676,35472
9311,7602,8200, ,Tacoma WA PMSA,323,323,31484,7,14,826,0,0,0,0,0,0,315,315,30614,7,14,826,0,0,0,0,0,0
9311,7610,9999, ,Sharon PA MSA,2,2,253,0,0,0,0,0,0,0,0,0,2,2,253,0,0,0,0,0,0,0,0,0
9311,7620,9999, ,Sheboygan WI MSA,10,10,849,1,2,160,0,0,0,0,0,0,10,10,849,1,2,160,0,0,0,0,0,0
9311,7640,9999, ,Sherman-Denison TX MSA,0,0,0,0,0,0,0,0,0,0,0,0,0,0,0,0,0,0,0,0,0,0,0,0
9311,7680,9999, ,Shreveport-Bossier City LA MSA,39,39,4213,0,0,0,0,0,0,0,0,0,39,39,4213,0,0,0,0,0,0,0,0,0
9311,7720,9999, ,Sioux City IA-NE MSA,18,18,1458,2,4,148,0,0,0,1,12,374,8,8,696,1,2,24,0,0,0,0,0,0
9311,7760,9999, ,Sioux Falls SD MSA,59,59,4329,0,0,0,0,0,0,0,0,0,56,56,4173,0,0,0,0,0,0,0,0,0
9311,7800,9999, ,South Bend IN MSA,99,99,11767,0,0,0,0,0,0,0,0,0,99,99,11767,0,0,0,0,0,0,0,0,0
9311,7840,9999, ,Spokane WA MSA,176,176,18003,9,18,1541,1,4,282,0,0,0,176,176,18003,9,18,1541,1,4,282,0,0,0
9311,7880,9999, ,Springfield IL MSA,67,67,6716,7,14,825,0,0,0,1,5,133,16,16,1716,0,0,0,0,0,0,0,0,0
9311,7920,9999, ,Springfield MO MSA,128,128,7732,3,6,233,0,0,0,0,0,0,128,128,7732,3,6,233,0,0,0,0,0,0
9311,8000,9999, ,Springfield MA MSA,105,105,12138,4,8,440,0,0,0,0,0,0,97,97,11168,4,8,440,0,0,0,0,0,0
9311,8050,9999, ,State College PA MSA,28,28,3207,0,0,0,0,0,0,1,6,219,5,5,728,0,0,0,0,0,0,0,0,0
9311,8080,9999, ,Steubenville-Weirton OH-WV MSA,3,3,160,0,0,0,0,0,0,0,0,0,3,3,160,0,0,0,0,0,0,0,0,0
9311,8120,9999, ,Stockton-Lodi CA MSA,142,142,13642,1,2,131,0,0,0,0,0,0,142,142,13642,1,2,131,0,0,0,0,0,0
9311,8140,9999, ,Sumter SC MSA,45,45,2335,0,0,0,0,0,0,0,0,0,45,45,2335,0,0,0,0,0,0,0,0,0
9311,8160,9999, ,Syracuse NY MSA,143,143,12497,1,2,49,1,4,120,1,5,107,94,94,8403,0,0,0,1,4,120,0,0,0
9311,8240,9999, ,Tallahassee FL MSA,147,147,12852,6,12,512,0,0,0,1,5,114,135,135,11975,6,12,512,0,0,0,0,0,0
9311,8280,9999, ,Tampa-St. Petersburg-Clearwater FL MSA,781,781,66679,9,18,1055,3,11,808,20,395,22534,762,762,64513,9,18,1055,3,11,808,19,386,21992
9311,8320,9999, ,Terre Haute IN MSA,34,34,3001,0,0,0,0,0,0,0,0,0,26,26,2692,0,0,0,0,0,0,0,0,0
9311,8360,9999, ,Texarkana TX-Texarkana AR MSA,13,13,1111,0,0,0,0,0,0,0,0,0,13,13,1111,0,0,0,0,0,0,0,0,0
9311,8400,9999, ,Toledo OH MSA,112,112,11344,0,0,0,1,4,208,0,0,0,111,111,11256,0,0,0,1,4,208,0,0,0
9311,8440,9999, ,Topeka KS MSA,52,52,4935,2,4,220,0,0,0,5,34,1136,52,52,4935,2,4,220,0,0,0,5,34,1136
9311,8520,9999, ,Tucson AZ MSA,442,442,48400,3,6,367,0,0,0,0,0,0,382,382,41800,3,6,367,0,0,0,0,0,0
9311,8560,9999, ,Tulsa OK MSA,222,222,20935,1,2,91,0,0,0,0,0,0,213,213,20193,1,2,91,0,0,0,0,0,0
9311,8600,9999, ,Tuscaloosa AL MSA,50,50,2746,0,0,0,0,0,0,0,0,0,50,50,2746,0,0,0,0,0,0,0,0,0
9311,8640,9999, ,Tyler TX MSA,17,17,2518,0,0,0,0,0,0,0,0,0,17,17,2518,0,0,0,0,0,0,0,0,0
9311,8680,9999, ,Utica-Rome NY MSA,6,6,754,0,0,0,0,0,0,0,0,0,6,6,754,0,0,0,0,0,0,0,0,0
9311,8750,9999, ,Victoria TX MSA,19,19,1685,0,0,0,0,0,0,0,0,0,19,19,1685,0,0,0,0,0,0,0,0,0
9311,8780,9999, ,Visalia-Tulare-Porterville CA MSA,100,100,9011,0,0,0,1,3,154,0,0,0,94,94,8517,0,0,0,0,0,0,0,0,0
9311,8800,9999, ,Waco TX MSA,15,15,1616,0,0,0,0,0,0,0,0,0,11,11,1005,0,0,0,0,0,0,0,0,0
9311,8872,0720, ,Baltimore MD PMSA,866,866,76230,0,0,0,0,0,0,5,69,2778,858,858,75710,0,0,0,0,0,0,4,64,2625
9311,8872,3180, ,Hagerstown MD PMSA,50,50,4614,0,0,0,0,0,0,0,0,0,49,49,4528,0,0,0,0,0,0,0,0,0
9311,8872,8840, ,Washington DC-MD-VA-WV PMSA,2105,2105,203462,2,4,385,0,0,0,31,550,18037,2080,2080,200544,2,4,385,0,0,0,30,543,17862
9311,8880,9999, ,Waterbury CT MSA,44,44,4761,4,8,208,0,0,0,0,0,0,42,42,4553,4,8,208,0,0,0,0,0,0
9311,8920,9999, ,Waterloo-Cedar Falls IA MSA,7,7,823,0,0,0,0,0,0,0,0,0,7,7,823,0,0,0,0,0,0,0,0,0
9311,8940,9999, ,Wausau WI MSA,6,6,622,0,0,0,0,0,0,0,0,0,4,4,455,0,0,0,0,0,0,0,0,0
9311,8960,9999, ,West Palm Beach-Boca Raton FL MSA,499,499,53477,2,4,180,2,8,596,2,16,805,495,495,52060,2,4,180,2,8,596,2,16,805
9311,9000,9999, ,Wheeling WV-OH MSA,5,5,477,1,2,60,0,0,0,0,0,0,3,3,218,0,0,0,0,0,0,0,0,0
9311,9040,9999, ,Wichita KS MSA,220,220,19700,1,2,118,0,0,0,1,5,55,199,199,18585,1,2,118,0,0,0,0,0,0
9311,9080,9999, ,Wichita Falls TX MSA,19,19,2828,0,0,0,0,0,0,0,0,0,19,19,2828,0,0,0,0,0,0,0,0,0
9311,9140,9999, ,Williamsport PA MSA,6,6,947,0,0,0,0,0,0,2,15,522,6,6,947,0,0,0,0,0,0,1,10,340
9311,9200,9999, ,Wilmington NC MSA,158,158,14084,1,2,85,13,52,3372,0,0,0,154,154,13798,1,2,85,13,52,3372,0,0,0
9311,9260,9999, ,Yakima WA MSA,28,28,3040,2,4,196,0,0,0,2,10,458,28,28,3040,2,4,196,0,0,0,2,10,458
9311,9280,9999, ,York PA MSA,127,127,12559,3,6,175,0,0,0,0,0,0,110,110,11397,0,0,0,0,0,0,0,0,0
9311,9320,9999, ,Youngstown-Warren OH MSA,81,81,9897,3,6,430,2,7,504,8,57,1845,80,80,9824,3,6,430,2,7,504,8,57,1845
9311,9340,9999, ,Yuba City CA MSA,88,88,8400,1,2,118,0,0,0,0,0,0,56,56,5144,0,0,0,0,0,0,0,0,0
9311,9360,9999, ,Yuma AZ MSA,34,34,2268,0,0,0,0,0,0,0,0,0,34,34,2268,0,0,0,0,0,0,0,0,0
9311,1122,9999,,Boston-Brockton-Nashua MA-NH-ME-CT CMSA ,1378,1378,153074,15,30,1896,1,3,270,7,79,3925,845,845,94290,8,16,992,0,0,0,2,53,2315
9311,1602,9999,,Chicago-Gary-Kenosha IL-IN-WI CMSA,2640,2640,311006,26,52,4096,20,74,5751,31,713,34363,2347,2347,279339,16,32,2973,20,74,5751,27,693,33657
9311,1642,9999,,Cincinnati-Hamilton OH-KY-IN CMSA ,800,800,80321,11,22,661,6,21,930,10,66,2343,611,611,63852,8,16,426,4,15,732,6,36,1421
9311,1692,9999,,Cleveland-Akron OH CMSA ,675,675,94977,10,20,1215,14,50,2969,8,56,3576,513,513,73740,6,12,754,12,44,2713,6,44,3115
9311,1922,9999,,Dallas-Fort Worth TX CMSA ,1631,1631,198195,1,2,235,0,0,0,0,0,0,1517,1517,177357,1,2,235,0,0,0,0,0,0
9311,2082,9999,,Denver-Boulder-Greeley CO CMSA,1151,1151,148361,3,6,764,2,8,460,1,6,384,1016,1016,132885,3,6,764,2,8,460,1,6,384
9311,2162,9999,,Detroit-Ann Arbor-Flint MI CMSA ,1367,1367,149805,6,12,808,5,19,1332,29,433,17489,1108,1108,125145,5,10,731,3,12,789,18,325,13272
9311,3362,9999,,Houston-Galveston-Brazoria TX CMSA,985,985,109606,1,2,85,3,11,530,13,188,7482,910,910,101379,1,2,85,2,8,408,11,167,6849
9311,4472,9999,,Los Angeles-Riverside-Orange County CA CMSA ,1604,1604,223191,25,50,4665,18,65,4761,21,280,17986,1431,1431,193882,20,40,3760,11,41,2952,15,236,15057
9311,4992,9999,,Miami-Fort Lauderdale FL CMSA ,1148,1148,123378,8,16,654,7,28,2333,24,374,15606,1136,1136,121202,8,16,654,7,28,2333,24,374,15606
9311,5082,9999,,Milwaukee-Racine WI CMSA,474,474,61459,12,24,2103,1,4,105,24,226,10842,349,349,45605,10,20,1851,1,4,105,18,184,9260
9311,5602,9999,,New York-Northern New Jersey-Long Island NY-NJ-CT-PA CMSA ,2154,2154,231403,172,344,21348,39,120,6574,30,250,10554,1853,1853,193418,162,324,20185,37,114,6334,17,162,6727
9311,6162,9999,,Philadelphia-Wilmington-Atlantic City PA-NJ-DE-MD CMSA,1598,1598,136668,20,40,2595,0,0,0,6,44,2528,1352,1352,114233,15,30,2063,0,0,0,0,0,0
9311,6442,9999,,Portland-Salem OR-WA CMSA ,941,941,109703,10,20,1135,2,8,512,33,374,17031,872,872,103331,8,16,957,2,8,512,30,357,16385
9311,6922,9999,,Sacramento-Yolo CA CMSA ,640,640,76440,4,8,442,1,3,189,0,0,0,633,633,75635,4,8,442,1,3,189,0,0,0
9311,7362,9999,,San Francisco-Oakland-San Jose CA CMSA,723,723,115322,4,8,660,4,14,1013,11,101,8110,583,583,94584,4,8,660,3,11,788,9,75,6710
9311,7602,9999,,Seattle-Tacoma-Bremerton WA CMSA,1187,1187,123154,23,46,3072,4,13,758,65,717,38241,1013,1013,103817,20,40,2717,2,7,440,60,676,35472
9311,8872,9999,,Washington-Baltimore DC-MD-VA-WV CMSA ,3021,3021,284306,2,4,385,0,0,0,36,619,20815,2987,2987,280782,2,4,385,0,0,0,34,607,20487
