series {
  title = "bps_permits 26140"
  start = 2014.1
  period = 12
  data = (
15
16
19
19
19
19
20
19
17
18
13
18
16
16
20
23
22
24
22
21
21
21
18
18
18
31
25
32
33
35
35
39
35
29
27
28
32
36
39
45
50
52
48
49
40
46
39
37
47
43
49
53
49
49
40
49
40
46
42
40
42
41
49
47
52
73
77
81
71
80
65
65
77
77
85
61
59
72
81
80
82
79
71
76
81
73
97
99
94
99
89
85
82
82
74
79
150
88
103
176
167
158
130
143
130
116
100
90
144
113
145
127
145
147
137
151
129
139
118
122
285
140
144
228
219
196
200
201
171
187
211
161
168
183
169
211
207
165
176
152
138
195
147
218
148
149
115
174
140
189
  )
}
transform { function = none }
regression { aictest = (td easter) }
automdl {}
x11 { mode = add save = (d10 d11) }
