series {
  title = "bps_permits 22420"
  start = 2004.1
  period = 12
  data = (
88
126
180
226
207
247
260
199
205
283
231
135
46
185
91
97
85
121
68
85
81
116
63
47
48
37
55
71
57
48
100
39
97
29
14
23
46
28
37
27
29
24
10
22
12
22
13
8
8
38
4
17
17
15
10
8
7
12
4
1
2
6
3
7
10
42
4
8
32
4
4
0
1
6
7
6
2
5
5
3
10
9
4
1
1
0
3
3
9
4
1
3
5
4
1
3
3
6
7
7
7
7
9
13
3
9
3
3
2
2
5
14
18
12
21
11
19
18
10
6
14
15
18
17
15
44
48
20
44
16
15
11
3
5
9
10
17
11
12
11
8
38
2
6
3
1
9
61
12
13
18
14
9
10
9
8
10
15
26
6
19
30
9
9
9
23
8
6
14
14
7
37
26
31
9
19
35
118
11
8
9
18
22
42
31
18
20
21
51
32
18
22
8
16
18
17
26
35
34
14
38
44
25
37
35
17
35
41
33
32
26
22
29
35
32
23
42
21
104
29
27
44
18
26
23
19
10
10
17
4
15
20
26
31
28
58
27
129
16
45
10
23
23
36
66
29
45
26
39
50
18
21
24
17
45
46
46
47
39
27
57
37
26
25
33
34
39
38
40
43
  )
}
transform { function = none }
regression { aictest = (td easter) }
automdl {}
x11 { mode = add save = (d10 d11) }
