series {
  title = "bps_permits 39340"
  start = 2004.1
  period = 12
  data = (
375
313
411
435
301
483
343
399
414
308
345
291
336
469
479
439
415
439
373
539
509
388
499
373
424
503
553
465
570
631
525
772
504
528
494
374
394
395
463
516
464
497
489
407
239
209
187
94
101
96
158
125
122
129
139
80
93
128
46
60
63
44
84
131
151
154
140
173
170
157
111
105
93
135
256
185
164
124
99
372
129
121
102
90
69
84
129
115
253
174
110
158
167
367
109
130
146
134
209
190
278
242
208
266
162
197
496
130
151
180
286
271
419
319
279
332
252
300
168
249
202
565
305
239
249
315
353
319
493
244
693
192
177
244
364
575
579
736
302
402
376
515
359
229
344
334
400
451
415
688
513
551
415
484
511
228
407
450
803
534
616
565
538
620
796
494
769
616
451
449
564
513
857
683
667
787
470
565
394
550
358
489
548
922
629
512
587
533
450
578
1014
569
593
502
762
595
493
717
632
748
700
829
669
712
854
886
1018
1450
932
1149
881
1199
816
755
667
888
828
1207
988
794
946
702
509
572
443
306
322
672
685
245
400
349
432
596
504
549
483
485
960
495
552
383
550
651
577
517
410
496
484
770
466
496
494
651
586
698
618
535
466
746
440
981
452
570
900
470
424
479
385
418
  )
}
transform { function = none }
regression { aictest = (td easter) }
automdl {}
x11 { mode = add save = (d10 d11) }
