series {
  title = "bps_permits 33860"
  start = 2004.1
  period = 12
  data = (
91
153
282
197
165
155
179
119
101
131
113
121
162
157
154
165
299
163
125
140
140
82
664
91
132
132
165
149
141
154
150
91
81
132
95
143
123
124
100
136
107
106
362
68
378
51
111
28
48
51
64
47
52
105
49
43
42
18
29
21
54
22
29
31
33
46
36
40
21
62
25
37
31
35
328
49
51
42
90
36
32
22
20
182
35
34
41
40
33
102
27
34
28
30
81
101
35
37
45
39
44
41
49
52
49
63
54
45
65
52
60
63
72
50
60
46
47
44
38
49
38
53
54
55
54
56
100
52
47
349
49
58
83
281
85
73
89
88
110
77
92
67
59
45
60
62
75
81
78
139
60
72
50
44
40
53
67
77
80
61
71
51
61
70
54
47
65
35
57
75
66
77
63
46
35
53
51
44
46
42
51
47
77
84
55
77
51
73
63
59
57
71
59
96
95
66
68
90
99
112
67
65
73
76
72
100
95
127
77
79
92
43
93
64
100
88
79
94
99
90
67
95
46
62
29
35
49
50
53
47
89
50
82
78
62
54
75
50
101
86
67
63
73
81
80
60
99
79
46
59
54
49
52
74
81
77
84
76
78
62
68
62
56
51
88
69
118
64
57
73
  )
}
transform { function = none }
regression { aictest = (td easter) }
automdl {}
x11 { mode = add save = (d10 d11) }
