series {
  title = "bps_permits 46300"
  start = 2018.1
  period = 12
  data = (
29
36
44
47
40
36
58
36
41
45
33
26
26
23
47
77
47
58
47
43
91
31
86
62
48
77
36
64
73
84
97
96
86
56
77
86
69
99
76
79
108
108
56
55
134
90
47
82
35
47
91
93
45
71
48
72
34
23
48
20
23
24
21
66
51
35
48
35
39
38
45
31
42
61
54
65
61
38
62
107
66
109
29
59
51
42
81
73
65
40
30
50
57
72
53
33
37
41
55
73
32
53
  )
}
transform { function = none }
regression { aictest = (td easter) }
automdl {}
x11 { mode = add save = (d10 d11) }
