series {
  title = "bps_permits 28660"
  start = 2004.1
  period = 12
  data = (
245
186
230
202
444
390
301
303
261
272
220
237
251
233
263
252
207
303
306
281
383
192
263
349
441
295
471
212
378
229
422
290
260
469
173
167
185
159
258
205
346
271
213
191
143
190
176
247
173
321
199
264
165
254
152
137
137
87
56
83
59
147
172
176
210
153
147
173
184
148
119
134
157
161
193
179
166
151
135
160
107
101
100
99
120
135
264
141
161
341
143
136
106
86
116
108
201
160
125
183
185
410
168
222
171
154
166
109
214
150
208
194
206
162
174
180
106
159
76
100
159
147
193
231
101
180
154
170
147
148
113
140
184
174
217
227
192
187
157
178
211
156
146
271
168
124
258
198
162
242
156
153
138
163
128
174
163
170
200
193
220
253
171
380
155
174
152
335
156
172
215
233
249
183
181
305
136
321
150
128
175
173
247
259
221
169
214
333
211
229
177
159
243
223
284
273
324
287
293
502
353
314
200
255
224
191
303
275
477
273
416
201
379
294
220
694
256
281
304
299
321
274
292
284
364
379
231
146
277
151
351
295
350
419
344
383
251
312
287
267
244
271
305
331
250
331
273
578
191
351
263
452
191
267
432
292
275
257
271
276
343
248
149
221
255
269
248
278
278
267
  )
}
transform { function = none }
regression { aictest = (td easter) }
automdl {}
x11 { mode = add save = (d10 d11) }
