series {
  title = "bps_permits 47220"
  start = 2004.1
  period = 12
  data = (
26
15
18
46
23
36
29
24
42
24
20
29
19
31
28
38
51
77
64
47
43
48
38
46
49
34
48
54
80
76
52
49
44
41
36
45
26
37
124
68
34
56
39
51
49
23
45
30
32
18
33
51
41
65
40
29
33
25
24
19
16
14
24
20
21
21
22
23
25
20
17
15
17
22
27
31
35
40
20
14
12
14
11
33
17
8
21
13
14
17
14
13
12
16
17
15
13
12
11
21
13
14
20
20
16
15
14
17
11
22
18
20
27
18
23
20
20
25
19
13
18
17
16
19
18
18
13
21
14
34
23
16
8
9
15
21
22
28
21
24
21
24
17
13
19
13
23
21
21
25
11
13
16
19
17
17
15
12
16
14
15
13
6
18
11
7
10
11
6
9
14
8
7
5
8
8
7
10
8
5
3
8
4
7
11
16
25
6
3
5
2
1
5
47
2
1
4
6
20
9
8
28
12
5
10
19
7
6
10
17
12
11
8
11
10
74
16
12
9
12
13
16
10
13
11
7
12
10
13
12
14
12
2
15
6
10
8
9
8
8
16
15
7
85
7
9
12
12
16
10
14
9
23
8
19
29
15
17
14
11
23
19
7
23
24
11
9
18
8
8
  )
}
transform { function = none }
regression { aictest = (td easter) }
automdl {}
x11 { mode = add save = (d10 d11) }
