series {
  title = "bps_permits 41540"
  start = 2004.1
  period = 12
  data = (
40
31
57
82
70
101
180
108
53
76
62
62
51
50
88
58
103
84
39
91
73
52
65
113
60
20
95
65
270
162
14
72
43
65
9
57
37
38
48
42
80
52
11
66
32
34
14
32
35
33
33
36
27
26
33
22
17
16
11
13
12
11
13
14
16
13
9
13
14
16
11
13
9
10
21
15
19
14
8
6
4
12
9
4
3
5
14
10
8
8
3
8
6
14
7
3
2
12
3
8
7
7
2
6
3
8
7
6
6
11
307
12
7
25
25
32
29
33
23
24
203
192
226
187
267
225
261
243
291
389
174
230
209
152
244
233
237
313
352
261
233
231
200
233
238
248
274
237
240
235
205
283
256
247
290
270
198
216
333
265
262
359
254
302
265
355
263
293
247
245
293
264
380
266
253
289
244
323
330
283
394
293
233
168
385
333
407
318
350
306
341
293
385
332
344
301
241
304
447
633
508
572
337
502
440
538
543
455
541
398
416
395
359
375
352
339
351
392
493
560
427
374
374
431
294
520
441
313
260
259
445
360
599
396
389
522
364
444
448
416
8
34
32
13
23
28
34
24
28
43
30
26
16
22
17
8
23
12
29
10
17
32
14
17
12
20
49
16
20
12
  )
}
transform { function = none }
regression { aictest = (td easter) }
automdl {}
x11 { mode = add save = (d10 d11) }
