series {
  title = "bps_permits 17780"
  start = 2004.1
  period = 12
  data = (
102
75
131
100
246
81
71
62
128
48
86
88
370
114
168
104
94
98
50
302
112
66
61
76
120
102
126
136
84
103
115
48
56
50
203
385
357
71
286
173
106
65
80
94
131
217
56
270
97
127
95
213
85
57
271
306
459
183
22
221
30
83
79
56
52
73
102
136
54
38
42
68
87
165
133
84
58
69
52
36
117
32
159
27
49
316
83
71
72
87
41
87
74
68
49
176
55
103
114
214
100
118
301
74
286
77
78
293
70
79
154
80
71
373
64
42
80
243
248
101
98
120
110
407
411
77
156
66
71
56
116
98
132
159
187
217
119
75
94
74
127
159
129
234
548
551
393
198
82
90
111
402
78
162
135
109
222
261
421
191
465
324
79
721
81
76
60
179
179
74
324
96
90
63
104
140
324
48
93
317
175
120
109
103
123
91
221
155
77
119
91
99
136
479
264
178
173
89
108
123
118
144
146
138
155
116
191
189
154
165
157
149
152
322
162
421
208
190
256
163
180
130
107
137
180
106
46
74
117
91
96
124
179
145
288
86
77
79
97
64
187
172
202
135
132
532
100
143
111
369
95
118
186
137
166
170
191
213
229
158
342
143
104
428
82
133
722
200
171
142
  )
}
transform { function = none }
regression { aictest = (td easter) }
automdl {}
x11 { mode = add save = (d10 d11) }
