series {
  title = "bps_permits 39100"
  start = 2004.1
  period = 12
  data = (
224
158
238
250
290
268
330
257
211
217
237
195
72
87
149
251
139
149
147
162
129
125
121
127
62
81
138
101
142
123
133
172
126
103
92
97
89
77
95
88
98
102
128
73
162
81
66
61
57
38
54
72
88
152
51
52
60
88
36
56
22
27
31
42
39
51
40
27
51
55
44
57
31
47
39
407
59
83
63
65
47
35
50
49
110
24
47
38
87
66
26
47
60
70
62
28
30
32
61
80
89
131
110
96
88
187
74
92
87
54
89
84
101
121
77
82
71
87
71
77
  )
}
transform { function = none }
regression { aictest = (td easter) }
automdl {}
x11 { mode = add save = (d10 d11) }
