series {
  title = "bps_permits 48620"
  start = 2004.1
  period = 12
  data = (
230
162
277
297
257
248
252
258
240
200
177
296
139
215
259
311
249
288
298
222
258
266
254
236
225
229
444
178
246
609
207
244
171
337
227
162
181
141
217
243
174
140
115
246
327
203
233
158
221
175
131
178
158
219
152
124
341
140
98
83
71
85
264
222
145
177
141
144
91
153
84
117
87
113
112
127
130
88
103
84
89
72
69
62
45
81
138
63
107
95
106
80
66
72
44
54
61
67
99
57
110
104
89
224
68
108
87
111
74
67
98
147
133
112
131
123
94
167
174
125
59
76
112
119
120
124
123
91
131
117
80
80
50
65
95
87
100
101
281
95
100
100
81
79
58
69
107
159
138
146
143
167
153
154
133
103
103
106
140
143
150
234
117
604
148
148
124
105
112
99
143
144
166
83
143
177
120
160
107
78
93
84
114
196
142
125
128
131
114
134
98
93
103
105
80
101
116
94
106
136
146
154
80
114
130
57
114
145
136
143
145
95
140
110
154
138
231
136
264
335
155
174
253
200
214
209
121
140
255
117
165
160
260
372
154
446
173
183
177
186
153
200
228
230
422
219
175
352
244
272
194
185
182
227
375
288
242
232
199
204
267
259
295
284
147
240
454
437
352
517
  )
}
transform { function = none }
regression { aictest = (td easter) }
automdl {}
x11 { mode = add save = (d10 d11) }
