series {
  title = "bps_permits 46140"
  start = 2004.1
  period = 12
  data = (
290
335
435
416
384
401
349
389
386
355
314
387
297
380
503
434
446
600
412
515
479
387
712
384
367
438
770
485
417
451
395
424
352
349
377
318
308
700
516
413
477
396
428
435
581
361
305
251
291
339
629
318
258
297
256
528
234
193
94
236
163
199
247
235
576
300
270
466
227
264
186
185
171
234
378
246
399
197
182
192
136
125
141
181
128
148
230
464
600
382
216
166
227
276
533
128
306
207
215
400
296
216
233
227
701
244
187
190
404
570
288
257
515
280
269
265
283
210
220
180
508
212
481
307
577
480
334
307
315
251
191
509
306
291
315
247
234
225
316
522
319
328
204
523
206
231
284
362
262
363
450
644
257
272
207
206
226
355
355
267
549
298
240
266
299
321
271
177
213
202
304
278
435
239
223
296
218
605
225
183
211
310
638
301
337
286
373
508
349
393
366
257
271
331
650
327
260
334
510
444
352
359
434
433
393
368
473
481
366
425
347
359
557
387
303
427
555
337
420
347
624
646
279
448
320
363
229
229
218
288
339
346
1009
285
682
443
575
341
361
305
302
357
580
317
424
315
372
380
305
508
268
258
323
341
359
649
375
520
395
552
346
467
244
549
230
223
256
294
579
747
  )
}
transform { function = none }
regression { aictest = (td easter) }
automdl {}
x11 { mode = add save = (d10 d11) }
