series {
  title = "bps_permits 25220"
  start = 2014.1
  period = 12
  data = (
21
46
58
58
54
44
52
72
39
53
25
45
33
40
60
92
54
70
40
32
44
59
46
31
86
61
59
39
81
55
34
54
47
44
44
48
49
65
79
57
98
69
51
67
64
44
56
38
67
24
97
79
83
75
70
71
60
65
57
50
62
62
69
64
65
69
67
78
62
65
55
64
70
79
84
62
42
73
114
84
86
90
53
85
63
78
106
109
55
62
92
94
38
97
74
86
147
146
112
122
135
141
130
169
127
116
81
98
109
115
118
139
143
115
106
108
100
114
82
68
112
102
103
111
106
96
105
104
84
91
78
87
86
105
111
154
61
112
78
50
127
143
49
138
94
67
130
87
120
109
  )
}
transform { function = none }
regression { aictest = (td easter) }
automdl {}
x11 { mode = add save = (d10 d11) }
