series {
  title = "bps_permits 14060"
  start = 2004.1
  period = 12
  data = (
47
64
129
88
209
102
111
70
52
143
57
42
19
74
119
87
69
59
60
87
70
74
64
41
49
60
70
52
57
71
50
57
59
76
35
31
27
76
48
63
47
46
41
31
39
92
36
16
29
31
24
34
34
22
23
23
110
21
48
9
13
17
48
24
26
32
21
96
32
34
18
15
19
16
40
38
28
27
28
37
61
41
48
10
96
16
37
18
29
116
34
26
21
62
41
15
14
31
71
24
24
40
18
27
103
43
52
71
9
30
36
51
53
48
43
49
44
158
36
39
  )
}
transform { function = none }
regression { aictest = (td easter) }
automdl {}
x11 { mode = add save = (d10 d11) }
