series {
  title = "bps_permits 27980"
  start = 2014.1
  period = 12
  data = (
28
35
18
28
41
29
31
30
12
24
28
34
178
52
38
25
44
14
28
31
26
19
19
28
16
37
45
14
94
18
67
34
22
18
168
34
22
70
82
30
163
139
20
49
59
80
24
58
26
47
44
25
60
30
65
147
217
121
26
30
45
19
65
29
163
37
61
98
55
22
30
47
24
19
22
26
26
119
29
34
30
23
148
26
22
40
55
41
48
42
44
41
231
27
242
47
39
43
61
71
61
45
26
27
27
340
45
8
12
32
52
26
23
42
52
50
128
73
38
78
71
149
48
18
40
53
29
52
40
62
205
45
78
40
49
121
137
46
89
93
11
8
9
98
41
21
91
93
44
25
  )
}
transform { function = none }
regression { aictest = (td easter) }
automdl {}
x11 { mode = add save = (d10 d11) }
