series {
  title = "bps_permits 28020"
  start = 2004.1
  period = 12
  data = (
92
49
105
113
122
111
128
177
126
97
124
81
53
119
82
77
99
78
82
76
61
87
63
63
53
72
75
53
78
74
77
61
218
133
52
39
26
29
40
38
85
90
31
173
30
39
30
19
37
23
32
54
91
39
72
26
23
25
30
23
16
24
27
19
22
31
30
46
31
27
18
16
16
28
28
31
11
15
26
23
21
28
36
15
12
6
25
20
20
22
18
22
26
18
22
17
21
20
20
27
27
36
36
34
30
33
34
31
24
30
21
36
36
34
63
36
34
35
80
19
12
16
36
40
38
47
50
75
47
38
28
22
9
5
8
19
8
6
12
19
14
10
6
6
9
7
10
6
11
12
8
13
13
9
9
9
8
7
10
11
8
5
8
11
11
11
7
8
16
6
6
6
5
10
6
10
7
10
8
6
4
5
4
10
9
4
7
14
8
9
7
12
6
5
9
8
8
11
12
12
8
12
8
76
5
8
15
23
7
21
19
6
18
8
18
9
28
31
52
32
44
30
23
38
115
22
25
21
18
18
226
34
57
41
28
83
34
23
19
18
17
27
27
29
48
31
31
25
38
47
31
27
22
56
47
93
31
24
29
33
22
40
24
21
18
28
62
56
30
54
  )
}
transform { function = none }
regression { aictest = (td easter) }
automdl {}
x11 { mode = add save = (d10 d11) }
