series {
  title = "bps_permits 40340"
  start = 2004.1
  period = 12
  data = (
67
68
144
171
157
160
170
138
153
145
105
169
71
76
114
125
117
124
119
100
124
113
130
76
61
77
97
90
100
99
64
102
72
81
52
83
41
90
38
64
63
99
75
78
40
52
45
17
23
19
34
36
56
46
100
31
46
38
29
20
44
3
20
31
56
46
40
42
103
40
63
25
15
9
42
37
126
44
34
23
18
62
30
18
6
10
36
22
21
32
16
29
27
21
38
45
7
25
36
37
32
40
49
46
96
33
34
24
26
21
36
66
53
50
57
82
49
51
33
29
20
23
88
50
61
66
55
57
42
123
46
120
20
24
346
23
19
111
416
35
32
417
24
44
219
222
34
42
73
121
153
210
154
27
78
147
17
22
52
116
109
164
51
141
216
126
56
35
156
71
26
43
161
50
42
335
428
85
25
27
13
14
26
54
29
35
40
104
65
32
50
356
18
14
36
99
23
26
33
23
54
92
29
30
25
14
44
24
32
33
27
223
27
19
25
195
32
156
328
79
45
148
238
268
222
47
94
55
21
131
33
161
49
50
169
236
69
108
37
25
483
256
144
71
56
102
94
56
40
95
99
46
33
23
71
44
45
42
205
48
122
49
41
40
21
36
500
56
225
68
  )
}
transform { function = none }
regression { aictest = (td easter) }
automdl {}
x11 { mode = add save = (d10 d11) }
