series {
  title = "bps_permits 31860"
  start = 2009.1
  period = 12
  data = (
6
4
16
34
22
18
9
17
13
20
15
30
2
8
25
21
17
25
20
17
20
127
7
1
1
7
15
20
19
14
10
14
24
15
72
1
10
7
21
22
28
25
19
28
28
88
26
32
16
6
30
59
57
50
56
59
111
87
87
37
28
20
52
36
40
43
37
36
34
34
23
137
12
12
26
18
137
24
24
24
204
27
26
15
18
55
14
55
52
53
28
63
21
68
49
4
30
44
48
18
25
26
15
63
23
28
18
15
16
12
20
31
35
31
32
34
24
18
26
8
19
3
25
26
28
5
12
35
10
19
3
45
0
20
18
36
70
9
27
19
23
14
12
9
0
1
20
20
23
16
35
15
52
19
31
31
24
58
43
50
47
110
35
32
40
72
32
26
12
19
30
38
48
52
45
97
35
34
12
42
72
31
9
27
72
28
20
15
23
17
89
2
2
4
6
37
76
20
29
52
25
29
33
49
137
46
142
72
29
33
  )
}
transform { function = none }
regression { aictest = (td easter) }
automdl {}
x11 { mode = add save = (d10 d11) }
