series {
  title = "bps_permits 26180"
  start = 2004.1
  period = 12
  data = (
583
555
479
295
270
382
131
262
240
112
423
73
169
276
347
367
302
472
167
379
368
140
191
313
112
534
156
116
134
222
190
158
100
577
77
230
565
279
139
168
188
501
144
191
143
166
111
105
92
122
89
173
203
209
151
144
197
138
105
129
47
80
49
66
68
80
51
114
120
153
94
69
35
228
381
96
387
57
51
177
189
101
84
90
50
137
75
208
59
234
58
91
589
60
258
103
114
63
192
267
77
249
104
67
59
308
94
309
388
110
274
108
139
118
106
127
749
237
90
195
  )
}
transform { function = none }
regression { aictest = (td easter) }
automdl {}
x11 { mode = add save = (d10 d11) }
