series {
  title = "bps_permits 49180"
  start = 2004.1
  period = 12
  data = (
176
227
388
536
299
315
371
429
277
387
274
283
258
303
274
297
301
310
389
315
369
303
217
284
322
352
227
257
261
452
229
292
241
419
175
233
512
215
341
244
256
170
216
229
274
161
125
326
404
125
288
145
157
118
135
91
127
150
33
80
32
49
61
70
174
178
68
68
193
39
40
63
56
93
107
93
132
88
198
50
61
114
60
55
66
63
72
67
126
144
219
63
63
305
46
95
59
173
109
56
374
75
43
65
66
57
62
40
159
58
54
121
154
62
380
115
106
69
62
70
86
133
78
245
152
151
155
419
114
140
77
148
276
76
123
135
322
81
78
102
74
85
71
142
121
67
88
113
230
292
83
178
111
72
74
87
78
121
257
182
202
227
398
593
273
200
194
241
153
119
321
178
226
222
199
201
187
237
283
167
153
209
176
204
179
194
217
205
149
232
253
212
248
310
279
241
171
237
237
311
221
192
197
213
250
158
210
222
202
228
211
188
178
136
179
252
289
364
396
350
341
335
232
284
314
335
298
245
285
284
313
356
345
347
563
414
613
352
297
316
502
366
642
618
393
419
557
516
361
488
314
349
227
419
487
420
397
387
379
358
412
374
542
285
373
301
383
439
473
367
  )
}
transform { function = none }
regression { aictest = (td easter) }
automdl {}
x11 { mode = add save = (d10 d11) }
