series {
  title = "bps_permits 33740"
  start = 2004.1
  period = 12
  data = (
28
31
25
28
52
42
46
16
40
33
36
31
42
20
41
29
44
45
28
34
38
24
27
42
34
26
30
58
60
61
48
66
47
50
39
38
6
65
49
106
53
34
35
31
25
23
27
22
27
25
27
30
31
28
27
24
25
20
15
15
25
15
17
17
16
20
20
19
17
16
14
14
16
20
34
16
14
16
15
14
12
54
13
40
11
36
23
24
37
37
29
34
27
27
28
32
25
35
41
37
45
44
41
44
40
41
37
34
37
41
43
56
51
51
49
42
42
52
27
39
64
45
44
39
41
41
48
46
38
46
27
41
40
42
45
43
49
50
50
48
48
43
35
38
42
43
48
51
50
52
47
49
43
48
44
40
44
49
56
49
60
61
58
58
46
53
34
45
53
38
39
49
50
50
35
29
25
45
22
30
41
40
29
30
47
23
33
37
33
93
70
22
23
36
30
32
16
35
53
52
42
41
26
37
38
33
32
50
111
38
39
42
39
38
34
43
45
42
46
59
49
63
49
82
49
55
28
39
25
47
51
36
40
39
39
42
28
47
26
28
42
36
37
31
94
29
23
31
19
33
20
16
40
25
34
84
29
31
30
32
40
79
21
29
27
33
26
56
58
30
  )
}
transform { function = none }
regression { aictest = (td easter) }
automdl {}
x11 { mode = add save = (d10 d11) }
