series {
  title = "bps_permits 39300"
  start = 2004.1
  period = 12
  data = (
235
209
331
557
349
346
337
401
368
364
370
292
244
186
309
326
424
426
378
348
471
311
409
744
275
206
389
286
339
335
218
293
223
337
268
218
245
440
233
224
239
224
204
222
181
174
203
174
115
87
136
170
154
186
159
98
137
129
90
135
50
56
122
85
159
97
102
102
123
126
151
125
77
74
94
110
104
153
91
121
132
126
99
138
55
43
106
83
88
98
98
101
102
92
125
105
74
46
81
85
121
94
115
132
109
93
101
116
88
89
88
142
126
152
140
124
116
146
109
110
93
56
144
147
162
155
171
134
148
141
118
136
91
68
138
131
150
187
154
181
186
165
212
136
128
178
160
133
310
398
167
195
153
159
213
164
136
92
166
140
212
209
178
238
167
207
142
164
137
155
173
168
229
156
156
252
126
153
139
118
121
109
118
164
168
177
170
153
192
164
149
161
132
134
157
108
160
206
151
194
203
190
171
198
166
150
189
225
194
256
160
204
147
170
249
217
152
145
153
194
211
175
151
186
226
137
132
121
143
131
169
183
203
192
145
129
128
162
127
102
145
168
134
152
146
174
219
149
152
320
136
139
150
128
162
174
209
254
210
189
523
237
150
223
134
399
316
155
191
326
  )
}
transform { function = none }
regression { aictest = (td easter) }
automdl {}
x11 { mode = add save = (d10 d11) }
