series {
  title = "bps_permits 13380"
  start = 2004.1
  period = 12
  data = (
85
124
217
280
191
170
196
219
217
251
186
229
138
106
186
196
137
304
116
148
139
262
161
96
76
93
89
100
159
128
96
163
51
47
21
83
137
44
101
119
102
98
99
106
23
37
45
35
29
46
44
55
80
47
63
43
35
38
12
10
22
12
21
22
40
27
34
29
31
20
13
14
11
17
18
25
18
30
29
36
28
14
15
24
17
13
17
20
16
24
21
25
24
16
11
51
11
9
17
34
65
31
26
36
33
40
16
20
20
22
24
157
35
71
50
102
30
110
26
19
18
28
47
47
47
58
82
53
64
98
33
220
50
62
130
52
56
90
119
221
88
128
45
76
108
59
85
84
94
116
70
126
209
95
53
78
60
64
145
60
249
164
81
91
70
101
75
72
112
165
177
92
129
83
148
78
91
126
106
155
107
69
74
274
113
174
74
230
69
172
93
211
95
85
223
57
217
183
93
106
68
94
51
60
232
409
191
129
90
119
174
107
97
102
56
112
85
69
374
115
156
174
86
99
42
75
186
116
31
144
65
87
61
84
45
66
174
72
40
49
62
95
122
114
56
126
66
69
87
88
184
144
78
70
247
84
58
99
98
55
46
185
42
144
45
63
162
67
120
69
  )
}
transform { function = none }
regression { aictest = (td easter) }
automdl {}
x11 { mode = add save = (d10 d11) }
