series {
  title = "bps_permits 12980"
  start = 2004.1
  period = 12
  data = (
8
13
11
17
23
21
28
30
21
21
15
33
6
95
15
5
15
13
7
15
14
12
10
4
7
5
9
8
18
18
19
6
8
14
12
4
10
9
11
4
56
53
7
7
3
7
4
1
3
1
3
9
8
11
8
1
11
11
1
0
0
0
0
1
0
0
1
0
0
2
2
1
0
0
3
2
0
0
1
3
0
1
0
1
0
2
1
0
2
1
0
3
2
1
0
1
0
1
0
1
1
1
2
1
1
2
1
1
0
3
2
1
2
1
6
3
3
1
1
0
0
1
2
1
6
2
3
1
2
3
1
0
0
1
0
0
0
0
0
0
1
1
5
0
0
0
0
0
0
1
1
0
0
0
1
0
0
0
0
1
0
0
0
1
0
6
0
2
0
0
0
1
0
0
0
0
0
1
0
1
1
0
1
0
0
0
1
0
1
0
0
0
1
0
0
0
0
0
0
0
1
0
0
1
0
1
1
5
3
1
9
2
3
0
1
2
6
5
4
9
8
4
6
9
4
4
5
3
3
3
2
10
7
9
11
7
6
10
6
5
5
8
7
13
13
13
11
15
13
15
12
7
11
10
11
18
5
12
10
9
12
7
11
6
3
10
10
14
11
13
  )
}
transform { function = none }
regression { aictest = (td easter) }
automdl {}
x11 { mode = add save = (d10 d11) }
