series {
  title = "bps_permits 33100"
  start = 2004.1
  period = 12
  data = (
3028
3285
3775
3582
3675
3997
4713
4642
3117
4023
3264
3689
3424
2757
4178
4330
3300
4401
4429
3368
3172
2791
3412
2868
3036
3345
4164
3136
3191
2661
2035
2681
2158
1617
1646
2350
1092
1797
1465
1489
1757
1611
1359
1100
658
872
740
847
689
1243
980
884
443
494
614
824
558
447
255
735
476
276
297
213
270
541
267
248
309
312
200
249
330
405
414
585
444
356
372
438
348
527
478
324
268
582
589
623
493
463
749
991
463
843
728
782
1379
643
1365
1124
1602
420
777
894
752
1045
615
1137
1299
1509
1717
2540
2598
1550
1541
922
1576
2015
1814
987
1519
1793
797
1365
1381
1560
1259
1259
784
1410
1111
1717
2294
1956
2326
1223
1816
1416
1820
1319
1285
2072
2456
1928
1453
1921
1921
1655
1200
926
1496
1866
1251
2334
1719
731
2308
1513
890
2581
948
1914
2254
1339
1260
2158
707
997
2542
1025
2139
1441
1429
2695
1940
1246
1487
1435
1952
1623
1647
1895
2262
2671
1753
1846
1232
2256
1480
1669
1372
1568
2379
2232
1597
1466
2051
1661
1117
1832
2197
1872
1166
2163
1883
1197
1152
2845
2976
1679
2534
2529
2279
1397
2006
3520
1709
1440
1518
1958
3329
2079
1285
1568
1894
1238
1139
1490
1685
2760
2722
1244
972
2609
2008
2916
1264
1483
960
1334
1749
1298
1487
1514
1167
2058
1370
1417
709
1248
1349
1238
1118
1586
1663
1156
1361
4731
2904
939
1507
1179
1650
1809
1769
779
1569
2035
1446
1559
  )
}
transform { function = none }
regression { aictest = (td easter) }
automdl {}
x11 { mode = add save = (d10 d11) }
