series {
  title = "bps_permits 18020"
  start = 2004.1
  period = 12
  data = (
12
15
18
32
26
28
26
32
24
23
21
18
9
17
26
25
24
25
29
25
23
27
19
19
12
20
18
30
27
29
30
19
32
19
13
14
15
7
22
20
23
21
35
25
18
16
20
17
14
11
20
18
24
15
20
23
20
13
12
4
8
10
13
14
9
7
14
10
7
14
11
7
1
5
17
30
7
9
12
6
9
12
16
7
5
5
19
11
18
13
23
18
16
10
24
11
12
17
38
21
20
21
11
13
21
10
9
17
17
14
24
22
23
25
19
26
17
18
17
13
9
12
26
19
19
10
30
32
19
36
23
10
9
27
24
9
23
39
24
24
21
21
8
6
14
24
20
27
12
12
21
25
17
24
13
11
14
20
31
20
21
11
13
18
12
19
16
10
5
22
16
28
29
12
8
12
10
13
9
6
8
9
13
21
16
11
13
30
18
23
13
14
12
8
14
14
8
21
21
11
17
15
11
17
16
14
28
43
23
32
11
8
20
11
14
11
11
11
17
20
52
32
30
11
11
3
2
9
6
6
14
13
14
14
11
27
15
14
12
10
7
12
20
10
18
12
18
35
21
18
13
11
7
16
16
20
22
18
19
17
10
14
6
20
3
8
9
15
10
24
  )
}
transform { function = none }
regression { aictest = (td easter) }
automdl {}
x11 { mode = add save = (d10 d11) }
