series {
  title = "bps_permits 14020"
  start = 2004.1
  period = 12
  data = (
57
50
90
113
98
103
105
107
126
109
89
84
48
60
89
91
91
95
91
96
90
59
87
64
63
65
66
54
50
49
50
57
55
42
37
22
34
32
101
60
49
57
31
54
36
33
272
8
31
22
40
47
34
49
27
21
39
57
58
123
10
36
25
17
22
16
32
27
15
23
29
13
12
19
34
25
15
21
17
30
13
50
14
11
6
12
77
21
20
28
9
9
12
19
14
12
12
21
15
177
31
20
11
19
36
18
34
27
62
9
20
53
23
20
119
20
91
15
77
33
47
19
12
28
55
60
61
46
65
58
34
13
22
16
27
26
19
19
19
23
47
54
52
42
35
24
29
28
39
42
31
23
43
46
36
69
27
27
33
94
191
57
23
53
45
45
24
30
19
27
47
57
42
42
27
38
29
41
44
26
32
26
31
58
12
36
184
39
62
120
33
32
27
26
37
53
60
68
85
71
72
33
69
61
46
52
73
35
27
198
59
74
264
80
31
664
55
45
78
257
12
41
135
215
239
39
16
7
27
12
17
26
21
29
67
27
201
44
23
21
14
201
19
154
17
158
34
41
48
225
30
54
25
259
116
77
45
255
65
28
261
59
43
21
44
30
22
27
52
48
  )
}
transform { function = none }
regression { aictest = (td easter) }
automdl {}
x11 { mode = add save = (d10 d11) }
