series {
  title = "bps_permits 18580"
  start = 2004.1
  period = 12
  data = (
176
126
191
166
166
173
139
141
77
130
114
147
164
154
404
137
214
181
205
249
198
210
147
137
417
149
391
168
185
209
152
165
134
204
125
117
127
134
144
147
363
145
184
171
160
139
150
134
194
105
311
98
91
106
89
78
70
66
36
37
49
61
53
75
73
99
97
75
75
70
51
66
63
60
109
104
80
93
67
155
54
53
209
51
31
64
176
67
51
66
67
64
87
87
83
63
100
69
128
80
123
99
95
120
112
115
111
103
109
114
131
102
146
125
113
138
115
102
209
90
258
117
125
213
205
133
105
111
193
221
82
211
92
200
198
231
219
133
234
225
216
240
78
225
191
209
133
115
114
105
112
102
111
106
90
95
113
108
62
64
128
139
125
125
104
115
99
43
122
87
145
82
87
91
92
86
67
73
78
60
60
79
82
98
76
80
96
101
88
100
81
82
101
96
100
90
72
106
122
120
123
127
132
160
127
111
149
138
119
127
106
158
180
101
121
173
213
192
190
208
178
229
196
155
152
124
116
90
132
144
177
150
171
173
149
175
138
154
136
118
178
174
179
202
196
181
145
159
137
152
153
138
157
291
199
221
199
189
191
162
161
159
138
133
143
171
216
200
192
204
  )
}
transform { function = none }
regression { aictest = (td easter) }
automdl {}
x11 { mode = add save = (d10 d11) }
