series {
  title = "bps_permits 22660"
  start = 2004.1
  period = 12
  data = (
208
254
345
367
314
299
335
214
287
277
213
226
189
202
283
304
268
280
199
257
276
156
179
115
188
168
513
181
185
154
120
160
86
111
110
261
86
117
104
149
133
115
117
148
74
133
120
57
125
55
171
206
93
97
83
123
264
59
30
23
35
17
26
34
29
41
39
38
48
35
25
38
27
72
358
59
34
42
59
61
33
45
50
308
57
34
71
99
99
85
347
147
63
50
42
66
44
73
112
129
124
111
431
116
135
354
115
104
185
196
212
171
171
241
162
440
143
130
168
161
113
89
108
172
242
320
244
212
352
287
323
125
149
137
119
238
162
596
185
173
187
116
179
137
76
131
164
171
250
367
468
461
608
271
423
128
185
204
205
306
241
308
293
378
219
165
203
170
191
116
243
190
185
232
214
636
172
337
148
454
121
432
152
121
157
203
242
102
319
312
197
191
213
184
324
188
200
168
188
232
203
226
183
233
205
190
263
329
251
289
194
274
152
395
169
169
205
213
197
177
348
151
194
182
148
107
96
299
248
132
305
206
135
128
147
171
256
261
240
266
191
152
137
104
218
137
107
194
108
146
133
138
187
132
431
214
112
201
137
105
92
240
53
489
133
124
109
189
536
89
  )
}
transform { function = none }
regression { aictest = (td easter) }
automdl {}
x11 { mode = add save = (d10 d11) }
