series {
  title = "bps_permits 39660"
  start = 2004.1
  period = 12
  data = (
130
45
80
91
157
83
219
121
85
99
99
68
87
75
111
132
102
111
87
80
48
70
92
155
62
143
67
68
80
122
118
61
66
49
54
33
40
35
53
85
335
52
56
52
50
72
60
31
40
42
34
57
54
41
66
33
60
21
22
20
17
23
22
32
41
33
39
85
41
34
25
20
25
32
42
241
37
40
38
36
24
56
28
19
17
80
37
33
28
48
32
31
36
24
15
28
25
27
36
55
36
52
41
46
37
91
37
58
26
53
96
57
50
53
70
34
197
43
37
29
31
28
74
55
59
68
70
40
43
75
25
130
21
43
152
62
35
47
32
42
55
157
31
28
21
21
49
46
75
300
32
149
45
40
70
35
128
33
42
40
59
52
73
46
45
35
48
63
27
179
53
53
138
47
37
36
42
48
25
45
21
18
65
93
31
47
63
34
105
76
38
67
42
78
180
38
38
80
41
133
244
206
51
102
194
57
133
54
72
77
52
110
256
235
50
192
35
56
165
112
485
163
361
66
69
46
54
27
32
42
162
170
184
100
37
286
274
99
60
84
212
79
85
72
108
59
118
210
94
345
82
89
70
53
87
119
59
92
134
73
83
83
71
51
48
50
126
89
148
92
  )
}
transform { function = none }
regression { aictest = (td easter) }
automdl {}
x11 { mode = add save = (d10 d11) }
