series {
  title = "bps_permits 28940"
  start = 2004.1
  period = 12
  data = (
287
295
417
339
398
349
635
649
395
266
417
226
302
310
384
349
323
419
362
549
450
418
360
390
352
545
493
347
433
401
338
443
590
307
433
466
242
307
342
379
388
273
579
417
210
293
186
229
225
360
181
187
284
163
139
140
175
159
70
109
111
104
132
154
111
371
117
90
135
85
163
180
57
117
238
144
239
154
157
119
155
118
67
48
78
122
173
86
107
206
87
102
79
64
82
65
79
96
214
140
99
131
90
110
92
113
99
316
94
138
143
151
205
130
141
154
332
133
163
100
96
145
165
116
323
387
150
159
142
135
112
363
146
130
207
220
485
310
206
201
211
336
175
188
176
200
215
300
346
245
526
261
235
377
223
215
206
297
319
245
514
317
291
620
254
380
225
223
333
217
301
670
364
361
381
358
540
342
365
292
287
304
481
471
530
292
600
309
457
410
248
174
277
276
509
354
241
308
711
538
341
280
529
278
361
267
450
392
396
430
325
517
332
913
680
401
445
720
498
473
651
441
382
349
309
337
213
237
411
347
407
355
465
467
1031
771
310
478
642
674
360
520
435
540
554
456
494
1047
347
661
411
418
402
512
967
802
531
744
705
563
609
584
1004
551
535
470
824
741
482
607
  )
}
transform { function = none }
regression { aictest = (td easter) }
automdl {}
x11 { mode = add save = (d10 d11) }
