series {
  title = "bps_permits 23460"
  start = 2004.1
  period = 12
  data = (
12
28
13
22
10
24
15
17
13
15
11
9
33
16
14
20
23
21
17
20
14
11
19
4
16
12
26
13
39
23
14
14
11
11
14
44
12
13
13
14
13
13
12
32
9
10
11
5
6
7
8
13
19
8
11
5
10
6
9
5
4
8
5
7
2
8
2
9
3
4
5
7
6
2
7
7
4
1
3
4
4
3
2
1
10
2
3
2
4
5
4
3
3
5
2
1
2
3
7
2
3
4
7
5
5
3
4
4
1
4
3
3
5
4
5
5
0
1
4
1
5
4
9
4
4
3
1
4
5
5
3
2
2
3
3
3
3
3
3
6
3
1
0
3
3
3
4
6
1
4
5
5
3
3
3
3
3
4
3
7
5
4
3
5
4
5
4
4
5
4
5
6
6
5
5
5
1
3
5
2
5
4
5
5
7
5
6
4
3
5
5
2
3
2
2
4
4
7
1
2
5
7
1
6
6
5
5
3
2
4
4
0
4
4
3
6
14
21
11
13
11
15
17
14
10
11
8
4
9
10
14
12
8
18
8
11
11
9
9
8
14
16
21
11
8
11
9
11
7
10
8
6
3
12
6
17
7
10
9
18
10
9
4
10
6
7
5
12
20
16
  )
}
transform { function = none }
regression { aictest = (td easter) }
automdl {}
x11 { mode = add save = (d10 d11) }
