series {
  title = "bps_permits 15540"
  start = 2004.1
  period = 12
  data = (
86
41
149
127
112
115
111
79
163
68
58
47
36
25
51
76
68
79
65
61
75
64
42
37
34
25
134
51
53
67
89
70
45
67
38
21
26
34
88
33
42
55
33
51
90
35
45
17
25
18
31
41
59
68
42
40
57
11
11
40
7
9
16
23
23
83
32
18
58
53
56
49
13
15
26
34
32
33
37
23
103
31
28
36
22
74
15
35
55
49
52
17
118
25
29
101
24
23
96
24
45
55
37
28
106
68
55
36
12
85
29
51
110
132
48
53
53
63
41
59
29
16
107
62
40
55
34
95
40
37
119
20
61
109
17
57
32
41
66
113
113
47
46
46
55
15
57
38
138
98
20
38
28
36
33
63
18
26
97
44
28
119
44
33
136
37
26
28
36
23
94
30
51
43
99
35
35
59
103
54
23
25
63
98
36
36
50
32
48
74
31
36
40
32
129
65
21
43
114
34
39
34
83
28
31
39
98
45
46
46
48
40
42
32
64
174
48
55
81
67
60
87
130
58
37
39
36
45
23
51
233
52
57
54
110
144
108
230
29
29
48
88
44
129
172
92
235
70
45
69
57
105
161
27
41
62
47
49
77
100
536
56
49
42
140
28
50
40
45
62
  )
}
transform { function = none }
regression { aictest = (td easter) }
automdl {}
x11 { mode = add save = (d10 d11) }
