series {
  title = "bps_permits 21060"
  start = 2004.1
  period = 12
  data = (
51
100
111
76
63
123
88
111
101
106
117
52
46
94
75
76
100
69
47
81
72
60
134
70
36
38
60
47
69
194
36
60
30
43
63
28
32
46
48
40
52
36
98
46
44
160
22
16
23
21
19
52
40
47
66
22
27
14
39
14
8
10
17
24
41
37
26
25
21
23
28
11
27
24
71
37
21
29
36
19
26
108
21
133
5
13
27
12
24
46
26
31
16
14
149
109
74
27
51
15
20
16
53
102
9
15
15
10
12
8
22
38
29
15
13
22
18
22
17
61
14
19
151
25
28
23
28
21
24
17
15
16
28
31
34
39
44
42
29
26
30
28
22
29
14
17
51
30
34
73
21
33
34
87
33
17
26
35
38
67
36
66
39
61
35
35
41
21
26
23
51
53
54
35
41
62
36
31
26
13
40
29
50
51
44
35
52
54
47
33
37
17
27
35
64
43
71
83
69
78
160
38
53
40
42
23
59
80
69
41
32
40
27
39
66
14
33
34
80
41
87
50
25
50
329
23
39
368
30
36
272
503
64
86
49
331
47
346
47
42
18
45
42
50
56
57
42
535
48
30
59
29
56
29
51
43
63
46
31
33
41
36
35
28
38
65
53
67
48
40
  )
}
transform { function = none }
regression { aictest = (td easter) }
automdl {}
x11 { mode = add save = (d10 d11) }
