series {
  title = "bps_permits 21340"
  start = 2004.1
  period = 12
  data = (
367
350
425
327
445
335
68
183
111
497
298
284
371
558
361
344
330
301
691
445
287
382
354
260
270
278
320
443
278
341
310
356
235
274
234
297
257
275
259
617
1559
356
363
269
152
173
393
115
305
409
272
308
250
271
254
538
415
367
128
340
125
198
220
280
221
233
369
269
708
163
157
152
202
151
516
384
949
476
413
270
262
425
196
210
251
162
304
300
481
284
299
308
253
503
225
355
207
234
258
500
413
286
405
277
429
452
169
517
441
457
217
468
335
354
319
321
207
224
337
328
323
118
187
233
222
319
233
214
212
328
367
203
179
156
321
399
264
195
531
216
307
244
1100
290
202
257
251
201
258
431
365
403
160
348
328
296
383
353
414
278
289
312
206
295
169
325
261
247
322
245
300
335
151
319
298
315
265
155
254
270
358
280
298
313
251
353
256
278
212
270
270
210
272
268
251
221
239
295
367
295
316
310
273
274
280
277
349
260
273
265
226
229
214
202
222
213
228
230
333
310
268
281
239
214
213
192
175
153
175
185
230
196
223
259
190
214
179
200
153
164
189
191
191
209
218
183
193
204
169
191
153
164
180
182
198
220
205
182
190
156
158
162
128
141
131
184
183
209
192
235
  )
}
transform { function = none }
regression { aictest = (td easter) }
automdl {}
x11 { mode = add save = (d10 d11) }
