series {
  title = "bps_permits 31140"
  start = 2004.1
  period = 12
  data = (
647
666
894
597
988
938
635
798
679
680
424
582
512
722
871
815
850
874
757
547
428
386
360
231
301
383
416
345
707
757
583
616
490
453
412
309
519
387
812
554
499
560
967
355
282
388
243
284
237
378
266
344
261
292
615
449
232
240
107
208
117
143
180
195
199
298
253
278
175
233
185
247
181
166
298
214
202
215
167
248
281
352
132
98
103
235
191
205
146
234
151
217
258
337
164
124
146
227
365
220
252
580
240
239
691
267
247
129
166
224
323
389
425
334
360
352
373
245
324
409
570
286
323
384
386
340
356
359
374
306
238
309
290
302
308
299
340
413
245
343
421
415
368
324
467
339
398
341
338
377
334
393
340
356
569
318
296
299
420
332
647
517
299
533
390
309
477
227
219
245
387
1044
414
279
422
604
772
392
292
436
408
318
287
650
554
417
464
514
545
529
422
384
467
414
282
232
544
538
334
500
563
804
544
445
519
474
680
636
372
314
448
512
557
350
375
536
346
356
349
448
442
355
307
350
317
726
239
213
361
775
333
319
483
700
422
524
920
749
494
697
430
425
415
700
519
510
605
573
616
402
377
376
255
409
687
648
726
615
611
774
644
352
245
332
461
383
425
612
382
447
  )
}
transform { function = none }
regression { aictest = (td easter) }
automdl {}
x11 { mode = add save = (d10 d11) }
