series {
  title = "bps_permits 13460"
  start = 2004.1
  period = 12
  data = (
210
253
440
337
378
354
309
346
333
361
298
273
237
335
363
403
327
462
336
530
393
436
326
214
242
389
353
330
379
407
272
253
201
171
170
147
165
175
226
173
259
146
153
173
125
110
116
67
40
63
72
77
121
72
88
69
62
48
35
16
25
14
38
50
37
40
35
28
39
32
22
22
37
37
33
35
27
22
42
30
28
28
29
29
36
30
36
46
43
34
47
66
45
31
28
20
33
39
68
50
57
92
90
76
52
81
64
74
87
79
79
116
99
133
224
100
116
126
82
82
93
63
112
132
98
135
130
98
104
141
69
103
106
91
95
153
123
180
139
149
169
387
220
234
126
151
169
187
241
158
168
265
225
218
203
126
118
119
343
143
160
168
149
144
176
213
198
130
151
162
120
150
157
159
191
164
128
203
192
116
140
88
116
183
125
134
176
172
188
286
128
210
125
141
165
132
282
253
167
179
163
355
254
187
151
227
328
391
193
211
226
281
201
157
232
206
155
215
206
264
156
140
119
187
128
141
132
359
129
99
181
135
193
128
346
129
193
209
197
89
91
130
130
185
162
148
164
167
300
151
135
116
161
81
208
219
224
278
522
266
410
231
273
226
215
354
115
193
203
189
  )
}
transform { function = none }
regression { aictest = (td easter) }
automdl {}
x11 { mode = add save = (d10 d11) }
