series {
  title = "bps_permits 29020"
  start = 2004.1
  period = 12
  data = (
17
11
37
35
29
23
33
27
25
28
31
26
6
22
24
28
29
26
21
26
24
15
16
11
10
9
16
15
9
9
15
15
8
11
7
2
5
5
8
11
11
8
10
8
6
2
4
4
1
1
5
7
8
7
5
4
3
4
1
0
0
0
61
1
0
2
4
2
0
2
0
1
1
0
0
0
2
3
0
2
1
2
1
1
2
1
8
0
4
1
1
3
0
1
2
1
0
0
3
4
3
2
1
8
58
3
71
6
1
4
3
7
6
4
9
7
4
64
37
3
1
3
16
11
8
7
7
14
30
5
10
8
2
1
8
10
8
93
8
17
8
79
2
5
5
10
8
12
215
3
11
7
2
15
19
3
6
5
4
11
20
9
8
3
2
4
10
2
13
4
1
8
13
8
23
73
9
13
3
36
59
2
5
13
63
8
2
7
10
11
5
36
9
3
15
4
25
7
20
10
14
5
14
14
16
9
12
39
5
6
15
15
29
9
5
9
6
13
10
13
6
11
16
14
4
6
8
48
1
3
4
9
11
14
10
10
9
22
38
13
10
12
22
9
28
18
24
10
10
19
10
22
6
9
12
14
5
5
9
10
15
13
7
3
7
4
10
103
4
54
  )
}
transform { function = none }
regression { aictest = (td easter) }
automdl {}
x11 { mode = add save = (d10 d11) }
