series {
  title = "bps_permits 16220"
  start = 2004.1
  period = 12
  data = (
14
11
17
29
17
27
26
23
16
15
12
14
13
13
24
37
22
23
20
34
21
24
42
5
14
23
19
23
60
45
20
33
30
18
15
13
18
16
40
32
26
26
21
46
15
35
19
15
23
13
6
42
45
59
42
14
16
37
8
5
12
2
4
10
25
18
22
29
16
12
11
26
2
328
29
19
14
20
19
27
16
13
67
17
9
12
27
17
11
97
67
98
69
13
24
14
18
15
137
17
41
26
21
194
25
18
19
43
11
53
35
24
31
36
51
50
33
50
53
7
16
37
20
40
26
26
22
22
24
18
14
8
23
14
20
69
22
30
24
20
28
20
20
12
8
11
15
19
12
20
14
17
11
24
17
5
7
7
12
20
6
22
11
18
19
18
9
6
6
11
20
24
26
33
21
17
10
8
9
25
16
14
24
35
31
15
23
19
18
20
11
12
9
7
10
61
7
18
21
10
20
13
14
13
7
18
12
21
16
87
19
20
16
20
22
17
21
18
18
24
15
21
15
16
10
7
11
9
2
5
6
7
15
8
8
13
20
9
10
7
6
7
13
27
18
22
22
26
26
15
8
120
10
16
16
30
37
17
18
13
15
17
9
14
7
7
15
13
11
14
  )
}
transform { function = none }
regression { aictest = (td easter) }
automdl {}
x11 { mode = add save = (d10 d11) }
