series {
  title = "bps_permits 43340"
  start = 2004.1
  period = 12
  data = (
128
97
219
152
139
132
169
155
170
147
179
130
98
133
190
153
165
154
190
141
181
160
260
133
144
159
206
206
220
201
179
174
155
112
114
189
98
126
172
102
150
98
107
150
94
87
104
164
58
68
75
227
104
94
94
89
78
62
28
35
45
93
83
83
299
86
98
109
101
87
79
92
53
109
150
149
105
123
113
110
98
86
85
89
105
114
155
103
134
130
117
111
101
102
109
107
108
131
141
130
149
130
129
150
126
132
121
121
116
145
131
175
145
128
129
109
132
138
93
126
119
121
124
145
149
153
147
130
140
153
108
133
116
130
186
170
144
177
90
93
72
169
64
71
157
80
192
61
94
99
89
109
73
79
82
74
98
99
112
90
136
75
91
85
87
87
93
62
84
74
92
113
100
84
86
107
86
87
84
68
92
84
113
79
101
57
95
99
102
93
41
90
34
64
71
80
102
97
89
107
103
119
84
89
95
77
120
105
33
89
98
83
81
87
73
128
71
92
81
111
81
74
55
81
48
76
54
53
58
54
88
72
85
91
113
71
69
84
79
83
87
96
74
86
89
77
131
99
105
80
50
72
73
93
69
92
76
82
72
143
97
135
66
98
57
87
94
100
119
113
  )
}
transform { function = none }
regression { aictest = (td easter) }
automdl {}
x11 { mode = add save = (d10 d11) }
