series {
  title = "bps_permits 15500"
  start = 2004.1
  period = 12
  data = (
79
125
182
159
150
123
132
82
84
84
102
64
108
75
84
97
130
100
93
115
153
139
110
123
147
332
160
145
134
123
111
131
110
124
152
91
137
103
168
107
147
118
123
113
92
87
86
61
75
71
116
78
46
49
66
44
58
40
45
27
22
23
52
33
28
32
53
177
20
45
34
32
45
34
61
174
330
32
29
30
42
23
21
11
19
105
28
28
24
38
42
138
33
25
26
30
18
26
27
20
34
34
30
26
42
18
31
37
27
26
42
47
85
39
52
54
41
51
32
24
48
48
44
44
54
47
42
67
52
61
34
31
34
34
206
67
42
72
72
36
23
56
37
68
67
27
111
85
107
75
72
91
68
52
42
42
71
47
97
70
99
73
42
83
51
59
55
61
30
33
96
114
56
62
90
102
72
85
42
51
50
61
25
34
68
50
36
115
65
45
54
48
51
77
94
44
44
66
85
87
74
62
48
83
67
57
200
132
107
121
92
94
127
83
81
92
139
117
194
129
175
211
189
303
144
163
101
94
169
141
269
132
529
140
328
137
236
302
231
135
131
169
181
235
198
364
336
273
153
183
167
154
138
199
280
230
304
141
119
99
114
110
148
134
81
188
202
174
168
339
  )
}
transform { function = none }
regression { aictest = (td easter) }
automdl {}
x11 { mode = add save = (d10 d11) }
