series {
  title = "bps_permits 42020"
  start = 2004.1
  period = 12
  data = (
148
130
172
217
208
197
255
253
220
165
261
182
103
178
178
147
134
208
124
124
127
149
194
82
94
107
114
129
108
257
35
85
93
58
56
92
73
57
73
41
176
117
67
48
52
41
83
37
97
34
44
29
107
66
74
44
18
24
33
23
17
22
11
26
74
43
30
21
27
17
19
36
14
25
40
28
14
33
151
32
24
11
33
22
7
20
28
27
20
48
31
23
28
19
22
45
22
23
15
19
25
30
72
44
25
26
21
26
42
109
38
34
46
26
35
38
32
23
35
20
24
21
54
44
46
45
42
48
28
89
30
126
21
23
29
37
28
37
20
30
12
28
19
27
24
31
35
30
32
37
26
149
26
27
25
27
22
27
31
44
40
55
40
54
41
46
42
46
42
44
56
49
49
51
45
44
36
43
37
44
23
23
40
25
47
41
37
24
18
13
35
26
14
56
13
8
17
12
21
34
17
34
39
23
32
13
20
30
12
22
13
14
24
23
21
22
66
37
127
113
114
171
127
81
85
52
58
76
53
52
113
62
78
119
104
83
82
41
69
60
134
53
74
64
67
46
97
40
64
51
80
124
46
41
30
66
67
64
75
46
60
84
47
49
45
102
88
109
53
61
  )
}
transform { function = none }
regression { aictest = (td easter) }
automdl {}
x11 { mode = add save = (d10 d11) }
