series {
  title = "bps_permits 34900"
  start = 2004.1
  period = 12
  data = (
40
63
38
91
79
124
43
52
34
77
27
56
108
38
22
77
13
53
33
30
14
81
34
51
5
146
68
7
33
9
34
23
42
66
2
2
14
25
7
15
5
28
3
12
20
66
5
27
5
6
11
3
21
26
31
13
5
19
6
0
0
4
0
19
11
5
8
0
9
5
12
13
2
0
7
11
3
10
9
1
18
3
3
11
0
8
11
27
7
5
17
14
2
20
1
8
0
24
6
4
6
15
3
16
7
8
10
11
0
135
1
15
2
3
7
6
6
2
0
3
16
9
3
22
1
1
0
14
1
21
42
19
  )
}
transform { function = none }
regression { aictest = (td easter) }
automdl {}
x11 { mode = add save = (d10 d11) }
