series {
  title = "bps_permits 35380"
  start = 2004.1
  period = 12
  data = (
413
528
625
651
550
551
553
487
421
584
521
529
707
421
457
441
426
560
449
668
76
93
80
156
89
378
547
389
416
442
360
584
448
645
463
638
725
290
388
687
598
1108
646
436
733
364
428
462
658
480
434
294
536
263
341
258
852
289
131
198
204
383
230
207
273
200
250
232
254
250
135
194
150
130
174
225
127
140
139
197
255
196
199
254
141
202
225
196
221
279
171
190
169
155
173
197
182
157
176
237
194
184
193
265
200
232
215
159
215
269
260
264
253
234
228
268
173
231
176
160
214
238
214
242
220
269
243
409
198
195
167
191
222
237
194
185
237
289
261
140
251
190
150
235
164
233
274
213
239
279
245
461
230
192
168
212
243
197
240
249
236
285
220
283
245
288
221
195
268
231
312
274
286
312
244
275
239
296
218
220
276
290
295
253
257
308
367
406
344
360
285
299
377
292
359
283
320
544
376
369
358
408
337
387
460
372
466
889
415
492
455
365
362
332
326
321
393
419
434
389
364
384
346
406
331
294
257
255
280
260
323
521
296
288
251
373
460
219
208
207
228
154
137
173
138
143
154
181
142
154
167
158
141
167
165
197
155
156
119
157
122
120
75
130
109
94
157
123
399
145
  )
}
transform { function = none }
regression { aictest = (td easter) }
automdl {}
x11 { mode = add save = (d10 d11) }
