series {
  title = "bps_permits 45220"
  start = 2004.1
  period = 12
  data = (
547
334
337
275
448
177
194
98
273
214
170
249
139
308
350
357
372
353
309
403
374
342
257
348
377
344
471
358
377
330
300
314
274
280
245
241
275
251
314
226
249
185
187
166
149
274
178
113
128
117
136
150
127
148
141
122
118
110
96
95
80
81
85
55
63
75
72
70
76
66
49
59
41
63
95
90
65
75
68
86
61
51
49
46
51
68
84
39
76
51
53
50
59
51
37
167
40
54
58
83
101
161
99
102
94
94
94
93
87
103
121
111
127
106
118
91
107
131
109
132
120
134
106
124
115
105
130
109
119
126
85
129
95
124
118
110
100
127
133
111
105
131
103
114
96
107
117
77
81
87
73
73
67
70
58
79
84
69
109
110
131
160
110
135
118
121
92
115
118
104
142
235
174
207
172
179
162
164
184
186
167
177
174
200
215
157
194
219
189
216
165
163
195
169
190
176
185
195
214
203
191
204
190
195
211
189
267
258
184
233
212
260
223
194
221
234
252
235
279
260
248
279
272
259
218
244
191
213
225
222
253
204
241
219
223
214
209
267
194
219
217
198
214
223
213
197
260
213
162
185
160
175
221
236
227
189
256
316
235
88
111
211
52
618
94
268
165
196
170
192
  )
}
transform { function = none }
regression { aictest = (td easter) }
automdl {}
x11 { mode = add save = (d10 d11) }
