series {
  title = "bps_permits 10780"
  start = 2004.1
  period = 12
  data = (
25
28
49
42
37
41
62
137
42
35
25
14
26
34
49
67
59
64
61
65
60
64
54
55
60
57
80
66
60
68
55
60
48
49
36
63
36
22
45
46
47
45
42
43
29
43
29
30
41
32
36
35
37
32
30
28
26
26
20
9
15
19
55
20
19
34
15
23
20
55
14
24
57
18
34
39
29
32
33
30
29
21
15
79
25
18
35
36
34
45
34
42
31
34
36
34
40
40
47
33
38
38
38
42
38
42
38
36
43
41
46
53
35
30
30
40
28
23
25
35
32
42
45
36
36
42
28
26
29
25
18
13
16
22
25
13
17
22
20
15
14
17
15
16
20
21
21
13
24
23
11
21
21
18
21
12
12
18
16
25
21
24
18
16
19
26
18
10
14
14
19
24
16
19
19
16
19
18
13
15
17
18
11
21
22
16
18
19
16
20
11
7
12
11
20
10
18
17
19
17
21
19
15
16
14
19
26
22
18
21
22
21
25
27
20
19
31
30
24
50
18
39
42
74
29
22
13
13
26
10
24
25
21
23
26
29
29
30
26
23
24
28
28
23
20
19
21
17
20
20
14
18
25
26
28
24
21
27
24
24
22
21
17
21
20
24
25
28
25
20
  )
}
transform { function = none }
regression { aictest = (td easter) }
automdl {}
x11 { mode = add save = (d10 d11) }
