series {
  title = "bps_permits 48300"
  start = 2004.1
  period = 12
  data = (
28
41
62
52
63
71
54
95
57
66
60
39
33
35
71
45
71
65
57
61
58
52
37
31
24
28
42
49
46
71
37
72
81
67
33
59
31
32
71
47
64
59
205
76
46
39
58
10
24
33
23
47
50
33
37
41
33
29
22
11
9
18
20
35
22
27
21
21
20
29
18
4
15
11
19
7
31
39
24
19
21
31
15
10
13
8
17
19
20
48
12
21
18
21
18
10
10
4
4
17
19
22
22
22
31
38
24
9
9
12
22
35
32
30
32
25
35
23
21
15
17
18
28
32
35
52
36
33
40
26
23
14
46
51
77
50
94
51
35
61
37
31
43
17
12
31
41
45
48
47
40
44
42
69
39
18
17
21
43
49
53
52
87
53
60
43
27
21
16
31
183
55
71
55
51
57
38
63
25
32
21
47
48
56
82
86
66
52
31
78
55
35
53
164
67
35
35
44
51
40
62
146
43
47
43
63
184
76
51
53
50
43
69
47
50
58
262
56
84
68
112
52
53
41
39
46
23
17
23
25
54
49
55
71
67
79
54
51
45
30
40
62
91
236
74
151
51
164
39
48
53
34
241
38
45
66
65
145
47
130
195
54
49
57
33
36
105
38
442
32
  )
}
transform { function = none }
regression { aictest = (td easter) }
automdl {}
x11 { mode = add save = (d10 d11) }
