series {
  title = "bps_permits 28140"
  start = 2004.1
  period = 12
  data = (
977
821
1351
1342
1173
1321
1152
1195
1489
1128
1330
1543
774
1138
1721
1716
1198
1148
1277
1336
1078
1234
1453
1042
936
1531
1095
990
1226
1279
870
1701
1050
1023
866
688
392
456
948
699
916
905
703
666
458
806
530
484
616
669
478
584
438
371
411
767
308
313
479
123
94
132
129
194
171
273
198
461
321
454
213
837
127
117
408
212
196
209
167
287
160
236
215
249
139
157
205
232
320
429
376
403
258
231
195
215
184
229
306
368
336
656
424
630
387
616
618
272
285
300
398
1621
522
472
404
708
732
714
620
375
855
256
663
459
812
1112
550
390
1305
532
706
535
497
368
880
836
536
617
758
462
1213
904
885
844
526
444
954
1056
639
1040
984
885
1022
652
1010
539
506
866
742
810
1495
776
674
741
917
899
765
878
468
509
850
941
932
1047
620
1620
676
1274
700
314
522
569
1045
629
737
541
679
1054
953
1356
552
679
655
990
470
493
807
867
2014
1017
1228
752
643
871
618
1012
1231
1012
999
691
654
727
1245
848
983
1010
1433
812
920
1162
681
989
1141
1149
1012
699
538
531
265
238
451
583
938
874
633
1073
440
373
959
796
771
862
778
724
485
1128
492
1335
492
1289
479
628
740
676
547
705
625
1615
701
943
511
727
786
763
398
1421
821
986
1042
880
  )
}
transform { function = none }
regression { aictest = (td easter) }
automdl {}
x11 { mode = add save = (d10 d11) }
