series {
  title = "bps_permits 34580"
  start = 2004.1
  period = 12
  data = (
72
58
96
79
75
100
108
74
62
51
58
86
61
65
71
58
53
74
55
53
63
97
64
76
46
46
77
54
52
61
35
60
57
51
43
23
40
54
58
51
58
64
46
71
41
53
37
37
45
25
38
36
42
44
30
30
25
13
19
18
14
12
15
17
26
22
20
28
23
18
14
26
23
13
19
15
23
20
22
18
21
15
6
16
9
8
21
16
14
17
14
20
10
14
7
15
12
10
14
17
23
20
24
26
23
24
15
16
13
20
18
27
28
26
27
22
24
23
19
18
20
20
19
22
19
22
19
23
24
20
12
21
20
17
24
46
29
33
40
32
28
27
24
31
22
32
32
42
45
34
26
38
32
25
30
26
24
29
51
39
45
60
36
64
37
42
39
29
41
39
59
45
57
56
44
42
35
31
44
26
31
32
40
43
52
24
39
30
32
25
25
30
24
25
31
42
33
27
25
22
13
43
6
23
23
12
21
24
12
36
29
38
20
25
36
48
49
37
64
43
64
66
59
37
34
62
29
40
28
42
29
94
47
50
31
39
29
21
51
36
33
95
41
40
53
64
46
53
44
37
23
45
30
17
30
33
32
24
25
36
35
70
22
23
12
30
23
32
36
47
  )
}
transform { function = none }
regression { aictest = (td easter) }
automdl {}
x11 { mode = add save = (d10 d11) }
