series {
  title = "bps_permits 40060"
  start = 2004.1
  period = 12
  data = (
602
694
873
940
760
708
1067
742
611
732
687
708
830
991
999
801
752
884
799
1169
698
856
646
613
726
694
899
910
823
714
621
681
529
599
462
426
510
531
768
565
984
587
591
582
386
468
355
478
360
597
714
406
402
377
447
358
324
333
161
551
142
220
175
230
278
304
398
296
280
257
395
164
167
397
319
320
305
404
422
287
324
302
164
135
205
197
208
266
242
257
224
333
307
246
197
226
352
330
339
273
370
289
659
314
271
349
616
280
344
289
320
508
380
597
348
325
947
291
421
258
247
263
275
295
423
711
305
419
528
295
237
292
276
244
441
663
342
375
567
437
452
400
316
682
240
321
509
438
451
514
375
543
347
324
269
360
504
346
821
501
386
659
428
718
729
473
604
339
544
419
704
404
497
503
472
526
853
486
290
290
942
394
1017
475
577
837
711
1325
409
442
360
691
482
724
557
506
1077
786
832
516
752
554
635
725
529
557
1240
721
661
690
590
1201
550
860
1117
758
483
775
1472
1206
784
751
1277
1062
472
1019
712
647
1245
782
953
388
931
472
431
596
1205
1572
904
563
826
554
617
453
806
1018
754
607
461
668
1225
684
1313
1033
945
732
911
619
465
376
417
1221
732
343
1494
352
645
952
969
527
  )
}
transform { function = none }
regression { aictest = (td easter) }
automdl {}
x11 { mode = add save = (d10 d11) }
