series {
  title = "bps_permits 30140"
  start = 2004.1
  period = 12
  data = (
36
28
59
69
63
73
45
46
46
51
36
43
23
51
50
53
62
71
84
56
69
51
48
36
25
28
61
44
53
45
52
37
40
45
27
39
28
41
32
49
48
55
31
53
38
33
32
22
35
34
30
37
37
37
40
33
27
13
23
12
13
15
28
39
20
28
24
25
43
29
23
41
22
22
17
19
18
17
19
23
26
20
13
25
28
8
11
17
17
16
15
14
15
25
16
10
6
11
18
22
15
24
13
19
9
18
14
11
12
10
36
60
20
37
16
28
36
21
26
41
10
18
41
18
43
28
22
36
45
34
22
17
7
3
9
15
13
11
63
8
24
13
8
12
10
14
17
20
22
15
25
23
15
15
12
12
15
9
5
17
15
14
12
20
20
14
13
14
13
13
28
14
23
16
15
20
23
19
13
12
10
19
13
14
14
20
21
21
10
24
19
14
18
16
19
2
20
23
23
21
24
23
22
6
22
22
26
24
17
13
15
22
14
15
15
23
21
19
29
24
30
28
30
23
25
150
22
19
25
12
21
16
24
20
16
18
55
18
12
20
15
16
20
30
30
23
23
21
21
28
52
19
22
29
20
25
30
124
129
23
28
24
11
15
32
17
27
31
25
45
  )
}
transform { function = none }
regression { aictest = (td easter) }
automdl {}
x11 { mode = add save = (d10 d11) }
