series {
  title = "bps_permits 13900"
  start = 2004.1
  period = 12
  data = (
4
0
62
203
86
101
81
78
85
82
46
23
11
23
36
101
100
66
64
95
98
62
61
11
14
24
54
89
64
221
70
99
84
83
55
109
13
15
75
76
169
73
74
54
164
100
84
23
8
42
96
138
74
98
60
49
143
54
26
3
1
2
4
34
53
144
53
77
48
44
30
12
3
1
44
109
69
74
77
46
79
63
31
49
4
5
58
103
76
52
95
90
84
115
50
69
31
48
81
120
119
104
90
192
103
163
83
67
20
29
178
178
330
200
249
204
208
398
140
51
7
82
150
153
115
195
341
140
103
314
31
61
63
13
48
107
200
176
78
99
168
93
134
38
29
17
70
105
100
113
96
119
73
113
29
3
4
14
28
62
58
83
91
52
71
116
24
6
1
14
17
59
50
56
81
59
41
87
22
20
20
2
19
54
54
32
147
47
153
50
26
7
8
13
54
50
40
63
84
55
167
85
24
80
9
19
60
118
108
71
87
64
98
58
42
29
0
8
55
42
63
55
33
59
84
82
51
67
12
3
23
28
50
25
27
56
40
42
11
3
8
26
19
38
35
33
37
52
54
34
19
9
15
9
21
40
66
31
53
71
45
30
24
5
2
6
51
46
47
31
  )
}
transform { function = none }
regression { aictest = (td easter) }
automdl {}
x11 { mode = add save = (d10 d11) }
