series {
  title = "bps_permits 17300"
  start = 2004.1
  period = 12
  data = (
180
292
225
202
255
326
445
147
148
154
163
180
156
138
199
313
226
426
264
203
349
123
168
102
125
100
182
206
195
409
414
596
146
232
269
182
198
178
216
172
241
249
168
115
86
104
212
38
98
76
273
101
65
103
99
130
175
75
73
74
65
154
128
97
133
104
149
134
114
114
79
119
107
111
149
143
89
282
88
313
71
89
71
284
60
103
216
119
151
143
129
157
196
169
120
308
110
158
170
180
208
141
98
126
196
110
99
136
126
135
215
156
123
152
122
327
112
147
70
90
81
126
126
103
131
134
116
153
133
163
96
109
95
64
85
117
108
98
178
140
131
102
93
131
134
114
150
148
101
127
97
119
109
232
178
170
161
109
147
214
139
154
141
164
156
202
111
115
100
144
184
171
177
173
235
133
142
130
125
88
236
128
255
197
238
164
172
174
154
230
140
151
337
451
187
280
308
216
298
438
230
402
245
372
467
139
642
339
312
361
480
362
504
355
246
119
594
506
451
224
226
401
800
166
334
171
188
63
81
339
171
209
169
282
154
617
260
240
152
169
216
341
226
233
275
262
264
177
257
173
110
261
439
201
271
405
303
201
163
185
248
272
76
140
212
327
339
198
227
212
  )
}
transform { function = none }
regression { aictest = (td easter) }
automdl {}
x11 { mode = add save = (d10 d11) }
