series {
  title = "bps_permits 33540"
  start = 2004.1
  period = 12
  data = (
23
21
29
82
25
57
61
83
90
29
89
70
113
42
87
36
40
62
47
39
27
41
5
17
20
27
41
44
26
55
78
50
31
57
57
31
34
84
68
50
68
74
52
44
82
48
36
25
13
56
57
42
72
40
40
25
35
42
9
7
8
11
20
21
27
31
29
25
7
32
9
5
36
13
27
27
38
18
17
30
47
60
44
11
8
4
36
7
14
140
25
15
54
229
18
13
19
8
15
55
39
32
28
22
70
61
46
9
27
45
78
34
40
23
49
34
21
48
20
11
7
8
39
69
62
69
20
58
33
98
43
29
4
110
45
44
49
56
64
42
19
82
45
17
12
31
23
38
52
90
32
145
312
96
70
23
15
36
77
124
158
128
113
71
103
44
90
13
23
62
51
45
46
58
89
44
86
123
31
27
23
9
113
48
43
67
74
58
117
38
38
27
40
28
38
36
24
66
146
91
93
62
30
128
18
23
152
65
51
444
172
122
125
264
108
37
70
77
96
56
184
65
123
81
153
124
22
7
23
240
230
55
40
50
47
70
33
54
21
7
32
51
17
37
65
101
142
93
33
54
112
34
71
17
140
53
31
30
66
295
87
88
21
18
27
13
73
38
172
26
  )
}
transform { function = none }
regression { aictest = (td easter) }
automdl {}
x11 { mode = add save = (d10 d11) }
