series {
  title = "bps_permits 47260"
  start = 2004.1
  period = 12
  data = (
639
670
1156
1291
1035
1048
856
681
854
1031
895
695
603
696
1128
869
824
869
795
956
831
1159
630
930
721
628
961
628
693
630
509
568
523
833
644
521
776
694
643
502
602
470
601
405
351
636
318
278
551
407
405
403
377
953
345
583
373
349
158
141
164
708
298
488
405
494
581
345
262
254
558
443
267
268
590
470
261
431
379
364
325
339
433
179
424
268
466
231
450
494
657
446
306
346
404
240
230
1028
639
279
363
606
581
605
289
339
338
443
1007
358
616
420
551
554
1056
848
597
262
321
228
323
336
334
677
514
405
429
315
498
310
576
728
281
308
607
424
421
996
625
723
479
318
519
379
451
241
814
954
501
452
661
557
994
468
374
458
383
397
848
669
554
442
383
437
422
387
631
343
530
347
564
457
400
706
355
320
680
436
525
216
428
338
327
596
762
647
417
510
338
304
592
352
690
379
401
871
382
617
790
512
543
367
604
436
669
465
477
625
512
695
944
651
327
501
610
393
333
561
770
425
781
792
575
360
460
249
273
483
478
559
544
269
474
756
503
750
272
314
245
929
375
646
337
295
425
298
426
321
331
321
716
465
516
237
305
330
287
293
528
279
362
258
311
296
296
339
827
308
1291
284
  )
}
transform { function = none }
regression { aictest = (td easter) }
automdl {}
x11 { mode = add save = (d10 d11) }
