series {
  title = "bps_permits 39580"
  start = 2004.1
  period = 12
  data = (
988
1037
1754
1149
1377
1535
1048
1106
1450
1009
1099
991
1014
913
1212
1515
1291
1404
1449
1377
1250
1199
900
1162
1874
1259
1654
1655
1715
1986
849
1484
1279
1340
852
1206
1015
1118
1931
1623
1372
1219
1365
1534
1642
1248
980
638
940
1083
1094
1537
708
925
2850
781
376
648
395
201
243
273
302
302
785
464
546
414
372
461
393
374
490
429
577
399
420
748
374
554
377
294
295
248
291
360
442
658
725
749
485
504
430
307
953
444
786
565
958
702
962
1365
650
1100
831
2106
1794
933
813
559
1251
849
1427
1200
776
781
774
1056
850
1186
960
934
665
974
1041
932
1053
1391
755
838
1090
1088
1166
975
837
1286
1022
1271
1194
960
702
756
1018
673
548
741
813
1309
1514
1378
1666
1233
1066
1016
1278
723
1245
1317
1308
970
1407
1291
1140
1326
842
974
1460
1023
1101
1872
1390
1489
1730
1202
1823
2117
848
864
990
678
903
974
976
1333
1863
1765
1420
1149
1203
977
1226
908
1096
1135
2162
1234
998
1377
1257
1492
1287
1379
1984
1278
1185
2890
2462
1670
1664
1891
1260
1713
2218
1672
2565
1114
1687
1737
1536
2193
1642
1076
1912
1896
1841
1564
2171
927
2058
1994
1639
1125
1920
1741
1693
1558
1048
2149
1659
2090
1134
1766
1450
1365
1462
2088
2241
2928
1447
1454
879
893
1067
1731
1779
1513
1686
1348
1853
2006
1190
1159
868
1490
1583
1158
1743
2416
1582
1970
  )
}
transform { function = none }
regression { aictest = (td easter) }
automdl {}
x11 { mode = add save = (d10 d11) }
