series {
  title = "bps_permits 42100"
  start = 2004.1
  period = 12
  data = (
114
52
47
51
50
96
104
30
88
43
62
60
29
52
43
18
48
39
40
30
42
38
30
21
16
28
25
36
14
30
30
40
16
46
19
9
14
15
10
30
88
84
13
73
117
68
22
7
8
29
13
8
25
26
49
12
6
12
5
7
6
1
3
11
11
11
9
13
9
10
8
6
9
27
0
5
8
9
8
12
8
5
7
13
5
1
9
9
5
5
8
7
2
16
9
92
11
9
4
15
30
24
12
9
5
50
3
2
6
17
23
9
7
52
7
18
17
19
22
16
19
16
16
13
20
21
18
18
18
15
14
20
11
11
17
23
13
23
16
17
21
13
14
15
14
14
19
15
21
21
17
21
24
17
22
22
12
13
23
21
22
22
25
25
18
16
18
22
16
23
25
23
22
27
22
25
17
25
23
24
18
13
17
24
24
26
24
24
19
29
21
25
18
22
22
16
16
24
25
23
23
32
22
0
32
24
28
8
7
5
10
11
5
8
5
5
39
24
29
38
32
37
35
102
25
54
23
19
21
26
46
33
56
29
40
45
10
37
34
59
32
26
29
14
24
14
31
17
18
20
9
17
14
16
17
23
35
64
19
122
22
156
19
43
14
25
66
122
155
12
  )
}
transform { function = none }
regression { aictest = (td easter) }
automdl {}
x11 { mode = add save = (d10 d11) }
