series {
  title = "bps_permits 44420"
  start = 2014.1
  period = 12
  data = (
2
7
13
18
24
14
221
17
19
16
16
46
11
8
37
20
19
15
26
13
21
15
14
18
9
7
19
21
22
15
7
22
17
24
16
36
19
6
18
17
26
14
41
15
10
44
15
14
16
10
16
10
13
16
29
12
11
10
63
16
17
19
12
25
23
192
12
61
9
15
11
5
14
16
47
22
31
19
20
11
33
19
19
90
12
9
22
32
15
66
13
17
18
14
22
8
42
33
34
35
58
85
30
20
54
17
22
12
107
28
62
25
60
49
88
63
33
40
52
11
30
49
51
40
44
38
31
45
87
60
60
31
40
45
251
89
83
51
44
54
58
101
49
130
37
48
68
84
33
39
  )
}
transform { function = none }
regression { aictest = (td easter) }
automdl {}
x11 { mode = add save = (d10 d11) }
