series {
  title = "bps_permits 25060"
  start = 2004.1
  period = 12
  data = (
113
116
144
149
126
141
260
144
232
153
110
104
134
150
409
183
217
205
181
231
43
40
35
93
213
200
342
253
458
535
315
292
273
311
208
230
472
267
819
421
432
1000
190
357
375
171
446
180
203
499
524
246
239
350
137
121
175
216
362
124
185
115
168
164
236
520
193
135
269
85
85
113
93
109
95
93
119
101
115
235
126
91
110
103
105
190
142
85
132
105
88
131
105
83
80
103
79
97
109
102
133
85
46
105
53
62
47
60
53
58
72
67
55
75
51
174
60
68
68
38
62
92
84
64
92
82
304
114
97
103
73
112
130
113
151
138
137
157
166
124
116
155
145
153
118
146
161
188
190
162
152
108
129
139
130
128
163
144
179
140
207
161
202
165
124
149
139
136
154
144
163
171
204
193
201
169
166
275
170
132
176
144
179
160
199
162
229
223
185
217
144
155
219
202
236
173
473
251
291
206
278
228
178
206
207
181
280
259
378
225
187
238
206
163
173
191
230
251
404
256
331
421
290
287
292
286
203
193
294
273
309
227
244
245
239
266
257
236
186
200
249
268
233
297
287
246
260
263
261
294
173
201
216
345
287
258
352
269
239
223
227
208
249
500
260
251
320
306
278
280
  )
}
transform { function = none }
regression { aictest = (td easter) }
automdl {}
x11 { mode = add save = (d10 d11) }
