series {
  title = "bps_permits 28420"
  start = 2004.1
  period = 12
  data = (
139
186
269
226
217
237
222
212
208
184
186
181
150
168
209
268
242
284
258
272
287
210
221
205
185
243
192
162
176
178
135
141
119
124
98
96
104
113
154
114
125
123
99
83
80
72
58
42
53
61
60
84
97
102
73
61
67
67
38
39
30
38
48
57
76
89
78
74
68
62
48
62
49
73
104
98
82
102
79
89
79
80
57
73
78
77
85
168
186
194
151
195
163
140
161
154
117
158
264
161
206
219
204
212
178
178
162
182
177
190
209
172
169
153
177
153
101
123
117
121
122
117
147
101
103
123
113
94
92
93
72
93
101
108
133
151
124
154
125
126
96
146
90
117
102
143
149
180
154
138
106
130
197
126
108
85
88
111
131
153
163
179
131
218
155
184
142
138
131
147
196
159
182
159
166
170
113
396
119
131
408
101
131
439
175
146
185
165
114
195
154
196
156
141
169
65
115
159
222
174
154
200
162
209
218
197
271
192
170
181
191
215
201
179
138
138
316
166
146
156
234
158
158
110
99
96
85
43
139
111
171
160
205
182
133
123
166
104
99
101
284
120
181
186
110
195
170
302
149
178
139
138
143
111
193
206
167
213
177
184
164
175
154
191
406
165
204
213
215
247
  )
}
transform { function = none }
regression { aictest = (td easter) }
automdl {}
x11 { mode = add save = (d10 d11) }
