series {
  title = "bps_permits 28100"
  start = 2004.1
  period = 12
  data = (
30
26
93
64
63
65
66
62
58
60
37
39
7
8
16
19
21
15
27
18
19
20
12
4
4
11
23
13
17
8
13
13
16
9
8
10
3
0
11
8
25
10
7
11
9
21
11
4
2
1
3
5
11
4
8
5
5
5
5
1
2
0
1
5
3
8
8
5
3
9
3
3
1
3
4
4
3
3
5
2
9
3
4
1
4
1
4
3
8
4
2
2
3
2
2
0
0
1
0
3
3
3
2
3
1
2
0
4
1
1
1
2
2
3
5
1
2
2
1
1
0
0
1
3
6
2
3
1
2
3
2
1
1
0
0
2
2
1
0
2
1
0
0
0
0
0
1
5
0
2
1
1
3
2
1
0
3
0
4
2
3
3
1
1
7
2
3
1
1
0
3
2
5
1
1
3
2
5
2
0
1
0
2
6
2
4
1
1
1
2
1
2
1
2
2
0
3
3
2
0
1
5
0
1
0
1
1
1
1
0
4
3
1
3
0
1
5
6
24
8
6
16
6
11
11
7
8
23
3
5
1
3
13
8
8
4
2
7
3
2
1
3
6
14
11
20
14
5
12
6
15
5
2
13
12
16
10
10
11
21
13
18
12
8
5
10
13
6
11
8
  )
}
transform { function = none }
regression { aictest = (td easter) }
automdl {}
x11 { mode = add save = (d10 d11) }
