series {
  title = "bps_permits 27060"
  start = 2004.1
  period = 12
  data = (
9
4
14
17
23
23
18
22
15
8
13
16
8
9
89
11
20
13
7
10
5
8
3
4
3
38
5
9
16
68
16
15
4
8
2
8
78
2
3
11
6
10
19
16
9
12
13
7
12
2
83
9
16
14
16
3
8
5
4
3
2
1
3
3
5
12
2
7
9
5
9
8
1
7
6
6
7
9
2
2
7
1
4
8
1
2
6
6
7
14
9
10
10
4
7
2
5
4
3
7
3
11
9
12
8
11
33
11
7
2
7
11
13
13
16
14
13
12
11
13
9
9
15
12
11
15
13
8
16
15
10
11
4
3
6
8
2
9
5
3
16
2
4
1
3
3
1
5
2
5
3
3
2
2
0
1
0
2
4
9
7
4
6
3
7
10
7
10
9
7
6
4
10
7
6
8
3
7
1
2
5
8
7
8
8
13
8
10
10
10
9
13
11
6
9
0
6
11
8
8
7
9
9
9
10
1
12
1
3
2
0
2
1
1
2
3
21
25
15
13
99
14
50
12
18
14
35
40
23
28
10
7
22
21
36
21
16
26
11
18
15
18
18
59
32
34
34
28
58
28
25
36
27
24
29
29
62
28
24
20
24
74
25
30
22
22
19
31
41
45
  )
}
transform { function = none }
regression { aictest = (td easter) }
automdl {}
x11 { mode = add save = (d10 d11) }
