series {
  title = "bps_permits 25500"
  start = 2004.1
  period = 12
  data = (
48
71
71
81
56
73
74
67
46
90
86
99
79
100
56
86
142
122
127
73
101
90
121
60
127
45
81
134
69
93
63
67
72
108
32
31
85
49
64
66
88
107
280
79
42
57
112
22
55
28
39
142
263
105
173
41
44
33
15
8
48
102
57
127
58
61
37
32
23
22
21
43
52
21
35
32
30
36
36
74
39
31
40
60
19
21
28
26
42
28
24
29
14
18
28
11
77
33
39
48
12
34
23
27
193
36
25
28
44
73
15
89
89
21
36
29
29
28
27
11
41
49
50
27
38
25
35
24
34
16
27
15
33
24
39
29
67
51
43
22
38
48
24
28
43
31
39
28
32
45
33
37
23
34
64
66
27
40
54
36
29
38
56
42
52
50
27
51
53
46
58
30
95
39
47
29
26
28
59
18
22
17
42
32
37
36
35
25
37
34
20
11
56
49
55
30
36
63
47
42
30
45
67
82
61
59
55
50
45
67
105
26
62
44
48
33
58
72
98
84
48
60
96
44
47
43
24
43
44
36
51
41
75
44
34
47
72
52
46
53
45
65
54
24
80
122
87
49
44
58
57
85
93
135
37
61
57
85
56
68
63
70
52
89
27
204
105
42
67
32
  )
}
transform { function = none }
regression { aictest = (td easter) }
automdl {}
x11 { mode = add save = (d10 d11) }
