series {
  title = "bps_permits 49660"
  start = 2004.1
  period = 12
  data = (
87
55
111
129
142
117
164
120
100
104
97
120
49
50
84
96
86
107
95
101
79
119
90
61
50
35
80
76
108
86
52
80
49
58
53
49
35
61
44
49
63
65
86
107
78
51
21
25
28
16
36
41
39
32
45
26
61
65
21
47
5
11
16
21
9
20
23
21
23
21
19
16
7
10
17
23
18
33
24
22
25
16
10
14
11
8
14
12
17
15
14
15
31
12
17
10
2
6
11
17
21
18
27
21
22
42
19
13
17
12
15
23
21
17
26
29
22
25
18
18
12
10
17
22
22
21
22
22
34
21
18
13
9
2
11
19
29
21
27
21
18
22
17
12
9
12
17
20
21
23
19
31
31
19
19
12
4
11
22
30
28
28
14
25
18
18
28
12
13
19
18
24
25
20
29
17
20
32
12
11
10
5
10
33
24
27
14
18
15
31
13
8
18
14
21
18
18
25
31
16
20
24
26
17
18
17
36
30
26
29
24
22
34
25
21
22
21
18
38
27
40
31
25
29
24
20
23
24
26
13
28
23
24
31
21
26
31
31
25
21
11
13
28
31
26
21
17
36
26
36
20
11
19
17
28
23
23
27
29
39
28
26
15
10
13
11
35
29
36
42
  )
}
transform { function = none }
regression { aictest = (td easter) }
automdl {}
x11 { mode = add save = (d10 d11) }
