series {
  title = "bps_permits 22180"
  start = 2004.1
  period = 12
  data = (
205
241
361
284
202
237
361
397
343
229
301
397
535
298
310
538
309
393
231
272
240
245
455
356
342
288
357
419
389
234
315
579
247
202
176
344
349
232
275
185
425
183
195
156
116
130
104
90
113
444
236
171
125
141
160
205
336
156
78
82
185
127
167
391
369
141
134
446
147
133
82
113
145
523
355
309
137
166
484
346
143
384
345
124
178
242
478
147
354
130
213
200
110
123
442
92
157
205
146
135
316
369
473
207
105
135
293
334
186
150
99
451
175
99
134
108
158
107
74
60
68
81
84
131
88
78
151
86
105
80
57
71
89
54
119
140
181
83
105
257
189
63
58
50
77
64
174
69
85
56
49
70
115
61
78
57
60
73
106
66
65
85
63
74
83
80
88
47
57
61
71
89
93
69
77
86
54
58
54
50
105
116
128
128
166
114
133
143
133
124
105
188
96
186
167
102
111
173
216
149
149
145
158
132
127
116
171
206
183
155
138
162
210
327
144
325
185
250
243
203
176
278
188
384
169
100
232
127
126
129
168
234
207
267
165
236
238
239
200
257
129
127
143
249
189
193
167
110
79
150
162
128
410
119
350
326
87
124
150
165
109
123
60
91
71
105
160
65
84
151
  )
}
transform { function = none }
regression { aictest = (td easter) }
automdl {}
x11 { mode = add save = (d10 d11) }
