series {
  title = "bps_permits 20100"
  start = 2004.1
  period = 12
  data = (
82
127
176
226
195
270
199
226
142
180
150
163
160
139
239
282
182
177
188
185
189
167
199
163
154
157
184
145
292
145
137
200
95
121
89
121
99
122
109
187
155
122
124
99
123
60
70
65
100
55
184
79
81
74
92
72
62
47
42
44
39
38
47
65
89
72
78
96
96
46
49
85
58
49
100
91
51
66
69
59
73
65
66
46
70
46
59
54
66
67
59
68
64
54
58
72
52
83
72
63
74
170
58
75
49
84
73
54
57
66
89
89
96
70
79
103
80
76
74
58
52
58
64
96
81
89
92
91
104
96
46
127
68
91
75
61
107
103
76
73
80
168
83
94
72
87
87
103
141
125
89
163
107
141
93
71
84
106
127
79
151
185
164
156
94
85
109
193
107
94
134
133
183
118
103
143
76
155
96
102
93
122
111
120
107
143
123
111
109
117
82
93
108
150
140
102
117
144
256
368
177
199
105
225
136
129
158
184
274
169
161
130
152
131
124
149
121
101
74
97
105
94
78
127
56
54
44
44
49
65
72
53
92
172
97
97
63
110
50
166
101
130
89
121
120
94
78
98
51
121
61
159
72
93
136
92
89
173
120
116
90
76
83
130
163
102
124
101
169
105
  )
}
transform { function = none }
regression { aictest = (td easter) }
automdl {}
x11 { mode = add save = (d10 d11) }
