series {
  title = "bps_permits 41060"
  start = 2004.1
  period = 12
  data = (
38
35
108
181
128
137
142
138
96
118
88
61
45
34
92
125
112
106
126
108
108
113
87
48
50
38
101
113
112
98
82
89
78
78
63
39
37
28
51
73
92
60
69
54
51
46
34
16
13
13
12
42
44
122
36
26
38
32
20
11
9
46
13
14
24
20
23
29
108
27
8
14
4
6
27
47
27
36
32
35
32
20
25
14
6
6
21
17
17
25
20
43
14
14
12
10
6
138
17
34
36
35
35
41
44
46
36
20
13
13
25
36
46
47
58
49
128
46
29
17
14
16
33
47
56
43
52
52
69
52
24
29
1
0
1
0
1
1
3
1
1
1
0
1
0
0
1
3
0
1
1
0
0
1
1
0
0
1
0
1
1
1
1
1
1
1
0
1
0
0
1
1
0
1
1
1
1
0
1
1
0
0
1
0
1
0
1
1
0
0
1
0
0
1
1
0
0
1
0
1
0
0
1
1
0
0
1
1
1
1
0
1
1
1
1
1
19
23
48
58
51
57
71
36
40
41
18
19
11
13
82
44
59
56
50
50
147
25
43
9
18
39
40
96
56
58
54
48
228
47
37
45
113
29
54
57
48
37
62
53
50
44
97
56
9
16
39
68
73
60
  )
}
transform { function = none }
regression { aictest = (td easter) }
automdl {}
x11 { mode = add save = (d10 d11) }
