series {
  title = "bps_permits 37340"
  start = 2004.1
  period = 12
  data = (
855
526
586
525
1024
650
713
636
581
826
481
492
500
440
657
585
683
1043
828
745
656
660
600
579
696
771
486
610
404
389
399
252
378
505
315
296
294
170
271
201
178
258
355
360
181
182
160
300
99
150
99
179
133
288
151
127
118
88
67
172
114
75
46
59
62
78
96
100
77
92
82
129
97
117
130
79
88
85
80
165
63
52
141
70
87
61
87
99
69
87
76
92
81
62
49
57
60
65
82
74
106
99
119
139
95
142
88
76
114
120
136
112
121
93
141
130
97
125
100
75
101
90
115
106
116
88
124
128
113
107
91
123
175
83
111
67
430
141
130
64
61
95
105
110
106
109
166
142
130
147
153
191
147
117
127
689
130
116
141
150
219
183
167
347
191
275
171
183
187
216
190
204
168
214
175
538
160
173
159
165
186
146
111
1150
489
176
201
255
221
335
275
321
245
216
210
426
207
431
231
237
470
363
632
362
230
256
350
322
321
489
349
707
407
362
758
332
445
353
370
402
373
515
465
450
309
582
312
363
368
1067
582
642
494
539
473
438
442
361
294
741
484
240
319
364
333
382
348
299
389
700
410
351
446
264
290
315
260
345
547
391
640
343
242
534
198
245
330
303
328
437
  )
}
transform { function = none }
regression { aictest = (td easter) }
automdl {}
x11 { mode = add save = (d10 d11) }
