series {
  title = "bps_permits 34100"
  start = 2004.1
  period = 12
  data = (
36
38
60
107
45
48
58
49
38
46
53
41
63
51
60
54
52
79
49
54
52
52
39
35
41
48
69
70
30
42
60
49
48
40
39
46
29
51
49
54
52
40
68
34
22
32
27
101
22
16
10
25
24
23
35
22
36
28
8
12
7
11
13
26
13
16
19
23
18
15
11
16
19
13
24
11
21
11
18
9
25
13
13
6
8
7
16
7
12
11
12
15
10
5
8
9
12
8
12
12
11
15
26
16
12
19
12
6
11
8
14
16
24
21
21
22
21
10
10
18
6
10
13
9
16
15
16
14
14
9
10
10
  )
}
transform { function = none }
regression { aictest = (td easter) }
automdl {}
x11 { mode = add save = (d10 d11) }
