series {
  title = "bps_permits 39740"
  start = 2004.1
  period = 12
  data = (
70
51
126
112
101
113
121
104
97
78
101
57
49
54
75
57
80
93
70
86
81
56
45
52
57
65
77
67
84
51
52
77
51
58
40
63
42
41
54
69
92
54
65
44
41
40
36
29
33
17
35
41
39
42
23
30
24
26
19
15
16
8
12
24
24
23
31
14
21
23
10
14
12
13
30
18
16
16
11
20
23
14
5
14
23
19
9
16
13
22
5
12
10
8
7
12
9
12
15
10
11
40
7
8
18
27
3
18
10
25
19
11
27
17
26
9
13
25
10
13
30
7
18
17
20
14
24
19
14
23
12
17
0
2
2
14
3
3
9
7
8
2
1
14
2
3
1
9
2
2
1
1
2
2
6
3
1
3
3
5
2
1
1
1
1
0
2
1
0
4
11
3
5
1
3
1
0
2
2
2
0
1
2
2
7
2
6
3
6
7
2
2
2
1
4
1
2
8
6
5
6
3
2
3
5
4
3
3
6
1
2
26
1
2
9
7
37
35
59
44
23
29
37
34
26
18
20
19
19
24
32
33
25
32
31
23
16
29
36
42
23
21
30
29
21
13
20
25
12
34
16
16
23
32
38
22
22
21
38
35
30
48
26
55
24
118
23
40
47
44
  )
}
transform { function = none }
regression { aictest = (td easter) }
automdl {}
x11 { mode = add save = (d10 d11) }
