series {
  title = "bps_permits 43100"
  start = 2004.1
  period = 12
  data = (
33
51
76
38
33
34
30
54
29
48
35
11
8
9
19
55
25
23
14
37
31
19
39
26
13
13
15
14
98
23
14
9
58
12
10
5
7
6
6
20
14
13
9
31
6
10
11
4
7
9
3
10
6
10
11
11
8
7
43
7
2
1
6
1
9
4
5
7
2
6
2
4
2
2
4
4
6
2
3
4
2
3
2
3
1
0
2
5
5
5
3
2
0
2
3
2
1
2
4
5
5
4
4
5
5
5
3
1
2
4
1
5
8
5
2
4
10
4
2
2
0
1
4
6
10
7
7
24
1
3
2
2
0
0
0
2
0
1
0
1
1
0
0
0
0
0
0
1
2
1
1
0
3
1
0
0
0
1
0
0
2
1
1
0
1
1
1
0
1
1
0
1
1
1
2
0
2
2
0
0
0
1
3
1
3
1
1
0
1
2
0
1
1
0
0
0
2
2
2
1
1
3
0
3
0
1
1
3
1
2
1
1
1
2
3
5
6
11
18
17
14
17
17
21
15
11
11
5
13
5
13
11
10
119
15
12
62
18
27
12
12
78
10
33
36
43
31
23
77
48
32
30
13
31
27
9
19
22
11
11
15
174
13
38
3
7
18
43
13
24
  )
}
transform { function = none }
regression { aictest = (td easter) }
automdl {}
x11 { mode = add save = (d10 d11) }
