series {
  title = "bps_permits 36220"
  start = 2004.1
  period = 12
  data = (
13
18
22
10
19
21
12
24
17
16
9
13
13
7
15
116
8
18
15
16
17
10
15
5
20
22
27
18
30
22
12
28
12
21
11
38
8
19
16
21
28
17
29
12
240
24
11
14
25
27
21
25
26
31
59
128
347
15
11
1
4
6
15
17
16
16
39
23
21
30
16
17
16
28
138
23
19
354
26
22
24
18
27
13
15
20
22
29
33
86
22
26
43
29
35
436
36
64
52
30
58
257
35
266
94
66
42
59
84
91
96
341
67
115
59
59
108
68
37
44
45
26
44
18
48
32
123
33
46
44
90
30
169
30
39
41
30
35
65
48
53
34
34
48
22
48
54
53
56
60
43
26
53
50
46
47
52
42
71
25
43
48
71
45
37
41
37
34
42
83
46
83
49
50
46
58
38
50
41
34
39
76
46
46
61
64
45
68
84
70
22
77
63
67
115
49
89
149
83
77
331
151
142
109
169
49
68
128
112
126
112
123
107
104
111
109
116
110
134
70
105
85
98
102
89
87
74
67
75
55
107
70
80
82
72
81
70
73
63
31
91
86
110
21
81
53
158
91
131
108
35
39
107
91
40
69
47
56
86
36
55
103
128
103
76
154
131
105
72
126
  )
}
transform { function = none }
regression { aictest = (td easter) }
automdl {}
x11 { mode = add save = (d10 d11) }
