series {
  title = "bps_permits 32580"
  start = 2004.1
  period = 12
  data = (
622
703
1041
790
757
778
744
738
675
745
577
561
637
759
815
804
735
872
537
748
729
579
587
524
622
678
937
752
758
791
602
548
544
555
479
541
432
566
623
633
530
576
550
516
460
477
373
480
434
359
344
380
209
446
282
274
268
242
173
180
229
261
298
284
267
272
223
287
214
249
332
153
282
198
358
282
415
260
274
409
216
201
239
304
243
236
363
272
262
267
219
313
276
239
189
206
264
207
558
322
325
294
312
211
242
266
187
260
221
238
265
347
454
262
294
303
239
239
209
240
266
243
283
309
294
280
457
311
300
274
186
203
387
218
459
284
295
329
251
407
299
369
219
523
403
481
390
357
296
602
296
374
568
196
413
273
411
237
300
383
308
407
353
457
337
360
302
272
412
293
354
575
429
524
323
428
325
294
560
357
301
312
259
346
365
507
463
622
407
594
284
657
561
340
474
236
260
460
268
545
444
805
466
523
400
399
621
505
462
564
383
549
472
517
347
410
465
532
511
774
502
512
551
505
414
483
320
327
487
428
667
512
630
621
555
617
513
586
441
501
597
531
624
702
599
536
724
613
442
781
635
528
698
456
618
787
699
596
545
569
537
654
400
455
635
459
559
554
501
744
  )
}
transform { function = none }
regression { aictest = (td easter) }
automdl {}
x11 { mode = add save = (d10 d11) }
