series {
  title = "bps_permits 48900"
  start = 2004.1
  period = 12
  data = (
508
514
665
656
679
665
543
656
520
586
751
644
565
686
817
837
663
807
716
1039
636
618
567
682
587
566
1034
530
583
615
488
646
367
504
446
347
443
741
547
580
625
538
503
404
381
350
329
229
313
458
503
387
408
314
306
364
297
232
195
78
201
141
113
342
251
191
175
254
155
97
159
146
200
206
214
152
141
294
153
128
126
111
95
155
114
123
152
148
147
157
139
231
145
140
128
148
412
145
194
173
291
207
459
188
192
220
224
230
211
227
255
309
330
283
299
300
319
351
253
424
229
189
156
220
219
190
209
223
208
244
159
218
139
107
142
59
90
175
160
150
143
158
87
76
127
118
151
243
153
113
78
157
85
137
320
129
143
104
185
145
191
176
118
216
143
449
122
120
205
171
150
145
304
107
103
158
44
353
80
165
174
175
277
110
639
145
124
177
157
182
117
172
165
147
172
218
231
249
263
338
212
122
457
151
277
173
163
483
263
344
266
336
272
258
263
286
421
366
477
397
396
447
375
371
426
396
299
280
296
333
334
314
375
389
295
348
296
338
263
287
730
601
708
833
767
813
822
724
686
737
773
548
605
708
801
782
667
710
622
658
595
609
499
542
604
954
786
824
802
661
  )
}
transform { function = none }
regression { aictest = (td easter) }
automdl {}
x11 { mode = add save = (d10 d11) }
