series {
  title = "bps_permits 33780"
  start = 2004.1
  period = 12
  data = (
43
57
87
130
105
103
100
133
92
100
55
166
24
27
41
36
34
50
55
57
68
50
34
29
25
26
39
31
49
32
38
41
21
17
11
35
17
10
17
15
28
16
37
11
45
32
12
11
7
4
8
9
8
14
5
4
7
7
4
4
2
4
1
6
5
6
9
6
5
4
4
2
5
6
10
7
4
7
10
12
7
6
6
4
3
6
4
13
6
8
6
9
7
8
4
5
6
5
7
8
9
13
10
9
10
10
7
7
8
6
5
11
12
18
7
13
19
12
10
8
2
3
7
11
11
16
10
13
33
15
32
10
0
0
0
3
1
5
0
1
3
1
0
0
0
0
3
2
2
0
0
0
2
1
3
0
0
0
0
1
2
3
1
3
1
0
0
0
0
0
0
2
3
4
1
4
2
1
0
0
0
2
0
0
1
5
0
1
0
1
0
1
0
1
0
0
0
2
1
1
1
0
0
0
8
1
1
1
0
0
2
1
2
1
0
0
23
23
38
17
28
31
20
21
15
18
15
12
3
8
22
21
27
33
21
33
25
20
21
19
12
22
35
23
14
21
35
12
28
31
18
27
8
11
22
21
18
14
19
12
19
15
10
20
7
15
15
24
13
18
  )
}
transform { function = none }
regression { aictest = (td easter) }
automdl {}
x11 { mode = add save = (d10 d11) }
