series {
  title = "bps_permits 22220"
  start = 2004.1
  period = 12
  data = (
418
341
658
867
760
640
548
828
476
548
390
472
452
763
740
457
527
454
495
648
497
546
460
597
720
482
741
582
356
476
392
372
503
242
329
257
271
308
430
292
286
316
266
207
339
221
186
143
166
752
190
165
132
192
175
128
139
468
88
89
64
96
160
65
274
269
101
108
119
75
95
65
81
66
127
162
116
164
86
133
95
101
87
122
103
121
172
74
110
107
100
113
99
79
77
73
107
126
120
144
184
124
165
159
119
167
107
241
151
166
162
205
240
172
239
212
165
211
134
109
142
163
232
195
683
239
214
142
295
287
297
209
159
243
246
316
281
260
492
479
249
423
216
227
279
375
322
309
644
285
286
336
286
406
257
504
358
354
377
346
306
536
311
448
348
307
361
439
951
340
770
506
376
480
367
397
248
343
343
499
354
671
417
407
533
355
577
1617
370
437
495
612
507
344
765
546
410
521
523
625
762
721
892
444
658
536
764
673
448
534
666
614
861
576
416
530
545
730
722
832
691
664
643
809
554
465
298
417
611
605
440
471
586
726
939
603
572
660
461
429
499
572
674
558
524
794
576
676
1044
775
553
787
456
639
823
977
416
815
589
1066
1084
696
341
1004
884
560
1321
669
692
604
  )
}
transform { function = none }
regression { aictest = (td easter) }
automdl {}
x11 { mode = add save = (d10 d11) }
