series {
  title = "bps_permits 33340"
  start = 2004.1
  period = 12
  data = (
423
586
467
798
487
493
507
468
528
518
517
352
467
276
491
578
431
502
697
456
349
522
411
299
315
268
345
347
462
408
234
424
317
520
222
215
434
196
194
221
255
226
227
301
289
462
178
219
124
328
152
250
338
250
207
152
293
124
88
64
52
151
112
82
163
254
80
211
132
87
86
91
59
73
116
273
133
365
71
109
66
234
317
56
136
112
234
171
155
108
155
127
73
101
75
63
93
119
84
180
255
88
106
231
250
138
93
167
64
65
99
235
164
212
231
154
176
149
156
280
173
97
310
122
213
175
181
362
140
204
103
129
253
257
127
142
125
236
189
140
351
222
241
269
161
131
177
308
487
411
222
537
357
397
192
149
122
162
254
148
500
414
382
179
442
277
200
109
128
145
429
261
517
406
530
205
164
263
384
136
125
145
312
347
222
166
181
154
188
187
137
131
177
110
113
168
162
237
181
324
279
263
307
118
186
169
262
244
280
287
228
618
212
281
163
190
269
268
218
410
209
203
491
249
300
200
215
156
137
110
164
147
163
198
190
264
268
231
190
464
150
155
188
441
426
359
395
346
204
383
414
166
222
253
177
250
376
249
435
233
212
244
147
350
221
181
348
240
278
444
  )
}
transform { function = none }
regression { aictest = (td easter) }
automdl {}
x11 { mode = add save = (d10 d11) }
