series {
  title = "bps_permits 36100"
  start = 2004.1
  period = 12
  data = (
406
402
463
368
416
455
504
500
503
449
380
581
497
517
562
771
505
594
646
680
1104
504
536
467
676
716
829
680
723
706
709
660
380
414
288
309
366
304
700
240
215
252
190
202
134
174
129
135
142
103
127
117
104
122
149
97
80
48
48
38
31
41
24
21
38
32
29
30
46
39
37
29
30
30
69
78
40
38
31
42
42
27
22
33
18
23
52
26
29
28
31
30
35
23
33
35
18
18
46
30
40
26
41
31
27
51
32
39
47
51
60
63
63
36
43
59
42
61
43
44
54
52
58
59
53
58
80
94
50
64
57
85
67
82
86
84
68
108
89
125
89
73
91
92
72
58
93
103
115
135
106
222
180
103
91
148
138
129
160
133
231
225
230
341
130
173
178
157
268
201
215
207
232
293
294
292
217
205
171
214
187
179
202
92
198
181
231
269
212
271
88
246
297
238
339
293
232
256
320
354
374
430
289
392
381
423
444
482
568
625
393
521
565
569
882
360
512
559
535
460
800
687
673
629
595
476
272
290
267
321
554
342
480
648
519
442
520
425
353
328
585
825
509
592
889
665
708
441
589
475
373
420
645
612
665
460
498
722
441
461
429
470
174
408
504
614
618
588
481
445
  )
}
transform { function = none }
regression { aictest = (td easter) }
automdl {}
x11 { mode = add save = (d10 d11) }
