series {
  title = "bps_permits 41740"
  start = 2004.1
  period = 12
  data = (
1175
1282
1153
1900
1479
1391
1218
1531
1332
914
1416
1106
2211
1375
1649
1024
1633
1038
1146
958
1108
626
600
653
478
1450
1251
462
824
1350
530
526
562
855
533
379
809
554
1283
586
501
666
850
420
234
535
412
581
296
327
591
521
612
924
331
424
325
204
232
124
84
89
517
366
205
331
182
106
388
193
156
271
451
251
296
290
373
559
293
219
160
145
146
279
472
683
354
853
242
309
526
271
421
173
589
364
216
208
780
435
739
672
507
683
655
505
280
365
288
1002
417
682
1070
463
955
373
232
774
1265
794
322
741
1142
664
329
797
672
367
503
287
554
223
767
621
863
1010
1046
1015
506
366
396
862
880
884
594
1305
447
955
1016
1075
399
1285
478
889
843
785
166
429
772
522
839
2165
1017
463
633
801
582
2091
1266
595
910
952
1493
1435
390
398
562
426
292
533
344
283
491
912
1324
692
371
942
953
635
449
511
654
515
867
683
375
843
721
995
556
898
630
1548
1026
748
894
737
395
872
669
1224
685
922
494
1034
759
595
1124
1024
706
1556
396
1081
653
421
396
701
669
459
385
609
806
363
1153
2151
1072
1152
1628
497
636
583
1194
865
1176
549
470
1251
1134
1565
1078
1067
543
619
694
1027
968
1814
1135
721
1272
935
809
1108
761
576
750
1018
974
930
  )
}
transform { function = none }
regression { aictest = (td easter) }
automdl {}
x11 { mode = add save = (d10 d11) }
