series {
  title = "bps_permits 29620"
  start = 2004.1
  period = 12
  data = (
130
112
137
208
181
131
132
151
216
182
220
64
184
168
141
174
193
104
136
151
119
129
137
96
73
98
76
159
105
95
96
99
80
69
97
39
48
48
76
74
56
60
135
49
45
69
34
19
20
21
24
37
26
24
33
24
17
14
11
5
13
14
15
15
24
22
27
29
21
22
18
27
16
26
46
35
18
41
114
19
17
20
23
12
17
16
18
21
22
29
12
43
18
22
20
21
31
10
24
18
64
30
26
29
36
31
20
13
19
32
26
30
43
39
40
57
400
22
114
24
17
34
26
23
58
72
46
36
37
37
29
25
8
5
11
26
34
35
55
37
38
35
41
29
28
19
40
25
84
26
18
22
21
30
20
31
13
37
24
19
71
16
15
28
18
13
12
13
14
10
9
11
42
12
26
23
19
12
7
2
6
11
9
21
16
12
17
16
19
11
15
12
123
10
11
9
16
25
18
13
13
20
17
16
17
12
17
68
18
22
15
11
14
37
9
28
72
67
95
97
57
86
199
81
144
151
62
53
41
40
171
65
80
58
66
77
55
107
145
72
31
46
49
66
47
50
48
74
56
74
54
39
50
66
68
58
85
59
80
54
71
165
53
37
41
37
65
81
194
57
  )
}
transform { function = none }
regression { aictest = (td easter) }
automdl {}
x11 { mode = add save = (d10 d11) }
