series {
  title = "bps_permits 14540"
  start = 2004.1
  period = 12
  data = (
88
57
97
90
79
64
172
319
195
36
58
68
116
61
124
81
133
81
107
88
79
102
79
67
97
130
84
67
82
104
77
71
49
46
58
34
64
141
71
65
76
81
58
56
59
64
40
15
32
28
47
42
24
55
42
59
40
19
34
30
15
20
31
33
29
28
21
34
58
32
24
25
27
40
54
43
36
128
30
69
15
67
21
20
37
28
53
36
54
22
31
140
86
39
79
34
34
107
142
47
31
41
47
226
29
36
25
25
42
62
57
35
37
62
62
34
42
29
39
32
29
39
62
78
31
52
50
40
71
34
36
43
37
81
61
65
65
64
58
47
43
52
29
41
26
70
131
125
59
161
56
67
72
36
122
64
46
75
99
103
130
130
122
106
54
81
97
239
88
117
224
93
203
534
265
352
103
66
147
107
106
69
38
65
54
64
63
111
43
54
33
45
63
49
54
44
57
97
87
115
117
87
86
78
77
184
353
93
312
99
126
105
309
71
66
276
140
123
140
91
189
109
117
363
43
170
109
42
110
92
508
75
108
101
128
80
61
58
98
29
175
148
349
41
57
86
86
79
111
108
72
72
36
77
69
132
132
73
73
232
87
303
217
41
127
58
60
90
63
61
  )
}
transform { function = none }
regression { aictest = (td easter) }
automdl {}
x11 { mode = add save = (d10 d11) }
