series {
  title = "bps_permits 15940"
  start = 2004.1
  period = 12
  data = (
60
60
102
132
118
125
115
119
109
111
90
102
56
71
114
100
101
102
108
121
84
83
76
48
63
68
79
72
205
80
46
72
54
46
49
36
40
31
59
61
68
62
58
58
32
47
38
28
22
28
27
42
37
30
34
27
23
39
34
12
12
17
26
29
25
36
33
48
20
27
25
17
5
19
34
41
28
37
20
33
26
29
28
17
10
7
16
19
24
24
25
29
24
29
13
22
15
14
37
30
34
30
51
33
68
30
33
24
14
16
28
43
35
34
168
58
87
45
29
24
19
18
40
43
62
39
81
36
36
44
25
31
13
18
27
32
100
50
48
44
49
53
34
42
16
80
35
34
45
36
46
51
34
33
27
29
24
26
46
43
44
47
29
44
41
46
28
32
23
28
39
38
49
42
47
47
47
44
33
26
28
22
44
54
42
48
54
50
38
45
92
41
38
36
38
47
52
55
65
55
57
53
26
68
92
37
83
143
59
53
38
62
131
53
75
40
42
50
53
66
52
65
86
45
129
174
29
25
34
21
47
52
52
52
39
52
50
52
41
24
46
39
59
47
51
38
43
47
37
56
33
34
35
48
66
50
55
46
52
54
110
59
35
43
34
37
60
72
46
49
  )
}
transform { function = none }
regression { aictest = (td easter) }
automdl {}
x11 { mode = add save = (d10 d11) }
