series {
  title = "bps_permits 30340"
  start = 2004.1
  period = 12
  data = (
18
20
41
60
53
58
37
43
47
40
41
33
28
34
33
39
47
38
42
43
39
30
21
23
18
17
22
30
29
31
23
31
30
22
25
19
13
14
14
23
23
23
14
18
13
15
10
6
7
7
13
16
19
16
12
6
6
16
11
7
3
3
7
12
10
19
24
9
9
10
8
12
3
6
11
15
33
14
24
19
16
8
4
6
8
3
5
6
6
16
10
12
6
8
13
5
5
5
5
5
10
10
10
4
6
18
3
4
3
2
7
10
13
11
7
8
9
6
7
6
7
3
3
8
4
7
6
5
7
7
3
9
4
0
4
3
4
5
1
3
1
4
2
1
3
5
10
14
34
5
6
7
8
6
6
3
3
3
5
12
15
7
7
12
6
4
47
6
4
67
7
9
12
11
14
3
54
8
8
6
2
61
4
4
7
10
11
8
10
5
3
3
19
11
5
5
8
10
35
5
55
12
5
4
6
5
8
39
9
10
11
4
7
10
14
6
17
33
36
23
92
19
19
15
12
17
11
14
10
11
20
20
46
39
33
44
33
41
16
47
22
43
11
29
32
33
25
37
34
27
25
17
34
9
21
39
128
73
27
23
32
31
17
16
26
10
32
31
29
35
  )
}
transform { function = none }
regression { aictest = (td easter) }
automdl {}
x11 { mode = add save = (d10 d11) }
