series {
  title = "bps_permits 23540"
  start = 2004.1
  period = 12
  data = (
90
270
206
183
171
200
164
149
137
257
138
156
168
182
285
284
167
137
137
142
163
130
138
150
121
122
136
137
141
199
169
326
102
97
258
101
85
88
89
124
128
116
91
366
91
86
78
121
132
109
94
76
49
68
69
233
57
44
41
40
34
38
38
33
47
51
35
35
57
36
40
65
55
33
58
34
24
50
36
32
27
30
13
36
22
36
37
31
43
42
55
36
36
36
29
43
35
48
58
38
53
39
62
42
57
45
56
55
66
60
66
87
60
57
85
46
60
67
50
50
60
54
55
75
73
66
67
55
53
73
44
77
53
54
42
55
52
67
107
61
55
191
226
55
62
52
49
78
58
56
51
81
49
61
272
41
57
57
50
313
58
197
47
70
38
79
41
46
46
34
69
184
49
166
142
180
142
138
161
164
156
144
152
203
247
96
104
156
286
159
101
104
111
112
115
156
171
172
178
147
178
140
163
108
193
179
215
165
131
157
134
199
141
131
138
150
220
236
232
345
237
214
267
255
197
221
165
182
208
207
227
204
257
222
214
236
198
235
163
201
168
99
133
129
159
127
148
159
97
131
121
117
172
113
157
159
178
262
192
166
138
225
124
183
131
133
124
267
223
214
  )
}
transform { function = none }
regression { aictest = (td easter) }
automdl {}
x11 { mode = add save = (d10 d11) }
