series {
  title = "bps_permits 14460"
  start = 2004.1
  period = 12
  data = (
1066
660
899
1305
1306
1396
1248
1265
1248
1282
1515
1706
1157
818
1479
1235
1616
1983
1632
1222
1252
1235
1234
1714
877
846
1528
1935
1218
1517
1116
1128
1101
982
980
1361
1511
499
804
838
1293
776
1109
754
678
729
615
727
400
359
843
672
868
1922
565
435
604
384
273
449
237
893
355
314
472
396
365
526
421
379
333
669
326
469
371
596
404
1047
696
534
485
469
635
601
276
260
362
369
696
799
341
422
377
678
679
747
379
993
471
932
977
576
542
970
543
694
716
942
675
600
752
889
778
1660
1578
856
973
801
730
1340
959
841
612
776
974
1046
1175
881
899
916
1275
795
1465
570
1059
935
2127
1556
943
977
1830
1128
1259
1294
595
681
894
962
746
1039
1128
757
1851
915
1036
899
702
695
1659
717
1662
1173
1875
1032
1245
1227
989
2129
1410
714
1174
606
2142
1463
952
622
721
1136
919
1184
873
715
967
779
909
1275
1166
1411
844
1064
1389
1361
1628
850
1056
468
1180
1590
1305
844
1226
923
1735
1540
1178
955
1345
2071
1707
1415
1387
1088
1710
962
936
2462
903
1894
1448
1675
1142
1438
1396
857
1276
875
1143
1135
1034
1057
1183
644
1303
1177
1022
865
725
575
502
1659
1126
1161
1094
714
962
1118
918
1071
708
652
695
941
789
565
720
948
921
556
921
824
739
961
559
792
711
381
509
884
1342
1835
  )
}
transform { function = none }
regression { aictest = (td easter) }
automdl {}
x11 { mode = add save = (d10 d11) }
