series {
  title = "bps_permits 46660"
  start = 2004.1
  period = 12
  data = (
75
92
112
110
63
105
79
80
88
298
95
100
83
81
76
110
96
117
102
118
107
95
87
48
102
148
83
83
96
136
70
77
162
152
48
54
91
50
65
86
103
89
60
80
63
83
105
42
57
65
57
60
94
63
64
58
33
47
29
31
29
38
35
41
25
60
52
60
41
42
32
298
28
47
55
66
37
72
66
68
54
47
46
49
33
60
267
23
71
87
80
85
25
74
75
41
11
79
40
60
80
17
72
33
74
73
22
70
67
74
23
37
39
29
39
35
31
32
27
26
29
31
34
19
31
35
36
37
32
36
31
36
29
35
36
35
39
36
33
33
33
33
24
29
29
30
36
56
50
60
45
52
53
48
46
44
84
82
103
80
82
71
75
85
57
84
59
50
86
66
87
103
77
82
76
82
70
72
74
69
86
97
91
87
96
87
92
94
90
95
83
84
86
99
96
66
82
101
101
117
108
117
73
87
122
113
133
113
112
113
125
87
112
100
96
105
118
117
160
124
188
128
110
131
90
96
74
72
70
96
57
122
159
147
125
56
93
99
84
82
103
104
106
92
93
73
78
77
64
73
60
64
70
78
81
84
86
82
83
73
69
69
56
63
65
69
82
85
77
82
  )
}
transform { function = none }
regression { aictest = (td easter) }
automdl {}
x11 { mode = add save = (d10 d11) }
