series {
  title = "bps_permits 16580"
  start = 2004.1
  period = 12
  data = (
80
38
66
108
43
91
63
94
39
107
48
34
38
79
104
142
371
154
60
85
321
59
83
265
33
167
162
95
135
221
134
72
24
74
50
46
52
66
262
336
69
54
184
80
47
46
72
69
37
112
35
63
30
76
29
41
72
160
46
19
99
24
12
20
39
20
17
26
20
44
25
5
9
9
24
27
37
35
41
71
65
82
10
19
3
5
21
11
121
11
41
48
8
10
123
4
12
57
41
45
94
9
89
55
84
22
4
5
50
3
66
41
69
13
79
78
60
42
11
18
17
161
78
107
39
264
190
223
13
100
19
13
12
2
90
28
17
393
17
83
45
92
30
80
34
10
90
84
139
124
15
57
8
53
51
30
13
52
135
16
19
16
16
90
14
8
107
62
3
60
228
18
389
6
11
9
35
189
158
36
49
4
13
345
13
6
79
126
14
258
74
25
3
57
71
58
65
105
174
23
76
95
79
6
3
16
9
55
105
13
5
8
2
69
19
3
15
32
276
173
53
46
16
19
77
92
114
12
22
12
27
102
196
18
50
35
10
41
76
10
14
26
34
31
32
128
21
142
33
60
24
67
20
119
95
40
39
17
70
103
238
91
40
11
4
179
969
19
77
160
  )
}
transform { function = none }
regression { aictest = (td easter) }
automdl {}
x11 { mode = add save = (d10 d11) }
