series {
  title = "bps_permits 31420"
  start = 2004.1
  period = 12
  data = (
75
80
70
138
84
57
168
140
86
60
54
71
69
61
15
61
80
65
65
68
79
71
67
58
65
59
87
60
74
67
52
69
67
53
75
60
56
346
71
54
78
59
56
41
30
28
33
16
22
268
18
59
46
29
28
22
11
17
13
56
14
27
13
11
16
25
10
9
10
15
13
13
11
12
11
15
10
21
11
4
6
9
7
8
7
9
8
10
6
18
2
5
223
5
8
4
8
4
8
244
6
4
4
4
6
7
7
4
7
6
257
4
2
4
10
8
32
38
6
5
8
7
27
19
23
5
9
12
13
7
3
0
6
11
5
3
14
22
24
13
26
15
8
17
11
15
24
24
16
17
18
5
17
20
12
14
15
19
17
23
26
19
16
26
17
17
16
15
18
18
21
23
23
23
21
23
18
20
15
16
25
18
21
12
33
24
26
26
23
27
21
34
26
25
27
22
27
36
30
31
32
33
28
32
31
30
40
39
37
39
34
34
31
32
29
31
57
40
75
49
51
51
34
54
31
33
26
24
36
28
42
51
50
52
41
55
46
85
43
38
50
72
50
52
55
48
51
52
53
47
32
34
39
48
50
48
46
50
42
38
41
38
34
37
34
37
44
45
40
49
  )
}
transform { function = none }
regression { aictest = (td easter) }
automdl {}
x11 { mode = add save = (d10 d11) }
