series {
  title = "bps_permits 16180"
  start = 2004.1
  period = 12
  data = (
5
9
15
9
18
14
10
15
7
12
80
38
28
10
12
8
18
10
45
27
7
5
5
15
3
3
16
3
11
3
9
19
5
38
63
14
8
0
7
3
13
6
4
0
3
0
0
7
1
1
5
0
1
1
2
1
0
1
2
1
1
2
8
0
0
1
0
0
0
4
0
2
16
2
1
2
2
2
3
2
0
0
0
1
0
1
1
0
2
6
1
2
0
0
0
0
1
1
43
0
0
1
1
1
1
0
2
0
2
3
2
6
3
2
2
5
6
3
3
3
2
5
4
2
4
2
3
3
1
4
5
0
3
1
3
5
2
1
13
4
2
4
4
1
3
5
2
2
5
17
15
65
14
8
9
14
33
12
16
12
10
9
7
7
7
7
13
5
8
18
14
32
24
17
13
71
10
30
12
61
10
10
24
14
12
27
27
28
26
29
26
15
25
24
26
15
17
25
24
22
15
17
23
30
23
26
27
26
25
28
28
25
22
25
24
28
22
24
31
24
23
29
23
23
20
20
17
16
14
21
19
25
22
22
19
22
18
19
20
21
19
18
20
31
94
9
17
19
10
11
5
11
219
30
53
18
19
39
13
36
16
54
32
44
35
13
6
41
51
77
  )
}
transform { function = none }
regression { aictest = (td easter) }
automdl {}
x11 { mode = add save = (d10 d11) }
