series {
  title = "bps_permits 16860"
  start = 2004.1
  period = 12
  data = (
218
228
315
297
275
288
258
246
230
259
210
224
229
243
281
244
287
235
189
304
321
265
217
203
240
239
288
223
243
269
229
335
189
165
194
213
166
161
238
218
220
176
170
169
148
121
116
136
123
108
138
117
127
130
109
93
96
74
46
65
67
70
76
74
78
99
97
98
78
80
66
85
64
68
107
100
80
75
86
69
76
64
59
46
59
78
82
57
75
89
89
97
87
52
68
73
91
84
118
89
104
104
97
93
92
99
94
108
100
90
103
106
131
104
102
95
135
118
73
82
384
100
93
372
96
157
94
104
330
91
276
94
118
91
123
181
80
146
207
105
114
105
152
185
129
172
124
151
129
148
119
146
129
131
108
234
153
142
184
183
180
434
192
207
106
180
125
137
194
166
233
279
247
206
191
237
152
131
206
172
180
192
222
130
234
135
165
172
164
161
144
128
168
140
173
167
191
240
233
236
237
219
190
207
254
514
275
248
217
229
211
229
174
240
239
360
257
249
350
272
299
228
266
221
297
212
183
211
180
269
254
267
253
283
263
270
278
248
212
225
226
282
251
759
284
319
258
296
240
253
192
245
212
224
301
284
260
274
269
244
257
267
219
228
258
264
266
326
279
288
  )
}
transform { function = none }
regression { aictest = (td easter) }
automdl {}
x11 { mode = add save = (d10 d11) }
