series {
  title = "bps_permits 29740"
  start = 2004.1
  period = 12
  data = (
101
95
154
273
110
231
114
103
106
156
113
164
146
140
193
158
202
169
176
201
155
264
397
151
282
211
199
159
334
200
218
187
193
130
113
127
124
98
169
136
158
148
134
137
63
69
73
42
94
87
84
89
101
86
64
75
56
71
43
76
208
146
51
80
63
79
98
87
90
90
60
62
50
86
86
101
100
75
204
73
40
47
44
77
42
39
71
71
69
67
43
89
52
48
35
60
65
66
104
60
52
57
73
56
238
53
60
40
52
70
68
72
95
62
63
68
82
54
41
57
52
43
58
56
44
48
73
55
48
51
41
45
56
44
59
72
77
72
78
57
68
75
65
61
59
56
73
71
77
71
67
79
67
66
92
62
60
69
70
64
76
212
211
76
63
97
64
60
89
62
126
84
68
67
60
73
72
142
65
65
77
54
83
98
96
79
181
65
68
90
68
62
70
65
91
84
69
109
87
98
125
156
81
86
92
100
125
113
99
117
114
104
111
99
90
114
99
106
152
114
109
108
101
89
92
65
57
64
43
52
57
68
91
77
84
86
75
75
89
95
87
89
80
61
116
76
71
90
67
102
49
83
64
75
78
88
73
65
61
59
61
69
58
64
50
67
90
50
69
73
  )
}
transform { function = none }
regression { aictest = (td easter) }
automdl {}
x11 { mode = add save = (d10 d11) }
