series {
  title = "bps_permits 33700"
  start = 2004.1
  period = 12
  data = (
303
358
414
334
338
388
325
333
591
283
314
324
279
194
356
384
319
259
306
352
228
339
226
144
203
166
316
314
326
268
156
160
137
125
152
110
128
94
170
113
99
388
119
102
62
299
27
64
60
25
29
99
73
86
37
58
32
49
34
19
54
12
31
34
38
45
21
16
24
21
13
28
16
17
17
25
15
12
14
14
14
8
2
22
5
3
4
9
6
58
7
8
2
12
4
6
8
3
12
14
9
16
13
17
17
10
17
15
24
13
15
18
25
20
16
9
24
24
28
16
29
18
17
37
43
35
25
43
25
20
15
68
4
0
6
7
4
6
4
0
0
4
0
6
10
10
0
9
7
0
5
5
4
0
0
7
0
5
5
0
0
0
2
0
6
4
0
5
4
4
6
10
7
0
4
8
0
4
2
1
1
1
1
1
1
3
2
0
4
1
0
1
2
5
5
0
1
3
3
0
2
2
2
6
0
7
0
9
0
4
4
4
4
2
12
6
57
71
84
79
85
51
44
79
48
73
51
34
70
84
55
50
53
99
71
79
56
58
98
58
99
72
113
76
99
61
91
73
45
73
69
67
89
41
84
43
48
82
108
85
50
112
263
54
112
79
250
97
157
96
  )
}
transform { function = none }
regression { aictest = (td easter) }
automdl {}
x11 { mode = add save = (d10 d11) }
