series {
  title = "bps_permits 12700"
  start = 2004.1
  period = 12
  data = (
85
81
121
186
112
142
125
94
111
82
91
91
61
69
109
89
95
116
134
129
105
86
95
83
69
61
84
108
84
67
68
96
75
73
75
76
59
74
68
43
52
53
75
53
72
93
42
62
60
34
22
44
34
63
69
34
28
32
21
26
25
15
22
19
18
28
27
30
18
31
36
28
16
23
23
31
23
36
34
26
31
29
37
43
17
16
21
15
30
44
27
17
31
43
49
39
17
37
31
32
33
38
27
38
47
59
35
33
42
23
32
36
45
33
41
43
39
62
46
56
48
31
43
58
59
60
48
50
38
36
31
63
7
2
3
6
6
8
9
26
8
9
7
10
5
5
9
8
8
7
9
10
7
9
9
6
8
9
9
7
7
50
5
7
8
10
7
6
5
6
13
7
5
11
8
9
7
5
9
4
5
6
3
7
8
2
5
1
2
10
8
4
20
5
5
6
8
10
6
8
13
10
6
15
4
7
10
8
5
11
5
9
7
5
5
9
50
45
55
54
51
60
41
69
89
56
32
48
38
27
35
29
54
31
40
45
71
38
36
38
31
38
46
34
60
55
33
322
101
79
77
77
20
76
57
52
94
33
44
42
25
103
46
97
27
20
29
28
19
33
  )
}
transform { function = none }
regression { aictest = (td easter) }
automdl {}
x11 { mode = add save = (d10 d11) }
