series {
  title = "bps_permits 21660"
  start = 2004.1
  period = 12
  data = (
103
117
158
140
162
244
254
151
121
104
104
104
141
173
394
176
181
150
143
137
183
265
121
186
172
95
145
303
153
201
140
127
121
100
97
90
207
108
104
118
146
118
145
101
116
77
66
112
47
140
61
91
67
55
69
69
87
41
34
29
29
29
41
42
66
59
68
56
40
40
91
76
33
47
83
49
36
101
47
46
36
31
21
39
42
20
43
44
45
106
43
55
221
27
28
39
21
56
44
37
129
38
52
199
77
41
50
60
40
83
95
97
104
89
105
88
61
74
60
87
57
80
86
132
107
102
93
37
48
333
32
47
40
34
57
44
33
89
42
61
41
49
121
45
43
59
63
103
350
67
77
84
62
49
48
65
53
46
72
51
80
73
66
74
46
62
62
49
56
42
72
65
86
182
54
65
289
224
53
52
54
95
104
61
72
79
63
105
77
54
58
221
102
141
105
41
44
63
132
174
100
119
77
85
68
100
675
78
100
276
49
91
111
124
129
124
137
133
167
172
80
70
199
149
90
184
96
193
301
52
86
209
75
83
78
73
66
51
72
55
62
60
309
77
65
506
63
54
63
78
247
76
67
71
89
69
102
88
133
79
79
265
54
403
60
62
71
72
117
36
  )
}
transform { function = none }
regression { aictest = (td easter) }
automdl {}
x11 { mode = add save = (d10 d11) }
