series {
  title = "bps_permits 38860"
  start = 2004.1
  period = 12
  data = (
222
195
296
420
422
351
335
291
289
289
297
278
175
160
255
321
323
366
293
304
374
273
229
216
158
171
254
249
260
242
240
229
218
240
171
153
145
114
163
251
226
287
257
237
170
227
157
113
102
68
85
128
143
150
114
96
99
77
69
70
43
76
59
67
90
95
112
79
130
84
84
76
48
65
90
94
105
131
102
90
94
92
84
71
47
38
59
75
106
81
74
106
75
97
76
61
77
71
83
88
113
123
112
105
121
98
133
75
65
79
112
135
186
141
125
117
146
135
115
149
81
68
87
135
178
197
156
131
153
140
173
107
83
45
107
115
145
207
132
122
292
120
105
126
77
87
134
141
156
163
167
134
135
108
126
128
109
94
154
232
149
278
142
188
153
150
153
177
93
135
143
150
202
202
162
163
168
157
128
113
231
114
129
157
204
167
183
188
140
183
172
91
135
116
165
260
177
184
245
154
200
235
154
127
268
147
176
197
232
336
245
251
209
147
204
268
288
705
229
351
254
267
259
271
246
210
195
203
143
173
300
227
344
217
252
368
401
212
207
147
205
199
360
226
333
302
263
257
195
273
168
235
315
205
396
315
229
216
252
235
247
376
247
208
153
389
206
447
314
319
  )
}
transform { function = none }
regression { aictest = (td easter) }
automdl {}
x11 { mode = add save = (d10 d11) }
