series {
  title = "bps_permits 41500"
  start = 2004.1
  period = 12
  data = (
72
57
122
77
100
118
177
101
60
82
77
75
17
64
56
95
89
107
139
129
162
109
109
43
46
85
57
61
95
62
39
70
78
36
41
50
35
16
75
111
55
137
72
85
27
85
40
37
16
21
76
66
52
77
29
94
33
32
19
20
15
8
30
46
9
6
7
12
10
19
3
1
100
29
3
14
8
25
16
4
70
4
4
9
3
8
5
14
6
6
20
10
4
8
24
34
7
8
77
4
15
69
12
4
4
2
23
3
14
8
27
57
65
7
12
16
29
7
1
7
4
21
22
11
18
9
48
26
28
50
16
22
57
4
49
46
22
35
24
31
121
30
10
44
70
36
23
24
79
33
25
17
30
24
33
23
83
22
34
23
0
22
20
36
99
37
40
13
25
51
118
59
23
21
24
22
35
23
36
13
32
33
13
28
35
21
38
39
3
4
34
25
2
16
10
0
62
61
26
191
77
38
25
13
6
10
17
28
94
43
29
15
25
39
43
91
32
190
73
48
53
216
48
54
54
38
31
57
14
21
61
55
56
44
84
34
128
42
32
37
26
32
85
30
51
53
43
45
32
46
39
46
60
23
37
77
63
77
62
60
140
95
57
47
87
78
76
68
70
57
  )
}
transform { function = none }
regression { aictest = (td easter) }
automdl {}
x11 { mode = add save = (d10 d11) }
