series {
  title = "bps_permits 40580"
  start = 2004.1
  period = 12
  data = (
45
56
78
66
59
63
56
57
55
57
68
43
52
42
60
53
52
65
55
63
56
53
49
38
39
67
68
55
66
58
55
60
64
57
30
44
59
59
57
46
46
74
57
56
41
41
40
29
24
33
38
40
53
22
34
28
14
21
16
19
13
15
28
37
22
24
25
19
24
23
21
16
9
20
31
24
18
19
19
14
16
6
15
8
7
10
19
9
15
15
10
16
14
12
35
11
11
12
8
9
17
11
12
14
10
6
15
7
16
18
12
17
18
16
10
13
13
17
5
11
9
12
10
14
13
12
14
15
17
15
9
14
  )
}
transform { function = none }
regression { aictest = (td easter) }
automdl {}
x11 { mode = add save = (d10 d11) }
