series {
  title = "bps_permits 39900"
  start = 2004.1
  period = 12
  data = (
412
598
438
427
445
495
531
493
403
564
535
397
146
290
718
938
267
633
443
481
847
494
481
536
340
344
368
358
533
486
329
497
271
193
104
89
109
222
142
253
241
177
206
205
163
207
102
100
93
86
98
138
91
109
81
266
62
79
41
33
36
82
53
52
32
59
69
38
277
33
32
69
49
45
79
115
45
111
39
49
32
27
30
29
51
49
59
35
38
47
47
42
40
34
54
27
95
36
41
90
58
77
103
41
86
61
65
83
86
127
102
131
345
214
95
170
183
71
93
95
78
138
131
172
190
225
239
207
241
193
158
202
173
154
252
291
202
368
160
159
159
199
296
188
247
120
288
216
216
191
570
366
290
255
249
349
293
216
344
294
384
399
484
580
257
618
305
341
223
274
155
472
420
262
276
354
384
549
522
526
397
168
219
291
471
798
367
350
659
423
334
623
343
329
388
324
301
348
467
367
378
421
378
518
410
421
472
469
430
399
487
465
380
422
445
485
401
419
649
902
548
511
383
509
630
369
259
352
262
376
362
326
392
361
352
399
328
363
413
337
320
342
411
333
381
386
359
328
475
368
346
342
452
328
417
184
161
297
313
118
153
347
151
212
117
131
559
464
160
547
  )
}
transform { function = none }
regression { aictest = (td easter) }
automdl {}
x11 { mode = add save = (d10 d11) }
