series {
  title = "bps_permits 29420"
  start = 2007.1
  period = 12
  data = (
128
120
167
99
102
75
118
137
132
61
45
43
25
79
54
86
47
55
29
66
42
46
18
17
17
20
22
17
24
20
46
22
12
14
18
34
17
16
26
22
18
62
31
13
18
12
13
15
16
15
30
21
23
18
14
31
24
13
20
12
24
20
30
24
20
25
19
45
29
38
47
24
23
35
32
33
62
35
50
33
39
42
51
30
31
45
50
38
59
41
55
33
34
62
35
43
48
43
68
56
50
68
64
51
50
43
44
44
49
52
56
66
52
69
50
48
71
53
58
57
70
73
87
72
88
64
69
82
63
95
78
67
100
90
92
87
102
77
93
82
77
63
73
58
64
79
80
93
77
79
125
104
75
152
75
103
64
85
99
111
130
122
142
136
168
120
99
134
88
167
171
147
181
171
84
111
115
117
131
136
146
189
211
275
239
212
168
145
135
100
151
64
71
90
118
118
213
217
199
166
186
220
154
199
182
179
207
217
270
229
174
262
231
238
174
191
238
241
166
179
245
164
157
58
128
176
72
73
63
59
86
70
61
69
  )
}
transform { function = none }
regression { aictest = (td easter) }
automdl {}
x11 { mode = add save = (d10 d11) }
