series {
  title = "bps_permits 21140"
  start = 2004.1
  period = 12
  data = (
72
64
88
139
115
105
83
169
76
92
84
90
69
54
109
99
91
104
96
77
70
82
86
61
73
57
111
72
75
90
66
72
73
73
59
47
50
35
69
62
65
55
73
70
61
47
30
58
28
29
29
39
38
46
35
183
23
38
14
4
10
5
10
11
12
12
11
16
17
61
12
11
9
11
17
19
19
19
18
16
10
15
76
7
8
5
13
9
23
20
8
12
12
11
14
14
10
12
16
22
25
16
10
18
15
36
23
15
23
17
20
25
30
31
24
47
15
20
28
19
11
12
16
18
31
22
32
32
18
30
14
30
12
17
26
16
20
23
26
30
23
20
19
16
17
26
16
26
36
29
29
28
23
26
0
23
24
22
32
19
27
26
25
31
22
27
20
15
11
17
26
27
28
27
24
28
24
23
13
12
9
20
20
25
21
29
15
19
21
19
22
16
21
24
27
22
24
19
47
12
21
38
11
26
19
27
41
28
30
30
25
26
25
21
24
20
30
19
28
26
31
20
33
104
38
38
24
13
9
11
38
21
40
36
33
16
28
25
21
17
19
17
58
29
35
21
41
37
44
37
62
17
13
158
32
51
37
38
44
36
46
34
20
66
16
22
24
58
33
36
  )
}
transform { function = none }
regression { aictest = (td easter) }
automdl {}
x11 { mode = add save = (d10 d11) }
