series {
  title = "bps_permits 11340"
  start = 2004.1
  period = 12
  data = (
137
73
162
85
111
125
106
128
84
88
84
76
93
114
107
170
100
256
103
270
102
105
138
80
87
92
118
91
105
117
89
340
147
121
54
73
101
73
172
111
76
84
128
110
83
53
52
51
46
36
74
155
49
48
39
39
46
24
15
18
8
28
16
23
15
25
20
20
19
16
13
15
15
19
25
39
21
11
16
84
17
83
17
10
6
14
20
23
16
38
20
26
31
37
19
22
16
33
27
33
32
25
30
30
33
36
27
47
24
29
63
43
34
71
36
39
40
45
34
74
  )
}
transform { function = none }
regression { aictest = (td easter) }
automdl {}
x11 { mode = add save = (d10 d11) }
