series {
  title = "bps_permits 23580"
  start = 2004.1
  period = 12
  data = (
81
97
262
146
165
124
161
155
176
94
83
89
106
116
141
153
139
114
156
147
125
193
106
109
31
150
147
132
129
125
155
167
164
128
127
90
110
168
180
135
116
98
119
101
42
95
51
35
27
72
35
45
44
36
21
39
13
16
7
10
6
10
13
13
20
21
12
25
30
9
19
21
20
14
24
25
16
6
11
6
9
8
6
8
7
19
21
20
15
31
21
18
19
8
5
8
8
16
15
19
26
21
27
38
24
30
16
21
21
29
37
26
33
38
65
62
50
38
19
54
24
65
67
42
47
59
55
59
44
60
34
49
42
73
74
73
75
80
79
100
54
53
38
45
54
72
64
87
73
61
67
98
156
409
161
65
72
74
116
62
115
78
71
195
51
112
48
43
66
76
363
102
99
85
72
83
378
49
63
51
52
85
71
62
110
105
77
146
54
65
241
57
54
75
70
48
53
51
75
71
78
158
280
72
80
66
118
101
99
86
79
78
75
470
231
105
136
138
137
288
360
129
101
185
85
70
55
239
60
112
108
118
162
151
95
113
123
116
78
96
92
143
133
132
128
543
105
84
96
141
79
123
111
134
117
149
187
130
132
118
132
130
91
151
119
133
132
177
171
235
  )
}
transform { function = none }
regression { aictest = (td easter) }
automdl {}
x11 { mode = add save = (d10 d11) }
