series {
  title = "bps_permits 36260"
  start = 2004.1
  period = 12
  data = (
288
265
449
381
424
479
414
360
379
402
329
240
289
275
390
355
408
415
324
402
404
366
307
344
311
293
434
313
386
446
284
347
295
345
258
233
242
214
295
224
269
311
262
307
148
214
138
59
103
107
117
200
173
221
208
87
93
103
85
51
30
58
97
127
154
166
115
128
149
114
117
88
129
119
207
135
124
92
76
96
78
96
62
65
59
72
79
92
96
425
76
273
97
110
127
63
110
82
153
129
188
204
311
245
194
290
264
78
144
123
338
235
214
191
256
233
173
192
154
89
194
148
175
189
256
178
207
129
299
342
160
105
129
186
246
221
209
239
245
253
451
314
194
226
280
224
245
445
269
333
261
371
262
249
215
176
213
158
477
305
231
352
278
353
220
233
231
184
206
174
251
290
315
351
239
407
252
203
592
202
219
272
282
312
267
319
301
364
326
318
275
197
311
389
282
336
365
337
457
433
479
350
402
373
319
290
634
542
561
672
815
470
464
451
775
362
464
775
574
675
453
358
568
446
224
200
208
249
145
210
332
254
249
320
242
346
418
247
523
187
494
211
308
351
284
353
243
183
232
231
179
208
194
251
257
282
323
240
209
559
274
248
448
360
181
195
228
290
215
435
  )
}
transform { function = none }
regression { aictest = (td easter) }
automdl {}
x11 { mode = add save = (d10 d11) }
