series {
  title = "bps_permits 43780"
  start = 2004.1
  period = 12
  data = (
50
51
154
91
83
96
211
140
69
91
61
68
67
37
117
114
106
154
113
77
74
106
65
49
39
48
189
56
54
55
119
95
47
71
79
175
40
38
97
105
245
60
65
38
53
198
62
30
17
40
36
49
38
34
30
40
27
21
35
5
8
23
39
25
11
25
37
21
22
33
11
17
8
7
60
26
11
18
14
14
109
17
22
8
4
6
34
52
24
30
60
61
11
14
9
86
5
24
60
8
17
14
43
200
21
24
103
8
9
13
50
44
31
25
24
23
17
24
139
5
185
40
14
18
43
48
22
29
78
21
13
28
7
6
7
41
23
21
5
30
44
31
13
72
9
21
82
20
12
23
23
23
25
12
27
16
23
37
18
34
16
305
36
46
74
38
30
104
27
14
31
43
33
21
35
39
24
26
18
18
9
25
27
29
23
37
23
34
25
25
29
36
15
14
30
16
17
34
30
32
19
34
18
25
19
26
43
26
33
32
20
21
48
31
35
24
29
27
45
38
40
39
29
27
40
46
207
150
19
20
21
44
40
55
36
41
33
25
35
71
25
139
36
43
34
46
26
315
109
44
41
41
25
33
42
43
70
57
62
86
69
69
65
200
31
29
109
48
235
53
  )
}
transform { function = none }
regression { aictest = (td easter) }
automdl {}
x11 { mode = add save = (d10 d11) }
