series {
  title = "bps_permits 29540"
  start = 2004.1
  period = 12
  data = (
207
123
169
219
237
235
270
148
150
126
144
170
115
97
119
156
152
172
112
123
138
126
140
84
86
69
115
115
108
109
68
96
95
91
69
68
58
92
81
66
133
107
125
111
96
118
86
47
41
60
97
99
73
75
79
95
78
101
37
47
90
40
43
35
37
65
64
91
77
96
61
72
71
128
68
88
86
93
39
86
47
67
49
130
44
51
52
55
61
69
49
96
151
42
68
49
50
108
82
78
72
107
103
66
76
105
39
70
51
57
77
92
61
47
67
82
83
40
55
58
37
29
45
55
68
47
71
51
92
88
62
48
5
3
7
5
9
15
4
10
10
6
22
5
4
5
7
6
4
10
7
48
6
25
10
8
4
6
21
5
10
32
100
12
7
2
3
21
4
10
4
12
14
16
13
12
12
12
15
13
10
8
10
11
11
13
2
8
5
8
5
9
10
5
9
9
9
7
5
6
8
9
4
9
5
9
4
6
10
11
4
6
7
10
4
7
76
58
134
103
69
107
149
137
80
50
51
263
56
57
74
83
99
79
89
112
61
502
80
59
62
91
60
167
141
140
149
136
132
169
144
104
136
363
159
98
100
120
102
83
90
134
90
106
84
70
85
101
62
54
  )
}
transform { function = none }
regression { aictest = (td easter) }
automdl {}
x11 { mode = add save = (d10 d11) }
