series {
  title = "bps_permits 27340"
  start = 2004.1
  period = 12
  data = (
86
99
276
110
107
123
209
339
86
73
85
98
85
154
90
105
112
163
84
122
171
133
98
93
123
223
155
110
198
105
99
144
140
140
221
123
100
117
114
114
167
101
110
193
66
116
90
118
85
118
146
123
109
86
104
82
119
63
80
65
33
297
107
176
104
134
187
104
127
356
279
159
151
190
225
164
212
242
189
248
149
203
117
290
151
126
174
195
186
196
156
79
143
159
156
236
182
223
255
202
174
147
175
186
178
181
156
123
120
279
144
138
120
137
157
241
87
68
38
37
50
68
115
70
141
93
93
69
66
139
50
44
48
54
84
121
73
77
89
137
61
47
60
43
65
58
61
68
84
54
76
74
56
79
65
69
83
88
90
47
60
74
88
88
94
75
81
136
74
97
93
92
120
70
119
81
26
111
73
83
104
104
116
120
113
67
172
123
82
154
96
84
82
92
115
85
100
144
219
160
149
120
90
79
180
123
184
150
147
111
159
122
102
141
71
107
115
161
155
147
104
88
102
82
101
158
66
43
66
106
105
85
163
117
76
94
123
354
85
45
90
74
144
116
112
99
125
107
89
113
82
79
91
98
225
146
114
126
68
86
99
84
96
93
118
99
205
185
480
148
  )
}
transform { function = none }
regression { aictest = (td easter) }
automdl {}
x11 { mode = add save = (d10 d11) }
