series {
  title = "ces_hours 20020"
  start = 2007.1
  period = 12
  data = (
39.5
39
39.5
39.2
38.4
38
38.2
38
37.9
38.2
38.2
38.2
36.2
36.1
36.8
36.2
36.5
36.8
35
35.2
37.7
36.2
35.9
38.7
37.2
37.3
37.6
37.4
37.4
36.7
37
36.8
36.5
36.6
36.7
36.8
37
36.2
36.8
36.9
36.7
36.6
36.4
36.6
36.5
36.5
36.7
36.6
36.5
36.5
36.8
37
37.5
37.5
38
37.2
37
37.1
36.4
37.2
36.1
36.8
36.7
37.1
36.7
36.1
36.8
36.5
37.8
36.2
36.8
36.7
35.5
35.4
36
35
35.1
35.6
35.2
35.5
35.6
35.3
34.9
35.3
34.4
35.7
36.3
35.7
35.1
34.9
35.1
35
34.6
34.4
34.6
35.1
35.2
34.9
34.7
34.5
34.5
34.8
34.5
35.5
34.5
35.5
34.8
35
34.7
35
35.1
35
35.7
35.2
35.7
35.6
35.8
36
35
35.4
  )
}
transform { function = none }
regression { aictest = (td easter) }
automdl {}
x11 { mode = add save = (d10 d11) }
