series {
  title = "ces_hours 12100"
  start = 2007.1
  period = 12
  data = (
33.3
33
33.5
33.2
33.7
33.6
34.5
34.2
33.4
33.1
33.2
33.3
33.2
33.5
33.7
33.5
33.3
34
33.7
33.1
32.7
32.9
32.4
31.8
32.3
32.5
32.2
32
32
31.8
32.9
33.3
32.8
31.7
31.7
31.6
31.9
31.4
31.9
31.6
31.8
31.8
32.7
32.8
30.7
30.6
30.9
31
30.3
30.4
30.7
31.7
31.3
32.2
32.2
32.4
31.3
31.2
31
31.2
30.9
30.7
30.9
31
30.7
31.3
31.5
31.5
31.2
30.7
31
30.5
30.6
30.7
30.4
31
31.3
31.6
31.9
31.8
32.1
30.9
31.2
30.3
31.5
30.7
30.8
30.9
31.5
31.2
31.9
31.8
31.3
30.6
30.3
29.6
30
29.9
30.2
30.6
30.3
30.5
31.4
31.4
31
30.5
31.2
30.7
31
30.3
30.4
30.8
31
31.6
31.9
32.1
32.3
31.7
31.6
31.5
  )
}
transform { function = log }
regression { aictest = (td easter) }
automdl {}
x11 { mode = add save = (d10 d11) }
