series {
  title = "ces_hours 44100"
  start = 2007.1
  period = 12
  data = (
32.5
31.6
32.7
32.7
32.8
32.4
32.6
31.7
32.5
33
32.6
33.3
32.5
32.8
33.2
33.4
33.3
33.9
33.6
34
32.8
32.9
33.5
33
32.8
33.4
33.5
33
33.1
32.8
32.3
33.3
33.3
33.5
33.3
33.2
33.3
33.5
33.4
33.5
33.6
33.4
33.5
33.4
33.2
33.4
33.3
33.1
33.3
33.1
33
32.9
33.7
33.5
33.4
33.2
33.5
32.9
33.3
33.2
33.1
33.4
33.1
33.6
33.6
33.4
34
33.3
34.1
34.1
33.9
34
33.1
33.1
33.2
33.3
33.4
33.8
33.5
33.7
34.6
34
33.6
33.3
32.4
33.1
33.1
32.6
32.9
32.5
33
33.1
32.9
33
33.1
33
32.7
33.3
32.8
33.2
33
32.8
32.8
34.2
33.3
33.5
33.6
33.2
32.5
32.5
32.7
33.8
34.1
34.4
34.4
33.9
33.6
34.4
33.7
34
  )
}
transform { function = none }
regression { aictest = (td easter) }
automdl {}
x11 { mode = add save = (d10 d11) }
