series {
  title = "ces_hours 39820"
  start = 2007.1
  period = 12
  data = (
32.3
32.7
33.4
34.2
33.3
33
33.9
32.5
33.3
32.8
30.9
32.8
31
31.4
31.7
33.6
33.4
32.5
31.6
33.7
32.9
32.8
32.7
31.8
30.6
30.6
31.8
31.4
31
30.5
30.8
32.3
31.3
30.1
30.6
29.9
29.8
30.7
30.6
31.3
32.2
31.6
31.5
32.4
30.7
30.7
30.6
30.5
31.1
30.6
30.7
30.3
32.5
32.1
32.4
33.8
32.4
34.4
33.6
32.5
32.7
32.3
31.9
33.7
33
32.6
33.2
33.7
35.1
33.2
33.4
33.3
31.9
33.5
33.3
33.9
32.9
34.1
32.4
33
34
32.8
32.7
32.7
31.2
32.4
32
31.7
32
32.1
32
32.3
31.7
32.7
32
31.1
30.6
32.2
32.4
32.2
32.8
32.3
32.9
34.4
33.7
33.4
34
32.8
31.8
31.9
31.4
31.9
33.1
32.1
32.1
33
32.3
32.2
31.9
31.5
  )
}
transform { function = log }
regression { aictest = (td easter) }
automdl {}
x11 { mode = add save = (d10 d11) }
