series {
  title = "ces_hours 21060"
  start = 2007.1
  period = 12
  data = (
37.5
37.6
38.9
39.7
39.6
41.9
40.9
39.4
39.4
38.2
37.5
38.8
37.1
37.2
38.5
38.1
38.4
40.4
41.3
39.9
39.4
38.9
38
36.8
37.8
37.7
37.6
38.5
39.1
38.3
38.6
37.9
37.5
37.2
37.2
35.7
34.7
34.6
34.5
33.9
34.6
34.3
33.8
34.5
33.2
33.3
33.2
32.9
32.9
33.1
32.8
32.6
33
32.8
33.5
34
34.3
35.6
34.3
33.2
32.9
33.1
32.9
32.8
32.9
32.7
33.8
33.3
33.4
33.5
34.9
35.7
35.7
36
34.6
34.7
33.6
34.8
34
33.2
33.8
34.3
33.6
34
33.2
33.4
33.2
34.5
35.4
34.6
34.5
34.1
34.5
34
34
34.4
32.8
33.5
33
34.1
35
34.4
34.4
35.2
33.6
34.8
35.2
35.7
33.8
33.5
34
33.7
33.8
34.8
33.5
34
33.2
32.8
33.8
32.6
  )
}
transform { function = none }
regression { aictest = (td easter) }
automdl {}
x11 { mode = add save = (d10 d11) }
