series {
  title = "ces_hours 42680"
  start = 2007.1
  period = 12
  data = (
32.1
31.1
31.2
31.1
30.5
30.3
31.5
32.1
32
32.9
33.4
33.2
33.6
34.6
32.8
34.1
32.7
32.8
33.1
32.4
32.4
31.6
34.5
31.9
31.1
32
33.6
35.9
33.4
32.4
32.9
33
32.9
32.8
33.5
32.5
31.9
32.5
32.4
32.1
31.4
31.8
31.4
31
30.5
31.2
31.7
32.2
32.3
33
32.7
32.7
31.6
29.9
30.9
31
31
31.1
31.6
31.3
29.9
30.3
31
30.8
29.5
30.2
29.9
29
28.5
29.6
30.1
29.8
30.4
30.8
31.3
31.7
31.7
31.2
31
31.6
31.5
31.7
32.5
31.7
30.1
31.3
31.2
31.4
30.1
29.5
28.1
28.3
28.1
28.1
29.6
30
28.2
29.9
29.9
30
29.5
30
30.1
29.8
29.1
30.4
29.9
30.7
30.7
30.8
31
31.1
30.5
29.9
30.9
30.7
31
30.3
30.9
30.5
  )
}
transform { function = none }
regression { aictest = (td easter) }
automdl {}
x11 { mode = add save = (d10 d11) }
