series {
  title = "ces_hours 48140"
  start = 2007.1
  period = 12
  data = (
33
33.1
33
33.4
34.2
34.8
34.3
33.8
35.1
36.1
36.5
36.8
35.5
35.3
36.3
36.1
35.3
36.2
37.6
36.9
37.2
36.9
35.7
34.8
36.5
36.2
34.9
34.3
34.5
34.6
31.8
31.9
32.5
32.7
31.8
31.3
31.4
31.2
31.7
33.3
33.4
33.6
34.6
36
35
34.9
34.5
36
34.5
34.9
34.7
35
35.6
36.3
36.6
36.2
35.9
35.4
35.8
35.4
34.4
34.6
34.6
34.7
34.5
35.6
35.1
35.5
35
36.1
35.1
35.4
34.6
34.4
35.3
35.4
35.7
36.3
36
37.9
37.4
37
37.3
37.4
35.5
35.8
35.6
34.5
34.8
35.2
34
34
35.1
35
34.5
35.7
32.9
33.5
33.5
33
33.4
33.5
33.3
33.3
33.9
33.2
33.6
33.7
32.2
32.6
32.9
33
32.6
32.9
33.3
34
34.2
33.9
33.2
32.6
  )
}
transform { function = none }
regression { aictest = (td easter) }
automdl {}
x11 { mode = add save = (d10 d11) }
