series {
  title = "ces_hours 11460"
  start = 2007.1
  period = 12
  data = (
33.8
34.3
34.7
34.9
34.9
34.4
33.2
34.5
35
35.3
34.6
35.2
34.7
34.9
34.8
34.7
34.7
32.3
31.6
32.7
32.4
32
32.2
31.6
30.2
30.6
30.3
30.2
30.5
30.9
30.3
30.9
30
30.5
30.6
30
29.8
30.2
29.9
30.4
30.4
30.7
30.4
30.5
29.7
30.1
30.2
29.7
29.3
29.7
29.1
29.3
29.7
29.3
29.1
29.1
29.1
29.8
28.6
28.9
29.2
29.2
29.2
29.6
28.8
29.4
29.7
30.1
30.7
29.7
29.9
30.8
29.9
31
31
30.4
31
31.6
31.5
31.2
31.3
30.7
30.9
31.4
31.1
32
31.9
31.7
31.5
32.2
31.5
32
31.5
31.7
32.6
32.2
32
32.5
32.9
32.4
33
32.5
32.2
33
32.5
32.2
32.8
32.4
32.4
32.4
32.5
32.8
33
32.8
33
33
32.9
33.3
33.6
33
  )
}
transform { function = none }
regression { aictest = (td easter) }
automdl {}
x11 { mode = add save = (d10 d11) }
