series {
  title = "ces_hours 21500"
  start = 2007.1
  period = 12
  data = (
35.9
36.1
36.2
36
35.5
35.7
36.7
36.6
36.7
36.5
36.2
36.7
35.3
35.6
36.5
36.4
36
36.2
35.3
35.7
35.6
35.7
35.8
35
34.7
34.7
35
34.6
34.5
34.1
33.8
34
33.5
34
34.1
33.7
33.3
33.7
34.1
34.3
34.1
34.2
34.4
34.5
34.3
34.6
34.7
34.3
34.3
34.1
34.5
35.1
35.3
35.9
35.3
35.1
35.6
35.7
35.8
36.3
35.8
35.4
35.6
35.8
35.9
35.2
35.6
35.9
36
34.9
34.8
35
34.9
34.1
34.6
34.6
34.2
34.2
33.7
33.9
33.4
33.6
33.5
33.5
32.8
32.8
32.7
32.7
32.8
33
33.3
33.1
33.4
33.5
33.2
33.6
33.3
33.1
33.7
33.2
33.4
33.4
34.1
33.6
32.9
33.7
33.6
33.3
33.3
32.5
32.5
32.5
33.3
33.4
33.1
33.2
32.3
33.2
33.6
34.8
  )
}
transform { function = log }
regression { aictest = (td easter) }
automdl {}
x11 { mode = add save = (d10 d11) }
