series {
  title = "ces_hours 47020"
  start = 2007.1
  period = 12
  data = (
39
37.3
38.9
38.2
37.7
35.8
38
37.6
38.7
40.6
41.5
41.5
41.1
40.5
40.3
40.5
39.7
39.9
39.7
38.8
39.9
41.3
40.6
38.6
39.4
40.1
40.2
41.8
39.3
39.3
38.5
39.8
38.7
39.1
40.1
39.8
38.1
37
37.7
39.4
37.8
37.8
36.2
36.9
34.2
34.6
35.1
34.8
33.1
31.1
35.6
37.8
37.8
41.4
38.5
38.8
39
37.5
34.5
38.1
32.4
34.3
34.5
34.6
34.7
33.4
37.2
37.1
38.5
36
37.9
37
35.1
38.2
38.4
42.3
41.3
41.3
42.5
42.3
42.7
42.1
41.9
40.8
41.7
41.2
42.3
43.6
39.2
40
38.8
38.5
38.7
38.9
38.9
39.1
38.2
37.5
38.4
35.9
36.2
37.8
37
38.9
36.4
36
37.1
36
36.2
35.3
35.8
35.3
35.9
35.5
34.8
35.9
35.4
35.9
35.3
35.8
  )
}
transform { function = log }
regression { aictest = (td easter) }
automdl {}
x11 { mode = add save = (d10 d11) }
