series {
  title = "ces_hours 22744"
  start = 2007.1
  period = 12
  data = (
34.4
34.7
34.5
36
35.4
35.8
35.9
35.7
35.9
35.7
36
36.8
34.5
34.2
35.9
35.1
35.3
35.9
35.5
35.8
35.4
35.4
35.6
35.5
35.6
35.2
35.2
35.2
35.3
35
34.7
34.5
34.2
34.3
34.6
34.8
35.1
35.4
35.4
35.9
36
35.6
35.3
35.4
35.1
35.2
35.5
35.8
35.7
35.8
35.5
35.6
35.4
34.9
34.9
34.5
34.4
35.1
34.8
35
34.8
34.8
34.7
34.6
34.1
34.3
34.3
34
34.2
34.1
34.4
34.6
33.9
34.3
34.3
34.1
34
34.1
33.7
33.8
33.5
33.6
33.6
34
33.7
34.5
34.3
34
34
34.1
34.3
34.8
34.6
34.4
34.7
34.6
34.4
35.1
35.3
34.9
35.2
35
35
34.9
34.7
34.8
35.2
35.2
34.7
34.6
34.1
34.6
34.4
34.1
34.5
34.3
34.2
34.2
34.6
34.7
  )
}
transform { function = log }
regression { aictest = (td easter) }
automdl {}
x11 { mode = add save = (d10 d11) }
