series {
  title = "ces_hours 34100"
  start = 2007.1
  period = 12
  data = (
41.3
41
41.5
41.9
39.7
40.2
39.6
40.6
41.3
39.5
39.5
43.3
40.8
40.7
40.4
39.8
39.3
39.4
39.4
39
38.7
38.4
38.8
38.7
37.7
38.3
38
37
37.1
37
36.9
37.2
36.5
36.6
37.2
37.3
36.8
36.8
37
37.1
37.2
37
36.6
37.2
37.3
37.1
36.9
37.3
35.6
37
36.8
36.9
37.4
37.1
37.1
37.7
37.4
38.4
37.5
39.6
38.2
37.8
37.7
38.9
38.8
38.4
38.7
38.6
39.2
38
38.7
39.5
38.2
39.6
39.2
39
38.2
38.8
38.1
38.7
38.3
38.8
38.2
38.9
37.9
37.2
37.5
37.3
37.1
37.6
37.3
37.1
37.2
35.4
36.4
36.3
34.9
35
35.8
35.9
36.8
37.6
36.8
36.8
36.9
37.7
38.4
38.3
36.9
38.6
39
38.8
39
39.9
39.2
38.7
39.8
39.2
39.2
38.8
  )
}
transform { function = none }
regression { aictest = (td easter) }
automdl {}
x11 { mode = add save = (d10 d11) }
