series {
  title = "ces_hours 18580"
  start = 2007.1
  period = 12
  data = (
35.7
36.5
36.1
37.5
36.2
35.8
36
35.7
36.9
35.8
37.2
38
36.2
36.5
36.3
35.7
36.1
35.8
34.6
34.6
34.5
34.2
34.2
32.3
34
34
34
34
33.6
34
34.4
35
34.8
34.4
34
34.8
35.5
35.4
36.6
36.5
36.6
37.4
37.6
37.8
37.9
37.2
36.9
37.1
38.2
38
37.8
37.6
38.2
38.3
38.2
37.9
37.1
37.3
38.2
38.2
38.6
38.3
38.5
38.7
37.6
38
37.1
37.1
36.7
37.4
36.1
37.1
36.2
37.1
36.4
36.9
36.7
37.1
36.7
36.2
35.6
36.5
36.2
36
36.1
36.5
36.4
35.9
36
35.8
35.6
36
34.9
34.6
34.9
34.5
34.2
35
34.7
34.1
33.9
34.2
33.1
34.2
32.9
32.5
33
32.9
32.6
33.6
32.9
32.7
33.5
33.4
33.1
34
33.5
33.8
33.5
34.2
  )
}
transform { function = none }
regression { aictest = (td easter) }
automdl {}
x11 { mode = add save = (d10 d11) }
