series {
  title = "ces_hours 12620"
  start = 2007.1
  period = 12
  data = (
32.8
32.9
33.9
34.1
35
35
35.5
35.4
35.5
35.2
34.6
35.3
34.6
34.4
34.3
34
34.9
34
34.4
33.7
33.9
34.1
33.4
33.3
33
33
33.2
33.3
34.3
34.3
35.4
35.9
34.7
34.5
33.6
33.6
33.9
34
34.5
34.6
34.7
34.7
35.7
35.5
35
35.7
34.9
35.8
33.9
34
34
34.3
34.9
34.9
36.2
35.7
35.2
35
34.2
34.2
32.8
32.9
33.1
32.9
33.2
33.2
33.3
33.3
32.9
32.1
31.7
33
31.8
32.1
32.4
32.6
32.8
32.3
33
33.7
32.7
32.2
32
32.6
32.2
31.5
32.3
32.9
33.3
33.3
33.6
33.9
33.1
33.1
33.3
33.2
32.9
33.6
34
33.5
34.3
34.5
34.4
34.2
34.7
34.5
34.3
34.4
33.8
33.9
34
34.1
34.3
34.4
34.5
35.3
35.1
34.9
34.3
34.3
  )
}
transform { function = none }
regression { aictest = (td easter) }
automdl {}
x11 { mode = add save = (d10 d11) }
