series {
  title = "ces_hours 42340"
  start = 2007.1
  period = 12
  data = (
37.6
36.7
36.1
35.8
35.9
36.3
35.5
35.2
35.2
36
35.5
36
35.4
36
35.9
35.4
34.3
36.4
34.8
35.3
33.8
34.4
34.8
34.2
33.9
34.9
34.3
33.5
35.4
34.2
34.2
34.3
33.1
34.4
34.7
34.5
33.7
34.1
33.9
34
34.2
33.9
33.9
33.9
33.6
33.1
33.9
33.7
32.9
33
32.9
32.6
32.9
32.8
33.5
33.4
32.6
33.1
33.4
33.2
33.6
33.2
32.9
33.2
33.4
33
33.5
33.5
34
33.6
33.1
33.3
32.8
33.2
33.1
33.2
33.1
33.4
33
33.1
33.5
33
32.8
33.7
33.3
33.1
33.5
32.8
32.9
33.5
33
32.9
32.6
33
32.6
31.7
32
32.3
32.4
32
33.2
32.5
32.4
33.2
33
33.3
33.6
32.9
33.2
33.2
32.8
33.1
33.5
33
33.4
33.3
33.3
31.8
33.8
33.9
  )
}
transform { function = none }
regression { aictest = (td easter) }
automdl {}
x11 { mode = add save = (d10 d11) }
