series {
  title = "ces_hours 31180"
  start = 2007.1
  period = 12
  data = (
29.2
29.5
30.5
30.8
29.9
30.1
31.8
32.6
32.1
30.6
31.6
31.2
32.8
34.3
33.5
33
33.4
35.2
33.8
35.4
31.7
32.2
33.1
32.7
31.1
31.9
32.5
31.2
31.3
32
30.9
31.3
31
31.2
30.9
30.9
31
30.4
30.9
31.2
31.2
31.8
31.9
32.1
31.2
31
31.2
31.4
32.6
31.3
32.5
33.3
34
34.6
34.6
33.9
33.6
34.6
33.3
33.6
35.2
34
34.2
34.5
33.9
34.4
35.9
35.4
33.9
33.1
33.6
34.9
33.8
33.2
33.9
33.4
33.6
35
34.2
34.3
34.8
33.8
33.7
34.8
34.2
34.9
35.1
34.3
35
35.7
35.8
34.8
34.3
34.4
34.6
34.7
34.5
34.9
35.2
34.4
34.1
35.1
35
35.3
33.8
32.9
34.8
34
33.6
33.5
33
33.7
34.4
34.1
33.8
33.8
33.6
33.6
32.7
32.6
  )
}
transform { function = log }
regression { aictest = (td easter) }
automdl {}
x11 { mode = add save = (d10 d11) }
