series {
  title = "ces_hours 26580"
  start = 2007.1
  period = 12
  data = (
35.2
35.5
35.6
35.6
35.3
35.1
35.3
35.3
35.8
35.7
35.9
35.4
34.8
35
35.2
35.4
35.8
35.8
35.7
35.7
36
36.3
36.3
35.9
35.8
35.7
35
35.2
35.4
35.8
35.7
35.7
35.6
36
36.4
35.9
35.7
35.6
35.3
35.5
35.7
35.6
35.7
35.6
35.7
35.9
35.9
35.9
34.9
34.8
34.3
35.1
35.7
36.2
37.7
37
37
37.1
36.9
36.8
35.8
36
35.6
36.2
36.1
36.9
36.4
36.4
36
35.8
36.1
35.8
34.9
35.6
35.8
35.2
35.9
36.2
35.3
35.6
35.8
35.6
36
35.1
34.5
34.5
34.5
35
34.9
35.5
35.6
35.6
35.4
35.4
35.7
35.7
35
34.8
35
35.2
36.1
35.2
34.9
35.3
34.5
34.9
34.4
34.6
33.2
33.4
33.8
33.9
33.5
34.3
34.2
33.7
33.5
33.7
33.6
33.5
  )
}
transform { function = log }
regression { aictest = (td easter) }
automdl {}
x11 { mode = add save = (d10 d11) }
