series {
  title = "ces_hours 17980"
  start = 2007.1
  period = 12
  data = (
36.5
35.9
36.8
35
36.2
34.2
34.6
34.1
35.2
35.4
36.2
36.3
37.1
36.5
37.7
38
37.3
38.1
36.6
36.2
36.5
35.6
36.4
35.4
34.3
35.1
35.1
34
33
34
33.4
33.8
32.5
33
33.6
33.7
32.8
33.3
32.7
34.4
34
33.6
34.1
33.8
33.2
34.3
33.9
34
33.1
34
34.2
33.7
34
33.9
34.6
33.9
34.5
34.8
34.4
35.2
35.2
34.8
34.7
35.1
35.1
35.2
35.4
34.9
35.8
34.9
34.6
35.4
34.9
34
35.5
34.5
34.6
35.1
34.5
34.3
34.4
34.6
34.7
35.1
33.9
34.5
34.5
34
34
34.2
34.2
34.1
33.8
33.5
33.7
34.2
33.6
34.3
34.4
33.8
34.2
34.1
34.1
34.5
34.5
34.4
34.6
35.4
33.8
35
35.5
35.1
35.8
35.2
36.2
35.1
35.1
35.5
35.3
35.2
  )
}
transform { function = none }
regression { aictest = (td easter) }
automdl {}
x11 { mode = add save = (d10 d11) }
