series {
  title = "ces_hours 16300"
  start = 2007.1
  period = 12
  data = (
34.5
34.5
34.6
34.9
34.2
35.2
35.2
34.7
34.9
35
35.3
34.9
33.8
34
34.9
33.6
35.7
35.9
36
37.2
34
34.8
33.6
33.2
32.4
33.3
32.5
31.9
34.4
36.1
34.4
34.3
32.1
32.1
32.5
31.2
31.7
31.8
32.3
32.6
33.2
33.3
33.7
33.9
34.2
34.5
34.8
34.4
35.2
34
33.9
34.3
34.2
34.1
34.5
35.1
34.8
35
34.8
34.5
34.7
34.5
34.2
34.7
34.7
33.7
34.1
33.4
34.4
33.8
33.4
33.5
33.2
33.2
33.1
33.5
33.9
34.5
33.8
34.1
35.1
34.6
34.4
35.1
33.9
35.2
34.9
34.4
34.6
35.4
35
35.3
35.6
35.3
36
35.4
35
35.1
34.8
34.9
35
34.9
35.2
35.5
34.1
34.7
34.6
34.2
33.8
33.7
33.5
33.8
33.9
34.5
34.3
34.1
33.9
34.2
33.8
33.6
  )
}
transform { function = none }
regression { aictest = (td easter) }
automdl {}
x11 { mode = add save = (d10 d11) }
