series {
  title = "ces_hours 45780"
  start = 2007.1
  period = 12
  data = (
33.5
32.8
34.7
34.1
34
34.1
33.6
34
33.4
33.7
34.1
34
34.1
34.8
34.4
33.8
34.1
33.6
33.9
34.3
34.5
33.4
33.5
33.4
33
33.6
33.4
32.6
32.6
32.6
32.6
32.8
32.1
31.9
32.6
32.3
32.5
32.6
33.1
32.7
32.6
32.5
33
33.3
32.3
32.7
32.5
32.3
32.4
32.6
33.3
33.6
33.8
34
33.5
34.1
34.2
35.1
34.6
34.7
35.1
34.3
34.7
35.1
35
34.8
35.3
35.4
35.3
35.2
35
35.6
35.1
34.6
34.6
35
35.5
35.7
35.4
35.4
35.5
35.1
36.2
36.7
35.5
36.8
36.5
36.5
36.4
36.6
36
36.1
36.2
36.2
36.3
36.3
36.1
36
36.3
36.1
35.7
36
35.5
35.5
34.8
35.4
35.4
34.7
34.4
34.5
34.3
35
34.2
34.7
34.1
34.1
34.1
34.9
34.6
34
  )
}
transform { function = log }
regression { aictest = (td easter) }
automdl {}
x11 { mode = add save = (d10 d11) }
