series {
  title = "ces_hours 49700"
  start = 2007.1
  period = 12
  data = (
32.7
32.8
33
33.1
32.8
32.9
32.5
33
33.6
33
33.1
33
31.3
31.3
34.2
32.8
33.2
35.9
34.8
37.7
36
36
35.3
33.9
34.4
35.1
35.7
36.3
35.9
35
35.3
36.1
35.5
36.1
37.2
35.5
36
36.3
36.1
36.1
36.3
36
36.4
37.2
36.3
36.6
36.1
36.6
36.6
36.1
36.6
36.7
36
37.7
35.1
35.4
36.1
36.3
35.9
36.2
37.4
34
33.1
33.8
33.1
32.2
35.2
32.6
36.9
35.5
35.8
36.2
35.6
34.2
34.6
35.4
34.9
35.7
35.8
35.4
36.7
36.7
36
37.1
35.7
37.5
37
36.4
37.3
37.4
35.8
36.3
35.8
35.5
36.2
34.3
35.5
36.3
35.8
35.8
34.4
35.3
34.6
35
33.3
33.5
33.6
33.2
32.5
33.1
33.2
32.5
33.4
32.6
32.2
33.3
32.5
33.3
32.9
32.9
  )
}
transform { function = log }
regression { aictest = (td easter) }
automdl {}
x11 { mode = add save = (d10 d11) }
