series {
  title = "ces_hours 48260"
  start = 2007.1
  period = 12
  data = (
33
32.1
32.7
32.9
33.4
34
34.3
33.8
34.2
33.3
33.5
33.2
32.8
33.3
33.1
32.8
32.9
33.6
34.2
33.9
33.8
33.3
32.8
33.1
33.3
32.9
32.8
32.6
32.9
33.1
32.8
33.1
33.6
33.4
33.4
33.7
33.8
33.9
34.2
34.5
34.6
34.3
34.4
34
33.6
33.6
33.3
32.9
33.6
34
33.8
33.4
34
33.3
33.6
32.8
33.9
33.6
33.5
32.7
31.8
31.7
32.4
32.9
33.1
33.6
33.7
33.4
34
33.5
33.8
34.1
33.8
34.6
34.7
34.1
34.1
34.1
33.9
33.9
33.4
33.7
33.3
33.8
31.9
31.7
32
31.7
31.6
32.3
31.7
31.4
32.3
31.7
32.1
32.7
32.8
34.3
34.3
33.7
34.2
33.7
33.7
34
33.7
34.4
35.1
35.2
36
36.2
36.1
35.7
36.1
36.1
35.6
34.9
36
35.8
36.2
36.4
  )
}
transform { function = none }
regression { aictest = (td easter) }
automdl {}
x11 { mode = add save = (d10 d11) }
