series {
  title = "ces_hours 17020"
  start = 2007.1
  period = 12
  data = (
31.2
30.9
31.1
30.5
30.4
30.5
31.8
32.3
32.2
31.2
30.4
30.7
30.1
29.9
31.1
29.8
29.9
30.8
30.1
31.2
31.3
30.9
32.4
31.8
31.3
31.5
32
30.9
31.3
31
31.9
33.3
32.3
32.2
32.4
32.1
31.8
31.6
31.6
31.8
32.7
31.9
32.4
33
32.6
31.9
32.2
32.1
31.9
31
31.7
32.1
33
31.6
32
31.7
32.2
32.3
32.7
31.8
32.5
32.4
32
32.7
32
32.1
33.3
33.1
33.5
32.5
32.4
33.4
32.1
32.7
33.7
33.5
32.7
33.3
31.2
32
32.8
31.6
31.2
32.1
31.3
31.5
31.7
31.3
31.2
32.5
31.5
31.5
30.6
30.3
30.9
29.5
30.1
30.8
31.2
31.1
30.7
31.1
31.5
32.7
33
32.5
33.1
32.6
32.5
32.8
33.4
33.2
33.7
32.5
32.3
33.1
32.9
33.8
32.9
32.6
  )
}
transform { function = log }
regression { aictest = (td easter) }
automdl {}
x11 { mode = add save = (d10 d11) }
