series {
  title = "ces_hours 41884"
  start = 2007.1
  period = 12
  data = (
33.4
33.8
34
35.4
34.4
34.5
35.6
34.9
35.4
34.1
34.2
35.2
33.3
33.6
34.7
33.7
33.5
34.7
33.2
34
33.8
33.8
34.5
33.9
33.3
34.3
34.3
33.4
33.4
33.4
33.7
35.3
33.9
34.4
35.2
34.3
34.2
33.7
33.8
33.7
34.1
33.7
34
34.3
33.7
34.4
34.1
34.2
34.1
33.2
33
33.5
34.4
33.5
33.3
33.5
33.5
32.8
33.5
32.5
33.4
32.6
32.7
33.6
33
33.5
34.4
33.5
34.3
33.1
33.1
34.4
33
33.4
33.5
34
34.2
35.2
34.1
34.4
35.2
33.7
33.8
34.9
33.5
34.9
34.8
33.7
34
34.8
33.4
33.8
34
34.3
35.5
34.1
34.1
35.2
35.2
34.2
34.1
34.3
34.3
35.2
34.3
34.2
35.2
34.1
33.8
34.1
33.9
33.9
35.1
34.1
34.2
34.3
33.8
34.9
33.8
34
  )
}
transform { function = log }
regression { aictest = (td easter) }
automdl {}
x11 { mode = add save = (d10 d11) }
