series {
  title = "ces_hours 21780"
  start = 2007.1
  period = 12
  data = (
35.5
34.7
35.3
36.5
36.5
36.7
37.1
36.6
36.7
36.9
36.4
38.2
37.5
35.5
36.6
36.5
35.9
36.3
36.6
36.2
36
36.8
36.5
36.2
35.4
35.7
35.2
35.5
34.8
34.8
35.5
35.3
35.4
35.5
36.6
36.5
36.2
35.9
35.9
35.8
35.8
36
35.7
36.3
35.5
36.3
36
35.5
35.5
35
34.8
35.2
34.8
35.2
35.2
34.1
34
34.1
33.5
33.6
33.3
32.9
33.2
34.2
33.9
34.1
34.1
34.6
34.5
34.1
33.7
33.3
33.7
33.7
33.7
33.8
33.3
33.7
34
34.1
34.5
34.4
34.3
33.6
33.5
33.9
34.1
34.8
34.6
35.2
34.9
34.7
34.6
34.8
34.6
34.5
33.4
33.6
34.4
35.7
35.4
35.2
35.1
35.8
33.4
33.9
33.7
33.6
33.2
33.4
33.3
33.8
34.2
34.3
34.7
34.5
35.1
35.7
35.3
35.2
  )
}
transform { function = none }
regression { aictest = (td easter) }
automdl {}
x11 { mode = add save = (d10 d11) }
