series {
  title = "ces_hours 41420"
  start = 2007.1
  period = 12
  data = (
33.4
34
33.7
34.6
34
34.7
34.4
33.9
34.6
33.8
33.6
34.7
32.4
33.1
34.2
33.4
33.7
35.1
33.4
34
33.4
33.3
34.7
32.3
32.5
33.4
33
32.8
32.5
32.6
32.4
34.2
32.4
32.6
33.2
32.1
31.9
32.3
32.5
32.9
34.3
32.7
32.9
34.1
33.4
33.5
33
33.2
33.5
32.7
32.5
33.2
33.6
33.1
33.2
33.5
33.2
33.5
32.7
32.4
32.6
32.6
32.2
33.5
32.3
33
33.2
32.8
33.9
32.2
31.7
33.3
31.7
32.5
32.6
32.7
33.2
34.3
32.8
33.3
34.5
32.9
32.6
33
32.4
33.3
33.7
33.5
33.3
33.8
33.2
34.1
34.4
33.8
34.5
33.3
32.6
34.8
33.8
33.3
32.9
33.1
33.2
34.5
33.2
33.7
34.7
33
33.3
34.1
33.7
34.3
34.9
34.3
35.2
35.4
35.2
36
34.7
33.4
  )
}
transform { function = none }
regression { aictest = (td easter) }
automdl {}
x11 { mode = add save = (d10 d11) }
