series {
  title = "ces_hours 31020"
  start = 2007.1
  period = 12
  data = (
32.1
33
33.2
36.8
32.5
32.9
34.9
34.7
35.7
34
33.9
34.7
33.9
34.2
35.5
35.5
34.9
36.4
36.9
35.1
34.8
35
34.8
33.6
32.7
32.4
32.2
32.2
32.4
33.3
32.1
33.2
32.2
32.6
33.1
32.5
31.8
33.1
33.2
33.3
33.7
33.6
33.8
33.5
32.6
32.8
32.7
32.3
32.4
31.6
31.8
32.3
32.5
32.8
33.1
32.8
32.3
33.3
32.1
32.6
32.5
32.3
32.4
32.5
31.8
31.9
33
31.4
33
31.4
31.8
33.1
31.5
31.8
32.5
31.9
32.5
34
32.8
33.2
33.6
32.5
32.4
33.2
32.5
33.2
33.9
34
33.2
35.1
34.8
35.1
34.3
34.3
34.4
33.8
33.6
35.5
35
34
34.6
35.8
35.8
36
35.4
35.3
35.8
33.9
33.6
33.5
33.6
33.4
34.3
32.7
33.1
33
33
33.3
32.6
32.2
  )
}
transform { function = log }
regression { aictest = (td easter) }
automdl {}
x11 { mode = add save = (d10 d11) }
