series {
  title = "ces_hours 10780"
  start = 2007.1
  period = 12
  data = (
30.1
31
33.4
31.3
28.2
28
32.6
30.5
30.8
32.6
33.4
34.2
31.5
31.5
32.8
33.6
31.6
30
28.5
29.3
30.3
32.8
33.6
32.7
32.5
32.8
32.7
32.2
32.8
34.3
34.4
34.9
34
33.3
35.8
34
34.7
32.8
34.3
35.3
35.8
35.5
35.4
35.8
35.7
35.8
36.1
36.3
36.9
35.8
36.6
36.8
36.9
36.5
36.5
37
37.3
37.4
37.8
36.7
37
36.1
37.7
37
36.8
36.5
36
37.2
37.7
39.5
37.8
36.8
36
36.4
36.5
36.5
36.9
38.7
36
38.2
38
38.3
38.5
37.8
38.2
37.5
38.1
37.6
36.6
37.8
36.2
35.9
36.4
35.5
36.2
35.4
34.2
34.5
34.1
34.8
35.1
34.8
35.2
35.5
35.6
35.6
35.9
36
35.5
35.8
35.2
35.8
34.9
33.8
34.2
34.3
32.9
33.5
34.2
34.2
  )
}
transform { function = log }
regression { aictest = (td easter) }
automdl {}
x11 { mode = add save = (d10 d11) }
