series {
  title = "ces_hours 32580"
  start = 2007.1
  period = 12
  data = (
32.7
33.1
34.2
33.6
32.7
33.4
35.2
35.6
37.6
36
37
38.5
34.9
35.2
36.3
34.2
35
33.6
35.2
36.3
34.2
33.9
34.5
36
35.6
35.9
35.5
35.5
35.8
35.1
34.9
35.4
33.9
35.2
35.7
34.1
32.1
32.8
32.7
32.1
33.5
34.2
34
36
34
34.7
34.7
34.5
34.7
34.3
34.3
34.6
35.4
34.7
35.7
34
32.9
33.9
32.3
32.8
33
32.5
32.9
33.3
32.4
32.8
33.2
33.3
33.1
33.1
32.9
33.4
32.9
33.1
32.4
32.8
32.2
33.5
32.8
33.4
33.4
33.4
32.7
33.6
32.6
34
32.9
32.1
31.2
32.6
31.9
32.4
31.5
31.6
32.9
31.6
31.8
32.9
32.2
31.6
31.7
31.3
31.1
32.7
32.2
31.9
32.1
32.1
31.4
31
30.5
30.9
31.3
30.4
30.3
30.3
30.9
31.7
31.2
30.3
  )
}
transform { function = none }
regression { aictest = (td easter) }
automdl {}
x11 { mode = add save = (d10 d11) }
