series {
  title = "ces_hours 24660"
  start = 2007.1
  period = 12
  data = (
35.7
35.9
36.6
36.7
37.8
37
36.2
35.9
35.9
35.5
35.6
35.7
35
34.4
34.9
35.1
34.6
35.8
35.5
36.4
36.1
35.6
35.4
34.6
34.2
34.1
34.1
34.1
34
34.3
33.9
34.7
34.3
34.5
34.6
34.6
35.2
34.8
34.8
35.8
36.1
35.9
35.3
35.9
35.7
35.8
36.1
35.9
35
34.6
34.6
35.3
35.6
35.4
35.8
35.8
35.8
36
35.9
36.1
35.9
36.3
36.3
36.6
35.6
35.5
35.5
35.2
35.8
35.6
35.5
35.6
34.8
35.5
35.9
36
35.4
36
35.7
35.9
36.6
36
36
36.1
35.8
34.7
36.3
36.2
36
35.9
36
36.2
36.1
36.2
36.6
36.3
35.6
35.7
35.9
35.4
35.5
35.7
36.1
36.6
35.9
36.2
36.5
36.5
35.6
35.8
36
35.9
36.3
35.9
35.8
35.8
36.1
36.4
35.7
35.9
  )
}
transform { function = log }
regression { aictest = (td easter) }
automdl {}
x11 { mode = add save = (d10 d11) }
