series {
  title = "ces_hours 24020"
  start = 2007.1
  period = 12
  data = (
30.6
29.5
31.1
30.5
31.2
32
32.1
32.6
32.1
32.9
33.3
32.8
31.7
32.3
31.4
31.9
31.3
32.4
32.7
32
30.3
30.4
31
30.6
30
32.4
31.6
32.6
32.6
32.2
33.3
33.2
31.8
31.5
31.9
32.2
31.6
32.2
32.2
33.1
33.1
32.9
33.6
33.9
33.3
33.7
33.4
33
32.1
32.2
31.5
32.7
33.4
33.9
33.4
33.1
32.3
32.5
33.5
34.4
32.9
33.5
33.5
33.7
33.4
33.3
34.3
34.4
33.3
33.4
33.5
32.9
32.1
32.1
32.3
32.5
32.1
31.7
32.1
32.6
32.5
32.4
32.3
30.8
30.2
30.6
30.4
31.7
32
32
32.6
33.1
33.3
32.8
33.6
33.4
33.6
33
32.9
34.9
34.4
33.8
34.2
35.1
33.7
33.9
34.8
34.1
33.2
33.4
33.7
35
34.4
34.5
34.7
34
34
33.6
33.8
33.3
  )
}
transform { function = log }
regression { aictest = (td easter) }
automdl {}
x11 { mode = add save = (d10 d11) }
