series {
  title = "ces_hours 25180"
  start = 2007.1
  period = 12
  data = (
32.8
32.4
32.6
32.5
32.4
32.1
31.8
31.3
31.4
31.9
31.5
31.8
30.8
30.7
30.7
31.1
31.2
31.9
32.4
32.6
32.8
32.7
33.1
33.3
33.9
34.7
34.6
34.4
34.1
34.2
33.9
34.4
34.8
34.5
35
35
35
34.2
34.4
34.5
34.2
33.8
34.4
34.7
34.9
35.2
35.2
34.5
34.2
33.5
34.1
34.1
33.8
33.5
33
32.6
33.3
32.8
32.7
33
32.6
33
33.2
33.2
32.9
32.9
33
32.3
33
33.2
33.4
34
33.3
33.1
32.6
33.1
33.4
33.9
33.2
33.3
33.6
32.3
32.8
32.2
31.8
31.5
32.7
31.9
32.8
33.2
32.9
33.2
33.4
32.9
33.6
33.2
33.4
33.6
33.6
33.8
33.9
32.9
33.8
33.6
33.2
33.9
34.2
34.3
34.2
34.4
34.4
33.8
33.2
33.6
33.1
33.3
33.2
33.4
33.6
33.2
  )
}
transform { function = log }
regression { aictest = (td easter) }
automdl {}
x11 { mode = add save = (d10 d11) }
