series {
  title = "ces_hours 11700"
  start = 2007.1
  period = 12
  data = (
34.7
35.1
35
35.1
34.2
35.1
35.1
34.4
35
33.9
33.8
33.8
33.7
33.5
33.8
34.3
33
34.7
33.7
34
33.7
33
33
33.4
31.9
32.5
32.7
32.7
33.2
33.2
33.5
34.2
34
34
34.4
34.1
34.3
34.1
34.3
34.6
34.2
34.2
34.8
34.5
33.8
33.7
33.7
33
31.9
31.7
31.3
32.5
32.6
32.5
32.9
32.6
33.5
33.2
32.8
33.1
32.5
33
33.3
33.3
33
33.5
33.3
33.5
33.4
33.2
32.7
32.9
32.2
32.4
32.6
32.7
32.5
32.9
32.5
32.8
33.2
33
33.1
33.6
32.6
31.8
34.1
34
33.8
34.5
33.8
34.2
34.1
33.9
34.5
34.4
34.1
34.2
34.3
33.8
33.8
33.8
33.7
34.2
33.5
34.2
33.9
33.7
33.2
32.8
33.3
33.8
33.9
33.4
33.5
33.4
33.7
34.1
33.5
33.7
  )
}
transform { function = log }
regression { aictest = (td easter) }
automdl {}
x11 { mode = add save = (d10 d11) }
