series {
  title = "ces_hours 46060"
  start = 2007.1
  period = 12
  data = (
35
34.8
34.9
34.7
34.6
34.5
34.6
35
35.2
34.6
34.4
35.4
34.9
34.5
34.7
34.5
34.6
34.8
34.8
34.9
34.8
35.1
34.6
34.8
34.7
34.5
34.9
34
34
34.4
34.5
34.9
33.9
33.8
34.5
34.2
33.9
34.2
34.1
34.1
34.4
34.5
34.4
35
34.4
35.2
34.7
34.8
34.8
34.9
35.1
34.8
35.1
34.6
34.5
34.5
33.9
34.6
33.8
34.1
34.3
33.6
34.1
34.4
33.9
34
34.5
34
34.4
34
34.3
34.3
33.8
33.9
34.1
34.2
34
34.9
34.3
34.5
34.6
34.5
34.7
35.2
34.5
34.9
34.9
34.3
34.2
35.1
34.5
34.8
34.2
34.8
35.3
35.1
34.6
35.2
34.9
35
34.8
34.9
34.9
35.5
34.9
34.8
34.8
34.5
34.2
34.1
34.1
34
34.5
33.9
33.9
33.8
33.5
34.3
33.7
33.9
  )
}
transform { function = none }
regression { aictest = (td easter) }
automdl {}
x11 { mode = add save = (d10 d11) }
