series {
  title = "ces_hours 45220"
  start = 2007.1
  period = 12
  data = (
31.7
33.1
30.8
31.2
30.6
30.5
31.2
31.7
32.7
31.7
30.1
32.7
33.6
34.4
33.7
32.2
32.7
33.7
32.6
32.8
32.7
32.6
33.8
32
32.7
34.2
34.6
33.6
33.8
34.3
33.7
33.9
32.1
32.3
34.4
34.4
34.6
34.3
35.3
35.2
36.3
35.3
35.7
36.9
35.8
35.1
34.9
35.5
34.8
34.6
34.4
33.1
33.4
33.2
33.9
33.2
33.2
34.4
32.6
33.5
33.9
33.3
32.6
33.4
33.5
32.4
32.8
32
32.4
32.1
32
32.5
31.3
32.1
32.5
32.7
32.4
33.4
32.2
32.9
32.6
32.1
32.6
34.1
33.4
33.8
34.5
33.7
33.8
34.6
34.1
34.5
33.4
33.4
34
33.7
34
34.8
33.8
31.9
32.2
32.4
31.6
32.8
30.8
31.2
31.6
31.5
31.8
31.7
31.5
31.7
31.5
31.2
31.3
30.8
31
31.4
30.7
30.9
  )
}
transform { function = log }
regression { aictest = (td easter) }
automdl {}
x11 { mode = add save = (d10 d11) }
