series {
  title = "ces_hours 36260"
  start = 2007.1
  period = 12
  data = (
35.1
35
35
35
35
35.5
35.7
35.4
36
35.5
35.7
36.6
36.8
37.5
37.4
37.3
37.8
38.8
39.1
39
39.9
39.4
40.1
39.6
40.1
40.2
40.1
39.5
39.2
39.3
38.8
39.7
38.1
38.2
37.9
38.7
36.4
35.8
35
34.8
35.2
35.4
33.9
34.5
33.6
33.2
33.1
33.9
34.3
33.4
33.1
33.7
33.8
33.6
33.2
33.9
33.7
34.5
33.9
33.6
33.4
32.9
33.2
33.2
33.6
33.5
33.3
33.5
33.8
33.7
33.8
34.8
33
33.5
33.7
33.6
34
34.2
33.3
34
34.1
33.6
33.7
34.2
32.9
33.7
34
33.8
33.9
34.2
33.6
33.6
33.6
34.3
33.9
33.4
32.7
33.5
33.9
32.9
33.8
33.8
33.5
34
33.4
33.9
34.2
33.9
33.2
33.5
34.2
34.2
34.9
34.4
34.2
34.5
33.6
34.7
34.3
34.4
  )
}
transform { function = none }
regression { aictest = (td easter) }
automdl {}
x11 { mode = add save = (d10 d11) }
