series {
  title = "ces_hours 30460"
  start = 2007.1
  period = 12
  data = (
37
36.6
37.8
37.2
37.1
37.4
37.5
37.5
37.7
37.5
37.5
38.3
37.4
36.2
37.5
36.5
36.8
36.2
35
35.6
35.7
35.1
35.7
35.3
34
35.5
34.8
34.7
34.4
34.5
34.6
35.2
34.8
34.6
35.2
34.3
33
32.5
33.7
34
33.7
33.9
34.4
34.1
33.5
33.4
34.2
34.4
34.9
35.2
35.1
35
35.3
34.8
35.3
35.6
34.4
34.7
33.9
34
34
33.9
33.5
33.6
34
33.7
34.1
33.6
34.1
34.3
34
34.7
34
34.4
34.1
34.5
34.2
34.6
34.7
34.7
34.9
34.8
34.8
35.4
33.8
34.8
34.9
34.8
35.4
35.7
35.6
35.6
35.6
36
36.2
36.9
36.2
35.2
35.5
36.1
36.2
36
35.9
36
35.1
35.5
35.9
35.9
34.8
34.6
34.7
35.1
34.5
35.4
34.7
34.9
35.1
35.2
34.9
34.6
  )
}
transform { function = log }
regression { aictest = (td easter) }
automdl {}
x11 { mode = add save = (d10 d11) }
