series {
  title = "ces_hours 49740"
  start = 2007.1
  period = 12
  data = (
34.6
33.7
32.7
31.8
31.9
31.4
30.5
31.4
31.6
32.5
32.1
32.2
32
32.4
32.1
30.2
28.6
30.2
29.3
28.1
28.4
29.4
31.6
30.9
30
29.1
29.8
29.3
30.1
30.3
29.4
29.9
30
28.4
29
29.5
28.8
29.6
29.8
30.3
30.3
30.2
30.7
31.2
31.6
31.6
31.6
31.9
31.7
32.1
32.6
32.3
32.7
33.2
32.1
32.7
33.6
33.9
33.9
34.2
34
34.7
35.6
34.8
35.1
34.7
34
33.4
34.1
33.3
33.7
34.7
34.4
34.7
34.4
34.7
34.3
34.6
34
33.8
34.2
34.5
34.5
34.9
34.6
35.5
36.3
35.1
35.1
35.8
36.2
36.4
36.3
36.5
36.9
37.3
37.3
38.3
37.2
36.5
36
36.1
36.4
36
35.6
35.5
35.5
36.1
35.9
35.2
35.5
35.3
35.5
35.3
35.5
35.2
34.5
35.2
35.1
35.5
  )
}
transform { function = log }
regression { aictest = (td easter) }
automdl {}
x11 { mode = add save = (d10 d11) }
