series {
  title = "ces_hours 24540"
  start = 2007.1
  period = 12
  data = (
32.4
33.1
32.8
33.1
33.9
33.9
34.7
34
33.1
33.8
34.4
33
32
32.9
33.6
33.4
33.5
35.7
34.5
34.9
33.9
34.3
34.2
34
33.3
34
34.2
33.3
33.7
33.6
33.6
34.8
33.4
33.5
33.6
32.9
32.4
32.7
33
34
34.8
34.6
34.5
35.4
33.2
33.6
33.8
33.5
32.6
33.4
33.9
35.5
36.4
36.2
35.1
33.8
35.3
35
35.2
35.3
35.4
34.9
34.9
35
34
34.6
34.8
33.8
34.3
35.6
34.8
35.5
33.9
34.5
34.2
33.8
34.7
35.4
34.6
34.7
34.9
34.5
34.9
34.5
34.8
35.1
34.5
34.3
33.7
34.3
34.8
35
34.9
35.6
34.2
36.2
35.3
34.7
35.2
33.6
33.7
35
35.3
36.3
36.4
36.8
36.4
36.2
35.1
34.7
34.9
35.2
34.9
35.9
36.4
36.3
36.1
36.5
36.2
35.7
  )
}
transform { function = log }
regression { aictest = (td easter) }
automdl {}
x11 { mode = add save = (d10 d11) }
