series {
  title = "ces_hours 14860"
  start = 2007.1
  period = 12
  data = (
34.8
34.5
34.6
35.2
35.4
35.5
35.6
35.7
35.4
34.6
34.7
35.3
34.5
34.4
35.6
34.9
35.4
36
34.6
35.3
34.8
34.2
34.3
33.8
33.7
33.7
33.2
32.5
33.5
33.3
33.1
33
32.5
32.6
33.4
32.9
32.5
31.9
32.5
33.1
33.8
33.2
33.3
33.5
33.4
33.2
33.2
33.5
33.4
33.7
33.5
33.5
34.1
33.3
33.6
34
34
34.5
34.1
34.5
34.6
34.1
34.2
35
34.3
34.4
34.7
34.6
35.1
34.8
34.9
35.6
34.4
34.6
34.8
35
35
35.7
35.3
34.9
35.7
34.7
34.5
34.6
33.8
33.2
34.1
33.8
33.9
34.1
33.8
33.8
33.9
33.8
34.2
33.8
33.2
33.5
33.8
33.7
33.8
33.6
33.5
34.5
33.6
34
34.3
33.8
32.8
33.1
33.2
33.3
34.4
33.8
33.5
33.5
33.8
34.4
33.8
33.6
  )
}
transform { function = none }
regression { aictest = (td easter) }
automdl {}
x11 { mode = add save = (d10 d11) }
