series {
  title = "ces_hours 10420"
  start = 2007.1
  period = 12
  data = (
35.1
33.9
35.2
35.6
36.1
35.5
36
35.8
36
35.5
35.2
34.7
34.2
34.7
34.5
35.2
35
34.6
34.1
35.4
35.6
35.5
35.2
34.5
34.4
35
34.9
34.5
34.8
34.8
34.9
35.3
35.4
35.7
36
35.4
35.6
35.2
35.1
35.1
35.2
35
35
35.2
34.8
35.3
35
34.2
35.2
34.5
34.3
34.8
35.5
35.4
35.6
35.2
35.6
35.9
35.2
34.8
35.1
34.8
35.2
36
35.9
35.4
35.7
35
35.8
35.5
35.5
35.1
34.5
34.6
35
35
34.9
35.5
34.6
35
35.1
34.8
34.8
35.3
34.1
34.9
35
34.8
34.7
35.3
35.1
35
35.3
35.2
35.5
35.2
34.4
34.9
34.9
34.3
34.7
34.5
34.4
34.9
34.3
34.8
35
34.9
34.5
34.4
34.3
34.4
34.8
34.9
34.8
34.7
35
35
34.3
34.4
  )
}
transform { function = log }
regression { aictest = (td easter) }
automdl {}
x11 { mode = add save = (d10 d11) }
