series {
  title = "ces_hours 16220"
  start = 2007.1
  period = 12
  data = (
36.4
37.9
36.5
36.8
37
37.3
38.4
38
37.6
36.8
36.2
37.4
36.7
36.7
37.4
36.8
37.1
38.3
38.2
38.4
37.9
37.7
37.9
36.7
36
36.6
36.2
36.4
36.3
37.4
36.5
37.4
36.3
37.2
37.9
37.1
36.6
36.8
36.7
36.2
36.3
36.9
36.6
37.5
36.6
37.6
37.6
37.5
38.3
37.9
37.8
38.2
37.9
38.6
38.3
38.8
38.2
39.3
38.2
38.3
39.6
39
38.3
39.7
39.7
40.3
40.2
39
40.3
40
40.3
40.4
38.7
39
38.8
36.9
37.9
38.8
37.5
37.6
37.8
37.2
37.5
37.9
37
38.1
37.4
37.4
36.7
38.2
37.6
38.3
37.6
38
37.5
37.5
36.9
38.2
37.9
37.5
37.3
37.6
37.5
38.7
37.4
37.9
38.6
37.4
37.2
36.7
36.7
36.7
36.8
36.7
37.2
37.4
37.2
38
36.5
36
  )
}
transform { function = log }
regression { aictest = (td easter) }
automdl {}
x11 { mode = add save = (d10 d11) }
