series {
  title = "ces_hours 33700"
  start = 2007.1
  period = 12
  data = (
33.5
34
33.6
33.8
33.3
33.2
34.5
33.7
34.3
33
33
33.7
33.3
33.4
34.2
33.9
34.8
34.3
34.3
34.9
35.7
35
35.5
34.9
34.2
34
34.3
34.4
34.6
34.4
33.9
34.1
34.4
34.3
34
33.6
33.4
32.7
33.6
33.3
34.4
33.5
31.8
34
34.8
34.7
33.7
34.3
33.2
32.5
32.5
32.6
33.4
33.1
33.8
34.1
34.5
34.4
33.6
34.5
34.3
34
33.9
34.1
32.6
32.6
33.2
33.2
33.7
33.4
33.3
34.6
33.2
33.4
32.8
32.8
33
33.8
33.5
34.3
34.9
33.4
33.3
33.9
33.1
34.3
34
34.5
34.1
34.2
33.7
34.3
34.6
34.1
34.9
33.9
33.3
34
34
33
33.3
33.5
33.4
34.1
33.4
33.6
33.8
33.8
33.1
33
32.9
33.4
33.7
33.7
33.8
33.6
34.4
34.5
33.1
32.6
  )
}
transform { function = none }
regression { aictest = (td easter) }
automdl {}
x11 { mode = add save = (d10 d11) }
