series {
  title = "ces_hours 35300"
  start = 2007.1
  period = 12
  data = (
32.8
32.5
32.7
33
32.7
32.9
32.9
33.2
33
32.8
33.1
32.8
34.3
34.8
34.2
34.4
34.7
32.4
34.3
32.4
32.3
34.4
33.4
32.8
33.4
33.3
32.6
31.8
32.7
32.3
32.9
32.6
33.1
32.9
32.9
32.7
33.3
31.9
32.4
32.6
32.6
32.8
32.7
33.2
32.5
32.7
33
33.1
32.5
33
33.2
32.8
33
33.5
33.2
33.5
33.8
33.7
33.5
33.5
33.4
33.2
33.5
33.4
33.4
33.6
33.6
33.5
34
33.5
33.4
33.5
32.5
32.4
33.5
33.8
33.4
33.7
34
34
34.3
33.8
34.2
34.4
33.9
33.7
34.5
35.3
35
34.7
34.6
34.4
34.6
34.7
34.6
34.1
33.6
33.4
33.4
33.4
33.2
33
33.3
33.7
32.9
33.3
32.9
32.7
32.7
32.8
33
33.1
33.5
32.9
33.1
32.9
32.9
32.6
32.5
32.3
  )
}
transform { function = none }
regression { aictest = (td easter) }
automdl {}
x11 { mode = add save = (d10 d11) }
