series {
  title = "ces_hours 48864"
  start = 2007.1
  period = 12
  data = (
34.3
33.9
34.2
34.4
34.5
35
35.3
35.5
35.5
35.9
36.7
35.1
34
34.3
35.2
34.8
33.7
34.6
34.2
33.9
33.6
33.4
33.6
33.3
33
33.2
33.2
32.9
33.5
33.8
33.8
34
33.4
33.1
32.8
33.1
32.9
31.8
32.9
32.8
33.5
33.2
33.2
33.6
33
33
33.2
33.4
33.4
33.3
33
33
33.4
33.3
33.7
33.8
33.7
33.8
33.5
33.6
33.4
32.8
33.3
33
32.9
32.7
33.3
33.2
33.2
33.1
33
33.4
32
32.6
32.9
32.3
32.6
33.1
32.4
32.6
32.8
32.3
32.7
32.7
31.5
31.6
32.4
32.3
32.2
32.4
32.4
33
32.4
32.6
33.2
33.7
32.6
33
33
33.2
33.3
33.3
33.3
33.7
33.4
33
32.7
33.6
33.1
33
33.4
33.2
33
33.3
33.5
33.1
33
33.3
32.7
32.8
  )
}
transform { function = none }
regression { aictest = (td easter) }
automdl {}
x11 { mode = add save = (d10 d11) }
