series {
  title = "ces_hours 42220"
  start = 2007.1
  period = 12
  data = (
31.4
31.7
31.4
31.5
33
34
34.5
33.5
34
35
34
33.5
32.5
32.4
33.1
32.5
32.6
33.8
33.3
33.3
33.1
32.6
32.8
31.8
31.9
32
32.2
31.7
31.6
32.3
32.2
32.7
32.3
32.5
33.1
32
32
32.1
32.8
33.1
33.9
33.4
33.2
33.8
33.5
33.8
33.6
33
33.1
33.4
33
33.1
33.6
33.1
33.5
33
33.1
33.6
32.9
32.5
32.7
31.7
31.3
32
31.9
32
32.9
31.8
32.8
32.5
31.8
32.8
31.4
31.8
31.6
31.9
32.4
33.6
32.2
32.8
33.1
32.7
32.3
32.9
31.1
32
32.5
32.2
32.9
33.6
33.3
33.4
33
33
33.4
32.2
33.3
33.6
34.1
33.6
33.7
33.7
33.5
34.4
33
33.6
33.4
32.6
33
33.2
33.1
33.4
34.2
33.8
33.5
33.7
33.4
33.7
33.3
33
  )
}
transform { function = log }
regression { aictest = (td easter) }
automdl {}
x11 { mode = add save = (d10 d11) }
