series {
  title = "ces_hours 25500"
  start = 2007.1
  period = 12
  data = (
36.3
34.3
35.3
35.1
34.7
36.2
36.6
35.5
35.7
35.9
35.6
35.8
35.6
36.4
36.8
36.7
36.9
37.4
37.3
37.6
38.8
37.7
37.2
37.2
35.8
36.1
36.1
35.2
35.5
33.7
34.9
34.3
34.5
33.8
33.4
33.3
34.3
33.5
35.3
35.6
34.5
34.9
35
34.7
34.3
33.6
33.8
33.5
33.6
34.5
33.7
34
33.9
34.3
34.9
34.3
34.6
34.7
34.2
34.8
34.3
34.2
35.4
35.7
35.1
34.9
35.9
35.6
35.5
34.9
33.6
33.9
34.5
33.6
33.8
34.5
35.2
36
37.3
36.7
39
37.1
37.6
36.9
36.8
34.6
35.9
36.1
35.8
35.4
35.6
35.6
35.6
34.9
35.2
35.8
36.1
34.8
34.9
35
35.5
34.9
35
35.6
35.9
35.8
36.3
37.5
37
35.9
35.7
35.4
33.7
34.4
33.8
33.4
34
34
34.5
34.4
  )
}
transform { function = log }
regression { aictest = (td easter) }
automdl {}
x11 { mode = add save = (d10 d11) }
