series {
  title = "ces_hours 17860"
  start = 2007.1
  period = 12
  data = (
32.1
31.8
31.5
32.3
32.1
32.3
32.1
32.5
32.5
33.1
33.8
32
32.6
32.8
32.9
32.3
32.6
33.3
32.7
32.6
33.5
32.9
33.4
34
33.6
34.5
35.1
34.5
35.2
34.8
34.7
35.3
35.3
35
36
36.4
35.8
35.7
35.7
34.9
34.2
34.7
33.7
34.3
33.5
33.4
33.5
32.9
34.3
34.2
33
32.9
33.2
34.5
34.4
34.7
34.2
33.1
32.5
32.7
32.4
31.6
31.8
31.9
31.9
32.5
33.1
32.5
33.3
32.2
33.1
33.3
33.9
32.6
33.2
32.4
33.3
35.1
34.7
35.3
33.8
33.6
33.5
33.7
34.5
33.4
34.1
33.7
33.2
33.7
33.6
33.2
32.6
32.6
31.8
31.6
32.3
32.7
32.3
31.5
31.3
32.1
32.1
33.7
32.1
32.1
31.9
31
31.7
31.2
31.3
30.8
32.7
32.8
32.3
33
31.9
32.1
31.1
30.1
  )
}
transform { function = log }
regression { aictest = (td easter) }
automdl {}
x11 { mode = add save = (d10 d11) }
