series {
  title = "ces_hours 21820"
  start = 2007.1
  period = 12
  data = (
36.3
34.1
34.4
34.9
34.3
36.1
36.4
37.8
38.5
37.4
34.4
33.4
32.8
31.6
33.2
31.6
33.6
33.5
33.8
34
33
33
31.3
32.2
30.7
33
31.6
31.8
31.5
33.5
32.6
33.7
32.8
33.7
31
30.5
29
31.7
31.6
30.9
33.1
33.2
38.7
35.1
34.7
35.5
34.7
35.6
36.8
35.3
36.2
35.9
37.1
37.6
38.9
38.3
38.7
39
37.1
36.3
36.9
36.5
36.7
36.9
37.6
39.2
39.3
38.5
38.9
37.6
37.4
36
34.4
35
34
34.1
33.8
36
35.5
35.3
35.8
35.1
34.1
35.1
33.7
35.3
35.3
35.3
35.5
37.5
37.8
37.6
37.1
35.6
34.8
34.2
33.8
34.4
34.6
35.5
35.5
37.4
37
36.9
35.4
35
34.5
34.8
33.7
34.1
34.4
34.3
34.5
36
35.9
35.9
35
35.9
34.6
34
  )
}
transform { function = none }
regression { aictest = (td easter) }
automdl {}
x11 { mode = add save = (d10 d11) }
