series {
  title = "ces_hours 27180"
  start = 2007.1
  period = 12
  data = (
34.4
33.7
34
35.4
34.8
35.2
33.7
34.6
34.6
35.2
34.8
35.2
34.4
35.4
36.7
36.1
36
36.5
35.7
36.5
36.9
37
37.2
37.9
37.3
36.7
37
37.4
37.1
37.7
37.3
37.7
37.1
37
36.5
37.1
36.5
36.2
37.2
37.3
36.7
36.8
36.4
36.7
36.5
36.4
36
36
36
36
36.2
36.2
37.3
36.8
37.4
37.6
37.4
37.8
38
36.9
36.5
35.3
35.9
36.7
36
36.7
37.2
37.3
37.1
36.5
36.8
37.8
37
37.4
37.2
37
37
37.4
36.5
36.4
37.3
36.5
36.3
36.6
35.1
35.2
35.8
35.4
34.9
36
35.7
35.7
35.6
35.5
36.8
35.9
34.1
33.4
34.4
33.6
33.6
34.2
34.4
33.8
33.2
33.8
34.3
34.9
34.4
34
35.2
35.5
36
35.1
35.2
35.5
35.2
36
36.3
35.7
  )
}
transform { function = none }
regression { aictest = (td easter) }
automdl {}
x11 { mode = add save = (d10 d11) }
