series {
  title = "ces_hours 14540"
  start = 2007.1
  period = 12
  data = (
37.4
37.7
36.9
36.9
37.2
37.3
37
36.7
35.8
34.5
33.7
35
34.6
34.1
35.2
34.1
35
34.9
34.4
34.9
34.7
34.9
33.9
34.3
33.2
33.1
34
33.5
33.4
33.7
33.1
32.8
33.1
33.1
33.9
32.8
33.6
33.3
33.3
33.6
33.9
33.4
33.6
33.7
32.7
33.2
33.9
33.3
32.1
31.9
33.1
33.3
33.6
34
34.3
35.2
34.3
35.1
34.5
33
34.2
34.8
34.6
34.4
35.1
35
34.9
35.3
35.7
35.2
35.1
35.2
36
36.3
36.1
35.5
35.9
36.1
36.3
36
35.3
35.8
35.9
36.5
35.9
36.1
35.9
36.4
36.4
36.7
36.2
35.6
35.3
35.2
36.1
35.5
35.5
35.2
36.9
36.1
36.3
37.3
37.2
38
36.1
36.8
36.5
36.5
35.1
35.9
36.5
36.3
36.5
36.9
37
36.4
36.4
36.6
37.1
37.4
  )
}
transform { function = none }
regression { aictest = (td easter) }
automdl {}
x11 { mode = add save = (d10 d11) }
