series {
  title = "ces_hours 29420"
  start = 2007.1
  period = 12
  data = (
32.6
31.7
32.5
32.6
33.1
32.7
33.3
32.5
31.9
31.8
31.4
31.9
31.4
30.8
32.5
32.7
32.8
33.3
31.8
32.7
30.7
30.8
32.2
31.1
31.2
31.3
32.2
32
31.8
32.7
32.5
32.5
32.3
32.2
32.2
33
33.2
33.2
33.6
33.2
33.8
33.2
33
33.7
33.1
33.1
33.1
33.4
33.9
34.1
34.2
34.5
34.8
33.2
34.3
34.4
34.6
35.9
35.6
35.2
36
35.9
36.4
36
35.9
35.1
34.9
34.7
35.9
35.3
35.5
35.4
35.7
36.5
36
35.8
36.1
36.7
37.2
35.6
35.4
35.3
35.1
35.5
34.1
34.4
34.1
34.9
34.8
35.1
34.9
34.3
34
34.5
34.8
34.1
34.7
34.9
35.3
34.8
33.8
32.8
33.3
34
34.1
34.9
35
34.5
34.3
35.3
34.7
34.4
33.7
33.8
32.8
33.5
32.8
32.4
32.7
32
  )
}
transform { function = log }
regression { aictest = (td easter) }
automdl {}
x11 { mode = add save = (d10 d11) }
