series {
  title = "ces_hours 49620"
  start = 2007.1
  period = 12
  data = (
35
33.1
34.8
35.9
36.4
36.8
36.6
36.2
36.4
36.1
36.5
36.8
35.3
35.1
35.5
35.2
35
35.9
35.2
34.9
34.9
34.6
34.9
34.1
34
34.6
34.4
34
34.7
34.5
34.9
35.1
34.7
34.7
34.9
34.9
34.2
32
35
34.8
35.1
34.8
34.9
35.1
34.9
34.8
35.1
35
34.6
34.7
34.4
34.4
34.5
34.7
33.9
33.6
33.9
33.6
33.3
33
32.7
32.5
32.2
32
31.8
31.7
31.6
31.3
31.7
31.3
31.5
31.8
31.3
31.6
32.2
32.4
32.3
32.6
32.9
32.6
33.3
32.4
32.8
32.8
32.6
31.4
33
33.3
33.9
33.9
34.1
33.7
34
34
34.4
34.1
33.6
34.1
35.1
35.1
35.7
36
35.7
36.3
35.9
35.8
35.9
35.8
35.5
35.1
35.8
35.8
36.4
36.4
36.1
36.6
36.4
36.7
36.2
36.5
  )
}
transform { function = none }
regression { aictest = (td easter) }
automdl {}
x11 { mode = add save = (d10 d11) }
