series {
  title = "ces_hours 30020"
  start = 2007.1
  period = 12
  data = (
36
32.2
33.3
31.4
30.6
31.7
30.3
31
30.9
33.2
32.2
30.6
29.7
30.4
31.5
31.7
31.8
33.2
32.9
33
31.1
31.7
33.4
32.1
30.2
30.8
30.7
29.4
29.2
30.7
30.8
31.7
30.4
30.6
30.9
29.8
30
30
31.2
31.1
31.2
31.8
32.5
32.8
32.2
33.1
33.2
32.2
32.9
31.6
30.7
31.4
33.6
31.2
31.4
32
31.2
32.2
31.7
32
32.7
32.4
33.6
33.2
33
32.9
32.8
31.5
31.5
30.8
30.6
31.2
30.5
30
32.4
31.3
30.8
33.2
31.4
32.4
32.8
32
33
32.8
32.8
31.8
32.3
30.7
30.6
30.7
30.8
29.2
29.5
29.7
29.4
30.3
30.7
30.7
32
32.4
31.7
32.5
33.2
32.7
31.8
33.1
33.5
33.7
33
34.4
34.3
34.2
34.6
34.1
35.2
34.3
34.6
35.3
33.9
33.4
  )
}
transform { function = none }
regression { aictest = (td easter) }
automdl {}
x11 { mode = add save = (d10 d11) }
