series {
  title = "ces_hours 36220"
  start = 2007.1
  period = 12
  data = (
36.6
36.4
34.7
34.7
35.7
35.8
34
34.6
34.8
32.6
32.8
34.8
34.4
34.4
34.7
34
34.2
35.8
34.1
34.1
32.8
34.4
33
32.1
32.6
31.5
29.9
30
29.9
30.8
29.8
30.4
29.1
29.3
29.8
30.2
30.9
30.7
32.5
33
33
33.5
34.9
35.9
35.4
35.4
35.4
36.9
36.7
37
35.4
38
37.7
38.8
39.6
40.1
40.8
41.5
40.3
39.4
38.9
40.4
40.4
41.4
38.4
41.1
41.9
41.7
39.9
40.7
41.5
41.4
39.7
42.9
43.2
42.5
43
43.9
42.8
42.2
42.6
43.5
43.6
42
42.1
41.7
41.9
43
43.6
44.5
42.9
43.3
42.2
43.3
44.9
43.2
42.2
42.6
41.9
40
39.9
41
40.1
41.3
37.9
39.2
41.8
41
39.6
38.4
39.8
40.9
40.5
39.4
39.6
40.3
39.2
40.5
38.6
39.4
  )
}
transform { function = log }
regression { aictest = (td easter) }
automdl {}
x11 { mode = add save = (d10 d11) }
