series {
  title = "ces_hours 19660"
  start = 2007.1
  period = 12
  data = (
36.1
35.5
35.3
36.3
35.8
35.6
36
35.5
35.8
34.5
35.2
35.2
34.7
34.6
34.7
35.8
34.6
35.1
34.7
33.8
34
35
35.1
35
35.5
35.9
36.5
35.5
34.8
34.9
34.6
34.6
34.5
34.2
34.6
34.7
35.2
35.1
35.4
35.2
34.7
34.4
35
35
33.9
34
34.1
34.2
34.3
34.6
35.1
34.9
34.6
34.6
34.4
34.4
34.2
34.9
34.8
33.8
34.2
34.2
34.4
33.9
34.1
34
34.2
33.2
33.2
33.1
32.9
32.3
32.1
32.3
32.7
32.7
32.1
32.3
32
32.5
32.9
32.6
32.6
33
32.5
32.8
32.7
32.9
32
32
31.8
32.6
32.8
32.8
33.5
33
32.6
33.4
34
33.2
33.3
33.6
33.3
32.9
32.3
32.9
33.7
34.2
33.8
33.9
34.1
34.1
33.7
33.7
33.7
33.8
33.5
33.1
33.2
33.4
  )
}
transform { function = none }
regression { aictest = (td easter) }
automdl {}
x11 { mode = add save = (d10 d11) }
