series {
  title = "ces_hours 46520"
  start = 2007.1
  period = 12
  data = (
32.9
33
32.4
33.5
32.4
32.8
33.7
32.9
33.7
32.4
32.4
33.2
33.1
33.3
33.9
33.4
32.8
33.7
33
32.9
32.7
32.7
33.2
32.2
32.7
33.8
33.4
32.9
32.8
32.8
32.9
33
32.3
32.3
32.8
32.3
32.3
32.4
32.2
32.3
33.6
32.6
32.8
33.6
32.4
32.5
32.6
33.2
33.9
33.2
32.8
33.2
34
33.4
33.1
33
33.2
33.3
32
32.1
33.5
33.1
33
33.6
33.5
33.1
33.1
32.7
33.2
33.1
33.2
33.6
32.5
32.7
32.7
32.9
32.8
33.9
33.2
32.9
33.9
33.6
33.2
34.3
33.7
34.7
34.7
33.8
33.5
34.5
33.9
34
33.9
33.5
34.5
34
33.6
34.5
34.4
33.2
33.2
33.1
33.5
34.5
33.1
33.2
34
33.5
33.4
33.3
33.2
33.3
34.3
33
33.5
33.3
33
34.3
32.7
33.2
  )
}
transform { function = none }
regression { aictest = (td easter) }
automdl {}
x11 { mode = add save = (d10 d11) }
