series {
  title = "ces_hours 33140"
  start = 2007.1
  period = 12
  data = (
32.5
31.8
32
31.5
31.8
33.5
33.4
32.6
32
32.1
31.5
32.8
30.5
30.4
30.1
30
31.7
33
32.2
33
32
31.6
31.4
30.5
30.1
30.8
30
29.5
30.5
30
30.2
30.2
30.2
30.3
30.7
31.4
31.1
31.9
31.8
31
30.5
30.8
31
31.5
30.8
30.7
31.1
30.6
31.3
32.4
32.3
34.1
33
33.6
33.8
33.7
32.3
32.5
32.9
33.5
32
33.8
33.5
33.5
33.8
33.6
33.8
34
33.2
32.4
32.2
32.2
32.3
33.4
33.6
32.5
34
33.7
33
32.6
34.2
33.1
33.1
33.2
31.7
34
34.4
31.9
33.1
32.9
32.8
32.9
32.8
33
32.3
32.4
33
31.9
32.4
32.8
33.9
34
33.7
34.5
33
32.7
31.5
31.8
31
30
30.4
30.3
30.7
30.6
30.6
32.6
30
33.6
33.9
32.9
  )
}
transform { function = none }
regression { aictest = (td easter) }
automdl {}
x11 { mode = add save = (d10 d11) }
