series {
  title = "ces_hours 41180"
  start = 2007.1
  period = 12
  data = (
34.2
34
34.9
35.2
34.5
35
35
34.8
35.6
35.3
34.8
35.7
35
34.7
35.5
35.1
35.1
35.9
35
35.3
35.2
35.5
34.9
34.3
33.4
34.3
34.2
33.6
34.1
34.2
35
35.5
35.1
34.9
35.3
34.8
34.7
34.7
35.1
35.3
35.2
34.9
34.9
35.3
34.9
34.8
34.3
34.5
34.5
34.1
34.3
34.4
34.9
34.9
34.6
34.7
35
35.5
34.6
35
34.7
34.6
34.9
35.3
34.9
35.1
35.5
35.1
35.9
35.5
35.4
35.9
34.8
35.1
35
34.8
34.9
35.8
34.9
35.2
35.8
35.1
34.9
35.4
34.3
35
35.2
35
34.9
35.3
35.1
34.9
34.4
34.2
35.1
35
34.5
35
34.9
35
34.8
34.8
34.8
35.4
34.4
34.9
34.5
34.5
33.9
33.9
34
34.5
34.1
34
34.1
33.9
34.1
34.6
33.7
33.9
  )
}
transform { function = none }
regression { aictest = (td easter) }
automdl {}
x11 { mode = add save = (d10 d11) }
