series {
  title = "ces_hours 29740"
  start = 2007.1
  period = 12
  data = (
33.1
32.7
32.3
33
32.6
34.1
34.9
34
33.5
33.3
33.1
33.2
32.9
32
33.3
32.3
32.7
33.6
32.1
32.7
31.6
34.1
34.7
33.8
34.3
32.8
33.3
33.5
33.8
33.3
33.5
35.4
33.8
33.9
35.8
35.2
34.8
34
34.7
34.7
35.3
34.7
34.3
34.7
34.5
32.8
35.4
35.9
35.7
34.9
35.3
35
35.9
35.1
35.7
36.3
36.1
35.5
36
35.6
35.7
35.7
36
35.7
35.4
35.5
35.6
36
35.6
34.7
34.2
34.1
33.5
33.7
33.2
33.4
33.7
34
33.3
33.6
34.2
34.3
33.5
33.8
33.1
33.3
33.5
33.1
33.1
33.6
33.1
33.1
33.1
33.2
33.1
33.9
32.9
32.9
33.3
33
33.1
33.8
32.8
33.5
32.4
33
33.7
33.5
32.8
33.5
33.3
33.3
33.9
33.5
33
33
32.8
33.2
32.8
32.5
  )
}
transform { function = none }
regression { aictest = (td easter) }
automdl {}
x11 { mode = add save = (d10 d11) }
