series {
  title = "ces_hours 17780"
  start = 2007.1
  period = 12
  data = (
33.5
34
35
33.5
34.1
33.9
33.3
33.4
34.2
34.3
33.5
33.5
33.9
33.4
34.5
35.8
34.6
34.4
32.9
34.6
32.6
34.5
33.5
31.5
33.4
34
35.9
34.5
34.5
35.7
35.8
35.9
33.9
34.3
34.4
32.4
34.4
34.3
34.6
35.5
33.2
35.2
36.6
38.6
36.6
36.6
36.6
37.4
39.6
37.6
36.6
38.1
37.4
36.8
37.2
36.7
35.1
36.3
34.7
35.3
35.5
34.2
33
33.6
33.6
34.9
34
35.1
34.9
33.5
33.8
34.5
34
34.4
33.6
34.5
35.4
36.8
35.9
35.4
35.4
35.5
35.8
35.2
35.5
35.7
36.3
36.2
38
38.1
35.9
37.3
37.8
36.6
37.3
37.7
38.3
39
35.9
37.3
36.6
36.9
37.6
38.8
35.6
35.8
35.9
34.5
34.5
33.7
34.1
35.2
35.2
35
35.1
35.4
34.6
35.2
34.3
31.1
  )
}
transform { function = log }
regression { aictest = (td easter) }
automdl {}
x11 { mode = add save = (d10 d11) }
