series {
  title = "ces_hours 32900"
  start = 2007.1
  period = 12
  data = (
35.5
38.9
38.7
36.6
37
37.8
37.2
37.4
37.7
36.6
36.8
36.2
33.7
34.1
34.7
35.2
36.6
36.7
36.4
35.7
34.6
35.7
36.8
33.4
33.4
34.3
33.2
31.9
34.3
33.4
33.5
34
33.2
35.3
36.2
36.1
35.4
35.4
36.4
36.2
36.1
35.5
35.3
35.8
35.2
35.9
36.2
31.9
31.6
31.7
32.2
31.5
33
32.5
32.4
32.2
34.9
34.5
30.8
31.3
31.7
31.3
31.3
32.7
32.4
33.2
34.5
33.2
34
33.7
33.1
34.1
33.2
33.3
33.9
33.3
33.6
34.9
34.7
34.1
34.5
34.2
33.6
34.6
32.2
34.1
33.7
32.8
32
31.6
32.4
32.8
32.5
33.7
33.8
32
32.4
32.8
33.5
33.2
33.1
33.8
33.3
33.3
32.7
31.6
32.9
32.2
32.2
32.6
33.3
33.4
33.6
33
33
33.4
32.2
32.9
33.8
33.1
  )
}
transform { function = none }
regression { aictest = (td easter) }
automdl {}
x11 { mode = add save = (d10 d11) }
