series {
  title = "ces_hours 26300"
  start = 2007.1
  period = 12
  data = (
29.3
30.4
31.7
31.4
30.8
31.2
32.1
32.8
31.9
32.7
32.6
32.5
30.3
28.8
30.2
31.4
30.9
31.8
32.4
31.7
32.5
31.9
33.3
33.5
32.2
32.1
33.9
33.5
33.8
34.3
34.2
34.4
33
33.5
34.1
34
34.3
33.9
35.5
35.1
35.1
35.1
34.8
35
35
34.5
34.3
34.2
32.6
31.2
33.2
33.4
31.9
32.9
32.9
32.4
33.7
34.1
33.4
33.3
33.1
31.4
32.2
31.6
31.6
31.5
30.8
31
29.7
29.9
30.1
30
30
29.7
30.2
30.1
29.9
30.7
30.7
31.3
30.8
30.3
29.9
29.8
29.8
30.5
31.4
31.3
31
31.4
31.4
31.6
30.9
31.5
31.6
31.8
31.4
31.2
32.2
33.3
32.8
33.3
33.4
33.5
33.1
32.4
33
32.5
33
34
33
33.9
33.2
32.3
33.5
33.1
32.3
33.4
32.4
32.4
  )
}
transform { function = log }
regression { aictest = (td easter) }
automdl {}
x11 { mode = add save = (d10 d11) }
