series {
  title = "ces_hours 43580"
  start = 2007.1
  period = 12
  data = (
30.5
32.9
33.3
34
34
33.8
32.5
32.3
32.6
33.6
34.1
34.6
32.9
33.1
33.2
33.7
35.2
34.4
34
33.9
34.3
34.2
34
33.9
33.5
34
33.4
32.7
32.4
32.3
32
32.4
32.2
32.1
33.2
32.8
32.3
33
31.6
32.8
32.9
32.9
32.8
33.8
33.1
33.1
33.6
33.7
32.8
33
33.3
33.4
33.7
33.9
32.9
32.9
33.5
34.2
33
34.2
33.5
33.4
33.8
33.8
33.9
33.6
34.2
33.3
34.6
33.8
33.6
34.1
33.6
34.1
34
33.9
34.5
34.4
34.3
34.5
34.6
34.8
34.9
34.4
33.3
34
33.1
33.3
33.4
33.8
32.6
33.2
33
33.8
33.8
33.4
32.7
32.8
33.1
33.1
32.4
33.1
34.3
34.1
32.4
33.1
33.6
32.8
32.5
31.7
31.8
32.8
32.9
32.7
32.8
32.3
32.1
32.4
32.2
32.4
  )
}
transform { function = log }
regression { aictest = (td easter) }
automdl {}
x11 { mode = add save = (d10 d11) }
