series {
  title = "ces_hours 19804"
  start = 2007.1
  period = 12
  data = (
40.3
40.3
40.6
40.2
40.4
41
41
41
40.8
40.4
40.7
40.7
39.6
39.5
39.6
39.4
39
38.9
38.3
38.2
38.1
37.8
36.8
37.3
36.1
36.3
36.1
35.7
36
36.7
36.4
36.7
36.4
36.4
36.2
36.3
36
35.7
35.8
35.9
35.9
36.1
36
36.5
36.1
36.4
36.3
36.7
36.2
35.8
35.9
36
36.5
35.9
35.7
35.9
36
36.3
36.1
36.1
35.8
36
36
36.5
36.4
36.4
36.3
36.4
36.9
36.2
36.6
36.7
35.9
36.2
36.3
36
36.5
37.1
36.5
37
37.2
36.8
36.8
37.3
36
36.4
36.1
35.7
35.5
35.9
35.6
35.7
36.1
35.6
35.9
35.8
35.3
35.4
35.5
35
35.2
35.4
35.1
35.6
35.4
35.4
35.7
36
35.4
35.4
35.1
35.2
35.5
35.5
35.4
35.7
36.1
36.4
35.7
35.5
  )
}
transform { function = log }
regression { aictest = (td easter) }
automdl {}
x11 { mode = add save = (d10 d11) }
