series {
  title = "ces_hours 26620"
  start = 2007.1
  period = 12
  data = (
37.4
37.6
37.6
37.4
37.6
37.7
37.6
37.7
37.7
37.7
37.7
37.8
37.5
37.6
37.1
37.2
37.1
37.8
36.8
37.7
37.1
36.8
36
35.8
35.7
35.6
35.7
35.6
35.7
35.8
35.7
35.8
35.7
35.8
35.9
35.9
35.8
35.9
36
36
36.2
36
35.9
36
36.1
36.2
36.3
36.4
36.3
36.4
36.5
36.1
36.2
36.3
36.4
36.4
36.1
35.9
35.6
35.9
34.7
35.6
35.9
36
35.9
36.1
36
36.6
36.8
36.4
36.6
36.5
35.4
36
36
35.9
36.1
36.4
36
36.2
36.7
36.2
36.4
36.4
35.2
35.2
36
35.5
35.7
35.9
35.6
35.2
35.2
34.9
35.4
35.2
34.4
35.3
35.2
35.2
35.3
35.7
35.2
36.3
35.4
35.9
36.3
35.2
35.2
35.5
35.3
35.3
35.5
35.3
35.5
35.8
35.6
35.8
35.7
35.5
  )
}
transform { function = log }
regression { aictest = (td easter) }
automdl {}
x11 { mode = add save = (d10 d11) }
