series {
  title = "ces_hours 31420"
  start = 2007.1
  period = 12
  data = (
37.4
38.4
38.1
38.2
38.3
38.5
38.2
38.8
37.4
37.1
37.3
37.4
36.4
36.9
37.7
37.8
38.9
39.2
39.2
39.3
39.6
39.5
39.9
39.6
39.9
40.2
40.2
40.2
40.7
39.9
39.9
39.9
40.3
41.1
40.7
41.8
40.7
39.9
40.2
40
40.3
39.7
39.4
39.8
39.7
39.9
39.7
39.6
38.2
39.3
39
38.7
38.9
38.1
38.3
38.1
38.1
38
37.7
37
37.3
37
37.9
37.3
37.5
37.5
38
37.7
38.7
38
38.4
39.1
39.1
39.7
39.5
38.8
38.5
39.1
38.6
38.9
38.9
38.7
39.4
39.8
39
38.5
39.3
38.4
37.9
38.6
37.8
37.5
37.9
37
37.8
37.4
38.1
37.8
38.5
37.8
37.6
37.4
37.9
38
36.8
36.2
37.2
36.7
36.2
36.3
36.2
35.6
36.7
36.2
35.4
36.2
35.6
35.9
35.8
35.4
  )
}
transform { function = log }
regression { aictest = (td easter) }
automdl {}
x11 { mode = add save = (d10 d11) }
