series {
  title = "ces_hours 12540"
  start = 2007.1
  period = 12
  data = (
36.7
36.8
37
38.3
38.3
38.1
38.9
39
39.1
37.6
38.1
38.8
37.9
38.6
38.3
37.9
38.4
39.2
38.9
39.7
39.8
39.8
40.6
39.5
39.2
38.5
38.7
38.2
38.2
37.7
37.1
38.4
37.2
37.2
39.5
38.7
37.8
38.4
38.4
37.9
38.6
37.9
37.9
38.2
37.9
38
37.7
38.2
38.4
37.8
38
38.4
38.3
37.9
37.9
38
38
38.7
37.9
38.7
38.3
37.4
37.6
36.7
36.7
37.2
37.4
37.5
37.8
37.2
37
38.3
37.4
37.5
38.1
38
37.7
38.3
37.8
37.8
38.5
37.4
37.1
38.1
36.2
37
37.2
36.4
36.4
37.4
36.3
36.5
35.9
35.9
36.1
35
34.5
35.5
35.3
34.5
34.7
35.2
35.7
36.2
36.1
35.9
36.6
36.3
36
36.3
36.1
36.5
36.7
36.4
36.7
36.2
36.7
37.4
36.7
36.8
  )
}
transform { function = none }
regression { aictest = (td easter) }
automdl {}
x11 { mode = add save = (d10 d11) }
