series {
  title = "ces_hours 29100"
  start = 2007.1
  period = 12
  data = (
32.1
32.7
33.3
34.5
33.5
34.1
34.6
34.9
34.4
33.6
33
32.8
34.9
34.4
35.1
35.2
35
36.2
35.8
36.3
35.7
34.7
36.8
35.5
33.1
35.2
33.5
33.5
33.2
33.5
32.9
33
33.2
33.2
34
33.6
33.9
35.3
34.7
34.3
35.1
34.8
34.8
34.8
34.3
34.2
34.9
33.7
34
33.2
33.9
33.6
33.7
34.3
34.4
34.1
33.4
33.2
32.2
32.3
33.9
32.9
32.6
33
32.8
34.1
35.1
34
35.2
33.9
34.2
34.4
34.2
34
34.1
33.8
33.5
33.8
33.4
33.5
33.1
32.6
32
33
32.5
29.7
30.1
30.4
31.5
32.1
32.1
31.7
31.5
31.3
31.8
32.3
31.6
33
32.9
33
33.8
34.4
34.5
34.7
33.7
32.8
33.3
32.1
32.6
31.9
31.9
32
31.9
32.7
32.9
32.7
32
32.4
32
31.9
  )
}
transform { function = none }
regression { aictest = (td easter) }
automdl {}
x11 { mode = add save = (d10 d11) }
