series {
  title = "ces_hours 36084"
  start = 2007.1
  period = 12
  data = (
33.3
33.3
33.8
34.2
33.8
34.4
34.6
34
34.6
33.9
33.7
33.5
32.6
32.9
33.3
32.9
32.8
33.7
32.8
33.3
33.6
33.6
33.6
32.5
32.8
32.6
32.8
32.5
32.6
32.4
32.9
33.6
33.5
33.7
34.6
33.8
33.9
34.2
34
33.8
34.1
33.8
33.5
34
33.1
33.2
33.5
33.5
34.1
33.5
33.4
33.9
34.5
33.5
33.7
34
33.9
34.6
33.9
34.1
33.9
33.5
33.5
33.9
33.7
33.9
34.9
35.2
36.1
35.3
35.3
36.6
34.9
35.4
35.4
35.4
35.4
36.6
35.5
35.6
36.3
35.5
35.2
36.2
34.6
35.5
35.4
34.8
35.1
35.8
35.1
35.2
35
35.1
35.7
35.1
35.1
35.8
36.3
35.2
35.3
35.5
35.3
36.1
34.9
35
35.9
35.3
34.8
34.7
34.6
34.5
35.3
34.9
34.9
34.9
34.7
35
34.4
34.4
  )
}
transform { function = log }
regression { aictest = (td easter) }
automdl {}
x11 { mode = add save = (d10 d11) }
