series {
  title = "ces_hours 43100"
  start = 2007.1
  period = 12
  data = (
32.1
33.2
32.7
32.9
32.5
31.4
32.6
32.4
34.6
33
33.3
34
34.4
34.5
33
33.3
32.6
32.4
32.5
30.9
32.7
31.1
29.5
28.2
26
26.8
28.6
28.9
29.5
29.3
35.1
34.6
34.3
35.2
35.7
34.9
34
33.1
35
34.9
34.4
34.3
34.7
34.7
34.7
34
34.7
33.9
35.1
35.4
37.1
37.4
37.6
37.2
37.3
36.6
37.2
36.1
36
36.1
35.6
35.7
37.4
37.1
35.9
36.2
38.2
37.1
37
37.2
36.7
37.1
37.5
37.8
37.1
37.3
36.1
36.4
36.6
36.3
36.7
36.6
37.1
36.7
36.1
36.2
36.3
35.9
35.7
35.7
36.1
36
36.5
36.6
35.9
36.4
36.8
36.2
35.7
35.1
36.3
36.2
35.8
36.2
35.7
35.6
36.3
36.2
35
34.5
35.4
36
35.2
35.5
35.2
35.7
35.9
35.9
35.6
34.9
  )
}
transform { function = none }
regression { aictest = (td easter) }
automdl {}
x11 { mode = add save = (d10 d11) }
