series {
  title = "ces_hours 43900"
  start = 2007.1
  period = 12
  data = (
40.6
41.6
41.9
41
41.4
41.2
41.1
39.9
41.4
40.5
41.2
41.1
39.8
40.7
41.3
40.8
40.2
42.4
40
39.3
39.8
38.9
39.1
39.1
37.7
37.7
38.6
37.2
38.5
37.8
37.7
38.4
37.8
39.5
40.1
39.4
36.8
35.8
36.7
37.5
37.5
37.9
36.9
36.9
36.2
35.8
35.8
36.6
34.1
36.2
36.4
36.9
36.8
37
37.2
37.1
37
37.1
36.7
36.6
35.7
36.1
35.9
35
34.8
36.4
35.5
36.3
35.8
35.5
35.1
36.6
35.6
35.7
35.6
35.9
36
37.1
35.9
36.7
37.3
36.6
36.4
36.7
36.2
33.5
36.4
36
37.8
37.6
37.5
37
36.7
36.3
37.2
37
36.7
36.4
36.9
37.3
37.4
37.2
37.1
36.8
36
35.5
36.5
36
35.7
35.6
36
36.8
37.1
36.4
33.4
34.8
36.1
35.9
35.5
35.3
  )
}
transform { function = none }
regression { aictest = (td easter) }
automdl {}
x11 { mode = add save = (d10 d11) }
