series {
  title = "ces_hours 15180"
  start = 2007.1
  period = 12
  data = (
42.2
44.5
44.7
43.3
43.6
41.7
41.7
43.2
43.3
42.4
41.1
42.3
40.3
40.3
39.8
39.6
38.1
40.1
39.3
41
39
39.8
41.4
40
39.4
38.3
37.8
37.1
37.7
38.1
37.1
38.2
36.3
36.7
35.8
36.1
37
36
36.3
35.8
36.6
36.8
36.5
37.9
36.5
36.5
35.9
35.3
36.5
37
37.6
36.5
37.2
36.8
36.2
36.9
36
36.1
34.8
35.9
37.2
36.8
37.8
38.9
37.6
38.3
36.8
35.2
37.1
37.5
37
37.5
36.7
37.3
36.8
36.3
36.5
37.3
36.7
37.1
38.6
36.5
37.1
36.5
36.2
36.1
36.3
35.5
35.4
38
37.4
36.2
35.4
35.8
35.1
34.9
34.3
35.5
34.7
33.8
33.5
34.1
34.6
35.4
33.7
33.7
34.8
33.6
34.1
34.1
33.4
33
33.4
34.1
34.2
33.5
33.7
34.5
32.8
33.2
  )
}
transform { function = none }
regression { aictest = (td easter) }
automdl {}
x11 { mode = add save = (d10 d11) }
