series {
  title = "ces_hours 24860"
  start = 2007.1
  period = 12
  data = (
35.7
36.3
35.9
36.2
35
34.9
35.6
36
36.3
35.3
35.6
36.9
36.2
35.9
37.7
36.6
36.7
36.3
36.6
35.9
35.3
34.4
34.7
34.1
34.3
33.9
33.6
33.6
34
34.3
34.1
34.3
33.4
33.9
34.2
34.4
34.1
34
34.8
35
34.6
35.3
35.4
35.9
35.3
36.1
36
35.6
34.1
35.4
35.4
35.7
35.8
35.7
35.4
35.5
34.8
35
34.7
35
35.1
35.1
35
35.3
35.3
35.4
35.6
35
35.9
35.4
35.4
35.5
34.5
34.9
35.1
35
35.3
35
34.2
34.8
35.3
35.1
35.1
35.7
35
33.1
36.3
36.4
36.3
36.6
35.8
36.3
35.7
35.5
36
35.9
35.3
35.4
35.8
35.3
35.6
35.4
35.3
35.6
34.3
35.1
35.2
35.1
34.2
34.8
34.9
35
35
35
34.6
34.6
34.9
34.7
34.5
34.9
  )
}
transform { function = log }
regression { aictest = (td easter) }
automdl {}
x11 { mode = add save = (d10 d11) }
