series {
  title = "ces_hours 40660"
  start = 2007.1
  period = 12
  data = (
33.7
33.7
33.2
34
35
35.2
33.8
35.4
34.9
36.1
37.2
36.2
33.9
34.7
34.9
32.5
35.6
36.6
35.9
35.3
36.2
35.3
34.9
36.9
32.3
34.8
34.1
35.3
35.2
36.5
36.6
38.1
37.1
36
37.7
35.6
35.7
35.1
35.1
36.2
36.1
36.6
35.5
36.1
35.5
35.5
35.5
35.8
34.1
34.5
34
32.7
33.3
33.9
33.7
34.7
34.3
34.5
34.6
36.3
36.5
33.8
35.8
34.2
34.4
35.3
35
33.8
33
34.8
32.7
33.1
34.1
33.5
34.7
34.5
35.6
37.6
35.7
37.1
38.4
37.7
37.9
37.7
37.9
36
39.8
39
39.8
39.4
39.1
39
39.2
38.2
38.3
37.8
36.9
37.1
36.8
36.1
38.3
38.3
38.2
38.1
36.9
39
39.7
38
36.8
36.9
37.2
36.6
38.6
38.4
38
37.7
38.3
37.9
37.5
37.2
  )
}
transform { function = log }
regression { aictest = (td easter) }
automdl {}
x11 { mode = add save = (d10 d11) }
