series {
  title = "ces_hours 20220"
  start = 2007.1
  period = 12
  data = (
33.5
33.4
32.8
31.8
32.1
32.6
33
32.2
32.6
32.2
33.6
33.2
32.2
32.1
32.8
31
31.6
32.1
31.6
31.5
31.4
31.5
31.4
30
29.9
30.4
30.5
29.9
30.8
31.3
30.9
32.3
31.8
32.1
32.6
30.9
31.5
30.5
30.5
30.8
31.1
31.2
31.6
31.5
31.7
32
32.8
31.9
31.1
30.3
30.5
30.9
31.2
32.2
31.1
31.2
31.8
31.8
31.2
30.7
31.3
30.6
30.8
31.9
31.7
32.5
33.2
32.4
33
33
32.9
32.4
30.7
31.2
31.5
31.8
32.4
33.8
32.8
32.5
33.7
33.4
33.1
34.2
32.4
33.1
33.7
33.2
33.3
34.9
34
33.7
33
33.7
33.6
33.2
32.9
33.4
33.2
33.8
33.5
33.5
33.8
34.2
33.8
34.6
33.9
34
33
32.7
33.1
33.5
34.2
33.7
34.3
34.8
34.6
35.2
35.7
35.3
  )
}
transform { function = log }
regression { aictest = (td easter) }
automdl {}
x11 { mode = add save = (d10 d11) }
