series {
  title = "ces_hours 28740"
  start = 2007.1
  period = 12
  data = (
31.7
31
31.1
32.1
32.5
32.3
32.1
32.3
32.8
32.7
32.6
32.1
33.1
32.7
32.7
33
32.4
33.5
33.3
33.9
33.2
32.8
32.7
32
31.8
31.7
32
31.9
31.8
31.8
31.7
31.8
31.4
32
31.7
32.1
32.2
31.9
32.6
32.5
31.9
31.9
32.5
32.2
32.3
32.5
32.8
32.8
32
31.9
32.5
32.3
33.3
33.5
32.3
32.7
32.8
32.2
32.4
31.9
32.3
32.4
32.2
32.7
33
33.2
32.6
33.2
33
32.7
31.9
32.8
32.2
32.2
31.7
31.7
32.4
31.9
31.4
32.1
31.3
30.6
31
30.2
29.3
29.4
30
29.9
29.7
29.9
30.1
31.3
31.5
31.6
31.3
31.5
31.8
32.5
32.1
32.2
32.4
32.4
33.4
33.5
33.9
34.1
34.5
34.4
34.4
35
35
35.4
35.4
35.6
35.4
35.6
34.4
34.6
34.2
34.1
  )
}
transform { function = log }
regression { aictest = (td easter) }
automdl {}
x11 { mode = add save = (d10 d11) }
