series {
  title = "ces_hours 34580"
  start = 2007.1
  period = 12
  data = (
31.6
34.1
34.3
34.7
36
35.4
38.4
36
36.1
33.9
32.2
33.8
31.3
31.5
31.9
31.1
30.9
31.6
30.8
32
30.9
31.5
32
30
30.2
30.9
30.5
30
29.9
30.2
30.3
31
30.8
30.9
30.7
30.3
30.3
31
29.8
30.1
31.7
30.4
30.7
31.4
30.7
30.5
29.6
30.7
31.5
30.3
30.9
31.9
33.3
32.5
33.3
34.3
34
34.5
32.2
33.1
32.9
32.9
33.4
34.9
33.9
34.3
35.2
34.7
35.5
34.8
34.2
35.6
34
34.4
34.3
34.5
34
34.9
34.3
34.4
34.1
32.8
33.7
34.7
33.3
34.6
34.1
34.3
33.4
33.2
33.5
33.5
33.9
34.8
35.7
35.6
33.8
35.2
34.9
34.2
33.8
33.5
33.2
34.6
33.8
33.9
34.5
33.9
33.5
33.5
33.2
33.2
34.6
33.1
34.2
33.2
32.5
33.6
32.9
33.7
  )
}
transform { function = none }
regression { aictest = (td easter) }
automdl {}
x11 { mode = add save = (d10 d11) }
