series {
  title = "ces_hours 37340"
  start = 2007.1
  period = 12
  data = (
37.1
37.3
37.2
36.4
34.8
36.9
37.2
36.8
36.3
36.1
35.8
36.9
36.3
36
37.2
36.7
36
36.1
35.7
35.8
35.5
35.5
34.4
35.2
34.2
34.1
34.1
33.2
34.8
34.7
34.5
34.8
34.5
34.5
34.6
34.8
34.8
35.1
35.3
35.6
35.7
35.3
35.6
35.2
34.8
34.7
34.2
34
33.8
34
33.9
33.6
33.4
33.1
33.6
32.9
32.7
33.3
33.5
33.2
33.5
33.6
33.8
33.1
33.6
33.4
33.8
34.3
34
34.1
34.3
34.8
34.6
34.5
35.1
34.4
34
34.2
34.7
35.2
35.1
34.7
34.8
35.1
34.7
34.5
34.6
34.1
33.9
33.6
33.1
33.5
32.9
32.4
33.2
32.5
32.5
32.5
32.7
32.5
32.6
32.4
32.9
32.9
32.6
32.4
32.7
33
32.2
32.7
32.7
32.7
33.1
33.3
33.9
33.9
34
33.6
34.6
34.7
  )
}
transform { function = none }
regression { aictest = (td easter) }
automdl {}
x11 { mode = add save = (d10 d11) }
