series {
  title = "ces_hours 21300"
  start = 2007.1
  period = 12
  data = (
30.5
31.8
31.4
30.4
30.7
29.4
28.4
27.6
29.3
28.5
28.3
30.5
31.7
31.5
31.5
30.9
30
30.5
29
27.7
29.1
29.4
29.2
28.9
29.1
29.5
29.3
28.8
28.7
28.4
28.5
28.2
28.7
28.2
28.4
28.5
28.3
28.7
29.4
29.8
29.6
29.4
30.8
29.3
30.1
31.2
30.6
30.4
30.4
30.8
29.6
30.6
31.1
32.7
32.9
32.9
32.7
33.3
33.4
32.9
34
33.9
33.5
33.7
34.1
34.6
34
33.9
34.6
34.2
34
33.6
33.8
33.5
32.9
33.7
33.8
33.1
33.8
33.3
34.3
33.8
33.9
34.5
34.8
34.2
33.8
34.6
32.9
34.2
34.4
33.7
35.3
34.4
34.4
34.7
33.3
34.8
34.3
33.7
33.8
33.7
34.4
34.8
33.9
34.8
34.3
34.3
33.7
33.3
33.2
33.1
33.8
32.7
33.5
33.8
34.6
33.7
33.4
33.4
  )
}
transform { function = log }
regression { aictest = (td easter) }
automdl {}
x11 { mode = add save = (d10 d11) }
