series {
  title = "ces_hours 30780"
  start = 2007.1
  period = 12
  data = (
32.7
33
32.7
35.1
35.1
35.4
33.8
34.3
34.6
34.1
34.6
34.9
34.5
35
35.4
36.1
35.4
36.5
35.6
35.9
36.4
35.8
36.3
35.9
36.1
37
36
36.2
36.2
36.7
36.5
37.4
36
36.2
36.6
36.2
35.7
34.7
36
36
36.6
36.2
36.3
37
35.9
36.3
35.7
36.1
35.2
34.2
36.2
35.9
36.5
35.9
35.8
35.7
35.7
37.3
36
35.8
35.8
34.6
35.5
36.2
35.9
35.7
36.4
36
35.9
35.3
35.5
35.7
34.7
35.1
35.8
35.7
36
36.7
35.5
36.1
36.4
35
34.9
35.5
34.8
35.5
35.6
35.3
34.9
35.9
34.8
35.5
35.3
35.3
35.1
35
34.4
34.9
34.1
34.6
34.7
34.8
34.7
35.3
34.3
34.7
34.5
34.5
34.2
34.1
33.6
34.1
34.5
34.6
35.1
34.6
34.7
35
34.5
34.7
  )
}
transform { function = none }
regression { aictest = (td easter) }
automdl {}
x11 { mode = add save = (d10 d11) }
