series {
  title = "ces_hours 31084"
  start = 2007.1
  period = 12
  data = (
35.3
35.5
35.7
36.1
35.9
35.6
34.5
34.5
35
34.1
34.3
35.3
34.4
34.8
35.6
35.1
35.2
35.8
35.2
35.4
35.3
35.4
35.8
35.3
34.7
35.3
35.1
34.4
35.2
34.6
34.5
34.4
33.6
33.8
34.7
34.4
34.2
34.2
34.4
34.5
35.3
34.7
34.9
35.7
34.7
35.1
34.8
35.2
35.7
34.7
34.8
35
35.6
35.2
35
35
34.9
35.5
34.6
34.8
35.4
34.8
34.6
35
34.6
34.7
35.2
34.4
35.1
34.3
34.2
35
34.1
34.4
34.5
34.7
34.7
35.5
34.7
34.9
35.5
34.9
34.8
35.9
34.7
35.7
35.7
35
35.1
35.8
35.1
35.3
35.1
35.1
35.9
35
34.9
35.8
36
35.2
35.2
35.3
35.2
36.1
35.1
35.2
35.7
35.3
35
35.2
35
35.2
35.6
35.1
35.2
35.2
34.9
35.5
34.7
34.8
  )
}
transform { function = log }
regression { aictest = (td easter) }
automdl {}
x11 { mode = add save = (d10 d11) }
