series {
  title = "ces_hours 30860"
  start = 2007.1
  period = 12
  data = (
30.3
31.5
31.3
31.7
32
31.7
32.5
32.4
31.8
31.6
30.7
31
29.7
29.5
30.1
29.6
31.6
31.5
30.6
31.6
30.3
29.7
30
30.1
28.9
29.3
28.8
28.2
29.7
30.1
30.6
31.5
28.4
31
31.5
30.3
30.7
31.1
30.2
29.7
31.2
31.7
31.1
32.1
30.3
31
31.2
32.2
31.5
31.5
31.6
31.2
32.1
31.7
32.2
32.2
31
31.3
31.3
31.2
30.6
30.1
30.4
31.1
31
30.8
31.6
30.8
31.7
30.5
30.1
31.1
29.8
30.5
30.4
30.5
30.9
32.2
30.3
31.2
31.4
30.9
31.2
31.5
30.6
32
32.5
31.4
32.2
32.7
31.7
32.4
32.2
31.4
33.1
31.4
31.5
32.3
32.2
31.9
31.3
31.9
31.9
31.8
30.5
30.6
31.2
30.3
30.6
30.8
30.6
31.1
31.9
32.1
31.8
31.3
31.8
32.1
31.7
32.2
  )
}
transform { function = none }
regression { aictest = (td easter) }
automdl {}
x11 { mode = add save = (d10 d11) }
