series {
  title = "ces_hours 22380"
  start = 2007.1
  period = 12
  data = (
32.8
32.9
33.8
34.7
33.9
33.4
33.4
33.5
33.3
33.2
32.5
32.3
31.3
31.7
32
31.3
30.4
31.3
30.4
30.9
31.8
32.3
31.8
30.9
30.9
30.4
29.5
28.7
27.9
28.7
29.5
30.3
30.1
30
29.2
28.5
28.1
28.9
29.1
29.2
29.7
29.9
29.2
29.6
28.9
29.5
30.3
30
30.6
30
30.8
32.9
31.7
33.1
33.2
34
34.2
33.5
30.3
29.3
29.2
28.2
30.1
30.9
31.3
32.2
32.9
33.3
32.1
31.5
31
32.1
32.5
32.2
32.1
32
32.1
33.3
32.7
32.5
32
32
31
31.2
29.9
30.5
32
30.2
30.9
32.2
31.7
31.5
31.6
31.8
31.3
30.8
31.6
31.9
31.2
31.1
31.6
31.6
31.2
31.2
30.5
30.1
28.8
28.2
27.8
28.3
29.7
30.1
29.7
30.8
31.5
31.1
30
30.8
29.2
28.9
  )
}
transform { function = log }
regression { aictest = (td easter) }
automdl {}
x11 { mode = add save = (d10 d11) }
