series {
  title = "ces_hours 33740"
  start = 2007.1
  period = 12
  data = (
36.4
37.2
37.1
36.9
37.1
37.4
36.4
36.7
36.2
36.1
35.9
36.3
35.8
36.5
37.2
38.1
38.1
37.5
37.2
37.9
37.8
37.6
37.4
36.4
35.7
35.7
36
34.4
34.4
35
35.3
35.6
34.3
35.4
34.5
34.7
33.8
34
34.5
34.7
34.3
34.1
34.8
34.4
33.8
35.1
35
35.4
34.3
34.6
34.6
33.2
33.4
33.7
33.1
33.1
32.3
33.5
33.4
34.2
33.5
33.1
34.1
35.1
34.3
35.1
34.4
35.3
35.8
35.9
36.6
36.2
35.1
36.3
36.6
34.7
35.9
35.6
34.9
35.6
36.4
35.8
34.8
35.2
34.3
34.4
35.6
35.7
35.1
35.8
36.5
35.8
36.3
35.5
36.9
35.8
35.4
36.1
35
35.8
35.4
35.2
35.2
35.6
34.6
34.2
35.1
35.6
34.3
34.4
33
35.2
36.7
36.3
36.8
36.4
36.4
37.5
36.1
36.4
  )
}
transform { function = none }
regression { aictest = (td easter) }
automdl {}
x11 { mode = add save = (d10 d11) }
