series {
  title = "ces_hours 13900"
  start = 2007.1
  period = 12
  data = (
33.6
33.4
33.2
33.5
34.1
34.9
34.8
34.6
35.2
34.8
34.1
34.2
33.2
33.4
34.1
34.3
34.4
35.1
34.1
34.1
34.3
33.8
33.5
33.3
32.8
33.2
32.5
32.5
33.5
34.5
34.4
34.5
33.6
33.7
33.6
33
31.4
31.4
32.7
32
33.3
32.8
33.3
33.9
33.3
33.6
33.3
32.8
33
32.9
33.4
33.5
34.1
34.4
35.3
35.7
35.1
35.4
34.4
34.1
33.7
33.7
34.3
35
35.4
35.9
35.5
34.9
35.8
35.5
34.5
34.8
34
34.4
33.9
34.3
34.2
35.7
35.2
35.6
35.6
34.6
34.4
35.1
33.8
34.1
34
34.7
34.8
36
34.8
35.2
35
34.2
34.4
34.1
33.2
34.4
34.6
35
35.2
35
34.5
34.7
34.1
34
33.5
33.4
32.4
33.1
33.2
34.2
35.2
34.3
34.7
34.3
34.2
34.3
33.7
33
  )
}
transform { function = none }
regression { aictest = (td easter) }
automdl {}
x11 { mode = add save = (d10 d11) }
