series {
  title = "ces_hours 39150"
  start = 2007.1
  period = 12
  data = (
31.9
32.1
31.2
31.2
32
31.1
31.2
30.3
31.2
32
31.1
30.6
29.9
30.3
30.9
30.7
30.4
31.7
31.2
30.5
30.2
30.3
31
29.2
28.4
28.5
29.3
29.9
30.3
31.2
32.1
33
32.1
31.5
32.1
31.2
30.6
30.7
30.4
31
31.1
31.4
31.7
32.5
31.9
31.9
31.9
31.3
31
31
31.8
30.9
32.6
32.8
31.7
32.2
31.5
31.2
31
31
31.5
31.7
30.8
31.5
32.3
32
31.9
32.6
32.5
32.2
32.2
33.3
33.6
33.1
33.9
33.4
34.3
34.8
33.9
33.1
33.6
33.1
32.3
33.1
31.8
32.6
33.5
32.1
32.6
33
31.7
31.4
31
30.7
30.8
30.2
30.3
32.6
31.9
31.8
32.2
32.5
32.1
33
32.1
32.5
32.8
32.4
32.3
32.6
32.5
32.7
32.5
32.1
32.4
31.5
32
32.4
32
31.2
  )
}
transform { function = log }
regression { aictest = (td easter) }
automdl {}
x11 { mode = add save = (d10 d11) }
