series {
  title = "ces_hours 17300"
  start = 2007.1
  period = 12
  data = (
36.1
36.2
34.8
35.6
35.8
34.1
35.2
35.1
35.6
34.8
35
35
36.6
35.1
36
35.6
35.4
38
36.5
36.4
36.2
35.6
36.4
36.1
35.9
35.4
36.1
35.5
35.2
34.5
34.6
35.4
35.4
35.4
35.9
35.8
35.1
35.8
35.9
36.3
36.3
36.1
36.5
36.2
36.6
36.2
36.2
36.9
35.5
35.3
36.9
36.5
36.7
36.9
36.1
35.4
34.5
34.9
34.4
36.4
35.8
35.4
34.6
34.9
34.4
34.5
34.4
33.4
34.8
34.2
34.4
34.5
33.9
33.3
33.3
33.1
33
33.5
32.8
33.1
33
32.7
32.4
33.7
32.8
34.9
35.1
34
34
33.8
33.8
33.7
34.1
33.8
34.4
33.9
34.1
34.1
35.7
36.1
36.7
36.2
36.4
36.9
35.3
36.1
36.1
37.2
36.5
36.4
36.9
37.1
37.4
36.5
36.3
37.1
37.2
37.7
36.4
37.1
  )
}
transform { function = log }
regression { aictest = (td easter) }
automdl {}
x11 { mode = add save = (d10 d11) }
