series {
  title = "ces_hours 41660"
  start = 2007.1
  period = 12
  data = (
30.7
31.4
32
31.5
32.4
32.4
33.2
33.1
33.9
33.8
33.8
34.8
31.8
31.3
32.1
32.4
31.8
32.7
32.6
32.8
33.6
34.1
34.1
33.9
35.6
33.7
33.8
33.1
33.7
35.1
34.7
35.6
35.1
34.7
35.7
34.3
34.6
34.8
33.3
33.6
34.9
33.2
33.3
35.1
34.5
34.5
34.5
35.6
36.2
34.2
35.7
38.6
39.2
39
38.7
40.3
41.6
40.6
41.4
41.2
42.6
37.3
37.2
38.3
39.8
38.7
40
40.8
39.8
41
39.4
41.4
39.8
38
39.2
37.8
39.6
37.4
37.3
36.6
37.1
36.8
35.9
36.6
35.5
33.3
35.7
35.1
34.2
35.4
36.8
38.2
38.7
38.9
38.1
38.6
36
38.5
38.1
35.5
36.2
36.3
35.2
37.7
36.1
36.7
37.6
37.3
36
36.8
36.3
37.2
35.7
36.1
36.8
36.1
35.8
36.7
35.4
36.1
  )
}
transform { function = log }
regression { aictest = (td easter) }
automdl {}
x11 { mode = add save = (d10 d11) }
