series {
  title = "ces_hours 23580"
  start = 2007.1
  period = 12
  data = (
39.8
39.5
39.3
38.9
39.6
40.2
40
41.1
40.2
39.8
40.6
38.7
35.1
36.4
36.6
36.4
36.3
36.6
35.3
37.1
37.6
37.2
37.8
38.1
37.4
37.6
38
37
37.3
36.3
36.5
36.4
36.2
37
38
36.2
35.3
35.9
37.6
37.8
37.8
37.6
37.7
37.7
37.3
37.3
37.8
37.4
36.3
36.4
36.3
36.3
37.2
36.6
37.1
37.5
36.8
37
36.2
36.3
37.4
36.1
36.3
35.4
36.4
36.4
37.2
36.9
39.6
39.6
38.1
38.6
38.3
37.3
37.7
38
37.1
37.9
37.6
38.5
38.5
37.4
37.5
37.5
37.7
35.6
39.7
38.4
38.7
39.1
38.2
38.2
38.5
37.8
37.9
36.8
35.5
36
36.5
35.6
35.5
35.6
36.6
36.3
35.3
37
37.5
38.5
37.2
37.2
37.5
37.6
37.5
37.5
38.1
38.1
39
39.5
38.5
38.7
  )
}
transform { function = log }
regression { aictest = (td easter) }
automdl {}
x11 { mode = add save = (d10 d11) }
