series {
  title = "ces_hours 21140"
  start = 2007.1
  period = 12
  data = (
36.7
35.6
37.4
37.2
37.7
38.1
36.8
37.8
37.6
37
36.9
36.4
36.6
36.1
37.1
36.9
36.7
36.2
34.2
35.9
34.9
35.8
35.6
34.6
33.9
33.9
34.6
34.9
35.6
35.8
35.7
36.3
35.2
35.6
35.7
36.3
37.4
37.6
38.1
38.4
37.9
38.8
38.7
36.5
35.8
35.5
36
35.1
35.2
35.2
35.7
35.4
35.8
35.6
35.7
36.5
36.3
36.7
36.6
36.6
37
37.2
37.8
37.8
37.8
38.8
37.8
37.4
37.2
37.1
37
36.3
36.6
36.8
37.8
38.1
37.2
37.4
35.9
36.1
35.8
36.9
37.1
38.1
36.3
36.9
37.3
36.9
38.5
37.7
35.7
36.9
36.3
36.3
37.1
37.5
37.2
36.9
37.6
36.9
35.2
35.8
35.9
36.2
35.5
35.9
36.3
36.6
36.7
35.5
35.6
35.8
35.8
36.1
36.7
37
37.1
37.2
36.6
35.3
  )
}
transform { function = log }
regression { aictest = (td easter) }
automdl {}
x11 { mode = add save = (d10 d11) }
