series {
  title = "ces_hours 38860"
  start = 2007.1
  period = 12
  data = (
34.4
34.5
34.4
34.4
35
34.9
35.2
35.2
34.7
34.8
35.1
35.5
35.3
35.1
35.4
35.3
35.4
35.4
35.2
35.4
34.6
33.7
32.8
33.5
32.4
33
32.4
32.6
32.7
32.5
33.3
33.1
32.1
32.3
31.6
32.8
32.1
32.4
32.1
32.5
33.3
33.2
33.7
34.1
33.6
34
33
34.4
33
32.9
32.7
32.9
33.3
33.6
34.2
34.3
34
34
33.3
34.9
34.3
34.3
34.4
34.9
34.5
34.4
35
34.8
35.1
34.7
34.5
35.2
34.2
34.3
34.4
34.6
34.6
34.7
35
35.1
34.4
34.1
34
34.4
33.5
34.3
33.9
33.8
33.7
33.5
34
34.1
34.1
33.6
34.2
34.1
34.1
34.4
34.4
34.2
34.3
34.2
34.5
34.6
34.2
34
34.1
34.1
33.9
33.6
33.9
34
34
33.8
34.1
34.1
33.7
34.3
33.9
33.9
  )
}
transform { function = log }
regression { aictest = (td easter) }
automdl {}
x11 { mode = add save = (d10 d11) }
