series {
  title = "ces_hours 44700"
  start = 2007.1
  period = 12
  data = (
34.9
34.6
35.4
35.5
35.5
36.1
37
36.4
37.8
37.1
36.2
35.6
34.7
35.2
35.8
35.3
35
37
37.1
36.8
36.2
36.5
36.9
36.2
35.1
35.3
35.7
34.8
35.2
34.7
34.4
35.1
34.7
35.5
35.4
34.6
34.3
34.1
34.7
34.8
35.7
34.8
34.7
35.6
35
35.4
34.7
35
35.3
34.2
34.5
35.3
35.8
34.9
35.9
35.1
35.6
36.5
35.7
36.4
36.5
35.5
35.9
36.8
36.3
36.2
37.5
36.9
36.9
36.3
36.3
37.2
35.4
35.6
36
35.9
36.3
37.7
37.1
37.2
37.9
37.2
36.6
36.7
35.3
36.2
36.5
36.1
35.9
37.3
36.3
36.8
36.5
36.2
36.3
35.6
35.2
35.3
35.7
35.4
35.6
36
36.5
36.8
36.3
35.7
36.1
35.4
35.4
35.7
35.5
36.1
36.5
36.2
36.1
36.3
36.5
36.5
35
35.2
  )
}
transform { function = log }
regression { aictest = (td easter) }
automdl {}
x11 { mode = add save = (d10 d11) }
