series {
  title = "ces_hours 40420"
  start = 2007.1
  period = 12
  data = (
35.2
36.4
36.6
35.6
36.4
36.2
35.5
35.9
36.4
35.7
35.6
36.2
35.4
33.8
35.6
34.8
34.8
35.1
34.8
35.2
35.9
36.3
36.8
35.8
34.7
35.4
35.3
35
35.1
34.8
36
37.2
37.2
37.1
37.3
37.2
37
36.8
36.6
36.6
36.7
36.5
36.6
36.3
36.4
36.6
36.9
36.7
36.8
36.6
36.5
37.5
37.9
37.3
36.8
37.2
36.5
36.9
36.8
36.8
36.8
36.6
36.3
36.6
36.5
37.1
37.1
36.4
37.9
37.9
37.6
37.1
36.6
36.6
36
35.6
35.9
36.1
36.2
35.9
36.2
36.3
36.5
36.5
36
36.2
36.3
36.3
36.4
37
37.2
37
37
36.9
37.3
37.4
35.8
36
35.8
36.1
36
36.1
36.1
36.2
35.8
36.1
36.3
36.3
35.8
35.7
35.8
35.8
35.9
36.1
36
35.5
35.3
35.6
35.5
35.1
  )
}
transform { function = none }
regression { aictest = (td easter) }
automdl {}
x11 { mode = add save = (d10 d11) }
