series {
  title = "ces_hours 42140"
  start = 2007.1
  period = 12
  data = (
35.3
36
36.2
36.7
35.9
35.7
36.2
36.4
37.1
35.9
35.5
35.3
36.2
35.6
36.7
35.3
34.9
36.5
36.8
36.1
36.1
35.3
36.1
39.2
38.6
39.5
38.6
39.9
37.5
38.7
41.3
39
37.7
37.7
39.4
37.6
37.1
37.4
36.6
36.7
37.7
37.5
37.2
37.1
35.7
36.6
36.6
35.3
35.6
33.7
33.4
32.8
33.6
34.7
34.8
35.3
34.9
36
35.1
34.5
34.5
34.9
34.3
34.2
34
34.3
35.2
34.3
34.7
34.3
34.1
33.6
33.5
33.5
33.9
33.5
34.1
34.3
34.1
34
33.9
33.6
33.8
33
32.5
32.8
33.3
33.1
34.1
34
33.8
33.2
32.5
32.7
33.3
32.9
31.2
31.9
32.3
32.2
32.8
33
33.2
33.8
33.7
33.5
33.3
33.3
32.5
32.3
32.2
32.7
32.5
32
31.7
31.8
30.8
32.1
31.6
30.8
  )
}
transform { function = none }
regression { aictest = (td easter) }
automdl {}
x11 { mode = add save = (d10 d11) }
