series {
  title = "ces_hours 22220"
  start = 2007.1
  period = 12
  data = (
35.7
33.7
33.7
34.6
36.6
38.6
37.8
37.1
37.1
36.1
36
35.9
35.8
35.8
37
35.3
35
36.9
35.1
36.2
35.4
35.1
34.9
34
33.3
34.3
33.2
33
33.5
34.1
34.2
35.3
35.6
34.4
34.5
34.5
34
34.2
35.1
35.1
35.6
35.8
35.8
36.4
35.3
35.1
34.2
34.2
33.9
32.2
34.1
34.3
34.9
34.8
34.9
34.7
35.3
36
35.1
35.8
35.4
34.9
35.3
35.3
35.1
34.8
34.5
34.6
35.4
34.5
34.9
35
34.4
34.8
34.4
34.3
33.8
35.2
34.7
34.7
34.5
34.4
34.4
33.6
33.3
33.7
34.4
34.5
34
34.8
35.2
35.4
35
34.9
34.9
34.1
34.5
34.6
34.8
34.6
34.4
34.8
34.6
35.5
35.2
34.4
35
34.4
34.3
34.4
33.4
34
34.1
34.8
34.2
34.3
34.1
34.6
34.8
34.5
  )
}
transform { function = log }
regression { aictest = (td easter) }
automdl {}
x11 { mode = add save = (d10 d11) }
