series {
  title = "ces_hours 27260"
  start = 2007.1
  period = 12
  data = (
35.2
35.7
35.9
36.4
34.9
36.5
35.7
35.5
35.5
35
33.7
34.1
32.3
32.6
32.2
31.8
32
39.5
38.4
37.4
37.2
36.7
37.2
36.5
36.5
37.2
36.3
36.1
35
34.7
33
33.4
33.4
33.4
33.2
33.3
32.6
33.1
33.2
34
34
34.1
34.2
34.4
34
33.7
33.9
34.1
34.5
34.8
34.6
34.8
34.9
34.9
34.7
34.2
34.2
34.4
34.6
34.2
34.2
33.8
34.1
33.8
33.8
33.7
34.3
33.8
34.9
34.5
34.4
34.1
33.9
34.1
34.1
34.2
34.4
34.9
34.9
34.7
35.1
34.6
35
35
34.7
34.9
34.8
35
35.1
35.2
34.8
35
35
35.1
35.4
35.4
34.8
35
34.9
35.1
34.8
34.9
34.7
35.5
34.8
35.4
35.7
35.3
35.2
35.2
35.1
34.9
35.3
34.7
34.9
34.5
34.4
34.4
34.5
34.7
  )
}
transform { function = log }
regression { aictest = (td easter) }
automdl {}
x11 { mode = add save = (d10 d11) }
