series {
  title = "ces_hours 35084"
  start = 2007.1
  period = 12
  data = (
34
33.8
34
34.1
34.7
34.4
34.5
34.5
34.6
34.3
34.5
34.6
33.4
32.9
33.5
33.7
33.7
33.6
33.4
33.6
33.7
33.6
33.6
33.6
33.6
34.1
34.3
34
34.5
34.1
34.9
34.3
34.2
34.2
34.5
34.3
33.9
33.6
34.1
34.5
35
34.6
34.2
35
34.9
34.8
34.7
34.4
33.9
34.1
33.9
34.2
34.5
34
34.2
34.4
34.5
34.9
34.4
34.7
34.8
34.4
34.4
35
34.4
34.4
34.8
34.5
34.9
34.3
34.7
35
34.3
34.4
34.6
34.1
34.2
34.4
34
34.2
34.5
34.1
34
34.3
33.8
33.6
34.2
34
33.8
33.9
34
33.9
33.8
33.6
33.9
33.7
33.2
33.5
33.8
33.8
33.8
33.7
33.9
34.1
33.8
34
34
33.7
33.4
33.5
33.6
33.7
33.6
33.7
33.7
33.8
33.8
34.2
33.7
34.2
  )
}
transform { function = log }
regression { aictest = (td easter) }
automdl {}
x11 { mode = add save = (d10 d11) }
