series {
  title = "ces_hours 12260"
  start = 2007.1
  period = 12
  data = (
38.5
38.8
39
39
38.8
38.8
38.8
38.9
38.8
38.2
37.8
37.6
38.7
36.4
38
39.3
40.8
40
40.5
40.3
39.4
38.8
38.9
38.2
37.6
38.3
39.3
38.5
37.4
38.5
38.1
37.6
38.6
37.9
38.3
39.7
38.9
37.7
38
38.1
37.6
37.6
37.5
38.4
37.9
37.3
37.3
37.3
36.3
37.1
36.2
36.8
36.7
36.7
37.6
37.2
37.1
36.9
36.6
36.6
36
36.4
36.6
37
36.4
36
36.2
36
36.2
36.2
36
36.2
35.9
35.9
36.4
36
36.1
35.8
35.5
35.5
35.5
34.6
35.5
35.6
35.5
36.4
39.5
38.5
38
38.6
38.4
37.7
37.3
37
37.5
37.4
36.9
37.4
37.2
36.6
36.7
36.6
36.6
36.5
36
35.9
36.5
35.8
34.9
35.2
35.2
35
35
34.4
34.6
34.7
34.8
35.4
35
34.7
  )
}
transform { function = log }
regression { aictest = (td easter) }
automdl {}
x11 { mode = add save = (d10 d11) }
