series {
  title = "ces_hours 45500"
  start = 2007.1
  period = 12
  data = (
36.6
37.9
37.1
37.4
38.8
38.4
38
38.7
38.1
37.3
36.1
38.3
36.7
37.1
36.7
37.3
37.5
37.3
38.4
37.3
37.2
36.3
35.3
36.7
38.5
37
37.6
35.5
33.6
35.7
35.1
36.2
36.6
36.3
35.7
35.7
36.5
34
35.3
33.6
35.2
34
35.8
34.5
35.9
35.9
35.6
35
33.8
34.7
35.9
35.9
36.8
35.6
36.6
35.8
35.9
37
36
36.7
37.5
36.3
36.7
37.3
36.8
37.4
37.6
36.9
38.1
37.4
37
37.1
38.2
38.1
39.9
38.8
38
38.9
38.9
37.8
39.1
38
37.3
38.4
38.7
37.9
38.7
38.4
37.6
37.6
37.4
36.8
37.5
36.3
36.5
36.1
35.9
36.6
35
35.2
34
34.7
34.8
35.8
34.4
34.6
34.9
33.3
32.6
32.9
33
32.7
33.1
33.5
33.3
32.3
32.4
31.9
32.4
32.4
  )
}
transform { function = none }
regression { aictest = (td easter) }
automdl {}
x11 { mode = add save = (d10 d11) }
