series {
  title = "ces_hours 16940"
  start = 2007.1
  period = 12
  data = (
33.3
33.4
33
34.1
33.9
34.4
34.5
34.4
33.6
32.9
33.1
35.6
35.1
34.3
35
34.3
34
35.5
35.1
34.9
35.3
35.3
36.1
34.9
35.2
36.4
35.2
34.6
35.9
35.1
35.4
35.9
35.3
34.4
35.5
34.8
34.7
35.5
35
35.4
35.3
36.1
35.7
36.6
36
35.5
35.2
34.2
34.8
34.6
34.1
33.9
34.4
34.7
34.9
34.9
35
34.9
34.2
34.1
33.6
33.2
33.1
34.4
34.2
34.8
35.1
34.4
35.5
34.2
34.5
34.8
33.2
33.4
32.8
32.6
33.3
34.8
34
35
34.8
34.1
33.9
34.2
32.7
34
33.2
33.6
33.3
34.1
33.6
33.9
33.8
33.8
33.3
33
33.4
34.3
33.8
33.7
33.4
34.7
34.2
34.4
33.4
32.5
32.3
32
32
32.3
32.7
33.1
33.3
33.3
33.2
33.4
33
33.1
32.5
33.2
  )
}
transform { function = log }
regression { aictest = (td easter) }
automdl {}
x11 { mode = add save = (d10 d11) }
