series {
  title = "ces_hours 20260"
  start = 2007.1
  period = 12
  data = (
31.6
32.9
31.9
32.4
31.9
32.2
32.8
32.4
32.3
32.2
32.3
33.2
32.7
32.2
32.9
32.2
33
33
34.3
34
33.9
33
32.8
32.9
31.2
31
31.3
30.1
31.2
30.9
32.6
32.5
32.1
31.4
31
32
30.9
31.1
31.2
31.2
31.3
31.8
31.9
32
31.3
31.5
31.2
30.8
30.9
30.7
30.8
30.6
30.5
30.9
31.9
31.7
31.7
32.2
31.8
31.7
32.7
31.9
31.7
32.2
31.7
32.3
33.1
32.9
33.4
32.4
32.1
32.9
32.3
32.2
32.6
31.6
32
33
32.5
32.7
32.9
32.1
31.7
32.6
32.4
33.2
33.3
32.9
32.9
33.4
33.2
33.7
33.2
32.8
33.1
32.3
32.7
33.1
33.3
32.6
32
33.5
33.7
34.6
33.2
32.7
32.7
32.5
32.1
32
32
32.2
33
33.3
33
33.4
33.7
34.2
33.3
32.9
  )
}
transform { function = none }
regression { aictest = (td easter) }
automdl {}
x11 { mode = add save = (d10 d11) }
