series {
  title = "ces_hours 17420"
  start = 2007.1
  period = 12
  data = (
27.2
27.3
32.7
32.3
32.9
34.8
30.5
30.5
31.1
31.2
31.5
32.9
33.1
33.3
34.1
34.8
35.6
35.5
36.2
34.5
35.2
36.8
36.3
36
35.1
35.5
36.2
36.1
36.3
36.2
36
35.5
35.5
36.3
36.4
36.1
35.6
35.6
36
36.2
36.1
36.2
36.2
36.2
36.2
35.8
35.5
35.5
34.5
34.9
36
36.3
37.4
36.4
36.9
37
36.4
36.9
36.7
36.1
34.6
34.3
34.9
35.6
35.2
34.9
35.8
36
35.6
35.7
35
35.1
34.1
33.8
34.3
34.3
33.9
34.7
34.7
35.4
35.4
35.4
35.9
35.7
34.3
32.8
34.2
34
32.6
33.3
32.4
33.4
33
32.7
32.3
34.6
34.1
33.7
34.2
34.1
35.5
34.3
36.1
34.5
34.7
34.3
35.4
38.8
37.9
34.7
34.7
34.6
35.8
35.2
35.4
34.7
35
35.8
35.8
36.9
  )
}
transform { function = log }
regression { aictest = (td easter) }
automdl {}
x11 { mode = add save = (d10 d11) }
